2026-04-07 10:15:00,74.22,74.22,74.22,74.22,160
2026-04-07 10:30:00,74.3,74.3,74.3,74.3,215
2026-04-07 10:50:00,74.27,74.28,74.27,74.2799,3942
2026-04-07 11:50:00,74.17,74.17,74.17,74.17,115
2026-04-07 12:15:00,74.42,74.42,74.42,74.42,115
2026-04-07 12:30:00,74.5,74.5,74.5,74.5,1126
2026-04-07 12:40:00,74.52,74.52,74.52,74.52,100
2026-04-07 12:55:00,74.55,74.55,74.55,74.55,100
2026-04-07 15:05:00,74.22,74.22,74.21,74.2101,1365
2026-04-07 16:00:00,74.9,74.9,74.9,74.9,429
2026-04-08 09:45:00,77.11,77.11,77.11,77.11,200
2026-04-08 10:10:00,76.92,76.92,76.92,76.92,354
2026-04-08 10:25:00,76.92,76.92,76.92,76.92,2599
2026-04-08 12:30:00,76.98,77.24,76.9799,76.9799,4662
2026-04-08 12:45:00,77.07,77.07,77.07,77.07,600
2026-04-08 12:50:00,77.04,77.04,77.04,77.04,242
2026-04-08 13:05:00,77.08,77.08,77.08,77.08,600
2026-04-08 13:30:00,76.925,76.925,76.925,76.925,201
2026-04-08 15:10:00,76.78,76.78,76.78,76.78,327
2026-04-08 15:35:00,76.88,76.88,76.8,76.88,886
2026-04-09 10:25:00,76.76,76.76,76.76,76.76,3006
2026-04-09 11:05:00,76.79,76.8,76.79,76.8,201
2026-04-09 12:25:00,77.3571,77.3571,77.3571,77.3571,162
2026-04-09 12:50:00,77.4,77.4,77.4,77.4,826
2026-04-09 15:15:00,77.395,77.395,77.395,77.395,390
2026-04-09 15:30:00,77.47,77.47,77.47,77.47,711
2026-04-10 09:30:00,77.19,77.59,77.19,77.59,1280
2026-04-10 12:10:00,77.39,77.39,77.39,77.39,323
2026-04-10 12:45:00,77.24,77.24,77.24,77.24,404
2026-04-10 13:15:00,77.29,77.3,77.29,77.3,979
2026-04-10 13:30:00,77.21,77.21,77.21,77.21,332
2026-04-10 13:45:00,77.25,77.2501,77.25,77.2501,600
2026-04-10 16:00:00,77.28,77.29,77.28,77.29,808
2026-04-13 09:30:00,77.17,77.17,77.17,77.17,100
2026-04-13 11:05:00,77.34,77.34,77.34,77.34,1638
2026-04-13 13:00:00,77.68,77.68,77.68,77.68,1262
2026-04-13 13:05:00,77.65,77.65,77.65,77.65,341
2026-04-13 13:40:00,77.6209,77.6209,77.6209,77.6209,170
2026-04-13 14:05:00,77.7,77.7,77.7,77.7,139
2026-04-13 14:25:00,77.72,77.72,77.72,77.72,100
2026-04-13 15:10:00,77.74,77.74,77.74,77.74,2501
2026-04-14 09:30:00,77.97,77.97,77.97,77.97,102
2026-04-14 10:10:00,78.6211,78.6211,78.6211,78.6211,358
2026-04-14 10:25:00,78.75,78.75,78.75,78.75,3355
2026-04-14 11:35:00,78.9101,78.9101,78.9101,78.9101,160
2026-04-14 11:40:00,78.88,78.88,78.88,78.88,160
2026-04-14 13:00:00,78.91,78.91,78.91,78.91,528
2026-04-14 13:10:00,78.91,78.91,78.91,78.91,1042
2026-04-14 14:35:00,78.86,78.86,78.86,78.86,200
2026-04-15 09:30:00,78.85,78.85,78.85,78.85,706
2026-04-15 09:40:00,79.272,79.272,79.272,79.272,176
2026-04-15 10:40:00,79.4,79.4,79.4,79.4,3283
2026-04-15 10:45:00,79.36,79.3601,79.36,79.3601,224
2026-04-15 10:50:00,79.42,79.42,79.41,79.41,800
2026-04-15 12:35:00,79.415,79.415,79.415,79.415,323
2026-04-15 12:45:00,79.34,79.34,79.34,79.34,200
2026-04-15 13:10:00,79.36,79.36,79.36,79.36,1294
2026-04-15 13:15:00,79.36,79.36,79.36,79.36,100
2026-04-16 09:55:00,79.68,79.7,79.68,79.7,200
2026-04-16 10:00:00,79.61,79.66,79.61,79.66,1474
2026-04-16 10:05:00,79.69,79.69,79.49,79.49,1793
2026-04-16 10:10:00,79.75,79.75,79.7,79.7,600
2026-04-16 10:15:00,79.7,79.7,79.63,79.64,1500
2026-04-16 10:20:00,79.645,79.645,79.6,79.6,1003
2026-04-16 10:25:00,79.61,79.61,79.61,79.61,193
2026-04-16 10:30:00,79.62,79.64,79.6,79.62,2042
2026-04-16 10:45:00,79.66,79.66,79.66,79.66,100
2026-04-16 10:50:00,79.7,79.7,79.7,79.7,100
2026-04-16 10:55:00,79.67,79.68,79.67,79.68,200
2026-04-16 11:00:00,79.7,79.7,79.7,79.7,300
2026-04-16 11:05:00,79.7,79.81,79.695,79.81,900
2026-04-16 11:30:00,79.82,79.82,79.82,79.82,810
2026-04-16 12:20:00,80.0572,80.0572,80.0572,80.0572,179
2026-04-16 12:35:00,79.87,79.87,79.83,79.83,1526
2026-04-16 13:00:00,79.85,79.85,79.85,79.85,400
2026-04-16 13:15:00,79.705,79.705,79.705,79.705,218
2026-04-16 14:40:00,79.81,79.81,79.81,79.81,100
2026-04-16 14:45:00,79.82,79.82,79.81,79.81,8194
2026-04-16 15:00:00,79.8072,79.8072,79.8072,79.8072,196
2026-04-16 15:30:00,79.83,79.83,79.83,79.83,200
2026-04-17 09:30:00,80.09,80.4601,80.09,80.3001,3625
2026-04-17 09:40:00,80.61,80.61,80.61,80.61,1315
2026-04-17 10:10:00,80.795,80.795,80.795,80.795,313
2026-04-17 10:15:00,80.83,80.83,80.83,80.83,100
2026-04-17 10:20:00,80.84,80.84,80.84,80.84,100
2026-04-17 11:30:00,81.02,81.02,81.02,81.02,858
2026-04-17 11:45:00,81.02,81.02,81.02,81.02,100
2026-04-17 12:05:00,81.11,81.11,81.11,81.11,100
2026-04-17 12:25:00,81.105,81.105,81.105,81.105,458
2026-04-17 12:30:00,81.13,81.13,81.13,81.13,100
2026-04-17 13:05:00,81.13,81.13,81.13,81.13,328
2026-04-17 13:20:00,81,81,81,81,100
2026-04-17 15:10:00,80.86,80.86,80.86,80.86,200
2026-04-20 10:10:00,80.83,80.83,80.83,80.83,290
2026-04-20 10:35:00,80.73,80.73,80.73,80.73,77814
2026-04-20 10:50:00,80.62,80.62,80.62,80.62,100
2026-04-20 12:20:00,80.67,80.67,80.67,80.67,1607
2026-04-20 13:25:00,80.69,80.6901,80.69,80.6901,322
2026-04-20 14:10:00,80.67,80.67,80.66,80.66,226
2026-04-20 15:25:00,80.6912,80.6912,80.6912,80.6912,224
2026-04-21 10:15:00,81.07,81.1145,81.07,81.1145,255
2026-04-21 10:40:00,80.98,80.98,80.98,80.98,1343
2026-04-21 10:45:00,80.9,80.9,80.9,80.9,200
2026-04-21 12:45:00,80.545,80.545,80.545,80.545,1067
2026-04-21 14:30:00,80.3218,80.3218,80.3218,80.3218,190
2026-04-21 14:50:00,80.38,80.38,80.38,80.38,200
2026-04-22 10:15:00,81.04,81.04,81.04,81.04,4358
2026-04-22 11:10:00,80.91,80.91,80.91,80.91,190
2026-04-22 12:10:00,80.9,80.9,80.9,80.9,200
2026-04-22 12:35:00,80.82,80.8938,80.6547,80.8938,1688
2026-04-22 15:00:00,80.79,80.79,80.79,80.79,986
2026-04-22 15:20:00,80.88,80.9097,80.77,80.87,2090
2026-04-22 15:55:00,81.03,81.03,81.03,81.03,292
2026-04-23 09:30:00,80.54,80.54,80.54,80.54,225
2026-04-23 09:45:00,80.88,80.88,80.88,80.88,100
2026-04-23 10:10:00,80.9,80.91,80.9,80.9099,1326
2026-04-23 10:35:00,80.9,80.9,80.9,80.9,100
2026-04-23 10:45:00,80.91,80.91,80.91,80.91,231
2026-04-23 10:55:00,80.91,80.91,80.91,80.91,100
2026-04-23 11:05:00,81.07,81.07,81.07,81.07,192
2026-04-23 12:15:00,80.945,80.945,80.945,80.945,178
2026-04-23 12:20:00,80.9296,80.9296,80.9296,80.9296,800
2026-04-23 12:35:00,80.91,80.91,80.91,80.91,100
2026-04-23 12:55:00,80.965,80.965,80.92,80.92,2779
2026-04-23 13:00:00,80.87,80.88,80.87,80.88,352
2026-04-23 13:15:00,80.43,80.43,80.43,80.43,100
2026-04-23 13:25:00,80.47,80.48,80.4,80.4,474
2026-04-23 13:35:00,80.47,80.47,80.47,80.47,200
2026-04-23 13:40:00,80.03,80.0305,80.03,80.0305,400
2026-04-23 13:45:00,80.03,80.04,80.03,80.04,259
2026-04-23 14:00:00,80.35,80.35,80.35,80.35,100
2026-04-23 14:20:00,80.57,80.57,80.57,80.57,100
2026-04-23 14:35:00,80.66,80.66,80.66,80.66,100
2026-04-23 14:55:00,80.45,80.45,80.45,80.45,158
2026-04-23 15:15:00,80.55,80.55,80.55,80.55,100
2026-04-23 15:45:00,80.56,80.56,80.56,80.56,12786
2026-04-24 10:25:00,80.68,80.73,80.68,80.73,1454
2026-04-24 12:35:00,81.095,81.095,81.095,81.095,247
2026-04-24 13:00:00,81.21,81.21,81.21,81.21,200
2026-04-24 14:55:00,81.16,81.16,81.16,81.16,343
2026-04-24 15:55:00,81.22,81.22,81.22,81.22,339
2026-04-27 09:55:00,81.19,81.19,81.19,81.19,100
2026-04-27 10:10:00,81.155,81.155,81.155,81.155,182
2026-04-27 10:35:00,81.19,81.19,81.19,81.19,100
2026-04-27 12:55:00,81.19,81.2314,81.19,81.2314,290
2026-04-27 13:45:00,81.24,81.24,81.24,81.24,100
2026-04-28 09:55:00,81.02,81.02,80.98,80.98,647
2026-04-28 12:25:00,80.88,80.88,80.88,80.88,100
2026-04-28 12:40:00,80.8133,80.8133,80.8133,80.8133,156
2026-04-28 13:00:00,80.88,80.88,80.88,80.88,100
2026-04-28 13:05:00,80.78,80.78,80.78,80.78,924
2026-04-28 13:10:00,80.79,80.79,80.79,80.79,100
2026-04-28 15:10:00,81,81,80.81,80.81,905
2026-04-28 15:35:00,80.9301,80.9301,80.9301,80.9301,134
2026-04-29 10:05:00,80.96,80.97,80.96,80.9699,2363
2026-04-29 11:00:00,80.86,80.86,80.86,80.86,100
2026-04-29 12:15:00,80.8,80.8099,80.765,80.765,1200
2026-04-29 12:55:00,80.65,80.65,80.65,80.65,89424
2026-04-29 13:30:00,80.7,80.7,80.7,80.7,999
2026-04-29 16:00:00,80.84,80.84,80.84,80.84,200
2026-04-30 10:10:00,80.76,80.76,80.76,80.76,499
2026-04-30 10:20:00,80.84,80.84,80.84,80.84,1258
2026-04-30 13:05:00,81.32,81.32,81.32,81.32,100
2026-04-30 14:40:00,81.66,81.66,81.66,81.66,13467
2026-05-01 10:05:00,82.115,82.115,82.115,82.115,276
2026-05-01 10:15:00,82.17,82.17,82.17,82.17,5321
2026-05-01 10:25:00,82.1191,82.1191,82.1191,82.1191,341
2026-05-01 12:05:00,81.93,81.93,81.93,81.93,131
2026-05-01 12:45:00,81.82,81.82,81.82,81.82,600
2026-05-01 13:10:00,81.7908,81.835,81.7908,81.835,763
2026-05-01 15:00:00,81.721,81.721,81.721,81.721,100
2026-05-01 15:10:00,81.771,81.771,81.771,81.771,100
2026-05-01 15:20:00,81.791,81.791,81.791,81.791,100
2026-05-01 15:25:00,81.831,81.831,81.831,81.831,100
2026-05-01 15:35:00,81.791,81.791,81.791,81.791,199
2026-05-01 15:45:00,81.791,81.791,81.791,81.791,100
2026-05-01 15:50:00,81.691,81.701,81.691,81.701,300
2026-05-04 10:10:00,81.595,81.66,81.595,81.66,836
2026-05-04 13:10:00,81.22,81.22,81.22,81.22,164
2026-05-04 14:35:00,81.1609,81.1609,81.1609,81.1609,190
2026-05-04 15:10:00,81.175,81.175,81.175,81.175,184
2026-05-04 15:40:00,81.17,81.17,81.17,81.17,176
2026-05-05 10:50:00,81.7092,81.76,81.7092,81.76,639
2026-05-05 11:10:00,81.77,81.7701,81.59,81.6,1863
2026-05-05 11:15:00,81.77,81.77,81.77,81.77,160
2026-05-05 14:00:00,81.7703,81.7703,81.7703,81.7703,474
2026-05-05 15:10:00,81.78,81.78,81.78,81.78,200
2026-05-05 15:15:00,81.89,81.8901,81.89,81.8901,400
2026-05-06 10:15:00,82.375,82.375,82.375,82.375,271
2026-05-06 12:10:00,82.59,82.59,82.59,82.59,136
2026-05-06 12:35:00,82.545,82.545,82.545,82.545,103
2026-05-06 13:25:00,82.5116,82.5116,82.5116,82.5116,240
2026-05-07 10:15:00,82.8,82.8,82.8,82.8,6392
2026-05-07 12:10:00,82.565,82.565,82.565,82.565,290
2026-05-07 12:20:00,82.47,82.47,82.47,82.47,207
2026-05-07 12:30:00,82.605,82.6332,82.6,82.6,1069
2026-05-07 13:10:00,82.43,82.43,82.43,82.43,13195
2026-05-07 14:30:00,82.3512,82.3512,82.3512,82.3512,116
2026-05-07 15:40:00,82.29,82.29,82.29,82.29,116
2026-05-07 15:45:00,82.35,82.35,82.28,82.28,600
2026-05-07 15:50:00,82.33,82.33,82.33,82.33,100
2026-05-08 09:30:00,82.2,82.2,82.2,82.2,122
2026-05-08 10:10:00,82.685,82.73,82.685,82.7013,1139
2026-05-08 10:30:00,82.6554,82.6554,82.6554,82.6554,1003
2026-05-08 11:50:00,82.64,82.64,82.64,82.64,164
2026-05-08 12:50:00,82.665,82.665,82.665,82.665,159
2026-05-08 14:35:00,82.7252,82.7252,82.7252,82.7252,134
2026-05-08 15:55:00,82.65,82.65,82.65,82.65,600