2026-04-07 10:20:00,51.9,51.9,51.9,51.9,100
2026-04-07 11:10:00,51.9907,51.9907,51.9907,51.9907,200
2026-04-07 11:25:00,52.206,52.206,52.206,52.206,100
2026-04-07 11:30:00,52.165,52.22,52.165,52.22,200
2026-04-07 11:50:00,52.26,52.26,52.26,52.26,270
2026-04-07 12:00:00,52.44,52.44,52.44,52.44,100
2026-04-07 12:05:00,52.71,52.71,52.71,52.71,100
2026-04-07 12:40:00,52.78,52.78,52.78,52.78,100
2026-04-07 13:35:00,52.83,52.83,52.83,52.83,100
2026-04-08 09:30:00,57,57.305,56.99,57.305,2600
2026-04-08 10:00:00,56.1942,56.1942,56.1942,56.1942,100
2026-04-08 11:25:00,55.735,55.735,55.735,55.735,100
2026-04-08 11:30:00,55.73,55.73,55.73,55.73,600
2026-04-08 12:00:00,56.18,56.18,56.18,56.18,130
2026-04-08 12:05:00,56.38,56.38,56.38,56.38,100
2026-04-08 15:50:00,56.125,56.125,56.125,56.125,400
2026-04-09 09:45:00,56.16,56.16,56.16,56.16,100
2026-04-09 10:10:00,55.4,55.4,55.4,55.4,100
2026-04-09 10:15:00,55.45,55.45,55.45,55.45,124
2026-04-09 10:20:00,55.33,55.33,55.33,55.33,100
2026-04-09 11:30:00,56.265,56.265,56.265,56.265,275
2026-04-09 11:45:00,56.9,56.9,56.9,56.9,100
2026-04-09 14:00:00,57.04,57.04,57.04,57.04,100
2026-04-09 15:05:00,56.72,56.72,56.72,56.72,100
2026-04-10 09:40:00,57.15,57.15,57.15,57.15,250
2026-04-10 10:20:00,57.93,57.93,57.93,57.93,1000
2026-04-10 11:05:00,57.925,57.925,57.925,57.925,180
2026-04-10 13:00:00,57.5,57.5,57.5,57.5,100
2026-04-10 14:15:00,57.93,57.93,57.93,57.93,200
2026-04-10 14:30:00,57.67,57.67,57.67,57.67,100
2026-04-13 09:30:00,56.4,56.4,56.4,56.4,243
2026-04-13 09:35:00,55.68,55.68,55.6635,55.6635,200
2026-04-13 10:20:00,57.33,57.33,57.33,57.33,100
2026-04-13 10:50:00,58.105,58.105,58.105,58.105,371
2026-04-13 11:00:00,58.23,58.23,58.07,58.07,450
2026-04-13 11:45:00,57.81,57.81,57.81,57.81,100
2026-04-13 12:35:00,58.06,58.06,58.06,58.06,100
2026-04-13 12:45:00,58.31,58.31,58.31,58.31,100
2026-04-13 15:20:00,58.8,58.8,58.8,58.8,100
2026-04-14 09:30:00,60.57,60.57,60.57,60.57,135
2026-04-14 09:35:00,61.375,61.375,61.03,61.03,600
2026-04-14 10:00:00,61.86,61.86,61.86,61.86,500
2026-04-14 10:50:00,62.37,62.3799,62.36,62.36,300
2026-04-14 11:25:00,61.825,61.825,61.825,61.825,400
2026-04-14 12:50:00,61.935,61.935,61.935,61.935,281
2026-04-14 13:15:00,61.92,61.92,61.92,61.92,100
2026-04-14 13:30:00,61.8,61.8,61.8,61.8,100
2026-04-14 14:45:00,61.65,61.65,61.65,61.65,100
2026-04-15 09:30:00,61.69,61.69,61.69,61.69,153
2026-04-15 09:40:00,61.179,61.18,61.179,61.1799,1300
2026-04-15 10:05:00,61.06,61.06,61.06,61.06,100
2026-04-15 10:15:00,61.31,61.31,61.31,61.31,100
2026-04-15 10:45:00,61.315,61.315,61.315,61.315,100
2026-04-15 10:55:00,61.58,61.58,61.58,61.58,100
2026-04-15 11:55:00,61,61,61,61,200
2026-04-15 12:45:00,60.8,60.8,60.46,60.46,219
2026-04-15 14:00:00,60.5517,60.77,60.5517,60.76,501
2026-04-15 15:35:00,61.68,61.69,61.68,61.69,540
2026-04-15 15:50:00,62,62,62,62,100
2026-04-15 16:00:00,62,62,62,62,100
2026-04-16 09:30:00,62.71,62.71,62.71,62.71,111
2026-04-16 09:35:00,61.145,61.145,61.145,61.145,490
2026-04-16 14:50:00,61.44,61.44,61.44,61.44,100
2026-04-16 15:55:00,62.105,62.105,62.105,62.105,150
2026-04-17 09:30:00,63.43,63.43,63.17,63.17,200
2026-04-17 09:50:00,63.16,63.16,63.16,63.16,100
2026-04-17 09:55:00,63.675,63.675,63.675,63.675,316
2026-04-17 10:30:00,64,64,64,64,100
2026-04-17 11:00:00,64.22,64.22,64.22,64.22,391
2026-04-17 11:25:00,64.19,64.19,64.19,64.19,370
2026-04-17 11:45:00,64.26,64.26,64.26,64.26,245
2026-04-17 12:05:00,64.7,64.7,64.7,64.7,234
2026-04-17 12:25:00,64.69,64.69,64.69,64.69,100
2026-04-17 13:25:00,63.79,63.79,63.79,63.79,400
2026-04-17 14:00:00,64.4799,64.4799,64.4799,64.4799,100
2026-04-17 14:15:00,64.34,64.46,64.34,64.46,250
2026-04-17 14:45:00,63.95,64.1265,63.95,64.0659,2696
2026-04-17 15:35:00,64.085,64.085,64.085,64.085,312
2026-04-17 15:50:00,63.8,64.25,63.8,64.25,240
2026-04-17 16:00:00,64.66,64.66,64.66,64.66,100
2026-04-20 08:35:00,64.9,64.9,64.9,64.9,150
2026-04-20 09:30:00,63.27,63.27,63.27,63.27,389
2026-04-20 10:40:00,63.35,63.35,63.35,63.35,300
2026-04-20 12:55:00,63.07,63.07,63.07,63.07,249
2026-04-20 13:15:00,63.3,63.3,63.3,63.3,100
2026-04-20 14:25:00,64.11,64.11,64.11,64.11,100
2026-04-20 15:40:00,63.88,63.9836,63.88,63.9836,316
2026-04-21 09:35:00,63.91,63.91,63.63,63.84,708
2026-04-21 10:15:00,63.88,63.88,63.88,63.88,100
2026-04-21 11:25:00,63.07,63.07,63.07,63.07,100
2026-04-21 11:30:00,62.77,62.77,62.77,62.77,400
2026-04-21 12:40:00,63.2,63.2,63.2,63.2,1500
2026-04-21 13:15:00,62.321,62.321,62.321,62.321,1966
2026-04-21 13:25:00,62.38,62.38,62.38,62.38,100
2026-04-22 09:30:00,64.56,64.56,64.56,64.56,471
2026-04-22 09:35:00,65.6,65.6,65.4884,65.5381,3100
2026-04-22 10:25:00,65.68,65.68,65.68,65.68,300
2026-04-22 11:40:00,65.87,65.87,65.87,65.87,100
2026-04-22 12:55:00,65.46,65.46,65.46,65.46,200
2026-04-22 13:05:00,65.415,65.415,65.415,65.415,143
2026-04-22 15:00:00,65.46,65.46,65.295,65.46,657
2026-04-22 15:15:00,65.525,65.63,65.525,65.63,300
2026-04-22 15:50:00,65.745,65.745,65.22,65.22,450
2026-04-23 09:30:00,65.36,65.36,65.19,65.19,248
2026-04-23 13:20:00,64.8101,64.8101,64.8101,64.8101,100
2026-04-24 09:30:00,62.81,64.91,62.81,64.91,340
2026-04-24 13:55:00,65.31,65.31,65.31,65.31,100
2026-04-27 09:30:00,65.2,65.2,65.2,65.2,331
2026-04-27 11:45:00,63.41,63.58,63.41,63.58,2130
2026-04-27 12:05:00,63.47,63.66,63.47,63.56,1300
2026-04-27 12:10:00,63.565,63.57,63.56,63.57,300
2026-04-27 15:45:00,63.53,63.53,63.53,63.53,185
2026-04-28 09:30:00,62.22,62.22,62.22,62.22,406
2026-04-28 10:40:00,61.56,61.56,61.56,61.56,200
2026-04-28 11:10:00,61.655,61.655,61.655,61.655,625
2026-04-28 14:50:00,62,62,62,62,100
2026-04-28 19:15:00,60.96,60.96,60.96,60.96,243
2026-04-29 15:55:00,61.22,61.22,61.22,61.22,270
2026-04-30 09:55:00,62.46,62.465,62.46,62.465,269
2026-04-30 12:00:00,62.9573,62.9573,62.9573,62.9573,107
2026-04-30 14:00:00,63.005,63.005,63.005,63.005,985
2026-04-30 14:30:00,62.93,63.18,62.92,63.18,506
2026-04-30 14:45:00,63.335,63.335,63.335,63.335,100
2026-04-30 15:35:00,63.235,63.235,63.235,63.235,1000
2026-04-30 15:50:00,63.185,63.185,63.185,63.185,100
2026-04-30 15:55:00,62.8948,62.8948,62.8948,62.8948,270
2026-05-01 12:25:00,64.51,64.51,64.51,64.51,100
2026-05-01 14:40:00,64.385,64.385,64.385,64.385,111
2026-05-01 15:25:00,64.55,64.55,64.55,64.55,100
2026-05-01 15:50:00,64.08,64.08,64.08,64.08,100
2026-05-04 10:25:00,65.71,65.71,65.71,65.71,100
2026-05-04 10:50:00,66.1,66.1,66.1,66.1,138
2026-05-04 11:20:00,65.955,65.955,65.955,65.955,200
2026-05-04 11:40:00,65.76,66.045,65.76,65.945,1980
2026-05-04 11:55:00,66.17,66.17,66.17,66.17,100
2026-05-04 12:10:00,65.61,65.89,65.61,65.62,1000
2026-05-04 12:15:00,65.99,65.99,65.99,65.99,100
2026-05-04 13:05:00,66.06,66.06,66.06,66.06,100
2026-05-04 14:20:00,66.595,66.595,66.595,66.595,1000
2026-05-05 09:25:00,68.18,68.18,68.02,68.05,2129
2026-05-05 09:30:00,68.14,68.14,68.14,68.14,3003
2026-05-05 10:00:00,67.03,67.26,67.03,67.26,300
2026-05-05 10:10:00,67.44,67.44,67.44,67.44,100
2026-05-05 12:45:00,67.685,67.955,67.685,67.955,3000
2026-05-05 13:20:00,68.23,68.23,68.23,68.23,100
2026-05-05 14:40:00,68.865,68.865,68.865,68.865,100
2026-05-05 15:00:00,68.6701,68.6701,68.6701,68.6701,266
2026-05-05 15:45:00,69.06,69.06,69.06,69.06,100
2026-05-06 09:30:00,70.7,70.7,70.7,70.7,279
2026-05-06 10:05:00,70.7132,70.7132,70.7132,70.7132,150
2026-05-06 10:20:00,71.33,71.33,71.33,71.33,100
2026-05-06 10:25:00,71.31,71.31,71.31,71.31,100
2026-05-06 10:45:00,71.5,71.5,71.5,71.5,375
2026-05-06 10:55:00,71.5,71.5,71.5,71.5,100
2026-05-06 11:30:00,71.54,71.6325,71.54,71.6325,200
2026-05-06 11:35:00,71.53,71.53,71.53,71.53,100
2026-05-06 11:55:00,72,72,72,72,500
2026-05-06 12:00:00,72,72,72,72,2640
2026-05-06 12:15:00,72.16,72.63,72.16,72.63,300
2026-05-06 12:20:00,72.11,72.11,72.11,72.11,100
2026-05-06 13:50:00,72.36,72.36,72.36,72.36,200
2026-05-06 15:50:00,72.55,72.55,72.55,72.55,100
2026-05-07 09:30:00,72.15,72.15,72.15,72.15,223
2026-05-07 09:50:00,70.11,70.11,70.11,70.11,100
2026-05-07 10:10:00,70.94,71.01,70.94,71.01,320
2026-05-07 10:30:00,70.96,70.96,70.96,70.96,100
2026-05-07 10:45:00,70.94,70.94,70.94,70.94,100
2026-05-07 10:55:00,70.94,70.94,70.92,70.92,203
2026-05-07 12:30:00,69.57,69.77,69.57,69.77,660
2026-05-07 14:05:00,69.85,69.85,69.85,69.85,100
2026-05-07 14:10:00,69.9886,69.9886,69.9886,69.9886,208
2026-05-07 15:40:00,70.07,70.07,69.8801,69.8801,628
2026-05-08 09:30:00,71.4,71.4,71.4,71.4,158
2026-05-08 09:40:00,70.08,70.08,69.83,69.83,200
2026-05-08 10:15:00,70.53,70.53,70.53,70.53,100
2026-05-08 10:45:00,70.255,70.255,70.255,70.255,108
2026-05-08 11:10:00,70.1,70.1,70.1,70.1,200
2026-05-08 12:50:00,69.46,69.4601,69.46,69.4601,200
2026-05-08 13:15:00,69.615,69.72,69.615,69.72,300
2026-05-08 13:20:00,70.11,70.11,69.6001,69.6001,219
2026-05-08 13:35:00,70.5,70.5,70.5,70.5,133