2026-04-07 09:30:00,40.6001,40.6001,40.6001,40.6001,189
2026-04-07 09:45:00,40.56,40.56,40.56,40.56,151
2026-04-07 10:00:00,40.46,40.46,40.46,40.46,200
2026-04-07 10:05:00,40.455,40.455,40.36,40.36,1064
2026-04-07 10:10:00,40.34,40.34,40.34,40.34,399
2026-04-07 10:25:00,40.46,40.4601,40.45,40.45,700
2026-04-07 10:40:00,40.45,40.46,40.42,40.4201,930
2026-04-07 11:10:00,40.275,40.275,40.275,40.275,150
2026-04-07 11:25:00,40.275,40.275,40.275,40.275,100
2026-04-07 11:35:00,40.28,40.29,40.28,40.29,3620
2026-04-07 12:00:00,40.33,40.33,40.33,40.33,100
2026-04-07 12:45:00,40.35,40.35,40.35,40.35,250
2026-04-07 13:05:00,40.355,40.355,40.355,40.355,247
2026-04-07 13:35:00,40.3,40.3,40.3,40.3,1119
2026-04-07 15:15:00,40.31,40.46,40.31,40.46,400
2026-04-07 16:00:00,40.55,40.55,40.55,40.55,102
2026-04-08 04:00:00,41.85,41.85,41.85,41.85,290
2026-04-08 09:30:00,41.97,42.28,41.97,42.27,549
2026-04-08 09:40:00,42.24,42.24,42.19,42.1901,500
2026-04-08 09:50:00,42.1002,42.19,42.1001,42.19,1000
2026-04-08 09:55:00,42.19,42.19,42.19,42.19,100
2026-04-08 10:00:00,42.19,42.19,42.19,42.19,200
2026-04-08 10:05:00,42.19,42.19,42.19,42.19,100
2026-04-08 10:10:00,42.19,42.19,42.19,42.19,100
2026-04-08 10:15:00,42.19,42.19,42.19,42.19,200
2026-04-08 10:20:00,42.155,42.155,42.155,42.155,200
2026-04-08 10:25:00,42.185,42.185,42.185,42.185,200
2026-04-08 10:30:00,42.185,42.19,42.18,42.19,966
2026-04-08 10:35:00,42.18,42.185,42.18,42.185,300
2026-04-08 10:40:00,42.18,42.18,42.18,42.18,300
2026-04-08 10:45:00,42,42,42,42,100
2026-04-08 10:50:00,42.1099,42.1099,42.1099,42.1099,178
2026-04-08 10:55:00,42.035,42.035,42.005,42.005,200
2026-04-08 11:00:00,42.03,42.03,42.03,42.03,100
2026-04-08 11:05:00,42.11,42.11,42.045,42.045,400
2026-04-08 11:10:00,42.11,42.11,42.065,42.065,400
2026-04-08 11:20:00,42.15,42.15,42.15,42.15,200
2026-04-08 11:30:00,42.11,42.11,42.11,42.11,100
2026-04-08 11:35:00,42.11,42.17,42.07,42.17,300
2026-04-08 11:40:00,42.12,42.12,42.12,42.12,100
2026-04-08 11:45:00,42.12,42.12,42.12,42.12,200
2026-04-08 11:50:00,42.06,42.19,42.06,42.135,300
2026-04-08 11:55:00,42.135,42.19,42.135,42.19,200
2026-04-08 12:00:00,42.19,42.19,42.19,42.19,200
2026-04-08 12:05:00,42.145,42.145,42.145,42.145,200
2026-04-08 12:10:00,42.145,42.19,42.145,42.19,200
2026-04-08 12:15:00,42.145,42.145,42.145,42.145,200
2026-04-08 12:20:00,42.145,42.145,42.145,42.145,100
2026-04-08 12:25:00,42.145,42.19,42.145,42.16,1330
2026-04-08 12:30:00,42.19,42.19,42.19,42.19,200
2026-04-08 12:35:00,42.19,42.19,42.175,42.175,200
2026-04-08 12:40:00,42.19,42.19,42.19,42.19,200
2026-04-08 12:45:00,42.19,42.19,42.19,42.19,200
2026-04-08 12:50:00,42.19,42.19,42.19,42.19,200
2026-04-08 12:55:00,42.19,42.19,42.19,42.19,200
2026-04-08 13:00:00,42.19,42.19,42.19,42.19,300
2026-04-08 13:05:00,42.1975,42.1975,42.1975,42.1975,100
2026-04-08 13:10:00,42.205,42.205,42.205,42.205,100
2026-04-08 13:15:00,42.25,42.25,42.205,42.205,200
2026-04-08 13:20:00,42.205,42.23,42.205,42.23,300
2026-04-08 13:25:00,42.16,42.16,42.16,42.16,100
2026-04-08 13:30:00,42.19,42.19,42.19,42.19,100
2026-04-08 13:35:00,42.2,42.2,42.19,42.19,300
2026-04-08 13:40:00,42.19,42.19,42.19,42.19,100
2026-04-08 13:45:00,42.19,42.19,42.19,42.19,100
2026-04-08 13:50:00,42.19,42.19,42.17,42.17,200
2026-04-08 13:55:00,42.2,42.2,42.2,42.2,100
2026-04-08 14:00:00,42.2,42.24,42.16,42.16,300
2026-04-08 14:10:00,42.25,42.25,42.25,42.25,100
2026-04-08 14:15:00,42.1925,42.25,42.1925,42.25,200
2026-04-08 14:20:00,42.16,42.175,42.16,42.175,200
2026-04-08 14:25:00,42.16,42.16,42.16,42.16,200
2026-04-08 14:30:00,42.135,42.135,42.135,42.135,100
2026-04-08 14:35:00,42.125,42.125,42.125,42.125,100
2026-04-08 14:40:00,42.105,42.105,42.06,42.06,200
2026-04-08 14:45:00,42.06,42.06,42.06,42.06,100
2026-04-08 14:55:00,42.02,42.02,42.02,42.02,100
2026-04-08 15:00:00,42.035,42.09,42.035,42.09,300
2026-04-08 15:05:00,42.03,42.03,42.03,42.03,200
2026-04-08 15:15:00,42.09,42.09,42.06,42.09,1500
2026-04-08 15:25:00,42.08,42.08,42.075,42.075,200
2026-04-08 15:35:00,42.12,42.12,42.11,42.12,500
2026-04-08 15:50:00,42.13,42.13,42.13,42.13,600
2026-04-08 15:55:00,42.11,42.11,42.06,42.06,300
2026-04-08 16:00:00,42.16,42.16,42.13,42.13,200
2026-04-09 09:40:00,41.8915,41.8915,41.8915,41.8915,165
2026-04-09 10:00:00,41.77,41.77,41.77,41.77,310
2026-04-09 10:25:00,41.725,41.725,41.725,41.725,250
2026-04-09 11:15:00,41.8,41.8,41.8,41.8,450
2026-04-09 11:20:00,41.835,41.835,41.835,41.835,200
2026-04-09 11:30:00,41.88,41.88,41.88,41.88,200
2026-04-09 11:40:00,41.91,41.9101,41.9,41.9001,800
2026-04-09 14:00:00,42.05,42.05,42.05,42.05,100
2026-04-09 14:10:00,41.99,41.99,41.99,41.99,125
2026-04-09 14:35:00,41.93,41.93,41.93,41.93,100
2026-04-09 15:15:00,42.05,42.05,42.05,42.05,900
2026-04-09 15:40:00,41.99,42.12,41.99,42.12,2418
2026-04-10 09:30:00,42.25,42.25,42.25,42.25,551
2026-04-10 09:35:00,42.33,42.33,42.33,42.33,100
2026-04-10 10:10:00,42.355,42.355,42.355,42.355,100
2026-04-10 11:10:00,42.3,42.3,42.3,42.3,500
2026-04-10 11:35:00,42.225,42.225,42.225,42.225,164
2026-04-10 14:10:00,42.12,42.21,42.12,42.12,1700
2026-04-10 15:55:00,42.2,42.2,42.2,42.2,150
2026-04-13 09:30:00,41.8,41.8,41.8,41.8,142
2026-04-13 09:50:00,41.87,41.8701,41.87,41.8701,386
2026-04-13 10:35:00,41.93,41.93,41.93,41.93,100
2026-04-13 11:05:00,41.9,41.9001,41.9,41.9001,200
2026-04-13 11:30:00,41.86,41.86,41.86,41.86,200
2026-04-13 12:10:00,41.94,41.9401,41.94,41.94,600
2026-04-13 13:30:00,42.2,42.2,42.2,42.2,800
2026-04-14 13:10:00,42.7211,42.7211,42.7211,42.7211,322
2026-04-14 13:30:00,42.68,42.6802,42.67,42.67,2114
2026-04-14 14:35:00,42.7,42.75,42.7,42.7499,2452
2026-04-14 14:40:00,42.76,42.76,42.76,42.76,550
2026-04-14 14:45:00,42.64,42.685,42.64,42.685,328
2026-04-15 09:30:00,42.69,42.69,42.65,42.65,210
2026-04-15 15:50:00,42.91,42.92,42.91,42.92,986
2026-04-15 15:55:00,42.94,42.94,42.94,42.94,233
2026-04-16 09:30:00,43.04,43.04,43.04,43.04,238
2026-04-16 10:40:00,43.12,43.12,43.12,43.12,100
2026-04-16 10:55:00,43.13,43.13,43.13,43.13,108
2026-04-16 11:20:00,43.22,43.22,43.22,43.22,108
2026-04-16 12:05:00,43.34,43.34,43.34,43.34,108
2026-04-16 12:25:00,43.34,43.34,43.34,43.34,108
2026-04-16 12:30:00,43.26,43.26,43.26,43.26,105
2026-04-16 12:40:00,43.26,43.26,43.26,43.26,105
2026-04-16 12:45:00,43.19,43.19,43.19,43.19,1000
2026-04-16 12:55:00,43.24,43.24,43.24,43.24,105
2026-04-16 13:10:00,43.18,43.18,43.18,43.18,105
2026-04-16 13:20:00,43.16,43.16,43.16,43.16,108
2026-04-16 13:30:00,43.04,43.04,43.04,43.04,307
2026-04-16 13:45:00,43.18,43.18,43.18,43.18,192
2026-04-16 14:10:00,43.17,43.17,43.17,43.17,100
2026-04-16 14:15:00,43.18,43.18,43.18,43.18,108
2026-04-16 14:20:00,43.2,43.2,43.2,43.2,105
2026-04-16 14:35:00,43.2,43.2,43.2,43.2,308
2026-04-16 14:45:00,43.2,43.2,43.2,43.2,600
2026-04-16 15:00:00,43.22,43.22,43.22,43.22,105
2026-04-16 15:10:00,43.15,43.22,43.15,43.22,534
2026-04-16 15:25:00,43.22,43.22,43.22,43.22,108
2026-04-16 15:35:00,43.26,43.26,43.26,43.26,422
2026-04-16 15:45:00,43.18,43.18,43.18,43.18,200
2026-04-16 15:50:00,43.25,43.25,43.175,43.175,205
2026-04-16 15:55:00,43.27,43.27,43.24,43.24,252
2026-04-17 09:40:00,43.94,43.94,43.94,43.94,200
2026-04-17 10:00:00,43.95,43.95,43.92,43.92,268
2026-04-17 10:25:00,44.04,44.04,44.04,44.04,300
2026-04-17 10:50:00,44.04,44.04,44.04,44.04,300
2026-04-17 11:20:00,43.96,43.96,43.96,43.96,200
2026-04-17 11:25:00,43.8822,43.8822,43.8822,43.8822,125
2026-04-17 11:35:00,43.9589,43.9589,43.9589,43.9589,222
2026-04-17 11:40:00,44.01,44.01,44,44,200
2026-04-17 12:05:00,44,44,44,44,200
2026-04-17 12:30:00,44.02,44.02,44.02,44.02,200
2026-04-17 12:50:00,44.04,44.04,44.04,44.04,236
2026-04-17 13:15:00,43.98,43.98,43.98,43.98,200
2026-04-17 13:35:00,43.92,43.92,43.92,43.92,400
2026-04-17 13:40:00,43.94,43.94,43.94,43.94,124
2026-04-17 13:50:00,43.9055,43.9055,43.9055,43.9055,100
2026-04-17 14:05:00,43.96,43.96,43.96,43.96,200
2026-04-17 14:25:00,43.94,43.94,43.94,43.94,200
2026-04-17 14:50:00,43.92,43.92,43.92,43.92,200
2026-04-17 15:15:00,43.92,43.92,43.92,43.92,200
2026-04-17 15:30:00,43.84,43.84,43.84,43.84,214
2026-04-17 15:55:00,43.91,43.91,43.91,43.91,100
2026-04-20 10:45:00,43.565,43.565,43.565,43.565,300
2026-04-20 11:10:00,43.4101,43.4101,43.4101,43.4101,750
2026-04-20 13:40:00,43.555,43.555,43.555,43.555,100
2026-04-20 14:55:00,43.565,43.565,43.565,43.565,250
2026-04-21 11:15:00,43.1085,43.12,43.1085,43.12,354
2026-04-21 11:55:00,43.1,43.1,43.1,43.1,282
2026-04-22 09:50:00,43.04,43.04,43.04,43.04,394
2026-04-22 10:35:00,42.99,42.99,42.99,42.99,168
2026-04-22 11:25:00,43.0763,43.0763,43.0763,43.0763,200
2026-04-22 11:35:00,43.0058,43.0058,43.0058,43.0058,138
2026-04-22 14:35:00,42.965,42.965,42.965,42.965,194
2026-04-23 09:30:00,42.58,42.65,42.58,42.65,201
2026-04-23 13:05:00,42.35,42.3516,42.35,42.3516,200
2026-04-23 13:50:00,42.21,42.21,42.21,42.21,300
2026-04-23 14:15:00,42.33,42.33,42.33,42.33,407
2026-04-24 09:30:00,42.4,42.4,42.4,42.4,756
2026-04-24 09:35:00,42.21,42.21,42.21,42.21,199
2026-04-24 09:40:00,42.21,42.21,42.21,42.21,400
2026-04-24 09:45:00,42.23,42.23,42.23,42.23,200
2026-04-24 09:50:00,42.21,42.21,42.21,42.21,200
2026-04-24 09:55:00,42.2,42.2,42.19,42.19,200
2026-04-24 10:00:00,42.18,42.18,42.17,42.17,200
2026-04-24 10:05:00,42.16,42.16,42.15,42.15,200
2026-04-24 10:10:00,42.18,42.18,42.17,42.17,200
2026-04-24 10:15:00,42.17,42.17,42.17,42.17,200
2026-04-24 10:20:00,42.2,42.2,42.2,42.2,200
2026-04-24 10:30:00,42.19,42.19,42.19,42.19,273
2026-04-24 10:45:00,42.2,42.2,42.2,42.2,300
2026-04-24 11:00:00,42.2,42.2,42.2,42.2,183
2026-04-24 11:45:00,42.355,42.355,42.355,42.355,160
2026-04-27 09:30:00,42.13,42.13,42.13,42.13,352
2026-04-27 09:40:00,42.18,42.18,42.18,42.18,300
2026-04-27 10:05:00,42.29,42.29,42.29,42.29,100
2026-04-27 10:30:00,42.165,42.165,42.165,42.165,401
2026-04-27 11:50:00,42.14,42.14,42.14,42.14,101
2026-04-27 12:00:00,42.2,42.21,42.2,42.21,400
2026-04-27 12:30:00,42.21,42.21,42.21,42.21,100
2026-04-27 13:15:00,42.2,42.2,42.2,42.2,142
2026-04-27 13:30:00,42.1175,42.1175,42.1175,42.1175,1000
2026-04-27 14:15:00,42.19,42.19,42.19,42.19,100
2026-04-27 14:40:00,42.1469,42.1469,42.1469,42.1469,185
2026-04-27 15:10:00,42.1039,42.1039,42.1039,42.1039,247
2026-04-28 09:35:00,41.9,41.9,41.9,41.9,100
2026-04-28 09:45:00,41.96,41.96,41.96,41.96,100
2026-04-28 09:50:00,41.94,41.94,41.94,41.94,100
2026-04-28 10:00:00,41.94,41.94,41.94,41.94,100
2026-04-28 10:05:00,41.96,41.96,41.96,41.96,100
2026-04-28 10:15:00,41.93,41.94,41.93,41.94,300
2026-04-28 10:30:00,41.94,41.94,41.875,41.875,300
2026-04-28 10:40:00,41.88,41.88,41.88,41.88,100
2026-04-28 10:45:00,41.88,41.88,41.88,41.88,100
2026-04-28 10:55:00,41.86,41.86,41.86,41.86,100
2026-04-28 11:00:00,41.91,41.93,41.91,41.93,200
2026-04-28 11:10:00,41.91,41.91,41.91,41.91,200
2026-04-28 11:25:00,41.91,41.91,41.91,41.91,100
2026-04-28 11:30:00,41.91,41.91,41.91,41.91,100
2026-04-28 11:35:00,41.88,41.88,41.88,41.88,2850
2026-04-28 11:40:00,41.91,41.91,41.91,41.91,100
2026-04-28 11:50:00,41.86,41.93,41.86,41.92,910
2026-04-28 11:55:00,41.93,41.93,41.91,41.91,11134
2026-04-28 12:05:00,41.93,41.93,41.93,41.93,100
2026-04-28 12:10:00,41.93,41.93,41.93,41.93,100
2026-04-28 12:20:00,41.93,41.93,41.93,41.93,100
2026-04-28 12:25:00,41.93,41.93,41.93,41.93,100
2026-04-28 12:35:00,41.93,41.93,41.93,41.93,100
2026-04-28 12:40:00,41.93,41.96,41.93,41.96,200
2026-04-28 12:50:00,41.96,41.96,41.96,41.96,100
2026-04-28 13:00:00,41.97,41.97,41.97,41.97,100
2026-04-28 13:05:00,41.94,41.94,41.94,41.94,100
2026-04-28 13:15:00,41.94,41.94,41.94,41.94,100
2026-04-28 13:20:00,41.94,41.94,41.94,41.94,100
2026-04-28 13:30:00,41.98,41.98,41.98,41.98,100
2026-04-28 13:35:00,41.99,41.99,41.99,41.99,100
2026-04-28 13:55:00,42.01,42.01,42.01,42.01,100
2026-04-28 14:00:00,42.01,42.01,42.01,42.01,100
2026-04-28 14:05:00,41.99,41.99,41.99,41.99,19686
2026-04-28 14:15:00,42.02,42.02,42.02,42.02,100
2026-04-28 14:25:00,42.04,42.04,42.04,42.04,100
2026-04-28 14:30:00,42.01,42.01,42.01,42.01,100
2026-04-28 14:40:00,42.01,42.01,42.01,42.01,100
2026-04-28 14:45:00,42.01,42.01,42.01,42.01,200
2026-04-28 14:50:00,42.02,42.02,42.02,42.02,100
2026-04-28 15:05:00,42.02,42.04,42.02,42.04,200
2026-04-28 15:20:00,42.04,42.04,42.04,42.04,100
2026-04-28 15:25:00,42.04,42.04,42.04,42.04,100
2026-04-28 15:35:00,42.04,42.04,42.04,42.04,100
2026-04-28 15:40:00,42.06,42.06,42.06,42.06,100
2026-04-28 15:50:00,42.08,42.08,42.08,42.08,100
2026-04-29 09:25:00,42.24,42.24,42.24,42.24,103
2026-04-29 09:30:00,42.1,42.1,42.1,42.1,127
2026-04-29 09:35:00,42.1,42.1,42.1,42.1,818
2026-04-29 11:50:00,41.905,41.905,41.905,41.905,100
2026-04-29 13:15:00,41.96,41.9601,41.96,41.9601,309
2026-04-29 13:55:00,41.965,41.965,41.965,41.965,200
2026-04-29 14:10:00,41.96,41.96,41.96,41.96,500
2026-04-30 09:25:00,41.7,41.7,41.7,41.7,115
2026-04-30 09:30:00,41.88,41.88,41.88,41.88,1041
2026-04-30 09:55:00,41.915,41.915,41.915,41.915,150
2026-04-30 10:00:00,41.91,41.91,41.91,41.91,125
2026-04-30 10:15:00,42.03,42.03,42.03,42.03,105
2026-04-30 10:35:00,42.09,42.09,42.09,42.09,105
2026-04-30 10:40:00,42.1,42.1,42.1,42.1,108
2026-04-30 10:55:00,42.1,42.1,42.1,42.1,765
2026-04-30 11:30:00,42.28,42.28,42.28,42.28,105
2026-04-30 11:35:00,42.24,42.24,42.24,42.24,105
2026-04-30 11:45:00,42.23,42.23,42.23,42.23,105
2026-04-30 11:55:00,42.26,42.26,42.26,42.26,200
2026-04-30 12:00:00,42.24,42.24,42.24,42.24,105
2026-04-30 12:10:00,42.27,42.27,42.27,42.27,105
2026-04-30 12:20:00,42.24,42.24,42.24,42.24,105
2026-04-30 12:40:00,42.25,42.25,42.25,42.25,105
2026-04-30 12:50:00,42.22,42.22,42.22,42.22,108
2026-04-30 12:55:00,42.16,42.16,42.16,42.16,110
2026-04-30 13:00:00,42.22,42.22,42.22,42.22,105
2026-04-30 13:15:00,42.23,42.23,42.23,42.23,105
2026-04-30 13:25:00,42.24,42.24,42.24,42.24,105
2026-04-30 13:40:00,42.27,42.27,42.27,42.27,105
2026-04-30 13:55:00,42.17,42.29,42.17,42.29,480
2026-04-30 14:25:00,42.34,42.34,42.34,42.34,280
2026-04-30 14:35:00,42.29,42.35,42.29,42.35,467
2026-04-30 14:45:00,42.31,42.3686,42.31,42.3686,612
2026-04-30 14:50:00,42.38,42.38,42.38,42.38,105
2026-04-30 15:00:00,42.39,42.39,42.39,42.39,108
2026-04-30 15:20:00,42.42,42.42,42.42,42.42,100
2026-04-30 15:25:00,42.47,42.47,42.47,42.47,105
2026-04-30 16:00:00,42.38,42.38,42.38,42.38,135
2026-05-01 09:30:00,42.4,42.4,42.4,42.4,814
2026-05-01 09:50:00,42.42,42.42,42.415,42.415,400
2026-05-01 09:55:00,42.42,42.42,42.42,42.42,400
2026-05-01 10:00:00,42.42,42.42,42.42,42.42,600
2026-05-04 13:45:00,41.995,41.995,41.995,41.995,115
2026-05-04 14:40:00,42.03,42.03,42.03,42.03,300
2026-05-05 09:30:00,42.16,42.16,42.16,42.16,949
2026-05-05 10:25:00,42.1402,42.1402,42.1402,42.1402,250
2026-05-05 10:30:00,42.14,42.1401,42.14,42.1401,500
2026-05-05 11:20:00,42.13,42.13,42.13,42.13,578
2026-05-05 11:30:00,42.15,42.15,42.15,42.15,500
2026-05-05 11:40:00,42.215,42.215,42.215,42.215,454
2026-05-05 13:45:00,42.135,42.135,42.135,42.135,357
2026-05-05 15:05:00,42.1,42.1,42.1,42.1,1000
2026-05-06 09:30:00,42.49,42.65,42.49,42.65,328
2026-05-06 09:50:00,42.68,42.68,42.68,42.68,100
2026-05-06 10:50:00,42.8502,42.8502,42.8502,42.8502,335
2026-05-06 11:20:00,42.9599,42.9599,42.9599,42.9599,100
2026-05-06 11:50:00,43,43,43,43,100
2026-05-06 12:15:00,43,43,43,43,113
2026-05-06 12:20:00,42.9472,43,42.9472,43,600
2026-05-06 12:25:00,42.935,42.935,42.935,42.935,500
2026-05-06 12:30:00,43,43,43,43,100
2026-05-06 12:40:00,43,43,43,43,7000
2026-05-06 13:10:00,42.9201,42.9201,42.9201,42.9201,250
2026-05-06 14:20:00,43,43,43,43,171
2026-05-06 14:35:00,43,43,42.96,42.96,782
2026-05-06 15:05:00,43,43,43,43,300
2026-05-06 15:10:00,43,43,43,43,495
2026-05-06 15:20:00,43,43,43,43,300
2026-05-06 15:35:00,43,43,43,43,400
2026-05-06 15:40:00,43,43,43,43,298
2026-05-06 15:55:00,42.995,43,42.995,43,537
2026-05-06 16:00:00,43,43,43,43,219
2026-05-07 09:30:00,43,43,43,43,2270
2026-05-07 10:30:00,42.8619,42.8619,42.8619,42.8619,160
2026-05-07 10:45:00,42.83,42.83,42.83,42.83,1553
2026-05-07 11:05:00,42.84,42.84,42.84,42.84,100
2026-05-07 11:25:00,42.87,42.97,42.87,42.89,1500
2026-05-07 12:20:00,42.745,42.745,42.745,42.745,130
2026-05-07 12:55:00,42.87,42.87,42.87,42.87,100
2026-05-07 13:05:00,42.88,42.93,42.88,42.93,600
2026-05-07 13:55:00,42.77,42.77,42.77,42.77,100
2026-05-07 14:15:00,42.83,42.86,42.82,42.83,617
2026-05-07 14:35:00,42.82,42.82,42.82,42.82,100
2026-05-07 14:50:00,42.77,42.77,42.77,42.77,100
2026-05-07 15:15:00,42.82,42.83,42.82,42.83,200
2026-05-07 15:30:00,42.8,42.81,42.8,42.8,4546
2026-05-07 15:45:00,42.84,42.84,42.84,42.84,160
2026-05-07 15:55:00,42.75,42.75,42.75,42.75,700
2026-05-08 09:35:00,42.99,42.99,42.99,42.99,400
2026-05-08 11:35:00,42.77,42.77,42.77,42.77,100
2026-05-08 13:25:00,42.75,42.75,42.74,42.74,200
2026-05-08 13:35:00,42.71,42.71,42.71,42.71,340
2026-05-08 13:45:00,42.69,42.6901,42.69,42.6901,439
2026-05-08 15:00:00,42.68,42.68,42.68,42.68,200