2026-04-22 09:25:00,22.76,22.76,22.76,22.76,100
2026-04-22 09:30:00,22.76,22.76,22.75,22.75,10478
2026-04-22 09:35:00,22.74,22.75,22.74,22.75,1180
2026-04-22 09:55:00,22.75,22.75,22.75,22.75,500
2026-04-22 10:00:00,22.75,22.75,22.75,22.75,195
2026-04-22 10:05:00,22.7599,22.7599,22.7594,22.7594,311
2026-04-22 10:30:00,22.7599,22.7599,22.7599,22.7599,492
2026-04-22 10:55:00,22.7501,22.7501,22.7501,22.7501,215
2026-04-22 11:00:00,22.7599,22.7599,22.755,22.755,2123
2026-04-22 11:55:00,22.7301,22.7301,22.7301,22.7301,125
2026-04-22 12:00:00,22.7498,22.7499,22.745,22.7499,3078
2026-04-22 12:05:00,22.745,22.745,22.745,22.745,246
2026-04-22 12:25:00,22.745,22.745,22.745,22.745,440
2026-04-22 12:40:00,22.73,22.73,22.73,22.73,158
2026-04-22 12:45:00,22.7201,22.7201,22.7201,22.7201,1020
2026-04-22 12:55:00,22.73,22.735,22.73,22.735,1232
2026-04-22 13:00:00,22.715,22.735,22.715,22.735,1290
2026-04-22 13:05:00,22.735,22.735,22.735,22.735,180
2026-04-22 13:15:00,22.735,22.735,22.735,22.735,3210
2026-04-22 13:20:00,22.735,22.735,22.73,22.73,1395
2026-04-22 13:30:00,22.735,22.735,22.735,22.735,179
2026-04-22 13:40:00,22.731,22.731,22.731,22.731,160
2026-04-22 14:00:00,22.739,22.739,22.739,22.739,195
2026-04-22 14:40:00,22.74,22.75,22.738,22.74,3508
2026-04-22 15:20:00,22.735,22.735,22.735,22.735,329
2026-04-22 15:50:00,22.73,22.73,22.725,22.73,6848
2026-04-22 15:55:00,22.735,22.735,22.73,22.73,1053
2026-04-22 16:00:00,22.74,22.74,22.74,22.74,772
2026-04-23 09:30:00,22.73,22.73,22.73,22.73,2403
2026-04-23 09:35:00,22.7393,22.7393,22.73,22.73,776
2026-04-23 10:00:00,22.7299,22.7299,22.7299,22.7299,337
2026-04-23 10:05:00,22.7398,22.76,22.725,22.76,1494
2026-04-23 10:10:00,22.7205,22.7205,22.7205,22.7205,227
2026-04-23 10:25:00,22.74,22.74,22.74,22.74,100
2026-04-23 10:45:00,22.74,22.74,22.74,22.74,100
2026-04-23 11:20:00,22.745,22.7499,22.745,22.7499,342
2026-04-23 11:30:00,22.7407,22.75,22.7407,22.75,200
2026-04-23 11:40:00,22.75,22.75,22.7401,22.7401,2320
2026-04-23 11:45:00,22.74,22.74,22.735,22.735,9847
2026-04-23 11:50:00,22.73,22.735,22.73,22.735,7003
2026-04-23 11:55:00,22.73,22.735,22.73,22.735,552
2026-04-23 12:15:00,22.74,22.74,22.74,22.74,100
2026-04-23 12:20:00,22.7398,22.74,22.735,22.74,3047
2026-04-23 12:30:00,22.74,22.74,22.74,22.74,100
2026-04-23 12:50:00,22.74,22.74,22.74,22.74,446
2026-04-23 13:10:00,22.69,22.69,22.69,22.69,500
2026-04-23 13:15:00,22.68,22.68,22.68,22.68,100
2026-04-23 13:20:00,22.675,22.675,22.668,22.668,2050
2026-04-23 13:25:00,22.68,22.68,22.68,22.68,100
2026-04-23 13:30:00,22.6799,22.6799,22.6799,22.6799,504
2026-04-23 13:40:00,22.66,22.66,22.66,22.66,100
2026-04-23 13:45:00,22.65,22.65,22.65,22.65,100
2026-04-23 13:55:00,22.7,22.7,22.695,22.695,1651
2026-04-23 14:10:00,22.7,22.7,22.7,22.7,100
2026-04-23 14:30:00,22.7,22.7,22.7,22.7,500
2026-04-23 14:35:00,22.71,22.71,22.71,22.71,400
2026-04-23 14:40:00,22.705,22.705,22.705,22.705,3068
2026-04-23 14:50:00,22.705,22.705,22.705,22.705,100
2026-04-23 14:55:00,22.7,22.7,22.7,22.7,200
2026-04-23 15:05:00,22.695,22.695,22.695,22.695,256
2026-04-23 15:10:00,22.6959,22.7,22.695,22.7,333
2026-04-23 15:15:00,22.697,22.698,22.695,22.695,1099
2026-04-23 15:25:00,22.6907,22.6907,22.6907,22.6907,240
2026-04-23 15:30:00,22.6999,22.6999,22.6999,22.6999,485
2026-04-23 15:45:00,22.695,22.7,22.695,22.7,300
2026-04-23 15:50:00,22.7,22.7,22.7,22.7,100
2026-04-23 15:55:00,22.7,22.7,22.695,22.7,2198
2026-04-23 16:00:00,22.7,22.7,22.7,22.7,1348
2026-04-24 09:30:00,22.7,22.7,22.6896,22.6896,4344
2026-04-24 09:50:00,22.69,22.7,22.6865,22.7,1572
2026-04-24 10:05:00,22.69,22.69,22.69,22.69,561
2026-04-24 10:15:00,22.71,22.71,22.71,22.71,211
2026-04-24 10:30:00,22.71,22.71,22.71,22.71,100
2026-04-24 10:40:00,22.705,22.705,22.705,22.705,247
2026-04-24 10:55:00,22.71,22.71,22.71,22.71,529
2026-04-24 11:00:00,22.715,22.72,22.715,22.72,1292
2026-04-24 11:05:00,22.715,22.715,22.715,22.715,145
2026-04-24 11:10:00,22.715,22.7199,22.715,22.715,8000
2026-04-24 11:15:00,22.71,22.71,22.71,22.71,439
2026-04-24 11:25:00,22.71,22.71,22.71,22.71,100
2026-04-24 11:40:00,22.715,22.715,22.715,22.715,100
2026-04-24 11:55:00,22.73,22.73,22.7297,22.7297,1329
2026-04-24 12:30:00,22.725,22.725,22.725,22.725,100
2026-04-24 12:40:00,22.715,22.715,22.715,22.715,158
2026-04-24 12:55:00,22.72,22.72,22.72,22.72,400
2026-04-24 13:15:00,22.725,22.7299,22.725,22.7299,11010
2026-04-24 13:30:00,22.7199,22.7199,22.7199,22.7199,264
2026-04-24 13:45:00,22.7199,22.7199,22.7199,22.7199,3524
2026-04-24 13:50:00,22.72,22.72,22.72,22.72,523
2026-04-24 14:00:00,22.725,22.725,22.7205,22.7205,475
2026-04-24 14:05:00,22.7207,22.7207,22.7207,22.7207,100
2026-04-24 14:15:00,22.72,22.72,22.72,22.72,1338
2026-04-24 14:20:00,22.7293,22.7293,22.7293,22.7293,398
2026-04-24 14:25:00,22.725,22.73,22.725,22.725,12009
2026-04-24 14:35:00,22.725,22.725,22.72,22.72,400
2026-04-24 14:45:00,22.72,22.7295,22.72,22.72,4188
2026-04-24 15:00:00,22.72,22.72,22.71,22.71,217
2026-04-24 15:05:00,22.71,22.71,22.71,22.71,3655
2026-04-24 15:10:00,22.72,22.72,22.72,22.72,100
2026-04-24 15:55:00,22.72,22.72,22.72,22.72,100
2026-04-24 16:00:00,22.71,22.71,22.71,22.71,232
2026-04-27 09:30:00,22.69,22.69,22.69,22.69,2239
2026-04-27 09:35:00,22.7,22.7,22.7,22.7,251
2026-04-27 09:40:00,22.7,22.7099,22.695,22.695,1767
2026-04-27 09:50:00,22.695,22.695,22.695,22.695,310
2026-04-27 10:25:00,22.7,22.7,22.695,22.695,1000
2026-04-27 10:35:00,22.6999,22.7,22.6999,22.7,1826
2026-04-27 10:55:00,22.705,22.705,22.705,22.705,156
2026-04-27 11:00:00,22.7,22.7,22.69,22.69,1208
2026-04-27 11:05:00,22.685,22.6891,22.685,22.6891,600
2026-04-27 11:10:00,22.6899,22.69,22.6899,22.69,1753
2026-04-27 11:15:00,22.6898,22.6898,22.6898,22.6898,106
2026-04-27 11:20:00,22.6898,22.6898,22.6789,22.6789,12613
2026-04-27 11:25:00,22.68,22.68,22.68,22.68,200
2026-04-27 11:30:00,22.68,22.68,22.68,22.68,100
2026-04-27 11:45:00,22.68,22.68,22.68,22.68,300
2026-04-27 11:50:00,22.68,22.685,22.68,22.685,1214
2026-04-27 12:05:00,22.681,22.69,22.681,22.69,250
2026-04-27 12:15:00,22.6813,22.6813,22.6813,22.6813,175
2026-04-27 12:25:00,22.69,22.69,22.69,22.69,100
2026-04-27 12:30:00,22.6842,22.6842,22.6842,22.6842,125
2026-04-27 12:45:00,22.69,22.69,22.69,22.69,100
2026-04-27 12:55:00,22.69,22.69,22.69,22.69,600
2026-04-27 13:15:00,22.68,22.68,22.68,22.68,2100
2026-04-27 13:35:00,22.68,22.68,22.6797,22.6797,1966
2026-04-27 13:50:00,22.68,22.68,22.68,22.68,100
2026-04-27 14:00:00,22.6755,22.6755,22.6755,22.6755,442
2026-04-27 14:05:00,22.68,22.68,22.68,22.68,100
2026-04-27 14:15:00,22.6726,22.6745,22.6726,22.6745,218
2026-04-27 14:25:00,22.68,22.68,22.68,22.68,100
2026-04-27 14:30:00,22.6801,22.6801,22.6801,22.6801,144
2026-04-27 14:40:00,22.68,22.68,22.68,22.68,100
2026-04-27 15:05:00,22.6798,22.6798,22.6798,22.6798,145
2026-04-27 15:10:00,22.675,22.68,22.675,22.6766,5430
2026-04-27 15:15:00,22.6799,22.6799,22.6799,22.6799,143
2026-04-27 15:40:00,22.68,22.68,22.6799,22.6799,1435
2026-04-27 15:50:00,22.68,22.68,22.68,22.68,200
2026-04-27 15:55:00,22.68,22.68,22.68,22.68,666
2026-04-27 16:00:00,22.67,22.67,22.67,22.67,1319
2026-04-28 09:30:00,22.66,22.66,22.66,22.66,2080
2026-04-28 09:35:00,22.6449,22.6449,22.6449,22.6449,216
2026-04-28 09:40:00,22.6592,22.6699,22.6592,22.6699,2274
2026-04-28 09:55:00,22.66,22.66,22.66,22.66,100
2026-04-28 10:00:00,22.66,22.66,22.66,22.66,350
2026-04-28 10:25:00,22.6427,22.6427,22.6427,22.6427,163
2026-04-28 10:30:00,22.6599,22.6699,22.6572,22.6699,5863
2026-04-28 10:35:00,22.65,22.65,22.65,22.65,100
2026-04-28 11:00:00,22.67,22.67,22.669,22.67,1166
2026-04-28 11:10:00,22.6501,22.6699,22.6501,22.6699,7596
2026-04-28 11:15:00,22.66,22.6694,22.66,22.6694,1070
2026-04-28 11:20:00,22.66,22.66,22.66,22.66,126
2026-04-28 11:35:00,22.66,22.66,22.66,22.66,100
2026-04-28 11:45:00,22.655,22.655,22.655,22.655,2057
2026-04-28 12:00:00,22.66,22.66,22.66,22.66,100
2026-04-28 12:10:00,22.66,22.66,22.66,22.66,100
2026-04-28 12:20:00,22.6599,22.6599,22.6599,22.6599,200
2026-04-28 13:10:00,22.655,22.655,22.655,22.655,1685
2026-04-28 13:20:00,22.65,22.65,22.65,22.65,1004
2026-04-28 13:45:00,22.66,22.66,22.66,22.66,200
2026-04-28 13:55:00,22.66,22.67,22.655,22.67,3503
2026-04-28 14:00:00,22.665,22.6684,22.665,22.6684,741
2026-04-28 14:05:00,22.665,22.67,22.665,22.67,4643
2026-04-28 14:15:00,22.67,22.67,22.67,22.67,100
2026-04-28 14:20:00,22.67,22.67,22.67,22.67,800
2026-04-28 14:25:00,22.67,22.67,22.67,22.67,441
2026-04-28 14:30:00,22.67,22.67,22.67,22.67,140
2026-04-28 14:35:00,22.665,22.665,22.665,22.665,200
2026-04-28 14:40:00,22.67,22.67,22.67,22.67,118
2026-04-28 14:45:00,22.665,22.67,22.665,22.67,400
2026-04-28 14:50:00,22.67,22.67,22.6697,22.6697,1000
2026-04-28 15:25:00,22.675,22.675,22.675,22.675,291
2026-04-28 15:35:00,22.675,22.675,22.675,22.675,1100
2026-04-28 15:40:00,22.6709,22.6709,22.6709,22.6709,122
2026-04-28 15:50:00,22.67,22.6789,22.67,22.6789,463
2026-04-28 15:55:00,22.675,22.68,22.675,22.675,1331
2026-04-28 16:00:00,22.67,22.67,22.67,22.67,926
2026-04-29 09:30:00,22.68,22.68,22.68,22.68,485
2026-04-29 09:35:00,22.64,22.66,22.64,22.64,700
2026-04-29 09:40:00,22.64,22.64,22.64,22.64,1978
2026-04-29 10:00:00,22.61,22.61,22.61,22.61,122
2026-04-29 10:15:00,22.63,22.65,22.62,22.62,5296
2026-04-29 10:40:00,22.615,22.615,22.615,22.615,519
2026-04-29 11:15:00,22.61,22.61,22.61,22.61,100
2026-04-29 11:20:00,22.6001,22.6001,22.6001,22.6001,1347
2026-04-29 11:35:00,22.605,22.6099,22.605,22.6099,1680
2026-04-29 11:50:00,22.6,22.6,22.6,22.6,680
2026-04-29 11:55:00,22.6,22.6,22.6,22.6,100
2026-04-29 12:00:00,22.595,22.595,22.5901,22.5901,4248
2026-04-29 12:05:00,22.6,22.6,22.6,22.6,400
2026-04-29 12:10:00,22.605,22.605,22.605,22.605,2501
2026-04-29 12:15:00,22.6,22.6,22.6,22.6,442
2026-04-29 12:45:00,22.61,22.61,22.61,22.61,100
2026-04-29 13:40:00,22.6,22.6,22.6,22.6,284
2026-04-29 14:05:00,22.61,22.61,22.59,22.59,6041
2026-04-29 14:10:00,22.6,22.6,22.6,22.6,100
2026-04-29 14:25:00,22.595,22.5999,22.595,22.5999,4837
2026-04-29 14:35:00,22.6,22.6,22.59,22.59,1961
2026-04-29 15:05:00,22.5999,22.5999,22.5999,22.5999,1169
2026-04-29 15:15:00,22.6099,22.6099,22.6099,22.6099,463
2026-04-29 15:30:00,22.6,22.6,22.6,22.6,193
2026-04-29 15:35:00,22.59,22.59,22.59,22.59,436
2026-04-29 15:50:00,22.59,22.59,22.59,22.59,247
2026-04-29 15:55:00,22.59,22.62,22.59,22.61,10528
2026-04-29 16:00:00,22.6,22.6,22.6,22.6,972
2026-04-30 09:30:00,22.61,22.61,22.61,22.61,2268
2026-04-30 09:45:00,22.62,22.62,22.62,22.62,105
2026-04-30 09:55:00,22.62,22.62,22.62,22.62,100
2026-04-30 10:05:00,22.6193,22.6193,22.6193,22.6193,2358
2026-04-30 10:20:00,22.62,22.62,22.62,22.62,200
2026-04-30 10:25:00,22.62,22.6217,22.62,22.6217,2699
2026-04-30 10:30:00,22.62,22.63,22.62,22.629,1979
2026-04-30 10:35:00,22.625,22.625,22.6198,22.6198,6117
2026-04-30 10:50:00,22.63,22.63,22.63,22.63,100
2026-04-30 11:10:00,22.6297,22.6297,22.6297,22.6297,146
2026-04-30 11:20:00,22.63,22.63,22.63,22.63,100
2026-04-30 11:30:00,22.6307,22.6307,22.6307,22.6307,100
2026-04-30 11:45:00,22.635,22.635,22.631,22.631,1787
2026-04-30 11:50:00,22.6388,22.6388,22.6388,22.6388,347
2026-04-30 12:00:00,22.63,22.63,22.63,22.63,100
2026-04-30 12:15:00,22.631,22.635,22.631,22.635,515
2026-04-30 12:20:00,22.635,22.635,22.635,22.635,181
2026-04-30 12:25:00,22.635,22.635,22.635,22.635,221
2026-04-30 12:30:00,22.6399,22.6399,22.6399,22.6399,136
2026-04-30 12:40:00,22.62,22.62,22.62,22.62,1135
2026-04-30 12:50:00,22.625,22.625,22.625,22.625,650
2026-04-30 13:00:00,22.63,22.63,22.63,22.63,100
2026-04-30 13:05:00,22.62,22.625,22.62,22.625,6409
2026-04-30 13:10:00,22.625,22.625,22.625,22.625,118
2026-04-30 13:25:00,22.6296,22.63,22.6296,22.63,1119
2026-04-30 13:30:00,22.63,22.64,22.63,22.6399,739
2026-04-30 13:40:00,22.635,22.635,22.635,22.635,1075
2026-04-30 13:50:00,22.6399,22.6399,22.6399,22.6399,287
2026-04-30 13:55:00,22.64,22.64,22.64,22.64,200
2026-04-30 14:00:00,22.64,22.64,22.64,22.64,100
2026-04-30 14:05:00,22.65,22.65,22.65,22.65,283
2026-04-30 14:10:00,22.65,22.65,22.65,22.65,100
2026-04-30 14:25:00,22.6492,22.6492,22.6492,22.6492,244
2026-04-30 14:40:00,22.65,22.65,22.65,22.65,100
2026-04-30 14:50:00,22.6499,22.6499,22.6499,22.6499,1701
2026-04-30 14:55:00,22.64,22.64,22.64,22.64,1524
2026-04-30 15:00:00,22.64,22.64,22.64,22.64,16465
2026-04-30 15:15:00,22.6499,22.6499,22.6499,22.6499,2000
2026-04-30 15:25:00,22.645,22.645,22.645,22.645,2400
2026-04-30 15:30:00,22.645,22.6456,22.645,22.6456,491
2026-04-30 15:40:00,22.64,22.645,22.64,22.645,560
2026-04-30 15:50:00,22.64,22.64,22.635,22.635,1153
2026-04-30 15:55:00,22.63,22.64,22.63,22.64,3021
2026-04-30 16:00:00,22.62,22.62,22.62,22.62,1056
2026-05-01 09:30:00,22.66,22.66,22.66,22.66,659
2026-05-01 09:35:00,22.655,22.655,22.655,22.655,794
2026-05-01 09:45:00,22.65,22.6799,22.6495,22.6799,1026
2026-05-01 09:55:00,22.67,22.67,22.67,22.67,100
2026-05-01 10:00:00,22.68,22.68,22.68,22.68,100
2026-05-01 10:05:00,22.69,22.69,22.69,22.69,200
2026-05-01 10:20:00,22.71,22.71,22.71,22.71,239
2026-05-01 10:25:00,22.705,22.7099,22.705,22.7099,300
2026-05-01 10:40:00,22.685,22.685,22.6809,22.6809,967
2026-05-01 10:55:00,22.68,22.68,22.68,22.68,100
2026-05-01 11:00:00,22.67,22.6706,22.67,22.6706,2166
2026-05-01 11:05:00,22.67,22.67,22.67,22.67,158
2026-05-01 11:10:00,22.67,22.6702,22.67,22.6702,391
2026-05-01 11:30:00,22.675,22.675,22.675,22.675,1198
2026-05-01 11:40:00,22.68,22.68,22.68,22.68,100
2026-05-01 11:45:00,22.68,22.68,22.68,22.68,600
2026-05-01 12:00:00,22.67,22.67,22.67,22.67,400
2026-05-01 12:05:00,22.661,22.661,22.661,22.661,250
2026-05-01 12:10:00,22.68,22.68,22.68,22.68,2026
2026-05-01 12:15:00,22.68,22.69,22.68,22.6866,24096
2026-05-01 12:20:00,22.68,22.68,22.68,22.68,264
2026-05-01 12:35:00,22.68,22.68,22.68,22.68,500
2026-05-01 12:45:00,22.68,22.6899,22.68,22.6899,3994
2026-05-01 13:00:00,22.6701,22.68,22.6701,22.68,12627
2026-05-01 13:15:00,22.68,22.69,22.68,22.685,29223
2026-05-01 13:45:00,22.6898,22.6898,22.6898,22.6898,263
2026-05-01 13:55:00,22.685,22.685,22.685,22.685,993
2026-05-01 14:00:00,22.68,22.68,22.68,22.68,100
2026-05-01 14:20:00,22.68,22.68,22.68,22.68,100
2026-05-01 15:00:00,22.685,22.685,22.685,22.685,256
2026-05-01 15:15:00,22.6898,22.6898,22.6898,22.6898,115
2026-05-01 15:20:00,22.6899,22.6899,22.6899,22.6899,2425
2026-05-01 15:50:00,22.68,22.68,22.67,22.67,3034
2026-05-01 15:55:00,22.675,22.675,22.67,22.67,807
2026-05-01 16:00:00,22.68,22.68,22.68,22.68,1016
2026-05-04 09:30:00,22.53,22.5497,22.53,22.5497,771
2026-05-04 09:35:00,22.55,22.55,22.54,22.54,1694
2026-05-04 09:40:00,22.535,22.535,22.535,22.535,376
2026-05-04 09:45:00,22.54,22.54,22.54,22.54,200
2026-05-04 10:10:00,22.54,22.54,22.54,22.54,100
2026-05-04 10:40:00,22.54,22.54,22.54,22.54,892
2026-05-04 10:45:00,22.55,22.55,22.55,22.55,112
2026-05-04 10:55:00,22.54,22.54,22.535,22.535,375
2026-05-04 11:00:00,22.5199,22.5201,22.5199,22.5201,128821
2026-05-04 11:05:00,22.525,22.525,22.525,22.525,3529
2026-05-04 11:20:00,22.5,22.5,22.4999,22.5,1548
2026-05-04 11:50:00,22.485,22.485,22.485,22.485,4046
2026-05-04 12:05:00,22.4895,22.4895,22.4895,22.4895,487
2026-05-04 12:10:00,22.46,22.46,22.46,22.46,100
2026-05-04 12:20:00,22.4601,22.4601,22.4601,22.4601,246
2026-05-04 12:25:00,22.4758,22.4758,22.4758,22.4758,559
2026-05-04 12:50:00,22.4799,22.48,22.47,22.47,13467
2026-05-04 12:55:00,22.48,22.48,22.48,22.48,27153
2026-05-04 13:00:00,22.48,22.48,22.48,22.48,300
2026-05-04 13:15:00,22.5,22.5,22.49,22.49,1154
2026-05-04 13:45:00,22.495,22.5,22.49,22.5,333757
2026-05-04 14:00:00,22.495,22.5,22.495,22.4966,1100
2026-05-04 14:10:00,22.5,22.5,22.4999,22.4999,5627
2026-05-04 14:15:00,22.5,22.5,22.5,22.5,783
2026-05-04 14:20:00,22.49,22.49,22.4825,22.4825,668
2026-05-04 14:30:00,22.4973,22.4999,22.4973,22.4999,1556
2026-05-04 14:50:00,22.5,22.5,22.5,22.5,750
2026-05-04 14:55:00,22.4827,22.4827,22.4827,22.4827,209
2026-05-04 15:05:00,22.5,22.5,22.5,22.5,100
2026-05-04 15:10:00,22.4901,22.4997,22.4901,22.4997,1610
2026-05-04 15:15:00,22.5,22.5,22.5,22.5,432
2026-05-04 15:20:00,22.5,22.5,22.5,22.5,100
2026-05-04 15:30:00,22.4997,22.4997,22.495,22.495,2432
2026-05-04 15:45:00,22.4999,22.5,22.4999,22.5,559
2026-05-04 15:50:00,22.495,22.495,22.495,22.495,118
2026-05-04 15:55:00,22.495,22.505,22.495,22.505,3949
2026-05-04 16:00:00,22.51,22.51,22.51,22.51,485
2026-05-05 09:30:00,22.54,22.54,22.54,22.54,104
2026-05-05 09:35:00,22.54,22.55,22.54,22.55,800
2026-05-05 09:45:00,22.5301,22.5301,22.5301,22.5301,1079
2026-05-05 10:05:00,22.5501,22.5501,22.5501,22.5501,503
2026-05-05 10:10:00,22.5699,22.5699,22.56,22.5692,2965
2026-05-05 10:15:00,22.55,22.55,22.55,22.55,544
2026-05-05 10:20:00,22.54,22.54,22.54,22.54,300
2026-05-05 10:40:00,22.56,22.56,22.56,22.56,100
2026-05-05 11:05:00,22.56,22.56,22.56,22.56,100
2026-05-05 11:20:00,22.55,22.556,22.55,22.556,744
2026-05-05 11:25:00,22.5591,22.5591,22.5591,22.5591,221
2026-05-05 11:30:00,22.551,22.551,22.5506,22.5506,380
2026-05-05 11:50:00,22.56,22.56,22.5599,22.56,3837
2026-05-05 11:55:00,22.555,22.555,22.555,22.555,129
2026-05-05 12:00:00,22.56,22.56,22.555,22.56,730
2026-05-05 12:05:00,22.565,22.57,22.565,22.57,418
2026-05-05 12:20:00,22.565,22.565,22.565,22.565,1600
2026-05-05 12:25:00,22.565,22.565,22.565,22.565,300
2026-05-05 12:30:00,22.565,22.565,22.565,22.565,100
2026-05-05 12:35:00,22.57,22.57,22.565,22.57,600
2026-05-05 12:50:00,22.565,22.565,22.565,22.565,450
2026-05-05 13:00:00,22.5697,22.5697,22.5697,22.5697,108
2026-05-05 13:15:00,22.57,22.57,22.565,22.565,500
2026-05-05 13:20:00,22.5699,22.5699,22.565,22.565,5054
2026-05-05 13:25:00,22.57,22.57,22.57,22.57,100
2026-05-05 13:30:00,22.565,22.565,22.565,22.565,461
2026-05-05 13:40:00,22.565,22.565,22.565,22.565,1500
2026-05-05 13:50:00,22.57,22.57,22.57,22.57,100
2026-05-05 13:55:00,22.5601,22.5601,22.5601,22.5601,2323
2026-05-05 14:00:00,22.565,22.565,22.565,22.565,2184
2026-05-05 14:05:00,22.565,22.565,22.565,22.565,487
2026-05-05 14:10:00,22.565,22.565,22.565,22.565,476
2026-05-05 14:20:00,22.5699,22.57,22.5699,22.57,1600
2026-05-05 14:45:00,22.565,22.57,22.565,22.57,969
2026-05-05 14:55:00,22.57,22.57,22.565,22.565,1872
2026-05-05 15:05:00,22.5601,22.565,22.5601,22.565,520
2026-05-05 15:15:00,22.57,22.57,22.565,22.565,1700
2026-05-05 15:25:00,22.565,22.565,22.565,22.565,1600
2026-05-05 15:30:00,22.5699,22.5699,22.565,22.565,1756
2026-05-05 15:40:00,22.565,22.565,22.565,22.565,1049
2026-05-05 15:50:00,22.56,22.56,22.55,22.55,1033
2026-05-05 15:55:00,22.56,22.56,22.54,22.56,3606
2026-05-05 16:00:00,22.54,22.54,22.54,22.54,1618
2026-05-06 09:30:00,22.61,22.61,22.61,22.61,823
2026-05-06 09:35:00,22.64,22.64,22.64,22.64,364
2026-05-06 09:45:00,22.63,22.63,22.63,22.63,100
2026-05-06 09:50:00,22.63,22.63,22.63,22.63,100
2026-05-06 10:00:00,22.6301,22.6301,22.6301,22.6301,361
2026-05-06 10:05:00,22.635,22.65,22.6244,22.6397,10424
2026-05-06 10:15:00,22.64,22.64,22.64,22.64,1065
2026-05-06 10:20:00,22.64,22.64,22.64,22.64,361
2026-05-06 10:25:00,22.64,22.64,22.64,22.64,100
2026-05-06 10:30:00,22.655,22.655,22.655,22.655,139
2026-05-06 10:35:00,22.65,22.65,22.65,22.65,200
2026-05-06 10:40:00,22.645,22.645,22.645,22.645,400
2026-05-06 10:50:00,22.64,22.64,22.64,22.64,737
2026-05-06 10:55:00,22.64,22.6401,22.64,22.6401,1100
2026-05-06 11:00:00,22.64,22.64,22.64,22.64,200
2026-05-06 11:15:00,22.635,22.6397,22.635,22.6397,350
2026-05-06 11:25:00,22.6399,22.6399,22.6399,22.6399,1855
2026-05-06 11:35:00,22.64,22.64,22.64,22.64,2885
2026-05-06 11:40:00,22.637,22.64,22.637,22.64,314
2026-05-06 11:50:00,22.6397,22.6397,22.6397,22.6397,538
2026-05-06 11:55:00,22.64,22.64,22.6358,22.6358,1276
2026-05-06 12:15:00,22.64,22.64,22.635,22.635,300
2026-05-06 12:25:00,22.64,22.64,22.635,22.635,3021
2026-05-06 12:30:00,22.6305,22.6305,22.6305,22.6305,792
2026-05-06 12:45:00,22.6357,22.6357,22.6357,22.6357,165
2026-05-06 12:50:00,22.635,22.635,22.635,22.635,100
2026-05-06 13:05:00,22.635,22.6397,22.635,22.6397,3480
2026-05-06 13:15:00,22.635,22.635,22.635,22.635,104
2026-05-06 13:20:00,22.64,22.64,22.6399,22.6399,451
2026-05-06 13:25:00,22.64,22.65,22.635,22.645,9860
2026-05-06 13:35:00,22.645,22.645,22.645,22.645,1053
2026-05-06 13:50:00,22.645,22.645,22.645,22.645,176
2026-05-06 14:00:00,22.6492,22.6492,22.645,22.645,360
2026-05-06 14:20:00,22.6401,22.6401,22.6401,22.6401,126
2026-05-06 14:30:00,22.6403,22.65,22.6403,22.65,476
2026-05-06 14:40:00,22.645,22.645,22.645,22.645,626
2026-05-06 14:45:00,22.645,22.645,22.645,22.645,287
2026-05-06 14:50:00,22.645,22.645,22.645,22.645,1402
2026-05-06 14:55:00,22.65,22.65,22.65,22.65,900
2026-05-06 15:00:00,22.65,22.65,22.65,22.65,100
2026-05-06 15:05:00,22.65,22.65,22.6497,22.6497,1700
2026-05-06 15:10:00,22.6499,22.6499,22.645,22.6499,1773
2026-05-06 15:15:00,22.645,22.645,22.645,22.645,2252
2026-05-06 15:20:00,22.645,22.65,22.645,22.65,4684
2026-05-06 15:30:00,22.6406,22.65,22.6406,22.65,404
2026-05-06 15:45:00,22.65,22.655,22.65,22.655,408
2026-05-06 15:50:00,22.655,22.655,22.655,22.655,300
2026-05-06 15:55:00,22.655,22.655,22.65,22.655,3268
2026-05-06 16:00:00,22.66,22.66,22.66,22.66,494
2026-05-07 09:30:00,22.67,22.6899,22.6595,22.6595,9208
2026-05-07 10:00:00,22.655,22.655,22.655,22.655,3163
2026-05-07 10:10:00,22.66,22.66,22.655,22.655,1175
2026-05-07 10:15:00,22.66,22.66,22.66,22.66,435
2026-05-07 10:20:00,22.66,22.66,22.66,22.66,300
2026-05-07 10:25:00,22.65,22.65,22.65,22.65,100
2026-05-07 10:30:00,22.6444,22.65,22.6444,22.65,768
2026-05-07 10:45:00,22.645,22.645,22.645,22.645,441
2026-05-07 10:50:00,22.65,22.65,22.65,22.65,350
2026-05-07 10:55:00,22.66,22.66,22.66,22.66,375
2026-05-07 11:00:00,22.66,22.66,22.66,22.66,100
2026-05-07 11:10:00,22.65,22.65,22.65,22.65,790
2026-05-07 11:20:00,22.65,22.65,22.6301,22.6399,4538
2026-05-07 11:25:00,22.63,22.635,22.63,22.635,850
2026-05-07 11:30:00,22.625,22.625,22.625,22.625,100
2026-05-07 11:40:00,22.6272,22.6272,22.6101,22.6101,1024
2026-05-07 11:45:00,22.62,22.62,22.62,22.62,103
2026-05-07 12:00:00,22.62,22.62,22.6186,22.6186,500
2026-05-07 12:05:00,22.6,22.6,22.6,22.6,3258
2026-05-07 12:10:00,22.61,22.615,22.61,22.615,6334
2026-05-07 12:15:00,22.61,22.615,22.61,22.615,2550
2026-05-07 12:20:00,22.61,22.61,22.61,22.61,100
2026-05-07 12:25:00,22.6195,22.6195,22.6195,22.6195,404
2026-05-07 12:35:00,22.6082,22.62,22.6082,22.61,1335
2026-05-07 12:45:00,22.608,22.608,22.608,22.608,797
2026-05-07 13:15:00,22.6,22.6,22.6,22.6,200
2026-05-07 13:25:00,22.59,22.59,22.59,22.59,400
2026-05-07 13:30:00,22.585,22.585,22.58,22.58,1735
2026-05-07 13:35:00,22.58,22.58,22.58,22.58,134
2026-05-07 13:40:00,22.5742,22.5742,22.5742,22.5742,238
2026-05-07 13:50:00,22.58,22.58,22.58,22.58,100
2026-05-07 14:05:00,22.584,22.584,22.584,22.584,1000
2026-05-07 14:15:00,22.58,22.59,22.58,22.584,2909
2026-05-07 14:30:00,22.59,22.59,22.58,22.585,9071
2026-05-07 15:00:00,22.5801,22.5801,22.5801,22.5801,140
2026-05-07 15:30:00,22.5796,22.58,22.5796,22.58,555
2026-05-07 15:40:00,22.58,22.58,22.58,22.58,200
2026-05-07 15:55:00,22.58,22.66,22.58,22.61,3957
2026-05-07 16:00:00,22.59,22.59,22.59,22.59,1817
2026-05-08 09:30:00,22.64,22.64,22.64,22.64,183
2026-05-08 09:40:00,22.63,22.64,22.63,22.64,343
2026-05-08 09:50:00,22.6499,22.6499,22.6499,22.6499,2781
2026-05-08 09:55:00,22.6497,22.6497,22.6497,22.6497,397
2026-05-08 10:00:00,22.6363,22.65,22.6363,22.65,2969
2026-05-08 10:05:00,22.64,22.64,22.64,22.64,238
2026-05-08 10:15:00,22.64,22.64,22.64,22.64,100
2026-05-08 10:25:00,22.65,22.65,22.6499,22.6499,1006
2026-05-08 10:30:00,22.64,22.65,22.64,22.64,5115
2026-05-08 10:50:00,22.6301,22.64,22.6301,22.64,3834
2026-05-08 10:55:00,22.64,22.64,22.64,22.64,132
2026-05-08 11:10:00,22.6365,22.6365,22.6365,22.6365,1372
2026-05-08 11:30:00,22.63,22.635,22.63,22.635,1377
2026-05-08 11:45:00,22.63,22.63,22.63,22.63,1353
2026-05-08 11:50:00,22.6355,22.6355,22.6355,22.6355,221
2026-05-08 12:05:00,22.64,22.64,22.64,22.64,100
2026-05-08 12:20:00,22.635,22.635,22.635,22.635,671
2026-05-08 12:30:00,22.635,22.6399,22.635,22.6399,1103
2026-05-08 12:35:00,22.64,22.64,22.6366,22.6366,1296
2026-05-08 12:45:00,22.635,22.64,22.635,22.64,639
2026-05-08 13:00:00,22.63,22.635,22.63,22.635,1279
2026-05-08 13:20:00,22.64,22.64,22.64,22.64,236
2026-05-08 13:25:00,22.6398,22.64,22.6398,22.64,1428
2026-05-08 13:30:00,22.64,22.64,22.64,22.64,200
2026-05-08 14:05:00,22.6399,22.65,22.6399,22.65,4073
2026-05-08 14:10:00,22.6499,22.6499,22.6499,22.6499,150
2026-05-08 14:30:00,22.6499,22.65,22.6466,22.65,4426
2026-05-08 15:00:00,22.645,22.645,22.645,22.645,234
2026-05-08 15:05:00,22.645,22.65,22.645,22.65,306
2026-05-08 15:15:00,22.641,22.65,22.641,22.6497,2381
2026-05-08 15:45:00,22.65,22.66,22.65,22.655,1400
2026-05-08 15:50:00,22.655,22.66,22.65,22.65,19819
2026-05-08 15:55:00,22.65,22.67,22.65,22.665,7385
2026-05-08 16:00:00,22.66,22.66,22.66,22.66,7525
2026-05-11 09:30:00,22.65,22.65,22.64,22.64,408
2026-05-11 09:35:00,22.6399,22.6399,22.6399,22.6399,200
2026-05-11 09:40:00,22.6398,22.6398,22.63,22.63,2142
2026-05-11 10:00:00,22.63,22.63,22.63,22.63,100
2026-05-11 10:10:00,22.6299,22.6299,22.6299,22.6299,859
2026-05-11 10:15:00,22.62,22.62,22.62,22.62,375
2026-05-11 10:25:00,22.63,22.63,22.63,22.63,150
2026-05-11 10:30:00,22.6299,22.6299,22.6201,22.6201,685
2026-05-11 10:35:00,22.62,22.62,22.6198,22.6198,600
2026-05-11 10:40:00,22.6199,22.6199,22.6199,22.6199,1892
2026-05-11 11:10:00,22.6199,22.6199,22.6199,22.6199,120
2026-05-11 11:20:00,22.615,22.625,22.615,22.625,5636
2026-05-11 11:25:00,22.626,22.6299,22.626,22.6299,7252
2026-05-11 11:30:00,22.635,22.64,22.635,22.64,684
2026-05-11 11:55:00,22.63,22.63,22.63,22.63,100
2026-05-11 12:00:00,22.6207,22.6207,22.6207,22.6207,471
2026-05-11 12:05:00,22.625,22.6299,22.625,22.6299,1832
2026-05-11 12:15:00,22.63,22.63,22.63,22.63,100
2026-05-11 12:45:00,22.6299,22.6299,22.6299,22.6299,153
2026-05-11 12:55:00,22.625,22.625,22.625,22.625,800
2026-05-11 13:05:00,22.625,22.625,22.625,22.625,100
2026-05-11 13:20:00,22.62,22.62,22.62,22.62,121
2026-05-11 13:25:00,22.6298,22.6298,22.6298,22.6298,676
2026-05-11 13:30:00,22.6298,22.6298,22.6298,22.6298,3242
2026-05-11 13:45:00,22.625,22.625,22.6198,22.6198,650
2026-05-11 14:00:00,22.61,22.61,22.61,22.61,1300
2026-05-11 14:05:00,22.61,22.62,22.61,22.62,1788
2026-05-11 14:10:00,22.611,22.611,22.611,22.611,132
2026-05-11 14:20:00,22.62,22.62,22.615,22.615,1300
2026-05-11 14:25:00,22.6101,22.6101,22.6101,22.6101,1217
2026-05-11 14:35:00,22.62,22.62,22.62,22.62,128
2026-05-11 14:40:00,22.62,22.62,22.62,22.62,200
2026-05-11 15:05:00,22.61,22.61,22.605,22.605,1488
2026-05-11 15:20:00,22.61,22.61,22.61,22.61,100
2026-05-11 15:30:00,22.6044,22.6044,22.6044,22.6044,1033
2026-05-11 15:35:00,22.6098,22.6098,22.6098,22.6098,238
2026-05-11 15:40:00,22.605,22.605,22.605,22.605,288
2026-05-11 15:55:00,22.61,22.61,22.61,22.61,3071
2026-05-11 16:00:00,22.61,22.61,22.61,22.61,966
2026-05-12 09:30:00,22.54,22.58,22.54,22.56,4999
2026-05-12 09:40:00,22.552,22.552,22.552,22.552,221
2026-05-12 09:45:00,22.55,22.55,22.5499,22.55,400
2026-05-12 10:00:00,22.55,22.55,22.55,22.55,100
2026-05-12 10:20:00,22.541,22.541,22.54,22.5401,4534
2026-05-12 10:25:00,22.5395,22.5395,22.5395,22.5395,265
2026-05-12 10:30:00,22.535,22.535,22.535,22.535,863
2026-05-12 10:40:00,22.5396,22.5396,22.5396,22.5396,374
2026-05-12 10:45:00,22.5399,22.54,22.5397,22.5397,3956
2026-05-12 11:05:00,22.53,22.53,22.53,22.53,400
2026-05-12 11:15:00,22.5298,22.5298,22.5298,22.5298,579
2026-05-12 11:20:00,22.53,22.53,22.53,22.53,100
2026-05-12 11:30:00,22.5398,22.5399,22.5398,22.5399,530
2026-05-12 11:35:00,22.5301,22.5301,22.5301,22.5301,149
2026-05-12 11:40:00,22.54,22.54,22.54,22.54,600
2026-05-12 11:45:00,22.5442,22.5442,22.5442,22.5442,713
2026-05-12 12:25:00,22.545,22.545,22.545,22.545,1629
2026-05-12 12:30:00,22.5401,22.5401,22.5401,22.5401,456
2026-05-12 12:35:00,22.549,22.55,22.549,22.55,10664
2026-05-12 12:50:00,22.55,22.55,22.55,22.55,100
2026-05-12 13:00:00,22.545,22.55,22.54,22.54,2216
2026-05-12 13:10:00,22.545,22.545,22.54,22.54,1460
2026-05-12 13:30:00,22.54,22.54,22.54,22.54,975
2026-05-12 13:35:00,22.545,22.545,22.545,22.545,258
2026-05-12 13:40:00,22.5499,22.5499,22.5499,22.5499,7300
2026-05-12 13:45:00,22.545,22.545,22.545,22.545,824
2026-05-12 13:50:00,22.543,22.55,22.543,22.544,993
2026-05-12 13:55:00,22.54,22.5401,22.535,22.535,5387
2026-05-12 14:00:00,22.531,22.535,22.531,22.535,1917
2026-05-12 14:15:00,22.53,22.53,22.53,22.53,282
2026-05-12 14:25:00,22.54,22.54,22.54,22.54,1200
2026-05-12 14:50:00,22.5303,22.535,22.5303,22.535,1410
2026-05-12 14:55:00,22.5397,22.5397,22.5397,22.5397,259
2026-05-12 15:00:00,22.5303,22.5303,22.5303,22.5303,454
2026-05-12 15:25:00,22.53,22.53,22.53,22.53,5960
2026-05-12 15:35:00,22.54,22.54,22.54,22.54,484
2026-05-12 15:40:00,22.54,22.55,22.54,22.54,7000
2026-05-12 15:50:00,22.545,22.545,22.545,22.545,5034
2026-05-12 15:55:00,22.545,22.555,22.545,22.555,715
2026-05-13 09:25:00,22.52,22.52,22.52,22.52,100
2026-05-13 09:30:00,22.52,22.55,22.52,22.55,1739
2026-05-13 10:00:00,22.5301,22.5432,22.53,22.53,3308
2026-05-13 10:05:00,22.54,22.54,22.54,22.54,233
2026-05-13 10:25:00,22.5393,22.5393,22.5393,22.5393,346
2026-05-13 10:30:00,22.53,22.53,22.53,22.53,100
2026-05-13 10:35:00,22.525,22.53,22.525,22.5299,1572
2026-05-13 10:55:00,22.53,22.53,22.525,22.525,276
2026-05-13 11:00:00,22.53,22.53,22.53,22.53,300
2026-05-13 11:05:00,22.5203,22.5299,22.5203,22.5299,869
2026-05-13 11:30:00,22.52,22.52,22.52,22.52,100
2026-05-13 11:45:00,22.525,22.53,22.525,22.5266,4400
2026-05-13 11:50:00,22.5243,22.5243,22.5243,22.5243,194
2026-05-13 12:10:00,22.53,22.53,22.53,22.53,200
2026-05-13 12:15:00,22.53,22.53,22.53,22.53,350
2026-05-13 12:20:00,22.5302,22.54,22.5302,22.54,897
2026-05-13 12:25:00,22.55,22.55,22.545,22.545,2680
2026-05-13 12:40:00,22.5598,22.5598,22.5598,22.5598,2220
2026-05-13 12:45:00,22.545,22.545,22.545,22.545,2000
2026-05-13 12:55:00,22.55,22.55,22.545,22.55,2105
2026-05-13 13:00:00,22.55,22.55,22.55,22.55,200
2026-05-13 13:25:00,22.5499,22.5499,22.5499,22.5499,922
2026-05-13 13:30:00,22.55,22.55,22.545,22.545,500
2026-05-13 13:45:00,22.545,22.545,22.545,22.545,250
2026-05-13 14:20:00,22.55,22.5501,22.55,22.5501,308
2026-05-13 14:35:00,22.55,22.5501,22.54,22.545,3627
2026-05-13 14:50:00,22.55,22.55,22.548,22.55,8060
2026-05-13 15:10:00,22.5402,22.55,22.5402,22.55,410
2026-05-13 15:15:00,22.5401,22.5401,22.5401,22.5401,1469
2026-05-13 15:25:00,22.5499,22.5499,22.5499,22.5499,723
2026-05-13 15:30:00,22.55,22.56,22.55,22.56,696
2026-05-13 15:40:00,22.54,22.54,22.53,22.53,6440
2026-05-13 15:45:00,22.5497,22.5497,22.5406,22.545,813
2026-05-13 15:50:00,22.55,22.55,22.55,22.55,100
2026-05-13 15:55:00,22.56,22.56,22.56,22.56,1662
2026-05-13 16:00:00,22.54,22.54,22.54,22.54,258
2026-05-14 09:25:00,22.57,22.57,22.56,22.56,400
2026-05-14 09:30:00,22.57,22.57,22.57,22.57,5334
2026-05-14 09:35:00,22.5701,22.5701,22.5701,22.5701,173
2026-05-14 09:40:00,22.5899,22.5899,22.5899,22.5899,892
2026-05-14 10:10:00,22.56,22.56,22.56,22.56,139
2026-05-14 10:20:00,22.5707,22.5707,22.56,22.56,298
2026-05-14 10:25:00,22.56,22.57,22.56,22.57,881
2026-05-14 10:35:00,22.57,22.57,22.57,22.57,238
2026-05-14 10:45:00,22.57,22.57,22.57,22.57,1214
2026-05-14 10:50:00,22.5799,22.5799,22.5799,22.5799,161
2026-05-14 11:00:00,22.5701,22.5701,22.5701,22.5701,508
2026-05-14 11:10:00,22.5722,22.5722,22.5722,22.5722,269
2026-05-14 11:35:00,22.57,22.57,22.57,22.57,300
2026-05-14 11:40:00,22.589,22.589,22.589,22.589,190
2026-05-14 11:45:00,22.58,22.58,22.58,22.58,844
2026-05-14 12:25:00,22.5844,22.5844,22.5844,22.5844,100
2026-05-14 12:30:00,22.5801,22.5801,22.5801,22.5801,3442
2026-05-14 12:40:00,22.585,22.585,22.585,22.585,325
2026-05-14 12:45:00,22.58,22.5801,22.575,22.58,8873
2026-05-14 12:50:00,22.58,22.58,22.58,22.58,100
2026-05-14 12:55:00,22.575,22.575,22.575,22.575,244
2026-05-14 13:05:00,22.5801,22.5801,22.5801,22.5801,241
2026-05-14 13:15:00,22.5797,22.5797,22.5797,22.5797,421
2026-05-14 13:20:00,22.5799,22.5799,22.5799,22.5799,2000
2026-05-14 13:30:00,22.575,22.575,22.575,22.575,385
2026-05-14 13:35:00,22.575,22.575,22.575,22.575,1232
2026-05-14 13:50:00,22.5784,22.5784,22.5784,22.5784,700
2026-05-14 13:55:00,22.5786,22.5786,22.5786,22.5786,200
2026-05-14 14:00:00,22.5699,22.5699,22.5699,22.5699,1236
2026-05-14 14:05:00,22.5601,22.5601,22.5601,22.5601,3640
2026-05-14 14:10:00,22.565,22.565,22.565,22.565,105
2026-05-14 14:20:00,22.57,22.57,22.57,22.57,100
2026-05-14 14:35:00,22.565,22.57,22.565,22.57,400
2026-05-14 14:40:00,22.5699,22.5699,22.5699,22.5699,1152
2026-05-14 14:45:00,22.565,22.565,22.565,22.565,3455
2026-05-14 14:50:00,22.5668,22.5668,22.5668,22.5668,355
2026-05-14 14:55:00,22.5604,22.57,22.5604,22.57,491
2026-05-14 15:00:00,22.565,22.5668,22.565,22.565,899
2026-05-14 15:05:00,22.564,22.564,22.564,22.564,653
2026-05-14 15:10:00,22.565,22.565,22.565,22.565,250
2026-05-14 15:20:00,22.5689,22.5689,22.5689,22.5689,130
2026-05-14 15:25:00,22.565,22.565,22.565,22.565,158
2026-05-14 15:35:00,22.56,22.56,22.56,22.56,244
2026-05-14 15:45:00,22.5599,22.5599,22.5599,22.5599,1014
2026-05-14 15:50:00,22.545,22.57,22.545,22.57,4078
2026-05-14 15:55:00,22.545,22.555,22.545,22.555,2040
2026-05-14 16:00:00,22.56,22.56,22.56,22.56,674
2026-05-15 09:30:00,22.46,22.46,22.46,22.46,585
2026-05-15 09:35:00,22.4591,22.4591,22.4591,22.4591,150
2026-05-15 09:45:00,22.45,22.45,22.45,22.45,413
2026-05-15 09:50:00,22.4302,22.4302,22.4302,22.4302,5916
2026-05-15 10:10:00,22.44,22.44,22.44,22.44,462
2026-05-15 10:15:00,22.45,22.45,22.445,22.445,300
2026-05-15 10:25:00,22.448,22.448,22.448,22.448,1237
2026-05-15 10:35:00,22.46,22.46,22.46,22.46,100
2026-05-15 10:45:00,22.45,22.45,22.45,22.45,5210
2026-05-15 11:10:00,22.44,22.44,22.44,22.44,100
2026-05-15 11:15:00,22.445,22.45,22.445,22.4499,1334
2026-05-15 11:30:00,22.45,22.45,22.45,22.45,100
2026-05-15 11:40:00,22.445,22.445,22.4375,22.44,5353
2026-05-15 11:45:00,22.44,22.44,22.44,22.44,1900
2026-05-15 12:00:00,22.435,22.4399,22.435,22.4399,2389
2026-05-15 12:20:00,22.435,22.435,22.435,22.435,116
2026-05-15 12:25:00,22.44,22.44,22.44,22.44,100
2026-05-15 12:30:00,22.4399,22.4399,22.4399,22.4399,219
2026-05-15 12:35:00,22.43,22.4301,22.43,22.4301,566
2026-05-15 12:50:00,22.4394,22.4394,22.4394,22.4394,1050
2026-05-15 12:55:00,22.43,22.43,22.43,22.43,100
2026-05-15 13:15:00,22.43,22.43,22.43,22.43,100
2026-05-15 13:25:00,22.44,22.44,22.44,22.44,100
2026-05-15 14:00:00,22.44,22.44,22.44,22.44,784
2026-05-15 14:05:00,22.44,22.44,22.44,22.44,2216
2026-05-15 14:45:00,22.43,22.45,22.43,22.445,15794
2026-05-15 14:55:00,22.44,22.44,22.43,22.43,1423
2026-05-15 15:00:00,22.44,22.44,22.4217,22.4217,200
2026-05-15 15:10:00,22.4399,22.4399,22.4399,22.4399,3061
2026-05-15 15:30:00,22.44,22.44,22.44,22.44,100
2026-05-15 15:50:00,22.4302,22.4302,22.4302,22.4302,1489
2026-05-15 15:55:00,22.44,22.47,22.44,22.46,4319
2026-05-15 16:00:00,22.43,22.43,22.43,22.43,358
2026-05-18 09:30:00,22.42,22.4599,22.42,22.4599,1363
2026-05-18 09:35:00,22.45,22.4766,22.45,22.4766,854
2026-05-18 09:40:00,22.4301,22.445,22.4301,22.445,1367
2026-05-18 09:45:00,22.44,22.44,22.44,22.44,129
2026-05-18 09:50:00,22.46,22.46,22.46,22.46,222
2026-05-18 09:55:00,22.47,22.47,22.47,22.47,1929
2026-05-18 10:05:00,22.4697,22.4697,22.465,22.465,379
2026-05-18 10:15:00,22.465,22.465,22.465,22.465,100
2026-05-18 10:25:00,22.46,22.46,22.4401,22.4489,1028
2026-05-18 10:35:00,22.43,22.43,22.43,22.43,100
2026-05-18 10:45:00,22.43,22.43,22.43,22.43,450
2026-05-18 10:50:00,22.43,22.435,22.43,22.435,519
2026-05-18 10:55:00,22.4301,22.4301,22.4301,22.4301,1270
2026-05-18 11:05:00,22.43,22.43,22.43,22.43,100
2026-05-18 11:25:00,22.43,22.43,22.4201,22.4201,1034
2026-05-18 11:30:00,22.42,22.4201,22.42,22.42,1690
2026-05-18 11:35:00,22.42,22.42,22.42,22.42,100
2026-05-18 11:40:00,22.425,22.425,22.425,22.425,171
2026-05-18 11:45:00,22.4299,22.4299,22.4299,22.4299,646
2026-05-18 11:50:00,22.42,22.42,22.42,22.42,300
2026-05-18 12:10:00,22.43,22.43,22.4291,22.4291,844
2026-05-18 12:15:00,22.43,22.43,22.43,22.43,2349
2026-05-18 12:30:00,22.42,22.42,22.42,22.42,100
2026-05-18 12:35:00,22.425,22.425,22.425,22.425,1292
2026-05-18 12:40:00,22.4298,22.4299,22.4298,22.4299,2387
2026-05-18 13:00:00,22.42,22.42,22.42,22.42,100
2026-05-18 13:15:00,22.43,22.43,22.43,22.43,635
2026-05-18 13:35:00,22.42,22.42,22.42,22.42,100
2026-05-18 13:40:00,22.42,22.4248,22.42,22.4201,996
2026-05-18 13:55:00,22.43,22.43,22.4299,22.4299,2892
2026-05-18 14:00:00,22.42,22.42,22.42,22.42,2735
2026-05-18 14:05:00,22.4199,22.4199,22.415,22.415,2833
2026-05-18 14:10:00,22.415,22.42,22.41,22.41,2332
2026-05-18 14:15:00,22.41,22.4191,22.41,22.4191,982
2026-05-18 14:20:00,22.403,22.405,22.4001,22.405,848
2026-05-18 14:30:00,22.394,22.405,22.394,22.405,2526
2026-05-18 14:40:00,22.4,22.4,22.4,22.4,100
2026-05-18 14:45:00,22.3983,22.3983,22.3983,22.3983,195
2026-05-18 14:55:00,22.395,22.395,22.395,22.395,271
2026-05-18 15:00:00,22.4,22.41,22.4,22.41,200
2026-05-18 15:15:00,22.4174,22.4174,22.4174,22.4174,341
2026-05-18 15:20:00,22.4032,22.4032,22.4032,22.4032,463
2026-05-18 15:30:00,22.4184,22.4184,22.4184,22.4184,630
2026-05-18 15:35:00,22.415,22.415,22.415,22.415,1473
2026-05-18 15:45:00,22.415,22.42,22.415,22.42,2419
2026-05-18 15:55:00,22.43,22.43,22.42,22.42,504
2026-05-18 16:00:00,22.42,22.42,22.42,22.42,1501
2026-05-19 09:30:00,22.36,22.36,22.3598,22.3598,2558
2026-05-19 09:45:00,22.345,22.345,22.345,22.345,1600
2026-05-19 09:50:00,22.341,22.35,22.34,22.34,5460
2026-05-19 09:55:00,22.35,22.35,22.35,22.35,500
2026-05-19 10:00:00,22.341,22.35,22.34,22.35,6900
2026-05-19 10:10:00,22.34,22.34,22.34,22.34,400
2026-05-19 10:15:00,22.3402,22.3481,22.3402,22.3481,1142
2026-05-19 10:20:00,22.33,22.33,22.33,22.33,1000
2026-05-19 10:25:00,22.31,22.31,22.31,22.31,1000
2026-05-19 10:30:00,22.315,22.315,22.315,22.315,900
2026-05-19 10:35:00,22.315,22.33,22.315,22.3199,8400
2026-05-19 10:40:00,22.3201,22.3201,22.3201,22.3201,1185
2026-05-19 10:50:00,22.31,22.31,22.31,22.31,448
2026-05-19 10:55:00,22.32,22.329,22.317,22.32,4772
2026-05-19 11:00:00,22.325,22.325,22.325,22.325,1314
2026-05-19 11:15:00,22.33,22.33,22.33,22.33,600
2026-05-19 11:25:00,22.3301,22.3301,22.3301,22.3301,470
2026-05-19 11:35:00,22.3205,22.3205,22.3205,22.3205,2391
2026-05-19 11:45:00,22.33,22.335,22.33,22.335,700
2026-05-19 11:55:00,22.335,22.335,22.335,22.335,499
2026-05-19 12:00:00,22.33,22.33,22.33,22.33,100
2026-05-19 12:20:00,22.335,22.335,22.335,22.335,4800
2026-05-19 12:45:00,22.34,22.345,22.34,22.345,2820
2026-05-19 12:50:00,22.345,22.345,22.345,22.345,418
2026-05-19 13:20:00,22.3568,22.3568,22.3568,22.3568,2637
2026-05-19 13:30:00,22.365,22.365,22.365,22.365,100
2026-05-19 13:35:00,22.365,22.365,22.365,22.365,913
2026-05-19 13:40:00,22.3699,22.3699,22.3699,22.3699,185
2026-05-19 14:00:00,22.3682,22.3682,22.3682,22.3682,846
2026-05-19 14:10:00,22.37,22.37,22.365,22.365,400
2026-05-19 14:15:00,22.3698,22.3698,22.3698,22.3698,144
2026-05-19 14:25:00,22.3696,22.3696,22.3696,22.3696,2594
2026-05-19 14:30:00,22.36,22.36,22.36,22.36,2148
2026-05-19 14:40:00,22.3506,22.3506,22.3506,22.3506,352
2026-05-19 14:50:00,22.36,22.36,22.36,22.36,448
2026-05-19 14:55:00,22.35,22.35,22.345,22.345,2897
2026-05-19 15:00:00,22.345,22.345,22.345,22.345,962
2026-05-19 15:10:00,22.345,22.345,22.345,22.345,910
2026-05-19 15:15:00,22.34,22.34,22.34,22.34,561
2026-05-19 15:20:00,22.345,22.345,22.3301,22.34,2000
2026-05-19 15:30:00,22.335,22.3356,22.335,22.3356,1211
2026-05-19 15:35:00,22.335,22.3365,22.335,22.3365,1166
2026-05-19 15:40:00,22.335,22.335,22.3301,22.3301,6313
2026-05-19 15:45:00,22.3369,22.34,22.335,22.335,3372
2026-05-19 15:55:00,22.335,22.34,22.335,22.34,1118
2026-05-19 16:00:00,22.32,22.32,22.32,22.32,1144
2026-05-20 09:30:00,22.37,22.37,22.37,22.37,1520
2026-05-20 09:35:00,22.37,22.37,22.35,22.35,4462
2026-05-20 09:40:00,22.36,22.36,22.36,22.36,139
2026-05-20 10:10:00,22.355,22.355,22.355,22.355,490
2026-05-20 10:15:00,22.37,22.405,22.37,22.4,813
2026-05-20 10:20:00,22.4,22.4,22.4,22.4,2537
2026-05-20 10:45:00,22.4259,22.4298,22.4201,22.4298,2040
2026-05-20 11:00:00,22.4499,22.4499,22.4499,22.4499,198
2026-05-20 11:15:00,22.45,22.45,22.45,22.45,100
2026-05-20 11:20:00,22.46,22.46,22.46,22.46,100
2026-05-20 11:30:00,22.47,22.47,22.47,22.47,500
2026-05-20 11:40:00,22.465,22.465,22.465,22.465,252
2026-05-20 12:10:00,22.465,22.465,22.465,22.465,103
2026-05-20 12:20:00,22.46,22.465,22.46,22.465,4391
2026-05-20 12:25:00,22.46,22.46,22.46,22.46,4138
2026-05-20 12:30:00,22.4497,22.45,22.4497,22.45,267
2026-05-20 12:35:00,22.45,22.45,22.445,22.445,7452
2026-05-20 12:40:00,22.445,22.455,22.445,22.455,477
2026-05-20 12:45:00,22.46,22.46,22.454,22.458,3310
2026-05-20 12:50:00,22.4599,22.4599,22.4599,22.4599,889
2026-05-20 13:00:00,22.465,22.465,22.465,22.465,3254
2026-05-20 13:05:00,22.46,22.4693,22.46,22.4693,2520
2026-05-20 13:10:00,22.46,22.46,22.46,22.46,255
2026-05-20 13:15:00,22.4599,22.4599,22.4599,22.4599,2895
2026-05-20 13:25:00,22.4558,22.46,22.4558,22.46,4635
2026-05-20 13:30:00,22.459,22.459,22.45,22.45,4765
2026-05-20 13:35:00,22.46,22.46,22.46,22.46,600
2026-05-20 13:40:00,22.4585,22.4585,22.4585,22.4585,180
2026-05-20 13:45:00,22.465,22.466,22.46,22.46,11538
2026-05-20 13:50:00,22.4699,22.47,22.4617,22.47,6465
2026-05-20 13:55:00,22.4598,22.4598,22.4598,22.4598,2452
2026-05-20 14:10:00,22.4597,22.4597,22.4597,22.4597,4694
2026-05-20 14:15:00,22.46,22.46,22.455,22.46,4476
2026-05-20 14:25:00,22.4599,22.4599,22.4599,22.4599,3389
2026-05-20 14:30:00,22.4599,22.4599,22.4599,22.4599,2879
2026-05-20 14:35:00,22.46,22.4658,22.46,22.4658,2095
2026-05-20 14:40:00,22.465,22.47,22.465,22.47,500
2026-05-20 14:55:00,22.465,22.465,22.465,22.465,354
2026-05-20 15:05:00,22.46,22.46,22.46,22.46,21889
2026-05-20 15:10:00,22.465,22.465,22.465,22.465,500
2026-05-20 15:15:00,22.4692,22.4698,22.4692,22.4698,753
2026-05-20 15:20:00,22.47,22.47,22.47,22.47,287
2026-05-20 15:25:00,22.465,22.465,22.465,22.465,124
2026-05-20 15:30:00,22.47,22.47,22.47,22.47,132
2026-05-20 15:35:00,22.475,22.475,22.475,22.475,2702
2026-05-20 15:45:00,22.48,22.48,22.475,22.475,1307
2026-05-20 15:50:00,22.4792,22.4792,22.4792,22.4792,397
2026-05-20 15:55:00,22.475,22.48,22.475,22.48,2178
2026-05-20 16:00:00,22.48,22.48,22.48,22.48,2395
2026-05-21 09:30:00,22.43,22.43,22.43,22.43,2990
2026-05-21 09:50:00,22.42,22.42,22.42,22.42,100
2026-05-21 10:15:00,22.43,22.43,22.43,22.43,873
2026-05-21 10:30:00,22.43,22.43,22.42,22.42,129350
2026-05-21 10:40:00,22.415,22.415,22.415,22.415,193
2026-05-21 10:45:00,22.415,22.42,22.415,22.42,913
2026-05-21 10:50:00,22.42,22.42,22.42,22.42,1000
2026-05-21 10:55:00,22.425,22.425,22.425,22.425,2674
2026-05-21 11:00:00,22.425,22.425,22.425,22.425,280
2026-05-21 11:05:00,22.4182,22.4182,22.4182,22.4182,856
2026-05-21 11:10:00,22.42,22.42,22.42,22.42,1057
2026-05-21 11:20:00,22.4298,22.43,22.4202,22.4202,6380
2026-05-21 11:30:00,22.425,22.425,22.425,22.425,235
2026-05-21 11:55:00,22.42,22.4202,22.42,22.4202,430
2026-05-21 12:00:00,22.4291,22.4291,22.4291,22.4291,163
2026-05-21 12:30:00,22.44,22.44,22.44,22.44,1540
2026-05-21 12:55:00,22.4385,22.4385,22.4385,22.4385,498
2026-05-21 13:00:00,22.45,22.45,22.45,22.45,100
2026-05-21 13:05:00,22.445,22.445,22.445,22.445,994
2026-05-21 13:10:00,22.45,22.4616,22.45,22.46,1080
2026-05-21 13:15:00,22.47,22.485,22.47,22.485,1189
2026-05-21 13:20:00,22.4888,22.49,22.485,22.49,6245
2026-05-21 13:30:00,22.4896,22.4896,22.4896,22.4896,10289
2026-05-21 13:35:00,22.49,22.49,22.48,22.48,9400
2026-05-21 13:40:00,22.48,22.48,22.48,22.48,35274
2026-05-21 13:45:00,22.48,22.49,22.48,22.49,3300
2026-05-21 13:50:00,22.49,22.49,22.4871,22.4871,4339
2026-05-21 13:55:00,22.485,22.485,22.4801,22.4801,9088
2026-05-21 14:00:00,22.485,22.485,22.485,22.485,7455
2026-05-21 14:05:00,22.48,22.4801,22.48,22.4801,8545
2026-05-21 14:10:00,22.485,22.485,22.485,22.485,8506
2026-05-21 14:15:00,22.485,22.485,22.4801,22.4801,6000
2026-05-21 14:20:00,22.48,22.48,22.48,22.48,316992
2026-05-21 14:30:00,22.49,22.49,22.49,22.49,1000
2026-05-21 14:35:00,22.49,22.49,22.49,22.49,10223
2026-05-21 14:50:00,22.4899,22.4899,22.48,22.48,11012
2026-05-21 14:55:00,22.48,22.48,22.465,22.465,8347
2026-05-21 15:10:00,22.465,22.47,22.465,22.47,3040
2026-05-21 15:30:00,22.485,22.485,22.485,22.485,2871
2026-05-21 15:35:00,22.4885,22.4885,22.4885,22.4885,222
2026-05-21 15:45:00,22.4897,22.4897,22.4897,22.4897,3442
2026-05-21 15:55:00,22.485,22.51,22.485,22.51,1703
2026-05-21 16:00:00,22.5,22.5,22.5,22.5,6886
2026-05-22 09:30:00,22.53,22.53,22.53,22.53,448
2026-05-22 09:35:00,22.55,22.55,22.55,22.55,1505
2026-05-22 09:40:00,22.53,22.53,22.52,22.525,1527
2026-05-22 10:00:00,22.5099,22.5099,22.5099,22.5099,918
2026-05-22 10:10:00,22.49,22.49,22.49,22.49,500
2026-05-22 10:15:00,22.49,22.4902,22.49,22.4902,200
2026-05-22 10:35:00,22.49,22.49,22.49,22.49,100
2026-05-22 10:50:00,22.485,22.485,22.4715,22.4715,2707
2026-05-22 10:55:00,22.48,22.49,22.48,22.485,3891
2026-05-22 11:05:00,22.4888,22.4888,22.485,22.485,2404
2026-05-22 11:10:00,22.4899,22.4899,22.485,22.485,1710
2026-05-22 11:30:00,22.485,22.509,22.485,22.5,24009
2026-05-22 12:00:00,22.495,22.495,22.495,22.495,152
2026-05-22 12:05:00,22.4901,22.4901,22.4901,22.4901,1216
2026-05-22 12:15:00,22.505,22.505,22.505,22.505,112
2026-05-22 12:30:00,22.495,22.495,22.495,22.495,163
2026-05-22 12:35:00,22.5,22.5,22.5,22.5,900
2026-05-22 12:40:00,22.495,22.495,22.495,22.495,1555
2026-05-22 13:00:00,22.505,22.505,22.505,22.505,1667
2026-05-22 13:05:00,22.505,22.505,22.505,22.505,100
2026-05-22 13:15:00,22.505,22.505,22.505,22.505,184
2026-05-22 13:20:00,22.5,22.505,22.5,22.505,1945
2026-05-22 13:25:00,22.505,22.505,22.505,22.505,100
2026-05-22 13:30:00,22.52,22.52,22.52,22.52,100
2026-05-22 14:00:00,22.505,22.505,22.505,22.505,216
2026-05-22 14:05:00,22.5145,22.5145,22.5145,22.5145,147
2026-05-22 14:40:00,22.515,22.515,22.515,22.515,856
2026-05-22 14:45:00,22.51,22.51,22.51,22.51,567
2026-05-22 14:55:00,22.5,22.55,22.46,22.55,56301
2026-05-22 15:00:00,22.51,22.51,22.51,22.51,1758
2026-05-22 15:10:00,22.5001,22.5001,22.5001,22.5001,136
2026-05-22 15:15:00,22.5098,22.5098,22.5098,22.5098,128
2026-05-22 15:20:00,22.5001,22.5001,22.5001,22.5001,1711
2026-05-22 15:40:00,22.505,22.505,22.505,22.505,109
2026-05-22 15:45:00,22.505,22.505,22.505,22.505,214
2026-05-22 15:50:00,22.505,22.505,22.505,22.505,853
2026-05-22 15:55:00,22.51,22.52,22.51,22.515,1920
2026-05-22 16:00:00,22.51,22.51,22.51,22.51,252