2026-03-23 09:30:00,49.66,49.66,49.5,49.5,26000
2026-03-23 09:55:00,49.7,49.7,49.7,49.7,100
2026-03-23 10:15:00,49.88,49.88,49.825,49.825,800
2026-03-24 15:00:00,49.55,49.55,49.55,49.55,300
2026-03-24 15:10:00,49.55,49.55,49.55,49.55,1000
2026-03-24 15:20:00,49.535,49.535,49.535,49.535,1009
2026-03-24 15:30:00,49.5697,49.5697,49.5697,49.5697,300
2026-03-24 15:40:00,49.53,49.56,49.53,49.5599,700
2026-03-25 11:05:00,49.64,49.64,49.64,49.64,1357
2026-03-25 11:25:00,49.58,49.58,49.58,49.58,1100
2026-03-25 13:25:00,49.58,49.58,49.58,49.58,100
2026-03-25 13:30:00,49.595,49.595,49.595,49.595,106
2026-03-25 15:05:00,49.6399,49.68,49.6399,49.68,2152
2026-03-25 15:35:00,49.68,49.68,49.68,49.68,100
2026-03-26 11:10:00,49.56,49.56,49.56,49.56,100
2026-03-26 12:00:00,49.5111,49.609,49.5111,49.609,313
2026-03-26 12:25:00,49.5101,49.5101,49.5101,49.5101,438
2026-03-26 14:35:00,49.56,49.56,49.56,49.56,100
2026-03-26 15:25:00,49.5,49.55,49.5,49.55,1235
2026-03-27 09:30:00,49.5,49.5,49.5,49.5,235
2026-03-27 12:05:00,49.45,49.45,49.45,49.45,100
2026-03-27 12:55:00,49.48,49.57,49.477,49.477,908
2026-03-27 13:00:00,49.53,49.53,49.53,49.53,300
2026-03-27 13:05:00,49.43,49.53,49.43,49.53,1237
2026-03-27 14:20:00,49.55,49.55,49.55,49.55,11772
2026-03-27 14:25:00,49.5699,49.5699,49.52,49.52,2402
2026-03-27 15:25:00,49.52,49.52,49.52,49.52,497
2026-03-27 15:55:00,49.52,49.52,49.52,49.52,487
2026-03-30 12:00:00,49.67,49.68,49.67,49.67,1000
2026-03-30 12:25:00,49.54,49.5401,49.54,49.5401,200
2026-03-30 13:50:00,49.5982,49.5982,49.5982,49.5982,300
2026-03-30 14:25:00,49.6284,49.6284,49.6284,49.6284,430
2026-03-30 15:25:00,49.59,49.59,49.59,49.59,605
2026-03-31 11:10:00,49.74,49.74,49.74,49.74,100
2026-03-31 15:25:00,49.79,49.79,49.79,49.79,150
2026-03-31 15:50:00,49.8,49.84,49.8,49.84,389
2026-03-31 15:55:00,49.83,49.85,49.83,49.85,1110
2026-04-01 14:40:00,49.89,49.96,49.89,49.96,3063
2026-04-01 15:50:00,49.959,49.96,49.959,49.96,2200
2026-04-01 15:55:00,49.98,49.98,49.98,49.98,200
2026-04-02 12:50:00,49.97,49.97,49.97,49.97,9746
2026-04-02 14:05:00,49.92,49.92,49.92,49.92,100
2026-04-02 15:40:00,49.95,50.03,49.95,50.03,3972
2026-04-02 15:45:00,49.99,50.04,49.99,50,2480
2026-04-06 10:30:00,50.08,50.08,50.08,50.08,100
2026-04-06 15:15:00,49.9201,50.03,49.9201,50.02,2402
2026-04-07 11:15:00,49.82,49.82,49.82,49.82,100
2026-04-07 15:10:00,49.9,49.91,49.9,49.91,2561
2026-04-07 15:25:00,49.83,49.8686,49.83,49.8686,200
2026-04-08 09:30:00,49.98,49.98,49.98,49.98,406
2026-04-08 09:40:00,50.17,50.18,50.17,50.18,1400
2026-04-08 10:35:00,50.12,50.12,50.12,50.12,150
2026-04-08 12:00:00,50.13,50.13,50.13,50.13,100
2026-04-08 16:00:00,50.03,50.03,50.03,50.03,110
2026-04-09 11:10:00,50.03,50.03,49.98,49.98,3112
2026-04-09 11:25:00,49.995,49.995,49.995,49.995,300
2026-04-09 12:15:00,50.09,50.09,50.09,50.09,100
2026-04-09 13:05:00,50.09,50.09,50.09,50.09,300
2026-04-09 14:05:00,50.11,50.11,50.11,50.11,100
2026-04-09 14:50:00,50.14,50.18,50.14,50.18,200
2026-04-09 15:20:00,50.17,50.17,50.17,50.17,100
2026-04-10 09:30:00,50.22,50.22,50.22,50.22,769
2026-04-10 09:35:00,50.135,50.135,50.135,50.135,175
2026-04-10 09:50:00,50.14,50.14,50.12,50.12,600
2026-04-10 09:55:00,50.12,50.12,50.1,50.1136,1250
2026-04-10 10:00:00,50.075,50.075,50.075,50.075,600
2026-04-10 10:25:00,50.08,50.08,50.08,50.08,556
2026-04-13 09:45:00,50.09,50.09,50.09,50.09,100
2026-04-13 10:10:00,50.12,50.12,50.12,50.12,100
2026-04-13 11:20:00,50.125,50.125,50.12,50.12,200
2026-04-13 11:25:00,50.12,50.12,50.12,50.12,100
2026-04-13 11:35:00,50.12,50.12,50.12,50.12,100
2026-04-13 12:00:00,50.11,50.115,50.11,50.115,200
2026-04-13 12:05:00,50.12,50.12,50.11,50.11,200
2026-04-13 12:15:00,50.055,50.055,50.055,50.055,977
2026-04-13 14:15:00,50.16,50.16,50.16,50.16,100
2026-04-13 15:20:00,50.13,50.13,50.13,50.13,236
2026-04-14 09:45:00,50.18,50.18,50.18,50.18,100
2026-04-14 12:00:00,50.15,50.15,50.15,50.15,200
2026-04-14 12:15:00,50.16,50.16,50.16,50.16,100
2026-04-14 14:15:00,50.18,50.18,50.125,50.125,300
2026-04-14 15:25:00,50.0805,50.18,50.08,50.18,846
2026-04-15 10:50:00,50.16,50.16,50.15,50.15,200
2026-04-15 11:05:00,50.14,50.14,50.14,50.14,100
2026-04-15 12:45:00,50.02,50.0201,49.88,49.99,640
2026-04-15 14:40:00,50.1,50.1,50.0999,50.1,1699
2026-04-15 15:55:00,50.075,50.22,50.075,50.2,3978
2026-04-16 09:30:00,50.31,50.31,50.31,50.31,682
2026-04-16 09:35:00,50.16,50.16,50.16,50.16,100
2026-04-16 10:30:00,50.08,50.0801,50.08,50.0801,500
2026-04-16 11:55:00,50.1599,50.1599,50.1599,50.1599,109
2026-04-16 12:00:00,50.16,50.16,50.1599,50.16,4300
2026-04-16 13:05:00,50.16,50.19,50.16,50.17,2230
2026-04-16 14:15:00,50.1555,50.1555,50.1555,50.1555,116
2026-04-16 14:55:00,50.0709,50.19,50.0709,50.19,1973
2026-04-16 15:15:00,50.19,50.19,50.19,50.19,116
2026-04-17 09:10:00,50.19,50.19,50.19,50.19,700
2026-04-17 10:00:00,50.24,50.24,50.24,50.24,100
2026-04-17 10:20:00,50.2405,50.248,50.2405,50.242,600
2026-04-17 10:40:00,50.29,50.29,50.29,50.29,200
2026-04-17 11:05:00,50.3,50.3,50.3,50.3,100
2026-04-17 11:20:00,50.3,50.3,50.3,50.3,100
2026-04-17 11:40:00,50.29,50.29,50.29,50.29,100
2026-04-17 14:55:00,50.27,50.27,50.27,50.27,700
2026-04-20 10:35:00,50.25,50.25,50.25,50.25,100
2026-04-20 11:30:00,50.27,50.29,50.27,50.29,1230
2026-04-20 15:25:00,50.27,50.27,50.27,50.27,596
2026-04-20 15:50:00,50.31,50.31,50.31,50.31,1100
2026-04-21 12:15:00,50.31,50.31,50.31,50.31,500
2026-04-21 12:40:00,50.3,50.31,50.3,50.3,2000
2026-04-21 15:30:00,50.299,50.299,50.278,50.278,305
2026-04-21 15:50:00,50.27,50.27,50.27,50.27,100