2026-04-08 11:35:00,29.6,29.6,29.6,29.6,392
2026-04-08 12:55:00,29.69,29.69,29.69,29.69,100
2026-04-09 15:05:00,29.84,29.8401,29.84,29.8401,496
2026-04-13 10:15:00,30.22,30.22,30.22,30.22,8500
2026-04-13 19:45:00,30.56,30.56,30.56,30.56,100
2026-04-14 14:15:00,31.08,31.13,31.08,31.13,1900
2026-04-14 14:35:00,31.0892,31.09,31.03,31.085,1710
2026-04-15 14:30:00,30.79,30.79,30.79,30.79,300
2026-04-16 11:00:00,30.8,30.8,30.79,30.79,925
2026-04-16 11:35:00,30.93,30.93,30.93,30.93,500
2026-04-16 14:10:00,30.73,30.73,30.73,30.73,283
2026-04-16 14:20:00,30.83,30.83,30.83,30.83,400
2026-04-16 15:45:00,30.83,30.83,30.83,30.83,200
2026-04-17 10:25:00,31.23,31.23,31.23,31.23,100
2026-04-17 12:10:00,31.25,31.25,31.25,31.25,100
2026-04-20 10:25:00,31.04,31.04,31.04,31.04,235
2026-04-20 10:50:00,31.06,31.06,31.06,31.06,142
2026-04-20 11:05:00,30.9899,30.9899,30.9899,30.9899,320
2026-04-20 11:10:00,31.01,31.01,31.01,31.01,100
2026-04-20 13:25:00,31.12,31.12,31.12,31.12,193
2026-04-20 15:20:00,31.2,31.2,31.2,31.2,1500
2026-04-21 10:25:00,31.0199,31.0199,31.0199,31.0199,650
2026-04-23 09:40:00,31.77,31.77,31.77,31.77,106
2026-04-23 10:45:00,31.74,31.74,31.74,31.74,157
2026-04-24 10:30:00,31.72,31.72,31.7,31.7,449
2026-04-24 11:20:00,31.9201,31.9201,31.9201,31.9201,100
2026-04-27 12:50:00,31.265,31.265,31.265,31.265,480
2026-04-27 14:10:00,31.35,31.35,31.35,31.35,250
2026-04-27 14:30:00,31.33,31.33,31.33,31.33,100
2026-04-28 13:50:00,30.73,30.73,30.73,30.73,203
2026-04-28 15:45:00,30.8,30.8,30.8,30.8,300
2026-05-01 09:45:00,31.19,31.19,31.19,31.19,111
2026-05-01 11:00:00,31.28,31.28,31.28,31.28,750
2026-05-01 11:05:00,31.27,31.27,31.27,31.27,2000
2026-05-01 14:25:00,31.31,31.31,31.31,31.31,1400
2026-05-01 15:00:00,31.26,31.26,31.26,31.26,100
2026-05-01 15:05:00,31.26,31.26,31.26,31.26,100
2026-05-01 15:10:00,31.26,31.26,31.26,31.26,100
2026-05-01 15:20:00,31.25,31.25,31.25,31.25,100
2026-05-01 15:25:00,31.24,31.24,31.24,31.24,100
2026-05-01 15:30:00,31.24,31.24,31.23,31.23,200
2026-05-01 15:35:00,31.23,31.23,31.22,31.22,200
2026-05-01 15:40:00,31.21,31.22,31.2,31.22,300
2026-05-01 15:45:00,31.21,31.23,31.2,31.23,300
2026-05-01 15:50:00,31.22,31.24,31.2,31.23,500
2026-05-04 11:00:00,31.29,31.29,31.28,31.2801,1200
2026-05-05 09:35:00,31.86,31.86,31.8396,31.8396,996
2026-05-05 10:00:00,31.945,31.945,31.945,31.945,300
2026-05-06 12:05:00,32.03,32.03,32.03,32.03,250
2026-05-07 09:50:00,31.92,31.92,31.92,31.92,100
2026-05-07 11:20:00,31.78,31.78,31.77,31.77,1521
2026-05-08 12:10:00,31.77,31.77,31.77,31.77,2500