2026-04-07 09:30:00,31.65,31.65,31.34,31.34,770
2026-04-07 09:35:00,31.595,31.595,31.595,31.595,1422
2026-04-07 09:40:00,31.57,31.57,31.57,31.57,100
2026-04-07 09:45:00,31.56,31.56,31.56,31.56,100
2026-04-07 09:55:00,31.61,31.61,31.57,31.57,600
2026-04-07 10:05:00,31.255,31.255,31.255,31.255,100
2026-04-07 10:10:00,31.31,31.31,31.31,31.31,100
2026-04-07 10:15:00,31.31,31.34,31.31,31.34,1400
2026-04-07 10:20:00,31.38,31.43,31.38,31.43,300
2026-04-07 10:35:00,31.43,31.43,31.43,31.43,1000
2026-04-07 10:45:00,31.43,31.43,31.43,31.43,400
2026-04-07 10:50:00,31.43,31.43,31.37,31.395,7059
2026-04-07 10:55:00,31.41,31.41,31.38,31.39,2501
2026-04-07 11:05:00,31.22,31.22,31.22,31.22,3186
2026-04-07 11:10:00,31.31,31.31,31.31,31.31,200
2026-04-07 11:15:00,31.4,31.4,31.375,31.375,965
2026-04-07 11:35:00,31.45,31.45,31.43,31.43,465
2026-04-07 11:40:00,31.425,31.425,31.42,31.42,1100
2026-04-07 11:50:00,31.42,31.42,31.42,31.42,415
2026-04-07 11:55:00,31.4998,31.4998,31.4998,31.4998,545
2026-04-07 12:00:00,31.69,31.69,31.6343,31.6343,4668
2026-04-07 12:05:00,31.625,31.625,31.6,31.6,1405
2026-04-07 12:15:00,31.62,31.62,31.62,31.62,400
2026-04-07 12:20:00,31.62,31.67,31.6,31.67,2000
2026-04-07 12:30:00,31.67,31.67,31.67,31.67,100
2026-04-07 12:40:00,31.685,31.685,31.685,31.685,631
2026-04-07 12:50:00,31.74,31.79,31.74,31.79,200
2026-04-07 12:55:00,31.7695,31.7695,31.7695,31.7695,750
2026-04-07 13:00:00,31.7144,31.7144,31.68,31.68,357
2026-04-07 13:05:00,31.72,31.74,31.7,31.7,300
2026-04-07 13:10:00,31.7,31.7,31.7,31.7,100
2026-04-07 13:15:00,31.66,31.66,31.66,31.66,1898
2026-04-07 13:20:00,31.65,31.65,31.65,31.65,400
2026-04-07 13:25:00,31.68,31.68,31.67,31.675,950
2026-04-07 13:30:00,31.69,31.69,31.69,31.69,400
2026-04-07 13:35:00,31.76,31.8,31.76,31.77,700
2026-04-07 13:40:00,31.7694,31.7694,31.76,31.76,414
2026-04-07 13:45:00,31.72,31.76,31.71,31.76,1364
2026-04-07 13:50:00,31.745,31.75,31.745,31.75,375
2026-04-07 14:00:00,31.725,31.725,31.725,31.725,315
2026-04-07 14:10:00,31.705,31.705,31.705,31.705,236
2026-04-07 14:15:00,31.7399,31.7399,31.7399,31.7399,110
2026-04-07 14:20:00,31.7,31.7,31.687,31.687,400
2026-04-07 14:25:00,31.7196,31.7196,31.6829,31.683,1493
2026-04-07 14:30:00,31.7,31.7,31.7,31.7,3097
2026-04-07 14:35:00,31.685,31.685,31.66,31.66,862
2026-04-07 14:40:00,31.65,31.65,31.65,31.65,131
2026-04-07 14:45:00,31.62,31.62,31.6199,31.6199,900
2026-04-07 14:50:00,31.585,31.585,31.56,31.56,293
2026-04-07 14:55:00,31.5,31.5011,31.5,31.5011,1059
2026-04-07 15:00:00,31.5599,31.5799,31.5599,31.5799,271
2026-04-07 15:05:00,31.53,31.53,31.53,31.53,100
2026-04-07 15:20:00,31.74,31.76,31.73,31.73,300
2026-04-07 15:25:00,31.68,31.68,31.68,31.68,238
2026-04-07 15:35:00,31.69,31.69,31.69,31.69,500
2026-04-07 15:45:00,31.86,31.86,31.84,31.84,200
2026-04-07 15:50:00,31.81,31.86,31.81,31.86,1015
2026-04-07 16:00:00,31.94,31.94,31.93,31.93,242
2026-04-07 18:10:00,32.04,32.04,32.04,32.04,100
2026-04-08 09:30:00,33.32,33.45,33.32,33.34,5901
2026-04-08 09:35:00,33.33,33.33,33.33,33.33,315
2026-04-08 09:45:00,33.2463,33.27,33.24,33.24,2104
2026-04-08 09:55:00,33.125,33.125,33.125,33.125,150
2026-04-08 10:00:00,33.06,33.07,33.06,33.07,736
2026-04-08 10:05:00,33.075,33.09,33,33,2212
2026-04-08 10:10:00,33.07,33.07,32.99,32.99,466
2026-04-08 10:15:00,33,33.025,33,33.025,450
2026-04-08 10:20:00,33.0596,33.0596,33.0535,33.055,1678
2026-04-08 10:25:00,33.0886,33.1,33.0886,33.1,1660
2026-04-08 10:30:00,32.9652,32.98,32.9652,32.98,405
2026-04-08 10:35:00,32.97,32.97,32.93,32.95,499
2026-04-08 10:40:00,32.97,32.97,32.97,32.97,100
2026-04-08 10:45:00,32.9064,32.969,32.9064,32.969,588
2026-04-08 11:00:00,32.8209,32.8209,32.8209,32.8209,236
2026-04-08 11:05:00,32.8942,32.8942,32.86,32.86,400
2026-04-08 11:10:00,32.82,32.909,32.82,32.909,250
2026-04-08 11:15:00,32.875,32.88,32.875,32.88,1600
2026-04-08 11:35:00,32.94,32.94,32.94,32.94,310
2026-04-08 11:40:00,32.93,32.93,32.93,32.93,300
2026-04-08 11:45:00,32.95,32.98,32.95,32.98,450
2026-04-08 11:50:00,33.035,33.035,33.035,33.035,850
2026-04-08 11:55:00,33.05,33.05,33.0001,33.0001,2574
2026-04-08 12:00:00,33.06,33.0642,33.06,33.0642,1401
2026-04-08 12:05:00,33.05,33.05,33.05,33.05,200
2026-04-08 12:20:00,33.025,33.025,33.025,33.025,2550
2026-04-08 12:25:00,33.02,33.04,33.02,33.04,642
2026-04-08 12:30:00,33.075,33.075,33.075,33.075,360
2026-04-08 12:45:00,33.15,33.15,33.15,33.15,452
2026-04-08 12:55:00,33.17,33.1799,33.165,33.165,738
2026-04-08 13:00:00,33.15,33.15,33.15,33.15,100
2026-04-08 13:05:00,33.12,33.12,33.12,33.12,600
2026-04-08 13:15:00,33.1385,33.1385,33.1385,33.1385,100
2026-04-08 13:20:00,33.08,33.1196,33.05,33.1196,2172
2026-04-08 13:25:00,33.085,33.085,33.07,33.07,6200
2026-04-08 13:30:00,33.0401,33.0401,33.0401,33.0401,700
2026-04-08 13:40:00,33.0999,33.0999,33.075,33.075,3628
2026-04-08 14:15:00,33.1237,33.1237,33.02,33.03,1030
2026-04-08 14:20:00,33.03,33.05,33.03,33.04,835
2026-04-08 14:25:00,33.055,33.055,33.03,33.03,1004
2026-04-08 14:40:00,33,33.0099,32.98,32.98,9875
2026-04-08 14:45:00,32.9899,32.9899,32.9899,32.9899,5000
2026-04-08 14:50:00,32.94,32.94,32.94,32.94,500
2026-04-08 14:55:00,32.9288,32.9288,32.9288,32.9288,826
2026-04-08 15:05:00,32.86,32.86,32.86,32.86,100
2026-04-08 15:10:00,32.89,32.9577,32.89,32.9577,2603
2026-04-08 15:15:00,32.92,32.92,32.91,32.91,500
2026-04-08 15:20:00,32.9299,32.9299,32.85,32.85,2300
2026-04-08 15:25:00,32.88,32.88,32.83,32.83,2069
2026-04-08 15:30:00,32.9032,32.93,32.9032,32.93,2650
2026-04-08 15:35:00,32.91,32.9699,32.885,32.885,8041
2026-04-08 15:40:00,32.89,32.91,32.89,32.91,305
2026-04-08 15:45:00,32.95,32.95,32.95,32.95,160
2026-04-08 15:50:00,32.9781,32.9781,32.94,32.94,4100
2026-04-08 15:55:00,32.97,32.975,32.94,32.955,7714
2026-04-08 16:00:00,32.9999,33.03,32.95,33.03,4906
2026-04-09 09:30:00,33.06,33.06,33.06,33.06,1841
2026-04-09 09:40:00,33.0899,33.0899,33.0899,33.0899,422
2026-04-09 09:55:00,32.905,32.96,32.905,32.96,4664
2026-04-09 10:00:00,32.93,32.9486,32.93,32.9486,2574
2026-04-09 10:10:00,32.9,32.9,32.865,32.865,374
2026-04-09 10:15:00,32.88,32.8899,32.86,32.8899,795
2026-04-09 10:25:00,32.825,32.825,32.815,32.815,701
2026-04-09 10:30:00,32.87,32.87,32.84,32.84,463
2026-04-09 10:40:00,32.905,32.935,32.905,32.935,1388
2026-04-09 10:45:00,32.93,32.995,32.92,32.995,1000
2026-04-09 10:50:00,33.025,33.025,33.02,33.02,300
2026-04-09 10:55:00,33.02,33.02,33.02,33.02,200
2026-04-09 11:00:00,33.03,33.0589,33.02,33.02,753
2026-04-09 11:05:00,33.025,33.025,33,33,873
2026-04-09 11:10:00,33.045,33.06,33.04,33.06,557
2026-04-09 11:15:00,33.11,33.14,33.11,33.14,200
2026-04-09 11:20:00,33.17,33.17,33.12,33.12,300
2026-04-09 11:30:00,33.1,33.2,33.1,33.2,1300
2026-04-09 11:35:00,33.194,33.2699,33.194,33.23,2689
2026-04-09 11:40:00,33.185,33.23,33.185,33.21,1125
2026-04-09 11:45:00,33.2886,33.2886,33.2886,33.2886,1505
2026-04-09 11:50:00,33.28,33.28,33.21,33.255,3300
2026-04-09 11:55:00,33.3498,33.3498,33.32,33.325,600
2026-04-09 12:00:00,33.45,33.45,33.45,33.45,257
2026-04-09 12:05:00,33.455,33.455,33.4,33.45,2698
2026-04-09 12:10:00,33.43,33.43,33.43,33.43,100
2026-04-09 12:15:00,33.39,33.39,33.39,33.39,100
2026-04-09 12:20:00,33.39,33.39,33.39,33.39,100
2026-04-09 12:25:00,33.385,33.385,33.385,33.385,237
2026-04-09 12:30:00,33.399,33.399,33.399,33.399,150
2026-04-09 12:40:00,33.325,33.325,33.325,33.325,212
2026-04-09 12:45:00,33.3499,33.3499,33.3,33.31,4294
2026-04-09 12:50:00,33.3938,33.3938,33.3938,33.3938,640
2026-04-09 12:55:00,33.35,33.35,33.34,33.34,568
2026-04-09 13:05:00,33.3795,33.39,33.3795,33.39,3967
2026-04-09 13:10:00,33.39,33.3997,33.38,33.3997,720
2026-04-09 13:20:00,33.393,33.393,33.393,33.393,705
2026-04-09 13:25:00,33.37,33.37,33.37,33.37,500
2026-04-09 13:30:00,33.3788,33.3788,33.34,33.34,412
2026-04-09 13:35:00,33.39,33.3992,33.3887,33.3992,3000
2026-04-09 13:45:00,33.38,33.38,33.38,33.38,657
2026-04-09 14:00:00,33.335,33.35,33.3191,33.3191,470
2026-04-09 14:05:00,33.27,33.27,33.27,33.27,100
2026-04-09 14:10:00,33.285,33.285,33.285,33.285,309
2026-04-09 14:20:00,33.26,33.26,33.25,33.25,300
2026-04-09 14:25:00,33.25,33.25,33.25,33.25,500
2026-04-09 14:30:00,33.26,33.26,33.24,33.24,342
2026-04-09 14:35:00,33.2351,33.2351,33.2351,33.2351,650
2026-04-09 14:40:00,33.28,33.29,33.27,33.27,1700
2026-04-09 14:45:00,33.275,33.275,33.275,33.275,100
2026-04-09 14:50:00,33.26,33.26,33.26,33.26,100
2026-04-09 15:05:00,33.3585,33.3585,33.3585,33.3585,138
2026-04-09 15:10:00,33.3268,33.36,33.3268,33.36,2576
2026-04-09 15:15:00,33.35,33.36,33.35,33.36,824
2026-04-09 15:20:00,33.33,33.33,33.33,33.33,1000
2026-04-09 15:25:00,33.35,33.35,33.35,33.35,200
2026-04-09 15:30:00,33.4299,33.4299,33.4299,33.4299,2386
2026-04-09 15:35:00,33.41,33.4299,33.39,33.39,597
2026-04-09 15:40:00,33.37,33.38,33.37,33.38,300
2026-04-09 15:50:00,33.38,33.395,33.38,33.395,411
2026-04-09 15:55:00,33.405,33.405,33.39,33.39,700
2026-04-09 16:00:00,33.424,33.46,33.42,33.46,595
2026-04-10 09:30:00,33.51,33.51,33.51,33.51,1431
2026-04-10 09:35:00,33.79,33.79,33.79,33.79,100
2026-04-10 09:40:00,33.8,33.8,33.8,33.8,100
2026-04-10 09:50:00,33.935,33.935,33.935,33.935,600
2026-04-10 09:55:00,33.94,34.025,33.94,34.025,700
2026-04-10 10:15:00,33.9514,33.995,33.9514,33.995,313
2026-04-10 10:20:00,34.07,34.07,34.07,34.07,100
2026-04-10 10:35:00,34.135,34.135,34.11,34.135,500
2026-04-10 10:45:00,34.07,34.07,34.07,34.07,100
2026-04-10 10:50:00,34.13,34.13,34.13,34.13,2000
2026-04-10 10:55:00,34.09,34.09,34.088,34.088,8700
2026-04-10 11:05:00,34.12,34.12,34.12,34.12,2000
2026-04-10 11:10:00,34.155,34.155,34.155,34.155,185
2026-04-10 11:15:00,34.17,34.17,34.17,34.17,1610
2026-04-10 11:20:00,34.17,34.17,34.17,34.17,100
2026-04-10 11:25:00,34.16,34.16,34.16,34.16,536
2026-04-10 11:35:00,34.12,34.12,34.12,34.12,2000
2026-04-10 11:45:00,34.03,34.045,34.03,34.045,799
2026-04-10 11:50:00,34,34.03,34,34.03,2000
2026-04-10 12:00:00,33.9599,33.97,33.9599,33.97,336
2026-04-10 12:35:00,33.9576,33.9576,33.94,33.94,22498
2026-04-10 12:40:00,33.93,33.93,33.93,33.93,700
2026-04-10 12:50:00,33.96,33.96,33.96,33.96,100
2026-04-10 12:55:00,33.975,33.9946,33.975,33.9946,2361
2026-04-10 13:00:00,33.99,33.99,33.99,33.99,1300
2026-04-10 13:05:00,33.945,33.945,33.945,33.945,900
2026-04-10 13:15:00,33.97,33.97,33.97,33.97,100
2026-04-10 13:25:00,33.97,33.98,33.955,33.96,3104
2026-04-10 13:30:00,33.98,33.98,33.98,33.98,100
2026-04-10 13:35:00,33.97,33.97,33.9544,33.9544,1760
2026-04-10 13:40:00,34.01,34.01,34.01,34.01,750
2026-04-10 13:45:00,33.9815,33.9815,33.9815,33.9815,135
2026-04-10 14:00:00,34.03,34.03,34.02,34.02,865
2026-04-10 14:05:00,34.03,34.03,33.98,33.98,8719
2026-04-10 14:15:00,34.04,34.04,34.04,34.04,364
2026-04-10 14:25:00,34.03,34.03,34.03,34.03,100
2026-04-10 14:30:00,34.025,34.025,34.025,34.025,3755
2026-04-10 14:35:00,34.0288,34.0288,34.0288,34.0288,111
2026-04-10 14:40:00,34.01,34.01,33.99,33.99,400
2026-04-10 14:55:00,34.01,34.01,34.01,34.01,100
2026-04-10 15:05:00,34.015,34.015,34.015,34.015,100
2026-04-10 15:10:00,34.03,34.07,34.03,34.07,47124
2026-04-10 15:15:00,34.06,34.08,34.06,34.08,482
2026-04-10 15:20:00,34.07,34.07,34.055,34.055,572
2026-04-10 15:30:00,34.0194,34.0194,34.0194,34.0194,100
2026-04-10 15:35:00,34.01,34.01,34.01,34.01,400
2026-04-10 15:40:00,34.02,34.02,34,34,1162
2026-04-10 15:45:00,34.02,34.02,34.01,34.01,250
2026-04-10 15:50:00,34.01,34.01,34.01,34.01,100
2026-04-10 16:00:00,34.03,34.03,34.03,34.03,2449
2026-04-13 09:30:00,33.86,33.86,33.86,33.86,2223
2026-04-13 09:40:00,34.02,34.02,34.02,34.02,417
2026-04-13 09:45:00,33.94,34.02,33.94,34.02,234
2026-04-13 09:50:00,34.03,34.03,34.03,34.03,155
2026-04-13 09:55:00,34.09,34.1804,34.09,34.1804,500
2026-04-13 10:00:00,34.2,34.27,34.2,34.27,491
2026-04-13 10:05:00,34.19,34.19,34.19,34.19,112
2026-04-13 10:10:00,34.17,34.17,34.14,34.14,700
2026-04-13 10:20:00,34.14,34.196,34.14,34.16,319
2026-04-13 10:25:00,34.21,34.21,34.21,34.21,221
2026-04-13 10:30:00,34.214,34.214,34.214,34.214,338
2026-04-13 10:35:00,34.22,34.2499,34.1982,34.235,4358
2026-04-13 10:40:00,34.265,34.265,34.265,34.265,1458
2026-04-13 10:45:00,34.32,34.32,34.31,34.32,301
2026-04-13 10:50:00,34.33,34.33,34.32,34.32,1102
2026-04-13 10:55:00,34.37,34.39,34.37,34.37,725
2026-04-13 11:00:00,34.32,34.33,34.31,34.31,1200
2026-04-13 11:10:00,34.36,34.36,34.34,34.34,438
2026-04-13 11:15:00,34.33,34.33,34.33,34.33,79701
2026-04-13 11:25:00,34.31,34.325,34.31,34.325,300
2026-04-13 11:30:00,34.3,34.3,34.3,34.3,600
2026-04-13 11:35:00,34.31,34.31,34.31,34.31,100
2026-04-13 11:40:00,34.3,34.32,34.3,34.32,2300
2026-04-13 11:45:00,34.29,34.29,34.28,34.28,1400
2026-04-13 11:50:00,34.28,34.2898,34.28,34.2898,1710
2026-04-13 11:55:00,34.24,34.24,34.24,34.24,100
2026-04-13 12:00:00,34.25,34.25,34.23,34.23,874
2026-04-13 12:05:00,34.21,34.235,34.21,34.23,1007
2026-04-13 12:10:00,34.26,34.26,34.26,34.26,100
2026-04-13 12:20:00,34.28,34.31,34.28,34.31,670
2026-04-13 12:25:00,34.325,34.325,34.325,34.325,173
2026-04-13 12:30:00,34.4,34.4,34.37,34.37,200
2026-04-13 12:35:00,34.38,34.38,34.38,34.38,532
2026-04-13 12:40:00,34.34,34.34,34.34,34.34,116
2026-04-13 12:45:00,34.4,34.43,34.4,34.42,2101
2026-04-13 12:50:00,34.435,34.435,34.41,34.41,236
2026-04-13 13:00:00,34.43,34.44,34.43,34.44,768
2026-04-13 13:15:00,34.43,34.478,34.43,34.4625,810
2026-04-13 13:20:00,34.43,34.43,34.43,34.43,200
2026-04-13 13:25:00,34.44,34.44,34.43,34.43,200
2026-04-13 13:35:00,34.45,34.45,34.45,34.45,100
2026-04-13 13:40:00,34.4581,34.4581,34.435,34.435,863
2026-04-13 13:45:00,34.42,34.42,34.4101,34.4101,700
2026-04-13 13:50:00,34.41,34.411,34.41,34.411,1673
2026-04-13 13:55:00,34.41,34.41,34.41,34.41,500
2026-04-13 14:00:00,34.42,34.42,34.42,34.42,1500
2026-04-13 14:05:00,34.43,34.43,34.42,34.42,1054
2026-04-13 14:20:00,34.41,34.41,34.41,34.41,100
2026-04-13 14:25:00,34.37,34.4,34.37,34.4,788
2026-04-13 14:35:00,34.43,34.43,34.43,34.43,100
2026-04-13 14:45:00,34.4399,34.46,34.43,34.452,3077
2026-04-13 14:50:00,34.43,34.43,34.43,34.43,233
2026-04-13 14:55:00,34.47,34.47,34.47,34.47,100
2026-04-13 15:05:00,34.47,34.47,34.47,34.47,100
2026-04-13 15:10:00,34.45,34.45,34.45,34.45,200
2026-04-13 15:15:00,34.4551,34.48,34.4551,34.46,5439
2026-04-13 15:20:00,34.485,34.4897,34.485,34.4897,575
2026-04-13 15:25:00,34.49,34.49,34.49,34.49,100
2026-04-13 15:30:00,34.48,34.4999,34.48,34.48,1226
2026-04-13 15:35:00,34.5,34.5,34.48,34.48,4393
2026-04-13 15:40:00,34.47,34.47,34.465,34.465,300
2026-04-13 15:50:00,34.4699,34.53,34.4699,34.53,275
2026-04-13 16:00:00,34.54,34.57,34.54,34.57,1586
2026-04-14 09:20:00,35.01,35.01,35.01,35.01,700
2026-04-14 09:30:00,34.95,35,34.95,35,1081
2026-04-14 09:35:00,35.05,35.05,35.05,35.05,100
2026-04-14 09:40:00,35,35.055,34.965,35.055,3020
2026-04-14 09:50:00,35.13,35.13,35.13,35.13,100
2026-04-14 09:55:00,35.0899,35.0899,35.03,35.03,4250
2026-04-14 10:00:00,35.0395,35.0395,35,35,3035
2026-04-14 10:05:00,34.99,34.99,34.985,34.985,500
2026-04-14 10:10:00,34.99,35.05,34.99,35.05,2915
2026-04-14 10:15:00,35.065,35.065,35.06,35.06,425
2026-04-14 10:20:00,35.08,35.08,35.08,35.08,200
2026-04-14 10:25:00,35.1388,35.1388,35.1388,35.1388,142
2026-04-14 10:30:00,35.1,35.1086,35.08,35.08,1047
2026-04-14 10:40:00,35.13,35.14,35.1,35.1,1614
2026-04-14 10:45:00,35.1101,35.1101,35.1101,35.1101,500
2026-04-14 10:50:00,35.14,35.155,35.14,35.15,1254
2026-04-14 10:55:00,35.1601,35.1601,35.1601,35.1601,133
2026-04-14 11:00:00,35.131,35.14,35.131,35.14,268
2026-04-14 11:05:00,35.12,35.12,35.12,35.12,100
2026-04-14 11:10:00,35.1,35.14,35.1,35.14,1750
2026-04-14 11:15:00,35.15,35.15,35.15,35.15,199
2026-04-14 11:20:00,35.21,35.21,35.21,35.21,100
2026-04-14 11:30:00,35.25,35.25,35.25,35.25,505
2026-04-14 11:35:00,35.25,35.26,35.25,35.26,400
2026-04-14 11:40:00,35.28,35.28,35.28,35.28,400
2026-04-14 11:45:00,35.28,35.31,35.28,35.31,298
2026-04-14 11:50:00,35.325,35.34,35.325,35.34,2700
2026-04-14 11:55:00,35.3499,35.3499,35.325,35.325,4700
2026-04-14 12:00:00,35.319,35.319,35.319,35.319,140
2026-04-14 12:05:00,35.33,35.33,35.33,35.33,200
2026-04-14 12:10:00,35.355,35.355,35.355,35.355,100
2026-04-14 12:15:00,35.4,35.4,35.39,35.4,9100
2026-04-14 12:20:00,35.4,35.4,35.4,35.4,153
2026-04-14 12:25:00,35.42,35.42,35.42,35.42,100
2026-04-14 12:30:00,35.4,35.4,35.4,35.4,256
2026-04-14 12:35:00,35.38,35.38,35.38,35.38,2000
2026-04-14 12:40:00,35.38,35.4,35.38,35.395,2225
2026-04-14 12:45:00,35.41,35.44,35.41,35.44,2100
2026-04-14 12:50:00,35.4,35.42,35.4,35.42,591
2026-04-14 12:55:00,35.35,35.36,35.35,35.36,415
2026-04-14 13:05:00,35.385,35.385,35.385,35.385,100
2026-04-14 13:15:00,35.44,35.44,35.4294,35.4295,808
2026-04-14 13:25:00,35.45,35.45,35.45,35.45,100
2026-04-14 13:30:00,35.4101,35.47,35.4101,35.47,690
2026-04-14 13:35:00,35.48,35.5,35.46,35.46,8022
2026-04-14 13:40:00,35.505,35.52,35.5,35.5,2475
2026-04-14 13:45:00,35.505,35.51,35.5,35.505,2000
2026-04-14 13:50:00,35.485,35.49,35.48,35.485,1000
2026-04-14 13:55:00,35.47,35.47,35.4249,35.4249,1935
2026-04-14 14:00:00,35.4687,35.47,35.46,35.46,521
2026-04-14 14:05:00,35.45,35.45,35.43,35.43,1050
2026-04-14 14:10:00,35.38,35.4186,35.38,35.4186,752
2026-04-14 14:20:00,35.3444,35.368,35.3444,35.3528,702
2026-04-14 14:25:00,35.32,35.33,35.32,35.33,1898
2026-04-14 14:30:00,35.34,35.365,35.34,35.365,571
2026-04-14 14:35:00,35.3899,35.3899,35.375,35.375,1719
2026-04-14 14:40:00,35.4,35.4,35.365,35.365,11829
2026-04-14 14:45:00,35.35,35.35,35.35,35.35,100
2026-04-14 14:50:00,35.34,35.35,35.34,35.35,1066
2026-04-14 14:55:00,35.3754,35.3754,35.3754,35.3754,678
2026-04-14 15:05:00,35.415,35.4699,35.39,35.4699,1257
2026-04-14 15:10:00,35.45,35.45,35.45,35.45,422
2026-04-14 15:15:00,35.45,35.48,35.4401,35.48,900
2026-04-14 15:20:00,35.46,35.46,35.46,35.46,100
2026-04-14 15:25:00,35.46,35.4792,35.46,35.4792,1651
2026-04-14 15:30:00,35.475,35.475,35.475,35.475,100
2026-04-14 15:35:00,35.46,35.4726,35.46,35.4726,367
2026-04-14 15:40:00,35.45,35.45,35.45,35.45,200
2026-04-14 15:45:00,35.445,35.45,35.4375,35.44,2800
2026-04-14 15:50:00,35.44,35.44,35.43,35.43,1609
2026-04-14 15:55:00,35.43,35.43,35.43,35.43,460
2026-04-14 16:00:00,35.445,35.445,35.42,35.42,1461
2026-04-15 09:30:00,35.5,35.5,35.45,35.45,2736
2026-04-15 09:40:00,35.61,35.61,35.545,35.545,400
2026-04-15 09:45:00,35.54,35.56,35.54,35.56,24907
2026-04-15 09:55:00,35.6188,35.6188,35.6188,35.6188,1400
2026-04-15 10:00:00,35.65,35.65,35.65,35.65,418
2026-04-15 10:05:00,35.63,35.67,35.58,35.58,16700
2026-04-15 10:10:00,35.615,35.615,35.57,35.57,2700
2026-04-15 10:15:00,35.7,35.71,35.68,35.68,16397
2026-04-15 10:20:00,35.65,35.68,35.61,35.68,13932
2026-04-15 10:25:00,35.68,35.79,35.68,35.77,38131
2026-04-15 10:30:00,35.75,35.7599,35.748,35.75,8100
2026-04-15 10:35:00,35.785,35.8,35.77,35.77,1914
2026-04-15 10:40:00,35.76,35.7799,35.74,35.7799,962
2026-04-15 10:50:00,35.79,35.79,35.789,35.789,240
2026-04-15 10:55:00,35.8098,35.8098,35.8098,35.8098,111
2026-04-15 11:00:00,35.8,35.82,35.8,35.82,211
2026-04-15 11:05:00,35.8,35.8,35.7899,35.7899,509
2026-04-15 11:10:00,35.75,35.75,35.75,35.75,100
2026-04-15 11:15:00,35.84,35.84,35.83,35.84,1335
2026-04-15 11:20:00,35.8566,35.865,35.82,35.82,3480
2026-04-15 11:30:00,35.84,35.845,35.81,35.81,1000
2026-04-15 11:40:00,35.83,35.84,35.83,35.84,300
2026-04-15 11:45:00,35.8599,35.8599,35.85,35.85,9297
2026-04-15 11:50:00,35.86,35.86,35.85,35.85,1000
2026-04-15 11:55:00,35.84,35.84,35.8,35.82,720
2026-04-15 12:00:00,35.82,35.82,35.82,35.82,200
2026-04-15 12:05:00,35.83,35.83,35.83,35.83,100
2026-04-15 12:10:00,35.85,35.85,35.85,35.85,100
2026-04-15 12:25:00,35.89,35.89,35.88,35.88,240
2026-04-15 12:30:00,35.8,35.8,35.8,35.8,1873
2026-04-15 12:35:00,35.795,35.8046,35.78,35.8,2033
2026-04-15 12:40:00,35.77,35.77,35.68,35.7,2900
2026-04-15 12:45:00,35.7,35.7,35.68,35.68,450
2026-04-15 12:50:00,35.63,35.63,35.63,35.63,100
2026-04-15 12:55:00,35.5887,35.59,35.5887,35.59,847
2026-04-15 13:00:00,35.66,35.66,35.635,35.635,600
2026-04-15 13:05:00,35.665,35.665,35.665,35.665,129
2026-04-15 13:10:00,35.66,35.68,35.66,35.68,1200
2026-04-15 13:15:00,35.68,35.6948,35.68,35.68,654
2026-04-15 13:20:00,35.68,35.68,35.65,35.65,3185
2026-04-15 13:25:00,35.685,35.685,35.685,35.685,336
2026-04-15 13:30:00,35.6906,35.6906,35.6906,35.6906,750
2026-04-15 13:35:00,35.6901,35.77,35.6901,35.75,16432
2026-04-15 13:40:00,35.75,35.75,35.73,35.73,400
2026-04-15 13:45:00,35.72,35.72,35.72,35.72,179
2026-04-15 13:55:00,35.76,35.76,35.74,35.74,300
2026-04-15 14:00:00,35.73,35.75,35.7,35.75,1145
2026-04-15 14:05:00,35.73,35.73,35.73,35.73,100
2026-04-15 14:10:00,35.82,35.82,35.8,35.8,1900
2026-04-15 14:15:00,35.82,35.83,35.79,35.81,2806
2026-04-15 14:20:00,35.82,35.82,35.8,35.816,1300
2026-04-15 14:25:00,35.83,35.836,35.79,35.79,1868
2026-04-15 14:30:00,35.855,35.88,35.855,35.88,231
2026-04-15 14:40:00,35.885,35.885,35.87,35.875,775
2026-04-15 14:50:00,35.88,35.902,35.86,35.902,1570
2026-04-15 14:55:00,35.9,35.9,35.9,35.9,300
2026-04-15 15:00:00,35.89,35.89,35.88,35.88,998
2026-04-15 15:05:00,35.9,35.9145,35.9,35.9145,249
2026-04-15 15:10:00,35.94,35.94,35.92,35.92,200
2026-04-15 15:15:00,35.89,35.9199,35.875,35.9199,1831
2026-04-15 15:30:00,35.93,35.9399,35.92,35.9399,615
2026-04-15 15:35:00,35.95,35.95,35.93,35.935,1955
2026-04-15 15:40:00,35.92,35.93,35.9,35.93,2337
2026-04-15 15:45:00,35.92,35.9596,35.92,35.95,3729
2026-04-15 15:50:00,35.945,35.975,35.94,35.975,1900
2026-04-15 15:55:00,36,36.03,36,36.02,774
2026-04-15 16:00:00,36.0121,36.04,35.99,35.99,4055
2026-04-16 09:25:00,36.1,36.1,36.1,36.1,200
2026-04-16 09:30:00,36,36,35.99,35.99,6515
2026-04-16 09:35:00,35.86,35.94,35.86,35.89,1357
2026-04-16 09:40:00,35.94,35.95,35.92,35.92,1618
2026-04-16 09:45:00,35.925,35.94,35.9,35.9,2265
2026-04-16 09:50:00,35.81,35.81,35.665,35.665,4210
2026-04-16 09:55:00,35.6,35.695,35.6,35.695,2125
2026-04-16 10:00:00,35.68,35.74,35.68,35.74,2047
2026-04-16 10:05:00,35.7794,35.7794,35.7794,35.7794,136
2026-04-16 10:10:00,35.82,35.82,35.78,35.7838,1221
2026-04-16 10:15:00,35.79,35.79,35.74,35.74,1194
2026-04-16 10:20:00,35.72,35.74,35.72,35.74,400
2026-04-16 10:25:00,35.7601,35.79,35.75,35.75,6800
2026-04-16 10:30:00,35.73,35.73,35.73,35.73,200
2026-04-16 10:35:00,35.74,35.76,35.74,35.76,662
2026-04-16 10:40:00,35.73,35.73,35.7201,35.7201,1600
2026-04-16 10:45:00,35.8,35.8,35.8,35.8,200
2026-04-16 10:50:00,35.84,35.84,35.83,35.83,400
2026-04-16 10:55:00,35.82,35.82,35.82,35.82,100
2026-04-16 11:00:00,35.845,35.9,35.845,35.87,45897
2026-04-16 11:05:00,35.85,35.87,35.85,35.87,665
2026-04-16 11:20:00,35.935,35.96,35.935,35.96,656
2026-04-16 11:25:00,35.9,35.9,35.9,35.9,200
2026-04-16 11:30:00,35.9287,35.9287,35.92,35.92,4243
2026-04-16 11:35:00,35.95,36.03,35.9499,36,9087
2026-04-16 11:40:00,35.9729,35.9729,35.9729,35.9729,675
2026-04-16 11:45:00,35.92,35.92,35.91,35.91,850
2026-04-16 11:50:00,35.92,35.92,35.92,35.92,300
2026-04-16 12:10:00,36.03,36.0381,36.005,36.0381,5000
2026-04-16 12:15:00,36.0399,36.0399,36,36,3889
2026-04-16 12:20:00,35.98,35.98,35.98,35.98,300
2026-04-16 12:30:00,35.92,35.92,35.81,35.81,718
2026-04-16 12:35:00,35.8894,35.8894,35.8892,35.8892,2645
2026-04-16 12:40:00,35.89,35.9099,35.89,35.9099,239
2026-04-16 12:45:00,35.89,35.89,35.89,35.89,598
2026-04-16 12:50:00,35.92,35.92,35.92,35.92,2275
2026-04-16 12:55:00,35.87,35.8899,35.86,35.8899,700
2026-04-16 13:00:00,35.91,35.91,35.84,35.84,2050
2026-04-16 13:05:00,35.83,35.83,35.81,35.81,550
2026-04-16 13:10:00,35.85,35.86,35.82,35.82,1047
2026-04-16 13:20:00,35.82,35.82,35.8,35.8,938
2026-04-16 13:30:00,35.91,35.91,35.91,35.91,9086
2026-04-16 13:35:00,35.86,35.89,35.86,35.89,540
2026-04-16 13:40:00,35.9183,35.939,35.9183,35.939,461
2026-04-16 13:45:00,35.9,35.91,35.9,35.91,339
2026-04-16 13:50:00,35.9201,35.9201,35.885,35.885,1103
2026-04-16 13:55:00,35.83,35.83,35.81,35.81,218
2026-04-16 14:00:00,35.83,35.83,35.83,35.83,200
2026-04-16 14:15:00,35.83,35.83,35.83,35.83,140
2026-04-16 14:20:00,35.81,35.84,35.78,35.78,2989
2026-04-16 14:25:00,35.775,35.79,35.76,35.79,2379
2026-04-16 14:30:00,35.855,35.86,35.85,35.855,1000
2026-04-16 14:35:00,35.87,35.89,35.87,35.89,2000
2026-04-16 14:40:00,35.9,35.9,35.87,35.87,2000
2026-04-16 14:45:00,35.9,35.91,35.88,35.89,7434
2026-04-16 14:50:00,35.88,35.89,35.88,35.89,600
2026-04-16 14:55:00,35.91,35.915,35.89,35.91,1253
2026-04-16 15:00:00,35.91,35.94,35.91,35.9387,796
2026-04-16 15:15:00,35.91,35.91,35.89,35.89,500
2026-04-16 15:20:00,35.89,35.89,35.89,35.89,184
2026-04-16 15:30:00,35.9182,35.9182,35.8991,35.8991,430
2026-04-16 15:45:00,35.94,35.94,35.94,35.94,350
2026-04-16 15:55:00,35.93,35.95,35.91,35.92,2755
2026-04-17 09:30:00,36.35,36.35,36.35,36.35,2751
2026-04-17 09:35:00,36.2901,36.367,36.2901,36.367,4000
2026-04-17 09:40:00,36.31,36.36,36.28,36.3476,5499
2026-04-17 09:45:00,36.31,36.31,36.24,36.28,1760
2026-04-17 09:50:00,36.31,36.335,36.265,36.31,10606
2026-04-17 09:55:00,36.26,36.31,36.26,36.3,1276
2026-04-17 10:00:00,36.32,36.32,36.32,36.32,1263
2026-04-17 10:05:00,36.335,36.34,36.335,36.34,2118
2026-04-17 10:10:00,36.37,36.3846,36.36,36.3846,399
2026-04-17 10:15:00,36.35,36.35,36.35,36.35,100
2026-04-17 10:20:00,36.325,36.325,36.285,36.285,3475
2026-04-17 10:30:00,36.36,36.36,36.36,36.36,412
2026-04-17 10:35:00,36.395,36.395,36.395,36.395,247
2026-04-17 10:40:00,36.42,36.445,36.42,36.445,1502
2026-04-17 10:45:00,36.41,36.44,36.41,36.44,350
2026-04-17 10:50:00,36.4518,36.46,36.435,36.46,3321
2026-04-17 10:55:00,36.37,36.415,36.37,36.415,638
2026-04-17 11:00:00,36.4,36.4,36.4,36.4,110
2026-04-17 11:05:00,36.3887,36.3887,36.3887,36.3887,2747
2026-04-17 11:10:00,36.375,36.375,36.35,36.35,2749
2026-04-17 11:15:00,36.41,36.41,36.41,36.41,200
2026-04-17 11:20:00,36.408,36.408,36.3974,36.4014,1558
2026-04-17 11:25:00,36.405,36.405,36.39,36.405,3486
2026-04-17 11:30:00,36.41,36.4493,36.41,36.4493,1324
2026-04-17 11:35:00,36.4276,36.454,36.4276,36.454,334
2026-04-17 11:40:00,36.4384,36.4384,36.37,36.37,843
2026-04-17 11:45:00,36.3852,36.3852,36.3852,36.3852,680
2026-04-17 11:50:00,36.38,36.38,36.38,36.38,100
2026-04-17 12:00:00,36.3,36.325,36.3,36.325,1198
2026-04-17 12:10:00,36.375,36.4,36.375,36.4,250
2026-04-17 12:15:00,36.36,36.36,36.36,36.36,1999
2026-04-17 12:20:00,36.39,36.39,36.39,36.39,300
2026-04-17 12:25:00,36.4361,36.4361,36.4361,36.4361,275
2026-04-17 12:30:00,36.43,36.445,36.42,36.445,3380
2026-04-17 12:35:00,36.44,36.44,36.44,36.44,100
2026-04-17 12:50:00,36.435,36.435,36.435,36.435,275
2026-04-17 12:55:00,36.415,36.425,36.415,36.425,974
2026-04-17 13:00:00,36.45,36.45,36.45,36.45,100
2026-04-17 13:05:00,36.44,36.44,36.41,36.41,500
2026-04-17 13:10:00,36.4099,36.4099,36.355,36.375,4353
2026-04-17 13:15:00,36.35,36.35,36.35,36.35,1000
2026-04-17 13:20:00,36.3198,36.3198,36.3198,36.3198,250
2026-04-17 13:25:00,36.2794,36.28,36.27,36.28,501
2026-04-17 13:30:00,36.29,36.32,36.26,36.3,2760
2026-04-17 13:35:00,36.29,36.32,36.29,36.32,3444
2026-04-17 13:45:00,36.365,36.365,36.365,36.365,403
2026-04-17 13:50:00,36.3899,36.3899,36.3899,36.3899,4650
2026-04-17 13:55:00,36.36,36.39,36.36,36.385,3126
2026-04-17 14:05:00,36.34,36.34,36.34,36.34,137
2026-04-17 14:10:00,36.34,36.34,36.34,36.34,237
2026-04-17 14:15:00,36.335,36.34,36.335,36.34,2147
2026-04-17 14:20:00,36.301,36.301,36.295,36.295,3400
2026-04-17 14:25:00,36.35,36.36,36.35,36.36,825
2026-04-17 14:30:00,36.341,36.341,36.34,36.3401,720
2026-04-17 14:35:00,36.396,36.398,36.396,36.398,399
2026-04-17 14:40:00,36.375,36.375,36.375,36.375,197
2026-04-17 14:45:00,36.37,36.37,36.37,36.37,234
2026-04-17 14:50:00,36.34,36.368,36.34,36.368,9844
2026-04-17 14:55:00,36.365,36.365,36.365,36.365,154
2026-04-17 15:20:00,36.38,36.38,36.3622,36.3623,1125
2026-04-17 15:35:00,36.3701,36.38,36.3598,36.3599,1901
2026-04-17 15:40:00,36.394,36.4,36.38,36.39,1589
2026-04-17 15:45:00,36.378,36.378,36.378,36.378,825
2026-04-17 15:50:00,36.3901,36.3901,36.3901,36.3901,345
2026-04-17 15:55:00,36.4,36.42,36.4,36.42,1690
2026-04-17 19:00:00,36.3,36.3,36.3,36.3,1500
2026-04-20 07:55:00,36.43,36.43,36.43,36.43,140
2026-04-20 09:30:00,36.28,36.28,36.14,36.18,4524
2026-04-20 09:35:00,36.2088,36.2088,36.065,36.0921,3113
2026-04-20 09:40:00,36.035,36.035,36.035,36.035,302
2026-04-20 09:45:00,36.0572,36.0572,35.98,35.98,2580
2026-04-20 09:50:00,35.995,36.05,35.995,36.05,7217
2026-04-20 09:55:00,36.045,36.128,36.045,36.095,3654
2026-04-20 10:00:00,36.1199,36.1199,36.03,36.03,4871
2026-04-20 10:05:00,36.05,36.075,36.05,36.075,400
2026-04-20 10:10:00,36.1084,36.1084,35.98,36,1155
2026-04-20 10:20:00,35.99,36.0282,35.93,35.99,4410
2026-04-20 10:25:00,36.025,36.025,36.025,36.025,400
2026-04-20 10:30:00,35.975,36.0091,35.975,36,2145
2026-04-20 10:40:00,36.03,36.03,35.965,35.965,412
2026-04-20 10:45:00,35.96,35.98,35.96,35.98,240
2026-04-20 10:50:00,35.9,35.932,35.89,35.932,1227
2026-04-20 11:00:00,35.908,35.908,35.85,35.85,6373
2026-04-20 11:15:00,35.85,35.89,35.85,35.89,729
2026-04-20 11:20:00,35.9211,35.9816,35.9211,35.98,3244
2026-04-20 11:30:00,36.0094,36.0094,35.975,35.975,910
2026-04-20 11:35:00,35.95,35.95,35.95,35.95,300
2026-04-20 11:40:00,36,36,35.965,35.965,433
2026-04-20 12:00:00,35.995,36,35.99,35.9932,3298
2026-04-20 12:05:00,36,36.015,35.9901,35.9901,2096
2026-04-20 12:10:00,36.05,36.05,36.05,36.05,500
2026-04-20 12:15:00,36.04,36.07,36.04,36.04,1675
2026-04-20 12:20:00,36.07,36.07,36.07,36.07,202
2026-04-20 12:40:00,36.04,36.085,36.03,36.07,999
2026-04-20 12:45:00,36.07,36.07,36.07,36.07,4692
2026-04-20 12:50:00,36.035,36.035,36.035,36.035,100
2026-04-20 12:55:00,36.05,36.05,36.033,36.04,1040
2026-04-20 13:00:00,36.045,36.05,36.04,36.05,300
2026-04-20 13:05:00,36.055,36.055,36.055,36.055,100
2026-04-20 13:15:00,36.11,36.11,36.11,36.11,100
2026-04-20 13:25:00,36.105,36.105,36.105,36.105,175
2026-04-20 13:30:00,36.08,36.08,36.08,36.08,200
2026-04-20 13:35:00,36.07,36.097,36.07,36.097,936
2026-04-20 13:40:00,36.09,36.105,36.08,36.08,700
2026-04-20 13:45:00,36.105,36.105,36.105,36.105,441
2026-04-20 13:50:00,36.1084,36.1084,36.1084,36.1084,100
2026-04-20 14:05:00,36.11,36.13,36.1,36.13,1900
2026-04-20 14:10:00,36.12,36.12,36.08,36.1,1152
2026-04-20 14:15:00,36.125,36.14,36.1249,36.14,1030
2026-04-20 14:20:00,36.1599,36.1599,36.1599,36.1599,1783
2026-04-20 14:25:00,36.132,36.17,36.13,36.13,2167
2026-04-20 14:30:00,36.14,36.15,36.12,36.145,2109
2026-04-20 14:35:00,36.145,36.145,36.12,36.12,2147
2026-04-20 14:45:00,36.135,36.135,36.135,36.135,1745
2026-04-20 14:50:00,36.15,36.165,36.15,36.165,3100
2026-04-20 14:55:00,36.17,36.17,36.16,36.16,400
2026-04-20 15:05:00,36.145,36.145,36.14,36.14,1110
2026-04-20 15:10:00,36.14,36.16,36.14,36.16,826
2026-04-20 15:25:00,36.14,36.14,36.13,36.1392,350
2026-04-20 15:30:00,36.14,36.1598,36.14,36.14,1906
2026-04-20 15:35:00,36.135,36.145,36.13,36.1396,5254
2026-04-20 15:45:00,36.14,36.14,36.135,36.135,1100
2026-04-20 15:50:00,36.16,36.16,36.15,36.15,200
2026-04-20 15:55:00,36.15,36.22,36.15,36.22,400
2026-04-20 16:00:00,36.22,36.22,36.22,36.22,333
2026-04-21 09:30:00,36.3,36.6289,36.27,36.27,6916
2026-04-21 09:35:00,36.32,36.32,36.24,36.24,612
2026-04-21 09:40:00,36.22,36.25,36.22,36.25,3749
2026-04-21 09:45:00,36.2791,36.2791,36.2682,36.2682,666
2026-04-21 09:55:00,36.28,36.31,36.28,36.31,700
2026-04-21 10:00:00,36.29,36.2999,36.285,36.29,2364
2026-04-21 10:05:00,36.335,36.355,36.335,36.355,898
2026-04-21 10:10:00,36.3899,36.3899,36.36,36.36,800
2026-04-21 10:20:00,36.385,36.385,36.33,36.34,1186
2026-04-21 10:25:00,36.34,36.34,36.34,36.34,231
2026-04-21 10:40:00,36.34,36.34,36.34,36.34,200
2026-04-21 10:45:00,36.32,36.3367,36.32,36.3367,200
2026-04-21 10:50:00,36.3,36.3,36.3,36.3,100
2026-04-21 10:55:00,36.29,36.29,36.25,36.25,2255
2026-04-21 11:00:00,36.135,36.135,36.082,36.09,1478
2026-04-21 11:05:00,36.02,36.06,36.02,36.06,1399
2026-04-21 11:10:00,36.2045,36.2045,36.2045,36.2045,500
2026-04-21 11:30:00,36.18,36.18,36.18,36.18,100
2026-04-21 11:35:00,36.1101,36.17,36.1101,36.17,2970
2026-04-21 11:45:00,36.1699,36.2,36.1699,36.2,1630
2026-04-21 11:50:00,36.18,36.18,36.18,36.18,100
2026-04-21 12:00:00,36.2099,36.2099,36.165,36.185,1929
2026-04-21 12:05:00,36.19,36.19,36.1778,36.18,2465
2026-04-21 12:10:00,36.1799,36.1799,36.0917,36.0917,1404
2026-04-21 12:15:00,36.12,36.145,36.12,36.145,725
2026-04-21 12:20:00,36.13,36.13,36.13,36.13,125
2026-04-21 12:30:00,36.075,36.075,36.075,36.075,1200
2026-04-21 12:35:00,36.1,36.1,36.1,36.1,200
2026-04-21 12:40:00,36.08,36.08,36.08,36.08,100
2026-04-21 12:45:00,36.085,36.085,36.085,36.085,300
2026-04-21 13:05:00,36.05,36.055,36.05,36.055,1083
2026-04-21 13:10:00,36.01,36.01,36.01,36.01,172
2026-04-21 13:15:00,35.96,35.96,35.96,35.96,138
2026-04-21 13:25:00,35.9999,35.9999,35.97,35.97,1046
2026-04-21 13:45:00,36.1,36.1,36.1,36.1,100
2026-04-21 13:50:00,36.095,36.095,36.095,36.095,2770
2026-04-21 13:55:00,36.055,36.055,36.055,36.055,100
2026-04-21 14:00:00,36.05,36.05,36.05,36.05,1386
2026-04-21 14:10:00,36.0687,36.1046,36.0687,36.1046,599
2026-04-21 14:15:00,36.02,36.0999,36.02,36.03,25629
2026-04-21 14:20:00,36.08,36.0899,36.08,36.08,7500
2026-04-21 14:25:00,36.04,36.05,36.04,36.04,1200
2026-04-21 14:30:00,36.05,36.05,36.02,36.02,300
2026-04-21 14:35:00,36.0634,36.0634,36.0634,36.0634,2398
2026-04-21 14:45:00,36.03,36.03,36.03,36.03,2769
2026-04-21 14:50:00,36.015,36.015,36.015,36.015,100
2026-04-21 15:00:00,36.115,36.115,36.115,36.115,226
2026-04-21 15:05:00,36.135,36.135,36.135,36.135,170
2026-04-21 15:10:00,36.2192,36.2199,36.1435,36.2199,4430
2026-04-21 15:15:00,36.165,36.165,36.165,36.165,135
2026-04-21 15:20:00,36.15,36.18,36.15,36.17,417
2026-04-21 15:40:00,36,36,35.88,35.8883,1479
2026-04-21 15:45:00,35.96,35.96,35.915,35.92,540
2026-04-21 15:50:00,35.915,35.915,35.87,35.895,2127
2026-04-21 15:55:00,35.9,35.94,35.895,35.94,2373
2026-04-22 09:30:00,36.42,36.5099,36.4,36.4,1779
2026-04-22 09:35:00,36.38,36.4599,36.38,36.4599,1924
2026-04-22 09:40:00,36.44,36.4593,36.425,36.45,4406
2026-04-22 09:45:00,36.34,36.37,36.34,36.37,3598
2026-04-22 09:50:00,36.325,36.325,36.325,36.325,138
2026-04-22 09:55:00,36.295,36.295,36.28,36.28,576
2026-04-22 10:00:00,36.3,36.34,36.27,36.27,2203
2026-04-22 10:05:00,36.275,36.2926,36.27,36.27,1290
2026-04-22 10:10:00,36.28,36.28,36.275,36.275,3122
2026-04-22 10:15:00,36.38,36.38,36.345,36.345,677
2026-04-22 10:20:00,36.3815,36.3815,36.355,36.355,400
2026-04-22 10:25:00,36.39,36.39,36.39,36.39,100
2026-04-22 10:30:00,36.325,36.3699,36.325,36.3699,5279
2026-04-22 10:35:00,36.34,36.38,36.34,36.38,2800
2026-04-22 10:40:00,36.36,36.3899,36.31,36.34,4336
2026-04-22 10:45:00,36.33,36.41,36.33,36.39,3700
2026-04-22 10:50:00,36.4099,36.4099,36.36,36.36,5876
2026-04-22 10:55:00,36.37,36.3703,36.35,36.3703,508
2026-04-22 11:00:00,36.31,36.335,36.31,36.335,497
2026-04-22 11:05:00,36.34,36.386,36.34,36.386,300
2026-04-22 11:10:00,36.4091,36.4091,36.37,36.37,684
2026-04-22 11:15:00,36.41,36.4437,36.41,36.4369,800
2026-04-22 11:20:00,36.46,36.46,36.46,36.46,500
2026-04-22 11:25:00,36.47,36.47,36.445,36.462,800
2026-04-22 11:30:00,36.47,36.4781,36.47,36.4781,420
2026-04-22 11:35:00,36.47,36.47,36.45,36.455,1036
2026-04-22 11:40:00,36.4799,36.4799,36.43,36.43,5100
2026-04-22 11:55:00,36.43,36.43,36.405,36.405,1700
2026-04-22 12:10:00,36.4398,36.4398,36.4398,36.4398,603
2026-04-22 12:20:00,36.4318,36.4318,36.425,36.425,1859
2026-04-22 12:25:00,36.41,36.41,36.41,36.41,300
2026-04-22 12:30:00,36.39,36.39,36.39,36.39,100
2026-04-22 12:35:00,36.38,36.38,36.38,36.38,100
2026-04-22 12:40:00,36.36,36.36,36.36,36.36,100
2026-04-22 12:45:00,36.3799,36.385,36.35,36.385,1090
2026-04-22 13:05:00,36.39,36.4086,36.39,36.4086,500
2026-04-22 13:10:00,36.4597,36.4597,36.435,36.435,1300
2026-04-22 13:15:00,36.43,36.43,36.41,36.41,300
2026-04-22 13:25:00,36.47,36.47,36.4547,36.4547,975
2026-04-22 13:30:00,36.465,36.465,36.465,36.465,164
2026-04-22 13:40:00,36.4696,36.4696,36.4696,36.4696,100
2026-04-22 13:45:00,36.45,36.45,36.445,36.445,237
2026-04-22 13:50:00,36.48,36.5099,36.48,36.4999,1850
2026-04-22 13:55:00,36.47,36.4894,36.46,36.46,791
2026-04-22 14:00:00,36.43,36.43,36.43,36.43,200
2026-04-22 14:05:00,36.46,36.47,36.46,36.46,1088
2026-04-22 14:15:00,36.44,36.44,36.43,36.43,1113
2026-04-22 14:20:00,36.43,36.44,36.4,36.4,728
2026-04-22 14:25:00,36.44,36.44,36.44,36.44,275
2026-04-22 14:40:00,36.46,36.46,36.46,36.46,1012
2026-04-22 14:50:00,36.48,36.4897,36.47,36.47,3731
2026-04-22 15:00:00,36.4482,36.4482,36.4,36.4,339
2026-04-22 15:05:00,36.418,36.418,36.418,36.418,300
2026-04-22 15:10:00,36.4626,36.4626,36.4626,36.4626,192
2026-04-22 15:15:00,36.45,36.4638,36.45,36.4638,125632
2026-04-22 15:20:00,36.48,36.48,36.48,36.48,300
2026-04-22 15:25:00,36.465,36.47,36.465,36.47,4232
2026-04-22 15:30:00,36.45,36.4766,36.45,36.4766,450
2026-04-22 15:45:00,36.48,36.48,36.48,36.48,1000
2026-04-22 15:50:00,36.47,36.47,36.46,36.46,300
2026-04-22 15:55:00,36.535,36.535,36.51,36.51,682
2026-04-22 16:00:00,36.57,36.57,36.57,36.57,458
2026-04-22 16:05:00,35.01,36.4,35.01,36.4,558
2026-04-23 09:30:00,36.43,36.43,36.315,36.315,1877
2026-04-23 09:35:00,36.365,36.365,36.365,36.365,100
2026-04-23 09:40:00,36.41,36.496,36.3701,36.3701,6714
2026-04-23 09:45:00,36.425,36.52,36.3501,36.52,5522
2026-04-23 09:50:00,36.485,36.485,36.485,36.485,200
2026-04-23 09:55:00,36.455,36.455,36.4,36.4,745
2026-04-23 10:00:00,36.33,36.385,36.33,36.385,800
2026-04-23 10:15:00,36.3453,36.375,36.34,36.34,5033
2026-04-23 10:25:00,36.47,36.47,36.4,36.4,250
2026-04-23 10:30:00,36.5094,36.5094,36.4584,36.4584,629
2026-04-23 10:35:00,36.5298,36.5551,36.4401,36.4401,2185
2026-04-23 10:45:00,36.565,36.565,36.565,36.565,1365
2026-04-23 10:55:00,36.645,36.7197,36.645,36.7197,500
2026-04-23 11:05:00,36.7,36.7,36.7,36.7,300
2026-04-23 11:20:00,36.68,36.68,36.68,36.68,1362
2026-04-23 11:25:00,36.74,36.74,36.74,36.74,101
2026-04-23 11:35:00,36.68,36.6999,36.68,36.6999,3000
2026-04-23 11:40:00,36.69,36.69,36.645,36.645,5407
2026-04-23 11:45:00,36.61,36.62,36.6,36.6,3148
2026-04-23 11:50:00,36.56,36.56,36.56,36.56,100
2026-04-23 12:00:00,36.54,36.54,36.51,36.51,200
2026-04-23 12:05:00,36.495,36.495,36.495,36.495,100
2026-04-23 12:10:00,36.49,36.49,36.49,36.49,133
2026-04-23 12:15:00,36.53,36.53,36.5,36.5,201
2026-04-23 12:35:00,36.555,36.555,36.52,36.5293,2975
2026-04-23 12:40:00,36.53,36.53,36.53,36.53,400
2026-04-23 12:45:00,36.51,36.538,36.505,36.538,4660
2026-04-23 12:55:00,36.54,36.54,36.54,36.54,100
2026-04-23 13:00:00,36.5,36.5,36.5,36.5,100
2026-04-23 13:05:00,36.396,36.41,36.39,36.41,5296
2026-04-23 13:10:00,36.315,36.32,36.274,36.274,12032
2026-04-23 13:15:00,36.28,36.31,36.2399,36.2399,60527
2026-04-23 13:20:00,36.21,36.28,36.205,36.205,44236
2026-04-23 13:25:00,36.1949,36.22,36.15,36.19,2540
2026-04-23 13:30:00,36.165,36.2,36.165,36.2,29679
2026-04-23 13:35:00,36.26,36.27,36.14,36.155,26601
2026-04-23 13:40:00,36.1,36.1,35.95,35.95,600
2026-04-23 13:45:00,35.96,35.98,35.96,35.9768,11066
2026-04-23 13:50:00,35.935,36.2444,35.92,36.13,26648
2026-04-23 13:55:00,36.16,36.2399,36.12,36.159,4959
2026-04-23 14:00:00,36.266,36.266,36.22,36.22,1537
2026-04-23 14:05:00,36.22,36.255,36.21,36.255,51322
2026-04-23 14:10:00,36.2256,36.33,36.2256,36.3251,762
2026-04-23 14:15:00,36.27,36.27,36.2601,36.2601,332
2026-04-23 14:20:00,36.26,36.3076,36.23,36.3076,1048
2026-04-23 14:25:00,36.265,36.265,36.265,36.265,206
2026-04-23 14:30:00,36.295,36.329,36.295,36.329,350
2026-04-23 14:35:00,36.2701,36.3698,36.2701,36.32,832
2026-04-23 14:40:00,36.2751,36.295,36.2751,36.295,312
2026-04-23 14:45:00,36.32,36.32,36.245,36.245,830
2026-04-23 14:50:00,36.225,36.2589,36.22,36.22,1743
2026-04-23 14:55:00,36.2799,36.2799,36.145,36.145,3332
2026-04-23 15:00:00,36.155,36.155,36.15,36.15,672
2026-04-23 15:05:00,36.2,36.2,36.2,36.2,546
2026-04-23 15:10:00,36.2,36.2,36.2,36.2,1216
2026-04-23 15:20:00,36.23,36.23,36.22,36.23,777
2026-04-23 15:30:00,36.25,36.2899,36.19,36.19,5021
2026-04-23 15:35:00,36.1687,36.1687,36.16,36.16,1340
2026-04-23 15:40:00,36.21,36.21,36.21,36.21,400
2026-04-23 15:45:00,36.21,36.21,36.21,36.21,170
2026-04-23 15:50:00,36.255,36.255,36.25,36.25,500
2026-04-23 15:55:00,36.24,36.3,36.24,36.27,3008
2026-04-24 09:30:00,36.68,36.68,36.58,36.58,2342
2026-04-24 09:35:00,36.64,36.64,36.58,36.58,601
2026-04-24 09:40:00,36.62,36.6488,36.55,36.55,720
2026-04-24 09:45:00,36.52,36.55,36.52,36.55,2500
2026-04-24 09:50:00,36.5687,36.5687,36.5192,36.5192,591
2026-04-24 09:55:00,36.31,36.405,36.31,36.405,1137
2026-04-24 10:00:00,36.42,36.42,36.42,36.42,500
2026-04-24 10:05:00,36.42,36.455,36.42,36.455,1350
2026-04-24 10:10:00,36.53,36.53,36.53,36.53,200
2026-04-24 10:20:00,36.5,36.5,36.5,36.5,661
2026-04-24 10:45:00,36.52,36.52,36.51,36.51,2124
2026-04-24 10:55:00,36.57,36.57,36.57,36.57,1683
2026-04-24 11:05:00,36.64,36.64,36.64,36.64,545
2026-04-24 11:15:00,36.73,36.73,36.73,36.73,1000
2026-04-24 11:20:00,36.67,36.68,36.67,36.68,2488
2026-04-24 11:35:00,36.695,36.716,36.695,36.716,496
2026-04-24 11:45:00,36.83,36.83,36.79,36.79,1000
2026-04-24 11:50:00,36.87,36.87,36.84,36.84,582
2026-04-24 11:55:00,36.845,36.85,36.845,36.85,333
2026-04-24 12:00:00,36.85,36.8713,36.82,36.82,770
2026-04-24 12:05:00,36.82,36.82,36.77,36.77,2012
2026-04-24 12:10:00,36.8,36.8,36.8,36.8,100
2026-04-24 12:25:00,36.832,36.844,36.832,36.844,1500
2026-04-24 12:30:00,36.84,36.863,36.84,36.863,300
2026-04-24 12:35:00,36.87,36.87,36.87,36.87,955
2026-04-24 12:40:00,36.85,36.88,36.79,36.79,799
2026-04-24 12:45:00,36.79,36.79,36.79,36.79,1221
2026-04-24 12:50:00,36.814,36.814,36.814,36.814,264
2026-04-24 12:55:00,36.845,36.845,36.845,36.845,105
2026-04-24 13:00:00,36.85,36.85,36.85,36.85,600
2026-04-24 13:05:00,36.84,36.84,36.84,36.84,200
2026-04-24 13:10:00,36.832,36.832,36.832,36.832,137
2026-04-24 13:15:00,36.8088,36.8088,36.8088,36.8088,115
2026-04-24 13:20:00,36.77,36.77,36.73,36.75,902
2026-04-24 13:25:00,36.7723,36.7723,36.7723,36.7723,500
2026-04-24 13:30:00,36.73,36.73,36.72,36.72,2600
2026-04-24 13:40:00,36.7566,36.7566,36.7566,36.7566,125
2026-04-24 14:00:00,36.8556,36.8556,36.8556,36.8556,590
2026-04-24 14:05:00,36.805,36.815,36.805,36.815,371
2026-04-24 14:10:00,36.81,36.81,36.81,36.81,350
2026-04-24 14:15:00,36.79,36.79,36.78,36.78,200
2026-04-24 14:25:00,36.79,36.79,36.775,36.775,300
2026-04-24 14:30:00,36.802,36.802,36.79,36.79,300
2026-04-24 14:40:00,36.8572,36.8572,36.81,36.81,300
2026-04-24 14:55:00,36.8183,36.8183,36.8183,36.8183,300
2026-04-24 15:05:00,36.845,36.845,36.82,36.8366,4094
2026-04-24 15:20:00,36.87,36.8796,36.84,36.84,1807
2026-04-24 15:30:00,36.84,36.84,36.84,36.84,100
2026-04-24 15:40:00,36.7942,36.7942,36.7942,36.7942,108
2026-04-24 15:45:00,36.74,36.74,36.74,36.74,300
2026-04-24 15:50:00,36.74,36.75,36.74,36.743,400
2026-04-24 15:55:00,36.7997,36.8,36.76,36.79,979
2026-04-27 08:20:00,37.8926,38.28,37.06,37.54,680
2026-04-27 08:25:00,37.03,37.2,37,37,1500
2026-04-27 09:00:00,37.19,37.19,37.19,37.19,200
2026-04-27 09:25:00,37,37,37,37,385
2026-04-27 09:30:00,36.81,36.9,36.735,36.735,8616
2026-04-27 09:35:00,36.8,36.81,36.75,36.81,3113
2026-04-27 09:40:00,36.75,36.75,36.66,36.6784,3420
2026-04-27 09:45:00,36.59,36.59,36.59,36.59,100
2026-04-27 09:50:00,36.52,36.52,36.462,36.4709,736
2026-04-27 09:55:00,36.69,36.7,36.66,36.66,400
2026-04-27 10:00:00,36.64,36.7092,36.63,36.7092,1050
2026-04-27 10:05:00,36.665,36.665,36.665,36.665,204
2026-04-27 10:10:00,36.64,36.69,36.64,36.69,565
2026-04-27 10:15:00,36.64,36.64,36.59,36.6,17376
2026-04-27 10:20:00,36.595,36.595,36.58,36.58,312
2026-04-27 10:25:00,36.575,36.61,36.575,36.61,264
2026-04-27 10:30:00,36.51,36.51,36.51,36.51,200
2026-04-27 10:35:00,36.66,36.66,36.66,36.66,100
2026-04-27 10:40:00,36.67,36.67,36.61,36.61,700
2026-04-27 10:50:00,36.63,36.63,36.63,36.63,200
2026-04-27 11:00:00,36.63,36.63,36.57,36.57,600
2026-04-27 11:05:00,36.5566,36.605,36.5284,36.605,573
2026-04-27 11:10:00,36.59,36.59,36.59,36.59,1543
2026-04-27 11:20:00,36.52,36.52,36.52,36.52,3763
2026-04-27 11:25:00,36.515,36.56,36.515,36.56,706
2026-04-27 11:30:00,36.625,36.625,36.6,36.6,400
2026-04-27 11:35:00,36.59,36.616,36.59,36.616,746
2026-04-27 11:40:00,36.62,36.62,36.62,36.62,100
2026-04-27 11:45:00,36.605,36.605,36.605,36.605,1014
2026-04-27 11:50:00,36.595,36.595,36.595,36.595,118
2026-04-27 11:55:00,36.6,36.6,36.6,36.6,100
2026-04-27 12:00:00,36.62,36.62,36.62,36.62,600
2026-04-27 12:05:00,36.61,36.61,36.61,36.61,200
2026-04-27 12:10:00,36.61,36.61,36.61,36.61,100
2026-04-27 12:20:00,36.62,36.62,36.62,36.62,200
2026-04-27 12:25:00,36.635,36.635,36.635,36.635,432
2026-04-27 12:30:00,36.67,36.67,36.67,36.67,100
2026-04-27 12:40:00,36.695,36.719,36.69,36.69,1272
2026-04-27 12:45:00,36.7099,36.7099,36.7099,36.7099,100
2026-04-27 12:50:00,36.7053,36.7053,36.67,36.6731,1550
2026-04-27 12:55:00,36.66,36.69,36.65,36.69,1431
2026-04-27 13:00:00,36.65,36.692,36.65,36.692,500
2026-04-27 13:05:00,36.7599,36.7599,36.7599,36.7599,1000
2026-04-27 13:10:00,36.725,36.725,36.725,36.725,280
2026-04-27 13:15:00,36.73,36.73,36.67,36.67,3220
2026-04-27 13:20:00,36.75,36.75,36.7492,36.7492,450
2026-04-27 13:25:00,36.7983,36.8099,36.7983,36.8099,357
2026-04-27 13:30:00,36.8,36.81,36.8,36.8,600
2026-04-27 13:40:00,36.8397,36.8397,36.83,36.83,1235
2026-04-27 13:45:00,36.8399,36.855,36.82,36.855,825
2026-04-27 13:50:00,36.83,36.83,36.83,36.83,300
2026-04-27 14:00:00,36.85,36.85,36.85,36.85,200
2026-04-27 14:05:00,36.8785,36.8785,36.8785,36.8785,1357
2026-04-27 14:10:00,36.84,36.84,36.835,36.835,512
2026-04-27 14:15:00,36.86,36.86,36.8371,36.8373,529
2026-04-27 14:20:00,36.84,36.84,36.84,36.84,331
2026-04-27 14:25:00,36.85,36.85,36.8393,36.8393,2049
2026-04-27 14:30:00,36.83,36.83,36.83,36.83,100
2026-04-27 14:35:00,36.82,36.82,36.82,36.82,100
2026-04-27 14:40:00,36.82,36.82,36.82,36.82,2308
2026-04-27 14:45:00,36.79,36.79,36.79,36.79,461
2026-04-27 14:50:00,36.81,36.81,36.81,36.81,100
2026-04-27 14:55:00,36.77,36.79,36.77,36.79,236
2026-04-27 15:05:00,36.76,36.8,36.76,36.7892,10832
2026-04-27 15:10:00,36.77,36.77,36.76,36.77,500
2026-04-27 15:15:00,36.82,36.84,36.805,36.84,429
2026-04-27 15:20:00,36.8099,36.8099,36.8,36.8,3033
2026-04-27 15:25:00,36.79,36.79,36.79,36.79,400
2026-04-27 15:30:00,36.77,36.77,36.77,36.77,200
2026-04-27 15:35:00,36.76,36.7701,36.74,36.77,800
2026-04-27 15:40:00,36.78,36.8099,36.75,36.78,4167
2026-04-27 15:45:00,36.8,36.8099,36.8,36.8099,651
2026-04-27 15:50:00,36.82,36.82,36.82,36.82,600
2026-04-27 15:55:00,36.82,36.825,36.78,36.82,3785
2026-04-27 16:00:00,36.86,36.86,36.84,36.84,1074
2026-04-28 07:00:00,37.26,37.26,37.26,37.26,300
2026-04-28 08:20:00,35.4799,35.4799,35.2,35.2,375
2026-04-28 09:30:00,36.25,36.25,35.96,36.15,6029
2026-04-28 09:35:00,36.205,36.21,36.205,36.21,200
2026-04-28 09:40:00,36.345,36.375,36.32,36.35,5904
2026-04-28 09:45:00,36.35,36.35,36.2501,36.3307,4450
2026-04-28 09:50:00,36.3387,36.3387,36.28,36.29,2785
2026-04-28 09:55:00,36.28,36.28,36.23,36.26,513
2026-04-28 10:05:00,36.32,36.32,36.305,36.305,466
2026-04-28 10:10:00,36.3,36.3,36.3,36.3,400
2026-04-28 10:15:00,36.25,36.25,36.25,36.25,300
2026-04-28 10:20:00,36.27,36.27,36.27,36.27,581
2026-04-28 10:30:00,36.15,36.19,36.15,36.19,455
2026-04-28 10:35:00,36.13,36.13,36,36,655
2026-04-28 10:40:00,35.98,35.9949,35.97,35.98,2200
2026-04-28 10:45:00,36.015,36.015,35.95,35.95,617
2026-04-28 10:50:00,35.95,35.95,35.905,35.905,983
2026-04-28 10:55:00,35.9,35.935,35.9,35.935,500
2026-04-28 11:15:00,35.98,36.0441,35.98,35.9803,439
2026-04-28 11:20:00,36.01,36.01,35.98,35.98,909
2026-04-28 11:25:00,35.94,35.94,35.94,35.94,100
2026-04-28 11:30:00,35.92,35.92,35.9,35.9,500
2026-04-28 11:35:00,35.8701,35.925,35.8701,35.925,1378
2026-04-28 11:40:00,35.9499,35.98,35.935,35.97,2091
2026-04-28 11:45:00,35.92,35.92,35.92,35.92,120
2026-04-28 12:05:00,36,36.0039,35.98,35.98,682
2026-04-28 12:10:00,35.98,35.995,35.98,35.995,1076
2026-04-28 12:20:00,35.99,35.99,35.99,35.99,200
2026-04-28 12:25:00,36,36,36,36,421
2026-04-28 12:30:00,35.99,35.99,35.99,35.99,138
2026-04-28 12:45:00,36,36.005,35.95,35.95,3970
2026-04-28 13:05:00,36.0005,36.02,36.0005,36.02,301
2026-04-28 13:15:00,36.0291,36.0291,36.02,36.02,875
2026-04-28 13:20:00,36.0481,36.0481,36.01,36.025,2004
2026-04-28 13:30:00,36.08,36.0999,36.08,36.0999,3858
2026-04-28 13:35:00,36.129,36.129,36.129,36.129,338
2026-04-28 13:40:00,36.105,36.124,36.105,36.124,990
2026-04-28 13:45:00,36.1396,36.1396,36.1396,36.1396,1296
2026-04-28 13:50:00,36.12,36.12,36.1,36.1,200
2026-04-28 14:10:00,36.17,36.17,36.17,36.17,414
2026-04-28 14:15:00,36.2,36.2,36.18,36.18,1525
2026-04-28 14:20:00,36.225,36.23,36.22,36.22,6726
2026-04-28 14:25:00,36.2698,36.2698,36.2698,36.2698,551
2026-04-28 14:35:00,36.24,36.24,36.24,36.24,700
2026-04-28 14:45:00,36.23,36.23,36.23,36.23,300
2026-04-28 14:50:00,36.285,36.285,36.275,36.275,491
2026-04-28 15:00:00,36.3,36.305,36.3,36.305,200
2026-04-28 15:05:00,36.325,36.325,36.3,36.317,2066
2026-04-28 15:10:00,36.36,36.36,36.3048,36.3048,272
2026-04-28 15:15:00,36.28,36.28,36.2594,36.2594,224
2026-04-28 15:20:00,36.255,36.255,36.255,36.255,2395
2026-04-28 15:25:00,36.26,36.26,36.26,36.26,825
2026-04-28 15:30:00,36.2893,36.2893,36.27,36.27,4025
2026-04-28 15:35:00,36.272,36.28,36.245,36.28,1100
2026-04-28 15:40:00,36.25,36.25,36.25,36.25,300
2026-04-28 15:45:00,36.25,36.25,36.25,36.25,300
2026-04-28 15:50:00,36.26,36.26,36.2234,36.2234,1301
2026-04-28 15:55:00,36.24,36.28,36.216,36.26,964
2026-04-29 09:30:00,36.39,36.39,36.39,36.39,1316
2026-04-29 09:35:00,36.135,36.135,36.135,36.135,175
2026-04-29 09:40:00,36.24,36.24,36.24,36.24,829
2026-04-29 09:45:00,36.1699,36.1699,36.1699,36.1699,100
2026-04-29 10:00:00,36.085,36.085,36.05,36.05,277
2026-04-29 10:05:00,36.1396,36.1396,36.1396,36.1396,460
2026-04-29 10:30:00,36.2135,36.2135,36.2135,36.2135,500
2026-04-29 10:40:00,36.2353,36.24,36.2353,36.24,690
2026-04-29 10:45:00,36.25,36.26,36.235,36.26,1683
2026-04-29 10:50:00,36.2193,36.2193,36.2193,36.2193,300
2026-04-29 11:05:00,36.1894,36.1894,36.17,36.17,650
2026-04-29 11:10:00,36.1412,36.1412,36.075,36.075,1000
2026-04-29 11:15:00,36.16,36.16,36.16,36.16,303
2026-04-29 11:20:00,36.16,36.16,36.11,36.11,700
2026-04-29 11:25:00,36.15,36.15,36.15,36.15,142
2026-04-29 11:30:00,36.236,36.25,36.2239,36.2241,1028
2026-04-29 11:40:00,36.2,36.2,36.175,36.175,2578
2026-04-29 11:45:00,36.19,36.19,36.19,36.19,100
2026-04-29 11:50:00,36.17,36.17,36.14,36.14,1582
2026-04-29 11:55:00,36.086,36.086,36.05,36.0694,1262
2026-04-29 12:00:00,36.1,36.1399,36.1,36.1399,624
2026-04-29 12:20:00,36.0899,36.0899,36.04,36.04,1676
2026-04-29 12:25:00,36.025,36.025,36.025,36.025,100
2026-04-29 12:30:00,35.96,35.9999,35.95,35.95,2233
2026-04-29 12:45:00,36.0367,36.0367,36.0367,36.0367,146
2026-04-29 13:00:00,35.975,35.975,35.975,35.975,243
2026-04-29 13:05:00,36.04,36.04,36.04,36.04,500
2026-04-29 13:10:00,36.07,36.07,36.025,36.025,1195
2026-04-29 13:15:00,36.0425,36.0425,36.0425,36.0425,500
2026-04-29 13:25:00,36.059,36.0794,36.045,36.0794,550
2026-04-29 13:35:00,36.0894,36.0894,36.0894,36.0894,125
2026-04-29 13:40:00,36.0695,36.0695,36.0695,36.0695,100
2026-04-29 13:45:00,36.075,36.105,36.075,36.105,231
2026-04-29 13:50:00,36.1306,36.1306,36.1306,36.1306,100
2026-04-29 13:55:00,36.1,36.1,36.1,36.1,100
2026-04-29 14:00:00,36.115,36.115,36.115,36.115,575
2026-04-29 14:05:00,36.1199,36.1199,36.05,36.05,13888
2026-04-29 14:30:00,36.08,36.08,36.08,36.08,700
2026-04-29 14:35:00,36.18,36.18,36.18,36.18,300
2026-04-29 14:40:00,36.12,36.12,36.1,36.1,224
2026-04-29 14:55:00,36.2,36.2,36.2,36.2,116
2026-04-29 15:00:00,36.215,36.215,36.215,36.215,100
2026-04-29 15:05:00,36.15,36.15,36.15,36.15,500
2026-04-29 15:15:00,36.275,36.275,36.275,36.275,100
2026-04-29 15:20:00,36.235,36.235,36.23,36.23,275
2026-04-29 15:25:00,36.255,36.2799,36.255,36.2799,3493
2026-04-29 15:30:00,36.2,36.2,36.2,36.2,200
2026-04-29 15:45:00,36.18,36.21,36.18,36.21,14050
2026-04-29 15:50:00,36.175,36.198,36.175,36.195,3408
2026-04-29 15:55:00,36.21,36.26,36.185,36.26,1697
2026-04-30 09:30:00,36.6,36.6,36.43,36.43,1852
2026-04-30 09:35:00,36.25,36.25,36.2,36.2099,4530
2026-04-30 09:40:00,36.15,36.15,36.15,36.15,500
2026-04-30 09:45:00,36.19,36.19,36.105,36.14,890
2026-04-30 09:50:00,35.98,35.98,35.98,35.98,1000
2026-04-30 09:55:00,35.9895,35.9895,35.9895,35.9895,1112
2026-04-30 10:00:00,36.03,36.0899,36.03,36.03,700
2026-04-30 10:05:00,35.9876,35.9876,35.9876,35.9876,300
2026-04-30 10:10:00,35.895,35.95,35.865,35.95,2427
2026-04-30 10:15:00,35.77,35.77,35.75,35.75,700
2026-04-30 10:20:00,35.87,35.88,35.87,35.88,200
2026-04-30 10:25:00,35.89,35.89,35.76,35.76,1311
2026-04-30 10:35:00,35.75,35.8,35.74,35.74,1200
2026-04-30 10:40:00,35.74,35.84,35.74,35.84,581
2026-04-30 10:45:00,35.915,35.92,35.915,35.92,600
2026-04-30 10:50:00,35.92,35.92,35.91,35.91,600
2026-04-30 11:00:00,36.04,36.04,36.04,36.04,100
2026-04-30 11:10:00,36.07,36.07,36.05,36.05,500
2026-04-30 11:15:00,36.05,36.05,36.05,36.05,100
2026-04-30 11:25:00,36.04,36.045,36.04,36.045,434
2026-04-30 11:30:00,36.08,36.0893,36.08,36.0893,1704
2026-04-30 11:35:00,36.04,36.0499,36.0191,36.0191,834
2026-04-30 11:45:00,35.97,35.97,35.96,35.96,1092
2026-04-30 11:50:00,36.015,36.015,36.015,36.015,2200
2026-04-30 12:00:00,36.05,36.065,36.02,36.0524,4473
2026-04-30 12:05:00,36.0501,36.0501,36.0501,36.0501,939
2026-04-30 12:20:00,36.125,36.125,36.125,36.125,166
2026-04-30 12:25:00,36.1,36.1,36.1,36.1,200
2026-04-30 12:40:00,36.1039,36.1039,36.08,36.08,1429
2026-04-30 12:50:00,36.04,36.04,36.04,36.04,100
2026-04-30 12:55:00,36,36,36,36,100
2026-04-30 13:00:00,36.105,36.105,36.105,36.105,275
2026-04-30 13:05:00,36.1299,36.1299,36.1299,36.1299,1500
2026-04-30 13:10:00,36.14,36.14,36.14,36.14,100
2026-04-30 13:15:00,36.12,36.12,36.11,36.11,510
2026-04-30 13:20:00,36.1214,36.1214,36.12,36.12,1856
2026-04-30 13:25:00,36.146,36.155,36.1,36.155,1600
2026-04-30 13:30:00,36.18,36.215,36.165,36.19,1076
2026-04-30 13:35:00,36.175,36.2196,36.175,36.2196,928
2026-04-30 13:40:00,36.2016,36.2016,36.18,36.18,300
2026-04-30 13:45:00,36.195,36.195,36.195,36.195,300
2026-04-30 13:50:00,36.21,36.215,36.205,36.215,955
2026-04-30 13:55:00,36.255,36.255,36.255,36.255,276
2026-04-30 14:00:00,36.3252,36.3252,36.3252,36.3252,1453
2026-04-30 14:05:00,36.3,36.3,36.28,36.28,610
2026-04-30 14:15:00,36.2751,36.3,36.2744,36.2745,721
2026-04-30 14:20:00,36.27,36.27,36.27,36.27,200
2026-04-30 14:25:00,36.27,36.27,36.27,36.27,100
2026-04-30 14:30:00,36.3129,36.3129,36.3129,36.3129,205
2026-04-30 14:35:00,36.34,36.3599,36.34,36.3433,1101
2026-04-30 14:40:00,36.3427,36.36,36.3427,36.36,564
2026-04-30 14:45:00,36.365,36.365,36.365,36.365,158
2026-04-30 14:50:00,36.35,36.3899,36.35,36.3899,2400
2026-04-30 14:55:00,36.375,36.375,36.36,36.36,300
2026-04-30 15:00:00,36.4083,36.4083,36.37,36.37,600
2026-04-30 15:05:00,36.37,36.385,36.37,36.385,575
2026-04-30 15:15:00,36.405,36.4059,36.405,36.405,1067
2026-04-30 15:20:00,36.4,36.4198,36.39,36.39,2090
2026-04-30 15:25:00,36.405,36.405,36.38,36.38,732
2026-04-30 15:30:00,36.355,36.3891,36.355,36.3891,800
2026-04-30 15:35:00,36.3799,36.4072,36.37,36.4072,11887
2026-04-30 15:40:00,36.38,36.39,36.37,36.39,854
2026-04-30 15:45:00,36.38,36.3901,36.38,36.38,860
2026-04-30 15:50:00,36.345,36.355,36.33,36.33,2662
2026-04-30 15:55:00,36.345,36.38,36.33,36.37,6348
2026-04-30 16:00:00,36.36,36.36,36.36,36.36,110
2026-05-01 09:10:00,35.68,35.68,35.68,35.68,1500
2026-05-01 09:30:00,36.38,36.58,36.38,36.535,4610
2026-05-01 09:35:00,36.56,36.6,36.545,36.575,9345
2026-05-01 09:40:00,36.63,36.63,36.63,36.63,400
2026-05-01 09:50:00,36.645,36.74,36.645,36.705,500
2026-05-01 09:55:00,36.725,36.8,36.725,36.8,509
2026-05-01 10:05:00,36.84,36.84,36.79,36.79,215
2026-05-01 10:10:00,36.84,36.84,36.82,36.82,550
2026-05-01 10:15:00,36.834,36.834,36.775,36.775,645
2026-05-01 10:20:00,36.83,36.83,36.83,36.83,215
2026-05-01 10:25:00,36.76,36.76,36.75,36.75,500
2026-05-01 10:30:00,36.745,36.745,36.745,36.745,100
2026-05-01 10:40:00,36.69,36.69,36.69,36.69,300
2026-05-01 10:45:00,36.73,36.809,36.73,36.78,2347
2026-05-01 10:50:00,36.75,36.8091,36.71,36.806,980
2026-05-01 10:55:00,36.8088,36.8088,36.745,36.745,605
2026-05-01 11:00:00,36.7,36.7,36.66,36.66,200
2026-05-01 11:05:00,36.7199,36.7199,36.7199,36.7199,1350
2026-05-01 11:10:00,36.705,36.705,36.705,36.705,500
2026-05-01 11:15:00,36.7675,36.7675,36.7675,36.7675,788
2026-05-01 11:20:00,36.8188,36.8188,36.8188,36.8188,543
2026-05-01 11:25:00,36.795,36.795,36.77,36.77,205
2026-05-01 11:35:00,36.79,36.84,36.79,36.84,1125
2026-05-01 11:40:00,36.845,36.869,36.845,36.869,420
2026-05-01 11:45:00,36.885,36.885,36.885,36.885,500
2026-05-01 11:50:00,36.88,36.88,36.79,36.79,153707
2026-05-01 12:00:00,36.8396,36.85,36.83,36.83,1463
2026-05-01 12:05:00,36.8,36.8,36.8,36.8,100
2026-05-01 12:10:00,36.75,36.775,36.75,36.775,679
2026-05-01 12:15:00,36.83,36.83,36.795,36.795,270
2026-05-01 12:20:00,36.79,36.795,36.75,36.75,1600
2026-05-01 12:25:00,36.7206,36.7492,36.7206,36.7492,1144
2026-05-01 12:30:00,36.715,36.715,36.715,36.715,211
2026-05-01 12:45:00,36.67,36.695,36.67,36.695,378
2026-05-01 13:05:00,36.765,36.7982,36.765,36.765,405
2026-05-01 13:10:00,36.785,36.785,36.78,36.78,3457
2026-05-01 13:15:00,36.8,36.8488,36.8,36.8488,5787
2026-05-01 13:25:00,36.85,36.85,36.84,36.84,300
2026-05-01 13:30:00,36.84,36.8495,36.84,36.8495,1467
2026-05-01 13:35:00,36.83,36.83,36.815,36.815,200
2026-05-01 13:40:00,36.82,36.839,36.82,36.839,2178
2026-05-01 13:45:00,36.83,36.83,36.8012,36.8012,1110
2026-05-01 13:55:00,36.845,36.845,36.835,36.835,933
2026-05-01 14:00:00,36.81,36.81,36.81,36.81,400
2026-05-01 14:05:00,36.81,36.849,36.81,36.849,1100
2026-05-01 14:10:00,36.81,36.81,36.81,36.81,100
2026-05-01 14:15:00,36.79,36.79,36.79,36.79,421
2026-05-01 14:25:00,36.829,36.829,36.8,36.805,1432
2026-05-01 14:30:00,36.79,36.8,36.78,36.78,743
2026-05-01 14:35:00,36.73,36.73,36.73,36.73,100
2026-05-01 14:40:00,36.73,36.73,36.73,36.73,100
2026-05-01 14:55:00,36.675,36.7085,36.675,36.7085,800
2026-05-01 15:00:00,36.68,36.7191,36.68,36.7191,800
2026-05-01 15:05:00,36.6901,36.7289,36.6901,36.7161,26635
2026-05-01 15:10:00,36.73,36.73,36.73,36.73,1200
2026-05-01 15:15:00,36.75,36.76,36.73,36.75,47020
2026-05-01 15:20:00,36.74,36.74,36.74,36.74,136
2026-05-01 15:25:00,36.7748,36.7821,36.7301,36.7301,6280
2026-05-01 15:30:00,36.745,36.758,36.71,36.75,18167
2026-05-01 15:35:00,36.74,36.74,36.74,36.74,100
2026-05-01 15:40:00,36.76,36.76,36.75,36.75,1400
2026-05-01 15:45:00,36.7681,36.7681,36.73,36.73,325
2026-05-01 15:50:00,36.72,36.72,36.69,36.7,8669
2026-05-01 15:55:00,36.7,36.73,36.69,36.73,3158
2026-05-01 16:00:00,36.73,36.73,36.73,36.73,225
2026-05-04 08:00:00,38,38,38,38,600
2026-05-04 08:10:00,38,38,38,38,200
2026-05-04 09:30:00,36.84,36.84,36.785,36.795,3412
2026-05-04 09:35:00,37.035,37.13,37.02,37.06,21201
2026-05-04 09:40:00,37.05,37.1452,37.05,37.12,6249
2026-05-04 09:45:00,37.0989,37.15,37.04,37.05,10997
2026-05-04 09:50:00,37.09,37.1136,37.08,37.08,6370
2026-05-04 09:55:00,37.01,37.056,37.01,37.056,5173
2026-05-04 10:00:00,37.05,37.05,37.035,37.035,445
2026-05-04 10:05:00,37.0699,37.0699,36.98,36.98,2762
2026-05-04 10:10:00,37.02,37.02,37.02,37.02,100
2026-05-04 10:15:00,37.04,37.05,37.01,37.03,12055
2026-05-04 10:25:00,37.025,37.05,37,37,6784
2026-05-04 10:30:00,37.01,37.035,37.0053,37.035,516
2026-05-04 10:35:00,37.03,37.075,37.03,37.075,410
2026-05-04 10:45:00,37.1,37.128,37.1,37.128,375
2026-05-04 10:50:00,37.11,37.115,37.11,37.115,300
2026-05-04 10:55:00,37.08,37.08,37,37.02,1728
2026-05-04 11:00:00,37.05,37.05,37.05,37.05,200
2026-05-04 11:10:00,37.06,37.06,37.01,37.01,310
2026-05-04 11:15:00,36.945,36.945,36.9,36.9,2270
2026-05-04 11:20:00,36.7442,36.7442,36.73,36.73,600
2026-05-04 11:25:00,36.815,36.82,36.793,36.82,1096
2026-05-04 11:30:00,36.81,36.81,36.81,36.81,100
2026-05-04 11:40:00,36.733,36.78,36.733,36.78,1830
2026-05-04 11:45:00,36.815,36.815,36.76,36.76,3401
2026-05-04 11:50:00,36.76,36.77,36.735,36.77,1388
2026-05-04 11:55:00,36.82,36.82,36.78,36.78,894
2026-05-04 12:00:00,36.735,36.735,36.6901,36.6901,235
2026-05-04 12:05:00,36.7,36.7001,36.62,36.62,2924
2026-05-04 12:10:00,36.655,36.71,36.645,36.67,2007
2026-05-04 12:15:00,36.645,36.77,36.595,36.77,1759
2026-05-04 12:25:00,36.78,36.78,36.78,36.78,300
2026-05-04 12:30:00,36.81,36.81,36.81,36.81,501
2026-05-04 12:35:00,36.815,36.815,36.765,36.765,1813
2026-05-04 12:40:00,36.7598,36.7598,36.7598,36.7598,8001
2026-05-04 12:45:00,36.83,36.84,36.83,36.84,212
2026-05-04 12:50:00,36.8,36.8,36.8,36.8,100
2026-05-04 12:55:00,36.85,36.85,36.85,36.85,100
2026-05-04 13:00:00,36.83,36.83,36.83,36.83,500
2026-05-04 13:05:00,36.89,36.89,36.89,36.89,100
2026-05-04 13:10:00,36.86,36.86,36.86,36.86,100
2026-05-04 13:20:00,36.99,36.99,36.99,36.99,100
2026-05-04 13:25:00,36.965,36.965,36.94,36.94,640
2026-05-04 13:30:00,36.9899,36.9899,36.92,36.92,2882
2026-05-04 13:35:00,36.92,36.9399,36.92,36.9399,363
2026-05-04 13:45:00,36.92,36.94,36.91,36.91,420
2026-05-04 13:50:00,36.95,36.99,36.938,36.956,171305
2026-05-04 13:55:00,36.965,36.989,36.965,36.965,3300
2026-05-04 14:00:00,36.98,36.98,36.975,36.975,1219
2026-05-04 14:05:00,37,37,36.97,36.97,1200
2026-05-04 14:10:00,36.96,36.9784,36.96,36.9784,8643
2026-05-04 14:15:00,36.95,36.95,36.93,36.93,1005
2026-05-04 14:20:00,36.915,36.915,36.915,36.915,326
2026-05-04 14:25:00,36.88,36.89,36.88,36.89,342
2026-05-04 14:30:00,36.88,36.91,36.88,36.91,2130
2026-05-04 14:40:00,36.92,36.92,36.9,36.9,2900
2026-05-04 14:45:00,36.88,36.88,36.88,36.88,100
2026-05-04 14:55:00,36.92,36.92,36.92,36.92,100
2026-05-04 15:00:00,36.9595,36.9595,36.95,36.95,480
2026-05-04 15:05:00,36.94,36.94,36.94,36.94,395
2026-05-04 15:10:00,36.98,37,36.98,36.98,1168
2026-05-04 15:15:00,37.005,37.01,37,37.01,1371
2026-05-04 15:20:00,36.99,36.99,36.98,36.98,400
2026-05-04 15:25:00,36.99,37.0203,36.955,37.0203,2711
2026-05-04 15:30:00,36.99,37.03,36.9673,37.03,6518
2026-05-04 15:35:00,37.04,37.04,37.04,37.04,100
2026-05-04 15:40:00,37.03,37.03,37,37.01,1830
2026-05-04 15:45:00,37.01,37.02,36.99,36.99,2500
2026-05-04 15:50:00,37.02,37.02,36.94,36.94,5488
2026-05-04 15:55:00,36.985,37,36.96,37,2921
2026-05-04 16:00:00,36.96,36.96,36.96,36.96,300
2026-05-05 07:00:00,37,37,37,37,122
2026-05-05 09:30:00,37.25,37.28,37.1901,37.23,2474
2026-05-05 09:35:00,37.29,37.29,37.265,37.265,1260
2026-05-05 09:40:00,37.27,37.31,37.23,37.3095,10348
2026-05-05 09:45:00,37.3,37.37,37.3,37.34,1379
2026-05-05 09:50:00,37.35,37.35,37.35,37.35,428
2026-05-05 09:55:00,37.3099,37.32,37.27,37.27,1611
2026-05-05 10:00:00,37.3,37.3,37.2965,37.2965,300
2026-05-05 10:05:00,37.29,37.29,37.29,37.29,100
2026-05-05 10:10:00,37.28,37.28,37.24,37.24,300
2026-05-05 10:15:00,37.1999,37.22,37.14,37.14,2000
2026-05-05 10:20:00,37.195,37.25,37.195,37.25,361
2026-05-05 10:25:00,37.28,37.28,37.245,37.255,3133
2026-05-05 10:30:00,37.265,37.265,37.24,37.24,1200
2026-05-05 10:35:00,37.24,37.2699,37.18,37.18,12685
2026-05-05 10:40:00,37.185,37.2589,37.185,37.2,1000
2026-05-05 10:45:00,37.2281,37.2281,37.2281,37.2281,400
2026-05-05 10:50:00,37.2,37.2,37.2,37.2,100
2026-05-05 10:55:00,37.2896,37.2896,37.25,37.25,1070
2026-05-05 11:00:00,37.25,37.25,37.25,37.25,925
2026-05-05 11:05:00,37.23,37.23,37.23,37.23,250
2026-05-05 11:10:00,37.2483,37.2489,37.21,37.21,5200
2026-05-05 11:15:00,37.23,37.23,37.2,37.21,665
2026-05-05 11:20:00,37.21,37.25,37.1901,37.23,3420
2026-05-05 11:25:00,37.2,37.22,37.2,37.22,500
2026-05-05 11:30:00,37.23,37.23,37.21,37.21,200
2026-05-05 11:35:00,37.18,37.2697,37.18,37.2697,600
2026-05-05 11:40:00,37.255,37.255,37.255,37.255,300
2026-05-05 11:45:00,37.2999,37.2999,37.28,37.285,389
2026-05-05 11:55:00,37.3,37.3,37.22,37.23,8569
2026-05-05 12:05:00,37.28,37.28,37.28,37.28,220
2026-05-05 12:10:00,37.26,37.2898,37.25,37.27,4500
2026-05-05 12:15:00,37.25,37.2599,37.23,37.23,1256
2026-05-05 12:20:00,37.275,37.275,37.275,37.275,100
2026-05-05 12:25:00,37.2996,37.2996,37.18,37.18,400
2026-05-05 12:30:00,37.23,37.23,37.19,37.19,1639
2026-05-05 12:35:00,37.22,37.235,37.21,37.21,500
2026-05-05 12:40:00,37.18,37.18,37.18,37.18,100
2026-05-05 12:45:00,37.2499,37.2499,37.2499,37.2499,1479
2026-05-05 12:50:00,37.24,37.24,37.2,37.232,1037
2026-05-05 12:55:00,37.21,37.215,37.19,37.19,500
2026-05-05 13:10:00,37.185,37.185,37.185,37.185,433
2026-05-05 13:15:00,37.19,37.19,37.19,37.19,1000
2026-05-05 13:30:00,37.2,37.22,37.2,37.2057,354
2026-05-05 13:35:00,37.205,37.2299,37.205,37.2299,2807
2026-05-05 13:40:00,37.2,37.205,37.182,37.205,2144
2026-05-05 13:45:00,37.205,37.2199,37.18,37.18,2081
2026-05-05 13:50:00,37.2,37.2,37.18,37.2,1200
2026-05-05 13:55:00,37.2299,37.2299,37.2299,37.2299,115
2026-05-05 14:00:00,37.2299,37.2299,37.2299,37.2299,520
2026-05-05 14:05:00,37.241,37.241,37.2,37.2,500
2026-05-05 14:10:00,37.2,37.2,37.2,37.2,1350
2026-05-05 14:15:00,37.2427,37.2427,37.2427,37.2427,240
2026-05-05 14:20:00,37.255,37.255,37.255,37.255,150
2026-05-05 14:25:00,37.23,37.25,37.23,37.25,500
2026-05-05 14:30:00,37.23,37.23,37.23,37.23,100
2026-05-05 14:35:00,37.235,37.235,37.235,37.235,1268
2026-05-05 14:40:00,37.22,37.22,37.22,37.22,500
2026-05-05 14:50:00,37.24,37.24,37.17,37.18,11977
2026-05-05 15:00:00,37.2,37.2001,37.17,37.195,2100
2026-05-05 15:10:00,37.25,37.25,37.19,37.21,8476
2026-05-05 15:15:00,37.205,37.21,37.205,37.21,935
2026-05-05 15:20:00,37.19,37.205,37.18,37.185,1845
2026-05-05 15:25:00,37.18,37.18,37.17,37.17,2077
2026-05-05 15:30:00,37.17,37.2,37.16,37.16,800
2026-05-05 15:40:00,37.17,37.17,37.17,37.17,200
2026-05-05 15:50:00,37.15,37.15,37.15,37.15,100
2026-05-05 15:55:00,37.138,37.138,37.09,37.09,1264
2026-05-06 09:05:00,37.15,37.15,37.15,37.15,1350
2026-05-06 09:10:00,37.15,37.15,37.15,37.15,700
2026-05-06 09:25:00,37.5,37.5,37.5,37.5,127
2026-05-06 09:30:00,37.55,37.5921,37.415,37.423,5551
2026-05-06 09:35:00,37.505,37.543,37.41,37.465,1288
2026-05-06 09:40:00,37.43,37.5111,37.43,37.5111,250
2026-05-06 09:45:00,37.525,37.525,37.4176,37.4176,767
2026-05-06 09:55:00,37.55,37.581,37.55,37.581,420
2026-05-06 10:00:00,37.54,37.5799,37.505,37.5488,7191
2026-05-06 10:05:00,37.492,37.492,37.47,37.47,933
2026-05-06 10:10:00,37.595,37.595,37.57,37.57,1200
2026-05-06 10:15:00,37.56,37.56,37.55,37.55,600
2026-05-06 10:25:00,37.58,37.58,37.58,37.58,550
2026-05-06 10:30:00,37.535,37.535,37.535,37.535,434
2026-05-06 10:35:00,37.655,37.665,37.655,37.665,681
2026-05-06 10:40:00,37.71,37.71,37.7,37.7099,550
2026-05-06 10:45:00,37.7694,37.7694,37.7694,37.7694,100
2026-05-06 10:50:00,37.79,37.807,37.77,37.79,2515
2026-05-06 10:55:00,37.82,37.829,37.8,37.8,1900
2026-05-06 11:05:00,37.875,37.8799,37.86,37.86,550
2026-05-06 11:10:00,37.87,37.87,37.8366,37.8366,915
2026-05-06 11:15:00,37.89,37.89,37.89,37.89,200
2026-05-06 11:20:00,37.89,37.895,37.89,37.895,627
2026-05-06 11:25:00,37.91,37.91,37.905,37.905,267
2026-05-06 11:30:00,37.9,37.915,37.89,37.89,14211
2026-05-06 11:35:00,37.9,37.9,37.8701,37.8701,29533
2026-05-06 11:40:00,37.85,37.8789,37.84,37.8789,800
2026-05-06 11:45:00,37.875,37.875,37.875,37.875,182
2026-05-06 11:50:00,37.92,37.92,37.89,37.89,1197
2026-05-06 11:55:00,37.9,37.9148,37.88,37.88,447
2026-05-06 12:10:00,37.9645,37.9645,37.945,37.945,1021
2026-05-06 12:15:00,37.91,37.91,37.91,37.91,120
2026-05-06 12:20:00,37.925,37.925,37.925,37.925,1500
2026-05-06 12:30:00,37.905,37.91,37.905,37.91,271
2026-05-06 12:35:00,37.89,37.9,37.875,37.8955,1799
2026-05-06 12:40:00,37.9381,37.9381,37.9381,37.9381,254
2026-05-06 12:45:00,37.9,37.9,37.9,37.9,1100
2026-05-06 12:55:00,37.8691,37.8691,37.8691,37.8691,1320
2026-05-06 13:00:00,37.895,37.8952,37.895,37.8952,559
2026-05-06 13:10:00,37.9699,37.9699,37.9699,37.9699,159
2026-05-06 13:15:00,37.93,37.94,37.93,37.94,230
2026-05-06 13:25:00,37.95,37.95,37.95,37.95,533
2026-05-06 13:35:00,37.99,38.01,37.98,37.98,550
2026-05-06 13:45:00,37.97,37.97,37.97,37.97,100
2026-05-06 13:50:00,37.96,37.979,37.96,37.97,859
2026-05-06 14:00:00,37.979,37.979,37.979,37.979,1369
2026-05-06 14:15:00,38.0373,38.0373,38.0373,38.0373,208
2026-05-06 14:20:00,38.035,38.0532,38.02,38.04,1406
2026-05-06 14:30:00,38.065,38.08,38.065,38.08,247
2026-05-06 14:35:00,38.13,38.13,38.09,38.09,600
2026-05-06 14:40:00,38.1,38.12,38.08,38.08,1968
2026-05-06 14:45:00,38.1005,38.1005,38.05,38.0794,3100
2026-05-06 14:50:00,38.07,38.0999,38.07,38.07,926
2026-05-06 14:55:00,38.06,38.1083,38.04,38.08,19620
2026-05-06 15:00:00,38.07,38.1095,38.07,38.09,3760
2026-05-06 15:05:00,38.09,38.1026,38.08,38.1,1157
2026-05-06 15:10:00,38.11,38.115,38.1,38.11,700
2026-05-06 15:15:00,38.1,38.1207,38.07,38.1199,2875
2026-05-06 15:20:00,38.1399,38.14,38.11,38.14,2455
2026-05-06 15:25:00,38.1443,38.15,38.125,38.15,5874
2026-05-06 15:30:00,38.135,38.135,38.135,38.135,200
2026-05-06 15:35:00,38.11,38.11,38.11,38.11,1247
2026-05-06 15:40:00,38.14,38.1427,38.12,38.13,1958
2026-05-06 15:45:00,38.12,38.12,38.12,38.12,400
2026-05-06 15:50:00,38.15,38.15,38.13,38.13,400
2026-05-06 15:55:00,38.2,38.22,38.17,38.21,3725
2026-05-06 16:00:00,38.21,38.21,38.21,38.21,149
2026-05-06 16:10:00,38.132,38.132,38.132,38.132,100
2026-05-06 16:15:00,38.02,38.02,38.02,38.02,100
2026-05-06 16:25:00,38.6766,38.6766,38.6766,38.6766,552
2026-05-06 16:30:00,38.18,38.18,38.18,38.18,100
2026-05-07 07:30:00,39,39,39,39,2969
2026-05-07 08:45:00,39.01,39.01,39.01,39.01,200
2026-05-07 09:30:00,38.21,38.21,38,38.1299,2846
2026-05-07 09:35:00,38.065,38.065,38.05,38.05,1506
2026-05-07 09:40:00,38,38,38,38,131
2026-05-07 09:45:00,37.92,37.93,37.86,37.91,1180
2026-05-07 09:50:00,37.92,37.93,37.92,37.93,600
2026-05-07 09:55:00,37.9812,37.9812,37.9812,37.9812,350
2026-05-07 10:05:00,38.04,38.09,38.03,38.09,1380
2026-05-07 10:10:00,38.1841,38.1841,38.1841,38.1841,100
2026-05-07 10:15:00,38.1873,38.1873,38.16,38.1699,550
2026-05-07 10:20:00,38.1799,38.18,38.1765,38.18,825
2026-05-07 10:25:00,38.235,38.28,38.235,38.235,600
2026-05-07 10:40:00,38.325,38.325,38.325,38.325,100
2026-05-07 11:00:00,38.3,38.3,38.3,38.3,2400
2026-05-07 11:05:00,38.31,38.31,38.2499,38.2499,4222
2026-05-07 11:10:00,38.22,38.23,38.1815,38.23,946
2026-05-07 11:15:00,38.22,38.2499,38.22,38.2499,900
2026-05-07 11:25:00,38.2,38.2,38.2,38.2,200
2026-05-07 11:30:00,38.2699,38.2699,38.2699,38.2699,345
2026-05-07 11:35:00,38.28,38.28,38.2601,38.2601,443
2026-05-07 11:40:00,38.26,38.26,38.22,38.225,39126
2026-05-07 11:45:00,38.24,38.24,38.1801,38.1801,959
2026-05-07 11:55:00,38.125,38.13,38.0582,38.08,8860
2026-05-07 12:00:00,38.1,38.1,38.1,38.1,3545
2026-05-07 12:05:00,37.96,37.96,37.93,37.93,2100
2026-05-07 12:10:00,37.93,37.93,37.92,37.925,4571
2026-05-07 12:15:00,37.85,37.85,37.7701,37.835,3748
2026-05-07 12:20:00,37.7579,37.8399,37.7579,37.8399,2373
2026-05-07 12:25:00,37.87,37.9599,37.87,37.9599,2125
2026-05-07 12:30:00,37.955,37.955,37.955,37.955,300
2026-05-07 12:35:00,37.86,37.86,37.82,37.82,4116
2026-05-07 12:45:00,37.89,37.9,37.89,37.89,500
2026-05-07 12:50:00,37.845,37.85,37.845,37.85,605
2026-05-07 12:55:00,37.9,37.9,37.83,37.83,1775
2026-05-07 13:00:00,37.896,37.896,37.896,37.896,636
2026-05-07 13:05:00,37.86,37.86,37.86,37.86,106
2026-05-07 13:10:00,37.82,37.84,37.82,37.8262,796
2026-05-07 13:15:00,37.82,37.82,37.71,37.71,801
2026-05-07 13:20:00,37.79,37.79,37.79,37.79,500
2026-05-07 13:25:00,37.7,37.82,37.7,37.82,1429
2026-05-07 13:30:00,37.75,37.8099,37.71,37.8099,8207
2026-05-07 13:35:00,37.83,37.87,37.8286,37.8286,2054
2026-05-07 13:40:00,37.84,37.843,37.8301,37.843,8261
2026-05-07 13:45:00,37.79,37.79,37.79,37.79,100
2026-05-07 13:50:00,37.765,37.765,37.75,37.75,400
2026-05-07 13:55:00,37.9,37.9,37.9,37.9,372
2026-05-07 14:00:00,37.9,37.93,37.9,37.93,4260
2026-05-07 14:05:00,37.949,37.949,37.949,37.949,200
2026-05-07 14:15:00,37.835,37.835,37.835,37.835,220
2026-05-07 14:25:00,37.81,37.81,37.757,37.785,4800
2026-05-07 14:35:00,37.8,37.8,37.78,37.78,500
2026-05-07 14:40:00,37.81,37.81,37.78,37.78,1819
2026-05-07 14:45:00,37.735,37.75,37.735,37.74,946
2026-05-07 14:50:00,37.705,37.7483,37.705,37.7483,700
2026-05-07 14:55:00,37.8,37.8,37.78,37.78,463
2026-05-07 15:00:00,37.775,37.775,37.775,37.775,122
2026-05-07 15:05:00,37.77,37.79,37.7628,37.763,3037
2026-05-07 15:10:00,37.77,37.791,37.77,37.791,820
2026-05-07 15:15:00,37.83,37.83,37.765,37.765,400
2026-05-07 15:20:00,37.77,37.77,37.74,37.74,700
2026-05-07 15:35:00,37.785,37.785,37.785,37.785,250
2026-05-07 15:40:00,37.845,37.845,37.845,37.845,100
2026-05-07 15:45:00,37.8138,37.8799,37.8138,37.8799,439
2026-05-07 15:50:00,37.88,37.88,37.845,37.845,1350
2026-05-07 15:55:00,37.88,37.91,37.88,37.91,3766
2026-05-08 09:30:00,38.09,38.09,38.0199,38.0199,4472
2026-05-08 09:35:00,37.955,37.955,37.955,37.955,163
2026-05-08 09:40:00,37.89,37.93,37.89,37.93,1032
2026-05-08 09:45:00,38.0101,38.0101,38.0101,38.0101,100
2026-05-08 09:50:00,37.97,38.02,37.97,37.985,826
2026-05-08 09:55:00,37.9298,37.9345,37.9298,37.9345,1554
2026-05-08 10:05:00,37.95,37.95,37.95,37.95,966
2026-05-08 10:10:00,37.9399,38.0199,37.9399,37.97,5724
2026-05-08 10:15:00,37.97,37.97,37.93,37.93,4100
2026-05-08 10:25:00,37.93,37.93,37.86,37.87,1471
2026-05-08 10:30:00,37.845,37.845,37.845,37.845,105
2026-05-08 10:35:00,37.7928,37.7928,37.7928,37.7928,132
2026-05-08 10:40:00,37.85,37.85,37.85,37.85,500
2026-05-08 10:50:00,37.86,37.9179,37.86,37.9179,1245
2026-05-08 10:55:00,37.9,37.97,37.9,37.97,7407
2026-05-08 11:00:00,37.94,37.9599,37.94,37.9599,213
2026-05-08 11:05:00,37.9,37.9,37.9,37.9,100
2026-05-08 11:10:00,37.9,37.91,37.9,37.91,255
2026-05-08 11:15:00,37.865,37.865,37.845,37.845,2826
2026-05-08 11:20:00,37.89,37.89,37.89,37.89,1300
2026-05-08 11:25:00,37.855,37.855,37.855,37.855,2439
2026-05-08 11:30:00,37.8895,37.8895,37.82,37.82,195473
2026-05-08 11:35:00,37.92,37.92,37.92,37.92,100
2026-05-08 11:45:00,37.87,37.91,37.865,37.91,797
2026-05-08 11:50:00,37.86,37.86,37.839,37.839,250
2026-05-08 11:55:00,37.8286,37.8326,37.8286,37.8326,915
2026-05-08 12:00:00,37.855,37.855,37.855,37.855,105
2026-05-08 12:15:00,37.885,37.885,37.88,37.88,710
2026-05-08 12:20:00,37.885,37.885,37.885,37.885,105
2026-05-08 12:25:00,37.92,37.92,37.905,37.905,852
2026-05-08 12:35:00,37.875,37.875,37.875,37.875,105
2026-05-08 12:40:00,37.86,37.92,37.85,37.8523,1797
2026-05-08 12:45:00,37.86,37.87,37.86,37.87,3970
2026-05-08 12:50:00,37.85,37.85,37.795,37.795,405
2026-05-08 12:55:00,37.79,37.79,37.79,37.79,180
2026-05-08 13:00:00,37.775,37.775,37.775,37.775,1100
2026-05-08 13:05:00,37.77,37.77,37.77,37.77,177
2026-05-08 13:10:00,37.77,37.77,37.77,37.77,994
2026-05-08 13:15:00,37.82,37.83,37.79,37.83,1239
2026-05-08 13:20:00,37.86,37.88,37.86,37.88,900
2026-05-08 13:25:00,37.87,37.87,37.87,37.87,300
2026-05-08 13:35:00,37.875,37.875,37.84,37.84,205
2026-05-08 13:40:00,37.8356,37.8356,37.8356,37.8356,300
2026-05-08 13:45:00,37.8326,37.8326,37.8326,37.8326,215
2026-05-08 13:50:00,37.825,37.85,37.8,37.85,6420
2026-05-08 13:55:00,37.81,37.81,37.81,37.81,100
2026-05-08 14:00:00,37.81,37.86,37.81,37.86,764
2026-05-08 14:05:00,37.865,37.865,37.855,37.855,1149
2026-05-08 14:10:00,37.8623,37.899,37.8623,37.899,1666
2026-05-08 14:15:00,37.84,37.84,37.84,37.84,100
2026-05-08 14:20:00,37.865,37.865,37.84,37.84,1633
2026-05-08 14:25:00,37.865,37.9097,37.865,37.9097,533
2026-05-08 14:30:00,37.885,37.89,37.87,37.87,1014
2026-05-08 14:40:00,37.84,37.84,37.84,37.84,108
2026-05-08 14:45:00,37.82,37.82,37.82,37.82,100
2026-05-08 14:50:00,37.81,37.8218,37.81,37.8218,636
2026-05-08 14:55:00,37.78,37.78,37.78,37.78,165
2026-05-08 15:00:00,37.795,37.795,37.795,37.795,105
2026-05-08 15:05:00,37.82,37.87,37.81,37.87,16472
2026-05-08 15:10:00,37.85,37.859,37.79,37.805,44532
2026-05-08 15:15:00,37.805,37.815,37.805,37.81,779
2026-05-08 15:20:00,37.8,37.8295,37.72,37.785,28213
2026-05-08 15:25:00,37.785,37.785,37.78,37.78,334
2026-05-08 15:35:00,37.775,37.775,37.775,37.775,423
2026-05-08 15:40:00,37.7784,37.83,37.77,37.77,2566
2026-05-08 15:45:00,37.77,37.785,37.715,37.715,1800
2026-05-08 15:50:00,37.8699,37.8699,37.8477,37.8699,506
2026-05-08 15:55:00,37.76,37.87,37.76,37.85,7310
2026-05-08 18:35:00,38.85,38.85,38.85,38.85,413