2026-04-22 13:15:00,20.26,20.26,20.26,20.26,251
2026-04-22 13:50:00,20.24,20.24,20.24,20.24,100
2026-04-22 15:10:00,20.265,20.265,20.265,20.265,217
2026-04-23 09:35:00,20.37,20.37,20.37,20.37,125
2026-04-23 12:35:00,20.39,20.39,20.39,20.39,100
2026-04-23 13:10:00,20.27,20.27,20.26,20.26,200
2026-04-23 13:30:00,20.24,20.24,20.24,20.24,100
2026-04-23 13:50:00,20.2,20.2,20.2,20.2,100
2026-04-23 14:15:00,20.31,20.31,20.31,20.31,100
2026-04-23 14:35:00,20.27,20.27,20.27,20.27,100
2026-04-23 14:55:00,20.26,20.26,20.26,20.26,193
2026-04-24 13:15:00,20.2501,20.2501,20.2501,20.2501,125
2026-04-24 13:25:00,20.3,20.3,20.3,20.3,545
2026-04-24 15:15:00,20.31,20.31,20.31,20.31,132
2026-04-27 12:05:00,20.19,20.2,20.19,20.2,12950
2026-04-27 12:35:00,20.2,20.21,20.2,20.21,1794
2026-04-27 15:15:00,20.28,20.28,20.28,20.28,104
2026-04-27 15:55:00,20.25,20.25,20.25,20.25,100
2026-04-28 15:20:00,20.04,20.04,20.04,20.04,100
2026-04-29 15:25:00,19.81,19.81,19.81,19.81,174
2026-04-30 10:45:00,20.045,20.16,20.045,20.0799,9373
2026-04-30 13:10:00,20.16,20.18,20.14,20.18,2312
2026-04-30 15:05:00,20.21,20.21,20.18,20.18,2307
2026-05-04 13:10:00,20.45,20.45,20.45,20.45,206
2026-05-05 15:10:00,20.741,20.741,20.741,20.741,276
2026-05-05 15:30:00,20.77,20.79,20.77,20.79,2202
2026-05-06 13:15:00,21.23,21.23,21.23,21.23,100
2026-05-07 11:10:00,21.12,21.12,21.12,21.12,100
2026-05-07 12:20:00,20.9,20.9,20.9,20.9,100
2026-05-08 11:20:00,21.01,21.01,21.01,21.01,100
2026-05-08 13:15:00,20.99,20.99,20.9899,20.9899,400
2026-05-08 13:40:00,21.01,21.01,21.01,21.01,100
2026-05-08 15:15:00,21.05,21.05,21.05,21.05,945
2026-05-11 10:20:00,21.28,21.28,21.25,21.265,1322
2026-05-11 13:05:00,21.33,21.33,21.31,21.31,1006
2026-05-12 10:15:00,21.04,21.04,21.04,21.04,100
2026-05-12 11:15:00,20.915,20.915,20.915,20.915,275
2026-05-12 12:25:00,20.98,20.99,20.94,20.94,5552
2026-05-12 15:05:00,21.01,21.01,21.01,21.01,124
2026-05-14 15:10:00,21.3601,21.395,21.3601,21.395,539
2026-05-15 13:10:00,21.01,21.01,20.97,20.97,1056
2026-05-19 13:50:00,20.69,20.69,20.69,20.69,450
2026-05-19 15:25:00,20.66,20.66,20.66,20.66,309
2026-05-20 13:10:00,20.85,20.8649,20.811,20.84,606
2026-05-21 10:20:00,21.02,21.02,21.02,21.02,100
2026-05-21 10:45:00,20.99,20.99,20.99,20.99,100
2026-05-21 11:00:00,21,21,21,21,100
2026-05-21 11:20:00,21,21,21,21,100
2026-05-21 11:30:00,21.01,21.01,21.01,21.01,100
2026-05-21 11:55:00,21.04,21.04,21.04,21.04,100
2026-05-21 12:15:00,21.07,21.07,21.07,21.07,100
2026-05-21 12:35:00,21.05,21.05,21.05,21.05,100
2026-05-21 12:55:00,21.04,21.04,21.04,21.04,100