2026-04-22 09:30:00,38.49,38.49,38.49,38.49,6296
2026-04-22 09:35:00,38.41,38.47,38.38,38.455,3108
2026-04-22 09:40:00,38.45,38.45,38.28,38.28,4650
2026-04-22 09:45:00,38.3,38.3944,38.3,38.3944,607
2026-04-22 09:50:00,38.36,38.39,38.36,38.37,2296
2026-04-22 09:55:00,38.39,38.44,38.37,38.37,1061
2026-04-22 10:00:00,38.44,38.44,38.375,38.39,2434
2026-04-22 10:05:00,38.38,38.45,38.3,38.39,5925
2026-04-22 10:10:00,38.43,38.43,38.385,38.4,4600
2026-04-22 10:15:00,38.42,38.4321,38.41,38.4321,662
2026-04-22 10:20:00,38.4,38.4,38.37,38.37,1775
2026-04-22 10:25:00,38.39,38.41,38.34,38.38,9996
2026-04-22 10:30:00,38.29,38.34,38.28,38.33,2756
2026-04-22 10:35:00,38.32,38.34,38.32,38.34,716
2026-04-22 10:40:00,38.355,38.3744,38.3,38.31,2633
2026-04-22 10:45:00,38.3583,38.36,38.3583,38.36,691
2026-04-22 10:55:00,38.33,38.335,38.31,38.335,8086
2026-04-22 11:00:00,38.37,38.37,38.352,38.352,1238
2026-04-22 11:05:00,38.3,38.3004,38.3,38.3,2313
2026-04-22 11:15:00,38.32,38.32,38.28,38.3,1258
2026-04-22 11:20:00,38.29,38.3,38.2882,38.3,2351
2026-04-22 11:25:00,38.26,38.29,38.26,38.29,641
2026-04-22 11:30:00,38.28,38.28,38.28,38.28,221
2026-04-22 11:40:00,38.2,38.21,38.2,38.21,300
2026-04-22 11:45:00,38.25,38.25,38.25,38.25,278
2026-04-22 11:55:00,38.275,38.275,38.25,38.25,300
2026-04-22 12:00:00,38.26,38.26,38.26,38.26,100
2026-04-22 12:05:00,38.2327,38.2327,38.2327,38.2327,1311
2026-04-22 12:10:00,38.2301,38.2301,38.2301,38.2301,626
2026-04-22 12:15:00,38.23,38.23,38.23,38.23,400
2026-04-22 12:20:00,38.215,38.215,38.1902,38.21,13348
2026-04-22 12:30:00,38.18,38.18,38.18,38.18,100
2026-04-22 12:35:00,38.19,38.19,38.19,38.19,469
2026-04-22 12:40:00,38.205,38.205,38.15,38.18,4041
2026-04-22 12:45:00,38.1515,38.1515,38.1515,38.1515,196
2026-04-22 12:55:00,38.16,38.16,38.16,38.16,100
2026-04-22 13:00:00,38.16,38.165,38.14,38.165,581
2026-04-22 13:15:00,38.2,38.2,38.14,38.17,869
2026-04-22 13:35:00,38.185,38.185,38.16,38.17,2755
2026-04-22 13:40:00,38.16,38.19,38.16,38.19,805
2026-04-22 13:45:00,38.1886,38.1886,38.1886,38.1886,967
2026-04-22 13:55:00,38.165,38.165,38.15,38.15,1117
2026-04-22 14:00:00,38.155,38.155,38.155,38.155,261
2026-04-22 14:15:00,38.14,38.14,38.14,38.14,130
2026-04-22 14:20:00,38.12,38.13,38.12,38.13,1441
2026-04-22 14:25:00,38.13,38.13,38.13,38.13,207
2026-04-22 14:30:00,38.13,38.13,38.13,38.13,100
2026-04-22 14:35:00,38.15,38.15,38.15,38.15,130
2026-04-22 14:40:00,38.12,38.12,38.12,38.12,117
2026-04-22 14:45:00,38.12,38.135,38.12,38.12,700
2026-04-22 14:50:00,38.12,38.1309,38.12,38.12,931
2026-04-22 14:55:00,38.11,38.13,38.11,38.13,492
2026-04-22 15:00:00,38.15,38.15,38.1072,38.1072,944
2026-04-22 15:05:00,38.0976,38.0976,38.0976,38.0976,972
2026-04-22 15:10:00,38.1274,38.1274,38.1274,38.1274,197
2026-04-22 15:20:00,38.1599,38.1599,38.135,38.135,5097
2026-04-22 15:25:00,38.17,38.2,38.1501,38.1501,2735
2026-04-22 15:30:00,38.155,38.1699,38.155,38.16,1280
2026-04-22 15:35:00,38.1131,38.13,38.1131,38.13,957
2026-04-22 15:40:00,38.11,38.13,38.11,38.13,1040
2026-04-22 15:45:00,38.13,38.13,38.11,38.11,1175
2026-04-22 15:50:00,38.1,38.15,38.1,38.14,1685
2026-04-22 15:55:00,38.17,38.18,38.11,38.16,4517
2026-04-22 16:00:00,38.2,38.2,38.2,38.2,200
2026-04-23 09:30:00,38.24,38.37,38.24,38.37,2066
2026-04-23 09:35:00,38.7122,38.7122,38.255,38.255,920
2026-04-23 09:40:00,38.31,38.31,38.31,38.31,250
2026-04-23 09:45:00,38.355,38.355,38.355,38.355,106
2026-04-23 09:50:00,38.36,38.36,38.19,38.34,1218
2026-04-23 09:55:00,38.325,38.325,38.325,38.325,130
2026-04-23 10:05:00,38.3036,38.36,38.3036,38.36,2101
2026-04-23 10:10:00,38.3,38.425,38.3,38.425,3207
2026-04-23 10:15:00,38.43,38.43,38.43,38.43,600
2026-04-23 10:20:00,38.44,38.48,38.44,38.46,1782
2026-04-23 10:25:00,38.49,38.49,38.45,38.45,1979
2026-04-23 10:30:00,38.4651,38.53,38.465,38.49,1816
2026-04-23 10:35:00,38.48,38.48,38.47,38.47,1200
2026-04-23 10:40:00,38.42,38.48,38.42,38.48,1199
2026-04-23 10:45:00,38.49,38.49,38.48,38.48,751
2026-04-23 10:50:00,38.48,38.48,38.48,38.48,100
2026-04-23 10:55:00,38.455,38.455,38.455,38.455,207
2026-04-23 11:00:00,38.45,38.45,38.45,38.45,100
2026-04-23 11:05:00,38.43,38.43,38.425,38.425,1426
2026-04-23 11:10:00,38.44,38.44,38.44,38.44,100
2026-04-23 11:15:00,38.42,38.43,38.42,38.43,300
2026-04-23 11:20:00,38.45,38.45,38.45,38.45,1067
2026-04-23 11:25:00,38.42,38.45,38.42,38.45,773
2026-04-23 11:30:00,38.45,38.45,38.45,38.45,348
2026-04-23 11:40:00,38.46,38.47,38.42,38.42,1540
2026-04-23 11:45:00,38.4,38.41,38.39,38.41,1258
2026-04-23 11:50:00,38.415,38.415,38.415,38.415,100
2026-04-23 11:55:00,38.42,38.46,38.42,38.46,300
2026-04-23 12:05:00,38.415,38.415,38.415,38.415,692
2026-04-23 12:10:00,38.4342,38.4342,38.4342,38.4342,130
2026-04-23 12:15:00,38.4385,38.4447,38.4385,38.4447,699
2026-04-23 12:20:00,38.42,38.42,38.3808,38.3808,596
2026-04-23 12:35:00,38.4211,38.4211,38.4211,38.4211,107
2026-04-23 12:40:00,38.4245,38.4245,38.4245,38.4245,1104
2026-04-23 12:45:00,38.46,38.4687,38.46,38.4687,359
2026-04-23 12:50:00,38.465,38.465,38.465,38.465,204
2026-04-23 12:55:00,38.4448,38.45,38.4448,38.45,965
2026-04-23 13:00:00,38.46,38.48,38.29,38.365,5996
2026-04-23 13:05:00,38.3257,38.3257,38.3257,38.3257,237
2026-04-23 13:10:00,38.32,38.33,38.26,38.26,600
2026-04-23 13:15:00,38.24,38.25,38.24,38.25,1941
2026-04-23 13:25:00,38.21,38.21,38.21,38.21,531
2026-04-23 13:30:00,38.195,38.195,38.195,38.195,1694
2026-04-23 13:35:00,38.25,38.25,38.25,38.25,154
2026-04-23 13:40:00,38.2099,38.2099,38.1,38.1,1611
2026-04-23 13:45:00,38.11,38.14,38.085,38.14,2519
2026-04-23 13:50:00,38.08,38.155,38.08,38.155,540
2026-04-23 14:00:00,38.2001,38.255,38.2001,38.255,472
2026-04-23 14:15:00,38.3199,38.34,38.31,38.34,1039
2026-04-23 14:20:00,38.3551,38.3551,38.3551,38.3551,145
2026-04-23 14:30:00,38.3838,38.3838,38.3838,38.3838,332
2026-04-23 14:35:00,38.3951,38.3951,38.36,38.36,1303
2026-04-23 14:40:00,38.33,38.355,38.33,38.355,523
2026-04-23 14:45:00,38.3352,38.3352,38.3352,38.3352,728
2026-04-23 14:50:00,38.3994,38.3994,38.3994,38.3994,205
2026-04-23 14:55:00,38.36,38.36,38.36,38.36,246
2026-04-23 15:00:00,38.315,38.315,38.315,38.315,105
2026-04-23 15:05:00,38.315,38.315,38.315,38.315,337
2026-04-23 15:10:00,38.32,38.33,38.3,38.33,1821
2026-04-23 15:15:00,38.34,38.35,38.34,38.35,372
2026-04-23 15:20:00,38.3799,38.3799,38.33,38.35,1545
2026-04-23 15:25:00,38.35,38.35,38.34,38.35,670
2026-04-23 15:30:00,38.34,38.37,38.33,38.36,33126
2026-04-23 15:35:00,38.34,38.34,38.33,38.34,600
2026-04-23 15:40:00,38.3332,38.36,38.31,38.31,2039
2026-04-23 15:45:00,38.325,38.34,38.19,38.32,1460
2026-04-23 15:50:00,38.37,38.37,38.3,38.345,1142
2026-04-23 15:55:00,38.34,38.44,38.34,38.44,2625
2026-04-24 09:30:00,38.33,38.33,38.33,38.33,5347
2026-04-24 09:35:00,38.29,38.305,38.24,38.29,3632
2026-04-24 09:45:00,38.26,38.26,38.26,38.26,330
2026-04-24 09:50:00,38.32,38.32,38.32,38.32,117
2026-04-24 09:55:00,38.23,38.23,38.23,38.23,200
2026-04-24 10:10:00,38.25,38.28,38.25,38.28,2768
2026-04-24 10:15:00,38.289,38.36,38.289,38.34,5019
2026-04-24 10:20:00,38.36,38.37,38.31,38.3201,3402
2026-04-24 10:35:00,38.45,38.48,38.4201,38.48,1600
2026-04-24 10:40:00,38.39,38.47,38.39,38.445,745
2026-04-24 10:50:00,38.48,38.48,38.41,38.44,1073
2026-04-24 10:55:00,38.44,38.44,38.44,38.44,100
2026-04-24 11:00:00,38.45,38.457,38.41,38.41,1020
2026-04-24 11:10:00,38.45,38.4699,38.3901,38.41,1030
2026-04-24 11:15:00,38.435,38.44,38.435,38.44,1025
2026-04-24 11:20:00,38.4,38.4,38.4,38.4,322
2026-04-24 11:25:00,38.435,38.457,38.4101,38.42,970
2026-04-24 11:30:00,38.425,38.43,38.42,38.42,1905
2026-04-24 11:35:00,38.38,38.415,38.38,38.415,2650
2026-04-24 11:40:00,38.43,38.51,38.43,38.51,4528
2026-04-24 11:45:00,38.55,38.56,38.47,38.51,1307
2026-04-24 11:50:00,38.515,38.515,38.515,38.515,183
2026-04-24 11:55:00,38.53,38.55,38.5,38.55,4584
2026-04-24 12:00:00,38.55,38.55,38.53,38.53,544
2026-04-24 12:05:00,38.57,38.57,38.52,38.52,822
2026-04-24 12:10:00,38.52,38.52,38.52,38.52,100
2026-04-24 12:15:00,38.55,38.55,38.55,38.55,129
2026-04-24 12:20:00,38.51,38.51,38.51,38.51,100
2026-04-24 12:25:00,38.52,38.52,38.52,38.52,100
2026-04-24 12:30:00,38.51,38.51,38.51,38.51,100
2026-04-24 12:35:00,38.49,38.49,38.4701,38.4701,5078
2026-04-24 12:45:00,38.53,38.53,38.5,38.5,525
2026-04-24 12:55:00,38.4934,38.4934,38.4934,38.4934,130
2026-04-24 13:05:00,38.47,38.49,38.47,38.49,200
2026-04-24 13:15:00,38.48,38.48,38.48,38.48,112
2026-04-24 13:20:00,38.45,38.48,38.45,38.46,670
2026-04-24 13:25:00,38.45,38.45,38.45,38.45,225
2026-04-24 13:30:00,38.48,38.48,38.46,38.46,200
2026-04-24 13:40:00,38.4422,38.4422,38.4422,38.4422,3400
2026-04-24 13:45:00,38.47,38.47,38.46,38.46,443
2026-04-24 13:50:00,38.4699,38.49,38.4699,38.49,672
2026-04-24 13:55:00,38.445,38.445,38.42,38.42,604
2026-04-24 14:00:00,38.44,38.44,38.44,38.44,200
2026-04-24 14:05:00,38.43,38.43,38.43,38.43,100
2026-04-24 14:10:00,38.435,38.47,38.42,38.42,759
2026-04-24 14:15:00,38.435,38.435,38.43,38.43,329
2026-04-24 14:20:00,38.44,38.44,38.44,38.44,800
2026-04-24 14:25:00,38.45,38.45,38.45,38.45,200
2026-04-24 14:30:00,38.45,38.45,38.44,38.45,305
2026-04-24 14:35:00,38.45,38.45,38.44,38.44,918
2026-04-24 14:40:00,38.455,38.455,38.45,38.45,398
2026-04-24 14:45:00,38.4799,38.4799,38.42,38.46,1122
2026-04-24 14:50:00,38.44,38.46,38.44,38.46,1651
2026-04-24 14:55:00,38.45,38.455,38.44,38.44,1321
2026-04-24 15:00:00,38.455,38.46,38.455,38.46,349
2026-04-24 15:05:00,38.47,38.489,38.455,38.455,1317
2026-04-24 15:10:00,38.46,38.46,38.45,38.45,200
2026-04-24 15:15:00,38.43,38.44,38.43,38.44,200
2026-04-24 15:20:00,38.4599,38.4599,38.4599,38.4599,1948
2026-04-24 15:30:00,38.43,38.48,38.43,38.43,384
2026-04-24 15:35:00,38.46,38.46,38.42,38.42,582
2026-04-24 15:40:00,38.46,38.46,38.435,38.45,1121
2026-04-24 15:45:00,38.44,38.46,38.44,38.46,265
2026-04-24 15:55:00,38.46,38.54,38.46,38.54,4914
2026-04-24 16:00:00,38.46,38.46,38.46,38.46,2977
2026-04-27 09:30:00,38.5,38.76,38.5,38.76,4556
2026-04-27 09:35:00,38.86,38.86,38.71,38.72,1535
2026-04-27 09:40:00,38.7,38.7,38.63,38.63,820
2026-04-27 09:45:00,38.72,38.72,38.57,38.57,3501
2026-04-27 09:50:00,38.63,38.695,38.61,38.695,1084
2026-04-27 10:00:00,38.66,38.66,38.6001,38.6001,766
2026-04-27 10:05:00,38.66,38.66,38.66,38.66,409
2026-04-27 10:10:00,38.66,38.6779,38.66,38.6779,628
2026-04-27 10:20:00,38.6,38.64,38.6,38.62,3183
2026-04-27 10:25:00,38.61,38.61,38.58,38.58,1026
2026-04-27 10:35:00,38.615,38.6799,38.6,38.635,2007
2026-04-27 10:40:00,38.625,38.625,38.625,38.625,300
2026-04-27 10:45:00,38.65,38.65,38.64,38.64,719
2026-04-27 11:15:00,38.575,38.6,38.575,38.575,2215
2026-04-27 11:20:00,38.575,38.575,38.575,38.575,165
2026-04-27 11:25:00,38.56,38.56,38.56,38.56,259
2026-04-27 11:45:00,38.6089,38.6089,38.6089,38.6089,125
2026-04-27 11:50:00,38.58,38.58,38.56,38.56,286
2026-04-27 11:55:00,38.6051,38.63,38.6051,38.63,317
2026-04-27 12:00:00,38.6062,38.6062,38.6062,38.6062,130
2026-04-27 12:10:00,38.65,38.655,38.65,38.655,200
2026-04-27 12:15:00,38.65,38.65,38.65,38.65,185
2026-04-27 12:20:00,38.62,38.66,38.62,38.635,608
2026-04-27 12:35:00,38.625,38.625,38.6,38.6172,910
2026-04-27 12:40:00,38.63,38.64,38.61,38.61,6392
2026-04-27 12:45:00,38.63,38.63,38.59,38.615,2730
2026-04-27 12:50:00,38.63,38.63,38.63,38.63,365
2026-04-27 13:00:00,38.6384,38.64,38.63,38.63,749
2026-04-27 13:05:00,38.635,38.635,38.635,38.635,216
2026-04-27 13:10:00,38.6,38.6,38.6,38.6,100
2026-04-27 13:15:00,38.62,38.63,38.6,38.6,1983
2026-04-27 13:20:00,38.63,38.64,38.63,38.64,475
2026-04-27 13:25:00,38.61,38.61,38.61,38.61,229
2026-04-27 13:30:00,38.63,38.63,38.63,38.63,117
2026-04-27 13:35:00,38.6596,38.6596,38.62,38.62,1353
2026-04-27 13:50:00,38.62,38.62,38.58,38.58,3235
2026-04-27 13:55:00,38.59,38.6,38.59,38.6,393
2026-04-27 14:05:00,38.6,38.6,38.5701,38.5701,255
2026-04-27 14:10:00,38.59,38.62,38.5701,38.62,1092
2026-04-27 14:15:00,38.6,38.63,38.6,38.63,2242
2026-04-27 14:20:00,38.62,38.63,38.62,38.62,1044
2026-04-27 14:25:00,38.6187,38.625,38.6,38.625,1155
2026-04-27 14:30:00,38.65,38.65,38.65,38.65,157
2026-04-27 14:35:00,38.625,38.625,38.625,38.625,209
2026-04-27 14:40:00,38.6351,38.6351,38.6351,38.6351,125
2026-04-27 14:45:00,38.62,38.66,38.62,38.66,1287
2026-04-27 14:50:00,38.67,38.67,38.64,38.66,1472
2026-04-27 15:00:00,38.65,38.665,38.6209,38.63,2201
2026-04-27 15:05:00,38.6231,38.65,38.6231,38.64,1691
2026-04-27 15:10:00,38.62,38.64,38.62,38.64,800
2026-04-27 15:15:00,38.6351,38.64,38.6351,38.64,256
2026-04-27 15:20:00,38.645,38.645,38.645,38.645,347
2026-04-27 15:25:00,38.6799,38.6799,38.6799,38.6799,1578
2026-04-27 15:30:00,38.65,38.68,38.65,38.655,8942
2026-04-27 15:35:00,38.65,38.65,38.65,38.65,242
2026-04-27 15:40:00,38.645,38.645,38.645,38.645,182
2026-04-27 15:45:00,38.64,38.64,38.63,38.63,402
2026-04-27 15:50:00,38.61,38.625,38.61,38.625,2788
2026-04-27 15:55:00,38.62,38.62,38.6,38.6,8759
2026-04-27 16:00:00,38.6,38.6,38.6,38.6,135
2026-04-28 09:30:00,38.79,38.85,38.79,38.85,3091
2026-04-28 09:35:00,38.91,38.915,38.91,38.915,400
2026-04-28 09:40:00,38.8615,38.8615,38.77,38.775,2828
2026-04-28 09:45:00,38.815,38.815,38.68,38.68,881
2026-04-28 09:50:00,38.7075,38.7075,38.655,38.655,638
2026-04-28 09:55:00,38.695,38.695,38.63,38.63,2038
2026-04-28 10:00:00,38.65,38.7174,38.65,38.7174,2667
2026-04-28 10:05:00,38.5701,38.71,38.5701,38.71,1191
2026-04-28 10:15:00,38.6,38.6,38.59,38.59,850
2026-04-28 10:20:00,38.605,38.605,38.605,38.605,107
2026-04-28 10:30:00,38.6399,38.6399,38.57,38.57,573
2026-04-28 10:35:00,38.5852,38.5852,38.5852,38.5852,1500
2026-04-28 10:40:00,38.63,38.6351,38.63,38.6351,230
2026-04-28 10:45:00,38.635,38.69,38.62,38.69,1856
2026-04-28 10:50:00,38.69,38.71,38.69,38.71,2000
2026-04-28 10:55:00,38.71,38.742,38.71,38.742,573
2026-04-28 11:05:00,38.75,38.75,38.75,38.75,164
2026-04-28 11:15:00,38.75,38.75,38.75,38.75,903
2026-04-28 11:30:00,38.71,38.7301,38.71,38.73,1011
2026-04-28 11:50:00,38.73,38.73,38.69,38.6901,6844
2026-04-28 11:55:00,38.7391,38.7693,38.6901,38.6901,996
2026-04-28 12:05:00,38.7257,38.7301,38.7152,38.7152,385
2026-04-28 12:10:00,38.73,38.77,38.73,38.7301,526
2026-04-28 12:25:00,38.745,38.745,38.745,38.745,152
2026-04-28 12:35:00,38.73,38.73,38.71,38.71,200
2026-04-28 12:40:00,38.73,38.73,38.725,38.725,599
2026-04-28 12:45:00,38.72,38.76,38.715,38.76,2130
2026-04-28 12:55:00,38.715,38.715,38.715,38.715,390
2026-04-28 13:15:00,38.6635,38.6635,38.6635,38.6635,1227
2026-04-28 13:20:00,38.72,38.72,38.65,38.66,1039
2026-04-28 13:30:00,38.6881,38.6881,38.66,38.66,1398
2026-04-28 13:45:00,38.6903,38.6903,38.6903,38.6903,822
2026-04-28 13:50:00,38.74,38.74,38.695,38.695,566
2026-04-28 13:55:00,38.6545,38.6741,38.6545,38.6686,6200
2026-04-28 14:05:00,38.7222,38.7222,38.695,38.695,749
2026-04-28 14:15:00,38.695,38.695,38.695,38.695,300
2026-04-28 14:20:00,38.71,38.71,38.66,38.66,442
2026-04-28 14:25:00,38.66,38.69,38.6501,38.69,659
2026-04-28 14:30:00,38.69,38.71,38.65,38.7099,1319
2026-04-28 14:35:00,38.67,38.71,38.63,38.67,2849
2026-04-28 14:40:00,38.6973,38.6973,38.6973,38.6973,149
2026-04-28 14:50:00,38.63,38.6412,38.63,38.6412,1725
2026-04-28 14:55:00,38.67,38.67,38.63,38.67,1581
2026-04-28 15:05:00,38.6484,38.6484,38.6484,38.6484,1200
2026-04-28 15:10:00,38.645,38.68,38.645,38.665,1799
2026-04-28 15:15:00,38.67,38.67,38.65,38.65,449
2026-04-28 15:20:00,38.69,38.69,38.65,38.65,358
2026-04-28 15:25:00,38.6999,38.6999,38.66,38.66,619
2026-04-28 15:30:00,38.655,38.655,38.655,38.655,273
2026-04-28 15:35:00,38.7,38.7,38.7,38.7,345
2026-04-28 15:40:00,38.67,38.67,38.67,38.67,402
2026-04-28 15:45:00,38.65,38.675,38.65,38.67,1842
2026-04-28 15:50:00,38.705,38.705,38.705,38.705,108
2026-04-28 15:55:00,38.71,38.73,38.65,38.68,586
2026-04-28 16:00:00,38.69,38.69,38.69,38.69,222
2026-04-29 09:25:00,38.66,38.66,38.66,38.66,900
2026-04-29 09:30:00,38.63,38.69,38.63,38.69,11149
2026-04-29 09:35:00,38.66,38.67,38.66,38.667,1022
2026-04-29 09:40:00,38.54,38.54,38.54,38.54,100
2026-04-29 09:45:00,38.54,38.54,38.54,38.54,121
2026-04-29 09:50:00,38.54,38.57,38.52,38.54,1061
2026-04-29 09:55:00,38.55,38.55,38.55,38.55,5417
2026-04-29 10:00:00,38.5999,38.5999,38.565,38.595,823
2026-04-29 10:05:00,38.585,38.585,38.57,38.57,700
2026-04-29 10:10:00,38.655,38.655,38.62,38.62,3876
2026-04-29 10:20:00,38.6425,38.65,38.62,38.65,2693
2026-04-29 10:25:00,38.59,38.6,38.59,38.59,840
2026-04-29 10:30:00,38.605,38.605,38.6,38.6,492
2026-04-29 10:35:00,38.59,38.59,38.59,38.59,200
2026-04-29 10:40:00,38.6,38.6,38.57,38.57,1950
2026-04-29 10:45:00,38.5401,38.56,38.5401,38.56,779
2026-04-29 10:50:00,38.525,38.525,38.525,38.525,119
2026-04-29 10:55:00,38.51,38.51,38.49,38.49,1116
2026-04-29 11:00:00,38.46,38.47,38.45,38.46,2837
2026-04-29 11:05:00,38.47,38.47,38.44,38.44,2227
2026-04-29 11:10:00,38.44,38.44,38.44,38.44,200
2026-04-29 11:20:00,38.41,38.41,38.41,38.41,1900
2026-04-29 11:25:00,38.42,38.42,38.405,38.415,2250
2026-04-29 11:30:00,38.415,38.415,38.4,38.4,1960
2026-04-29 11:35:00,38.38,38.38,38.33,38.33,2713
2026-04-29 11:40:00,38.335,38.34,38.335,38.34,325
2026-04-29 11:45:00,38.33,38.33,38.33,38.33,602
2026-04-29 11:50:00,38.34,38.34,38.27,38.29,7593
2026-04-29 11:55:00,38.29,38.32,38.29,38.32,520
2026-04-29 12:00:00,38.32,38.3496,38.3037,38.3496,1454
2026-04-29 12:05:00,38.32,38.32,38.31,38.31,300
2026-04-29 12:10:00,38.3299,38.33,38.32,38.32,1814
2026-04-29 12:15:00,38.34,38.34,38.34,38.34,200
2026-04-29 12:20:00,38.32,38.34,38.3,38.34,2079
2026-04-29 12:25:00,38.33,38.33,38.33,38.33,200
2026-04-29 12:30:00,38.3,38.305,38.29,38.29,652
2026-04-29 12:35:00,38.31,38.31,38.31,38.31,100
2026-04-29 12:40:00,38.28,38.305,38.28,38.305,2220
2026-04-29 12:45:00,38.3,38.3,38.28,38.29,1998
2026-04-29 12:50:00,38.305,38.305,38.305,38.305,260
2026-04-29 12:55:00,38.305,38.305,38.305,38.305,900
2026-04-29 13:05:00,38.305,38.305,38.28,38.29,1626
2026-04-29 13:10:00,38.29,38.29,38.29,38.29,466
2026-04-29 13:15:00,38.3,38.3,38.3,38.3,150
2026-04-29 13:20:00,38.31,38.31,38.3,38.3,900
2026-04-29 13:25:00,38.31,38.32,38.29,38.3,4332
2026-04-29 13:30:00,38.325,38.325,38.325,38.325,149
2026-04-29 13:35:00,38.34,38.34,38.34,38.34,825
2026-04-29 13:45:00,38.3,38.3,38.3,38.3,120
2026-04-29 13:50:00,38.34,38.34,38.3249,38.3249,2053
2026-04-29 13:55:00,38.31,38.35,38.31,38.335,1699
2026-04-29 14:00:00,38.31,38.315,38.31,38.315,400
2026-04-29 14:05:00,38.3151,38.3151,38.26,38.26,1223
2026-04-29 14:10:00,38.23,38.235,38.23,38.235,335
2026-04-29 14:15:00,38.24,38.24,38.24,38.24,830
2026-04-29 14:20:00,38.21,38.23,38.21,38.23,475
2026-04-29 14:25:00,38.19,38.2332,38.19,38.2332,1611
2026-04-29 14:30:00,38.16,38.16,38.16,38.16,100
2026-04-29 14:35:00,38.17,38.17,38.16,38.16,1521
2026-04-29 14:40:00,38.145,38.165,38.145,38.155,2911
2026-04-29 14:45:00,38.11,38.13,38.11,38.12,1129
2026-04-29 14:50:00,38.125,38.155,38.125,38.155,251
2026-04-29 14:55:00,38.155,38.2,38.12,38.2,4412
2026-04-29 15:00:00,38.22,38.22,38.21,38.21,2450
2026-04-29 15:05:00,38.17,38.17,38.17,38.17,250
2026-04-29 15:10:00,38.23,38.23,38.225,38.225,280
2026-04-29 15:15:00,38.21,38.25,38.21,38.25,300
2026-04-29 15:20:00,38.24,38.24,38.223,38.223,1241
2026-04-29 15:30:00,38.19,38.19,38.18,38.18,1302
2026-04-29 15:35:00,38.185,38.2,38.185,38.2,2492
2026-04-29 15:40:00,38.22,38.22,38.22,38.22,387
2026-04-29 15:45:00,38.22,38.2699,38.22,38.2699,214
2026-04-29 15:50:00,38.25,38.29,38.25,38.29,2004
2026-04-29 15:55:00,38.29,38.34,38.25,38.25,7238
2026-04-29 16:00:00,38.23,38.23,38.23,38.23,446
2026-04-30 09:30:00,38.15,38.2328,38.1,38.131,7751
2026-04-30 09:35:00,38.23,38.23,38.23,38.23,600
2026-04-30 09:40:00,38.11,38.25,38.11,38.22,4385
2026-04-30 09:45:00,38.19,38.23,38.16,38.19,1025
2026-04-30 09:50:00,38.22,38.23,38.15,38.22,4655
2026-04-30 09:55:00,38.25,38.25,38.25,38.25,634
2026-04-30 10:00:00,38.17,38.24,38.17,38.2,4709
2026-04-30 10:05:00,38.15,38.15,38.15,38.15,1000
2026-04-30 10:10:00,38.27,38.28,38.21,38.21,739
2026-04-30 10:15:00,38.37,38.37,38.37,38.37,455
2026-04-30 10:20:00,38.395,38.395,38.395,38.395,115
2026-04-30 10:25:00,38.38,38.48,38.375,38.4,1236
2026-04-30 10:30:00,38.37,38.45,38.37,38.42,600
2026-04-30 10:35:00,38.43,38.5,38.43,38.5,500
2026-04-30 10:40:00,38.48,38.48,38.48,38.48,1125
2026-04-30 10:45:00,38.53,38.54,38.53,38.54,500
2026-04-30 11:00:00,38.49,38.49,38.49,38.49,330
2026-04-30 11:05:00,38.52,38.52,38.52,38.52,100
2026-04-30 11:25:00,38.5899,38.5899,38.5899,38.5899,180
2026-04-30 11:30:00,38.555,38.6,38.555,38.59,2429
2026-04-30 11:35:00,38.59,38.59,38.59,38.59,150
2026-04-30 11:40:00,38.59,38.6099,38.59,38.6099,393
2026-04-30 11:45:00,38.59,38.59,38.58,38.59,520
2026-04-30 11:50:00,38.5765,38.59,38.5765,38.59,765
2026-04-30 11:55:00,38.565,38.61,38.565,38.565,5809
2026-04-30 12:00:00,38.57,38.57,38.57,38.57,300
2026-04-30 12:05:00,38.57,38.6,38.57,38.59,1248
2026-04-30 12:10:00,38.59,38.59,38.59,38.59,125
2026-04-30 12:15:00,38.59,38.59,38.59,38.59,125
2026-04-30 12:20:00,38.6,38.6,38.6,38.6,100
2026-04-30 12:25:00,38.565,38.6,38.54,38.54,898
2026-04-30 12:30:00,38.57,38.57,38.5652,38.5652,519
2026-04-30 12:35:00,38.5379,38.61,38.5379,38.61,3244
2026-04-30 12:40:00,38.59,38.59,38.59,38.59,125
2026-04-30 12:45:00,38.59,38.59,38.59,38.59,100
2026-04-30 12:50:00,38.58,38.58,38.565,38.565,1453
2026-04-30 12:55:00,38.56,38.56,38.55,38.55,325
2026-04-30 13:00:00,38.57,38.6192,38.56,38.6192,4620
2026-04-30 13:05:00,38.57,38.58,38.565,38.565,480
2026-04-30 13:10:00,38.58,38.6,38.58,38.58,481
2026-04-30 13:15:00,38.56,38.56,38.56,38.56,147
2026-04-30 13:20:00,38.59,38.59,38.59,38.59,200
2026-04-30 13:25:00,38.56,38.56,38.55,38.56,1100
2026-04-30 13:30:00,38.56,38.57,38.56,38.57,925
2026-04-30 13:35:00,38.59,38.61,38.58,38.585,3550
2026-04-30 13:40:00,38.57,38.57,38.57,38.57,880
2026-04-30 13:45:00,38.575,38.575,38.575,38.575,325
2026-04-30 13:50:00,38.5647,38.6,38.5647,38.6,1136
2026-04-30 14:00:00,38.58,38.58,38.53,38.54,3190
2026-04-30 14:05:00,38.4,38.4,38.4,38.4,353
2026-04-30 14:10:00,38.585,38.585,38.585,38.585,523
2026-04-30 14:15:00,38.56,38.58,38.56,38.58,758
2026-04-30 14:20:00,38.58,38.6,38.495,38.59,1080
2026-04-30 14:25:00,38.59,38.6,38.59,38.6,1000
2026-04-30 14:30:00,38.55,38.65,38.55,38.65,859
2026-04-30 14:35:00,38.695,38.9599,38.695,38.9599,1478
2026-04-30 14:40:00,38.66,38.73,38.65,38.72,2759
2026-04-30 14:45:00,38.72,38.73,38.66,38.66,1645
2026-04-30 14:50:00,38.685,38.73,38.66,38.72,2676
2026-04-30 14:55:00,38.72,38.72,38.72,38.72,100
2026-04-30 15:00:00,38.68,38.69,38.68,38.69,483
2026-04-30 15:05:00,38.6301,38.68,38.6301,38.68,967
2026-04-30 15:10:00,38.71,38.74,38.71,38.74,706
2026-04-30 15:15:00,38.6901,38.78,38.6901,38.74,894
2026-04-30 15:20:00,38.75,38.75,38.75,38.75,872
2026-04-30 15:25:00,38.7254,38.74,38.7254,38.73,3133
2026-04-30 15:30:00,38.7,38.7,38.7,38.7,350
2026-04-30 15:35:00,38.75,38.75,38.69,38.72,3790
2026-04-30 15:45:00,38.68,38.68,38.5,38.61,1199
2026-04-30 15:50:00,38.69,38.77,38.69,38.7,3000
2026-04-30 15:55:00,38.69,38.7151,38.67,38.67,1740
2026-04-30 16:00:00,38.64,38.64,38.64,38.64,297
2026-05-01 09:30:00,38.73,38.73,38.485,38.485,1740
2026-05-01 09:35:00,38.64,38.64,38.61,38.61,375
2026-05-01 09:40:00,38.47,38.52,38.47,38.49,3487
2026-05-01 09:45:00,38.49,38.535,38.46,38.47,3573
2026-05-01 09:50:00,38.5,38.56,38.49,38.56,3380
2026-05-01 09:55:00,38.56,38.58,38.55,38.56,1452
2026-05-01 10:00:00,38.64,38.66,38.62,38.65,3706
2026-05-01 10:05:00,38.64,38.665,38.6,38.665,2674
2026-05-01 10:10:00,38.67,38.68,38.53,38.68,5051
2026-05-01 10:15:00,38.75,38.79,38.74,38.77,2558
2026-05-01 10:20:00,38.76,38.77,38.73,38.77,3435
2026-05-01 10:25:00,38.78,38.79,38.73,38.77,1881
2026-05-01 10:30:00,38.76,38.775,38.75,38.775,843
2026-05-01 10:35:00,38.84,38.84,38.65,38.79,5712
2026-05-01 10:40:00,38.77,38.77,38.77,38.77,300
2026-05-01 10:45:00,38.74,38.74,38.73,38.73,350
2026-05-01 10:55:00,38.7,38.7,38.7,38.7,249
2026-05-01 11:00:00,38.7,38.7,38.7,38.7,100
2026-05-01 11:10:00,38.6401,38.6401,38.6401,38.6401,111
2026-05-01 11:25:00,38.6201,38.6201,38.62,38.62,301
2026-05-01 11:30:00,38.66,38.66,38.66,38.66,258
2026-05-01 11:40:00,38.5801,38.5801,38.5801,38.5801,313
2026-05-01 11:45:00,38.6469,38.655,38.6469,38.655,1097
2026-05-01 11:50:00,38.62,38.62,38.58,38.59,1209
2026-05-01 11:55:00,38.64,38.64,38.63,38.63,234
2026-05-01 12:00:00,38.6,38.65,38.6,38.602,363
2026-05-01 12:10:00,38.64,38.64,38.64,38.64,246
2026-05-01 12:20:00,38.64,38.64,38.63,38.63,838
2026-05-01 12:25:00,38.6595,38.6595,38.6595,38.6595,770
2026-05-01 12:30:00,38.63,38.664,38.5901,38.5901,3294
2026-05-01 12:35:00,38.625,38.625,38.625,38.625,354
2026-05-01 12:40:00,38.625,38.625,38.625,38.625,314
2026-05-01 12:45:00,38.58,38.58,38.57,38.58,1244
2026-05-01 12:50:00,38.61,38.63,38.5944,38.5944,901
2026-05-01 12:55:00,38.61,38.62,38.61,38.62,409
2026-05-01 13:00:00,38.608,38.61,38.57,38.57,989
2026-05-01 13:15:00,38.615,38.615,38.615,38.615,336
2026-05-01 13:20:00,38.6018,38.62,38.5601,38.62,4183
2026-05-01 13:25:00,38.65,38.65,38.65,38.65,450
2026-05-01 13:30:00,38.62,38.67,38.61,38.64,5778
2026-05-01 13:35:00,38.645,38.645,38.645,38.645,1542
2026-05-01 13:40:00,38.61,38.64,38.61,38.64,4447
2026-05-01 13:45:00,38.645,38.645,38.645,38.645,165
2026-05-01 13:50:00,38.645,38.66,38.645,38.66,1650
2026-05-01 13:55:00,38.655,38.655,38.655,38.655,257
2026-05-01 14:00:00,38.66,38.7182,38.66,38.685,1570
2026-05-01 14:05:00,38.67,38.685,38.66,38.66,484
2026-05-01 14:10:00,38.66,38.66,38.47,38.66,5727
2026-05-01 14:15:00,38.65,38.65,38.65,38.65,850
2026-05-01 14:20:00,38.635,38.68,38.635,38.655,681
2026-05-01 14:25:00,38.63,38.6999,38.58,38.64,2211
2026-05-01 14:30:00,38.6496,38.6601,38.6496,38.6601,1172
2026-05-01 14:35:00,38.655,38.655,38.62,38.655,6057
2026-05-01 14:45:00,38.655,38.655,38.655,38.655,303
2026-05-01 14:50:00,38.69,38.69,38.63,38.66,3645
2026-05-01 14:55:00,38.68,38.68,38.64,38.64,1100
2026-05-01 15:00:00,38.575,38.67,38.575,38.6501,822
2026-05-01 15:05:00,38.69,38.69,38.69,38.69,100
2026-05-01 15:10:00,38.67,38.7,38.67,38.7,1312
2026-05-01 15:15:00,38.7,38.7,38.67,38.67,1108
2026-05-01 15:30:00,38.71,38.71,38.71,38.71,216
2026-05-01 15:35:00,38.6709,38.71,38.6709,38.71,270
2026-05-01 15:45:00,38.68,38.68,38.68,38.68,221
2026-05-01 15:50:00,38.68,38.7,38.65,38.65,738
2026-05-01 15:55:00,38.72,38.72,38.65,38.67,7149
2026-05-01 16:00:00,38.64,38.64,38.64,38.64,135
2026-05-04 09:30:00,38.5,38.5,38.41,38.455,2251
2026-05-04 09:35:00,38.41,38.44,38.32,38.32,5482
2026-05-04 09:40:00,38.3,38.4086,38.28,38.32,4001
2026-05-04 09:45:00,38.335,38.3999,38.325,38.3999,666
2026-05-04 09:50:00,38.35,38.45,38.35,38.45,347
2026-05-04 09:55:00,38.5,38.5,38.46,38.46,300
2026-05-04 10:10:00,38.51,38.5101,38.51,38.5101,491
2026-05-04 10:15:00,38.56,38.61,38.545,38.545,4119
2026-05-04 10:25:00,38.5503,38.5503,38.4801,38.4801,1623
2026-05-04 10:30:00,38.55,38.56,38.55,38.56,1200
2026-05-04 10:35:00,38.555,38.5609,38.555,38.5609,325
2026-05-04 10:45:00,38.564,38.564,38.564,38.564,736
2026-05-04 11:00:00,38.58,38.58,38.545,38.545,320
2026-05-04 11:05:00,38.535,38.58,38.535,38.58,293
2026-05-04 11:10:00,38.57,38.57,38.57,38.57,100
2026-05-04 11:15:00,38.48,38.48,38.41,38.41,1139
2026-05-04 11:25:00,38.39,38.42,38.34,38.42,1311
2026-05-04 11:30:00,38.34,38.34,38.34,38.34,416
2026-05-04 11:40:00,38.37,38.37,38.3099,38.3099,772
2026-05-04 11:45:00,38.24,38.3099,38.24,38.25,2321
2026-05-04 11:50:00,38.29,38.3,38.19,38.2301,1188
2026-05-04 11:55:00,38.23,38.23,38.23,38.23,343
2026-05-04 12:00:00,38.205,38.26,38.2,38.2,1440
2026-05-04 12:05:00,38.15,38.15,38.01,38.08,4329
2026-05-04 12:10:00,38.085,38.16,38.085,38.16,711
2026-05-04 12:15:00,38.18,38.21,38.18,38.21,200
2026-05-04 12:20:00,38.15,38.15,38.15,38.15,1450
2026-05-04 12:35:00,38.104,38.12,38.05,38.06,4808
2026-05-04 12:40:00,38.06,38.06,38.06,38.06,1334
2026-05-04 12:45:00,38.08,38.09,38.001,38.08,961
2026-05-04 12:50:00,38.099,38.099,38.007,38.007,370
2026-05-04 12:55:00,37.931,37.931,37.931,37.931,1229
2026-05-04 13:00:00,38.01,38.01,38.01,38.01,100
2026-05-04 13:10:00,37.9838,37.9838,37.9838,37.9838,100
2026-05-04 13:15:00,38,38.02,38,38.02,850
2026-05-04 13:20:00,38.01,38.09,38.01,38.09,542
2026-05-04 13:40:00,38.0768,38.0768,38.0768,38.0768,1000
2026-05-04 13:55:00,38.13,38.13,38.13,38.13,100
2026-05-04 14:00:00,38.08,38.08,38.08,38.08,200
2026-05-04 14:10:00,38.2,38.2,38.2,38.2,1908
2026-05-04 14:15:00,38.2,38.2,38.14,38.18,1756
2026-05-04 14:25:00,38.137,38.137,38.137,38.137,498
2026-05-04 14:30:00,38.08,38.14,38.08,38.13,2800
2026-05-04 14:35:00,38.1051,38.1051,38.1051,38.1051,158
2026-05-04 14:40:00,38.1103,38.1103,38.1103,38.1103,330
2026-05-04 14:45:00,38.14,38.14,38.1392,38.1392,1328
2026-05-04 14:50:00,38.105,38.105,38.105,38.105,204
2026-05-04 14:55:00,38.105,38.105,38.105,38.105,123
2026-05-04 15:00:00,38.13,38.13,38.13,38.13,200
2026-05-04 15:05:00,38.1,38.19,38.0871,38.19,2135
2026-05-04 15:10:00,38.1,38.18,38.1,38.145,8881
2026-05-04 15:15:00,38.18,38.18,38.1416,38.1416,755
2026-05-04 15:25:00,38.1512,38.19,38.11,38.11,769
2026-05-04 15:30:00,38.19,38.2,38.19,38.2,200
2026-05-04 15:45:00,38.2,38.2099,38.1205,38.2099,2562
2026-05-04 15:50:00,38.23,38.23,38.23,38.23,116
2026-05-04 15:55:00,38.071,38.19,38.071,38.135,1475
2026-05-04 16:00:00,38.11,38.11,38.11,38.11,831
2026-05-05 09:30:00,38.22,38.42,38.22,38.42,5256
2026-05-05 09:35:00,38.265,38.28,38.25,38.25,475
2026-05-05 09:45:00,38.21,38.21,38.2,38.2,1000
2026-05-05 09:55:00,38.4,38.4,38.4,38.4,692
2026-05-05 10:00:00,38.44,38.44,38.4,38.4,1309
2026-05-05 10:05:00,38.45,38.45,38.39,38.39,1009
2026-05-05 10:10:00,38.515,38.54,38.51,38.534,2201
2026-05-05 10:15:00,38.49,38.52,38.445,38.5,2934
2026-05-05 10:20:00,38.5,38.5,38.5,38.5,350
2026-05-05 10:25:00,38.585,38.585,38.575,38.575,1978
2026-05-05 10:30:00,38.55,38.55,38.5,38.505,625
2026-05-05 10:35:00,38.535,38.535,38.535,38.535,3000
2026-05-05 10:40:00,38.5501,38.555,38.5501,38.555,666
2026-05-05 10:45:00,38.545,38.545,38.545,38.545,379
2026-05-05 10:50:00,38.53,38.53,38.53,38.53,250
2026-05-05 10:55:00,38.5001,38.5001,38.5001,38.5001,125
2026-05-05 11:00:00,38.57,38.57,38.57,38.57,100
2026-05-05 11:10:00,38.591,38.591,38.591,38.591,235
2026-05-05 11:15:00,38.57,38.57,38.57,38.57,954
2026-05-05 11:20:00,38.57,38.61,38.57,38.61,225
2026-05-05 11:25:00,38.6029,38.6029,38.6029,38.6029,163
2026-05-05 11:30:00,38.5501,38.6,38.5501,38.6,361
2026-05-05 11:35:00,38.55,38.58,38.55,38.58,579
2026-05-05 11:40:00,38.598,38.598,38.562,38.562,1118
2026-05-05 11:45:00,38.61,38.61,38.61,38.61,451
2026-05-05 11:50:00,38.61,38.64,38.61,38.64,1125
2026-05-05 11:55:00,38.665,38.665,38.665,38.665,215
2026-05-05 12:05:00,38.74,38.74,38.685,38.71,1676
2026-05-05 12:10:00,38.71,38.71,38.71,38.71,212
2026-05-05 12:15:00,38.69,38.73,38.69,38.73,425
2026-05-05 12:25:00,38.7,38.7,38.7,38.7,100
2026-05-05 12:40:00,38.7,38.7,38.7,38.7,300
2026-05-05 12:45:00,38.69,38.69,38.68,38.68,1850
2026-05-05 12:50:00,38.7051,38.7051,38.6401,38.695,1420
2026-05-05 13:00:00,38.67,38.71,38.67,38.71,1539
2026-05-05 13:05:00,38.66,38.675,38.66,38.675,442
2026-05-05 13:10:00,38.675,38.675,38.675,38.675,651
2026-05-05 13:25:00,38.67,38.67,38.6401,38.6401,7712
2026-05-05 13:30:00,38.7,38.72,38.65,38.72,9954
2026-05-05 13:35:00,38.73,38.73,38.73,38.73,100
2026-05-05 13:40:00,38.715,38.715,38.6607,38.6607,2070
2026-05-05 13:50:00,38.725,38.725,38.68,38.725,719
2026-05-05 13:55:00,38.72,38.72,38.72,38.72,128
2026-05-05 14:15:00,38.73,38.73,38.73,38.73,137
2026-05-05 14:20:00,38.77,38.77,38.7,38.7,1804
2026-05-05 14:25:00,38.74,38.74,38.6901,38.6901,4760
2026-05-05 14:30:00,38.745,38.745,38.6901,38.745,733
2026-05-05 14:35:00,38.745,38.745,38.745,38.745,105
2026-05-05 14:45:00,38.745,38.745,38.745,38.745,700
2026-05-05 14:50:00,38.745,38.745,38.745,38.745,173
2026-05-05 14:55:00,38.8,38.8,38.8,38.8,1500
2026-05-05 15:05:00,38.8099,38.81,38.72,38.75,1465
2026-05-05 15:15:00,38.82,38.835,38.82,38.835,562
2026-05-05 15:25:00,38.77,38.77,38.77,38.77,450
2026-05-05 15:30:00,38.83,38.83,38.81,38.81,332
2026-05-05 15:35:00,38.81,38.81,38.8,38.8,500
2026-05-05 15:40:00,38.77,38.81,38.77,38.78,536
2026-05-05 15:45:00,38.77,38.77,38.73,38.74,2777
2026-05-05 15:50:00,38.72,38.72,38.67,38.67,1990
2026-05-05 15:55:00,38.69,38.71,38.69,38.71,1022
2026-05-05 16:00:00,38.69,38.7,38.69,38.7,406
2026-05-06 09:30:00,38.88,38.88,38.88,38.88,3538
2026-05-06 09:35:00,38.92,38.94,38.92,38.93,5376
2026-05-06 09:40:00,38.9481,38.9481,38.9481,38.9481,220
2026-05-06 09:45:00,38.9,38.915,38.89,38.89,1643
2026-05-06 09:50:00,38.87,38.92,38.87,38.92,3154
2026-05-06 09:55:00,38.86,38.87,38.86,38.87,1350
2026-05-06 10:00:00,38.87,38.89,38.83,38.84,4252
2026-05-06 10:05:00,38.83,38.86,38.8,38.8093,699
2026-05-06 10:10:00,38.82,38.82,38.82,38.82,187
2026-05-06 10:15:00,38.8,38.83,38.8,38.82,13991
2026-05-06 10:20:00,38.8,38.8,38.8,38.8,100
2026-05-06 10:25:00,38.8,38.8,38.7631,38.77,4346
2026-05-06 10:30:00,38.78,38.81,38.77,38.77,1112
2026-05-06 10:35:00,38.78,38.785,38.74,38.785,1150
2026-05-06 10:40:00,38.78,38.78,38.77,38.78,3802
2026-05-06 10:45:00,38.88,38.88,38.82,38.82,4380
2026-05-06 10:50:00,38.89,38.9,38.88,38.88,300
2026-05-06 10:55:00,38.91,38.95,38.91,38.95,300
2026-05-06 11:00:00,38.9581,38.9581,38.94,38.95,4632
2026-05-06 11:05:00,38.98,38.98,38.945,38.95,5724
2026-05-06 11:10:00,38.9,38.97,38.87,38.95,14550
2026-05-06 11:15:00,38.96,38.96,38.945,38.945,240
2026-05-06 11:20:00,38.955,38.98,38.955,38.98,912
2026-05-06 11:25:00,38.94,38.94,38.91,38.92,3307
2026-05-06 11:35:00,38.92,38.92,38.86,38.865,4570
2026-05-06 11:40:00,38.87,38.87,38.87,38.87,2800
2026-05-06 11:45:00,38.84,38.91,38.84,38.9,1142
2026-05-06 11:50:00,38.8892,38.8892,38.85,38.875,471
2026-05-06 11:55:00,38.85,38.85,38.85,38.85,102
2026-05-06 12:00:00,38.83,38.87,38.81,38.87,3883
2026-05-06 12:05:00,38.86,38.86,38.83,38.85,2000
2026-05-06 12:15:00,38.82,38.85,38.82,38.85,427
2026-05-06 12:25:00,38.85,38.87,38.83,38.87,3578
2026-05-06 12:30:00,38.85,38.88,38.83,38.83,4416
2026-05-06 12:35:00,38.88,38.885,38.875,38.885,700
2026-05-06 12:45:00,38.86,38.86,38.85,38.86,2200
2026-05-06 12:50:00,38.84,38.85,38.84,38.85,2054
2026-05-06 12:55:00,38.84,38.84,38.82,38.83,1700
2026-05-06 13:05:00,38.84,38.84,38.84,38.84,550
2026-05-06 13:10:00,38.88,38.88,38.835,38.835,1752
2026-05-06 13:15:00,38.835,38.8556,38.835,38.855,822
2026-05-06 13:20:00,38.87,38.87,38.87,38.87,363
2026-05-06 13:25:00,38.84,38.84,38.84,38.84,300
2026-05-06 13:30:00,38.8551,38.8551,38.8551,38.8551,105
2026-05-06 13:35:00,38.84,38.85,38.83,38.85,1100
2026-05-06 13:40:00,38.815,38.83,38.815,38.83,2315
2026-05-06 13:55:00,38.82,38.85,38.82,38.85,345
2026-05-06 14:00:00,38.855,38.8799,38.855,38.8799,897
2026-05-06 14:05:00,38.865,38.8794,38.84,38.8794,1991
2026-05-06 14:15:00,38.8698,38.8799,38.83,38.8799,1858
2026-05-06 14:20:00,38.87,38.88,38.84,38.87,1745
2026-05-06 14:25:00,38.87,38.87,38.86,38.86,1300
2026-05-06 14:30:00,38.85,38.85,38.85,38.85,402
2026-05-06 14:35:00,38.83,38.83,38.83,38.83,450
2026-05-06 14:40:00,38.84,38.85,38.82,38.85,2237
2026-05-06 14:50:00,38.81,38.83,38.81,38.83,384
2026-05-06 14:55:00,38.84,38.84,38.84,38.84,872
2026-05-06 15:05:00,38.9,38.9,38.895,38.9,645
2026-05-06 15:10:00,38.8951,38.8951,38.8951,38.8951,150
2026-05-06 15:15:00,38.89,38.94,38.89,38.94,609
2026-05-06 15:20:00,38.95,38.95,38.92,38.92,12045
2026-05-06 15:25:00,38.9,38.9,38.9,38.9,2033
2026-05-06 15:30:00,38.88,38.88,38.8476,38.8476,800
2026-05-06 15:35:00,38.835,38.84,38.835,38.84,730
2026-05-06 15:40:00,38.84,38.84,38.83,38.83,1782
2026-05-06 15:45:00,38.84,38.855,38.8,38.8,1748
2026-05-06 15:50:00,38.865,38.865,38.85,38.85,2515
2026-05-06 15:55:00,38.86,38.94,38.84,38.84,5394
2026-05-06 16:00:00,38.86,38.86,38.86,38.86,235
2026-05-07 09:30:00,38.81,38.81,38.81,38.81,1185
2026-05-07 09:35:00,38.73,38.775,38.73,38.765,702
2026-05-07 09:40:00,38.73,38.74,38.71,38.72,1800
2026-05-07 09:45:00,38.73,38.73,38.72,38.72,7100
2026-05-07 09:55:00,38.68,38.68,38.68,38.68,100
2026-05-07 10:05:00,38.6,38.6,38.6,38.6,403
2026-05-07 10:10:00,38.59,38.59,38.55,38.55,1585
2026-05-07 10:15:00,38.57,38.58,38.48,38.58,1906
2026-05-07 10:20:00,38.5,38.54,38.47,38.54,4709
2026-05-07 10:30:00,38.545,38.57,38.545,38.57,3960
2026-05-07 10:35:00,38.55,38.61,38.55,38.575,2000
2026-05-07 10:40:00,38.54,38.62,38.54,38.62,2044
2026-05-07 10:45:00,38.57,38.61,38.57,38.61,800
2026-05-07 10:50:00,38.63,38.64,38.63,38.63,711
2026-05-07 10:55:00,38.63,38.67,38.58,38.67,2592
2026-05-07 11:00:00,38.645,38.68,38.62,38.62,1900
2026-05-07 11:05:00,38.69,38.69,38.68,38.69,1941
2026-05-07 11:10:00,38.6784,38.68,38.62,38.68,3019
2026-05-07 11:15:00,38.675,38.675,38.675,38.675,388
2026-05-07 11:20:00,38.63,38.69,38.61,38.69,1500
2026-05-07 11:25:00,38.65,38.69,38.61,38.69,3229
2026-05-07 11:30:00,38.66,38.72,38.66,38.71,2540
2026-05-07 11:35:00,38.7011,38.7011,38.6,38.7,2429
2026-05-07 11:40:00,38.65,38.7,38.65,38.69,1778
2026-05-07 11:45:00,38.72,38.72,38.72,38.72,300
2026-05-07 11:50:00,38.73,38.73,38.705,38.73,951
2026-05-07 11:55:00,38.72,38.75,38.7,38.7,1500
2026-05-07 12:00:00,38.7,38.71,38.65,38.67,3305
2026-05-07 12:05:00,38.67,38.7,38.65,38.7,1800
2026-05-07 12:10:00,38.65,38.68,38.65,38.68,600
2026-05-07 12:15:00,38.61,38.68,38.61,38.62,5264
2026-05-07 12:20:00,38.66,38.7,38.59,38.59,1100
2026-05-07 12:25:00,38.69,38.7,38.6806,38.7,901
2026-05-07 12:30:00,38.7,38.7,38.68,38.68,1399
2026-05-07 12:35:00,38.69,38.7,38.67,38.68,1735
2026-05-07 12:40:00,38.64,38.665,38.63,38.65,1648
2026-05-07 12:45:00,38.63,38.64,38.62,38.64,1231
2026-05-07 12:50:00,38.61,38.625,38.61,38.62,700
2026-05-07 12:55:00,38.575,38.61,38.56,38.565,800
2026-05-07 13:00:00,38.6,38.61,38.57,38.57,406
2026-05-07 13:05:00,38.595,38.63,38.59,38.63,500
2026-05-07 13:10:00,38.6499,38.65,38.62,38.64,538
2026-05-07 13:20:00,38.6235,38.63,38.62,38.63,1887
2026-05-07 13:25:00,38.59,38.61,38.56,38.57,2220
2026-05-07 13:30:00,38.55,38.58,38.54,38.58,1420
2026-05-07 13:35:00,38.57,38.5801,38.57,38.58,1752
2026-05-07 13:40:00,38.54,38.54,38.52,38.52,300
2026-05-07 13:45:00,38.49,38.52,38.49,38.52,424
2026-05-07 13:50:00,38.515,38.515,38.49,38.49,351
2026-05-07 13:55:00,38.52,38.5399,38.515,38.515,1873
2026-05-07 14:00:00,38.52,38.52,38.49,38.49,200
2026-05-07 14:05:00,38.525,38.525,38.525,38.525,200
2026-05-07 14:10:00,38.5363,38.5363,38.5363,38.5363,145
2026-05-07 14:15:00,38.5903,38.5903,38.5903,38.5903,164
2026-05-07 14:20:00,38.6,38.6,38.59,38.59,300
2026-05-07 14:25:00,38.585,38.61,38.5769,38.59,1621
2026-05-07 14:30:00,38.6,38.6,38.6,38.6,328
2026-05-07 14:35:00,38.58,38.5866,38.55,38.5866,557
2026-05-07 14:40:00,38.55,38.59,38.53,38.53,700
2026-05-07 14:45:00,38.54,38.55,38.54,38.55,237
2026-05-07 14:50:00,38.54,38.54,38.54,38.54,200
2026-05-07 14:55:00,38.56,38.56,38.5502,38.555,1187
2026-05-07 15:00:00,38.58,38.58,38.56,38.56,1163
2026-05-07 15:05:00,38.57,38.61,38.57,38.61,7399
2026-05-07 15:10:00,38.615,38.615,38.615,38.615,191
2026-05-07 15:15:00,38.59,38.59,38.57,38.575,1828
2026-05-07 15:20:00,38.56,38.585,38.56,38.58,1697
2026-05-07 15:25:00,38.575,38.61,38.575,38.595,876
2026-05-07 15:30:00,38.61,38.61,38.61,38.61,414
2026-05-07 15:35:00,38.571,38.571,38.56,38.56,248
2026-05-07 15:40:00,38.56,38.57,38.55,38.57,543
2026-05-07 15:45:00,38.5498,38.5498,38.5,38.505,1418
2026-05-07 15:50:00,38.56,38.58,38.48,38.515,2324
2026-05-07 15:55:00,38.48,38.55,38.48,38.55,2279
2026-05-08 09:30:00,38.63,38.67,38.54,38.62,6001
2026-05-08 09:35:00,38.6,38.6,38.545,38.545,400
2026-05-08 09:45:00,38.483,38.483,38.483,38.483,500
2026-05-08 09:50:00,38.54,38.54,38.48,38.48,210
2026-05-08 09:55:00,38.54,38.54,38.535,38.535,485
2026-05-08 10:00:00,38.54,38.55,38.47,38.54,573
2026-05-08 10:05:00,38.52,38.52,38.52,38.52,100
2026-05-08 10:10:00,38.5,38.53,38.5,38.53,200
2026-05-08 10:15:00,38.4701,38.4701,38.4701,38.4701,1050
2026-05-08 10:20:00,38.6999,38.6999,38.635,38.635,5223
2026-05-08 10:25:00,38.655,38.74,38.65,38.74,5361
2026-05-08 10:30:00,38.65,38.665,38.65,38.66,556
2026-05-08 10:40:00,38.74,38.74,38.68,38.68,4419
2026-05-08 10:45:00,38.7,38.7,38.7,38.7,300
2026-05-08 10:50:00,38.63,38.65,38.63,38.65,400
2026-05-08 10:55:00,38.675,38.675,38.675,38.675,100
2026-05-08 11:00:00,38.675,38.675,38.675,38.675,518
2026-05-08 11:10:00,38.685,38.685,38.685,38.685,819
2026-05-08 11:15:00,38.68,38.6899,38.62,38.6557,3659
2026-05-08 11:20:00,38.67,38.695,38.67,38.695,224
2026-05-08 11:25:00,38.695,38.695,38.695,38.695,258
2026-05-08 11:30:00,38.72,38.73,38.68,38.73,2114
2026-05-08 11:35:00,38.71,38.72,38.71,38.71,1359
2026-05-08 11:40:00,38.76,38.76,38.76,38.76,1325
2026-05-08 11:45:00,38.79,38.79,38.76,38.76,3050
2026-05-08 11:50:00,38.785,38.785,38.7735,38.7735,1191
2026-05-08 11:55:00,38.775,38.775,38.76,38.775,907
2026-05-08 12:00:00,38.79,38.805,38.78,38.805,885
2026-05-08 12:05:00,38.805,38.805,38.805,38.805,1179
2026-05-08 12:10:00,38.715,38.7658,38.715,38.7658,2089
2026-05-08 12:15:00,38.72,38.77,38.72,38.75,3012
2026-05-08 12:20:00,38.71,38.71,38.71,38.71,100
2026-05-08 12:25:00,38.72,38.72,38.69,38.701,2719
2026-05-08 12:30:00,38.66,38.66,38.66,38.66,200
2026-05-08 12:35:00,38.74,38.76,38.74,38.76,228
2026-05-08 12:50:00,38.74,38.74,38.74,38.74,230
2026-05-08 13:00:00,38.74,38.7699,38.74,38.7699,223
2026-05-08 13:10:00,38.74,38.74,38.715,38.715,4000
2026-05-08 13:15:00,38.6701,38.6701,38.6701,38.6701,258
2026-05-08 13:20:00,38.7,38.712,38.6801,38.6801,1537
2026-05-08 13:25:00,38.7,38.705,38.67,38.67,3550
2026-05-08 13:30:00,38.705,38.705,38.695,38.695,2370
2026-05-08 13:35:00,38.67,38.67,38.67,38.67,100
2026-05-08 13:40:00,38.685,38.6963,38.685,38.6963,631
2026-05-08 13:45:00,38.7,38.73,38.7,38.72,1526
2026-05-08 13:50:00,38.71,38.71,38.705,38.705,572
2026-05-08 13:55:00,38.73,38.73,38.73,38.73,136
2026-05-08 14:00:00,38.675,38.74,38.675,38.7,859
2026-05-08 14:05:00,38.73,38.73,38.73,38.73,776
2026-05-08 14:10:00,38.725,38.74,38.725,38.74,600
2026-05-08 14:15:00,38.765,38.765,38.765,38.765,246
2026-05-08 14:25:00,38.765,38.765,38.73,38.73,1641
2026-05-08 14:30:00,38.7201,38.7201,38.7201,38.7201,997
2026-05-08 14:35:00,38.695,38.695,38.67,38.695,854
2026-05-08 14:40:00,38.7168,38.7168,38.7168,38.7168,987
2026-05-08 14:45:00,38.6295,38.6295,38.6295,38.6295,130
2026-05-08 14:50:00,38.65,38.65,38.62,38.62,646
2026-05-08 14:55:00,38.6051,38.615,38.5806,38.5806,2668
2026-05-08 15:00:00,38.62,38.6488,38.62,38.62,500
2026-05-08 15:05:00,38.635,38.635,38.57,38.57,469
2026-05-08 15:10:00,38.625,38.669,38.625,38.625,2033
2026-05-08 15:20:00,38.68,38.68,38.68,38.68,200
2026-05-08 15:25:00,38.693,38.693,38.693,38.693,410
2026-05-08 15:30:00,38.71,38.71,38.71,38.71,175
2026-05-08 15:35:00,38.705,38.705,38.685,38.685,1259
2026-05-08 15:40:00,38.705,38.705,38.705,38.705,307
2026-05-08 15:45:00,38.7,38.72,38.69,38.72,1187
2026-05-08 15:55:00,38.63,38.66,38.63,38.66,551
2026-05-11 09:30:00,38.78,38.8,38.66,38.66,1727
2026-05-11 09:35:00,38.69,38.71,38.64,38.64,1776
2026-05-11 09:40:00,38.58,38.62,38.55,38.59,3370
2026-05-11 09:45:00,38.66,38.66,38.66,38.66,727
2026-05-11 09:55:00,38.675,38.675,38.675,38.675,160
2026-05-11 10:00:00,38.63,38.63,38.5601,38.5601,1711
2026-05-11 10:05:00,38.57,38.57,38.57,38.57,273
2026-05-11 10:10:00,38.565,38.565,38.565,38.565,115
2026-05-11 10:15:00,38.54,38.54,38.54,38.54,200
2026-05-11 10:20:00,38.555,38.555,38.55,38.55,307
2026-05-11 10:30:00,38.6,38.6,38.6,38.6,500
2026-05-11 10:35:00,38.5594,38.5594,38.47,38.47,969
2026-05-11 10:40:00,38.4701,38.4701,38.4701,38.4701,575
2026-05-11 10:45:00,38.5,38.5,38.47,38.48,810
2026-05-11 10:50:00,38.49,38.49,38.47,38.47,478
2026-05-11 10:55:00,38.45,38.45,38.45,38.45,200
2026-05-11 11:00:00,38.458,38.458,38.458,38.458,196
2026-05-11 11:05:00,38.455,38.455,38.45,38.45,296
2026-05-11 11:10:00,38.435,38.435,38.4,38.4,325
2026-05-11 11:15:00,38.38,38.38,38.38,38.38,100
2026-05-11 11:20:00,38.415,38.415,38.415,38.415,637
2026-05-11 11:25:00,38.4131,38.42,38.4131,38.42,2433
2026-05-11 11:30:00,38.415,38.4383,38.415,38.4383,575
2026-05-11 11:35:00,38.425,38.54,38.42,38.42,931
2026-05-11 11:40:00,38.445,38.445,38.445,38.445,670
2026-05-11 11:45:00,38.44,38.44,38.41,38.425,2009
2026-05-11 11:50:00,38.44,38.45,38.3987,38.3987,786
2026-05-11 11:55:00,38.43,38.43,38.43,38.43,100
2026-05-11 12:00:00,38.41,38.41,38.38,38.4,325
2026-05-11 12:10:00,38.41,38.43,38.41,38.43,350
2026-05-11 12:15:00,38.43,38.445,38.43,38.445,200
2026-05-11 12:20:00,38.395,38.43,38.395,38.43,2727
2026-05-11 12:25:00,38.44,38.44,38.43,38.43,400
2026-05-11 12:30:00,38.425,38.44,38.42,38.44,845
2026-05-11 12:35:00,38.45,38.45,38.45,38.45,257
2026-05-11 12:40:00,38.48,38.48,38.43,38.48,3011
2026-05-11 12:45:00,38.44,38.44,38.44,38.44,100
2026-05-11 12:50:00,38.43,38.43,38.43,38.43,252
2026-05-11 13:00:00,38.44,38.44,38.44,38.44,350
2026-05-11 13:05:00,38.47,38.47,38.47,38.47,125
2026-05-11 13:10:00,38.47,38.47,38.46,38.46,609
2026-05-11 13:15:00,38.48,38.48,38.48,38.48,1433
2026-05-11 13:20:00,38.45,38.51,38.45,38.51,510
2026-05-11 13:25:00,38.4714,38.54,38.4714,38.505,1879
2026-05-11 13:35:00,38.51,38.53,38.51,38.53,642
2026-05-11 13:45:00,38.54,38.55,38.525,38.525,1260
2026-05-11 13:50:00,38.5,38.532,38.4807,38.51,2085
2026-05-11 13:55:00,38.5299,38.5299,38.52,38.52,2979
2026-05-11 14:00:00,38.505,38.505,38.5,38.5,510
2026-05-11 14:05:00,38.5,38.53,38.5,38.53,829
2026-05-11 14:10:00,38.47,38.47,38.47,38.47,100
2026-05-11 14:15:00,38.51,38.51,38.51,38.51,687
2026-05-11 14:20:00,38.48,38.495,38.48,38.495,500
2026-05-11 14:30:00,38.5,38.5,38.49,38.49,700
2026-05-11 14:40:00,38.49,38.5,38.49,38.5,1142
2026-05-11 14:45:00,38.48,38.495,38.47,38.47,1690
2026-05-11 14:50:00,38.47,38.4734,38.47,38.4734,347
2026-05-11 14:55:00,38.46,38.48,38.43,38.48,2140
2026-05-11 15:00:00,38.48,38.48,38.46,38.475,1270
2026-05-11 15:05:00,38.4401,38.445,38.42,38.42,1411
2026-05-11 15:10:00,38.4001,38.4001,38.4001,38.4001,236
2026-05-11 15:15:00,38.41,38.41,38.41,38.41,100
2026-05-11 15:25:00,38.4,38.41,38.395,38.41,630
2026-05-11 15:30:00,38.405,38.405,38.39,38.4,550
2026-05-11 15:35:00,38.3776,38.39,38.36,38.375,7277
2026-05-11 15:40:00,38.36,38.36,38.345,38.345,465
2026-05-11 15:45:00,38.37,38.38,38.37,38.37,936
2026-05-11 15:50:00,38.3635,38.365,38.3635,38.365,230
2026-05-11 15:55:00,38.34,38.375,38.325,38.35,2000
2026-05-11 16:00:00,38.39,38.39,38.39,38.39,439
2026-05-12 09:30:00,38.36,38.36,38.17,38.17,6845
2026-05-12 09:35:00,38.19,38.19,38.11,38.11,5143
2026-05-12 09:40:00,38.03,38.05,38,38,1377
2026-05-12 09:45:00,38.04,38.04,38.0099,38.0099,1517
2026-05-12 09:50:00,37.92,37.92,37.9099,37.91,975
2026-05-12 09:55:00,37.91,37.93,37.91,37.93,900
2026-05-12 10:00:00,37.97,37.97,37.93,37.93,1019
2026-05-12 10:05:00,37.94,37.995,37.94,37.995,1544
2026-05-12 10:10:00,38,38.0299,38,38.005,548
2026-05-12 10:15:00,37.97,38,37.97,38,964
2026-05-12 10:20:00,37.9,37.91,37.89,37.89,586
2026-05-12 10:25:00,37.92,37.93,37.92,37.93,500
2026-05-12 10:30:00,37.91,37.91,37.91,37.91,100
2026-05-12 10:35:00,37.86,37.889,37.79,37.79,570
2026-05-12 10:40:00,37.8401,37.86,37.8401,37.86,400
2026-05-12 10:45:00,37.875,37.875,37.875,37.875,111
2026-05-12 10:50:00,37.88,37.88,37.86,37.86,513
2026-05-12 10:55:00,37.841,37.89,37.841,37.885,3514
2026-05-12 11:00:00,37.92,37.92,37.9094,37.9094,1095
2026-05-12 11:05:00,37.86,37.9,37.8301,37.87,1125
2026-05-12 11:10:00,37.89,37.89,37.87,37.875,538
2026-05-12 11:15:00,37.89,37.89,37.841,37.89,790
2026-05-12 11:20:00,37.87,37.885,37.86,37.885,3143
2026-05-12 11:25:00,37.8778,37.91,37.87,37.91,1633
2026-05-12 11:35:00,37.93,37.9332,37.915,37.9332,1134
2026-05-12 11:40:00,37.93,37.93,37.925,37.925,450
2026-05-12 11:45:00,37.924,37.96,37.924,37.96,670
2026-05-12 11:50:00,37.95,37.95,37.95,37.95,102
2026-05-12 11:55:00,37.965,37.965,37.965,37.965,410
2026-05-12 12:00:00,37.944,37.95,37.93,37.93,1125
2026-05-12 12:05:00,37.95,37.95,37.95,37.95,1439
2026-05-12 12:10:00,37.93,37.9301,37.91,37.9173,3600
2026-05-12 12:15:00,37.95,37.97,37.95,37.965,1268
2026-05-12 12:25:00,37.92,37.92,37.92,37.92,100
2026-05-12 12:30:00,37.96,37.98,37.96,37.98,500
2026-05-12 12:35:00,38,38.015,37.99,38.015,500
2026-05-12 12:45:00,38.04,38.045,38.04,38.045,590
2026-05-12 12:50:00,38.0467,38.06,38.025,38.06,1088
2026-05-12 12:55:00,38.1,38.1,38.1,38.1,223
2026-05-12 13:00:00,38.06,38.18,38.06,38.18,3258
2026-05-12 13:05:00,38.12,38.14,38.12,38.14,548
2026-05-12 13:15:00,38.16,38.16,38.145,38.16,625
2026-05-12 13:20:00,38.19,38.19,38.19,38.19,490
2026-05-12 13:25:00,38.1799,38.1799,38.15,38.17,5007
2026-05-12 13:30:00,38.1525,38.19,38.12,38.19,1066
2026-05-12 13:35:00,38.17,38.17,38.16,38.17,2491
2026-05-12 13:40:00,38.16,38.205,38.16,38.16,1592
2026-05-12 13:45:00,38.175,38.175,38.175,38.175,580
2026-05-12 13:50:00,38.23,38.23,38.23,38.23,764
2026-05-12 13:55:00,38.21,38.22,38.21,38.22,984
2026-05-12 14:00:00,38.2,38.21,38.2,38.2,978
2026-05-12 14:05:00,38.18,38.18,38.14,38.15,958
2026-05-12 14:10:00,38.1464,38.1464,38.13,38.13,212
2026-05-12 14:15:00,38.165,38.165,38.165,38.165,614
2026-05-12 14:25:00,38.205,38.2199,38.19,38.19,6951
2026-05-12 14:30:00,38.21,38.21,38.21,38.21,181
2026-05-12 14:35:00,38.19,38.19,38.19,38.19,341
2026-05-12 14:40:00,38.195,38.22,38.195,38.22,365
2026-05-12 14:45:00,38.21,38.21,38.2096,38.2096,207
2026-05-12 14:55:00,38.24,38.24,38.24,38.24,200
2026-05-12 15:00:00,38.26,38.26,38.2,38.22,980
2026-05-12 15:05:00,38.22,38.24,38.22,38.23,1143
2026-05-12 15:10:00,38.27,38.34,38.25,38.3,3332
2026-05-12 15:15:00,38.3,38.3,38.21,38.26,600
2026-05-12 15:20:00,38.27,38.27,38.24,38.25,2736
2026-05-12 15:25:00,38.2476,38.2476,38.23,38.245,1662
2026-05-12 15:30:00,38.235,38.235,38.23,38.23,665
2026-05-12 15:35:00,38.24,38.24,38.21,38.21,735
2026-05-12 15:40:00,38.205,38.205,38.18,38.18,411
2026-05-12 15:45:00,38.2,38.21,38.17,38.19,2528
2026-05-12 15:50:00,38.165,38.17,38.165,38.17,205
2026-05-12 15:55:00,38.2,38.2,38.15,38.17,1477
2026-05-12 16:00:00,38.18,38.18,38.18,38.18,276
2026-05-13 09:30:00,38.11,38.11,38.07,38.08,5181
2026-05-13 09:35:00,38.05,38.05,37.96,37.97,1900
2026-05-13 09:45:00,37.96,38.01,37.92,38.01,2200
2026-05-13 09:50:00,38.0586,38.0586,37.9,37.925,1643
2026-05-13 09:55:00,37.93,37.96,37.93,37.96,200
2026-05-13 10:00:00,38.008,38.04,37.995,38.0275,3284
2026-05-13 10:15:00,38.005,38.005,37.975,37.975,437
2026-05-13 10:20:00,37.98,37.98,37.95,37.98,1981
2026-05-13 10:25:00,37.98,37.98,37.94,37.98,1900
2026-05-13 10:30:00,37.98,37.98,37.98,37.98,175
2026-05-13 10:35:00,37.94,37.95,37.905,37.905,8462
2026-05-13 10:40:00,37.9,37.915,37.9,37.91,4112
2026-05-13 10:45:00,37.865,37.89,37.865,37.87,3145
2026-05-13 10:55:00,37.85,37.87,37.835,37.87,450
2026-05-13 11:00:00,37.87,37.895,37.85,37.875,4637
2026-05-13 11:05:00,37.87,37.89,37.82,37.82,3651
2026-05-13 11:10:00,37.82,37.82,37.78,37.78,2088
2026-05-13 11:15:00,37.781,37.8,37.781,37.79,760
2026-05-13 11:20:00,37.785,37.785,37.785,37.785,300
2026-05-13 11:25:00,37.8175,37.82,37.8175,37.82,640
2026-05-13 11:30:00,37.82,37.835,37.82,37.82,2987
2026-05-13 11:35:00,37.82,37.83,37.815,37.815,2550
2026-05-13 11:40:00,37.825,37.84,37.825,37.84,1504
2026-05-13 11:45:00,37.815,37.815,37.81,37.81,236
2026-05-13 11:55:00,37.8,37.8,37.8,37.8,143
2026-05-13 12:00:00,37.8,37.8,37.8,37.8,2053
2026-05-13 12:05:00,37.795,37.795,37.795,37.795,230
2026-05-13 12:10:00,37.77,37.775,37.76,37.76,1086
2026-05-13 12:15:00,37.8,37.8018,37.8,37.8018,356
2026-05-13 12:20:00,37.83,37.84,37.83,37.83,2666
2026-05-13 12:30:00,37.825,37.87,37.8,37.8,4140
2026-05-13 12:35:00,37.84,37.84,37.8,37.83,2100
2026-05-13 12:40:00,37.83,37.835,37.801,37.835,2537
2026-05-13 12:50:00,37.835,37.835,37.835,37.835,444
2026-05-13 12:55:00,37.84,37.84,37.8001,37.8001,386
2026-05-13 13:00:00,37.83,37.87,37.81,37.82,11192
2026-05-13 13:05:00,37.86,37.9,37.83,37.9,8864
2026-05-13 13:10:00,37.87,37.875,37.87,37.875,790
2026-05-13 13:20:00,37.8101,37.84,37.8101,37.84,625
2026-05-13 13:25:00,37.83,37.84,37.83,37.84,1232
2026-05-13 13:30:00,37.84,37.84,37.835,37.835,620
2026-05-13 13:35:00,37.83,37.83,37.82,37.82,2600
2026-05-13 13:40:00,37.84,37.8599,37.8301,37.8301,2844
2026-05-13 13:45:00,37.8409,37.85,37.8409,37.85,4181
2026-05-13 13:50:00,37.82,37.84,37.82,37.84,3965
2026-05-13 13:55:00,37.855,37.855,37.855,37.855,1096
2026-05-13 14:00:00,37.85,37.86,37.85,37.86,200
2026-05-13 14:05:00,37.86,37.86,37.86,37.86,2230
2026-05-13 14:10:00,37.865,37.865,37.8492,37.85,838
2026-05-13 14:15:00,37.86,37.88,37.86,37.88,1750
2026-05-13 14:20:00,37.88,37.8995,37.88,37.8995,631
2026-05-13 14:25:00,37.87,37.87,37.81,37.81,6131
2026-05-13 14:30:00,37.8595,37.8595,37.8595,37.8595,300
2026-05-13 14:35:00,37.8,37.8,37.79,37.79,500
2026-05-13 14:45:00,37.82,37.82,37.82,37.82,300
2026-05-13 14:50:00,37.86,37.89,37.85,37.89,4832
2026-05-13 14:55:00,37.85,37.85,37.85,37.85,700
2026-05-13 15:05:00,37.93,37.94,37.93,37.94,388
2026-05-13 15:10:00,37.9168,37.93,37.9035,37.9035,1557
2026-05-13 15:15:00,37.94,37.94,37.94,37.94,100
2026-05-13 15:20:00,37.9599,37.9599,37.9599,37.9599,1402
2026-05-13 15:35:00,37.94,37.94,37.94,37.94,822
2026-05-13 15:40:00,37.955,37.955,37.92,37.9401,4608
2026-05-13 15:45:00,37.93,37.97,37.93,37.97,1308
2026-05-13 15:50:00,37.95,37.96,37.94,37.94,600
2026-05-13 15:55:00,37.945,37.95,37.925,37.95,3261
2026-05-13 16:00:00,37.97,37.97,37.97,37.97,557
2026-05-14 09:30:00,38.12,38.12,38.12,38.12,2167
2026-05-14 09:35:00,38.0722,38.2,38.0722,38.2,1785
2026-05-14 09:55:00,38.2,38.295,38.13,38.29,2843
2026-05-14 10:00:00,38.26,38.265,38.26,38.265,541
2026-05-14 10:05:00,38.295,38.32,38.295,38.31,1071
2026-05-14 10:10:00,38.2735,38.29,38.2735,38.29,1409
2026-05-14 10:15:00,38.2,38.2,38.2,38.2,100
2026-05-14 10:20:00,38.16,38.21,38.16,38.21,400
2026-05-14 10:25:00,38.11,38.1525,38.11,38.15,904
2026-05-14 10:35:00,38.12,38.16,38.09,38.16,1700
2026-05-14 10:40:00,38.1638,38.2,38.14,38.19,4382
2026-05-14 10:45:00,38.175,38.175,38.16,38.16,200
2026-05-14 10:50:00,38.17,38.18,38.14,38.17,7335
2026-05-14 10:55:00,38.1751,38.31,38.1751,38.28,6374
2026-05-14 11:00:00,38.23,38.3,38.22,38.265,2171
2026-05-14 11:05:00,38.26,38.29,38.24,38.25,3220
2026-05-14 11:10:00,38.27,38.355,38.24,38.28,2650
2026-05-14 11:15:00,38.2775,38.2775,38.2775,38.2775,143
2026-05-14 11:20:00,38.28,38.28,38.28,38.28,200
2026-05-14 11:30:00,38.28,38.29,38.25,38.25,2719
2026-05-14 11:35:00,38.26,38.26,38.23,38.23,1851
2026-05-14 11:45:00,38.28,38.31,38.28,38.31,607
2026-05-14 11:50:00,38.32,38.32,38.32,38.32,400
2026-05-14 11:55:00,38.33,38.33,38.3006,38.3006,1012
2026-05-14 12:00:00,38.35,38.36,38.35,38.35,1434
2026-05-14 12:05:00,38.35,38.36,38.35,38.36,543
2026-05-14 12:10:00,38.36,38.36,38.36,38.36,100
2026-05-14 12:15:00,38.35,38.35,38.35,38.35,300
2026-05-14 12:20:00,38.375,38.375,38.375,38.375,730
2026-05-14 12:25:00,38.355,38.36,38.35,38.35,1225
2026-05-14 12:30:00,38.325,38.335,38.245,38.295,2772
2026-05-14 12:35:00,38.285,38.285,38.285,38.285,998
2026-05-14 12:40:00,38.3001,38.3001,38.2939,38.2939,646
2026-05-14 12:45:00,38.28,38.285,38.28,38.285,406
2026-05-14 12:55:00,38.2,38.225,38.18,38.225,4217
2026-05-14 13:10:00,38.28,38.29,38.275,38.28,2588
2026-05-14 13:15:00,38.25,38.26,38.25,38.26,1217
2026-05-14 13:20:00,38.225,38.23,38.21,38.23,700
2026-05-14 13:25:00,38.24,38.24,38.2001,38.2241,613
2026-05-14 13:30:00,38.17,38.1901,38.17,38.19,633
2026-05-14 13:35:00,38.225,38.225,38.2,38.2,1892
2026-05-14 13:40:00,38.21,38.22,38.2,38.22,900
2026-05-14 13:45:00,38.2194,38.2194,38.19,38.19,1527
2026-05-14 13:50:00,38.24,38.24,38.19,38.19,669
2026-05-14 13:55:00,38.175,38.2,38.16,38.18,2541
2026-05-14 14:00:00,38.17,38.23,38.12,38.18,5157
2026-05-14 14:10:00,38.21,38.25,38.21,38.2288,3680
2026-05-14 14:15:00,38.2463,38.2502,38.24,38.24,1069
2026-05-14 14:20:00,38.25,38.25,38.2,38.245,2416
2026-05-14 14:25:00,38.245,38.245,38.22,38.22,209
2026-05-14 14:30:00,38.22,38.22,38.19,38.215,1901
2026-05-14 14:35:00,38.19,38.19,38.19,38.19,129
2026-05-14 14:40:00,38.18,38.23,38.16,38.18,14836
2026-05-14 14:45:00,38.2,38.2,38.2,38.2,112
2026-05-14 14:50:00,38.1939,38.1939,38.16,38.16,3014
2026-05-14 14:55:00,38.175,38.21,38.16,38.21,1992
2026-05-14 15:00:00,38.195,38.2,38.18,38.18,3585
2026-05-14 15:05:00,38.185,38.2,38.185,38.194,1381
2026-05-14 15:10:00,38.19,38.19,38.18,38.19,13140
2026-05-14 15:15:00,38.19,38.24,38.17,38.18,4866
2026-05-14 15:20:00,38.18,38.18,38.18,38.18,500
2026-05-14 15:25:00,38.17,38.17,38.17,38.17,3990
2026-05-14 15:30:00,38.2,38.2,38.18,38.18,246
2026-05-14 15:35:00,38.19,38.19,38.18,38.18,791
2026-05-14 15:40:00,38.16,38.16,38.16,38.16,233
2026-05-14 15:50:00,38.1875,38.195,37.99,37.99,16901
2026-05-14 15:55:00,37.99,38.21,37.97,38.14,30881
2026-05-14 16:00:00,38.2,38.2,38.2,38.2,282
2026-05-15 09:30:00,37.92,37.98,37.835,37.965,3956
2026-05-15 09:40:00,37.79,37.79,37.76,37.79,900
2026-05-15 09:45:00,37.76,37.76,37.76,37.76,1164
2026-05-15 09:55:00,37.75,37.75,37.75,37.75,400
2026-05-15 10:00:00,37.79,37.835,37.76,37.77,900
2026-05-15 10:10:00,37.74,37.74,37.74,37.74,110
2026-05-15 10:15:00,37.735,37.735,37.735,37.735,270
2026-05-15 10:20:00,37.805,37.81,37.805,37.81,347
2026-05-15 10:25:00,37.8215,37.8215,37.8215,37.8215,192
2026-05-15 10:30:00,37.8151,37.8151,37.805,37.805,1152
2026-05-15 10:35:00,37.8,37.85,37.8,37.815,1446
2026-05-15 10:40:00,37.78,37.78,37.78,37.78,1800
2026-05-15 10:45:00,37.71,37.71,37.71,37.71,389
2026-05-15 10:50:00,37.7,37.71,37.7,37.71,325
2026-05-15 10:55:00,37.805,37.805,37.7193,37.7193,1500
2026-05-15 11:00:00,37.75,37.75,37.7,37.72,1484
2026-05-15 11:05:00,37.71,37.71,37.71,37.71,100
2026-05-15 11:20:00,37.66,37.66,37.66,37.66,518
2026-05-15 11:25:00,37.63,37.66,37.61,37.61,5527
2026-05-15 11:30:00,37.63,37.66,37.63,37.66,900
2026-05-15 11:35:00,37.635,37.635,37.635,37.635,100
2026-05-15 11:40:00,37.62,37.62,37.6,37.6,300
2026-05-15 11:45:00,37.59,37.61,37.57,37.61,1687
2026-05-15 11:50:00,37.57,37.57,37.57,37.57,226
2026-05-15 12:00:00,37.64,37.64,37.561,37.615,1117
2026-05-15 12:05:00,37.61,37.61,37.61,37.61,237
2026-05-15 12:15:00,37.6499,37.6499,37.5839,37.64,1991
2026-05-15 12:25:00,37.67,37.67,37.67,37.67,100
2026-05-15 12:30:00,37.63,37.63,37.63,37.63,100
2026-05-15 12:35:00,37.6596,37.6596,37.64,37.6464,1175
2026-05-15 12:40:00,37.66,37.66,37.66,37.66,100
2026-05-15 12:45:00,37.655,37.68,37.655,37.67,820
2026-05-15 12:50:00,37.68,37.68,37.66,37.66,300
2026-05-15 12:55:00,37.6501,37.67,37.65,37.67,319
2026-05-15 13:00:00,37.67,37.685,37.67,37.68,2829
2026-05-15 13:05:00,37.68,37.7,37.68,37.7,1715
2026-05-15 13:15:00,37.67,37.67,37.65,37.65,2361
2026-05-15 13:20:00,37.655,37.67,37.655,37.67,1353
2026-05-15 13:25:00,37.67,37.7,37.67,37.68,523
2026-05-15 13:30:00,37.6699,37.6699,37.565,37.64,1000
2026-05-15 13:35:00,37.61,37.61,37.61,37.61,125
2026-05-15 13:40:00,37.6199,37.6199,37.6,37.6,455
2026-05-15 13:45:00,37.61,37.61,37.61,37.61,125
2026-05-15 13:50:00,37.62,37.64,37.62,37.63,1282
2026-05-15 13:55:00,37.64,37.64,37.64,37.64,122
2026-05-15 14:00:00,37.65,37.65,37.65,37.65,305
2026-05-15 14:05:00,37.635,37.645,37.635,37.645,560
2026-05-15 14:10:00,37.65,37.65,37.63,37.63,1215
2026-05-15 14:15:00,37.63,37.63,37.63,37.63,100
2026-05-15 14:20:00,37.65,37.65,37.62,37.62,354
2026-05-15 14:25:00,37.66,37.67,37.61,37.62,2385
2026-05-15 14:30:00,37.6,37.62,37.58,37.59,1875
2026-05-15 14:35:00,37.58,37.58,37.58,37.58,100
2026-05-15 14:40:00,37.6,37.6,37.58,37.58,1300
2026-05-15 14:45:00,37.585,37.59,37.585,37.59,509
2026-05-15 14:50:00,37.6,37.62,37.59,37.62,2690
2026-05-15 14:55:00,37.62,37.63,37.6192,37.63,2625
2026-05-15 15:00:00,37.63,37.63,37.595,37.62,825
2026-05-15 15:05:00,37.6,37.6097,37.6,37.6097,368
2026-05-15 15:10:00,37.63,37.63,37.5962,37.5962,230
2026-05-15 15:15:00,37.6258,37.6258,37.5901,37.5901,874
2026-05-15 15:20:00,37.615,37.615,37.615,37.615,557
2026-05-15 15:25:00,37.645,37.645,37.64,37.64,400
2026-05-15 15:30:00,37.65,37.65,37.65,37.65,302
2026-05-15 15:35:00,37.65,37.65,37.61,37.6499,4145
2026-05-15 15:40:00,37.63,37.65,37.61,37.65,4580
2026-05-15 15:45:00,37.64,37.64,37.595,37.62,4177
2026-05-15 15:50:00,37.61,37.61,37.5676,37.5676,725
2026-05-15 15:55:00,37.57,37.59,37.55,37.58,2311
2026-05-15 16:00:00,37.62,37.62,37.62,37.62,304
2026-05-18 09:30:00,37.66,37.78,37.66,37.68,3929
2026-05-18 09:35:00,37.69,37.72,37.69,37.71,775
2026-05-18 09:45:00,37.82,37.875,37.82,37.82,1113
2026-05-18 09:50:00,37.97,38.0199,37.92,38.01,4890
2026-05-18 09:55:00,38,38.01,37.94,37.94,2613
2026-05-18 10:00:00,38.02,38.02,37.96,37.96,1978
2026-05-18 10:05:00,37.9951,38.08,37.955,37.99,6203
2026-05-18 10:10:00,38,38.03,37.99,37.99,4225
2026-05-18 10:15:00,38.04,38.05,38.04,38.04,2508
2026-05-18 10:20:00,38.03,38.03,38.01,38.02,1225
2026-05-18 10:30:00,38.03,38.03,38.03,38.03,200
2026-05-18 10:40:00,38.01,38.05,37.99,38.05,4966
2026-05-18 10:45:00,38.03,38.03,38.01,38.03,600
2026-05-18 10:50:00,38.06,38.075,38.04,38.05,878
2026-05-18 10:55:00,38.05,38.1,38.05,38.1,3864
2026-05-18 11:00:00,38.09,38.09,37.925,38.01,3181
2026-05-18 11:05:00,38,38.01,37.98,38.01,475
2026-05-18 11:10:00,37.9814,37.9814,37.98,37.98,3021
2026-05-18 11:15:00,37.97,37.97,37.97,37.97,215
2026-05-18 11:20:00,38.01,38.01,38.01,38.01,200
2026-05-18 11:25:00,37.97,37.97,37.97,37.97,125
2026-05-18 11:30:00,37.9996,37.9996,37.9996,37.9996,260
2026-05-18 11:35:00,37.995,37.995,37.99,37.9902,457
2026-05-18 11:40:00,37.9989,37.9989,37.9601,37.9601,779
2026-05-18 11:45:00,38.0392,38.0392,38.01,38.01,3804
2026-05-18 11:55:00,38.0499,38.0499,38.03,38.03,1034
2026-05-18 12:00:00,38,38,38,38,250
2026-05-18 12:10:00,38.05,38.05,38.04,38.04,320
2026-05-18 12:15:00,38.08,38.08,38.08,38.08,100
2026-05-18 12:20:00,38.05,38.0999,38.045,38.045,1213
2026-05-18 12:25:00,38.105,38.105,37.99,38,3087
2026-05-18 12:30:00,38,38,37.99,37.99,600
2026-05-18 12:40:00,38.03,38.03,37.985,37.985,388
2026-05-18 12:55:00,37.99,37.995,37.99,37.995,1306
2026-05-18 13:05:00,38.07,38.07,38.07,38.07,400
2026-05-18 13:10:00,38,38,38,38,127
2026-05-18 13:15:00,38.03,38.03,38.03,38.03,399
2026-05-18 13:20:00,38.035,38.045,38.035,38.045,2191
2026-05-18 13:25:00,38.045,38.045,38.04,38.04,1729
2026-05-18 13:35:00,37.975,37.99,37.94,37.95,6374
2026-05-18 13:40:00,37.945,37.95,37.945,37.95,1918
2026-05-18 13:50:00,37.96,37.96,37.94,37.94,1121
2026-05-18 13:55:00,37.95,37.95,37.93,37.93,715
2026-05-18 14:00:00,37.89,37.925,37.88,37.9,2525
2026-05-18 14:05:00,37.94,37.94,37.9,37.915,1553
2026-05-18 14:10:00,37.915,37.92,37.915,37.92,1598
2026-05-18 14:15:00,37.905,37.93,37.89,37.89,1185
2026-05-18 14:20:00,37.92,37.92,37.91,37.91,1874
2026-05-18 14:25:00,37.888,37.888,37.888,37.888,100
2026-05-18 14:30:00,37.92,37.92,37.92,37.92,1900
2026-05-18 14:35:00,37.9212,37.9212,37.9212,37.9212,158
2026-05-18 14:40:00,37.925,37.925,37.91,37.91,389
2026-05-18 14:45:00,37.9727,37.9727,37.965,37.965,505
2026-05-18 14:50:00,37.94,37.97,37.94,37.96,11236
2026-05-18 15:00:00,37.93,38.08,37.93,38.055,25069
2026-05-18 15:05:00,38.05,38.05,38.05,38.05,524
2026-05-18 15:10:00,38,38.05,38,38.04,2827
2026-05-18 15:15:00,38.0087,38.0101,37.9713,38,2161
2026-05-18 15:20:00,38.0015,38.0015,37.99,37.99,418
2026-05-18 15:25:00,37.965,37.98,37.965,37.97,3494
2026-05-18 15:30:00,37.965,37.9799,37.95,37.95,698
2026-05-18 15:35:00,37.945,37.9695,37.945,37.9695,1063
2026-05-18 15:40:00,37.96,37.9966,37.96,37.9966,1299
2026-05-18 15:45:00,37.99,38.0269,37.99,38.01,1316
2026-05-18 15:50:00,37.99,38.06,37.99,37.995,2000
2026-05-18 15:55:00,37.9201,37.99,37.9201,37.99,400
2026-05-18 16:00:00,37.99,37.99,37.99,37.99,408
2026-05-19 09:30:00,37.86,37.86,37.5501,37.5501,2935
2026-05-19 09:35:00,37.585,37.585,37.585,37.585,805
2026-05-19 09:40:00,37.58,37.58,37.54,37.54,875
2026-05-19 09:50:00,37.5,37.54,37.5,37.5326,1909
2026-05-19 09:55:00,37.62,37.78,37.62,37.64,4223
2026-05-19 10:00:00,37.585,37.585,37.525,37.53,563
2026-05-19 10:05:00,37.58,37.58,37.53,37.53,327
2026-05-19 10:10:00,37.61,37.64,37.61,37.64,1800
2026-05-19 10:15:00,37.67,37.67,37.67,37.67,100
2026-05-19 10:20:00,37.67,37.71,37.66,37.71,8013
2026-05-19 10:25:00,37.71,37.765,37.7,37.765,1743
2026-05-19 10:30:00,37.67,37.67,37.665,37.665,530
2026-05-19 10:40:00,37.65,37.65,37.61,37.61,318
2026-05-19 10:45:00,37.64,37.66,37.61,37.64,2948
2026-05-19 10:50:00,37.62,37.62,37.57,37.575,1030
2026-05-19 10:55:00,37.6,37.6,37.55,37.56,2859
2026-05-19 11:00:00,37.6,37.6,37.6,37.6,200
2026-05-19 11:05:00,37.66,37.66,37.66,37.66,426
2026-05-19 11:10:00,37.62,37.62,37.62,37.62,300
2026-05-19 11:15:00,37.62,37.62,37.61,37.61,304
2026-05-19 11:20:00,37.62,37.62,37.62,37.62,100
2026-05-19 11:25:00,37.62,37.64,37.62,37.64,484
2026-05-19 11:30:00,37.62,37.62,37.62,37.62,146
2026-05-19 11:35:00,37.67,37.67,37.67,37.67,100
2026-05-19 11:40:00,37.68,37.69,37.625,37.68,1454
2026-05-19 11:45:00,37.69,37.76,37.68,37.74,12764
2026-05-19 11:50:00,37.75,37.75,37.75,37.75,200
2026-05-19 11:55:00,37.73,37.73,37.715,37.715,605
2026-05-19 12:00:00,37.72,37.72,37.72,37.72,300
2026-05-19 12:05:00,37.69,37.7,37.69,37.7,1597
2026-05-19 12:10:00,37.72,37.7448,37.71,37.7448,2701
2026-05-19 12:15:00,37.73,37.77,37.73,37.77,1213
2026-05-19 12:20:00,37.795,37.81,37.795,37.81,202
2026-05-19 12:25:00,37.83,37.84,37.83,37.84,770
2026-05-19 12:30:00,37.84,37.84,37.84,37.84,350
2026-05-19 12:35:00,37.785,37.785,37.785,37.785,281
2026-05-19 12:40:00,37.8,37.8393,37.79,37.8379,521
2026-05-19 12:45:00,37.82,37.82,37.81,37.81,477
2026-05-19 12:50:00,37.82,37.82,37.8,37.8,427
2026-05-19 12:55:00,37.79,37.82,37.79,37.82,408
2026-05-19 13:00:00,37.79,37.79,37.79,37.79,203
2026-05-19 13:05:00,37.7918,37.835,37.75,37.75,1477
2026-05-19 13:10:00,37.78,37.79,37.77,37.79,1569
2026-05-19 13:15:00,37.8,37.83,37.7901,37.7901,938
2026-05-19 13:20:00,37.8499,37.8499,37.8483,37.8483,481
2026-05-19 13:25:00,37.82,37.84,37.81,37.84,1020
2026-05-19 13:30:00,37.84,37.85,37.82,37.85,1550
2026-05-19 13:35:00,37.82,37.8299,37.81,37.81,1079
2026-05-19 13:40:00,37.79,37.79,37.79,37.79,100
2026-05-19 13:45:00,37.76,37.77,37.76,37.77,325
2026-05-19 13:50:00,37.76,37.76,37.73,37.73,487
2026-05-19 13:55:00,37.765,37.765,37.73,37.74,1381
2026-05-19 14:00:00,37.75,37.75,37.75,37.75,229
2026-05-19 14:05:00,37.72,37.72,37.72,37.72,100
2026-05-19 14:10:00,37.74,37.75,37.731,37.745,2596
2026-05-19 14:15:00,37.75,37.75,37.74,37.7451,1173
2026-05-19 14:20:00,37.73,37.73,37.64,37.72,2027
2026-05-19 14:25:00,37.68,37.68,37.67,37.67,485
2026-05-19 14:30:00,37.67,37.67,37.67,37.67,258
2026-05-19 14:35:00,37.69,37.725,37.69,37.725,700
2026-05-19 14:40:00,37.73,37.73,37.68,37.73,3350
2026-05-19 14:45:00,37.72,37.72,37.71,37.71,475
2026-05-19 14:55:00,37.7,37.72,37.7,37.705,2457
2026-05-19 15:00:00,37.73,37.73,37.6601,37.67,443
2026-05-19 15:05:00,37.704,37.704,37.704,37.704,251
2026-05-19 15:10:00,37.7272,37.7272,37.71,37.71,877
2026-05-19 15:20:00,37.715,37.7301,37.71,37.71,1839
2026-05-19 15:25:00,37.74,37.74,37.68,37.68,330
2026-05-19 15:30:00,37.69,37.69,37.65,37.65,4845
2026-05-19 15:35:00,37.665,37.665,37.665,37.665,478
2026-05-19 15:40:00,37.655,37.655,37.65,37.65,820
2026-05-19 15:45:00,37.63,37.66,37.63,37.66,525
2026-05-19 15:50:00,37.62,37.64,37.6,37.63,2152
2026-05-19 15:55:00,37.6,37.63,37.57,37.62,3765
2026-05-19 16:00:00,37.59,37.59,37.59,37.59,117
2026-05-20 09:30:00,37.73,37.73,37.61,37.61,3366
2026-05-20 09:35:00,37.58,37.71,37.58,37.71,1725
2026-05-20 09:40:00,37.7,37.83,37.7,37.76,7829
2026-05-20 09:45:00,37.83,37.83,37.77,37.78,2485
2026-05-20 09:50:00,37.775,37.815,37.775,37.815,985
2026-05-20 10:00:00,37.76,37.76,37.73,37.73,2300
2026-05-20 10:05:00,37.835,37.835,37.76,37.76,575
2026-05-20 10:10:00,37.79,37.808,37.7,37.7,1155
2026-05-20 10:15:00,37.945,37.945,37.88,37.88,475
2026-05-20 10:20:00,37.93,37.9301,37.88,37.92,1870
2026-05-20 10:25:00,37.9,37.95,37.9,37.9,4186
2026-05-20 10:30:00,38.0011,38.0011,38.0011,38.0011,121
2026-05-20 10:35:00,37.995,37.9962,37.895,37.9962,1264
2026-05-20 10:40:00,37.95,37.98,37.94,37.98,995
2026-05-20 10:45:00,37.96,38.04,37.915,37.97,9224
2026-05-20 10:50:00,37.95,38.01,37.95,38,3353
2026-05-20 10:55:00,37.99,38.02,37.99,38.02,300
2026-05-20 11:00:00,38.025,38.07,37.96,38.04,3296
2026-05-20 11:05:00,38.04,38.045,38,38.02,5964
2026-05-20 11:10:00,38.015,38.02,37.98,37.9925,1779
2026-05-20 11:15:00,37.97,38.165,37.97,38.03,13174
2026-05-20 11:20:00,38.055,38.055,38.0399,38.0444,1174
2026-05-20 11:25:00,38.03,38.0675,37.97,37.97,3015
2026-05-20 11:30:00,37.98,37.995,37.98,37.995,226
2026-05-20 11:35:00,38.01,38.06,38.005,38.06,5414
2026-05-20 11:40:00,38.0601,38.0601,38.06,38.06,378
2026-05-20 11:45:00,38.09,38.1,38.07,38.1,1598
2026-05-20 11:50:00,38.08,38.08,38.08,38.08,100
2026-05-20 11:55:00,38.06,38.09,38.05,38.05,5978
2026-05-20 12:00:00,38.065,38.07,38.02,38.03,1439
2026-05-20 12:05:00,38.0201,38.0201,38.0201,38.0201,450
2026-05-20 12:10:00,38.02,38.02,38.02,38.02,100
2026-05-20 12:15:00,38.0372,38.07,38.03,38.07,4852
2026-05-20 12:20:00,38.06,38.06,38.015,38.015,400
2026-05-20 12:25:00,38.022,38.07,38.01,38.01,4100
2026-05-20 12:30:00,38,38,38,38,1084
2026-05-20 12:35:00,37.98,38.0175,37.97,37.97,1885
2026-05-20 12:40:00,37.98,38.02,37.98,38.01,1246
2026-05-20 12:45:00,38.03,38.03,37.97,37.97,614
2026-05-20 12:50:00,38.0221,38.0221,37.9923,37.9923,988
2026-05-20 12:55:00,37.99,38.03,37.99,38.0125,18625
2026-05-20 13:00:00,38.02,38.02,37.985,37.99,1854
2026-05-20 13:05:00,37.99,37.99,37.98,37.98,1700
2026-05-20 13:10:00,37.96,38,37.96,37.96,8849
2026-05-20 13:15:00,38.02,38.02,38.02,38.02,1496
2026-05-20 13:20:00,37.98,38.01,37.98,37.98,2028
2026-05-20 13:25:00,38.045,38.045,38.03,38.04,1774
2026-05-20 13:30:00,38.04,38.04,38.0207,38.0207,246
2026-05-20 13:35:00,38.04,38.07,38.04,38.04,2764
2026-05-20 13:40:00,38.08,38.08,38.07,38.07,748
2026-05-20 13:50:00,38.05,38.05,38.03,38.03,800
2026-05-20 13:55:00,38.01,38.0199,37.995,37.995,2789
2026-05-20 14:00:00,38.04,38.04,37.97,37.97,214
2026-05-20 14:05:00,37.9401,37.95,37.9401,37.95,2100
2026-05-20 14:10:00,37.95,38.0099,37.95,37.9805,1322
2026-05-20 14:15:00,38,38.01,37.98,38.0044,1365
2026-05-20 14:20:00,38.02,38.02,38.02,38.02,120
2026-05-20 14:25:00,38.0001,38.015,38.0001,38.005,750
2026-05-20 14:30:00,38.05,38.05,38.05,38.05,405
2026-05-20 14:35:00,38.05,38.05,38.05,38.05,200
2026-05-20 14:40:00,38.055,38.055,38.03,38.03,2600
2026-05-20 14:45:00,38.015,38.035,38.015,38.035,1305
2026-05-20 14:50:00,38.05,38.05,38.0301,38.05,579
2026-05-20 14:55:00,38.11,38.11,38.105,38.105,567
2026-05-20 15:00:00,38.1105,38.1185,38.1,38.1,1482
2026-05-20 15:05:00,38.09,38.09,38.09,38.09,200
2026-05-20 15:10:00,38.08,38.1,38.08,38.08,9170
2026-05-20 15:15:00,38.07,38.089,38.07,38.089,961
2026-05-20 15:20:00,38.105,38.105,38.075,38.075,2421
2026-05-20 15:25:00,38.08,38.09,38.05,38.0601,2131
2026-05-20 15:30:00,38.07,38.08,38.055,38.08,661
2026-05-20 15:35:00,38.095,38.145,38.09,38.09,2855
2026-05-20 15:40:00,38.115,38.115,38.1125,38.1125,367
2026-05-20 15:45:00,38.1125,38.17,38.05,38.05,1552
2026-05-20 15:50:00,38.11,38.135,38.11,38.135,379
2026-05-20 15:55:00,38.12,38.17,38.1,38.17,12909
2026-05-20 16:00:00,38.22,38.22,38.22,38.22,226
2026-05-21 09:30:00,37.99,37.99,37.8,37.8,14210
2026-05-21 09:35:00,37.7,37.7,37.7,37.7,500
2026-05-21 09:40:00,37.67,37.67,37.67,37.67,1500
2026-05-21 09:50:00,37.83,37.96,37.83,37.96,4100
2026-05-21 09:55:00,38.02,38.02,38.02,38.02,100
2026-05-21 10:00:00,37.98,38.005,37.94,37.9801,2175
2026-05-21 10:05:00,38.09,38.09,38.09,38.09,200
2026-05-21 10:10:00,38.06,38.09,38.06,38.06,2487
2026-05-21 10:15:00,38.06,38.0686,38.06,38.0686,1252
2026-05-21 10:20:00,38.05,38.07,37.95,38.07,3483
2026-05-21 10:25:00,38.035,38.08,38.035,38.08,2125
2026-05-21 10:30:00,38.06,38.1,38.06,38.07,1310
2026-05-21 10:35:00,38.045,38.045,38,38,830
2026-05-21 10:45:00,37.91,37.91,37.91,37.91,100
2026-05-21 10:55:00,37.95,37.95,37.91,37.91,1851
2026-05-21 11:00:00,37.94,37.94,37.94,37.94,100
2026-05-21 11:05:00,37.915,37.915,37.915,37.915,471
2026-05-21 11:10:00,37.9,37.99,37.9,37.99,3836
2026-05-21 11:15:00,37.93,37.95,37.93,37.95,400
2026-05-21 11:20:00,37.95,37.95,37.94,37.94,18637
2026-05-21 11:25:00,37.96,37.96,37.94,37.95,3250
2026-05-21 11:30:00,37.935,37.935,37.93,37.93,1437
2026-05-21 11:35:00,37.92,37.92,37.91,37.91,1720
2026-05-21 11:40:00,37.91,37.91,37.89,37.91,1715
2026-05-21 11:45:00,37.9,37.9098,37.9,37.9098,1215
2026-05-21 11:50:00,37.909,37.9099,37.89,37.8911,3724
2026-05-21 11:55:00,37.91,37.91,37.9,37.91,3341
2026-05-21 12:00:00,37.912,37.9327,37.9103,37.9103,2621
2026-05-21 12:05:00,37.93,37.93,37.93,37.93,840
2026-05-21 12:10:00,37.93,37.93,37.93,37.93,264
2026-05-21 12:15:00,37.89,37.8903,37.885,37.8903,513
2026-05-21 12:20:00,37.92,37.92,37.8801,37.8801,732
2026-05-21 12:25:00,37.88,37.885,37.88,37.885,304
2026-05-21 12:30:00,37.88,37.88,37.88,37.88,100
2026-05-21 12:35:00,37.89,37.89,37.87,37.87,700
2026-05-21 12:40:00,37.86,37.885,37.86,37.885,500
2026-05-21 12:45:00,37.88,37.88,37.82,37.88,1412
2026-05-21 12:55:00,37.88,37.88,37.88,37.88,1419
2026-05-21 13:00:00,37.885,37.885,37.885,37.885,1041
2026-05-21 13:05:00,37.86,37.86,37.86,37.86,100
2026-05-21 13:10:00,37.84,37.95,37.84,37.92,1700
2026-05-21 13:15:00,37.9314,38.06,37.9314,38.02,1742
2026-05-21 13:20:00,38.06,38.1,38.06,38.09,1000
2026-05-21 13:30:00,38.11,38.12,38.1,38.12,1200
2026-05-21 13:40:00,38.15,38.16,38.14,38.16,1340
2026-05-21 13:45:00,38.18,38.19,38.18,38.19,580
2026-05-21 13:50:00,38.18,38.22,38.18,38.21,729
2026-05-21 13:55:00,38.195,38.195,38.16,38.175,9177
2026-05-21 14:05:00,38.18,38.2099,38.18,38.2099,833
2026-05-21 14:10:00,38.22,38.22,38.22,38.22,100
2026-05-21 14:25:00,38.3,38.3,38.3,38.3,219
2026-05-21 14:30:00,38.3422,38.3422,38.3422,38.3422,547
2026-05-21 14:35:00,38.31,38.31,38.27,38.27,600
2026-05-21 14:40:00,38.34,38.34,38.34,38.34,491
2026-05-21 14:45:00,38.235,38.31,38.235,38.29,14887
2026-05-21 14:50:00,38.295,38.33,38.2,38.21,15430
2026-05-21 15:00:00,38.24,38.24,38.24,38.24,102
2026-05-21 15:05:00,38.245,38.28,38.24,38.28,3009
2026-05-21 15:10:00,38.255,38.285,38.255,38.285,1220
2026-05-21 15:15:00,38.3,38.3,38.29,38.29,1420
2026-05-21 15:20:00,38.305,38.305,38.26,38.3,1764
2026-05-21 15:25:00,38.31,38.31,38.31,38.31,165
2026-05-21 15:30:00,38.255,38.255,38.255,38.255,163
2026-05-21 15:40:00,38.28,38.28,38.28,38.28,500
2026-05-21 15:45:00,38.265,38.28,38.265,38.28,1892
2026-05-21 15:50:00,38.23,38.27,38.22,38.23,1000
2026-05-21 15:55:00,38.245,38.27,38.2,38.27,1795
2026-05-21 16:00:00,38.3,38.3,38.3,38.3,429
2026-05-22 09:30:00,38.4,38.4,38.361,38.37,3158
2026-05-22 09:35:00,38.38,38.38,38.34,38.34,1037
2026-05-22 09:40:00,38.33,38.35,38.24,38.3,2115
2026-05-22 09:45:00,38.345,38.4,38.345,38.39,1478
2026-05-22 09:50:00,38.45,38.45,38.45,38.45,700
2026-05-22 09:55:00,38.54,38.54,38.5,38.5,3475
2026-05-22 10:00:00,38.57,38.57,38.44,38.47,2975
2026-05-22 10:05:00,38.4534,38.4534,38.4534,38.4534,200
2026-05-22 10:10:00,38.4314,38.4314,38.3816,38.3816,1747
2026-05-22 10:15:00,38.34,38.4,38.33,38.34,3403
2026-05-22 10:20:00,38.33,38.37,38.27,38.31,4757
2026-05-22 10:25:00,38.37,38.37,38.32,38.35,1615
2026-05-22 10:30:00,38.33,38.3301,38.33,38.3301,402
2026-05-22 10:35:00,38.4057,38.4057,38.4057,38.4057,500
2026-05-22 10:40:00,38.39,38.42,38.39,38.42,925
2026-05-22 10:45:00,38.42,38.42,38.42,38.42,200
2026-05-22 10:55:00,38.44,38.44,38.44,38.44,100
2026-05-22 11:00:00,38.4401,38.4401,38.4401,38.4401,212
2026-05-22 11:05:00,38.4158,38.4158,38.355,38.355,358
2026-05-22 11:10:00,38.35,38.35,38.3,38.35,597
2026-05-22 11:15:00,38.35,38.35,38.35,38.35,200
2026-05-22 11:20:00,38.37,38.4,38.35,38.35,8437
2026-05-22 11:25:00,38.41,38.42,38.31,38.42,2302
2026-05-22 11:30:00,38.405,38.44,38.405,38.415,2145
2026-05-22 11:35:00,38.36,38.43,38.36,38.43,2162
2026-05-22 11:40:00,38.42,38.44,38.42,38.44,2693
2026-05-22 11:45:00,38.43,38.43,38.43,38.43,860
2026-05-22 11:50:00,38.4625,38.4625,38.385,38.45,1302
2026-05-22 11:55:00,38.44,38.46,38.44,38.46,309
2026-05-22 12:00:00,38.435,38.435,38.435,38.435,131
2026-05-22 12:05:00,38.315,38.435,38.315,38.43,3404
2026-05-22 12:15:00,38.44,38.45,38.415,38.42,1800
2026-05-22 12:20:00,38.43,38.45,38.43,38.45,724
2026-05-22 12:25:00,38.4499,38.46,38.4499,38.46,620
2026-05-22 12:30:00,38.43,38.43,38.43,38.43,109
2026-05-22 12:35:00,38.42,38.44,38.4001,38.4001,3647
2026-05-22 12:45:00,38.46,38.46,38.46,38.46,229
2026-05-22 12:50:00,38.46,38.46,38.46,38.46,135
2026-05-22 12:55:00,38.46,38.46,38.46,38.46,100
2026-05-22 13:05:00,38.465,38.48,38.46,38.46,1218
2026-05-22 13:10:00,38.4401,38.46,38.4401,38.454,2469
2026-05-22 13:15:00,38.465,38.465,38.37,38.39,883
2026-05-22 13:20:00,38.46,38.46,38.46,38.46,182
2026-05-22 13:25:00,38.48,38.52,38.48,38.52,3945
2026-05-22 13:30:00,38.53,38.55,38.49,38.53,1214
2026-05-22 13:35:00,38.55,38.55,38.55,38.55,500
2026-05-22 13:40:00,38.56,38.585,38.53,38.53,3158
2026-05-22 13:45:00,38.5445,38.5445,38.535,38.535,648
2026-05-22 13:50:00,38.5201,38.55,38.5201,38.53,1087
2026-05-22 13:55:00,38.53,38.56,38.53,38.5401,4335
2026-05-22 14:00:00,38.54,38.74,38.52,38.74,5602
2026-05-22 14:05:00,38.53,38.53,38.53,38.53,200
2026-05-22 14:10:00,38.51,38.53,38.51,38.53,300
2026-05-22 14:15:00,38.53,38.56,38.53,38.56,1475
2026-05-22 14:20:00,38.57,38.61,38.57,38.6,1261
2026-05-22 14:25:00,38.55,38.55,38.55,38.55,100
2026-05-22 14:30:00,38.57,38.57,38.56,38.56,200
2026-05-22 14:35:00,38.58,38.61,38.57,38.57,3894
2026-05-22 14:40:00,38.58,38.59,38.55,38.58,5050
2026-05-22 14:45:00,38.58,38.58,38.57,38.58,1152
2026-05-22 14:50:00,38.57,38.585,38.57,38.57,792
2026-05-22 14:55:00,38.59,38.6,38.59,38.6,400
2026-05-22 15:00:00,38.5,38.505,38.47,38.47,500
2026-05-22 15:10:00,38.565,38.59,38.565,38.57,2006
2026-05-22 15:15:00,38.595,38.595,38.595,38.595,120
2026-05-22 15:20:00,38.57,38.59,38.57,38.57,4184
2026-05-22 15:25:00,38.56,38.5705,38.54,38.5705,1594
2026-05-22 15:30:00,38.52,38.55,38.52,38.53,650
2026-05-22 15:35:00,38.58,38.59,38.58,38.59,1472
2026-05-22 15:40:00,38.52,38.53,38.52,38.53,325
2026-05-22 15:45:00,38.535,38.535,38.5104,38.5104,1248
2026-05-22 15:50:00,38.4301,38.51,38.4301,38.48,463
2026-05-22 15:55:00,38.515,38.57,38.515,38.55,3214
2026-05-22 16:00:00,38.49,38.49,38.49,38.49,313