2026-04-07 09:30:00,40.57,40.57,40.57,40.57,1419
2026-04-07 09:40:00,40.5,40.5,40.5,40.5,100
2026-04-07 10:00:00,40.37,40.39,40.31,40.31,785
2026-04-07 10:30:00,40.38,40.38,40.38,40.38,243
2026-04-07 10:45:00,40.39,40.5,40.39,40.5,350
2026-04-07 10:50:00,40.43,40.43,40.43,40.43,279
2026-04-07 11:05:00,40.1201,40.1201,40.1201,40.1201,2054
2026-04-07 11:25:00,40.22,40.25,40.2042,40.25,1062
2026-04-07 11:30:00,40.28,40.28,40.28,40.28,235
2026-04-07 11:50:00,40.2881,40.2881,40.2881,40.2881,188
2026-04-07 12:00:00,40.5183,40.5183,40.5183,40.5183,140
2026-04-07 12:10:00,40.44,40.44,40.44,40.44,1292
2026-04-07 12:20:00,40.45,40.45,40.4,40.4,508
2026-04-07 12:40:00,40.44,40.44,40.4018,40.4018,1000
2026-04-07 12:45:00,40.4398,40.4398,40.4398,40.4398,205
2026-04-07 13:35:00,40.55,40.55,40.55,40.55,100
2026-04-07 14:05:00,40.4602,40.4602,40.4602,40.4602,675
2026-04-07 14:40:00,40.46,40.46,40.46,40.46,100
2026-04-07 14:50:00,40.43,40.43,40.43,40.43,116
2026-04-07 15:05:00,40.4349,40.4349,40.395,40.395,623
2026-04-07 15:10:00,40.4691,40.4691,40.4691,40.4691,720
2026-04-07 15:15:00,40.4251,40.4251,40.4251,40.4251,158
2026-04-07 15:20:00,40.62,40.625,40.58,40.591,9346
2026-04-07 15:25:00,40.59,40.59,40.59,40.59,100
2026-04-07 15:35:00,40.59,40.6117,40.585,40.585,1500
2026-04-07 15:45:00,40.51,41.77,40.14,41.36,19208
2026-04-07 15:50:00,40.585,40.585,40.585,40.585,100
2026-04-07 16:00:00,40.8,40.91,40.8,40.83,1104
2026-04-07 17:00:00,40.7,40.7,40.69,40.7,1899
2026-04-08 09:30:00,43.01,43.01,42.85,42.85,1642
2026-04-08 09:35:00,42.915,42.97,42.915,42.915,735
2026-04-08 09:40:00,42.84,42.84,42.8,42.8,1600
2026-04-08 09:45:00,42.85,42.9726,42.85,42.97,700
2026-04-08 10:00:00,42.92,42.92,42.92,42.92,100
2026-04-08 10:10:00,42.885,42.885,42.885,42.885,504
2026-04-08 10:30:00,42.765,42.765,42.765,42.765,115
2026-04-08 11:10:00,42.6989,42.6989,42.6989,42.6989,164
2026-04-08 11:35:00,42.76,42.76,42.755,42.755,300
2026-04-08 11:40:00,42.76,42.76,42.76,42.76,225
2026-04-08 11:45:00,42.8,42.8,42.8,42.8,100
2026-04-08 12:05:00,42.8,42.8,42.8,42.8,127
2026-04-08 12:20:00,42.8,42.8,42.78,42.78,200
2026-04-08 12:45:00,42.8,42.8,42.8,42.8,100
2026-04-08 12:50:00,42.8364,42.84,42.8364,42.84,438
2026-04-08 13:00:00,42.825,42.825,42.825,42.825,200
2026-04-08 13:15:00,42.82,42.82,42.82,42.82,104
2026-04-08 13:20:00,42.81,42.81,42.81,42.81,949
2026-04-08 13:25:00,42.8,42.8,42.77,42.77,300
2026-04-08 13:30:00,42.7301,42.775,42.7301,42.775,1557
2026-04-08 13:35:00,42.775,42.775,42.77,42.77,2156
2026-04-08 13:40:00,42.76,42.76,42.76,42.76,200
2026-04-08 14:15:00,42.6907,42.6907,42.6907,42.6907,105
2026-04-08 14:20:00,42.79,42.79,42.715,42.715,200
2026-04-08 14:35:00,42.72,42.74,42.72,42.74,395
2026-04-08 15:05:00,42.47,42.47,42.47,42.47,182
2026-04-08 15:10:00,42.555,42.555,42.555,42.555,240
2026-04-08 15:35:00,42.6424,42.6424,42.6424,42.6424,145
2026-04-08 15:45:00,42.651,42.651,42.651,42.651,440
2026-04-08 15:50:00,42.68,42.73,42.68,42.73,517
2026-04-08 15:55:00,42.81,42.81,42.81,42.81,100
2026-04-08 16:00:00,42.785,42.84,42.68,42.84,640
2026-04-09 09:30:00,42.43,42.43,42.43,42.43,1258
2026-04-09 09:35:00,42.495,42.495,42.495,42.495,200
2026-04-09 09:50:00,42.39,42.39,42.39,42.39,200
2026-04-09 09:55:00,42.49,42.49,42.49,42.49,182
2026-04-09 10:25:00,42.3,42.3,42.3,42.3,200
2026-04-09 10:50:00,42.36,42.36,42.36,42.36,100
2026-04-09 11:00:00,42.33,42.33,42.33,42.33,200
2026-04-09 11:25:00,42.45,42.46,42.45,42.46,200
2026-04-09 11:35:00,42.605,42.605,42.56,42.56,300
2026-04-09 11:50:00,42.6464,42.6464,42.6464,42.6464,201
2026-04-09 12:15:00,42.78,42.78,42.78,42.78,836
2026-04-09 13:10:00,42.715,42.715,42.715,42.715,1870
2026-04-09 13:15:00,42.75,42.75,42.75,42.75,900
2026-04-09 13:20:00,42.75,42.75,42.75,42.75,100
2026-04-09 13:25:00,42.73,42.73,42.73,42.73,100
2026-04-09 13:35:00,42.75,42.75,42.75,42.75,335
2026-04-09 13:55:00,42.76,42.76,42.71,42.73,6540
2026-04-09 14:00:00,42.7,42.7,42.7,42.7,100
2026-04-09 14:25:00,42.6078,42.6078,42.6078,42.6078,465
2026-04-09 15:00:00,42.6135,42.6135,42.6135,42.6135,132
2026-04-09 15:05:00,42.66,42.66,42.66,42.66,797
2026-04-09 15:25:00,42.68,42.72,42.6401,42.6401,2668
2026-04-09 15:30:00,42.6901,42.6901,42.6901,42.6901,211
2026-04-09 15:45:00,42.72,42.72,42.72,42.72,100
2026-04-09 15:55:00,42.64,42.64,42.64,42.64,100
2026-04-10 09:30:00,43.22,43.22,43.205,43.205,1259
2026-04-10 09:35:00,43.1496,43.1496,43.1496,43.1496,638
2026-04-10 09:55:00,43.105,43.105,43.105,43.105,200
2026-04-10 10:40:00,43.21,43.21,43.21,43.21,100
2026-04-10 11:10:00,43.135,43.135,43.135,43.135,609
2026-04-10 11:25:00,43.14,43.14,43.0905,43.0905,5315
2026-04-10 11:30:00,43.06,43.06,43.06,43.06,300
2026-04-10 12:10:00,42.975,42.975,42.975,42.975,118
2026-04-10 12:25:00,42.985,42.985,42.985,42.985,315
2026-04-10 12:30:00,42.9792,42.9792,42.92,42.92,1784
2026-04-10 13:50:00,42.95,42.95,42.95,42.95,240
2026-04-10 14:05:00,42.97,42.97,42.97,42.97,100
2026-04-10 14:20:00,42.97,42.97,42.97,42.97,8763
2026-04-10 15:25:00,43.015,43.015,43.015,43.015,378
2026-04-10 15:40:00,42.94,42.94,42.94,42.94,500
2026-04-10 15:50:00,43.02,43.02,43.02,43.02,100
2026-04-10 15:55:00,42.995,42.995,42.995,42.995,151
2026-04-10 16:00:00,42.94,42.94,42.94,42.94,100
2026-04-13 09:30:00,42.66,42.66,42.66,42.66,9367
2026-04-13 09:35:00,42.635,42.6493,42.635,42.635,1000
2026-04-13 09:40:00,42.635,42.635,42.635,42.635,382
2026-04-13 09:50:00,42.8,42.8,42.8,42.8,3600
2026-04-13 10:00:00,42.86,42.86,42.83,42.83,200
2026-04-13 10:20:00,42.86,42.86,42.86,42.86,615
2026-04-13 10:40:00,42.99,42.99,42.99,42.99,243
2026-04-13 11:00:00,42.97,42.97,42.97,42.97,100
2026-04-13 11:05:00,42.94,42.94,42.94,42.94,235
2026-04-13 11:15:00,42.975,42.975,42.975,42.975,100
2026-04-13 11:50:00,42.9342,42.9342,42.9342,42.9342,705
2026-04-13 11:55:00,42.91,42.91,42.91,42.91,3100
2026-04-13 12:05:00,42.95,42.95,42.95,42.95,200
2026-04-13 12:35:00,43.05,43.05,43.05,43.05,103
2026-04-13 12:50:00,43.1388,43.1388,43.1388,43.1388,101
2026-04-13 13:00:00,43.17,43.17,43.17,43.17,154
2026-04-13 13:45:00,43.165,43.165,43.13,43.1415,708
2026-04-13 13:50:00,43.13,43.13,43.13,43.13,400
2026-04-13 14:05:00,43.1599,43.1599,43.1201,43.1201,928
2026-04-13 14:15:00,43.17,43.17,43.17,43.17,843
2026-04-13 14:20:00,43.12,43.12,43.12,43.12,121
2026-04-13 14:25:00,43.17,43.17,43.17,43.17,690
2026-04-13 14:40:00,43.165,43.165,43.165,43.165,1851
2026-04-13 14:55:00,43.16,43.16,43.16,43.16,115
2026-04-13 15:10:00,43.2292,43.2292,43.2292,43.2292,2287
2026-04-13 15:15:00,43.22,43.22,43.22,43.22,100
2026-04-13 15:20:00,43.215,43.215,43.215,43.215,2168
2026-04-13 15:30:00,43.31,43.31,43.31,43.31,122
2026-04-13 15:35:00,43.245,43.245,43.245,43.245,545
2026-04-13 16:00:00,43.19,43.35,43.18,43.35,413
2026-04-14 09:30:00,43.79,43.79,43.79,43.79,773
2026-04-14 09:45:00,43.75,43.75,43.75,43.75,100
2026-04-14 10:00:00,43.7766,43.7766,43.7766,43.7766,136
2026-04-14 10:10:00,43.81,43.81,43.81,43.81,100
2026-04-14 10:25:00,43.875,43.875,43.875,43.875,455
2026-04-14 10:55:00,43.9409,43.9409,43.9,43.9,458
2026-04-14 11:00:00,43.94,43.94,43.86,43.86,433
2026-04-14 11:05:00,43.905,43.905,43.84,43.84,660
2026-04-14 11:10:00,43.88,43.88,43.88,43.88,200
2026-04-14 11:25:00,43.88,43.9223,43.88,43.9223,1240
2026-04-14 12:05:00,43.87,43.87,43.86,43.86,651
2026-04-14 12:15:00,43.86,43.86,43.86,43.86,100
2026-04-14 13:05:00,43.8933,43.8933,43.84,43.885,493
2026-04-14 13:20:00,43.8601,43.9,43.8601,43.9,1395
2026-04-14 13:50:00,43.9,43.935,43.9,43.935,529
2026-04-14 14:00:00,43.9,43.9,43.9,43.9,200
2026-04-14 14:15:00,43.89,43.89,43.89,43.89,100
2026-04-14 14:20:00,43.9,43.9,43.83,43.84,4315
2026-04-14 14:30:00,43.875,43.875,43.875,43.875,1385
2026-04-14 14:35:00,43.875,43.875,43.8201,43.83,1376
2026-04-14 15:20:00,43.99,43.99,43.89,43.89,712
2026-04-14 15:25:00,43.99,44,43.9,44,65389
2026-04-14 15:30:00,43.945,43.945,43.945,43.945,287
2026-04-14 15:45:00,43.9005,43.9005,43.87,43.87,214
2026-04-14 15:50:00,43.9476,43.9476,43.89,43.9,1301
2026-04-14 15:55:00,43.8883,43.93,43.86,43.89,586
2026-04-14 16:00:00,43.89,43.89,43.89,43.89,100
2026-04-15 09:30:00,43.81,43.81,43.81,43.81,8489
2026-04-15 09:35:00,43.66,43.66,43.65,43.65,200
2026-04-15 09:40:00,43.65,43.65,43.65,43.65,100
2026-04-15 09:50:00,43.67,43.67,43.61,43.61,456
2026-04-15 10:00:00,43.69,43.765,43.65,43.65,300
2026-04-15 10:05:00,43.7,43.7,43.66,43.66,200
2026-04-15 10:30:00,43.76,43.76,43.76,43.76,100
2026-04-15 10:40:00,43.72,43.72,43.67,43.715,400
2026-04-15 10:55:00,43.75,43.75,43.75,43.75,104
2026-04-15 11:10:00,43.745,43.745,43.7,43.7,200
2026-04-15 11:20:00,43.79,43.79,43.79,43.79,100
2026-04-15 11:35:00,43.7755,43.7755,43.73,43.73,412
2026-04-15 11:45:00,43.795,43.795,43.76,43.76,374
2026-04-15 12:05:00,43.7252,43.7252,43.7252,43.7252,226
2026-04-15 12:10:00,43.754,43.754,43.754,43.754,420
2026-04-15 12:15:00,43.76,43.76,43.72,43.72,200
2026-04-15 12:55:00,43.64,43.64,43.64,43.64,100
2026-04-15 13:00:00,43.6657,43.6869,43.64,43.64,848
2026-04-15 13:30:00,43.71,43.71,43.67,43.67,200
2026-04-15 13:45:00,43.69,43.69,43.66,43.66,261
2026-04-15 14:40:00,43.82,43.82,43.74,43.74,514
2026-04-15 14:50:00,43.79,43.79,43.79,43.79,100
2026-04-15 15:05:00,43.78,43.78,43.78,43.78,100
2026-04-15 15:10:00,43.7719,43.7719,43.7719,43.7719,128
2026-04-15 15:20:00,43.9,43.9,43.79,43.79,1201
2026-04-15 15:35:00,43.81,43.91,43.81,43.91,445
2026-04-15 15:40:00,43.81,43.81,43.81,43.81,100
2026-04-15 15:45:00,43.87,43.87,43.84,43.84,285
2026-04-15 15:50:00,43.88,43.88,43.82,43.82,218
2026-04-15 16:00:00,43.8,44.01,43.78,44.01,864
2026-04-16 09:30:00,44.1,44.1,44.1,44.1,1221
2026-04-16 09:35:00,43.94,43.94,43.94,43.94,200
2026-04-16 09:40:00,44.0083,44.01,43.84,43.84,412
2026-04-16 09:45:00,43.89,43.89,43.875,43.875,439
2026-04-16 09:50:00,43.84,43.84,43.71,43.71,647
2026-04-16 09:55:00,43.7196,43.7196,43.67,43.67,205
2026-04-16 10:05:00,43.7796,43.7796,43.7796,43.7796,120
2026-04-16 10:15:00,43.88,43.88,43.78,43.78,220
2026-04-16 10:45:00,43.79,43.79,43.77,43.77,400
2026-04-16 11:05:00,43.81,43.81,43.81,43.81,113
2026-04-16 11:25:00,43.834,43.91,43.83,43.91,400
2026-04-16 11:30:00,43.8,43.8231,43.8,43.8,353
2026-04-16 11:35:00,43.9,43.9,43.9,43.9,100
2026-04-16 11:40:00,43.86,43.86,43.86,43.86,100
2026-04-16 11:50:00,43.82,43.82,43.82,43.82,500
2026-04-16 12:10:00,43.85,43.85,43.85,43.85,400
2026-04-16 12:15:00,43.9,43.9,43.86,43.86,277
2026-04-16 12:25:00,43.885,43.885,43.85,43.85,731
2026-04-16 12:30:00,43.81,43.85,43.7,43.7,1898
2026-04-16 12:35:00,43.785,43.785,43.75,43.75,200
2026-04-16 12:50:00,43.785,43.785,43.75,43.75,485
2026-04-16 12:55:00,43.75,43.75,43.75,43.75,300
2026-04-16 13:00:00,43.75,43.75,43.75,43.75,300
2026-04-16 13:10:00,43.7,43.71,43.7,43.71,421
2026-04-16 13:15:00,43.7,43.71,43.66,43.66,300
2026-04-16 13:20:00,43.6465,43.6465,43.6465,43.6465,100
2026-04-16 13:25:00,43.7,43.7,43.7,43.7,100
2026-04-16 13:30:00,43.716,43.73,43.716,43.73,200
2026-04-16 13:35:00,43.71,43.71,43.71,43.71,500
2026-04-16 13:40:00,43.71,43.72,43.71,43.72,355
2026-04-16 14:05:00,43.7362,43.7362,43.7362,43.7362,759
2026-04-16 14:25:00,43.75,43.77,43.65,43.66,4792
2026-04-16 14:40:00,43.735,43.735,43.6801,43.6801,3015
2026-04-16 14:45:00,43.745,43.745,43.68,43.68,280
2026-04-16 14:55:00,43.69,43.69,43.69,43.69,100
2026-04-16 15:15:00,43.78,43.78,43.74,43.74,250
2026-04-16 15:55:00,43.71,43.82,43.64,43.82,409
2026-04-16 16:00:00,43.89,43.89,43.89,43.89,235
2026-04-17 09:30:00,44.65,44.65,44.55,44.55,1107
2026-04-17 09:35:00,44.585,44.585,44.585,44.585,200
2026-04-17 10:20:00,44.74,44.74,44.74,44.74,100
2026-04-17 10:25:00,44.8399,44.8399,44.74,44.74,200
2026-04-17 11:25:00,44.625,44.625,44.5824,44.5824,1248
2026-04-17 11:30:00,44.66,44.66,44.653,44.66,300
2026-04-17 11:40:00,44.665,44.665,44.665,44.665,200
2026-04-17 12:10:00,44.6685,44.6685,44.6685,44.6685,103
2026-04-17 12:30:00,44.645,44.6753,44.645,44.6753,236
2026-04-17 12:35:00,44.64,44.64,44.64,44.64,450
2026-04-17 12:45:00,44.66,44.66,44.66,44.66,789
2026-04-17 13:35:00,44.475,44.475,44.475,44.475,100
2026-04-17 13:50:00,44.51,44.51,44.4701,44.4701,1577
2026-04-17 14:05:00,44.5199,44.5199,44.5199,44.5199,682
2026-04-17 14:25:00,44.495,44.495,44.495,44.495,100
2026-04-17 14:35:00,44.525,44.525,44.5031,44.5031,482
2026-04-17 14:50:00,44.44,44.465,44.44,44.465,300
2026-04-17 15:35:00,44.48,44.48,44.47,44.47,549
2026-04-17 15:45:00,44.475,44.475,44.475,44.475,300
2026-04-17 15:55:00,44.495,44.495,44.495,44.495,150
2026-04-20 09:30:00,44.24,44.24,44.22,44.22,393
2026-04-20 09:35:00,44.23,44.23,44.23,44.23,200
2026-04-20 09:55:00,44.2675,44.273,44.24,44.273,327
2026-04-20 10:00:00,44.23,44.23,44.205,44.205,548
2026-04-20 10:05:00,44.22,44.22,44.2,44.2,700
2026-04-20 10:10:00,44.225,44.225,44.225,44.225,222
2026-04-20 10:25:00,44.25,44.25,44.23,44.23,300
2026-04-20 10:45:00,44.19,44.19,44.17,44.17,300
2026-04-20 11:00:00,44.1,44.1,44.1,44.1,100
2026-04-20 11:05:00,44.12,44.12,44.12,44.12,1019
2026-04-20 11:10:00,44.115,44.115,44.115,44.115,1123
2026-04-20 11:50:00,44.1716,44.19,44.1716,44.19,258
2026-04-20 12:00:00,44.19,44.19,44.17,44.17,959
2026-04-20 12:10:00,44.19,44.19,44.19,44.19,137
2026-04-20 12:30:00,44.245,44.245,44.245,44.245,1125
2026-04-20 12:35:00,44.2408,44.2408,44.18,44.18,200
2026-04-20 13:05:00,44.235,44.2785,44.235,44.2785,616
2026-04-20 13:15:00,44.26,44.28,44.23,44.23,900
2026-04-20 13:20:00,44.2799,44.2799,44.2799,44.2799,2740
2026-04-20 13:25:00,44.2686,44.2686,44.2001,44.21,620
2026-04-20 13:30:00,44.26,44.26,44.26,44.26,2926
2026-04-20 13:50:00,44.2421,44.2421,44.24,44.24,679
2026-04-20 14:10:00,44.305,44.305,44.305,44.305,450
2026-04-20 14:20:00,44.32,44.32,44.32,44.32,206
2026-04-20 14:25:00,44.3,44.3,44.3,44.3,1240
2026-04-20 14:30:00,44.27,44.27,44.27,44.27,652
2026-04-20 14:35:00,44.27,44.27,44.27,44.27,100
2026-04-20 14:40:00,44.34,44.34,44.34,44.34,211
2026-04-20 15:05:00,44.359,44.359,44.29,44.29,450
2026-04-20 15:10:00,44.33,44.33,44.29,44.29,439
2026-04-20 15:15:00,44.33,44.33,44.29,44.3072,690
2026-04-20 15:20:00,44.3217,44.3217,44.3217,44.3217,550
2026-04-20 15:45:00,44.33,44.33,44.33,44.33,100
2026-04-20 15:55:00,44.28,44.32,44.2,44.2,3515
2026-04-20 16:00:00,44.2601,44.2601,44.2601,44.2601,3959
2026-04-21 09:30:00,44.14,44.14,44.14,44.14,1061
2026-04-21 09:40:00,44.07,44.07,44.07,44.07,300
2026-04-21 10:10:00,44.12,44.12,44.12,44.12,1410
2026-04-21 10:20:00,44.115,44.115,44.115,44.115,769
2026-04-21 10:30:00,44.05,44.06,44.05,44.06,260
2026-04-21 11:00:00,43.72,43.72,43.7,43.7,300
2026-04-21 11:10:00,43.84,43.84,43.84,43.84,1672
2026-04-21 11:15:00,43.8401,43.8401,43.8,43.8,211
2026-04-21 11:30:00,43.7768,43.7768,43.77,43.77,427
2026-04-21 11:35:00,43.7012,43.7012,43.7012,43.7012,500
2026-04-21 11:40:00,43.755,43.755,43.755,43.755,154
2026-04-21 11:45:00,43.77,43.77,43.77,43.77,100
2026-04-21 12:00:00,43.86,43.86,43.86,43.86,500
2026-04-21 12:05:00,43.87,43.87,43.87,43.87,200
2026-04-21 12:20:00,43.83,43.83,43.79,43.81,700
2026-04-21 12:35:00,43.84,43.84,43.82,43.82,300
2026-04-21 12:40:00,43.77,43.77,43.77,43.77,200
2026-04-21 13:00:00,43.76,43.76,43.74,43.74,300
2026-04-21 13:15:00,43.59,43.59,43.59,43.59,300
2026-04-21 13:20:00,43.57,43.6,43.57,43.6,2239
2026-04-21 13:25:00,43.58,43.61,43.56,43.6,933
2026-04-21 13:30:00,43.6212,43.6212,43.6212,43.6212,1800
2026-04-21 13:35:00,43.66,43.76,43.66,43.76,600
2026-04-21 13:40:00,43.78,43.78,43.72,43.74,867
2026-04-21 13:45:00,43.785,43.785,43.785,43.785,341
2026-04-21 13:50:00,43.785,43.785,43.71,43.71,437
2026-04-21 13:55:00,43.72,43.72,43.72,43.72,400
2026-04-21 14:15:00,43.6971,43.6971,43.6971,43.6971,317
2026-04-21 14:25:00,43.685,43.685,43.685,43.685,1131
2026-04-21 14:30:00,43.6604,43.6604,43.6604,43.6604,270
2026-04-21 14:35:00,43.68,43.68,43.66,43.66,300
2026-04-21 14:40:00,43.625,43.69,43.625,43.69,1033
2026-04-21 14:55:00,43.74,43.74,43.74,43.74,475
2026-04-21 15:00:00,43.75,43.75,43.75,43.75,289
2026-04-21 15:10:00,43.79,43.79,43.79,43.79,100
2026-04-21 15:15:00,43.75,43.75,43.73,43.73,400
2026-04-21 15:20:00,43.79,43.835,43.76,43.835,795
2026-04-21 15:30:00,43.84,43.84,43.84,43.84,250
2026-04-21 15:35:00,43.75,43.75,43.68,43.68,1000
2026-04-21 15:40:00,43.725,43.725,43.725,43.725,108
2026-04-21 15:45:00,43.46,43.49,43.46,43.49,694
2026-04-21 15:50:00,43.5,43.5101,43.46,43.46,858
2026-04-21 15:55:00,43.49,43.49,43.49,43.49,100
2026-04-22 09:30:00,43.76,43.76,43.76,43.76,325
2026-04-22 09:45:00,43.79,43.79,43.79,43.79,200
2026-04-22 09:50:00,43.67,43.67,43.67,43.67,122
2026-04-22 10:05:00,43.735,43.735,43.735,43.735,100
2026-04-22 10:10:00,43.6975,43.6975,43.6975,43.6975,208
2026-04-22 10:20:00,43.774,43.774,43.696,43.696,528
2026-04-22 10:30:00,43.74,43.74,43.74,43.74,100
2026-04-22 10:35:00,43.675,43.675,43.675,43.675,651
2026-04-22 11:35:00,43.655,43.655,43.655,43.655,121
2026-04-22 11:40:00,43.625,43.625,43.625,43.625,100
2026-04-22 13:25:00,43.753,43.753,43.753,43.753,476
2026-04-22 13:30:00,43.68,43.68,43.68,43.68,315
2026-04-22 13:50:00,43.78,43.78,43.745,43.745,745
2026-04-22 14:15:00,43.72,43.72,43.72,43.72,197
2026-04-22 14:45:00,43.77,43.77,43.77,43.77,115
2026-04-22 15:00:00,43.64,43.64,43.52,43.52,2500
2026-04-22 15:10:00,43.66,43.66,43.6014,43.6014,383
2026-04-22 15:35:00,43.665,43.665,43.665,43.665,129
2026-04-22 15:45:00,43.6895,43.6895,43.6895,43.6895,262
2026-04-22 15:55:00,43.8,43.8,43.8,43.8,100
2026-04-23 09:35:00,43.46,43.46,43.46,43.46,133
2026-04-23 09:40:00,43.485,43.485,43.485,43.485,157
2026-04-23 09:55:00,43.3767,43.3767,43.3767,43.3767,417
2026-04-23 10:10:00,43.36,43.4588,43.36,43.4588,5716
2026-04-23 10:35:00,43.58,43.58,43.58,43.58,126
2026-04-23 11:15:00,43.5,43.555,43.5,43.555,280
2026-04-23 11:20:00,43.5437,43.595,43.5437,43.595,2015
2026-04-23 12:25:00,43.4549,43.52,43.4549,43.52,259
2026-04-23 12:55:00,43.47,43.47,43.47,43.47,100
2026-04-23 13:00:00,43.39,43.39,43.32,43.32,300
2026-04-23 13:10:00,43.2126,43.2126,43.2126,43.2126,293
2026-04-23 13:45:00,42.8,42.905,42.8,42.85,1490
2026-04-23 14:50:00,43.14,43.14,43.14,43.14,1160
2026-04-23 15:25:00,43.125,43.125,43.125,43.125,2546
2026-04-23 15:35:00,43.02,43.02,43.02,43.02,100
2026-04-24 09:30:00,43.68,43.68,43.68,43.68,2077
2026-04-24 09:35:00,43.57,43.57,43.57,43.57,112
2026-04-24 10:00:00,43.55,43.55,43.55,43.55,100
2026-04-24 10:15:00,43.62,43.62,43.62,43.62,342
2026-04-24 11:05:00,43.62,43.62,43.62,43.62,230
2026-04-24 11:30:00,43.655,43.655,43.655,43.655,132
2026-04-24 11:40:00,43.56,43.76,43.56,43.76,200
2026-04-24 11:50:00,43.8095,43.8095,43.8095,43.8095,350
2026-04-24 12:30:00,43.81,43.81,43.81,43.81,100
2026-04-24 12:40:00,43.8009,43.8009,43.8009,43.8009,1415
2026-04-24 12:45:00,43.78,43.78,43.76,43.76,378
2026-04-24 13:00:00,43.83,43.83,43.83,43.83,119
2026-04-24 13:50:00,43.81,43.81,43.81,43.81,100
2026-04-24 14:10:00,43.8174,43.8174,43.8174,43.8174,183
2026-04-24 14:20:00,43.79,43.79,43.79,43.79,1466
2026-04-24 14:50:00,43.84,43.84,43.84,43.84,1399
2026-04-24 15:00:00,43.81,43.81,43.81,43.81,235
2026-04-24 15:10:00,43.78,43.7801,43.78,43.7801,976
2026-04-24 15:20:00,43.78,43.8149,43.78,43.8149,336
2026-04-24 15:45:00,43.84,43.84,43.84,43.84,131
2026-04-24 15:55:00,43.775,43.775,43.775,43.775,170
2026-04-24 16:00:00,43.84,43.84,43.84,43.84,216
2026-04-27 09:30:00,43.96,43.96,43.94,43.94,762
2026-04-27 09:35:00,43.97,43.97,43.97,43.97,100
2026-04-27 09:40:00,43.95,43.96,43.95,43.96,200
2026-04-27 10:25:00,43.8241,43.8241,43.8241,43.8241,544
2026-04-27 10:35:00,43.82,43.82,43.82,43.82,100
2026-04-27 10:40:00,43.75,43.75,43.75,43.75,527
2026-04-27 11:00:00,43.765,43.765,43.765,43.765,125
2026-04-27 11:05:00,43.7303,43.7303,43.67,43.67,781
2026-04-27 12:30:00,43.785,43.785,43.785,43.785,1057
2026-04-27 12:55:00,43.7158,43.7158,43.7158,43.7158,430
2026-04-27 13:20:00,43.72,43.72,43.72,43.72,114
2026-04-27 13:30:00,43.77,43.77,43.77,43.77,127
2026-04-27 13:45:00,43.77,43.77,43.7101,43.7101,1015
2026-04-27 14:05:00,43.7637,43.7637,43.7637,43.7637,135
2026-04-27 14:40:00,43.72,43.72,43.72,43.72,183
2026-04-27 14:50:00,43.7999,43.7999,43.7999,43.7999,458
2026-04-27 15:15:00,43.755,43.755,43.755,43.755,217
2026-04-27 15:25:00,43.77,43.77,43.7503,43.77,1076
2026-04-27 15:50:00,43.815,43.815,43.815,43.815,208
2026-04-27 15:55:00,43.83,43.8389,43.74,43.79,725
2026-04-28 09:30:00,43.13,43.16,43.13,43.16,1045
2026-04-28 09:35:00,43.19,43.19,43.19,43.19,300
2026-04-28 10:05:00,43.125,43.125,43.125,43.125,500
2026-04-28 10:10:00,43.0923,43.0923,43.0923,43.0923,216
2026-04-28 10:20:00,43.08,43.08,43.08,43.08,1000
2026-04-28 10:40:00,42.95,42.97,42.95,42.97,381
2026-04-28 10:55:00,42.94,42.94,42.94,42.94,200
2026-04-28 11:00:00,43.07,43.07,43.07,43.07,300
2026-04-28 11:45:00,43.01,43.0453,43.01,43.0453,1272
2026-04-28 11:50:00,42.97,42.97,42.97,42.97,1300
2026-04-28 12:00:00,43.05,43.06,43.0416,43.0416,2007
2026-04-28 12:05:00,43.1,43.1,43.1,43.1,400
2026-04-28 12:10:00,43.09,43.09,43.09,43.09,300
2026-04-28 12:15:00,43.0445,43.0445,43.01,43.01,490
2026-04-28 12:20:00,43.08,43.095,43.08,43.095,400
2026-04-28 12:25:00,43.06,43.06,43.06,43.06,278
2026-04-28 12:35:00,43.08,43.08,43.06,43.06,400
2026-04-28 12:50:00,43.07,43.07,43.07,43.07,200
2026-04-28 13:20:00,42.9876,42.9876,42.9876,42.9876,925
2026-04-28 13:30:00,43.05,43.05,43.05,43.05,734
2026-04-28 13:35:00,43.11,43.11,43.11,43.11,200
2026-04-28 13:45:00,43.0308,43.0308,43.0308,43.0308,618
2026-04-28 14:10:00,43.04,43.04,43.04,43.04,100
2026-04-28 14:35:00,43.08,43.08,43.08,43.08,105
2026-04-28 14:40:00,43.0559,43.0559,43.0559,43.0559,1042
2026-04-28 14:45:00,43.085,43.085,43.085,43.085,1215
2026-04-28 14:50:00,43.085,43.085,43.085,43.085,387
2026-04-28 15:05:00,43.16,43.16,43.16,43.16,150
2026-04-28 15:20:00,43.095,43.13,43.095,43.13,960
2026-04-28 15:30:00,43.105,43.105,43.105,43.105,335
2026-04-28 15:40:00,43.1,43.1,43.1,43.1,140
2026-04-28 15:55:00,43.105,43.105,43.105,43.105,100
2026-04-29 09:30:00,42.93,42.93,42.93,42.93,4049
2026-04-29 09:45:00,42.79,42.79,42.79,42.79,100
2026-04-29 09:55:00,42.87,42.8728,42.87,42.8728,347
2026-04-29 10:05:00,42.875,42.875,42.875,42.875,300
2026-04-29 10:40:00,42.99,42.99,42.99,42.99,128
2026-04-29 10:45:00,42.99,42.99,42.93,42.93,259
2026-04-29 12:05:00,42.8916,42.91,42.8916,42.91,670
2026-04-29 12:20:00,42.94,42.94,42.94,42.94,74598
2026-04-29 12:25:00,42.93,42.93,42.92,42.93,3678
2026-04-29 12:30:00,42.93,42.93,42.93,42.93,922
2026-04-29 13:10:00,42.75,42.75,42.75,42.75,290
2026-04-29 13:30:00,42.8896,42.8896,42.8896,42.8896,467
2026-04-29 13:55:00,42.885,42.885,42.885,42.885,300
2026-04-29 14:00:00,42.91,42.93,42.885,42.885,1300
2026-04-29 14:05:00,42.89,42.91,42.85,42.86,2600
2026-04-29 14:10:00,42.85,42.87,42.805,42.805,1700
2026-04-29 14:15:00,42.85,42.87,42.83,42.86,1400
2026-04-29 14:20:00,42.86,42.9,42.835,42.835,1500
2026-04-29 14:25:00,42.84,42.88,42.84,42.88,900
2026-04-29 14:30:00,42.83,42.88,42.825,42.825,2016
2026-04-29 14:35:00,42.95,42.95,42.835,42.9,5070
2026-04-29 14:40:00,42.87,42.89,42.785,42.785,2900
2026-04-29 14:45:00,42.795,42.86,42.795,42.86,1644
2026-04-29 14:50:00,42.87,42.93,42.87,42.93,2000
2026-04-29 14:55:00,42.79,42.95,42.78,42.89,9541
2026-04-29 15:00:00,42.915,42.915,42.915,42.915,1900
2026-04-29 15:05:00,42.91,42.91,42.91,42.91,1900
2026-04-29 15:10:00,42.98,42.98,42.97,42.97,1800
2026-04-29 15:15:00,42.985,42.985,42.985,42.985,1200
2026-04-29 15:20:00,42.985,43.06,42.985,42.985,1900
2026-04-29 15:25:00,42.985,43.03,42.97,42.97,1800
2026-04-29 15:30:00,42.925,42.925,42.91,42.91,2200
2026-04-29 15:35:00,42.92,42.92,42.92,42.92,700
2026-04-29 15:40:00,43.01,43.01,42.93,42.93,3100
2026-04-29 15:45:00,42.915,42.95,42.915,42.915,5800
2026-04-29 15:50:00,42.92,42.9676,42.91,42.93,15679
2026-04-29 15:55:00,42.93,42.965,42.87,42.96,11344
2026-04-30 09:30:00,43.43,43.47,43.37,43.47,1291
2026-04-30 09:45:00,43.39,43.39,43.39,43.39,1044
2026-04-30 09:50:00,43.4,43.4,43.38,43.38,300
2026-04-30 09:55:00,43.39,43.39,43.35,43.35,347
2026-04-30 10:00:00,43.37,43.4,43.37,43.4,200
2026-04-30 10:05:00,43.4,43.4,43.34,43.34,204
2026-04-30 10:15:00,43.42,43.42,43.42,43.42,100
2026-04-30 10:20:00,43.47,43.51,43.47,43.51,300
2026-04-30 10:30:00,43.56,43.6,43.54,43.54,3041
2026-04-30 10:35:00,43.52,43.52,43.52,43.52,100
2026-04-30 10:45:00,43.59,43.59,43.59,43.59,228
2026-04-30 11:00:00,43.72,43.72,43.72,43.72,100
2026-04-30 11:20:00,43.82,43.82,43.72,43.755,535
2026-04-30 11:35:00,43.8108,43.8108,43.8108,43.8108,994
2026-04-30 11:40:00,43.76,43.76,43.76,43.76,100
2026-04-30 11:45:00,43.725,43.74,43.725,43.74,200
2026-04-30 12:00:00,43.75,43.81,43.75,43.81,24818
2026-04-30 12:05:00,43.8,43.8,43.8,43.8,364
2026-04-30 13:25:00,43.8582,43.8582,43.8582,43.8582,252
2026-04-30 13:30:00,43.91,43.91,43.88,43.88,1786
2026-04-30 13:35:00,43.89,43.97,43.89,43.97,719
2026-04-30 13:40:00,43.895,43.895,43.895,43.895,100
2026-04-30 14:00:00,43.95,43.97,43.95,43.97,1400
2026-04-30 14:05:00,43.97,43.97,43.97,43.97,100
2026-04-30 14:45:00,44.025,44.06,44,44.06,712
2026-04-30 14:50:00,44.025,44.06,44.025,44.06,441
2026-04-30 15:10:00,44.14,44.14,44.14,44.14,5693
2026-04-30 15:15:00,44.07,44.07,44.07,44.07,200
2026-04-30 15:25:00,44.14,44.14,44.05,44.05,474
2026-04-30 15:30:00,44.09,44.09,44.08,44.08,372
2026-04-30 15:35:00,44.14,44.14,44.06,44.06,395
2026-04-30 15:40:00,44.05,44.05,44.05,44.05,100
2026-04-30 15:45:00,44.05,44.05,44.05,44.05,100
2026-04-30 15:50:00,44.05,44.06,44.04,44.06,699
2026-04-30 15:55:00,44.06,44.06,44.01,44.01,600
2026-04-30 16:00:00,44.08,44.08,44.08,44.08,348
2026-05-01 09:30:00,43.95,43.95,43.95,43.95,133
2026-05-01 09:45:00,44.1597,44.1597,44.0995,44.0995,1814
2026-05-01 10:00:00,44.26,44.26,44.26,44.26,150
2026-05-01 10:35:00,44.14,44.1709,44.14,44.1709,404
2026-05-01 10:40:00,44.15,44.16,44.15,44.16,200
2026-05-01 10:50:00,44.14,44.14,44.14,44.14,15104
2026-05-01 10:55:00,44.1,44.1,44.1,44.1,263
2026-05-01 11:20:00,44.11,44.11,44.11,44.11,100
2026-05-01 11:25:00,44.11,44.12,44.09,44.11,1300
2026-05-01 11:30:00,44.14,44.14,44.14,44.14,200
2026-05-01 11:35:00,44.16,44.16,44.16,44.16,209
2026-05-01 11:45:00,44.19,44.19,44.19,44.19,100
2026-05-01 11:50:00,44.15,44.15,44.09,44.09,3337
2026-05-01 12:00:00,44.1,44.1,44.09,44.09,500
2026-05-01 12:10:00,44.07,44.1099,44.07,44.1099,364
2026-05-01 12:15:00,44.1099,44.1099,44.05,44.05,566
2026-05-01 12:25:00,43.9701,43.98,43.97,43.98,740
2026-05-01 12:35:00,43.99,43.99,43.99,43.99,27750
2026-05-01 12:40:00,43.97,43.98,43.97,43.98,513
2026-05-01 12:45:00,43.94,43.94,43.93,43.93,627
2026-05-01 12:50:00,43.95,43.95,43.95,43.95,100
2026-05-01 12:55:00,43.96,44.08,43.95,44.08,529
2026-05-01 13:00:00,44.02,44.02,44.02,44.02,152
2026-05-01 13:10:00,44.02,44.09,43.9501,44.02,2803
2026-05-01 13:15:00,44.02,44.02,44.02,44.02,200
2026-05-01 13:25:00,44.035,44.035,44.035,44.035,100
2026-05-01 13:30:00,43.9801,44.09,43.9801,44.035,1489
2026-05-01 13:35:00,44.03,44.03,44.03,44.03,100
2026-05-01 13:40:00,44.04,44.09,43.9901,44.035,5101
2026-05-01 13:45:00,44.035,44.035,44.035,44.035,200
2026-05-01 13:55:00,44.045,44.045,44.045,44.045,200
2026-05-01 14:00:00,44.045,44.045,44.045,44.045,100
2026-05-01 14:20:00,43.93,43.93,43.93,43.93,100
2026-05-01 14:35:00,43.92,43.92,43.92,43.92,148
2026-05-01 14:40:00,43.995,43.995,43.995,43.995,280
2026-05-01 15:15:00,44.02,44.02,43.97,44.02,1447
2026-05-01 15:25:00,44.035,44.035,44.035,44.035,100
2026-05-01 15:45:00,44.0699,44.0699,44.0699,44.0699,455
2026-05-01 15:50:00,43.995,43.995,43.995,43.995,1475
2026-05-01 15:55:00,43.945,44.04,43.945,44.04,400
2026-05-04 09:30:00,43.93,43.93,43.93,43.93,687
2026-05-04 09:35:00,43.8501,43.8501,43.8501,43.8501,412
2026-05-04 09:45:00,44.02,44.02,44.02,44.02,730
2026-05-04 09:50:00,43.9,43.9,43.9,43.9,100
2026-05-04 10:20:00,44.02,44.02,44.01,44.01,200
2026-05-04 10:30:00,44.02,44.02,44.02,44.02,434
2026-05-04 10:35:00,43.98,43.98,43.97,43.97,200
2026-05-04 10:45:00,44.005,44.005,43.95,43.95,200
2026-05-04 10:50:00,43.995,43.995,43.995,43.995,100
2026-05-04 10:55:00,43.97,43.97,43.97,43.97,100
2026-05-04 11:05:00,43.86,43.86,43.83,43.83,200
2026-05-04 11:10:00,43.8991,43.8991,43.8991,43.8991,269
2026-05-04 11:30:00,43.66,43.66,43.66,43.66,100
2026-05-04 11:35:00,43.61,43.61,43.61,43.61,100
2026-05-04 11:40:00,43.63,43.63,43.63,43.63,100
2026-05-04 11:55:00,43.61,43.61,43.61,43.61,100
2026-05-04 12:00:00,43.55,43.55,43.5403,43.5418,376
2026-05-04 12:15:00,43.52,43.54,43.52,43.54,300
2026-05-04 12:35:00,43.52,43.52,43.52,43.52,120
2026-05-04 12:55:00,43.58,43.59,43.47,43.59,3614
2026-05-04 13:15:00,43.61,43.61,43.61,43.61,315
2026-05-04 13:35:00,43.66,43.66,43.66,43.66,100
2026-05-04 13:55:00,43.7187,43.7187,43.7187,43.7187,258
2026-05-04 14:10:00,43.7199,43.7199,43.63,43.63,6786
2026-05-04 15:10:00,43.685,43.685,43.685,43.685,126
2026-05-04 15:30:00,43.695,43.695,43.695,43.695,1031
2026-05-04 15:35:00,43.63,43.63,43.63,43.63,100
2026-05-04 15:45:00,43.75,43.75,43.75,43.75,175
2026-05-04 15:55:00,43.68,43.68,43.68,43.68,102
2026-05-05 09:30:00,44.01,44.01,44,44,5863
2026-05-05 09:40:00,43.87,43.87,43.87,43.87,100
2026-05-05 09:50:00,43.96,44,43.96,44,700
2026-05-05 10:40:00,43.91,44,43.91,43.92,336
2026-05-05 10:45:00,43.97,43.975,43.97,43.975,400
2026-05-05 10:50:00,43.955,44,43.955,43.99,855
2026-05-05 10:55:00,44.04,44.04,44.04,44.04,105
2026-05-05 11:00:00,44.0584,44.0584,44.05,44.05,1686
2026-05-05 11:10:00,44.1093,44.1093,44.1093,44.1093,107
2026-05-05 11:15:00,44.0754,44.0754,44.0754,44.0754,230
2026-05-05 11:20:00,44.08,44.08,44.08,44.08,173
2026-05-05 11:25:00,44.09,44.09,44.09,44.09,172
2026-05-05 11:35:00,44.18,44.18,44.125,44.125,667
2026-05-05 11:40:00,44.1445,44.1445,44.1445,44.1445,545
2026-05-05 11:50:00,44.165,44.165,44.165,44.165,105
2026-05-05 12:00:00,44.155,44.155,44.155,44.155,551
2026-05-05 12:05:00,44.1999,44.1999,44.1999,44.1999,3957
2026-05-05 12:20:00,44.16,44.16,44.16,44.16,200
2026-05-05 12:25:00,44.07,44.07,44.07,44.07,100
2026-05-05 12:50:00,44.12,44.12,44.115,44.115,253
2026-05-05 13:05:00,44.1293,44.1293,44.1293,44.1293,226
2026-05-05 13:15:00,44.13,44.13,44.13,44.13,200
2026-05-05 13:50:00,44.13,44.16,44.13,44.16,341
2026-05-05 14:05:00,44.2,44.2,44.11,44.2,600
2026-05-05 14:10:00,44.193,44.193,44.193,44.193,443
2026-05-05 14:15:00,44.155,44.164,44.155,44.164,456
2026-05-05 14:20:00,44.2086,44.2086,44.1001,44.155,2679
2026-05-05 14:25:00,44.2,44.2,44.155,44.165,982
2026-05-05 14:30:00,44.1881,44.1881,44.1881,44.1881,246
2026-05-05 14:40:00,44.165,44.2198,44.165,44.2198,759
2026-05-05 14:50:00,44.2184,44.2184,44.2184,44.2184,152
2026-05-05 14:55:00,44.2199,44.2199,44.2199,44.2199,342
2026-05-05 15:00:00,44.2,44.21,44.2,44.21,604
2026-05-05 15:05:00,44.185,44.185,44.185,44.185,346
2026-05-05 15:25:00,44.1644,44.2086,44.13,44.2086,464
2026-05-05 15:45:00,44.2,44.2,44.14,44.17,500
2026-05-05 15:50:00,44.12,44.14,44.1,44.1,300
2026-05-05 15:55:00,44.08,44.11,44.07,44.07,1867
2026-05-06 09:30:00,44.9,44.9,44.9,44.9,380
2026-05-06 09:45:00,44.96,44.96,44.96,44.96,222
2026-05-06 09:50:00,44.89,44.89,44.87,44.88,400
2026-05-06 10:05:00,44.94,44.95,44.94,44.95,200
2026-05-06 10:35:00,45.04,45.04,45.03,45.03,386
2026-05-06 10:40:00,45.12,45.12,45.12,45.12,300
2026-05-06 10:45:00,45.15,45.15,45.0875,45.0875,723
2026-05-06 11:35:00,45.1693,45.1693,45.11,45.11,308
2026-05-06 11:45:00,45.07,45.07,45.055,45.055,400
2026-05-06 12:30:00,45.0602,45.0602,45.0602,45.0602,500
2026-05-06 12:45:00,45.07,45.07,45.07,45.07,200
2026-05-06 13:00:00,45.07,45.07,45.02,45.02,425
2026-05-06 13:40:00,45.085,45.085,45.085,45.085,109
2026-05-06 13:45:00,45.1299,45.1299,45.129,45.129,300
2026-05-06 14:00:00,45.085,45.085,45.085,45.085,371
2026-05-06 14:05:00,45.13,45.13,45.1,45.1,266
2026-05-06 14:25:00,45.115,45.115,45.0942,45.0942,488
2026-05-06 14:40:00,45.12,45.12,45.12,45.12,100
2026-05-06 14:50:00,45.12,45.12,45.12,45.12,329
2026-05-06 14:55:00,45.15,45.15,45.15,45.15,209
2026-05-06 15:00:00,45.15,45.15,45.15,45.15,3100
2026-05-06 15:05:00,45.1793,45.1793,45.1793,45.1793,384
2026-05-06 15:15:00,45.18,45.23,45.18,45.23,1091
2026-05-06 15:20:00,45.3,45.3,45.3,45.3,625
2026-05-06 15:45:00,45.2,45.2301,45.19,45.2301,3011
2026-05-06 15:50:00,45.2,45.2,45.2,45.2,100
2026-05-07 09:30:00,45.42,45.42,45.42,45.42,164
2026-05-07 09:35:00,45.315,45.315,45.315,45.315,150
2026-05-07 10:40:00,45.245,45.245,45.245,45.245,124
2026-05-07 10:45:00,45.2699,45.2699,45.2699,45.2699,376
2026-05-07 10:50:00,45.235,45.235,45.235,45.235,198
2026-05-07 11:05:00,45.18,45.18,45.18,45.18,189
2026-05-07 11:10:00,45.21,45.21,45.15,45.1501,893
2026-05-07 11:40:00,45.192,45.192,45.192,45.192,100
2026-05-07 11:55:00,45.07,45.07,45.03,45.03,2316
2026-05-07 12:05:00,44.99,44.99,44.91,44.96,300
2026-05-07 12:15:00,44.885,44.885,44.885,44.885,463
2026-05-07 12:20:00,44.84,44.84,44.84,44.84,100
2026-05-07 12:25:00,44.94,44.94,44.94,44.94,223
2026-05-07 12:30:00,44.9202,44.921,44.92,44.921,557
2026-05-07 12:45:00,44.8854,44.8854,44.8854,44.8854,134
2026-05-07 12:50:00,44.89,44.89,44.89,44.89,200
2026-05-07 13:05:00,44.9,44.96,44.84,44.96,1532
2026-05-07 13:25:00,44.82,44.82,44.8,44.81,5378
2026-05-07 13:45:00,44.73,44.73,44.73,44.73,100
2026-05-07 14:40:00,44.69,44.69,44.69,44.69,500
2026-05-07 14:50:00,44.7928,44.7928,44.7928,44.7928,378
2026-05-07 15:15:00,44.82,44.82,44.82,44.82,500
2026-05-07 15:25:00,44.77,44.77,44.77,44.77,135
2026-05-08 09:30:00,45.05,45.05,45.05,45.05,186
2026-05-08 09:40:00,45.05,45.05,45.05,45.05,189
2026-05-08 09:50:00,45.09,45.09,45.09,45.09,100
2026-05-08 10:50:00,45.03,45.03,45.03,45.03,592
2026-05-08 11:05:00,45.07,45.07,45.07,45.07,334
2026-05-08 11:30:00,45.0598,45.0598,45.0575,45.0575,2167
2026-05-08 11:45:00,45.1,45.1,45.1,45.1,1141
2026-05-08 11:50:00,45.04,45.04,45.04,45.04,1357
2026-05-08 11:55:00,45.0985,45.0985,45.0985,45.0985,162
2026-05-08 12:00:00,45.06,45.06,45.05,45.05,415
2026-05-08 12:25:00,45.0122,45.0122,45.0122,45.0122,443
2026-05-08 13:25:00,45.07,45.07,45.07,45.07,126
2026-05-08 13:40:00,45.1499,45.1499,45.1499,45.1499,645
2026-05-08 14:05:00,45.15,45.15,45.15,45.15,367
2026-05-08 14:15:00,45.15,45.15,45.15,45.15,100
2026-05-08 14:20:00,45.18,45.18,45.18,45.18,884
2026-05-08 15:00:00,45.13,45.13,45.13,45.13,101
2026-05-08 15:35:00,45.1101,45.1101,45.1101,45.1101,271
2026-05-08 15:40:00,45.185,45.185,45.185,45.185,100
2026-05-08 15:55:00,45.22,45.22,45.22,45.22,135