2026-04-22 09:25:00,34.26,34.26,34.26,34.26,300
2026-04-22 09:30:00,34.26,34.26,34.1201,34.1201,6889
2026-04-22 10:00:00,34.26,34.26,34.26,34.26,137
2026-04-22 10:10:00,34.2799,34.2799,34.2799,34.2799,175
2026-04-22 10:15:00,34.255,34.255,34.255,34.255,100
2026-04-22 10:30:00,34.38,34.38,34.29,34.29,236
2026-04-22 10:45:00,34.31,34.31,34.31,34.31,100
2026-04-22 11:00:00,34.3,34.3,34.3,34.3,136
2026-04-22 11:15:00,34.34,34.34,34.34,34.34,136
2026-04-22 11:30:00,34.34,34.34,34.34,34.34,100
2026-04-22 11:45:00,34.36,34.36,34.36,34.36,100
2026-04-22 12:00:00,34.35,34.35,34.35,34.35,100
2026-04-22 12:15:00,34.35,34.35,34.35,34.35,136
2026-04-22 13:10:00,34.29,34.29,34.29,34.29,100
2026-04-22 13:25:00,34.25,34.25,34.25,34.25,100
2026-04-22 13:45:00,34.285,34.285,34.285,34.285,842
2026-04-22 13:50:00,34.25,34.25,34.24,34.25,4403
2026-04-22 15:20:00,34.255,34.255,34.255,34.255,151
2026-04-22 15:55:00,34.2799,34.295,34.23,34.238,2738
2026-04-23 09:30:00,33.95,33.95,33.95,33.95,218
2026-04-23 10:15:00,33.91,33.91,33.91,33.91,250
2026-04-23 10:20:00,33.93,33.93,33.93,33.93,100
2026-04-23 11:05:00,33.93,33.93,33.91,33.9101,703
2026-04-23 11:15:00,33.91,33.91,33.91,33.91,150
2026-04-23 11:30:00,33.97,33.97,33.97,33.97,160
2026-04-23 12:10:00,33.95,33.95,33.95,33.95,202
2026-04-23 12:25:00,33.93,33.94,33.93,33.94,987
2026-04-23 12:45:00,33.941,33.9468,33.94,33.9468,3065
2026-04-23 12:55:00,33.95,33.95,33.95,33.95,677
2026-04-23 13:00:00,33.89,33.89,33.89,33.89,973
2026-04-23 13:10:00,33.782,33.782,33.74,33.74,1100
2026-04-23 13:15:00,33.742,33.742,33.742,33.742,500
2026-04-23 13:20:00,33.7,33.7,33.61,33.61,2900
2026-04-23 13:25:00,33.62,33.64,33.61,33.64,3100
2026-04-23 13:35:00,33.6576,33.6576,33.6576,33.6576,267
2026-04-23 13:45:00,33.55,33.61,33.55,33.61,200
2026-04-23 13:50:00,33.76,33.76,33.76,33.76,100
2026-04-23 15:30:00,33.7706,33.7706,33.7706,33.7706,1664
2026-04-23 15:35:00,33.76,33.76,33.76,33.76,100
2026-04-23 15:50:00,33.7447,33.7447,33.7447,33.7447,2071
2026-04-24 09:30:00,33.83,33.92,33.83,33.92,723
2026-04-24 09:45:00,33.695,33.695,33.695,33.695,200
2026-04-24 10:05:00,33.77,33.77,33.77,33.77,125
2026-04-24 10:15:00,33.67,33.67,33.67,33.67,200
2026-04-24 10:50:00,33.7955,33.7955,33.7955,33.7955,237
2026-04-24 11:05:00,33.76,33.76,33.76,33.76,225
2026-04-24 11:10:00,33.8599,33.8599,33.8599,33.8599,464
2026-04-24 11:45:00,33.795,33.795,33.795,33.795,435
2026-04-24 13:05:00,33.79,33.83,33.79,33.83,338
2026-04-24 15:35:00,33.84,33.84,33.84,33.84,202
2026-04-24 16:00:00,33.8,33.8,33.8,33.8,316
2026-04-27 09:30:00,33.55,33.55,33.55,33.55,791
2026-04-27 09:35:00,33.545,33.545,33.545,33.545,148
2026-04-27 09:40:00,33.58,33.58,33.58,33.58,100
2026-04-27 10:25:00,33.46,33.46,33.46,33.46,10000
2026-04-27 11:10:00,33.425,33.425,33.425,33.425,100
2026-04-27 11:35:00,33.4462,33.4462,33.445,33.445,1000
2026-04-27 11:40:00,33.479,33.52,33.45,33.52,12806
2026-04-27 11:50:00,33.46,33.46,33.45,33.46,300
2026-04-27 12:35:00,33.4516,33.4516,33.4516,33.4516,120
2026-04-27 13:40:00,33.4975,33.4975,33.4975,33.4975,800
2026-04-27 14:00:00,33.48,33.48,33.48,33.48,100
2026-04-27 14:30:00,33.466,33.466,33.466,33.466,300
2026-04-27 15:45:00,33.49,33.49,33.49,33.49,199
2026-04-27 15:50:00,33.5101,33.5101,33.5101,33.5101,300
2026-04-28 09:30:00,33.22,33.22,33.22,33.22,1361
2026-04-28 09:40:00,33.2406,33.2406,33.2406,33.2406,500
2026-04-28 09:50:00,33.36,33.36,33.36,33.36,100
2026-04-28 10:40:00,33.31,33.32,33.31,33.31,400
2026-04-28 10:50:00,33.25,33.315,33.24,33.265,6120
2026-04-28 11:00:00,33.24,33.2401,33.19,33.21,9600
2026-04-28 12:30:00,33.195,33.195,33.16,33.16,18635
2026-04-28 12:35:00,33.16,33.16,33.16,33.16,100
2026-04-28 12:40:00,33.16,33.1601,33.16,33.1601,200
2026-04-28 12:45:00,33.19,33.1914,33.19,33.1914,2700
2026-04-28 12:50:00,33.2,33.2,33.19,33.1901,700
2026-04-28 13:05:00,33.19,33.19,33.19,33.19,100
2026-04-28 13:35:00,33.19,33.1901,33.16,33.1901,800
2026-04-28 13:40:00,33.21,33.22,33.21,33.22,6100
2026-04-28 14:05:00,33.19,33.1901,33.15,33.19,2145
2026-04-28 14:40:00,33.245,33.245,33.245,33.245,175
2026-04-28 15:10:00,33.23,33.23,33.23,33.23,141
2026-04-29 09:30:00,33.49,33.49,33.35,33.36,3415
2026-04-29 09:35:00,33.37,33.37,33.37,33.37,100
2026-04-29 10:45:00,33.38,33.38,33.38,33.38,150
2026-04-29 10:50:00,33.34,33.34,33.34,33.34,100
2026-04-29 10:55:00,33.39,33.408,33.39,33.408,200
2026-04-29 14:30:00,33.31,33.31,33.31,33.31,100
2026-04-29 14:50:00,33.2815,33.2815,33.2815,33.2815,845
2026-04-29 15:05:00,33.31,33.31,33.31,33.31,200
2026-04-29 15:10:00,33.33,33.33,33.33,33.33,2443
2026-04-30 09:30:00,33.32,33.38,33.32,33.38,866
2026-04-30 09:45:00,33.32,33.32,33.32,33.32,200
2026-04-30 10:25:00,33.36,33.3601,33.36,33.3601,584
2026-04-30 11:20:00,33.44,33.44,33.44,33.44,144
2026-04-30 11:25:00,33.44,33.44,33.44,33.44,100
2026-04-30 11:30:00,33.44,33.44,33.44,33.44,1390
2026-04-30 12:30:00,33.495,33.495,33.495,33.495,1605
2026-04-30 13:15:00,33.47,33.47,33.47,33.47,126
2026-04-30 13:30:00,33.51,33.51,33.51,33.51,207
2026-04-30 13:50:00,33.46,33.46,33.431,33.431,883
2026-04-30 14:10:00,33.49,33.4901,33.37,33.37,1640
2026-04-30 14:15:00,33.49,33.49,33.47,33.471,1817
2026-04-30 14:20:00,33.471,33.51,33.47,33.4701,1100
2026-04-30 14:25:00,33.496,33.5,33.49,33.495,1300
2026-04-30 14:30:00,33.49,33.495,33.49,33.49,800
2026-04-30 14:35:00,33.49,33.496,33.49,33.49,600
2026-04-30 14:40:00,33.495,33.495,33.49,33.4901,500
2026-04-30 14:50:00,33.49,33.49,33.475,33.475,300
2026-04-30 15:30:00,33.475,33.475,33.475,33.475,500
2026-04-30 15:45:00,33.475,33.475,33.475,33.475,100
2026-04-30 15:55:00,33.4702,33.475,33.4702,33.475,500
2026-05-01 09:55:00,33.7,33.7,33.7,33.7,600
2026-05-01 10:10:00,33.6843,33.6843,33.6843,33.6843,118
2026-05-01 10:30:00,33.605,33.605,33.605,33.605,115
2026-05-01 11:10:00,33.5813,33.5813,33.5813,33.5813,100
2026-05-01 11:45:00,33.58,33.58,33.58,33.58,550
2026-05-01 11:50:00,33.61,33.61,33.61,33.61,287
2026-05-01 11:55:00,33.5771,33.5771,33.5771,33.5771,345
2026-05-01 12:20:00,33.5784,33.5784,33.56,33.561,2200
2026-05-01 12:25:00,33.54,33.541,33.54,33.5401,840
2026-05-01 12:40:00,33.54,33.56,33.54,33.56,1396
2026-05-01 13:20:00,33.56,33.58,33.56,33.58,350
2026-05-01 14:25:00,33.5509,33.5509,33.5509,33.5509,102
2026-05-01 15:15:00,33.55,33.55,33.55,33.55,100
2026-05-04 09:30:00,33.44,33.5,33.44,33.5,2269
2026-05-04 09:45:00,33.535,33.535,33.535,33.535,300
2026-05-04 09:55:00,33.535,33.535,33.535,33.535,130
2026-05-04 10:25:00,33.57,33.57,33.57,33.57,146
2026-05-04 11:00:00,33.59,33.62,33.53,33.62,500
2026-05-04 11:25:00,33.49,33.49,33.49,33.49,100
2026-05-04 11:35:00,33.5,33.5,33.5,33.5,3100
2026-05-04 12:10:00,33.4093,33.4093,33.4093,33.4093,165
2026-05-04 12:15:00,33.385,33.385,33.375,33.375,1120
2026-05-04 13:30:00,33.445,33.45,33.445,33.45,1300
2026-05-04 15:40:00,33.435,33.435,33.435,33.435,759
2026-05-04 15:50:00,33.435,33.435,33.435,33.435,509
2026-05-04 16:00:00,33.42,33.42,33.42,33.42,100
2026-05-05 09:30:00,33.48,33.48,33.45,33.45,1035
2026-05-05 09:45:00,33.415,33.46,33.415,33.46,747
2026-05-05 10:05:00,33.46,33.46,33.4,33.405,600
2026-05-05 10:10:00,33.465,33.465,33.465,33.465,100
2026-05-05 10:15:00,33.42,33.42,33.36,33.41,2798
2026-05-05 10:25:00,33.425,33.425,33.425,33.425,2100
2026-05-05 10:30:00,33.4,33.4,33.385,33.385,200
2026-05-05 10:35:00,33.415,33.415,33.415,33.415,282
2026-05-05 10:40:00,33.38,33.39,33.325,33.375,1900
2026-05-05 10:45:00,33.38,33.38,33.38,33.38,101000
2026-05-05 11:10:00,33.35,33.35,33.35,33.35,100
2026-05-05 11:15:00,33.37,33.37,33.37,33.37,2900
2026-05-05 11:20:00,33.38,33.38,33.38,33.38,1500
2026-05-05 11:25:00,33.38,33.39,33.38,33.39,430
2026-05-05 11:30:00,33.38,33.38,33.38,33.38,500
2026-05-05 11:35:00,33.39,33.39,33.39,33.39,100
2026-05-05 11:40:00,33.4,33.4,33.4,33.4,600
2026-05-05 11:45:00,33.4,33.49,33.4,33.4,1651
2026-05-05 11:55:00,33.38,33.38,33.38,33.38,200
2026-05-05 12:05:00,33.38,33.38,33.38,33.38,200
2026-05-05 12:10:00,33.43,33.43,33.43,33.43,436
2026-05-05 12:20:00,33.38,33.38,33.38,33.38,200
2026-05-05 12:25:00,33.38,33.38,33.38,33.38,200
2026-05-05 12:45:00,33.35,33.35,33.33,33.33,396
2026-05-05 12:50:00,33.4027,33.4027,33.4027,33.4027,300
2026-05-05 13:00:00,33.35,33.35,33.34,33.35,312
2026-05-05 13:15:00,33.338,33.338,33.33,33.33,482
2026-05-05 13:20:00,33.33,33.33,33.33,33.33,100
2026-05-05 13:35:00,33.33,33.33,33.33,33.33,100
2026-05-05 13:55:00,33.35,33.35,33.35,33.35,104
2026-05-05 14:00:00,33.35,33.35,33.35,33.35,100
2026-05-05 14:05:00,33.37,33.37,33.37,33.37,209
2026-05-05 14:10:00,33.37,33.38,33.37,33.38,200
2026-05-05 14:15:00,33.39,33.39,33.37,33.385,1857
2026-05-05 14:55:00,33.44,33.44,33.44,33.44,100
2026-05-05 15:00:00,33.44,33.44,33.44,33.44,100
2026-05-05 15:55:00,33.35,33.35,33.34,33.3401,825
2026-05-06 09:25:00,33.73,33.73,33.67,33.67,410
2026-05-06 09:30:00,33.62,33.62,33.48,33.48,3796
2026-05-06 09:40:00,33.65,33.65,33.65,33.65,198
2026-05-06 10:05:00,33.565,33.59,33.565,33.59,208
2026-05-06 10:15:00,33.615,33.615,33.615,33.615,200
2026-05-06 10:20:00,33.61,33.61,33.59,33.59,300
2026-05-06 10:25:00,33.59,33.59,33.59,33.59,250
2026-05-06 10:30:00,33.59,33.62,33.59,33.62,500
2026-05-06 10:35:00,33.65,33.65,33.6499,33.6499,200
2026-05-06 10:45:00,33.65,33.65,33.65,33.65,100
2026-05-06 10:50:00,33.65,33.65,33.65,33.65,108
2026-05-06 11:00:00,33.635,33.635,33.635,33.635,200
2026-05-06 11:05:00,33.65,33.65,33.65,33.65,100
2026-05-06 11:15:00,33.6491,33.6491,33.6491,33.6491,300
2026-05-06 11:20:00,33.65,33.65,33.65,33.65,100
2026-05-06 11:25:00,33.65,33.65,33.65,33.65,100
2026-05-06 11:45:00,33.65,33.65,33.65,33.65,210
2026-05-06 12:00:00,33.65,33.65,33.58,33.625,2967
2026-05-06 12:10:00,33.65,33.72,33.65,33.72,310
2026-05-06 12:25:00,33.6999,33.6999,33.6999,33.6999,800
2026-05-06 12:30:00,33.69,33.69,33.69,33.69,108
2026-05-06 12:40:00,33.7,33.7,33.64,33.64,310
2026-05-06 12:55:00,33.62,33.62,33.56,33.5641,9308
2026-05-06 13:05:00,33.605,33.605,33.605,33.605,100
2026-05-06 13:20:00,33.605,33.605,33.605,33.605,210
2026-05-06 13:30:00,33.61,33.61,33.61,33.61,100
2026-05-06 13:50:00,33.65,33.65,33.56,33.6,603
2026-05-06 14:05:00,33.64,33.64,33.5801,33.5801,230
2026-05-06 14:10:00,33.64,33.65,33.64,33.65,200
2026-05-06 14:20:00,33.63,33.63,33.63,33.63,100
2026-05-06 14:30:00,33.67,33.67,33.67,33.67,100
2026-05-06 14:40:00,33.67,33.67,33.67,33.67,192
2026-05-06 14:45:00,33.67,33.67,33.67,33.67,100
2026-05-06 14:55:00,33.71,33.71,33.71,33.71,192
2026-05-06 15:05:00,33.71,33.71,33.71,33.71,100
2026-05-06 15:15:00,33.79,33.79,33.74,33.74,200
2026-05-06 15:30:00,33.77,33.77,33.77,33.77,198
2026-05-06 15:35:00,33.72,33.72,33.72,33.72,100
2026-05-06 15:45:00,33.69,33.69,33.69,33.69,100
2026-05-06 15:50:00,33.7,33.74,33.7,33.72,410
2026-05-06 15:55:00,33.715,33.76,33.715,33.76,218
2026-05-07 09:25:00,34.23,34.23,34.21,34.21,700
2026-05-07 09:30:00,34.16,34.16,34.16,34.16,1298
2026-05-07 09:45:00,33.89,33.89,33.875,33.875,900
2026-05-07 10:10:00,33.87,33.87,33.87,33.87,200
2026-05-07 10:30:00,33.8413,33.8413,33.8413,33.8413,100
2026-05-07 10:35:00,33.8,33.8,33.8,33.8,100
2026-05-07 10:50:00,33.88,33.94,33.88,33.94,300
2026-05-07 11:05:00,33.94,33.94,33.94,33.94,100
2026-05-07 11:25:00,33.9,33.9,33.9,33.9,100
2026-05-07 12:05:00,33.79,33.805,33.79,33.805,279
2026-05-07 12:15:00,33.7,33.7,33.7,33.7,150
2026-05-07 12:25:00,33.74,33.74,33.74,33.74,100
2026-05-07 13:25:00,33.759,33.759,33.71,33.71,800
2026-05-07 13:55:00,33.76,33.76,33.76,33.76,100
2026-05-07 14:20:00,33.77,33.77,33.77,33.77,100
2026-05-07 14:25:00,33.77,33.77,33.77,33.77,100
2026-05-07 14:40:00,33.77,33.775,33.77,33.77,3079
2026-05-07 14:50:00,33.74,33.74,33.74,33.74,100
2026-05-07 15:20:00,33.71,33.71,33.7,33.7,200
2026-05-07 15:30:00,33.74,33.74,33.72,33.72,500
2026-05-07 15:35:00,33.72,33.74,33.72,33.74,500
2026-05-07 15:40:00,33.74,33.74,33.7,33.7,1000
2026-05-07 15:45:00,33.72,33.72,33.72,33.72,200
2026-05-07 15:50:00,33.71,33.71,33.69,33.69,200
2026-05-07 15:55:00,33.67,33.68,33.66,33.66,3049
2026-05-07 16:00:00,33.67,33.67,33.67,33.67,187
2026-05-08 09:30:00,34.24,34.24,34.24,34.24,1304
2026-05-08 09:35:00,34.39,34.39,34.39,34.39,1000
2026-05-08 11:20:00,34.22,34.22,34.22,34.22,100
2026-05-08 13:10:00,34.16,34.16,34.14,34.14,400
2026-05-08 15:20:00,34.221,34.221,34.22,34.22,300
2026-05-08 15:35:00,34.2,34.2,34.2,34.2,300
2026-05-08 15:40:00,34.22,34.22,34.22,34.22,300
2026-05-11 09:30:00,34.5,34.608,34.5,34.608,3123
2026-05-11 09:50:00,34.68,34.68,34.68,34.68,172
2026-05-11 10:30:00,34.59,34.5915,34.59,34.5915,1000
2026-05-11 10:40:00,34.5803,34.5803,34.5803,34.5803,113
2026-05-11 11:20:00,34.6,34.605,34.6,34.605,267
2026-05-11 12:10:00,34.6701,34.6701,34.6701,34.6701,100
2026-05-11 12:35:00,34.655,34.655,34.655,34.655,140
2026-05-11 12:40:00,34.6,34.6001,34.6,34.6001,400
2026-05-11 12:45:00,34.59,34.5901,34.58,34.59,596
2026-05-11 12:50:00,34.58,34.58,34.58,34.58,180
2026-05-11 13:20:00,34.58,34.58,34.58,34.58,500
2026-05-11 13:30:00,34.58,34.582,34.5654,34.5654,530
2026-05-11 13:40:00,34.59,34.59,34.59,34.59,1096
2026-05-11 15:15:00,34.54,34.5452,34.54,34.5452,422
2026-05-11 15:25:00,34.535,34.5446,34.535,34.5446,868
2026-05-11 15:55:00,34.52,34.52,34.52,34.52,100
2026-05-11 16:00:00,34.55,34.55,34.55,34.55,204
2026-05-12 09:25:00,34.22,34.22,34.22,34.22,176
2026-05-12 09:30:00,34.16,34.16,34.16,34.16,766
2026-05-12 10:30:00,34.0065,34.0065,34.0065,34.0065,108
2026-05-12 10:35:00,34,34,34,34,976
2026-05-12 10:40:00,33.98,34.04,33.98,34.04,735
2026-05-12 11:00:00,33.95,33.95,33.95,33.95,500
2026-05-12 11:05:00,33.9,33.9,33.86,33.86,300
2026-05-12 11:15:00,33.78,33.78,33.78,33.78,200
2026-05-12 11:30:00,33.8,33.8,33.8,33.8,600
2026-05-12 11:35:00,33.84,33.86,33.82,33.82,1600
2026-05-12 12:10:00,33.83,33.83,33.83,33.83,100
2026-05-12 12:25:00,33.84,33.84,33.84,33.84,200
2026-05-12 13:15:00,33.89,33.89,33.89,33.89,100
2026-05-12 14:20:00,33.9,33.945,33.9,33.945,695
2026-05-12 14:50:00,34,34,34,34,443
2026-05-12 15:05:00,34.05,34.05,34.05,34.05,500
2026-05-12 15:10:00,34.05,34.05,34.05,34.05,200
2026-05-12 15:15:00,34.07,34.07,34.07,34.07,961
2026-05-12 15:40:00,34.048,34.048,34.048,34.048,213
2026-05-12 15:55:00,34.005,34.05,34.005,34.04,346
2026-05-13 09:25:00,33.69,33.69,33.69,33.69,176
2026-05-13 09:30:00,33.61,33.79,33.61,33.79,1840
2026-05-13 09:45:00,34.015,34.015,34.015,34.015,1175
2026-05-13 09:50:00,34.1,34.1,34.06,34.06,300
2026-05-13 10:00:00,34.165,34.29,34.165,34.29,2005
2026-05-13 10:05:00,34.29,34.29,34.29,34.29,100
2026-05-13 10:10:00,34.32,34.39,34.32,34.39,1300
2026-05-13 11:10:00,34.39,34.39,34.39,34.39,600
2026-05-13 11:40:00,34.33,34.33,34.33,34.33,438
2026-05-13 12:05:00,34.295,34.295,34.295,34.295,200
2026-05-13 12:20:00,34.305,34.305,34.29,34.29,775
2026-05-13 12:25:00,34.2805,34.305,34.2805,34.305,5000
2026-05-13 12:30:00,34.315,34.315,34.315,34.315,700
2026-05-13 12:45:00,34.31,34.31,34.31,34.31,209
2026-05-13 13:10:00,34.3,34.305,34.3,34.305,1037
2026-05-13 13:15:00,34.31,34.33,34.31,34.33,300
2026-05-13 13:30:00,34.3,34.305,34.3,34.305,200
2026-05-13 13:40:00,34.3099,34.3099,34.3099,34.3099,101
2026-05-13 13:55:00,34.305,34.305,34.305,34.305,1200
2026-05-13 14:00:00,34.3,34.3,34.3,34.3,130
2026-05-13 14:30:00,34.27,34.27,34.27,34.27,1045
2026-05-13 14:35:00,34.28,34.28,34.28,34.28,100
2026-05-13 14:50:00,34.27,34.27,34.27,34.27,1459
2026-05-13 15:00:00,34.26,34.2634,34.26,34.2634,596
2026-05-13 15:10:00,34.255,34.255,34.255,34.255,100
2026-05-13 15:15:00,34.255,34.255,34.255,34.255,130
2026-05-13 15:20:00,34.26,34.26,34.2599,34.2599,400
2026-05-13 15:25:00,34.25,34.25,34.25,34.25,100
2026-05-13 15:40:00,34.25,34.25,34.25,34.25,100
2026-05-13 15:50:00,34.255,34.255,34.255,34.255,400
2026-05-13 15:55:00,34.26,34.26,34.26,34.26,137
2026-05-13 16:00:00,34.27,34.27,34.27,34.27,123
2026-05-14 04:15:00,34.38,34.38,34.38,34.38,100
2026-05-14 04:20:00,34.55,34.55,34.55,34.55,100
2026-05-14 09:25:00,33.51,33.51,33.51,33.51,129
2026-05-14 09:30:00,33.51,33.51,33.51,33.51,1286
2026-05-14 09:35:00,33.279,33.28,33.21,33.21,2738
2026-05-14 09:40:00,33.26,33.2638,33.22,33.2638,3239
2026-05-14 09:45:00,33.15,33.15,33.15,33.15,200
2026-05-14 09:55:00,33.155,33.155,33.155,33.155,200
2026-05-14 10:05:00,33.19,33.19,33.19,33.19,100
2026-05-14 10:10:00,33.23,33.2301,33.1371,33.1371,916
2026-05-14 10:50:00,33.25,33.25,33.25,33.25,700
2026-05-14 11:00:00,33.25,33.25,33.245,33.245,302
2026-05-14 11:10:00,33.32,33.32,33.32,33.32,100
2026-05-14 12:20:00,33.346,33.346,33.346,33.346,131
2026-05-14 12:25:00,33.32,33.32,33.32,33.32,100
2026-05-14 13:35:00,33.35,33.35,33.35,33.35,300
2026-05-14 14:00:00,33.3501,33.355,33.3501,33.355,300
2026-05-14 14:05:00,33.35,33.35,33.35,33.35,100
2026-05-14 14:20:00,33.3968,33.3968,33.3968,33.3968,142
2026-05-14 15:00:00,33.4,33.4,33.4,33.4,200
2026-05-14 15:05:00,33.41,33.4425,33.4,33.402,7352
2026-05-14 15:15:00,33.41,33.41,33.4,33.4,1227
2026-05-14 15:30:00,33.4,33.4,33.4,33.4,286
2026-05-14 15:35:00,33.375,33.375,33.375,33.375,100
2026-05-14 15:55:00,33.34,33.34,33.34,33.34,100
2026-05-15 08:20:00,32.58,32.58,32.58,32.58,438
2026-05-15 09:25:00,32.65,32.65,32.65,32.65,100
2026-05-15 09:30:00,32.88,32.88,32.88,32.88,411
2026-05-15 09:35:00,32.88,32.88,32.83,32.83,500
2026-05-15 09:45:00,32.67,32.67,32.67,32.67,100
2026-05-15 09:50:00,32.6701,32.73,32.6701,32.73,400
2026-05-15 10:00:00,32.64,32.64,32.62,32.62,300
2026-05-15 10:30:00,32.88,32.88,32.88,32.88,226
2026-05-15 10:35:00,32.76,32.76,32.75,32.75,200
2026-05-15 10:45:00,32.71,32.71,32.71,32.71,137
2026-05-15 10:50:00,32.69,32.69,32.64,32.65,1583
2026-05-15 10:55:00,32.69,32.81,32.68,32.68,800
2026-05-15 11:05:00,32.72,32.72,32.72,32.72,150
2026-05-15 11:10:00,32.7,32.7,32.69,32.69,800
2026-05-15 11:15:00,32.69,32.735,32.67,32.69,1000
2026-05-15 11:20:00,32.7692,32.783,32.725,32.725,600
2026-05-15 11:45:00,32.7,32.71,32.655,32.7,1314
2026-05-15 12:30:00,32.67,32.67,32.67,32.67,153
2026-05-15 12:35:00,32.65,32.65,32.64,32.64,700
2026-05-15 12:40:00,32.67,32.67,32.67,32.67,100
2026-05-15 13:10:00,32.69,32.69,32.6801,32.6801,300
2026-05-15 13:25:00,32.72,32.72,32.71,32.71,200
2026-05-15 13:35:00,32.73,32.74,32.72,32.73,1388
2026-05-15 13:50:00,32.78,32.78,32.78,32.78,153
2026-05-15 13:55:00,32.73,32.73,32.73,32.73,400
2026-05-15 14:00:00,32.83,32.83,32.83,32.83,400
2026-05-15 14:05:00,32.72,32.72,32.72,32.72,200
2026-05-15 14:15:00,32.68,32.68,32.68,32.68,200
2026-05-15 14:20:00,32.7392,32.7392,32.68,32.68,200
2026-05-15 14:25:00,32.69,32.69,32.69,32.69,1000
2026-05-15 14:30:00,32.71,32.71,32.69,32.69,546
2026-05-15 14:55:00,32.76,32.76,32.76,32.76,101
2026-05-15 15:05:00,32.735,32.735,32.735,32.735,300
2026-05-15 15:10:00,32.69,32.69,32.69,32.69,100
2026-05-15 15:50:00,32.725,32.725,32.725,32.725,640
2026-05-15 15:55:00,32.73,32.73,32.69,32.698,752
2026-05-15 16:00:00,32.75,32.75,32.75,32.75,145
2026-05-18 09:30:00,32.24,32.24,32.24,32.24,725
2026-05-18 09:35:00,32.28,32.28,32.275,32.275,203
2026-05-18 09:40:00,32.32,32.32,32.32,32.32,200
2026-05-18 09:45:00,32.26,32.26,32.11,32.125,932
2026-05-18 09:50:00,32.31,32.31,32.31,32.31,1045
2026-05-18 10:05:00,32.23,32.24,32.23,32.24,1700
2026-05-18 10:15:00,32.28,32.28,32.28,32.28,360
2026-05-18 10:20:00,32.3,32.3,32.3,32.3,200
2026-05-18 10:30:00,32.245,32.276,32.245,32.276,200
2026-05-18 11:00:00,32.22,32.22,32.18,32.18,2100
2026-05-18 11:15:00,32.2,32.2,32.2,32.2,100
2026-05-18 11:40:00,32.26,32.26,32.26,32.26,500
2026-05-18 13:20:00,32.28,32.29,32.28,32.29,1680
2026-05-18 14:00:00,32.28,32.28,32.28,32.28,100
2026-05-18 15:40:00,32.1302,32.1302,32.1302,32.1302,600
2026-05-18 15:55:00,32.21,32.21,32.12,32.12,1600
2026-05-19 09:30:00,32.04,32.04,32.04,32.04,624
2026-05-19 10:45:00,31.95,31.95,31.95,31.95,170
2026-05-19 10:55:00,31.97,31.97,31.97,31.97,300
2026-05-19 11:10:00,31.965,31.965,31.965,31.965,465
2026-05-19 11:15:00,31.98,31.9812,31.98,31.9812,800
2026-05-19 11:30:00,32,32,32,32,100
2026-05-19 14:10:00,32.0401,32.0401,32.0401,32.0401,438
2026-05-19 14:40:00,32.02,32.02,32.02,32.02,300
2026-05-19 15:55:00,32.03,32.03,32.018,32.018,302
2026-05-20 09:30:00,31.97,31.97,31.88,31.88,2611
2026-05-20 09:45:00,31.89,31.89,31.89,31.89,124
2026-05-20 09:50:00,31.82,31.82,31.81,31.81,411
2026-05-20 10:45:00,31.955,31.955,31.955,31.955,200
2026-05-20 10:50:00,32,32,32,32,160
2026-05-20 13:00:00,32.03,32.03,32.03,32.03,100
2026-05-20 13:05:00,31.945,31.945,31.945,31.945,200
2026-05-20 13:15:00,32.06,32.06,32.0263,32.0263,407
2026-05-20 13:35:00,32.04,32.04,32.04,32.04,110
2026-05-20 14:00:00,32,32,32,32,834
2026-05-20 14:30:00,32.04,32.04,32.04,32.04,1256
2026-05-20 14:40:00,32,32,31.97,31.97,1051
2026-05-20 15:30:00,32.05,32.05,32.05,32.05,134
2026-05-20 15:35:00,32.055,32.055,32.055,32.055,100
2026-05-20 15:50:00,32.07,32.1086,32.05,32.1086,3349
2026-05-20 15:55:00,32.055,32.055,32,32,679
2026-05-20 16:00:00,32.08,32.08,32.08,32.08,201
2026-05-21 09:30:00,31.68,31.68,31.65,31.65,2406
2026-05-21 09:50:00,31.59,31.59,31.58,31.58,200
2026-05-21 11:10:00,31.56,31.56,31.56,31.56,100
2026-05-21 12:40:00,31.64,31.64,31.64,31.64,150
2026-05-21 13:25:00,31.755,31.755,31.73,31.73,2157
2026-05-21 13:55:00,31.89,31.89,31.89,31.89,400
2026-05-21 14:00:00,31.82,31.82,31.82,31.82,1300
2026-05-21 14:10:00,31.83,31.83,31.83,31.83,546
2026-05-21 14:20:00,31.79,31.79,31.7801,31.7801,1000
2026-05-21 14:30:00,31.83,31.83,31.83,31.83,269
2026-05-21 14:45:00,31.79,31.79,31.79,31.79,100
2026-05-21 14:50:00,31.73,31.73,31.73,31.73,120
2026-05-21 15:55:00,31.72,31.72,31.72,31.72,115
2026-05-22 06:55:00,31.3,31.3,31.3,31.3,200
2026-05-22 07:00:00,31.36,31.36,31.36,31.36,313
2026-05-22 07:10:00,31.36,31.4,31.36,31.4,1100
2026-05-22 07:20:00,31.4,31.4,31.4,31.4,300
2026-05-22 08:20:00,31.35,31.35,31.35,31.35,300
2026-05-22 08:25:00,31.35,31.35,31.35,31.35,400
2026-05-22 08:35:00,31.35,31.35,31.35,31.35,503
2026-05-22 08:50:00,31.35,31.35,31.35,31.35,1100
2026-05-22 09:30:00,31.45,31.565,31.32,31.565,1071
2026-05-22 09:40:00,31.59,31.59,31.58,31.58,200
2026-05-22 11:00:00,31.56,31.56,31.56,31.56,800
2026-05-22 11:15:00,31.6,31.6,31.6,31.6,300
2026-05-22 11:25:00,31.59,31.59,31.59,31.59,800
2026-05-22 11:35:00,31.61,31.61,31.61,31.61,760
2026-05-22 12:15:00,31.56,31.56,31.56,31.56,800
2026-05-22 12:20:00,31.56,31.56,31.56,31.56,600
2026-05-22 12:25:00,31.55,31.55,31.55,31.55,600
2026-05-22 12:30:00,31.55,31.57,31.55,31.57,7516
2026-05-22 12:45:00,31.545,31.545,31.545,31.545,114
2026-05-22 13:00:00,31.58,31.58,31.58,31.58,100
2026-05-22 13:15:00,31.59,31.59,31.59,31.59,300
2026-05-22 13:25:00,31.63,31.63,31.63,31.63,200
2026-05-22 14:00:00,31.635,31.635,31.635,31.635,198
2026-05-22 14:05:00,31.67,31.67,31.67,31.67,100
2026-05-22 14:10:00,31.6101,31.6101,31.61,31.61,200
2026-05-22 14:15:00,31.635,31.635,31.6,31.635,1471
2026-05-22 14:25:00,31.645,31.645,31.645,31.645,100
2026-05-22 14:30:00,31.61,31.61,31.61,31.61,105
2026-05-22 14:35:00,31.66,31.66,31.65,31.65,400
2026-05-22 14:45:00,31.61,31.61,31.61,31.61,105
2026-05-22 14:55:00,31.61,31.61,31.61,31.61,192
2026-05-22 15:10:00,31.65,31.66,31.65,31.66,500
2026-05-22 15:20:00,31.61,31.61,31.61,31.61,192
2026-05-22 15:25:00,31.66,31.66,31.66,31.66,1008
2026-05-22 15:35:00,31.6,31.6,31.6,31.6,192
2026-05-22 15:50:00,31.65,31.65,31.65,31.65,105
2026-05-22 15:55:00,31.65,31.65,31.65,31.65,232