2026-04-07 04:05:00,26.05,26.05,26.05,26.05,250
2026-04-07 09:25:00,25.78,25.78,25.78,25.78,100
2026-04-07 09:30:00,25.78,25.78,25.78,25.78,1037
2026-04-07 09:35:00,25.68,25.68,25.68,25.68,200
2026-04-07 09:50:00,25.64,25.64,25.64,25.64,750
2026-04-07 10:00:00,25.58,25.58,25.58,25.58,256
2026-04-07 10:10:00,25.521,25.521,25.521,25.521,200
2026-04-07 10:20:00,25.6,25.6,25.6,25.6,100
2026-04-07 10:30:00,25.67,25.67,25.67,25.67,1300
2026-04-07 10:55:00,25.59,25.59,25.59,25.59,100
2026-04-07 11:10:00,25.58,25.58,25.58,25.58,100
2026-04-07 11:15:00,25.68,25.68,25.68,25.68,150
2026-04-07 11:35:00,25.71,25.71,25.69,25.69,300
2026-04-07 11:55:00,25.74,25.74,25.74,25.74,200
2026-04-07 12:10:00,25.73,25.73,25.73,25.73,229
2026-04-07 12:20:00,25.73,25.73,25.73,25.73,150
2026-04-07 12:30:00,25.74,25.755,25.74,25.755,308
2026-04-07 12:35:00,25.78,25.78,25.78,25.78,210
2026-04-07 12:45:00,25.82,25.82,25.82,25.82,100
2026-04-07 13:15:00,25.71,25.71,25.71,25.71,100
2026-04-07 14:00:00,25.95,25.95,25.95,25.95,100
2026-04-07 14:10:00,25.901,25.9081,25.901,25.9081,1108
2026-04-07 14:15:00,25.89,25.89,25.89,25.89,100
2026-04-07 14:50:00,25.81,25.81,25.81,25.81,100
2026-04-07 15:05:00,25.81,25.81,25.81,25.81,246
2026-04-07 15:10:00,25.78,25.78,25.78,25.78,123
2026-04-07 15:15:00,25.92,25.92,25.92,25.92,200
2026-04-07 15:20:00,25.89,25.89,25.89,25.89,100
2026-04-07 15:30:00,25.865,25.885,25.86,25.86,1545
2026-04-07 15:35:00,25.845,25.865,25.845,25.865,995
2026-04-07 15:40:00,25.84,25.885,25.84,25.885,200
2026-04-07 15:45:00,25.86,25.86,25.86,25.86,6000
2026-04-07 15:55:00,26.12,26.13,26.12,26.13,430
2026-04-07 16:35:00,26.21,26.21,26.21,26.21,500
2026-04-07 18:25:00,26.74,26.74,26.74,26.74,112
2026-04-07 18:30:00,26.75,26.75,26.75,26.75,400
2026-04-07 18:35:00,27.07,27.07,27.07,27.07,102
2026-04-07 19:00:00,27.48,27.55,27.48,27.55,300
2026-04-07 19:15:00,27.56,27.61,27.55,27.61,520
2026-04-07 19:35:00,27.84,27.84,27.84,27.84,150
2026-04-07 19:40:00,27.78,27.78,27.78,27.78,235
2026-04-07 19:45:00,27.9,27.9,27.89,27.89,500
2026-04-07 19:55:00,27.7,27.7,27.7,27.7,200
2026-04-08 04:05:00,27.93,27.93,27.93,27.93,122
2026-04-08 04:35:00,27.92,27.92,27.92,27.92,7238
2026-04-08 06:45:00,27.8,27.8,27.8,27.8,287
2026-04-08 07:25:00,27.86,27.86,27.86,27.86,720
2026-04-08 07:40:00,27.75,27.75,27.75,27.75,100
2026-04-08 08:00:00,27.8104,27.8104,27.8104,27.8104,144
2026-04-08 08:10:00,27.85,27.88,27.85,27.88,330
2026-04-08 09:10:00,28,28,28,28,123
2026-04-08 09:15:00,28.06,28.06,28.06,28.06,200
2026-04-08 09:25:00,27.94,27.941,27.94,27.941,400
2026-04-08 09:30:00,28,28.04,27.88,27.88,593
2026-04-08 09:35:00,27.81,27.8225,27.81,27.8225,400
2026-04-08 09:40:00,27.7,27.7,27.7,27.7,100
2026-04-08 09:50:00,27.7,27.7,27.7,27.7,322
2026-04-08 09:55:00,27.6695,27.671,27.6695,27.671,1300
2026-04-08 10:00:00,27.63,27.63,27.63,27.63,222
2026-04-08 10:05:00,27.655,27.655,27.655,27.655,600
2026-04-08 10:15:00,27.62,27.62,27.61,27.62,1055
2026-04-08 10:20:00,27.585,27.585,27.585,27.585,408
2026-04-08 10:30:00,27.53,27.53,27.3,27.3,200
2026-04-08 10:35:00,27.23,27.3,27.23,27.3,280
2026-04-08 10:40:00,27.32,27.336,27.32,27.336,208
2026-04-08 10:45:00,27.2607,27.3199,27.26,27.26,1800
2026-04-08 10:50:00,27.12,27.12,27.1,27.1,408
2026-04-08 10:55:00,27.14,27.14,27.08,27.08,650
2026-04-08 11:00:00,27.14,27.17,27.14,27.17,339
2026-04-08 11:05:00,27.16,27.2,27.14,27.2,5452
2026-04-08 11:10:00,27.18,27.266,27.18,27.266,200
2026-04-08 11:20:00,27.3138,27.3138,27.29,27.29,383
2026-04-08 11:30:00,27.26,27.29,27.26,27.29,250
2026-04-08 11:35:00,27.2611,27.2611,27.2611,27.2611,200
2026-04-08 11:40:00,27.39,27.39,27.37,27.37,200
2026-04-08 12:05:00,27.4,27.4,27.4,27.4,100
2026-04-08 12:45:00,27.42,27.42,27.42,27.42,600
2026-04-08 12:55:00,27.5,27.52,27.5,27.52,700
2026-04-08 13:05:00,27.45,27.45,27.45,27.45,100
2026-04-08 13:25:00,27.475,27.475,27.475,27.475,100
2026-04-08 13:35:00,27.63,27.63,27.63,27.63,100
2026-04-08 13:40:00,27.61,27.61,27.6,27.6,250
2026-04-08 13:45:00,27.63,27.63,27.63,27.63,100
2026-04-08 13:50:00,27.6,27.6,27.6,27.6,100
2026-04-08 13:55:00,27.63,27.63,27.615,27.615,200
2026-04-08 14:10:00,27.53,27.53,27.53,27.53,100
2026-04-08 14:15:00,27.5709,27.5709,27.5709,27.5709,2472
2026-04-08 14:35:00,27.44,27.44,27.44,27.44,100
2026-04-08 14:50:00,27.285,27.285,27.285,27.285,100
2026-04-08 15:00:00,27.18,27.18,27.18,27.18,905
2026-04-08 15:15:00,27.27,27.27,27.27,27.27,100
2026-04-08 15:30:00,27.215,27.265,27.215,27.26,2094
2026-04-08 15:35:00,27.26,27.31,27.26,27.31,2672
2026-04-08 15:40:00,27.33,27.33,27.275,27.275,736
2026-04-08 15:45:00,27.305,27.315,27.29,27.29,1704
2026-04-08 15:55:00,27.32,27.32,27.27,27.28,468
2026-04-08 16:00:00,27.31,27.4,27.29,27.4,2722
2026-04-08 17:45:00,27.5,27.5,27.5,27.5,124
2026-04-08 18:05:00,27.37,27.37,27.37,27.37,300
2026-04-08 19:05:00,27.08,27.08,27.08,27.08,800
2026-04-09 04:00:00,27.14,27.14,27.14,27.14,100
2026-04-09 07:15:00,27.04,27.04,27.04,27.04,117
2026-04-09 07:30:00,26.96,26.96,26.96,26.96,300
2026-04-09 07:35:00,26.93,26.93,26.93,26.93,1000
2026-04-09 07:40:00,26.96,26.96,26.96,26.96,700
2026-04-09 09:15:00,26.94,26.94,26.94,26.94,200
2026-04-09 09:30:00,26.92,26.92,26.92,26.92,204
2026-04-09 09:45:00,26.8101,26.8101,26.8101,26.8101,364
2026-04-09 10:00:00,26.77,26.77,26.77,26.77,100
2026-04-09 10:10:00,26.78,26.78,26.78,26.78,208
2026-04-09 10:15:00,26.805,26.805,26.76,26.76,399
2026-04-09 10:25:00,26.78,26.78,26.78,26.78,100
2026-04-09 10:30:00,26.71,26.745,26.71,26.745,228
2026-04-09 10:35:00,26.7997,26.7997,26.7997,26.7997,406
2026-04-09 10:45:00,26.93,26.93,26.93,26.93,226
2026-04-09 10:50:00,26.98,26.98,26.98,26.98,440
2026-04-09 10:55:00,26.92,26.92,26.92,26.92,1000
2026-04-09 11:00:00,26.935,26.935,26.935,26.935,227
2026-04-09 11:10:00,26.85,26.85,26.85,26.85,100
2026-04-09 11:15:00,27.02,27.02,27.02,27.02,226
2026-04-09 11:30:00,27.09,27.1,27.09,27.1,1815
2026-04-09 11:35:00,27.36,27.36,27.36,27.36,500
2026-04-09 11:40:00,27.36,27.38,27.36,27.38,2796
2026-04-09 11:55:00,27.47,27.47,27.47,27.47,100
2026-04-09 12:00:00,27.46,27.53,27.46,27.53,236
2026-04-09 12:05:00,27.46,27.46,27.46,27.46,181
2026-04-09 12:10:00,27.48,27.48,27.48,27.48,100
2026-04-09 12:25:00,27.37,27.37,27.37,27.37,100
2026-04-09 13:15:00,27.5,27.5,27.48,27.48,500
2026-04-09 13:20:00,27.475,27.475,27.475,27.475,150
2026-04-09 13:25:00,27.38,27.38,27.38,27.38,500
2026-04-09 13:55:00,27.55,27.55,27.55,27.55,100
2026-04-09 14:00:00,27.54,27.54,27.54,27.54,100
2026-04-09 14:10:00,27.33,27.33,27.32,27.32,2000
2026-04-09 14:25:00,27.3001,27.3001,27.3001,27.3001,1212
2026-04-09 14:30:00,27.36,27.36,27.36,27.36,440
2026-04-09 14:50:00,27.291,27.2942,27.291,27.2942,501
2026-04-09 15:00:00,27.29,27.31,27.281,27.31,1950
2026-04-09 15:10:00,27.465,27.475,27.465,27.475,200
2026-04-09 15:25:00,27.27,27.275,27.27,27.275,600
2026-04-09 15:30:00,27.315,27.38,27.315,27.38,837
2026-04-09 15:35:00,27.385,27.385,27.385,27.385,200
2026-04-09 15:40:00,27.4,27.445,27.4,27.445,300
2026-04-09 15:55:00,27.42,27.42,27.42,27.42,100
2026-04-09 16:00:00,27.41,27.42,27.41,27.42,1330
2026-04-09 16:35:00,27.47,27.47,27.47,27.47,500
2026-04-09 17:05:00,27.47,27.47,27.47,27.47,167
2026-04-09 17:25:00,27.48,27.48,27.48,27.48,200
2026-04-09 19:15:00,27.1191,27.1191,27.1191,27.1191,194
2026-04-10 05:45:00,27.12,27.12,27.12,27.12,126
2026-04-10 09:15:00,27.44,27.44,27.44,27.44,275
2026-04-10 09:20:00,27.44,27.44,27.43,27.4304,2000
2026-04-10 09:30:00,27.5,27.5,27.5,27.5,211
2026-04-10 09:35:00,27.4117,27.4117,27.4117,27.4117,136
2026-04-10 09:40:00,27.38,27.38,27.38,27.38,233
2026-04-10 09:55:00,27.51,27.51,27.51,27.51,119
2026-04-10 10:00:00,27.52,27.52,27.52,27.52,548
2026-04-10 10:15:00,27.79,27.81,27.73,27.73,3120
2026-04-10 10:25:00,27.79,27.79,27.79,27.79,100
2026-04-10 10:30:00,27.811,27.811,27.811,27.811,500
2026-04-10 10:35:00,27.841,27.841,27.841,27.841,150
2026-04-10 10:40:00,27.83,27.83,27.7047,27.7047,300
2026-04-10 10:55:00,27.74,27.74,27.74,27.74,600
2026-04-10 11:00:00,27.73,27.73,27.73,27.73,100
2026-04-10 11:10:00,27.8124,27.8124,27.8124,27.8124,910
2026-04-10 11:15:00,27.78,27.78,27.78,27.78,100
2026-04-10 11:20:00,27.78,27.78,27.78,27.78,162
2026-04-10 11:25:00,27.835,27.835,27.83,27.83,300
2026-04-10 11:35:00,27.64,27.64,27.64,27.64,1209
2026-04-10 11:45:00,27.62,27.62,27.62,27.62,100
2026-04-10 12:15:00,27.62,27.62,27.62,27.62,100
2026-04-10 12:20:00,27.6424,27.6424,27.6424,27.6424,100
2026-04-10 12:30:00,27.7,27.7,27.7,27.7,312
2026-04-10 12:45:00,27.68,27.68,27.68,27.68,100
2026-04-10 13:15:00,27.74,27.7601,27.74,27.7601,871
2026-04-10 13:45:00,27.74,27.74,27.74,27.74,100
2026-04-10 14:45:00,27.7801,27.7801,27.7801,27.7801,200
2026-04-10 14:50:00,27.795,27.795,27.795,27.795,100
2026-04-10 14:55:00,27.83,27.83,27.83,27.83,100
2026-04-10 15:00:00,27.8599,27.8599,27.8599,27.8599,400
2026-04-10 15:10:00,27.9101,27.9101,27.9101,27.9101,597
2026-04-10 15:20:00,27.895,27.895,27.83,27.83,200
2026-04-10 15:30:00,27.81,27.81,27.78,27.8,300
2026-04-10 15:35:00,27.8017,27.81,27.791,27.791,1500
2026-04-10 15:40:00,27.78,27.78,27.78,27.78,100
2026-04-10 15:45:00,27.78,27.78,27.78,27.78,900
2026-04-10 15:50:00,27.79,27.875,27.79,27.865,1446
2026-04-10 15:55:00,27.84,27.87,27.84,27.87,2100
2026-04-10 16:00:00,27.89,27.895,27.86,27.86,1509
2026-04-10 20:00:00,27.88,27.88,27.88,27.88,724
2026-04-13 04:00:00,27.09,27.09,27.09,27.09,359
2026-04-13 04:35:00,27.01,27.01,27.01,27.01,2000
2026-04-13 05:50:00,27.06,27.06,27.06,27.06,100
2026-04-13 06:50:00,26.99,26.99,26.99,26.99,269
2026-04-13 06:55:00,26.95,26.96,26.95,26.96,462
2026-04-13 07:35:00,27.008,27.008,27.008,27.008,205
2026-04-13 07:40:00,27.05,27.05,27.05,27.05,200
2026-04-13 08:10:00,27.03,27.03,27.03,27.03,400
2026-04-13 08:30:00,26.97,26.97,26.97,26.97,100
2026-04-13 08:40:00,26.94,26.94,26.94,26.94,100
2026-04-13 09:30:00,27.13,27.1497,27.1199,27.1199,831
2026-04-13 09:35:00,27.1,27.11,27.03,27.03,1991
2026-04-13 09:40:00,27.02,27.05,27.02,27.05,333
2026-04-13 09:45:00,27.03,27.18,27.03,27.18,707
2026-04-13 09:50:00,27.3076,27.3076,27.29,27.29,2000
2026-04-13 10:00:00,27.25,27.25,27.25,27.25,500
2026-04-13 10:15:00,27.285,27.285,27.285,27.285,300
2026-04-13 10:25:00,27.36,27.36,27.36,27.36,1000
2026-04-13 10:50:00,27.455,27.455,27.455,27.455,100
2026-04-13 10:55:00,27.495,27.56,27.495,27.56,467
2026-04-13 11:00:00,27.59,27.59,27.54,27.54,324
2026-04-13 11:15:00,27.41,27.41,27.41,27.41,347
2026-04-13 11:35:00,27.24,27.24,27.21,27.21,2300
2026-04-13 11:50:00,27.26,27.26,27.26,27.26,100
2026-04-13 12:15:00,27.4542,27.4542,27.4542,27.4542,150
2026-04-13 12:20:00,27.47,27.47,27.47,27.47,736
2026-04-13 12:30:00,27.545,27.545,27.545,27.545,183
2026-04-13 12:45:00,27.5706,27.6249,27.5706,27.6101,2100
2026-04-13 12:55:00,27.501,27.501,27.5,27.5,600
2026-04-13 13:10:00,27.55,27.55,27.55,27.55,100
2026-04-13 13:35:00,27.64,27.64,27.64,27.64,500
2026-04-13 14:05:00,27.57,27.57,27.57,27.57,100
2026-04-13 14:10:00,27.555,27.555,27.555,27.555,550
2026-04-13 14:30:00,27.4711,27.4711,27.4711,27.4711,3496
2026-04-13 14:50:00,27.6,27.6,27.6,27.6,100
2026-04-13 14:55:00,27.6,27.6,27.6,27.6,359
2026-04-13 15:20:00,27.72,27.72,27.72,27.72,100
2026-04-13 15:30:00,27.78,27.86,27.78,27.86,200
2026-04-13 15:45:00,27.98,27.98,27.94,27.9401,1100
2026-04-13 15:50:00,28,28,28,28,600
2026-04-13 15:55:00,27.99,28.02,27.98,27.98,1557
2026-04-13 16:00:00,28.01,28.01,28.01,28.01,580
2026-04-13 17:15:00,28.05,28.05,28.05,28.05,200
2026-04-13 18:15:00,28.69,28.69,28.69,28.69,100
2026-04-13 18:35:00,28.93,28.93,28.93,28.93,200
2026-04-13 18:40:00,28.99,28.99,28.92,28.92,500
2026-04-13 19:00:00,29.06,29.06,29.06,29.06,200
2026-04-13 19:15:00,29.14,29.14,29.14,29.14,100
2026-04-13 19:25:00,29.38,29.38,29.38,29.38,100
2026-04-14 04:00:00,29.51,29.51,29.51,29.51,100
2026-04-14 04:10:00,29.41,29.43,29.41,29.43,875
2026-04-14 04:15:00,29.43,29.43,29.43,29.43,268
2026-04-14 04:25:00,29.45,29.45,29.45,29.45,200
2026-04-14 04:40:00,29.53,29.53,29.53,29.53,230
2026-04-14 05:00:00,29.56,29.56,29.56,29.56,152
2026-04-14 05:20:00,29.61,29.61,29.6,29.6,280
2026-04-14 05:35:00,29.55,29.55,29.55,29.55,139
2026-04-14 06:05:00,29.57,29.57,29.57,29.57,763
2026-04-14 06:15:00,29.51,29.51,29.51,29.51,200
2026-04-14 06:35:00,29.5,29.5,29.5,29.5,400
2026-04-14 07:55:00,29.38,29.38,29.38,29.38,300
2026-04-14 08:00:00,29.36,29.36,29.36,29.36,200
2026-04-14 08:10:00,29.35,29.35,29.35,29.35,200
2026-04-14 08:50:00,29.36,29.36,29.36,29.36,124
2026-04-14 09:10:00,29.46,29.46,29.46,29.46,100
2026-04-14 09:25:00,29.49,29.4995,29.49,29.4995,200
2026-04-14 09:30:00,29.4,29.44,29.4,29.44,2573
2026-04-14 09:35:00,29.47,29.64,29.47,29.54,421
2026-04-14 09:40:00,29.61,29.62,29.61,29.62,1042
2026-04-14 09:45:00,29.5922,29.5922,29.54,29.54,205
2026-04-14 09:50:00,29.605,29.605,29.6,29.6,451
2026-04-14 09:55:00,29.61,29.615,29.61,29.615,346
2026-04-14 10:00:00,29.59,29.59,29.53,29.53,826
2026-04-14 10:05:00,29.55,29.55,29.5,29.5,334
2026-04-14 10:10:00,29.539,29.539,29.49,29.52,1020
2026-04-14 10:15:00,29.5,29.5,29.5,29.5,100
2026-04-14 10:25:00,29.59,29.59,29.59,29.59,1000
2026-04-14 10:30:00,29.7,29.82,29.7,29.82,1016
2026-04-14 10:35:00,29.58,29.58,29.58,29.58,200
2026-04-14 10:40:00,29.33,29.33,29.33,29.33,421
2026-04-14 10:45:00,29.33,29.33,29.33,29.33,775
2026-04-14 10:50:00,29.28,29.28,29.28,29.28,325
2026-04-14 11:00:00,29.15,29.15,29.15,29.15,275
2026-04-14 11:05:00,29.09,29.09,28.94,28.94,850
2026-04-14 11:15:00,29,29,28.97,29,338
2026-04-14 11:20:00,29.01,29.01,29.01,29.01,200
2026-04-14 11:30:00,29.05,29.05,29.05,29.05,942
2026-04-14 11:50:00,29.32,29.36,29.32,29.36,11876
2026-04-14 11:55:00,29.36,29.36,29.36,29.36,419
2026-04-14 12:00:00,29.3382,29.3382,29.3382,29.3382,1716
2026-04-14 12:05:00,29.305,29.33,29.305,29.33,203
2026-04-14 12:15:00,29.24,29.24,29.24,29.24,418
2026-04-14 12:50:00,29,29,29,29,143
2026-04-14 12:55:00,28.89,28.89,28.8648,28.8648,500
2026-04-14 13:00:00,28.84,28.84,28.84,28.84,9764
2026-04-14 13:25:00,28.935,28.935,28.935,28.935,100
2026-04-14 13:30:00,28.88,28.88,28.86,28.87,450
2026-04-14 13:40:00,28.81,28.81,28.81,28.81,100
2026-04-14 14:05:00,28.98,28.98,28.98,28.98,120
2026-04-14 14:10:00,29.005,29.005,29.005,29.005,481
2026-04-14 14:20:00,28.9,28.9,28.85,28.85,465
2026-04-14 14:45:00,28.67,28.67,28.67,28.67,100
2026-04-14 14:55:00,28.65,28.65,28.65,28.65,500
2026-04-14 15:05:00,28.7492,28.7492,28.72,28.72,506
2026-04-14 15:10:00,28.715,28.715,28.715,28.715,216
2026-04-14 15:15:00,28.7354,28.7354,28.7354,28.7354,1739
2026-04-14 15:25:00,28.52,28.5212,28.52,28.5212,256
2026-04-14 15:30:00,28.64,28.64,28.64,28.64,150
2026-04-14 15:40:00,28.59,28.59,28.576,28.576,1702
2026-04-14 15:45:00,28.58,28.58,28.58,28.58,350
2026-04-14 15:50:00,28.6,28.6,28.6,28.6,2000
2026-04-14 15:55:00,28.605,28.63,28.59,28.59,4137
2026-04-14 16:00:00,28.62,28.62,28.62,28.62,476
2026-04-14 16:40:00,28.64,28.64,28.64,28.64,500
2026-04-14 17:05:00,28.66,28.66,28.66,28.66,500
2026-04-14 17:10:00,28.66,28.66,28.65,28.66,470
2026-04-14 18:30:00,28.61,28.61,28.61,28.61,300
2026-04-14 18:40:00,28.6,28.6,28.6,28.6,200
2026-04-14 19:25:00,28.69,28.7,28.69,28.7,200
2026-04-15 04:30:00,28.8,28.8,28.8,28.8,512
2026-04-15 05:45:00,28.7,28.7,28.6984,28.6984,2361
2026-04-15 06:30:00,28.61,28.61,28.61,28.61,100
2026-04-15 06:45:00,28.75,28.76,28.71,28.76,2595
2026-04-15 07:25:00,28.76,28.76,28.76,28.76,1126
2026-04-15 07:45:00,28.89,28.89,28.89,28.89,100
2026-04-15 09:05:00,28.82,28.82,28.82,28.82,3989
2026-04-15 09:30:00,28.86,28.86,28.76,28.76,2341
2026-04-15 09:35:00,28.7658,28.7658,28.7658,28.7658,151
2026-04-15 09:40:00,28.7308,28.7308,28.67,28.67,3650
2026-04-15 09:45:00,28.72,28.73,28.7199,28.7199,2000
2026-04-15 09:50:00,28.7,28.7,28.7,28.7,1500
2026-04-15 09:55:00,28.716,28.78,28.716,28.78,350
2026-04-15 10:00:00,28.745,28.75,28.7328,28.75,310
2026-04-15 10:05:00,28.77,28.77,28.74,28.74,7176
2026-04-15 10:15:00,28.9199,28.9199,28.9199,28.9199,100
2026-04-15 10:25:00,28.97,28.97,28.97,28.97,809
2026-04-15 10:35:00,28.91,28.91,28.88,28.88,300
2026-04-15 11:00:00,28.98,28.99,28.9301,28.9301,509
2026-04-15 11:15:00,29.0396,29.0399,28.9628,28.9628,1525
2026-04-15 11:40:00,28.8245,28.8245,28.8245,28.8245,180
2026-04-15 11:45:00,28.88,28.88,28.88,28.88,100
2026-04-15 11:50:00,28.885,28.885,28.885,28.885,146
2026-04-15 11:55:00,28.8001,28.8001,28.8001,28.8001,500
2026-04-15 12:05:00,28.91,28.93,28.91,28.93,800
2026-04-15 12:20:00,28.99,28.99,28.99,28.99,100
2026-04-15 13:00:00,28.9801,28.9801,28.9801,28.9801,197
2026-04-15 13:25:00,29.11,29.115,29.11,29.115,1900
2026-04-15 13:30:00,29.13,29.13,29.13,29.13,100
2026-04-15 13:40:00,28.95,28.95,28.95,28.95,100
2026-04-15 14:00:00,29.05,29.155,29.035,29.155,300
2026-04-15 14:05:00,29.081,29.081,29.081,29.081,250
2026-04-15 14:15:00,29.11,29.11,29.11,29.11,100
2026-04-15 14:25:00,29.075,29.075,29.07,29.07,237
2026-04-15 14:30:00,29.04,29.13,29.03,29.13,700
2026-04-15 14:35:00,29.12,29.12,29.12,29.12,1000
2026-04-15 14:40:00,29.1,29.13,29.1,29.13,251
2026-04-15 15:00:00,29.2,29.2,29.2,29.2,200
2026-04-15 15:05:00,29.25,29.25,29.25,29.25,200
2026-04-15 15:20:00,29.28,29.28,29.2502,29.2502,205
2026-04-15 15:55:00,29.3939,29.42,29.3939,29.41,4165
2026-04-15 16:00:00,29.4,29.4,29.4,29.4,437
2026-04-15 16:05:00,29.3,29.3,29.29,29.29,300
2026-04-15 16:30:00,29.25,29.25,29.25,29.25,226
2026-04-15 17:05:00,29.35,29.35,29.17,29.17,268
2026-04-15 18:05:00,29.3,29.3,29.3,29.3,100
2026-04-15 18:30:00,29.34,29.34,29.3385,29.3385,200
2026-04-15 18:40:00,29.34,29.34,29.338,29.338,200
2026-04-15 18:55:00,29.34,29.34,29.34,29.34,100
2026-04-15 19:10:00,29.18,29.18,29.18,29.18,100
2026-04-15 19:25:00,29.1,29.1,29.1,29.1,300
2026-04-16 04:00:00,29,29,29,29,100
2026-04-16 04:05:00,29.15,29.15,29.15,29.15,500
2026-04-16 05:00:00,28.94,28.94,28.94,28.94,203
2026-04-16 05:05:00,28.93,28.93,28.93,28.93,316
2026-04-16 06:10:00,28.81,28.81,28.81,28.81,141
2026-04-16 07:05:00,28.86,28.86,28.85,28.85,800
2026-04-16 08:10:00,29.01,29.01,29.01,29.01,100
2026-04-16 08:35:00,28.92,28.92,28.92,28.92,200
2026-04-16 09:20:00,28.95,28.95,28.95,28.95,724
2026-04-16 09:25:00,29.0126,29.0126,29.0126,29.0126,143
2026-04-16 09:30:00,29.06,29.06,28.95,28.95,1362
2026-04-16 09:35:00,28.892,28.9,28.892,28.9,298
2026-04-16 09:40:00,28.86,28.86,28.86,28.86,600
2026-04-16 09:55:00,28.495,28.51,28.4493,28.4493,1390
2026-04-16 10:00:00,28.499,28.499,28.4156,28.4156,200
2026-04-16 10:05:00,28.52,28.52,28.52,28.52,100
2026-04-16 10:15:00,28.3,28.34,28.3,28.34,400
2026-04-16 10:20:00,28.335,28.335,28.28,28.31,600
2026-04-16 10:25:00,28.27,28.27,28.27,28.27,192
2026-04-16 10:35:00,28.439,28.439,28.439,28.439,100
2026-04-16 10:40:00,28.41,28.41,28.41,28.41,100
2026-04-16 10:45:00,28.51,28.51,28.51,28.51,542
2026-04-16 10:55:00,28.568,28.568,28.5244,28.5244,600
2026-04-16 11:25:00,28.7799,28.7799,28.7799,28.7799,100
2026-04-16 11:30:00,28.7043,28.7043,28.7043,28.7043,300
2026-04-16 11:35:00,28.98,29.025,28.98,29.025,300
2026-04-16 11:45:00,28.8916,28.8916,28.8916,28.8916,180
2026-04-16 11:50:00,28.93,28.93,28.93,28.93,330
2026-04-16 11:55:00,28.9,28.9,28.9,28.9,100
2026-04-16 12:05:00,28.97,28.97,28.97,28.97,200
2026-04-16 12:10:00,28.94,28.94,28.94,28.94,120
2026-04-16 12:20:00,28.9,28.9,28.9,28.9,500
2026-04-16 13:00:00,28.637,28.637,28.637,28.637,548
2026-04-16 13:05:00,28.6104,28.6104,28.6104,28.6104,2000
2026-04-16 13:20:00,28.65,28.65,28.65,28.65,100
2026-04-16 13:30:00,28.73,28.73,28.73,28.73,100
2026-04-16 13:40:00,28.75,28.75,28.75,28.75,1000
2026-04-16 13:55:00,28.68,28.68,28.68,28.68,961
2026-04-16 14:25:00,28.71,28.71,28.71,28.71,472
2026-04-16 14:45:00,28.9,28.9,28.87,28.87,350
2026-04-16 14:55:00,28.94,28.95,28.94,28.95,14209
2026-04-16 15:10:00,28.87,28.87,28.87,28.87,300
2026-04-16 15:40:00,29.19,29.19,29.1201,29.1201,10136
2026-04-16 15:55:00,29.17,29.1999,29.17,29.17,7773
2026-04-16 16:00:00,29.17,29.19,29.17,29.19,242
2026-04-16 17:15:00,29.05,29.05,29.05,29.05,200
2026-04-16 18:35:00,28.98,28.98,28.98,28.98,200
2026-04-17 04:00:00,28.8414,28.8441,28.8414,28.8441,290
2026-04-17 04:30:00,28.99,28.99,28.99,28.99,300
2026-04-17 05:25:00,29.17,29.17,29.17,29.17,100
2026-04-17 06:25:00,29.01,29.01,29.01,29.01,156
2026-04-17 06:30:00,28.97,28.97,28.97,28.97,100
2026-04-17 07:30:00,29.09,29.09,29.09,29.09,10000
2026-04-17 08:25:00,29.23,29.23,29.23,29.23,400
2026-04-17 08:45:00,29.2921,29.2921,29.2921,29.2921,100
2026-04-17 08:50:00,29.36,29.36,29.36,29.36,200
2026-04-17 09:00:00,29.32,29.32,29.32,29.32,500
2026-04-17 09:10:00,29.79,29.79,29.79,29.79,300
2026-04-17 09:20:00,29.9,30,29.9,30,1400
2026-04-17 09:25:00,29.99,29.99,29.71,29.71,250
2026-04-17 09:30:00,29.78,29.78,29.58,29.68,1517
2026-04-17 09:35:00,29.73,29.7772,29.73,29.7772,374
2026-04-17 09:45:00,29.9107,29.9107,29.79,29.91,2505
2026-04-17 09:50:00,29.95,30.14,29.95,30.14,1397
2026-04-17 09:55:00,30.12,30.15,30.12,30.15,1300
2026-04-17 10:00:00,30.2,30.22,30.1971,30.22,1550
2026-04-17 10:05:00,30.1451,30.18,30.12,30.14,1745
2026-04-17 10:10:00,30.0808,30.0808,30.07,30.07,200
2026-04-17 10:15:00,30.06,30.06,30.06,30.06,900
2026-04-17 10:20:00,30.14,30.14,30.13,30.13,648
2026-04-17 10:25:00,30.12,30.12,30.12,30.12,100
2026-04-17 10:30:00,30.2,30.2,30.2,30.2,407
2026-04-17 10:35:00,30.2,30.2,30.2,30.2,500
2026-04-17 10:50:00,30.3667,30.3758,30.3667,30.3758,300
2026-04-17 10:55:00,30.309,30.32,30.2896,30.32,300
2026-04-17 11:00:00,30.26,30.26,30.15,30.15,8338
2026-04-17 11:10:00,30.285,30.285,30.285,30.285,200
2026-04-17 11:15:00,30.29,30.29,30.2151,30.2151,358
2026-04-17 11:20:00,30.3,30.3,30.2585,30.2585,1004
2026-04-17 11:25:00,30.2101,30.3,30.2,30.3,1400
2026-04-17 11:30:00,30.23,30.23,30.23,30.23,100
2026-04-17 11:35:00,30.29,30.3,30.29,30.29,596
2026-04-17 11:40:00,30.28,30.28,30.28,30.28,100
2026-04-17 11:45:00,30.23,30.23,30.21,30.21,500
2026-04-17 11:50:00,30.2,30.23,30.2,30.23,549
2026-04-17 12:00:00,30.2351,30.2351,30.2351,30.2351,200
2026-04-17 12:10:00,30.28,30.28,30.28,30.28,200
2026-04-17 12:20:00,30.36,30.36,30.3329,30.3329,700
2026-04-17 12:25:00,30.38,30.38,30.38,30.38,100
2026-04-17 12:35:00,30.39,30.5099,30.39,30.5099,430
2026-04-17 12:45:00,30.4,30.4,30.4,30.4,100
2026-04-17 12:55:00,30.33,30.33,30.33,30.33,200
2026-04-17 13:00:00,30.33,30.33,30.33,30.33,599
2026-04-17 13:05:00,30.32,30.32,30.32,30.32,100
2026-04-17 13:10:00,30.14,30.14,30.14,30.14,181
2026-04-17 13:20:00,30.11,30.11,30,30,951
2026-04-17 13:25:00,30.03,30.03,30.03,30.03,667
2026-04-17 13:30:00,30.12,30.14,30.12,30.14,250
2026-04-17 13:35:00,30.12,30.12,30.12,30.12,100
2026-04-17 13:45:00,30.21,30.21,30.205,30.205,236
2026-04-17 13:50:00,30.18,30.21,30.18,30.18,2018
2026-04-17 13:55:00,30.22,30.22,30.19,30.19,950
2026-04-17 14:05:00,30.025,30.025,30.025,30.025,100
2026-04-17 14:25:00,30.01,30.01,30.01,30.01,215
2026-04-17 14:45:00,30.045,30.045,30.045,30.045,375
2026-04-17 14:55:00,29.93,29.93,29.93,29.93,470
2026-04-17 15:00:00,30,30,30,30,204
2026-04-17 15:05:00,29.95,29.95,29.9208,29.93,479
2026-04-17 15:45:00,30.059,30.059,30.01,30.0101,3736
2026-04-17 15:50:00,30.07,30.07,30.04,30.04,534
2026-04-17 15:55:00,30.07,30.07,30.04,30.045,1301
2026-04-17 16:00:00,30.01,30.01,30.01,30.01,827
2026-04-17 16:50:00,30,30,30,30,200
2026-04-17 17:00:00,30.21,30.22,30.21,30.22,440
2026-04-17 17:15:00,30.1,30.1,30.1,30.1,200
2026-04-17 18:20:00,29.989,29.989,29.989,29.989,102
2026-04-17 19:00:00,30.1,30.1,30.1,30.1,100
2026-04-17 19:10:00,30.06,30.06,30.06,30.06,100
2026-04-20 04:00:00,28.17,28.17,28.17,28.17,835
2026-04-20 04:05:00,28.19,28.38,28.19,28.38,429
2026-04-20 04:10:00,28.3481,28.3481,28.3481,28.3481,121
2026-04-20 04:50:00,28.32,28.32,28.32,28.32,200
2026-04-20 05:10:00,28.43,28.43,28.43,28.43,349
2026-04-20 06:15:00,28.67,28.67,28.67,28.67,200
2026-04-20 07:05:00,28.49,28.55,28.49,28.55,1200
2026-04-20 07:10:00,28.48,28.48,28.48,28.48,400
2026-04-20 07:25:00,28.55,28.55,28.53,28.53,390
2026-04-20 07:50:00,28.56,28.56,28.55,28.55,800
2026-04-20 08:15:00,28.6,28.6,28.6,28.6,200
2026-04-20 08:20:00,28.68,28.68,28.68,28.68,300
2026-04-20 08:30:00,28.67,28.67,28.67,28.67,390
2026-04-20 09:25:00,28.551,28.551,28.551,28.551,488
2026-04-20 09:30:00,28.66,28.66,28.44,28.57,3858
2026-04-20 09:35:00,28.59,28.6306,28.59,28.6302,550
2026-04-20 09:40:00,28.54,28.55,28.54,28.541,3000
2026-04-20 09:45:00,28.57,28.57,28.49,28.49,2500
2026-04-20 09:55:00,28.51,28.51,28.51,28.51,100
2026-04-20 10:00:00,28.47,28.48,28.47,28.48,500
2026-04-20 10:15:00,28.485,28.5,28.485,28.5,271
2026-04-20 10:40:00,28.47,28.47,28.43,28.43,1200
2026-04-20 10:50:00,28.3,28.32,28.3,28.32,280
2026-04-20 11:00:00,28.3207,28.3207,28.2199,28.2199,613
2026-04-20 11:25:00,28.6,28.6,28.59,28.59,364
2026-04-20 11:30:00,28.56,28.56,28.5,28.5,422
2026-04-20 11:35:00,28.56,28.56,28.53,28.53,967
2026-04-20 11:40:00,28.57,28.57,28.57,28.57,100
2026-04-20 12:35:00,28.4431,28.4431,28.4431,28.4431,600
2026-04-20 13:20:00,28.645,28.645,28.645,28.645,100
2026-04-20 13:35:00,28.589,28.589,28.589,28.589,100
2026-04-20 14:10:00,28.76,28.825,28.76,28.825,1520
2026-04-20 14:15:00,28.82,28.82,28.82,28.82,212
2026-04-20 14:20:00,28.7904,28.7904,28.7904,28.7904,100
2026-04-20 14:25:00,28.79,28.79,28.79,28.79,112
2026-04-20 14:35:00,28.8,28.8,28.8,28.8,110
2026-04-20 14:40:00,28.86,28.88,28.86,28.88,400
2026-04-20 15:50:00,28.8,28.8,28.79,28.795,748
2026-04-20 15:55:00,28.8299,28.85,28.8299,28.85,804
2026-04-20 16:00:00,28.85,28.85,28.85,28.85,197
2026-04-20 17:05:00,28.94,28.94,28.94,28.94,541
2026-04-21 04:00:00,28.66,28.66,28.66,28.66,178
2026-04-21 04:35:00,28.65,28.65,28.65,28.65,200
2026-04-21 07:05:00,28.83,28.83,28.83,28.83,400
2026-04-21 07:10:00,28.64,28.64,28.64,28.64,199
2026-04-21 08:00:00,28.661,28.661,28.661,28.661,140
2026-04-21 08:10:00,28.65,28.65,28.65,28.65,286
2026-04-21 08:15:00,28.62,28.62,28.61,28.61,726
2026-04-21 08:55:00,28.5101,28.5101,28.5101,28.5101,270
2026-04-21 09:30:00,28.47,28.47,28.47,28.47,100
2026-04-21 09:35:00,28.48,28.48,28.46,28.46,524
2026-04-21 09:55:00,28.58,28.58,28.58,28.58,100
2026-04-21 10:05:00,28.5199,28.5199,28.5199,28.5199,200
2026-04-21 10:10:00,28.49,28.49,28.49,28.49,100
2026-04-21 10:15:00,28.5446,28.64,28.5446,28.63,2124
2026-04-21 10:35:00,28.69,28.69,28.69,28.69,218
2026-04-21 10:40:00,28.69,28.69,28.69,28.69,160
2026-04-21 10:55:00,28.51,28.51,28.51,28.51,218
2026-04-21 11:05:00,28.38,28.4198,28.38,28.4198,591
2026-04-21 11:15:00,28.53,28.53,28.53,28.53,100
2026-04-21 11:20:00,28.53,28.53,28.42,28.42,468
2026-04-21 12:00:00,28.6,28.6,28.58,28.6,832
2026-04-21 12:05:00,28.52,28.52,28.52,28.52,225
2026-04-21 12:45:00,28.62,28.62,28.62,28.62,100
2026-04-21 12:50:00,28.575,28.575,28.575,28.575,215
2026-04-21 13:15:00,28.3,28.3,28.3,28.3,184
2026-04-21 14:15:00,28.48,28.48,28.48,28.48,100
2026-04-21 14:40:00,28.49,28.49,28.49,28.49,418
2026-04-21 14:50:00,28.4699,28.4699,28.4699,28.4699,400
2026-04-21 15:00:00,28.61,28.6501,28.61,28.6501,1235
2026-04-21 15:05:00,28.69,28.69,28.69,28.69,100
2026-04-21 15:10:00,28.6,28.6,28.6,28.6,400
2026-04-21 15:15:00,28.59,28.65,28.57,28.615,11500
2026-04-21 15:30:00,28.735,28.735,28.635,28.635,1073
2026-04-21 15:35:00,28.625,28.625,28.5242,28.5242,600
2026-04-21 15:40:00,28.25,28.25,28.25,28.25,282
2026-04-21 15:55:00,28.43,28.43,28.43,28.43,100
2026-04-21 16:30:00,28.671,28.671,28.671,28.671,100
2026-04-21 18:05:00,28.58,28.58,28.58,28.58,199
2026-04-21 18:15:00,28.59,28.59,28.59,28.59,300
2026-04-21 18:30:00,28.5039,28.5039,28.5039,28.5039,220
2026-04-21 18:45:00,28.59,28.59,28.59,28.59,214
2026-04-21 18:55:00,28.55,28.55,28.55,28.55,214
2026-04-22 04:00:00,29.16,29.56,29.16,29.56,490
2026-04-22 04:20:00,29.53,29.54,29.53,29.54,491
2026-04-22 05:00:00,29.51,29.55,29.51,29.55,500
2026-04-22 06:45:00,29.57,29.57,29.57,29.57,100
2026-04-22 07:00:00,29.58,29.59,29.58,29.59,359
2026-04-22 07:05:00,29.6,29.6,29.6,29.6,200
2026-04-22 07:10:00,29.56,29.58,29.55,29.58,845
2026-04-22 07:35:00,29.59,29.59,29.59,29.59,115
2026-04-22 07:40:00,29.5821,29.5821,29.5821,29.5821,170
2026-04-22 08:25:00,29.64,29.64,29.64,29.64,200
2026-04-22 08:30:00,29.64,29.64,29.64,29.64,423
2026-04-22 08:45:00,29.72,29.72,29.72,29.72,299
2026-04-22 08:55:00,29.72,29.72,29.72,29.72,191
2026-04-22 09:00:00,29.7683,29.77,29.7683,29.77,1240
2026-04-22 09:05:00,29.8,29.8,29.8,29.8,300
2026-04-22 09:30:00,29.79,29.83,29.79,29.825,6888
2026-04-22 09:35:00,29.71,29.71,29.71,29.71,1000
2026-04-22 09:40:00,29.82,29.845,29.82,29.845,300
2026-04-22 09:45:00,29.9081,29.9081,29.9081,29.9081,267
2026-04-22 09:55:00,29.875,29.875,29.875,29.875,170
2026-04-22 10:05:00,29.87,29.87,29.87,29.87,488
2026-04-22 10:10:00,29.9,29.9,29.9,29.9,500
2026-04-22 10:20:00,29.889,29.889,29.889,29.889,133
2026-04-22 10:25:00,29.87,29.87,29.87,29.87,243
2026-04-22 10:30:00,29.61,29.61,29.61,29.61,169
2026-04-22 10:35:00,29.71,29.71,29.71,29.71,400
2026-04-22 10:55:00,29.71,29.71,29.71,29.71,999
2026-04-22 11:00:00,29.64,29.64,29.64,29.64,100
2026-04-22 11:10:00,29.6645,29.6645,29.6645,29.6645,150
2026-04-22 11:20:00,29.6534,29.68,29.6534,29.68,842
2026-04-22 11:25:00,29.58,29.58,29.58,29.58,100
2026-04-22 11:30:00,29.67,29.67,29.67,29.67,100
2026-04-22 11:35:00,29.68,29.75,29.68,29.75,200
2026-04-22 12:00:00,29.72,29.75,29.72,29.75,234
2026-04-22 12:05:00,29.82,29.83,29.82,29.83,250
2026-04-22 12:50:00,29.49,29.49,29.49,29.49,100
2026-04-22 13:05:00,29.5613,29.5613,29.5613,29.5613,199
2026-04-22 13:20:00,29.55,29.55,29.55,29.55,100
2026-04-22 13:45:00,29.6,29.6,29.6,29.6,100
2026-04-22 14:10:00,29.69,29.69,29.69,29.69,100
2026-04-22 14:35:00,29.65,29.65,29.65,29.65,353
2026-04-22 14:40:00,29.66,29.72,29.63,29.72,4100
2026-04-22 15:00:00,29.66,29.66,29.57,29.57,800
2026-04-22 15:05:00,29.56,29.58,29.55,29.55,600
2026-04-22 15:10:00,29.58,29.58,29.55,29.55,200
2026-04-22 15:15:00,29.615,29.64,29.615,29.64,300
2026-04-22 15:20:00,29.69,29.69,29.69,29.69,100
2026-04-22 15:25:00,29.74,29.74,29.74,29.74,100
2026-04-22 15:30:00,29.7305,29.75,29.68,29.68,2116
2026-04-22 15:35:00,29.63,29.67,29.63,29.67,637
2026-04-22 15:40:00,29.62,29.63,29.6092,29.63,787
2026-04-22 15:55:00,29.64,29.665,29.6,29.6,725
2026-04-22 16:00:00,29.61,29.61,29.61,29.61,103
2026-04-22 17:00:00,29.54,29.54,29.54,29.54,100
2026-04-22 17:20:00,29.57,29.57,29.57,29.57,100
2026-04-22 17:30:00,29.5,29.5,29.49,29.49,200
2026-04-22 18:55:00,29.6491,29.6491,29.6491,29.6491,168
2026-04-22 19:05:00,29.6,29.6,29.6,29.6,192
2026-04-22 19:20:00,29.58,29.58,29.5,29.5,400
2026-04-23 04:00:00,29.27,29.27,28.95,28.95,410
2026-04-23 05:05:00,28.74,28.74,28.74,28.74,100
2026-04-23 05:10:00,28.65,28.67,28.65,28.67,263
2026-04-23 05:55:00,28.65,28.65,28.65,28.65,243
2026-04-23 06:05:00,28.55,28.55,28.55,28.55,100
2026-04-23 07:05:00,28.63,28.63,28.63,28.63,600
2026-04-23 07:30:00,28.64,28.64,28.64,28.64,233
2026-04-23 07:55:00,28.77,28.77,28.77,28.77,241
2026-04-23 08:20:00,28.75,28.75,28.75,28.75,100
2026-04-23 08:55:00,28.76,28.76,28.76,28.76,209
2026-04-23 09:10:00,28.72,28.72,28.72,28.72,200
2026-04-23 09:25:00,28.72,28.72,28.72,28.72,220
2026-04-23 09:35:00,28.6613,28.6865,28.6613,28.6865,400
2026-04-23 09:45:00,28.64,28.649,28.64,28.649,350
2026-04-23 10:05:00,28.68,28.68,28.68,28.68,501
2026-04-23 10:10:00,28.63,28.63,28.63,28.63,219
2026-04-23 10:25:00,28.81,28.81,28.79,28.79,200
2026-04-23 11:15:00,28.79,28.8,28.79,28.8,240
2026-04-23 11:20:00,28.875,28.875,28.875,28.875,500
2026-04-23 11:30:00,28.8,28.84,28.8,28.83,5260
2026-04-23 11:40:00,28.85,28.85,28.85,28.85,2738
2026-04-23 11:45:00,28.85,28.859,28.82,28.825,904
2026-04-23 11:50:00,28.8,28.8,28.76,28.76,375
2026-04-23 11:55:00,28.79,28.8,28.79,28.8,490
2026-04-23 12:00:00,28.8,28.8,28.79,28.79,300
2026-04-23 12:30:00,28.79,28.819,28.79,28.819,350
2026-04-23 12:35:00,28.8,28.81,28.78,28.78,2800
2026-04-23 12:40:00,28.77,28.79,28.77,28.79,250
2026-04-23 12:45:00,28.78,28.79,28.77,28.77,1142
2026-04-23 12:50:00,28.76,28.76,28.73,28.73,200
2026-04-23 12:55:00,28.72,28.72,28.72,28.72,250
2026-04-23 13:00:00,28.66,28.66,28.65,28.65,498
2026-04-23 13:10:00,28.58,28.58,28.58,28.58,199
2026-04-23 13:20:00,28.52,28.52,28.52,28.52,166
2026-04-23 13:25:00,28.53,28.53,28.53,28.53,100
2026-04-23 13:40:00,28.27,28.27,28.27,28.27,250
2026-04-23 13:45:00,28.29,28.29,28.24,28.271,400
2026-04-23 13:50:00,28.28,28.5,28.28,28.47,1705
2026-04-23 14:30:00,28.54,28.54,28.54,28.54,247
2026-04-23 14:40:00,28.56,28.56,28.56,28.56,100
2026-04-23 15:05:00,28.485,28.485,28.485,28.485,351
2026-04-23 15:30:00,28.565,28.565,28.54,28.54,316
2026-04-23 15:35:00,28.52,28.52,28.52,28.52,108
2026-04-23 15:50:00,28.565,28.5803,28.565,28.5803,340
2026-04-23 15:55:00,28.615,28.64,28.55,28.55,1965
2026-04-23 16:25:00,28.6,28.6,28.6,28.6,180
2026-04-23 17:55:00,28.66,28.66,28.66,28.66,100
2026-04-23 18:25:00,28.8,28.81,28.8,28.81,350
2026-04-23 18:35:00,28.81,28.81,28.81,28.81,100
2026-04-24 04:10:00,28.48,28.48,28.48,28.48,3904
2026-04-24 05:10:00,28.45,28.45,28.44,28.44,300
2026-04-24 06:35:00,28.55,28.55,28.55,28.55,200
2026-04-24 07:25:00,28.78,28.78,28.78,28.78,800
2026-04-24 07:50:00,28.8,28.8,28.76,28.76,518
2026-04-24 09:30:00,28.67,28.72,28.65,28.72,672
2026-04-24 09:35:00,28.68,28.68,28.68,28.68,100
2026-04-24 09:40:00,28.645,28.66,28.645,28.66,1100
2026-04-24 09:55:00,28.57,28.58,28.57,28.58,403
2026-04-24 10:00:00,28.54,28.54,28.54,28.54,200
2026-04-24 10:05:00,28.5,28.5,28.5,28.5,1000
2026-04-24 10:15:00,28.56,28.56,28.56,28.56,200
2026-04-24 10:35:00,28.52,28.52,28.52,28.52,750
2026-04-24 11:00:00,28.55,28.55,28.55,28.55,100
2026-04-24 11:05:00,28.47,28.47,28.42,28.42,535
2026-04-24 11:40:00,28.59,28.7,28.59,28.69,600
2026-04-24 11:45:00,28.7,28.7,28.65,28.65,1200
2026-04-24 12:05:00,28.6588,28.6588,28.6588,28.6588,500
2026-04-24 12:20:00,28.57,28.57,28.57,28.57,200
2026-04-24 12:25:00,28.58,28.58,28.58,28.58,200
2026-04-24 12:40:00,28.54,28.54,28.54,28.54,100
2026-04-24 12:55:00,28.55,28.55,28.55,28.55,105
2026-04-24 13:10:00,28.6,28.6,28.6,28.6,126
2026-04-24 13:25:00,28.555,28.555,28.555,28.555,200
2026-04-24 13:30:00,28.5,28.5,28.5,28.5,309
2026-04-24 13:50:00,28.57,28.57,28.57,28.57,261
2026-04-24 13:55:00,28.64,28.64,28.621,28.63,504
2026-04-24 14:00:00,28.62,28.63,28.62,28.63,205
2026-04-24 14:10:00,28.6,28.6,28.6,28.6,206
2026-04-24 14:25:00,28.59,28.59,28.562,28.562,200
2026-04-24 14:35:00,28.6,28.6,28.6,28.6,558
2026-04-24 15:05:00,28.64,28.64,28.64,28.64,100
2026-04-24 15:25:00,28.645,28.645,28.645,28.645,1000
2026-04-24 15:50:00,28.64,28.64,28.63,28.63,2300
2026-04-27 04:00:00,29.44,29.44,28.61,28.61,250
2026-04-27 04:05:00,28.72,28.72,28.72,28.72,297
2026-04-27 04:10:00,28.56,28.56,28.56,28.56,140
2026-04-27 05:10:00,28.6,28.6,28.6,28.6,120
2026-04-27 05:55:00,28.65,28.65,28.65,28.65,120
2026-04-27 06:55:00,28.62,28.62,28.62,28.62,698
2026-04-27 07:05:00,28.62,28.63,28.61,28.61,863
2026-04-27 07:15:00,28.61,28.61,28.61,28.61,118
2026-04-27 07:45:00,28.62,28.62,28.62,28.62,330
2026-04-27 08:10:00,28.64,28.64,28.64,28.64,2000
2026-04-27 08:20:00,28.58,28.58,28.58,28.58,170
2026-04-27 08:25:00,28.5526,28.5526,28.5526,28.5526,146
2026-04-27 09:15:00,28.57,28.57,28.57,28.57,203
2026-04-27 09:30:00,28.5699,28.5699,28.5699,28.5699,115
2026-04-27 09:40:00,28.59,28.59,28.59,28.59,124
2026-04-27 09:45:00,28.5,28.5,28.48,28.48,250
2026-04-27 09:50:00,28.46,28.46,28.46,28.46,205
2026-04-27 09:55:00,28.52,28.53,28.5113,28.53,555
2026-04-27 10:00:00,28.5301,28.5301,28.53,28.53,274
2026-04-27 10:05:00,28.57,28.57,28.54,28.54,8270
2026-04-27 10:15:00,28.54,28.54,28.54,28.54,100
2026-04-27 10:35:00,28.58,28.59,28.58,28.59,3700
2026-04-27 10:40:00,28.62,28.62,28.62,28.62,133
2026-04-27 10:50:00,28.7343,28.7343,28.565,28.565,795
2026-04-27 11:00:00,28.3,28.3,28.3,28.3,100
2026-04-27 11:05:00,28.35,28.35,28.32,28.32,200
2026-04-27 11:10:00,28.33,28.33,28.33,28.33,100
2026-04-27 11:15:00,28.27,28.27,28.1,28.1,1396
2026-04-27 11:20:00,28.02,28.02,27.92,27.92,448
2026-04-27 11:25:00,27.93,27.93,27.93,27.93,251
2026-04-27 11:30:00,28.16,28.16,28.08,28.14,1214
2026-04-27 11:35:00,28.09,28.09,28.09,28.09,406
2026-04-27 11:40:00,28.12,28.12,28.12,28.12,5000
2026-04-27 13:00:00,28.09,28.09,28.09,28.09,106
2026-04-27 14:25:00,28.2,28.2,28.2,28.2,100
2026-04-27 14:40:00,28.19,28.19,28.19,28.19,349
2026-04-27 15:40:00,28.185,28.185,28.185,28.185,169
2026-04-27 15:55:00,28.18,28.18,28.18,28.18,200
2026-04-27 19:20:00,28.27,28.272,28.27,28.272,400
2026-04-27 19:35:00,28.3,28.3,28.3,28.3,300
2026-04-27 19:50:00,28.36,28.36,28.36,28.36,823
2026-04-28 06:10:00,28.11,28.11,28.11,28.11,385
2026-04-28 06:20:00,28.12,28.12,28.11,28.11,450
2026-04-28 06:30:00,28.14,28.14,28.14,28.14,100
2026-04-28 07:20:00,28.04,28.04,28.04,28.04,177
2026-04-28 07:40:00,28,28,28,28,900
2026-04-28 08:10:00,28.04,28.04,28.04,28.04,200
2026-04-28 08:30:00,28.01,28.01,28.01,28.01,302
2026-04-28 08:40:00,28.05,28.05,28.05,28.05,1000
2026-04-28 09:05:00,27.925,27.925,27.92,27.92,420
2026-04-28 09:10:00,27.92,27.92,27.92,27.92,1748
2026-04-28 09:30:00,27.99,28,27.99,28,4098
2026-04-28 09:35:00,28.03,28.0506,28.03,28.0506,1002
2026-04-28 09:40:00,28.07,28.07,28.07,28.07,143
2026-04-28 09:45:00,28.07,28.07,28.07,28.07,300
2026-04-28 10:05:00,28.04,28.04,28.04,28.04,199
2026-04-28 10:25:00,27.93,27.93,27.93,27.93,150
2026-04-28 10:30:00,27.95,27.95,27.95,27.95,200
2026-04-28 10:55:00,27.99,27.99,27.99,27.99,100
2026-04-28 11:10:00,28.05,28.05,28.0231,28.0231,1500
2026-04-28 11:20:00,28.02,28.03,28.02,28.03,294
2026-04-28 11:30:00,27.9701,27.9701,27.9701,27.9701,200
2026-04-28 11:40:00,28.0425,28.0425,28.0425,28.0425,118
2026-04-28 11:50:00,28.1,28.1,28.1,28.1,100
2026-04-28 12:55:00,28.17,28.17,28.17,28.17,1750
2026-04-28 13:15:00,28.1,28.1,28.1,28.1,150
2026-04-28 13:35:00,28.24,28.25,28.24,28.25,400
2026-04-28 13:45:00,28.25,28.25,28.25,28.25,100
2026-04-28 14:05:00,28.26,28.26,28.26,28.26,300
2026-04-28 14:10:00,28.205,28.205,28.205,28.205,100
2026-04-28 14:25:00,28.28,28.28,28.28,28.28,1300
2026-04-28 14:35:00,28.25,28.25,28.25,28.25,300
2026-04-28 14:40:00,28.24,28.24,28.24,28.24,522
2026-04-28 14:50:00,28.21,28.21,28.21,28.21,1300
2026-04-28 15:05:00,28.29,28.29,28.29,28.29,105
2026-04-28 15:55:00,28.39,28.39,28.39,28.39,300
2026-04-28 16:00:00,28.36,28.36,28.36,28.36,207
2026-04-28 16:20:00,28.37,28.37,28.36,28.36,200
2026-04-28 19:30:00,28.2,28.2,28.2,28.2,120
2026-04-28 19:50:00,28.24,28.24,28.24,28.24,100
2026-04-28 19:55:00,28.24,28.24,28.24,28.24,200
2026-04-29 04:05:00,28.74,28.74,28.74,28.74,321
2026-04-29 04:25:00,28.71,28.71,28.69,28.69,200
2026-04-29 04:30:00,28.7,28.7,28.7,28.7,200
2026-04-29 08:00:00,28.74,28.74,28.74,28.74,200
2026-04-29 08:20:00,28.64,28.64,28.59,28.59,600
2026-04-29 08:25:00,28.58,28.58,28.58,28.58,139
2026-04-29 08:35:00,28.5065,28.5065,28.5065,28.5065,100
2026-04-29 09:35:00,28.35,28.35,28.35,28.35,150
2026-04-29 09:50:00,28.385,28.385,28.385,28.385,133
2026-04-29 09:55:00,28.405,28.415,28.405,28.415,375
2026-04-29 10:05:00,28.32,28.32,28.304,28.304,386
2026-04-29 10:25:00,28.41,28.41,28.41,28.41,300
2026-04-29 10:55:00,28.361,28.38,28.36,28.38,1151
2026-04-29 11:00:00,28.33,28.33,28.33,28.33,200
2026-04-29 11:05:00,28.285,28.285,28.25,28.265,1268
2026-04-29 11:10:00,28.2276,28.2276,28.165,28.165,1330
2026-04-29 11:15:00,28.2,28.2,28.2,28.2,300
2026-04-29 11:20:00,28.21,28.21,28.16,28.16,837
2026-04-29 11:25:00,28.21,28.2393,28.21,28.2295,1291
2026-04-29 11:30:00,28.245,28.2699,28.17,28.17,2456
2026-04-29 11:35:00,28.225,28.225,28.16,28.16,4610
2026-04-29 11:50:00,28.0288,28.0288,27.905,27.905,365
2026-04-29 12:05:00,28.05,28.05,28.05,28.05,321
2026-04-29 13:00:00,27.93,27.94,27.93,27.94,443
2026-04-29 13:10:00,27.9554,27.9554,27.9554,27.9554,358
2026-04-29 14:05:00,27.61,27.61,27.61,27.61,295
2026-04-29 14:15:00,27.62,27.62,27.54,27.54,600
2026-04-29 14:20:00,27.54,27.54,27.54,27.54,646
2026-04-29 14:25:00,27.589,27.589,27.49,27.49,747
2026-04-29 14:30:00,27.39,27.39,27.34,27.365,5950
2026-04-29 14:45:00,27.38,27.38,27.38,27.38,223
2026-04-29 14:55:00,27.535,27.535,27.51,27.51,410
2026-04-29 15:00:00,27.53,27.57,27.53,27.5547,850
2026-04-29 15:05:00,27.465,27.465,27.465,27.465,500
2026-04-29 15:10:00,27.5,27.5,27.5,27.5,400
2026-04-29 15:30:00,27.425,27.4499,27.4,27.4499,1447
2026-04-29 15:35:00,27.425,27.459,27.425,27.459,4844
2026-04-29 15:45:00,27.45,27.46,27.45,27.46,400
2026-04-29 15:50:00,27.48,27.48,27.48,27.48,330
2026-04-29 15:55:00,27.47,27.48,27.46,27.48,2400
2026-04-29 16:50:00,27.67,27.67,27.67,27.67,600
2026-04-29 17:10:00,27.65,27.65,27.65,27.65,1148
2026-04-29 17:45:00,28.02,28.02,28.02,28.02,100
2026-04-29 17:50:00,27.72,27.72,27.72,27.72,1100
2026-04-30 04:00:00,27.72,27.72,27.72,27.72,600
2026-04-30 04:05:00,27.45,27.45,27.45,27.45,398
2026-04-30 04:15:00,27.85,27.85,27.85,27.85,7000
2026-04-30 04:30:00,27.83,27.83,27.83,27.83,400
2026-04-30 04:40:00,27.86,27.86,27.86,27.86,500
2026-04-30 06:30:00,27.83,27.83,27.83,27.83,164
2026-04-30 07:40:00,27.9,27.9,27.9,27.9,200
2026-04-30 09:30:00,27.7808,27.7808,27.7808,27.7808,200
2026-04-30 09:55:00,27.9333,27.9333,27.9333,27.9333,375
2026-04-30 10:05:00,27.95,27.95,27.95,27.95,100
2026-04-30 11:10:00,27.9335,27.9335,27.9335,27.9335,100
2026-04-30 13:00:00,27.8,27.8,27.8,27.8,130
2026-04-30 13:30:00,27.82,27.82,27.82,27.82,1427
2026-04-30 14:15:00,27.86,27.86,27.86,27.86,100
2026-04-30 14:35:00,27.85,27.85,27.85,27.85,557
2026-04-30 15:25:00,27.925,27.925,27.925,27.925,120
2026-04-30 15:40:00,27.94,27.94,27.94,27.94,100
2026-04-30 15:50:00,27.885,27.91,27.885,27.91,2978
2026-04-30 15:55:00,27.855,27.88,27.85,27.85,1563
2026-04-30 16:30:00,27.95,27.95,27.95,27.95,664
2026-05-01 04:05:00,27.85,27.85,27.85,27.85,166
2026-05-01 04:35:00,28.16,28.16,28.16,28.16,100
2026-05-01 06:20:00,28.2,28.2,28.2,28.2,500
2026-05-01 08:10:00,28.25,28.25,28.25,28.25,500
2026-05-01 08:20:00,28.32,28.32,28.32,28.32,110
2026-05-01 08:35:00,28.47,28.47,28.47,28.47,100
2026-05-01 09:30:00,28.45,28.45,28.45,28.45,450
2026-05-01 09:40:00,28.45,28.465,28.45,28.465,523
2026-05-01 09:45:00,28.46,28.46,28.46,28.46,300
2026-05-01 10:10:00,28.63,28.68,28.63,28.68,210
2026-05-01 10:25:00,28.52,28.52,28.52,28.52,131
2026-05-01 10:30:00,28.4605,28.51,28.4605,28.51,368
2026-05-01 10:35:00,28.505,28.505,28.505,28.505,110
2026-05-01 11:25:00,28.495,28.495,28.495,28.495,213
2026-05-01 12:15:00,28.445,28.445,28.445,28.445,114
2026-05-01 13:40:00,28.45,28.45,28.45,28.45,2198
2026-05-01 13:55:00,28.525,28.525,28.525,28.525,111
2026-05-01 14:25:00,28.45,28.45,28.45,28.45,200
2026-05-01 14:30:00,28.461,28.461,28.461,28.461,200
2026-05-01 14:45:00,28.4101,28.4101,28.4101,28.4101,150
2026-05-01 14:50:00,28.4001,28.4001,28.4001,28.4001,315
2026-05-01 14:55:00,28.41,28.41,28.41,28.41,183
2026-05-01 15:05:00,28.455,28.455,28.455,28.455,100
2026-05-01 16:30:00,28.36,28.369,28.36,28.369,200
2026-05-01 17:35:00,28.03,28.03,28,28,637
2026-05-04 04:25:00,29.118,29.118,29.118,29.118,116
2026-05-04 04:40:00,29.07,29.07,29.07,29.07,400
2026-05-04 04:55:00,29.11,29.11,29.11,29.11,200
2026-05-04 05:30:00,29.12,29.12,29.12,29.12,100
2026-05-04 06:00:00,29,29,29,29,242
2026-05-04 07:30:00,28.81,28.81,28.81,28.81,300
2026-05-04 08:10:00,28.8,28.8,28.8,28.8,150
2026-05-04 08:15:00,28.8,28.8,28.8,28.8,220
2026-05-04 08:20:00,28.87,28.87,28.83,28.83,500
2026-05-04 08:30:00,28.81,28.81,28.81,28.81,352
2026-05-04 08:35:00,28.81,28.81,28.81,28.81,4500
2026-05-04 09:00:00,28.699,28.699,28.699,28.699,300
2026-05-04 09:05:00,28.78,28.78,28.78,28.78,150
2026-05-04 09:30:00,28.82,28.82,28.82,28.82,300
2026-05-04 09:45:00,28.8,28.8,28.8,28.8,150
2026-05-04 10:00:00,28.79,28.79,28.79,28.79,360
2026-05-04 10:05:00,28.76,28.76,28.76,28.76,158
2026-05-04 10:15:00,28.8649,28.8649,28.8649,28.8649,250
2026-05-04 10:20:00,28.8799,28.8799,28.8799,28.8799,100
2026-05-04 10:30:00,28.92,28.92,28.92,28.92,350
2026-05-04 10:35:00,29.0696,29.0696,29.0696,29.0696,1000
2026-05-04 10:50:00,29.3185,29.3185,29.3185,29.3185,195
2026-05-04 10:55:00,29.2796,29.2796,29.27,29.27,888
2026-05-04 11:10:00,29.19,29.19,29.19,29.19,247
2026-05-04 11:20:00,28.8884,28.8884,28.87,28.87,450
2026-05-04 11:25:00,28.89,28.89,28.89,28.89,223
2026-05-04 11:40:00,28.97,28.97,28.97,28.97,103
2026-05-04 11:45:00,28.9198,28.9198,28.9198,28.9198,240
2026-05-04 11:50:00,28.9101,28.9101,28.91,28.91,614
2026-05-04 11:55:00,29,29,28.99,28.99,200
2026-05-04 12:10:00,28.841,28.841,28.841,28.841,300
2026-05-04 12:15:00,28.9,28.9,28.9,28.9,500
2026-05-04 13:15:00,29.18,29.18,29.18,29.18,1000
2026-05-04 13:35:00,29.18,29.18,29.18,29.18,120
2026-05-04 13:40:00,29.17,29.17,29.17,29.17,600
2026-05-04 14:30:00,29.14,29.14,29.14,29.14,300
2026-05-04 14:35:00,29.12,29.12,29.12,29.12,352
2026-05-04 14:40:00,29.1,29.1,29.1,29.1,352
2026-05-04 14:55:00,29.11,29.11,29.11,29.11,100
2026-05-04 15:15:00,29.05,29.05,29.05,29.05,200
2026-05-04 15:30:00,29.07,29.07,29.07,29.07,100
2026-05-04 15:55:00,29.01,29.03,29.01,29.03,900
2026-05-04 18:25:00,29.06,29.06,29.06,29.06,106
2026-05-05 07:15:00,29.28,29.28,29.28,29.28,100
2026-05-05 07:40:00,29.38,29.38,29.38,29.38,100
2026-05-05 08:10:00,29.36,29.39,29.36,29.39,850
2026-05-05 08:35:00,29.46,29.46,29.46,29.46,200
2026-05-05 08:40:00,29.47,29.47,29.47,29.47,450
2026-05-05 09:25:00,29.53,29.53,29.5,29.5,1120
2026-05-05 09:30:00,29.51,29.543,29.48,29.543,2796
2026-05-05 10:00:00,29.475,29.475,29.47,29.47,1100
2026-05-05 10:05:00,29.45,29.45,29.45,29.45,104
2026-05-05 10:10:00,29.47,29.47,29.47,29.47,100
2026-05-05 10:50:00,29.346,29.346,29.346,29.346,100
2026-05-05 10:55:00,29.365,29.365,29.365,29.365,510
2026-05-05 11:05:00,29.39,29.39,29.39,29.39,969
2026-05-05 11:15:00,29.39,29.39,29.39,29.39,416
2026-05-05 11:20:00,29.415,29.415,29.415,29.415,132
2026-05-05 11:30:00,29.3951,29.3951,29.3951,29.3951,420
2026-05-05 11:50:00,29.38,29.38,29.38,29.38,400
2026-05-05 12:20:00,29.3757,29.3757,29.3757,29.3757,600
2026-05-05 12:35:00,29.2,29.2,29.2,29.2,100
2026-05-05 12:40:00,29.11,29.11,29.11,29.11,342
2026-05-05 12:45:00,29.139,29.17,29.139,29.17,468
2026-05-05 12:55:00,29.1799,29.1799,29.1799,29.1799,167
2026-05-05 13:05:00,29.16,29.17,29.16,29.17,300
2026-05-05 13:15:00,29.15,29.1783,29.15,29.1783,216
2026-05-05 13:20:00,29.165,29.18,29.165,29.18,800
2026-05-05 13:25:00,29.15,29.15,29.15,29.15,410
2026-05-05 13:45:00,29.1109,29.1109,29.1109,29.1109,100
2026-05-05 13:55:00,29.125,29.125,29.125,29.125,340
2026-05-05 14:20:00,29.22,29.22,29.22,29.22,100
2026-05-05 14:30:00,29.22,29.22,29.22,29.22,121
2026-05-05 15:20:00,29.2284,29.2284,29.2284,29.2284,171
2026-05-05 15:30:00,29.25,29.25,29.25,29.25,250
2026-05-05 15:40:00,29.27,29.27,29.245,29.245,4155
2026-05-05 15:55:00,29.2223,29.25,29.22,29.22,1005
2026-05-05 16:00:00,29.22,29.22,29.22,29.22,307
2026-05-05 19:20:00,29.19,29.19,29.18,29.18,900
2026-05-05 19:25:00,29.13,29.13,29.08,29.08,1100
2026-05-05 19:35:00,29.05,29.05,29.04,29.04,400
2026-05-05 19:40:00,29.06,29.07,29.06,29.07,342
2026-05-06 04:00:00,29.22,29.22,29.12,29.12,452
2026-05-06 04:50:00,29.48,29.48,29.48,29.48,189
2026-05-06 04:55:00,29.51,29.51,29.51,29.51,340
2026-05-06 05:20:00,29.48,29.48,29.48,29.48,1942
2026-05-06 06:10:00,29.76,29.76,29.76,29.76,350
2026-05-06 06:45:00,29.73,29.73,29.73,29.73,271
2026-05-06 07:05:00,29.76,29.76,29.75,29.75,800
2026-05-06 07:50:00,29.75,29.75,29.75,29.75,363
2026-05-06 08:00:00,29.68,29.68,29.68,29.68,482
2026-05-06 08:05:00,29.69,29.71,29.69,29.71,600
2026-05-06 09:05:00,29.52,29.52,29.52,29.52,200
2026-05-06 09:20:00,29.4,29.4,29.4,29.4,571
2026-05-06 09:30:00,29.39,29.39,29.36,29.385,801
2026-05-06 09:35:00,29.35,29.35,29.29,29.29,300
2026-05-06 09:55:00,29.23,29.23,29.23,29.23,110
2026-05-06 10:05:00,29.065,29.065,29.065,29.065,350
2026-05-06 10:10:00,29.035,29.035,29.005,29.005,601
2026-05-06 10:15:00,29.09,29.09,29.09,29.09,1000
2026-05-06 10:20:00,29.03,29.09,29.03,29.09,4700
2026-05-06 10:50:00,29.1095,29.1095,29.09,29.09,400
2026-05-06 11:15:00,29.08,29.08,29.08,29.08,100
2026-05-06 11:40:00,29,29.06,29,29.06,1000
2026-05-06 12:00:00,29.04,29.04,29.04,29.04,335
2026-05-06 12:10:00,29.17,29.17,29.17,29.17,137
2026-05-06 12:15:00,29.14,29.14,29.14,29.14,137
2026-05-06 12:30:00,29,29,29,29,700
2026-05-06 12:35:00,29,29,29,29,150
2026-05-06 12:45:00,29.07,29.07,29.0607,29.0607,2435
2026-05-06 13:10:00,29.075,29.075,29.075,29.075,142
2026-05-06 13:25:00,29.005,29.005,29.005,29.005,100
2026-05-06 14:10:00,28.8509,28.8509,28.8509,28.8509,312
2026-05-06 14:25:00,28.89,28.89,28.89,28.89,360
2026-05-06 14:30:00,28.92,28.92,28.92,28.92,300
2026-05-06 15:30:00,28.88,28.88,28.88,28.88,300
2026-05-06 15:40:00,28.905,28.905,28.905,28.905,100
2026-05-06 15:45:00,28.895,28.895,28.895,28.895,1000
2026-05-06 15:55:00,28.945,28.945,28.945,28.945,261
2026-05-06 16:00:00,28.96,28.96,28.96,28.96,165
2026-05-06 16:35:00,28.949,28.949,28.949,28.949,100
2026-05-06 18:00:00,28.96,28.97,28.96,28.97,600
2026-05-06 19:05:00,28.82,28.82,28.82,28.82,300
2026-05-06 19:10:00,28.86,28.86,28.86,28.86,300
2026-05-07 06:10:00,28.66,28.66,28.66,28.66,100
2026-05-07 08:15:00,28.72,28.72,28.72,28.72,200
2026-05-07 09:25:00,28.63,28.63,28.63,28.63,173
2026-05-07 09:30:00,28.56,28.56,28.56,28.56,200
2026-05-07 09:45:00,28.43,28.43,28.41,28.41,204
2026-05-07 09:50:00,28.42,28.42,28.42,28.42,100
2026-05-07 09:55:00,28.5,28.5,28.5,28.5,200
2026-05-07 10:20:00,28.435,28.435,28.435,28.435,125
2026-05-07 10:25:00,28.415,28.415,28.415,28.415,1500
2026-05-07 10:30:00,28.26,28.26,28.26,28.26,200
2026-05-07 10:35:00,28.2,28.21,28.2,28.21,200
2026-05-07 10:45:00,28.257,28.257,28.257,28.257,168
2026-05-07 10:55:00,28.29,28.29,28.29,28.29,200
2026-05-07 11:00:00,28.285,28.285,28.285,28.285,100
2026-05-07 11:10:00,28.32,28.32,28.27,28.27,1620
2026-05-07 11:15:00,28.3,28.3,28.25,28.26,1487
2026-05-07 11:25:00,28.205,28.205,28.19,28.19,3700
2026-05-07 11:40:00,28.19,28.245,28.19,28.245,455
2026-05-07 11:45:00,28.26,28.26,28.26,28.26,200
2026-05-07 12:00:00,28.215,28.215,28.215,28.215,100
2026-05-07 12:05:00,28.15,28.15,28.15,28.15,200
2026-05-07 12:10:00,28.1504,28.17,28.15,28.15,2195
2026-05-07 12:40:00,28.2094,28.2094,28.2094,28.2094,240
2026-05-07 12:50:00,28.22,28.22,28.22,28.22,200
2026-05-07 13:40:00,28.2,28.2,28.2,28.2,117
2026-05-07 13:55:00,28.29,28.29,28.29,28.29,300
2026-05-07 14:40:00,28.295,28.295,28.295,28.295,115
2026-05-07 14:55:00,28.2774,28.2774,28.2774,28.2774,336
2026-05-07 15:30:00,28.19,28.205,28.19,28.205,441
2026-05-07 15:35:00,28.25,28.25,28.25,28.25,239
2026-05-07 15:50:00,28.28,28.28,28.2,28.2,4100
2026-05-07 17:20:00,28.15,28.15,28.15,28.15,100
2026-05-07 18:55:00,28.12,28.12,28.12,28.12,359
2026-05-08 04:00:00,28.08,28.08,27.97,27.97,504
2026-05-08 04:05:00,28.04,28.04,28.04,28.04,4000
2026-05-08 04:15:00,28.06,28.06,28.06,28.06,100
2026-05-08 05:00:00,28.1,28.1,28.1,28.1,150
2026-05-08 05:20:00,28.14,28.14,28.14,28.14,100
2026-05-08 05:25:00,28.19,28.19,28.19,28.19,107
2026-05-08 05:45:00,28.1,28.1,28.1,28.1,1000
2026-05-08 06:00:00,28.11,28.11,28.1,28.1,300
2026-05-08 06:05:00,28.08,28.08,28.08,28.08,300
2026-05-08 08:00:00,28.27,28.28,28.27,28.28,300
2026-05-08 08:15:00,28.23,28.23,28.19,28.19,694
2026-05-08 09:30:00,27.95,27.95,27.95,27.95,456
2026-05-08 09:35:00,28,28,28,28,865
2026-05-08 09:40:00,27.95,27.95,27.95,27.95,100
2026-05-08 09:50:00,27.985,27.985,27.985,27.985,301
2026-05-08 09:55:00,28,28,28,28,1000
2026-05-08 10:05:00,28.066,28.066,28.066,28.066,213
2026-05-08 10:20:00,28.17,28.17,28.17,28.17,450
2026-05-08 10:30:00,28.07,28.07,28.07,28.07,211
2026-05-08 11:00:00,28.0882,28.0882,28.0882,28.0882,269
2026-05-08 11:20:00,28,28,28,28,903
2026-05-08 11:25:00,28.01,28.01,28.01,28.01,150
2026-05-08 11:35:00,28.08,28.08,28.08,28.08,143
2026-05-08 11:40:00,28.12,28.12,28.12,28.12,100
2026-05-08 12:05:00,28.2,28.2,28.2,28.2,7000
2026-05-08 13:15:00,28.285,28.285,28.285,28.285,250
2026-05-08 13:20:00,28.3125,28.3125,28.3125,28.3125,968
2026-05-08 13:55:00,28.39,28.39,28.39,28.39,100
2026-05-08 14:20:00,28.5313,28.5313,28.5313,28.5313,100
2026-05-08 14:25:00,28.555,28.555,28.545,28.545,551
2026-05-08 14:30:00,28.52,28.52,28.52,28.52,208
2026-05-08 15:10:00,28.535,28.535,28.535,28.535,100
2026-05-08 15:15:00,28.55,28.55,28.55,28.55,233
2026-05-08 15:40:00,28.579,28.579,28.579,28.579,200
2026-05-08 15:45:00,28.54,28.54,28.54,28.54,200
2026-05-08 15:50:00,28.53,28.53,28.53,28.53,100
2026-05-08 15:55:00,28.515,28.515,28.49,28.49,1349
2026-05-08 16:35:00,28.47,28.47,28.47,28.47,500
2026-05-08 16:50:00,28.43,28.43,28.43,28.43,200
2026-05-08 18:50:00,28.24,28.24,28.24,28.24,400