2026-03-23 11:00:00,32.05,32.05,32.05,32.05,100
2026-03-23 13:00:00,31.984,31.984,31.984,31.984,136
2026-03-23 13:20:00,31.9439,31.9439,31.9439,31.9439,110
2026-03-23 14:25:00,32.05,32.05,32.05,32.05,115
2026-03-24 11:25:00,31.89,31.89,31.89,31.89,100
2026-03-24 11:55:00,31.88,31.88,31.84,31.84,600
2026-03-24 13:00:00,31.89,31.909,31.89,31.909,285
2026-03-24 14:55:00,31.87,31.87,31.85,31.85,1840
2026-03-24 15:55:00,31.92,31.92,31.92,31.92,200
2026-03-24 16:25:00,31.92,31.92,31.92,31.92,100
2026-03-25 09:30:00,32.01,32.01,32.01,32.01,315
2026-03-25 13:40:00,32.1023,32.1023,32.1023,32.1023,100
2026-03-25 14:15:00,32.0601,32.0601,32.0601,32.0601,300
2026-03-25 14:20:00,32.105,32.105,32.105,32.105,501
2026-03-25 14:40:00,32.105,32.105,32.105,32.105,143
2026-03-26 10:55:00,31.82,31.82,31.82,31.82,728
2026-03-26 11:30:00,31.72,31.72,31.72,31.72,188
2026-03-26 13:05:00,31.71,31.71,31.71,31.71,200
2026-03-26 13:20:00,31.645,31.645,31.645,31.645,225
2026-03-26 14:35:00,31.57,31.57,31.57,31.57,715
2026-03-26 15:00:00,31.61,31.61,31.61,31.61,220
2026-03-26 15:05:00,31.59,31.59,31.59,31.59,137
2026-03-26 15:55:00,31.55,31.55,31.55,31.55,200
2026-03-26 16:10:00,31.6,31.6,31.6,31.6,100
2026-03-27 10:10:00,31.41,31.41,31.41,31.41,1386
2026-03-27 11:35:00,31.6,31.6,31.6,31.6,100
2026-03-27 12:05:00,31.4918,31.54,31.4918,31.54,315
2026-03-27 14:45:00,31.48,31.48,31.48,31.48,716
2026-03-27 15:20:00,31.445,31.445,31.445,31.445,164
2026-03-27 15:50:00,31.435,31.435,31.435,31.435,125
2026-03-30 09:30:00,31.63,31.63,31.63,31.63,193
2026-03-30 10:25:00,31.39,31.48,31.39,31.48,1424
2026-03-30 11:25:00,31.43,31.43,31.43,31.43,100
2026-03-30 11:55:00,31.48,31.5049,31.4601,31.4601,1534
2026-03-30 13:40:00,31.32,31.32,31.32,31.32,100
2026-03-30 14:55:00,31.409,31.409,31.4004,31.4004,516
2026-03-30 15:00:00,31.36,31.36,31.36,31.36,821
2026-03-31 09:30:00,31.4,31.4,31.4,31.4,180
2026-03-31 10:05:00,31.58,31.58,31.58,31.58,100
2026-03-31 11:55:00,31.66,31.66,31.66,31.66,400
2026-03-31 12:40:00,31.72,31.8,31.72,31.8,240
2026-03-31 14:30:00,31.7701,31.7701,31.7701,31.7701,549
2026-03-31 14:50:00,31.5343,31.5343,31.5343,31.5343,244
2026-03-31 15:10:00,31.83,31.83,31.83,31.83,204
2026-04-01 10:00:00,32.085,32.085,32.085,32.085,176
2026-04-01 10:20:00,32.08,32.08,32.08,32.08,100
2026-04-01 13:50:00,32.19,32.19,32.16,32.16,30231
2026-04-01 14:35:00,32.09,32.09,32.09,32.09,100
2026-04-01 14:40:00,32.08,32.08,32.08,32.08,40005
2026-04-01 15:25:00,32.1,32.14,32.1,32.1,600
2026-04-02 09:30:00,31.91,31.91,31.91,31.91,436
2026-04-02 10:00:00,31.8,31.8,31.8,31.8,100
2026-04-02 10:35:00,31.93,31.93,31.93,31.93,140
2026-04-02 10:40:00,31.935,31.935,31.935,31.935,310
2026-04-02 11:55:00,31.84,31.84,31.84,31.84,181
2026-04-02 12:20:00,31.84,31.875,31.84,31.875,324
2026-04-02 14:40:00,31.861,31.861,31.861,31.861,100
2026-04-02 15:35:00,31.89,31.89,31.89,31.89,150
2026-04-02 15:50:00,31.89,31.89,31.89,31.89,100
2026-04-02 15:55:00,31.91,31.91,31.91,31.91,100
2026-04-06 09:40:00,32.1335,32.1335,32.1335,32.1335,313
2026-04-06 10:15:00,32.088,32.088,32.088,32.088,155
2026-04-06 10:25:00,32.11,32.11,32.11,32.11,144
2026-04-06 10:30:00,32.13,32.13,32.13,32.13,100
2026-04-06 10:40:00,32.11,32.11,32.11,32.11,530
2026-04-06 12:10:00,32.06,32.06,32.06,32.06,400
2026-04-06 13:25:00,32.05,32.05,32,32.04,129583
2026-04-06 13:30:00,32.01,32.01,32.01,32.01,100818
2026-04-06 14:15:00,32.065,32.065,32.03,32.03,3954
2026-04-06 15:45:00,31.99,31.99,31.99,31.99,100
2026-04-06 15:50:00,31.935,32.04,31.935,32.005,300
2026-04-07 09:45:00,32.075,32.075,32.075,32.075,1284
2026-04-07 10:55:00,31.96,31.96,31.93,31.93,1640
2026-04-07 11:15:00,31.8,31.8,31.8,31.8,100
2026-04-07 12:00:00,31.99,31.99,31.99,31.99,100
2026-04-07 14:35:00,32.01,32.06,32.01,32.01,1300
2026-04-07 15:05:00,31.985,31.985,31.985,31.985,170
2026-04-07 15:15:00,32,32,32,32,123
2026-04-07 16:00:00,32.09,32.1,32.09,32.1,200
2026-04-08 09:30:00,33.04,33.04,33.04,33.04,101
2026-04-08 10:30:00,32.9099,32.9099,32.9099,32.9099,198
2026-04-08 11:15:00,32.79,32.79,32.79,32.79,489
2026-04-08 11:20:00,32.8,32.8,32.8,32.8,420
2026-04-08 13:10:00,32.865,32.865,32.865,32.865,325
2026-04-08 13:15:00,32.9,32.9,32.84,32.86,1714
2026-04-08 13:40:00,32.82,32.82,32.82,32.82,40186
2026-04-08 14:00:00,32.84,32.855,32.84,32.855,865
2026-04-08 14:05:00,32.82,32.82,32.82,32.82,180
2026-04-08 14:20:00,32.89,32.9,32.83,32.89,996
2026-04-08 15:45:00,32.81,32.81,32.81,32.81,1330
2026-04-08 15:55:00,32.82,32.82,32.82,32.82,121
2026-04-09 10:10:00,32.76,32.76,32.76,32.76,100
2026-04-09 11:20:00,32.77,32.77,32.77,32.77,156
2026-04-09 11:45:00,32.85,32.85,32.85,32.85,140
2026-04-09 11:55:00,32.85,32.85,32.85,32.85,1000
2026-04-09 12:05:00,32.89,32.89,32.89,32.89,180
2026-04-09 13:15:00,32.89,32.89,32.89,32.89,100
2026-04-09 15:05:00,32.86,32.86,32.85,32.86,9811
2026-04-10 11:35:00,32.9902,32.9902,32.9902,32.9902,210
2026-04-10 12:45:00,32.94,32.9441,32.92,32.9441,819
2026-04-10 15:20:00,32.9308,32.9308,32.9308,32.9308,275
2026-04-10 15:50:00,32.98,32.98,32.98,32.98,260
2026-04-13 10:25:00,32.89,32.914,32.89,32.914,300
2026-04-13 11:00:00,32.9001,32.9001,32.9001,32.9001,607
2026-04-13 11:50:00,32.9494,32.9494,32.9494,32.9494,157
2026-04-13 15:10:00,33.105,33.105,33.105,33.105,150
2026-04-14 11:35:00,33.275,33.275,33.275,33.275,336
2026-04-14 12:45:00,33.27,33.27,33.27,33.27,100
2026-04-14 13:35:00,33.28,33.28,33.28,33.28,150
2026-04-15 11:10:00,33.31,33.31,33.31,33.31,150
2026-04-15 12:35:00,33.3525,33.3525,33.3525,33.3525,127
2026-04-15 15:30:00,33.271,33.271,33.271,33.271,250
2026-04-16 11:30:00,33.35,33.35,33.34,33.34,217
2026-04-16 12:30:00,33.35,33.35,33.34,33.34,300
2026-04-16 13:05:00,33.34,33.34,33.34,33.34,100
2026-04-16 14:35:00,33.31,33.31,33.31,33.31,300
2026-04-16 15:05:00,33.291,33.291,33.291,33.291,301
2026-04-16 15:30:00,33.31,33.31,33.29,33.295,2024
2026-04-17 10:55:00,33.61,33.61,33.5813,33.6,6790
2026-04-17 11:15:00,33.65,33.65,33.64,33.65,410
2026-04-17 11:40:00,33.6271,33.6271,33.58,33.58,273
2026-04-17 13:20:00,33.59,33.59,33.59,33.59,1500
2026-04-17 14:30:00,33.61,33.61,33.61,33.61,313
2026-04-17 15:30:00,33.609,33.609,33.609,33.609,155
2026-04-20 13:25:00,33.485,33.485,33.485,33.485,100
2026-04-20 15:30:00,33.47,33.47,33.46,33.47,4030
2026-04-20 15:55:00,33.6,33.6,33.6,33.6,100
2026-04-21 11:05:00,33.401,33.401,33.401,33.401,100
2026-04-21 11:35:00,33.4108,33.4108,33.4108,33.4108,180
2026-04-21 13:20:00,33.35,33.35,33.35,33.35,3598
2026-04-21 13:40:00,33.469,33.469,33.4605,33.4605,290
2026-04-21 14:20:00,33.37,33.3701,33.37,33.37,1300
2026-04-21 14:25:00,33.37,33.37,33.37,33.37,100
2026-04-21 15:15:00,33.4222,33.4222,33.4222,33.4222,161