2026-04-07 09:30:00,47.07,47.07,47.07,47.07,172
2026-04-07 10:55:00,46.665,46.665,46.665,46.665,648
2026-04-07 11:10:00,46.465,46.465,46.465,46.465,381
2026-04-07 13:35:00,46.645,46.645,46.645,46.645,100
2026-04-07 13:55:00,46.776,46.776,46.776,46.776,100
2026-04-07 15:45:00,46.895,46.895,46.895,46.895,546
2026-04-07 15:50:00,46.865,46.865,46.865,46.865,100
2026-04-08 09:30:00,48.26,48.295,48.26,48.295,501
2026-04-08 09:35:00,48.38,48.38,48.38,48.38,150
2026-04-08 11:20:00,48.2646,48.2646,48.2646,48.2646,116
2026-04-08 13:15:00,48.42,48.42,48.42,48.42,160
2026-04-08 13:25:00,48.35,48.35,48.271,48.271,500
2026-04-08 13:35:00,48.3,48.37,48.3,48.37,208
2026-04-08 14:30:00,48.2686,48.28,48.2686,48.28,360
2026-04-08 14:45:00,48.19,48.19,48.19,48.19,125
2026-04-08 16:00:00,48.26,48.32,48.26,48.32,236
2026-04-09 11:05:00,48,48,48,48,149
2026-04-09 11:45:00,48.2301,48.2301,48.2301,48.2301,550
2026-04-09 12:15:00,48.405,48.405,48.405,48.405,209
2026-04-09 15:25:00,48.26,48.26,48.26,48.26,103
2026-04-10 09:30:00,48.61,48.61,48.61,48.61,212
2026-04-10 11:10:00,48.8908,48.8908,48.8908,48.8908,115
2026-04-13 09:30:00,48.66,48.7,48.66,48.7,980
2026-04-13 11:15:00,48.82,48.82,48.82,48.82,163
2026-04-13 13:40:00,49.12,49.12,49.12,49.12,100
2026-04-13 15:55:00,49.08,49.08,49.08,49.08,100
2026-04-14 09:30:00,49.36,49.46,49.36,49.46,229
2026-04-14 10:25:00,49.51,49.51,49.51,49.51,217
2026-04-14 11:25:00,49.638,49.638,49.638,49.638,100
2026-04-14 12:15:00,49.745,49.745,49.745,49.745,675
2026-04-14 14:25:00,49.615,49.615,49.615,49.615,277
2026-04-15 09:30:00,49.83,49.83,49.83,49.83,543
2026-04-15 10:05:00,49.78,49.78,49.78,49.78,139
2026-04-15 10:50:00,49.81,49.81,49.81,49.81,188
2026-04-15 11:30:00,49.89,49.915,49.89,49.915,240
2026-04-15 15:00:00,49.77,49.77,49.77,49.77,103
2026-04-16 09:30:00,50,50,50,50,681
2026-04-16 11:25:00,49.9,49.9,49.9,49.9,200
2026-04-16 13:25:00,49.74,49.74,49.74,49.74,100
2026-04-16 15:20:00,49.8,49.8,49.8,49.8,200
2026-04-16 15:30:00,49.7816,49.7816,49.7816,49.7816,158
2026-04-16 15:40:00,49.8,49.85,49.8,49.85,830
2026-04-16 15:55:00,49.89,49.89,49.89,49.89,180
2026-04-17 09:35:00,50.11,50.11,50.11,50.11,299
2026-04-17 09:55:00,50.1335,50.1335,50.1335,50.1335,152
2026-04-17 10:05:00,50.2284,50.2284,50.2284,50.2284,120
2026-04-17 10:10:00,50.24,50.24,50.24,50.24,300
2026-04-17 10:30:00,50.25,50.25,50.25,50.25,100
2026-04-17 11:05:00,50.4,50.4,50.4,50.4,875
2026-04-17 11:15:00,50.3,50.3,50.29,50.29,200
2026-04-17 11:20:00,50.271,50.271,50.271,50.271,200
2026-04-17 11:25:00,50.47,50.47,50.47,50.47,100
2026-04-17 14:20:00,50.16,50.16,50.16,50.16,182
2026-04-17 14:25:00,50.18,50.18,50.18,50.18,100
2026-04-17 14:35:00,50.16,50.16,50.068,50.068,500
2026-04-20 09:30:00,49.96,50.14,49.96,50.14,231
2026-04-20 10:35:00,50.1,50.1,50.1,50.1,110
2026-04-20 12:15:00,49.945,49.945,49.945,49.945,118
2026-04-20 13:30:00,50.0458,50.0458,50.0458,50.0458,100
2026-04-20 13:45:00,50.01,50.01,50.01,50.01,211
2026-04-21 09:30:00,50.14,50.14,50.14,50.14,204
2026-04-21 10:55:00,50.11,50.11,50.11,50.11,1215
2026-04-21 12:55:00,49.92,49.92,49.92,49.92,113
2026-04-21 13:05:00,49.84,49.84,49.84,49.84,113
2026-04-21 13:45:00,49.89,49.89,49.78,49.78,320
2026-04-21 15:50:00,49.48,49.48,49.48,49.48,303
2026-04-22 09:30:00,49.9,49.9,49.9,49.9,307
2026-04-22 09:45:00,50.1,50.1699,50.08,50.08,400
2026-04-22 11:05:00,49.92,49.92,49.92,49.92,100
2026-04-22 12:50:00,49.84,49.84,49.84,49.84,106
2026-04-22 12:55:00,49.841,49.841,49.841,49.841,200
2026-04-22 13:25:00,49.941,49.941,49.941,49.941,100
2026-04-22 14:30:00,49.88,49.88,49.88,49.88,100
2026-04-22 15:55:00,49.891,49.891,49.891,49.891,110
2026-04-23 09:30:00,49.72,49.72,49.72,49.72,191
2026-04-23 12:00:00,49.82,49.82,49.82,49.82,100
2026-04-23 12:35:00,49.86,49.86,49.86,49.86,400
2026-04-23 13:50:00,49.29,49.29,49.29,49.29,100
2026-04-23 14:00:00,49.54,49.54,49.54,49.54,100
2026-04-23 14:30:00,49.57,49.57,49.57,49.57,100
2026-04-23 15:35:00,49.57,49.57,49.57,49.57,123
2026-04-24 09:30:00,49.66,49.66,49.66,49.66,376
2026-04-24 14:05:00,49.81,49.81,49.81,49.81,200
2026-04-24 14:10:00,49.89,49.89,49.89,49.89,139
2026-04-27 09:30:00,49.79,49.79,49.79,49.79,410
2026-04-27 09:55:00,49.86,49.86,49.86,49.86,100
2026-04-27 11:15:00,49.72,49.72,49.72,49.72,100
2026-04-27 14:35:00,49.91,50.03,49.91,50.03,300
2026-04-27 15:10:00,49.95,49.95,49.95,49.95,553
2026-04-28 11:40:00,49.24,49.35,49.221,49.35,558
2026-04-28 15:10:00,49.421,49.421,49.421,49.421,200
2026-04-28 15:50:00,49.425,49.425,49.425,49.425,111
2026-04-29 13:35:00,49.1,49.1,49.1,49.1,250
2026-04-29 15:30:00,49.0055,49.0055,49.0055,49.0055,100
2026-04-30 10:55:00,49.51,49.51,49.51,49.51,100
2026-04-30 11:45:00,49.471,49.471,49.471,49.471,100
2026-04-30 13:25:00,49.6605,49.6605,49.6605,49.6605,100
2026-04-30 13:30:00,49.645,49.645,49.645,49.645,100
2026-04-30 14:00:00,49.675,49.675,49.64,49.6401,310
2026-04-30 14:30:00,49.81,49.81,49.81,49.81,198
2026-04-30 16:00:00,49.76,49.76,49.76,49.76,100
2026-05-01 12:30:00,49.75,49.75,49.75,49.75,140
2026-05-01 12:40:00,49.8899,49.8899,49.8899,49.8899,142
2026-05-01 13:15:00,49.88,49.88,49.88,49.88,100
2026-05-01 14:25:00,49.91,49.91,49.84,49.84,549
2026-05-01 14:50:00,49.8,49.8,49.8,49.8,350
2026-05-01 15:35:00,49.87,49.87,49.8,49.87,1060
2026-05-04 09:30:00,49.58,49.58,49.58,49.58,226
2026-05-04 14:35:00,49.2801,49.2801,49.2801,49.2801,146
2026-05-04 15:35:00,49.281,49.281,49.281,49.281,200
2026-05-05 09:25:00,49.56,49.56,49.56,49.56,115
2026-05-05 09:30:00,49.55,49.71,49.55,49.71,999
2026-05-05 09:55:00,49.49,49.4901,49.49,49.4901,400
2026-05-05 10:10:00,49.73,49.73,49.73,49.73,100
2026-05-05 10:35:00,49.675,49.675,49.675,49.675,100
2026-05-05 10:45:00,49.72,49.72,49.7199,49.7199,358
2026-05-05 11:10:00,49.695,49.695,49.695,49.695,100
2026-05-05 12:55:00,49.6888,49.6888,49.6888,49.6888,100
2026-05-05 14:25:00,49.7992,49.7992,49.7992,49.7992,100
2026-05-06 09:45:00,50,50,50,50,173
2026-05-06 10:10:00,50,50,50,50,425
2026-05-06 10:15:00,50.09,50.09,50.09,50.09,800
2026-05-06 11:00:00,50.25,50.25,50.25,50.25,139
2026-05-06 11:20:00,50.4,50.4,50.4,50.4,100
2026-05-06 13:35:00,50.375,50.375,50.375,50.375,100
2026-05-06 14:20:00,50.38,50.38,50.38,50.38,1842
2026-05-06 15:00:00,50.37,50.37,50.37,50.37,1178
2026-05-06 15:20:00,50.57,50.57,50.57,50.57,100
2026-05-07 09:30:00,50.46,50.46,50.46,50.46,312
2026-05-07 12:25:00,50.16,50.16,50.16,50.16,281
2026-05-08 09:30:00,50.14,50.14,50.14,50.14,202
2026-05-08 09:45:00,50.33,50.33,50.33,50.33,100
2026-05-08 11:25:00,50.25,50.255,50.25,50.255,1093
2026-05-08 11:30:00,50.34,50.38,50.25,50.38,697
2026-05-08 11:50:00,50.3,50.31,50.25,50.25,2581
2026-05-08 13:30:00,50.35,50.35,50.35,50.35,195
2026-05-08 14:10:00,50.435,50.435,50.435,50.435,147
2026-05-08 15:05:00,50.33,50.33,50.33,50.33,120