2026-03-23 04:40:00,50.16,50.16,50.16,50.16,250
2026-03-23 06:20:00,49.7,49.7,49.7,49.7,300
2026-03-23 07:20:00,51.99,51.99,51.99,51.99,200
2026-03-23 09:30:00,51.8,51.895,51.7457,51.81,35406
2026-03-23 09:35:00,51.83,52,51.75,51.95,14815
2026-03-23 09:40:00,51.99,52.29,51.92,52.04,13957
2026-03-23 09:45:00,52.02,52.16,52.01,52.08,10032
2026-03-23 09:50:00,52.1,52.205,52.035,52.16,11821
2026-03-23 09:55:00,52.15,52.17,52.025,52.17,15210
2026-03-23 10:00:00,52.2,52.37,52.16,52.275,14936
2026-03-23 10:05:00,52.25,52.27,52.15,52.22,19540
2026-03-23 10:10:00,52.205,52.27,52.17,52.2,12702
2026-03-23 10:15:00,52.21,52.43,52.19,52.43,7575
2026-03-23 10:20:00,52.42,52.59,52.42,52.56,4949
2026-03-23 10:25:00,52.545,52.545,52.41,52.45,6894
2026-03-23 10:30:00,52.43,52.52,52.42,52.45,8639
2026-03-23 10:35:00,52.46,52.48,52.32,52.37,14280
2026-03-23 10:40:00,52.355,52.46,52.355,52.43,12654
2026-03-23 10:45:00,52.42,52.57,52.35,52.54,11615
2026-03-23 10:50:00,52.55,52.61,52.48,52.545,9310
2026-03-23 10:55:00,52.55,52.58,52.515,52.515,7950
2026-03-23 11:00:00,52.53,52.72,52.5,52.72,6705
2026-03-23 11:05:00,52.72,52.77,52.68,52.75,6082
2026-03-23 11:10:00,52.74,52.8,52.69,52.7,9134
2026-03-23 11:15:00,52.685,52.7,52.545,52.55,13683
2026-03-23 11:20:00,52.55,52.64,52.49,52.61,12317
2026-03-23 11:25:00,52.58,52.62,52.42,52.445,6747
2026-03-23 11:30:00,52.46,52.47,52.385,52.4,6100
2026-03-23 11:35:00,52.395,52.405,52.25,52.255,11947
2026-03-23 11:40:00,52.24,52.25,52.15,52.18,15780
2026-03-23 11:45:00,52.17,52.23,52.12,52.22,8576
2026-03-23 11:50:00,52.21,52.21,51.92,51.92,26970
2026-03-23 11:55:00,51.93,51.93,51.7,51.71,31546
2026-03-23 12:00:00,51.7,51.83,51.69,51.72,18729
2026-03-23 12:05:00,51.71,51.78,51.65,51.76,9200
2026-03-23 12:10:00,51.75,51.88,51.71,51.82,9727
2026-03-23 12:15:00,51.83,51.83,51.69,51.69,9438
2026-03-23 12:20:00,51.68,51.7,51.62,51.68,9362
2026-03-23 12:25:00,51.67,51.71,51.54,51.54,21095
2026-03-23 12:30:00,51.54,51.65,51.52,51.635,63896
2026-03-23 12:35:00,51.65,51.72,51.6051,51.65,37108
2026-03-23 12:40:00,51.68,51.75,51.67,51.72,7648
2026-03-23 12:45:00,51.75,51.83,51.71,51.83,9274
2026-03-23 12:50:00,51.85,51.87,51.755,51.79,12455
2026-03-23 12:55:00,51.795,51.805,51.72,51.74,6853
2026-03-23 13:00:00,51.76,51.825,51.72,51.73,6640
2026-03-23 13:05:00,51.71,51.87,51.71,51.87,4694
2026-03-23 13:10:00,51.86,51.87,51.8,51.8,8668
2026-03-23 13:15:00,51.82,51.88,51.8,51.86,5026
2026-03-23 13:20:00,51.85,51.875,51.79,51.865,5997
2026-03-23 13:25:00,51.865,51.96,51.865,51.95,9450
2026-03-23 13:30:00,51.95,52.1,51.95,52.085,9835
2026-03-23 13:35:00,52.1,52.23,52.1,52.2,28953
2026-03-23 13:40:00,52.21,52.21,52.08,52.11,4974
2026-03-23 13:45:00,52.1,52.1,52.06,52.075,6120
2026-03-23 13:50:00,52.075,52.085,52.025,52.085,17686
2026-03-23 13:55:00,52.08,52.175,52.075,52.11,20456
2026-03-23 14:00:00,52.1,52.14,52.08,52.14,6406
2026-03-23 14:05:00,52.14,52.14,51.945,52.075,22583
2026-03-23 14:10:00,52.09,52.19,52.08,52.14,7420
2026-03-23 14:15:00,52.12,52.14,52.08,52.11,3300
2026-03-23 14:20:00,52.12,52.14,52.12,52.14,2600
2026-03-23 14:25:00,52.135,52.185,52.12,52.14,9325
2026-03-23 14:30:00,52.15,52.34,52.15,52.33,16912
2026-03-23 14:35:00,52.36,52.445,52.33,52.375,37099
2026-03-23 14:40:00,52.37,52.395,52.33,52.395,5473
2026-03-23 14:45:00,52.4,52.445,52.39,52.43,18602
2026-03-23 14:50:00,52.43,52.435,52.38,52.41,5000
2026-03-23 14:55:00,52.43,52.43,52.395,52.395,12214
2026-03-23 15:00:00,52.39,52.39,52.33,52.35,4774
2026-03-23 15:05:00,52.35,52.37,52.31,52.37,10810
2026-03-23 15:10:00,52.36,52.36,52.33,52.34,5077
2026-03-23 15:15:00,52.345,52.35,52.26,52.29,7399
2026-03-23 15:20:00,52.28,52.28,52.22,52.235,5797
2026-03-23 15:25:00,52.24,52.24,52.18,52.2,3165
2026-03-23 15:30:00,52.2,52.23,52.19,52.21,7497
2026-03-23 15:35:00,52.23,52.25,52.19,52.24,12263
2026-03-23 15:40:00,52.24,52.25,52.18,52.245,9107
2026-03-23 15:45:00,52.26,52.295,52.22,52.24,11076
2026-03-23 15:50:00,52.23,52.23,52.14,52.14,17791
2026-03-23 15:55:00,52.14,52.145,52.075,52.125,29836
2026-03-23 16:00:00,52.12,52.12,52.12,52.12,9490
2026-03-24 09:30:00,51.11,51.25,51.11,51.24,7101
2026-03-24 09:35:00,51.24,51.3,51.22,51.29,2791
2026-03-24 09:40:00,51.28,51.28,51.14,51.16,2400
2026-03-24 09:45:00,51.13,51.15,51.04,51.04,800
2026-03-24 09:50:00,51.08,51.11,51.01,51.08,13499
2026-03-24 09:55:00,51.11,51.23,51.11,51.23,2100
2026-03-24 10:00:00,51.26,51.31,51.26,51.29,1638
2026-03-24 10:05:00,51.31,51.37,51.24,51.37,900
2026-03-24 10:10:00,51.4,51.41,51.22,51.24,2783
2026-03-24 10:15:00,51.29,51.34,51.2802,51.34,1836
2026-03-24 10:20:00,51.35,51.37,51.34,51.35,3047
2026-03-24 10:25:00,51.32,51.39,51.31,51.39,1700
2026-03-24 10:30:00,51.41,51.51,51.41,51.51,1575
2026-03-24 10:35:00,51.52,51.52,51.39,51.4,2850
2026-03-24 10:40:00,51.43,51.49,51.43,51.475,939
2026-03-24 10:45:00,51.44,51.56,51.435,51.435,4100
2026-03-24 10:50:00,51.38,51.85,51.38,51.72,16050
2026-03-24 10:55:00,51.7,51.82,51.56,51.62,8825
2026-03-24 11:00:00,51.71,51.805,51.68,51.68,6255
2026-03-24 11:05:00,51.67,51.71,51.67,51.7,1625
2026-03-24 11:10:00,51.69,51.71,51.63,51.7,3502
2026-03-24 11:15:00,51.7,51.77,51.7,51.73,2400
2026-03-24 11:20:00,51.71,51.79,51.71,51.79,825
2026-03-24 11:25:00,51.83,51.865,51.79,51.79,1859
2026-03-24 11:30:00,51.83,51.83,51.74,51.74,800
2026-03-24 11:35:00,51.79,51.84,51.79,51.84,200
2026-03-24 11:40:00,51.79,51.79,51.78,51.78,400
2026-03-24 11:45:00,51.78,51.795,51.78,51.785,1400
2026-03-24 11:50:00,51.78,51.82,51.78,51.78,3611
2026-03-24 11:55:00,51.75,51.75,51.61,51.615,8360
2026-03-24 12:00:00,51.57,51.58,51.54,51.56,3600
2026-03-24 12:05:00,51.54,51.605,51.52,51.605,1842
2026-03-24 12:10:00,51.61,51.625,51.57,51.58,9599
2026-03-24 12:15:00,51.62,51.75,51.62,51.75,2125
2026-03-24 12:20:00,51.75,51.76,51.72,51.74,1210
2026-03-24 12:25:00,51.75,51.815,51.74,51.81,4765
2026-03-24 12:30:00,51.82,51.835,51.8,51.8,7685
2026-03-24 12:35:00,51.79,51.79,51.635,51.65,25737
2026-03-24 12:40:00,51.64,51.72,51.63,51.72,9277
2026-03-24 12:45:00,51.725,51.76,51.66,51.68,4600
2026-03-24 12:50:00,51.69,51.7,51.69,51.7,200
2026-03-24 12:55:00,51.65,51.65,51.61,51.63,3220
2026-03-24 13:00:00,51.65,51.65,51.505,51.505,2160
2026-03-24 13:05:00,51.42,51.43,51.31,51.37,7010
2026-03-24 13:10:00,51.32,51.33,51.28,51.33,610
2026-03-24 13:15:00,51.365,51.37,51.345,51.37,710
2026-03-24 13:20:00,51.37,51.4,51.35,51.4,3912
2026-03-24 13:25:00,51.38,51.41,51.38,51.4,1300
2026-03-24 13:30:00,51.45,51.47,51.37,51.39,1510
2026-03-24 13:35:00,51.355,51.46,51.355,51.43,2820
2026-03-24 13:40:00,51.45,51.47,51.36,51.36,800
2026-03-24 13:45:00,51.33,51.36,51.33,51.36,1110
2026-03-24 13:50:00,51.34,51.41,51.34,51.4,11311
2026-03-24 13:55:00,51.39,51.56,51.39,51.54,30634
2026-03-24 14:00:00,51.55,51.63,51.52,51.55,4850
2026-03-24 14:05:00,51.55,51.55,51.5,51.5,1500
2026-03-24 14:10:00,51.52,51.54,51.52,51.54,550
2026-03-24 14:15:00,51.495,51.56,51.45,51.54,6630
2026-03-24 14:20:00,51.54,51.55,51.5,51.535,4128
2026-03-24 14:25:00,51.52,51.595,51.52,51.59,10468
2026-03-24 14:30:00,51.58,51.68,51.575,51.665,24163
2026-03-24 14:35:00,51.665,51.83,51.665,51.83,8760
2026-03-24 14:40:00,51.82,51.84,51.71,51.74,9823
2026-03-24 14:45:00,51.74,51.74,51.69,51.6966,4736
2026-03-24 14:50:00,51.69,51.77,51.69,51.7,5000
2026-03-24 14:55:00,51.7,51.7,51.64,51.64,820
2026-03-24 15:00:00,51.73,51.75,51.72,51.75,2710
2026-03-24 15:05:00,51.73,51.77,51.72,51.77,2067
2026-03-24 15:10:00,51.78,51.805,51.78,51.78,2475
2026-03-24 15:15:00,51.79,51.79,51.745,51.745,1843
2026-03-24 15:20:00,51.74,51.745,51.715,51.715,1900
2026-03-24 15:25:00,51.755,51.755,51.67,51.67,1785
2026-03-24 15:30:00,51.65,51.69,51.64,51.69,2848
2026-03-24 15:35:00,51.63,51.65,51.63,51.64,1793
2026-03-24 15:40:00,51.64,51.655,51.64,51.645,3075
2026-03-24 15:45:00,51.64,51.65,51.62,51.645,12994
2026-03-24 15:50:00,51.64,51.645,51.585,51.61,5432
2026-03-24 15:55:00,51.61,51.61,51.565,51.58,18143
2026-03-24 16:00:00,51.57,51.57,51.57,51.57,5531
2026-03-25 09:30:00,52.54,52.64,52.54,52.63,626
2026-03-25 09:35:00,52.56,52.65,52.56,52.62,1700
2026-03-25 09:40:00,52.58,52.62,52.53,52.53,1900
2026-03-25 09:45:00,52.56,52.56,52.5,52.5,2300
2026-03-25 09:50:00,52.41,52.43,52.4,52.42,1832
2026-03-25 09:55:00,52.36,52.46,52.36,52.38,2200
2026-03-25 10:00:00,52.38,52.38,52.27,52.32,2800
2026-03-25 10:05:00,52.31,52.395,52.29,52.395,1331
2026-03-25 10:10:00,52.4,52.5,52.4,52.5,1129
2026-03-25 10:15:00,52.56,52.56,52.54,52.54,600
2026-03-25 10:20:00,52.56,52.57,52.56,52.56,300
2026-03-25 10:25:00,52.48,52.63,52.48,52.52,3600
2026-03-25 10:30:00,52.52,52.54,52.47,52.54,1726
2026-03-25 10:35:00,52.54,52.54,52.54,52.54,100
2026-03-25 10:40:00,52.49,52.51,52.49,52.51,500
2026-03-25 10:45:00,52.52,52.6,52.515,52.6,1800
2026-03-25 10:50:00,52.61,52.645,52.6,52.62,4782
2026-03-25 10:55:00,52.625,52.625,52.57,52.5797,1325
2026-03-25 11:00:00,52.52,52.57,52.51,52.57,1335
2026-03-25 11:05:00,52.54,52.54,52.39,52.4,1500
2026-03-25 11:10:00,52.385,52.385,52.32,52.33,1000
2026-03-25 11:15:00,52.28,52.32,52.085,52.19,5357
2026-03-25 11:20:00,52.2,52.4,52.2,52.4,2529
2026-03-25 11:25:00,52.39,52.42,52.37,52.41,800
2026-03-25 11:30:00,52.48,52.48,52.45,52.47,400
2026-03-25 11:35:00,52.45,52.45,52.3699,52.3699,850
2026-03-25 11:40:00,52.355,52.355,52.31,52.31,300
2026-03-25 11:45:00,52.4,52.4,52.34,52.35,980
2026-03-25 11:50:00,52.3499,52.365,52.315,52.32,2022
2026-03-25 11:55:00,52.33,52.375,52.29,52.31,2595
2026-03-25 12:00:00,52.32,52.33,52.29,52.3,1200
2026-03-25 12:05:00,52.28,52.28,52.27,52.27,700
2026-03-25 12:10:00,52.25,52.25,52.24,52.25,800
2026-03-25 12:15:00,52.27,52.28,52.23,52.23,700
2026-03-25 12:20:00,52.23,52.34,52.21,52.32,1600
2026-03-25 12:25:00,52.37,52.43,52.33,52.4,4125
2026-03-25 12:30:00,52.415,52.51,52.41,52.495,2450
2026-03-25 12:35:00,52.49,52.49,52.46,52.48,1200
2026-03-25 12:40:00,52.5,52.555,52.5,52.54,3814
2026-03-25 12:45:00,52.53,52.54,52.51,52.51,1156
2026-03-25 12:50:00,52.5,52.56,52.48,52.54,67189
2026-03-25 12:55:00,52.545,52.55,52.505,52.505,700
2026-03-25 13:00:00,52.5,52.54,52.48,52.53,2100
2026-03-25 13:05:00,52.49,52.5,52.46,52.46,1300
2026-03-25 13:10:00,52.47,52.54,52.465,52.52,28856
2026-03-25 13:15:00,52.51,52.52,52.48,52.52,500
2026-03-25 13:20:00,52.51,52.55,52.51,52.53,1269
2026-03-25 13:25:00,52.57,52.57,52.57,52.57,200
2026-03-25 13:30:00,52.55,52.7,52.48,52.6,206589
2026-03-25 13:35:00,52.61,52.65,52.61,52.64,6858
2026-03-25 13:40:00,52.63,52.675,52.605,52.625,6024
2026-03-25 13:45:00,52.6099,52.635,52.58,52.58,2100
2026-03-25 13:50:00,52.575,52.615,52.525,52.525,2700
2026-03-25 13:55:00,52.51,52.61,52.51,52.545,13928
2026-03-25 14:00:00,52.54,52.55,52.51,52.51,1700
2026-03-25 14:05:00,52.53,52.56,52.53,52.53,600
2026-03-25 14:10:00,52.52,52.545,52.52,52.53,500
2026-03-25 14:15:00,52.54,52.555,52.535,52.535,2588
2026-03-25 14:20:00,52.545,52.57,52.54,52.56,15507
2026-03-25 14:25:00,52.565,52.57,52.54,52.54,700
2026-03-25 14:30:00,52.55,52.55,52.535,52.535,400
2026-03-25 14:35:00,52.53,52.53,52.52,52.52,670
2026-03-25 14:40:00,52.48,52.49,52.48,52.49,600
2026-03-25 14:45:00,52.48,52.495,52.48,52.495,700
2026-03-25 14:50:00,52.47,52.475,52.465,52.475,1068
2026-03-25 14:55:00,52.435,52.435,52.325,52.42,11484
2026-03-25 15:00:00,52.41,52.41,52.37,52.4,15631
2026-03-25 15:05:00,52.405,52.41,52.385,52.395,12618
2026-03-25 15:10:00,52.395,52.42,52.39,52.42,3123
2026-03-25 15:15:00,52.44,52.46,52.44,52.44,2658
2026-03-25 15:20:00,52.48,52.48,52.48,52.48,808
2026-03-25 15:25:00,52.46,52.46,52.425,52.425,800
2026-03-25 15:30:00,52.42,52.42,52.38,52.4,1920
2026-03-25 15:35:00,52.41,52.41,52.39,52.405,1141
2026-03-25 15:40:00,52.41,52.435,52.405,52.405,1690
2026-03-25 15:45:00,52.41,52.42,52.4,52.4,1555
2026-03-25 15:50:00,52.415,52.44,52.395,52.42,1633
2026-03-25 15:55:00,52.42,52.45,52.4,52.445,21184
2026-03-25 16:00:00,52.45,52.45,52.45,52.45,14417
2026-03-25 16:55:00,52.11,52.11,52.11,52.11,480
2026-03-26 09:30:00,51.64,51.67,51.63,51.67,1398
2026-03-26 09:35:00,51.68,51.705,51.64,51.705,812
2026-03-26 09:40:00,51.7,51.8,51.7,51.8,1076
2026-03-26 09:45:00,51.87,51.99,51.87,51.94,3279
2026-03-26 09:50:00,51.8735,51.92,51.8735,51.92,1181
2026-03-26 09:55:00,51.85,51.855,51.76,51.81,1800
2026-03-26 10:00:00,51.93,51.93,51.85,51.85,2888
2026-03-26 10:05:00,51.86,51.86,51.84,51.84,500
2026-03-26 10:10:00,51.8151,51.9,51.8151,51.9,832
2026-03-26 10:15:00,51.92,51.96,51.92,51.96,500
2026-03-26 10:20:00,51.97,51.97,51.97,51.97,538
2026-03-26 10:25:00,51.97,51.97,51.97,51.97,400
2026-03-26 10:30:00,51.99,52.02,51.99,52.02,1760
2026-03-26 10:35:00,52.05,52.06,52.04,52.06,1100
2026-03-26 10:40:00,52.16,52.16,51.92,51.92,5964
2026-03-26 10:45:00,51.95,51.96,51.91,51.91,2700
2026-03-26 10:50:00,51.98,51.98,51.87,51.87,1530
2026-03-26 10:55:00,51.795,51.925,51.79,51.92,1900
2026-03-26 11:00:00,51.93,51.93,51.89,51.9,2100
2026-03-26 11:05:00,51.92,51.96,51.9,51.91,4123
2026-03-26 11:10:00,51.91,51.93,51.91,51.93,945
2026-03-26 11:15:00,51.89,51.89,51.89,51.89,100
2026-03-26 11:20:00,51.79,51.84,51.79,51.84,400
2026-03-26 11:25:00,51.81,51.835,51.81,51.825,700
2026-03-26 11:30:00,51.8,51.8,51.77,51.78,2000
2026-03-26 11:35:00,51.77,51.78,51.74,51.76,700
2026-03-26 11:40:00,51.73,51.73,51.66,51.66,551
2026-03-26 11:45:00,51.7,51.805,51.69,51.77,3120
2026-03-26 11:50:00,51.78,51.86,51.78,51.85,1800
2026-03-26 11:55:00,51.81,51.86,51.81,51.86,200
2026-03-26 12:00:00,51.84,51.88,51.84,51.88,300
2026-03-26 12:05:00,51.86,51.92,51.86,51.92,400
2026-03-26 12:10:00,51.9,51.9,51.83,51.83,725
2026-03-26 12:15:00,51.8,51.8,51.7,51.76,500
2026-03-26 12:25:00,51.66,51.68,51.66,51.68,850
2026-03-26 12:30:00,51.7,51.76,51.635,51.76,81614
2026-03-26 12:35:00,51.76,51.81,51.75,51.8,4150
2026-03-26 12:40:00,51.79,51.86,51.79,51.86,2326
2026-03-26 12:45:00,51.86,51.865,51.795,51.8,2200
2026-03-26 12:50:00,51.74,51.76,51.74,51.76,200
2026-03-26 12:55:00,51.75,51.76,51.74,51.76,1200
2026-03-26 13:00:00,51.78,51.83,51.76,51.76,11822
2026-03-26 13:05:00,51.765,51.805,51.765,51.8,7950
2026-03-26 13:10:00,51.82,51.82,51.78,51.785,1950
2026-03-26 13:15:00,51.77,51.77,51.73,51.73,2200
2026-03-26 13:20:00,51.69,51.74,51.69,51.73,1700
2026-03-26 13:25:00,51.71,51.72,51.71,51.71,1000
2026-03-26 13:30:00,51.74,51.74,51.71,51.73,1100
2026-03-26 13:35:00,51.72,51.74,51.71,51.72,1900
2026-03-26 13:40:00,51.695,51.715,51.66,51.71,5149
2026-03-26 13:45:00,51.7,51.7,51.65,51.67,1600
2026-03-26 13:50:00,51.59,51.62,51.59,51.615,1100
2026-03-26 13:55:00,51.6,51.63,51.6,51.63,1200
2026-03-26 14:00:00,51.64,51.6799,51.64,51.66,3634
2026-03-26 14:05:00,51.67,51.68,51.63,51.665,3810
2026-03-26 14:15:00,51.65,51.66,51.65,51.66,800
2026-03-26 14:20:00,51.655,51.66,51.65,51.66,1000
2026-03-26 14:25:00,51.665,51.665,51.665,51.665,150
2026-03-26 14:30:00,51.67,51.72,51.67,51.7,1200
2026-03-26 14:35:00,51.7,51.74,51.7,51.72,500
2026-03-26 14:40:00,51.72,51.72,51.71,51.71,200
2026-03-26 14:45:00,51.72,51.72,51.705,51.71,3090
2026-03-26 14:50:00,51.7,51.71,51.7,51.7,700
2026-03-26 14:55:00,51.69,51.71,51.67,51.71,2200
2026-03-26 15:00:00,51.72,51.72,51.64,51.64,819
2026-03-26 15:05:00,51.64,51.645,51.625,51.64,1000
2026-03-26 15:10:00,51.635,51.635,51.55,51.55,1520
2026-03-26 15:15:00,51.58,51.605,51.57,51.59,813
2026-03-26 15:20:00,51.58,51.59,51.56,51.56,520
2026-03-26 15:25:00,51.55,51.56,51.55,51.555,1706
2026-03-26 15:30:00,51.5,51.55,51.5,51.55,1679
2026-03-26 15:35:00,51.57,51.59,51.55,51.55,1425
2026-03-26 15:40:00,51.54,51.55,51.52,51.52,2784
2026-03-26 15:45:00,51.515,51.54,51.515,51.54,1179
2026-03-26 15:50:00,51.54,51.55,51.495,51.495,6462
2026-03-26 15:55:00,51.49,51.515,51.475,51.49,3178
2026-03-26 16:00:00,51.47,51.47,51.47,51.47,7603
2026-03-27 09:30:00,51.27,51.35,51.24,51.24,1450
2026-03-27 09:35:00,51.22,51.26,51.22,51.26,490
2026-03-27 09:40:00,51.3,51.36,51.3,51.35,2100
2026-03-27 09:45:00,51.39,51.4,51.39,51.4,200
2026-03-27 09:50:00,51.4,51.4,51.31,51.31,400
2026-03-27 09:55:00,51.23,51.23,51.19,51.23,2201
2026-03-27 10:00:00,51.3,51.3,51.24,51.24,200
2026-03-27 10:05:00,51.29,51.33,51.24,51.24,1343
2026-03-27 10:10:00,51.28,51.31,51.28,51.29,1004
2026-03-27 10:20:00,51.44,51.44,51.38,51.38,503
2026-03-27 10:30:00,51.37,51.46,51.35,51.46,1227
2026-03-27 10:35:00,51.45,51.45,51.35,51.37,2111
2026-03-27 10:40:00,51.345,51.36,51.34,51.34,500
2026-03-27 10:45:00,51.31,51.355,51.265,51.35,5449
2026-03-27 10:50:00,51.385,51.385,51.35,51.35,1696
2026-03-27 10:55:00,51.34,51.385,51.33,51.34,2117
2026-03-27 11:00:00,51.33,51.39,51.31,51.39,2199
2026-03-27 11:05:00,51.47,51.49,51.39,51.4,1975
2026-03-27 11:10:00,51.41,51.42,51.35,51.39,2210
2026-03-27 11:15:00,51.335,51.35,51.245,51.315,6771
2026-03-27 11:20:00,51.31,51.58,51.29,51.47,6770
2026-03-27 11:25:00,51.48,51.53,51.46,51.53,4961
2026-03-27 11:30:00,51.53,51.665,51.53,51.66,2114
2026-03-27 11:35:00,51.635,51.68,51.56,51.56,700
2026-03-27 11:40:00,51.54,51.54,51.505,51.515,1643
2026-03-27 11:45:00,51.51,51.55,51.51,51.54,2509
2026-03-27 11:50:00,51.55,51.565,51.455,51.465,1243
2026-03-27 11:55:00,51.465,51.47,51.37,51.37,3696
2026-03-27 12:00:00,51.377,51.46,51.35,51.41,2958
2026-03-27 12:05:00,51.385,51.385,51.29,51.3,2007
2026-03-27 12:10:00,51.255,51.335,51.24,51.335,1745
2026-03-27 12:15:00,51.335,51.34,51.305,51.33,1130
2026-03-27 12:20:00,51.33,51.35,51.305,51.305,1267
2026-03-27 12:25:00,51.29,51.37,51.29,51.37,1798
2026-03-27 12:30:00,51.39,51.425,51.375,51.375,2290
2026-03-27 12:35:00,51.38,51.395,51.33,51.345,6521
2026-03-27 12:40:00,51.33,51.38,51.33,51.38,1100
2026-03-27 12:45:00,51.37,51.43,51.37,51.43,520
2026-03-27 12:50:00,51.435,51.435,51.38,51.41,4566
2026-03-27 12:55:00,51.37,51.385,51.355,51.36,1382
2026-03-27 13:00:00,51.325,51.34,51.32,51.34,10443
2026-03-27 13:05:00,51.33,51.46,51.31,51.385,5977
2026-03-27 13:10:00,51.38,51.38,51.325,51.34,1658
2026-03-27 13:15:00,51.33,51.335,51.31,51.31,1482
2026-03-27 13:20:00,51.29,51.31,51.28,51.31,4100
2026-03-27 13:25:00,51.28,51.28,51.22,51.22,900
2026-03-27 13:30:00,51.215,51.215,51.2,51.205,670
2026-03-27 13:35:00,51.2,51.2,51.2,51.2,470
2026-03-27 13:45:00,51.18,51.21,51.18,51.21,1196
2026-03-27 13:50:00,51.2,51.21,51.1973,51.21,300
2026-03-27 13:55:00,51.18,51.18,51.17,51.18,540
2026-03-27 14:00:00,51.19,51.2,51.155,51.155,959
2026-03-27 14:05:00,51.14,51.17,51.14,51.15,1240
2026-03-27 14:10:00,51.17,51.17,51.125,51.125,902
2026-03-27 14:15:00,51.125,51.13,51.1,51.12,12205
2026-03-27 14:20:00,51.13,51.14,51.115,51.115,1758
2026-03-27 14:25:00,51.11,51.115,51.11,51.115,220
2026-03-27 14:30:00,51.11,51.11,51.1,51.1,500
2026-03-27 14:35:00,51.15,51.15,51.13,51.13,304
2026-03-27 14:40:00,51.1302,51.18,51.11,51.15,2134
2026-03-27 14:45:00,51.15,51.15,51.125,51.125,211
2026-03-27 14:50:00,51.12,51.12,51.09,51.09,535
2026-03-27 14:55:00,51.1,51.11,51.1,51.11,500
2026-03-27 15:00:00,51.135,51.135,51.09,51.09,200
2026-03-27 15:05:00,51.08,51.1,51.07,51.1,2254
2026-03-27 15:10:00,51.095,51.115,51.075,51.1,3414
2026-03-27 15:15:00,51.095,51.1,51.075,51.09,1867
2026-03-27 15:20:00,51.095,51.095,51.07,51.095,1796
2026-03-27 15:25:00,51.08,51.08,51.08,51.08,100
2026-03-27 15:30:00,51.1,51.12,51.06,51.085,8468
2026-03-27 15:35:00,51.06,51.065,51.015,51.025,3714
2026-03-27 15:40:00,51.01,51.015,50.955,50.985,2853
2026-03-27 15:45:00,50.985,51.015,50.95,51.005,18352
2026-03-27 15:50:00,51,51.06,50.985,51.045,18523
2026-03-27 15:55:00,51.055,51.125,51.04,51.11,35152
2026-03-27 16:00:00,51.1,51.1,51.1,51.1,3897
2026-03-30 09:30:00,51.56,51.6,51.5,51.5,11602
2026-03-30 09:35:00,51.51,51.54,51.47,51.54,11207
2026-03-30 09:40:00,51.47,51.48,51.45,51.47,1700
2026-03-30 09:45:00,51.46,51.47,51.41,51.445,13455
2026-03-30 09:50:00,51.43,51.47,51.43,51.43,2600
2026-03-30 09:55:00,51.4,51.4,51.34,51.37,1600
2026-03-30 10:00:00,51.37,51.46,51.37,51.43,1100
2026-03-30 10:05:00,51.45,51.45,51.36,51.4,900
2026-03-30 10:10:00,51.43,51.45,51.42,51.43,900
2026-03-30 10:15:00,51.41,51.41,51.37,51.37,600
2026-03-30 10:20:00,51.41,51.455,51.41,51.42,3120
2026-03-30 10:25:00,51.43,51.43,51.37,51.42,3755
2026-03-30 10:30:00,51.43,51.47,51.43,51.45,3367
2026-03-30 10:35:00,51.48,51.57,51.43,51.53,5400
2026-03-30 10:40:00,51.54,51.54,51.43,51.43,3131
2026-03-30 10:45:00,51.43,51.54,51.41,51.47,11836
2026-03-30 10:50:00,51.47,51.56,51.45,51.55,1700
2026-03-30 10:55:00,51.56,51.64,51.56,51.635,2900
2026-03-30 11:00:00,51.64,51.755,51.64,51.71,4919
2026-03-30 11:05:00,51.72,51.72,51.54,51.54,2300
2026-03-30 11:10:00,51.57,51.59,51.54,51.54,1814
2026-03-30 11:15:00,51.46,51.48,51.43,51.48,1100
2026-03-30 11:20:00,51.51,51.52,51.5,51.52,2071
2026-03-30 11:25:00,51.52,51.54,51.52,51.52,700
2026-03-30 11:30:00,51.51,51.63,51.51,51.63,3152
2026-03-30 11:35:00,51.63,51.68,51.63,51.67,3800
2026-03-30 11:40:00,51.68,51.75,51.67,51.75,1156
2026-03-30 11:45:00,51.71,51.755,51.71,51.755,600
2026-03-30 11:50:00,51.76,51.8,51.73,51.73,3200
2026-03-30 11:55:00,51.71,51.72,51.68,51.69,1800
2026-03-30 12:00:00,51.69,51.69,51.63,51.64,4444
2026-03-30 12:05:00,51.655,51.66,51.625,51.625,943
2026-03-30 12:10:00,51.61,51.63,51.61,51.61,2310
2026-03-30 12:15:00,51.59,51.59,51.57,51.57,400
2026-03-30 12:20:00,51.57,51.57,51.52,51.52,1500
2026-03-30 12:25:00,51.53,51.53,51.5,51.5,2290
2026-03-30 12:30:00,51.49,51.52,51.48,51.51,1300
2026-03-30 12:35:00,51.5,51.52,51.5,51.52,2100
2026-03-30 12:40:00,51.51,51.53,51.51,51.51,1701
2026-03-30 12:45:00,51.505,51.51,51.49,51.5,1768
2026-03-30 12:50:00,51.5,51.53,51.49,51.52,3613
2026-03-30 12:55:00,51.52,51.535,51.51,51.535,526
2026-03-30 13:00:00,51.57,51.59,51.53,51.53,610
2026-03-30 13:05:00,51.53,51.57,51.53,51.57,400
2026-03-30 13:10:00,51.57,51.575,51.505,51.505,3710
2026-03-30 13:15:00,51.515,51.515,51.45,51.46,1097
2026-03-30 13:20:00,51.47,51.47,51.43,51.43,200
2026-03-30 13:25:00,51.43,51.43,51.405,51.405,1110
2026-03-30 13:30:00,51.41,51.41,51.365,51.365,1548
2026-03-30 13:35:00,51.37,51.42,51.37,51.4,1400
2026-03-30 13:40:00,51.41,51.45,51.41,51.45,699
2026-03-30 13:45:00,51.48,51.525,51.44,51.44,2790
2026-03-30 13:50:00,51.44,51.44,51.43,51.43,500
2026-03-30 13:55:00,51.42,51.42,51.4,51.4,631
2026-03-30 14:00:00,51.4089,51.46,51.4089,51.44,1079
2026-03-30 14:05:00,51.4,51.4,51.4,51.4,100
2026-03-30 14:10:00,51.4,51.43,51.4,51.43,500
2026-03-30 14:15:00,51.44,51.44,51.4174,51.43,1221
2026-03-30 14:20:00,51.46,51.46,51.42,51.42,2748
2026-03-30 14:25:00,51.38,51.38,51.37,51.37,400
2026-03-30 14:30:00,51.38,51.395,51.38,51.395,1172
2026-03-30 14:35:00,51.39,51.43,51.39,51.41,1046
2026-03-30 14:40:00,51.39,51.39,51.36,51.36,544
2026-03-30 14:45:00,51.37,51.395,51.37,51.39,1600
2026-03-30 14:50:00,51.34,51.34,51.34,51.34,384
2026-03-30 14:55:00,51.34,51.34,51.29,51.3,1157
2026-03-30 15:00:00,51.29,51.305,51.245,51.25,2684
2026-03-30 15:05:00,51.23,51.23,51.21,51.21,900
2026-03-30 15:10:00,51.17,51.17,51.105,51.105,1065
2026-03-30 15:15:00,51.12,51.14,51.12,51.13,3763
2026-03-30 15:20:00,51.12,51.16,51.11,51.16,1008
2026-03-30 15:25:00,51.15,51.18,51.15,51.175,5730
2026-03-30 15:30:00,51.19,51.21,51.19,51.21,620
2026-03-30 15:35:00,51.22,51.27,51.22,51.25,600
2026-03-30 15:40:00,51.26,51.27,51.255,51.27,619
2026-03-30 15:45:00,51.26,51.27,51.245,51.26,4001
2026-03-30 15:50:00,51.26,51.295,51.26,51.29,4044
2026-03-30 15:55:00,51.3,51.32,51.25,51.315,19963
2026-03-30 16:00:00,51.31,51.31,51.31,51.31,10375
2026-03-31 09:30:00,52.39,52.39,52.36,52.36,603
2026-03-31 09:35:00,52.39,52.39,52.34,52.39,382
2026-03-31 09:40:00,52.435,52.44,52.365,52.365,607
2026-03-31 09:45:00,52.4234,52.53,52.4,52.53,1688
2026-03-31 09:50:00,52.55,52.67,52.53,52.67,4162
2026-03-31 09:55:00,52.66,52.67,52.585,52.67,3863
2026-03-31 10:00:00,52.68,52.69,52.65,52.66,2800
2026-03-31 10:05:00,52.63,52.63,52.51,52.53,2602
2026-03-31 10:10:00,52.54,52.6101,52.54,52.6101,1950
2026-03-31 10:15:00,52.58,52.635,52.57,52.61,4275
2026-03-31 10:20:00,52.55,52.61,52.53,52.59,27854
2026-03-31 10:25:00,52.58,52.64,52.55,52.64,5956
2026-03-31 10:30:00,52.65,52.71,52.65,52.7,1529
2026-03-31 10:35:00,52.62,52.63,52.54,52.55,15778
2026-03-31 10:40:00,52.55,52.58,52.455,52.46,5144
2026-03-31 10:45:00,52.45,52.51,52.4,52.41,3525
2026-03-31 10:50:00,52.41,52.475,52.4,52.45,4441
2026-03-31 10:55:00,52.43,52.43,52.35,52.405,5292
2026-03-31 11:00:00,52.41,52.5,52.41,52.48,5049
2026-03-31 11:05:00,52.52,52.59,52.52,52.55,1175
2026-03-31 11:10:00,52.55,52.66,52.54,52.66,640
2026-03-31 11:15:00,52.67,52.68,52.64,52.66,1480
2026-03-31 11:20:00,52.66,52.66,52.53,52.59,1000
2026-03-31 11:25:00,52.62,52.62,52.38,52.38,5475
2026-03-31 11:30:00,52.37,52.43,52.33,52.43,3300
2026-03-31 11:35:00,52.49,52.54,52.47,52.51,3205
2026-03-31 11:40:00,52.515,52.53,52.47,52.5,24448
2026-03-31 11:45:00,52.5,52.51,52.465,52.5,9402
2026-03-31 11:50:00,52.49,52.5499,52.455,52.455,1882
2026-03-31 11:55:00,52.47,52.47,52.385,52.43,31504
2026-03-31 12:00:00,52.41,52.51,52.4,52.45,2802
2026-03-31 12:05:00,52.45,52.46,52.405,52.405,2996
2026-03-31 12:10:00,52.405,52.431,52.345,52.42,12337
2026-03-31 12:15:00,52.44,52.44,52.43,52.43,500
2026-03-31 12:20:00,52.41,52.44,52.405,52.44,1701
2026-03-31 12:25:00,52.52,52.52,52.47,52.47,880
2026-03-31 12:30:00,52.45,52.475,52.44,52.465,1842
2026-03-31 12:35:00,52.455,52.71,52.455,52.71,2940
2026-03-31 12:40:00,52.77,53.35,52.77,53.21,13089
2026-03-31 12:45:00,53.16,53.34,53.05,53.1,21592
2026-03-31 12:50:00,53.11,53.2,53.04,53.05,13348
2026-03-31 12:55:00,53.01,53.07,52.95,53.055,34129
2026-03-31 13:00:00,53.06,53.21,53.055,53.21,5004
2026-03-31 13:05:00,53.17,53.18,53,53.02,6848
2026-03-31 13:10:00,53.01,53.13,53.01,53.12,4938
2026-03-31 13:15:00,53.11,53.225,53.1,53.225,2500
2026-03-31 13:20:00,53.21,53.22,53.17,53.22,2515
2026-03-31 13:25:00,53.225,53.225,53.09,53.1,2000
2026-03-31 13:30:00,53.135,53.22,53.13,53.22,3570
2026-03-31 13:35:00,53.23,53.255,53.07,53.14,25282
2026-03-31 13:40:00,53.17,53.17,53.14,53.14,400
2026-03-31 13:45:00,53.155,53.185,53.12,53.16,3936
2026-03-31 13:50:00,53.155,53.16,53.12,53.135,1243
2026-03-31 13:55:00,53.13,53.13,53.05,53.06,1817
2026-03-31 14:00:00,53.04,53.14,53.04,53.08,2936
2026-03-31 14:05:00,53.09,53.115,53.08,53.1,2052
2026-03-31 14:10:00,53.05,53.115,53.04,53.11,3304
2026-03-31 14:15:00,53.1,53.15,53.095,53.11,5200
2026-03-31 14:20:00,53.11,53.11,53.1,53.105,1300
2026-03-31 14:25:00,53.065,53.14,53.04,53.075,18931
2026-03-31 14:30:00,53.075,53.09,53.03,53.07,4110
2026-03-31 14:35:00,53.07,53.17,53.07,53.12,4347
2026-03-31 14:40:00,53.08,53.1,53.08,53.1,1151
2026-03-31 14:45:00,53.15,53.15,53.05,53.07,5369
2026-03-31 14:50:00,53.08,53.175,53.08,53.175,3050
2026-03-31 14:55:00,53.17,53.18,53.14,53.14,1475
2026-03-31 15:00:00,53.135,53.145,53.13,53.135,1311
2026-03-31 15:05:00,53.115,53.12,53.105,53.12,1274
2026-03-31 15:10:00,53.13,53.22,53.13,53.21,3206
2026-03-31 15:15:00,53.225,53.265,53.205,53.21,4063
2026-03-31 15:20:00,53.2,53.235,53.2,53.21,2300
2026-03-31 15:25:00,53.205,53.205,53.14,53.185,2048
2026-03-31 15:30:00,53.19,53.285,53.19,53.26,1651
2026-03-31 15:35:00,53.255,53.3372,53.255,53.33,6429
2026-03-31 15:40:00,53.32,53.32,53.265,53.285,22201
2026-03-31 15:45:00,53.28,53.39,53.27,53.38,34556
2026-03-31 15:50:00,53.375,53.405,53.3,53.37,28678
2026-03-31 15:55:00,53.35,53.5,53.35,53.5,36857
2026-03-31 16:00:00,53.42,53.42,53.42,53.42,5687
2026-03-31 17:05:00,53.44,53.44,53.44,53.44,252
2026-04-01 04:00:00,53.54,53.54,53.54,53.54,100
2026-04-01 06:10:00,54.12,54.12,54.12,54.12,200
2026-04-01 08:50:00,54.99,54.99,54.99,54.99,100
2026-04-01 09:30:00,54.62,54.69,54.61,54.69,4524
2026-04-01 09:35:00,54.67,54.74,54.66,54.74,1200
2026-04-01 09:40:00,54.65,54.65,54.45,54.49,40594
2026-04-01 09:45:00,54.52,54.52,54.45,54.5,3289
2026-04-01 09:50:00,54.5,54.56,54.48,54.51,1300
2026-04-01 09:55:00,54.5,54.6,54.49,54.58,3987
2026-04-01 10:00:00,54.56,54.61,54.52,54.53,6739
2026-04-01 10:05:00,54.54,54.57,54.47,54.55,6335
2026-04-01 10:10:00,54.48,54.535,54.45,54.535,2980
2026-04-01 10:15:00,54.54,54.625,54.54,54.6,11400
2026-04-01 10:20:00,54.6,54.67,54.58,54.58,3290
2026-04-01 10:25:00,54.57,54.575,54.525,54.56,1700
2026-04-01 10:30:00,54.55,54.64,54.54,54.56,13373
2026-04-01 10:35:00,54.48,54.68,54.48,54.61,5500
2026-04-01 10:40:00,54.61,54.66,54.53,54.61,4660
2026-04-01 10:45:00,54.62,54.7,54.58,54.7,1768
2026-04-01 10:50:00,54.6801,54.7,54.65,54.69,1520
2026-04-01 10:55:00,54.685,54.685,54.63,54.65,1920
2026-04-01 11:00:00,54.645,54.71,54.63,54.665,4622
2026-04-01 11:05:00,54.65,54.71,54.65,54.665,3407
2026-04-01 11:10:00,54.66,54.66,54.53,54.54,1145
2026-04-01 11:15:00,54.545,54.62,54.54,54.6,1300
2026-04-01 11:20:00,54.62,54.62,54.54,54.54,1420
2026-04-01 11:25:00,54.55,54.58,54.52,54.52,3800
2026-04-01 11:30:00,54.48,54.605,54.47,54.58,9482
2026-04-01 11:35:00,54.59,54.66,54.59,54.64,2841
2026-04-01 11:40:00,54.66,54.7,54.66,54.7,1800
2026-04-01 11:45:00,54.685,54.71,54.67,54.69,9911
2026-04-01 11:50:00,54.69,54.78,54.69,54.755,12981
2026-04-01 11:55:00,54.76,54.8,54.74,54.74,6115
2026-04-01 12:00:00,54.75,54.75,54.73,54.75,9650
2026-04-01 12:05:00,54.76,54.77,54.74,54.75,7676
2026-04-01 12:10:00,54.74,54.74,54.69,54.7,16866
2026-04-01 12:15:00,54.7,54.73,54.69,54.72,7460
2026-04-01 12:20:00,54.71,54.71,54.67,54.675,5558
2026-04-01 12:25:00,54.66,54.66,54.61,54.62,4521
2026-04-01 12:30:00,54.64,54.65,54.605,54.645,3849
2026-04-01 12:35:00,54.645,54.65,54.62,54.625,2512
2026-04-01 12:40:00,54.6217,54.67,54.6217,54.67,4514
2026-04-01 12:45:00,54.68,54.685,54.68,54.685,300
2026-04-01 12:50:00,54.685,54.71,54.68,54.71,619
2026-04-01 12:55:00,54.72,54.745,54.72,54.74,1226
2026-04-01 13:00:00,54.735,54.75,54.73,54.745,800
2026-04-01 13:05:00,54.76,54.795,54.74,54.74,2693
2026-04-01 13:10:00,54.75,54.76,54.75,54.76,500
2026-04-01 13:15:00,54.755,54.755,54.735,54.755,1100
2026-04-01 13:20:00,54.76,54.77,54.72,54.725,3505
2026-04-01 13:25:00,54.715,54.74,54.715,54.74,4243
2026-04-01 13:30:00,54.74,54.74,54.66,54.66,2100
2026-04-01 13:35:00,54.66,54.72,54.6599,54.72,8274
2026-04-01 13:40:00,54.72,54.73,54.68,54.68,1200
2026-04-01 13:45:00,54.67,54.685,54.65,54.675,8616
2026-04-01 13:50:00,54.68,54.68,54.64,54.64,4100
2026-04-01 13:55:00,54.64,54.64,54.59,54.59,1250
2026-04-01 14:00:00,54.59,54.59,54.505,54.51,2200
2026-04-01 14:05:00,54.53,54.55,54.49,54.49,2388
2026-04-01 14:10:00,54.51,54.53,54.49,54.49,600
2026-04-01 14:15:00,54.48,54.48,54.38,54.395,4353
2026-04-01 14:20:00,54.41,54.41,54.31,54.32,8838
2026-04-01 14:25:00,54.32,54.32,54.28,54.28,4701
2026-04-01 14:30:00,54.29,54.3,54.225,54.23,2100
2026-04-01 14:35:00,54.21,54.275,54.195,54.275,4306
2026-04-01 14:40:00,54.26,54.34,54.26,54.3,1238
2026-04-01 14:45:00,54.285,54.29,54.26,54.28,800
2026-04-01 14:50:00,54.275,54.31,54.275,54.29,700
2026-04-01 14:55:00,54.26,54.265,54.245,54.255,400
2026-04-01 15:00:00,54.23,54.285,54.23,54.285,636
2026-04-01 15:05:00,54.28,54.33,54.28,54.33,800
2026-04-01 15:10:00,54.3,54.325,54.3,54.32,728
2026-04-01 15:15:00,54.32,54.35,54.32,54.35,1220
2026-04-01 15:20:00,54.36,54.415,54.36,54.415,2685
2026-04-01 15:25:00,54.42,54.48,54.42,54.48,7894
2026-04-01 15:30:00,54.49,54.49,54.46,54.465,1092
2026-04-01 15:35:00,54.48,54.51,54.48,54.51,1468
2026-04-01 15:40:00,54.525,54.57,54.525,54.535,2522
2026-04-01 15:45:00,54.535,54.565,54.53,54.545,9250
2026-04-01 15:50:00,54.54,54.54,54.445,54.49,7511
2026-04-01 15:55:00,54.47,54.54,54.46,54.5,31479
2026-04-01 16:00:00,54.51,54.51,54.51,54.51,5876
2026-04-02 09:30:00,53.22,53.32,53.22,53.32,2276
2026-04-02 09:35:00,53.3701,53.3701,53.29,53.305,1238
2026-04-02 09:40:00,53.285,53.34,53.261,53.32,2161
2026-04-02 09:45:00,53.32,53.43,53.32,53.42,1075
2026-04-02 09:50:00,53.42,53.545,53.42,53.545,1648
2026-04-02 09:55:00,53.54,53.61,53.5199,53.61,7187
2026-04-02 10:00:00,53.62,53.64,53.58,53.58,1700
2026-04-02 10:05:00,53.56,53.63,53.55,53.619,28772
2026-04-02 10:10:00,53.61,53.66,53.6,53.6,900
2026-04-02 10:15:00,53.58,53.68,53.58,53.68,2500
2026-04-02 10:20:00,53.7,53.71,53.685,53.7,16615
2026-04-02 10:25:00,53.7,53.7,53.67,53.67,15739
2026-04-02 10:30:00,53.66,53.765,53.65,53.765,1583
2026-04-02 10:35:00,53.77,54.42,53.77,54.15,25423
2026-04-02 10:40:00,54.07,54.17,54,54.17,2934
2026-04-02 10:45:00,54.2,54.215,54.12,54.12,920
2026-04-02 10:50:00,54.11,54.12,54.015,54.04,2867
2026-04-02 10:55:00,54.07,54.21,54.07,54.21,2735
2026-04-02 11:00:00,54.18,54.18,54.09,54.16,5064
2026-04-02 11:05:00,54.21,54.215,54.11,54.11,1800
2026-04-02 11:10:00,54.1,54.19,54.1,54.18,665
2026-04-02 11:15:00,54.21,54.21,54.17,54.17,700
2026-04-02 11:20:00,54.17,54.17,54.038,54.038,460
2026-04-02 11:25:00,54.04,54.09,54,54.08,1500
2026-04-02 11:30:00,54.09,54.18,54.08,54.1747,3273
2026-04-02 11:35:00,54.2,54.28,54.18,54.225,10282
2026-04-02 11:40:00,54.23,54.24,54.18,54.22,2650
2026-04-02 11:45:00,54.24,54.24,54.13,54.14,1690
2026-04-02 11:50:00,54.14,54.17,54.1,54.17,2054
2026-04-02 11:55:00,54.245,54.245,54.155,54.155,3396
2026-04-02 12:00:00,54.155,54.2,54.155,54.175,1400
2026-04-02 12:05:00,54.14,54.15,54.07,54.07,1800
2026-04-02 12:10:00,54.08,54.15,54.08,54.145,5100
2026-04-02 12:15:00,54.17,54.17,54.115,54.14,3700
2026-04-02 12:20:00,54.115,54.15,54.05,54.1299,6932
2026-04-02 12:25:00,54.13,54.15,54.12,54.15,1123
2026-04-02 12:30:00,54.15,54.24,54.125,54.24,1311
2026-04-02 12:35:00,54.2,54.2,54.12,54.12,1800
2026-04-02 12:40:00,54.18,54.27,54.175,54.215,6898
2026-04-02 12:45:00,54.23,54.23,54.22,54.22,2780
2026-04-02 12:50:00,54.2265,54.2301,54.2265,54.2301,15176
2026-04-02 12:55:00,54.25,54.25,54.195,54.195,700
2026-04-02 13:00:00,54.2,54.2,54.12,54.165,4175
2026-04-02 13:05:00,54.195,54.22,54.195,54.22,406
2026-04-02 13:10:00,54.2,54.2,54.2,54.2,100
2026-04-02 13:15:00,54.295,54.295,54.295,54.295,1000
2026-04-02 13:20:00,54.31,54.315,54.31,54.315,400
2026-04-02 13:25:00,54.305,54.31,54.295,54.295,600
2026-04-02 13:30:00,54.275,54.275,54.26,54.26,400
2026-04-02 13:35:00,54.245,54.255,54.24,54.255,900
2026-04-02 13:40:00,54.27,54.29,54.27,54.29,620
2026-04-02 13:45:00,54.295,54.305,54.295,54.305,400
2026-04-02 13:50:00,54.175,54.175,54.15,54.175,13869
2026-04-02 13:55:00,54.185,54.21,54.185,54.21,485
2026-04-02 14:05:00,54.25,54.25,54.2,54.2,1472
2026-04-02 14:10:00,54.21,54.22,54.21,54.22,506
2026-04-02 14:15:00,54.22,54.22,54.2099,54.2099,300
2026-04-02 14:20:00,54.24,54.24,54.225,54.225,400
2026-04-02 14:25:00,54.175,54.21,54.175,54.205,900
2026-04-02 14:30:00,54.225,54.24,54.22,54.235,4700
2026-04-02 14:35:00,54.235,54.245,54.215,54.215,1100
2026-04-02 14:40:00,54.225,54.29,54.215,54.255,87587
2026-04-02 14:45:00,54.26,54.295,54.25,54.26,89518
2026-04-02 14:50:00,54.25,54.27,54.25,54.27,6432
2026-04-02 14:55:00,54.265,54.265,54.23,54.235,22687
2026-04-02 15:00:00,54.235,54.245,54.225,54.24,11693
2026-04-02 15:05:00,54.215,54.24,54.215,54.235,1690
2026-04-02 15:10:00,54.245,54.285,54.245,54.28,5875
2026-04-02 15:15:00,54.265,54.28,54.255,54.255,3211
2026-04-02 15:20:00,54.26,54.27,54.25,54.27,68568
2026-04-02 15:25:00,54.28,54.28,54.245,54.245,2065
2026-04-02 15:30:00,54.24,54.29,54.24,54.28,16380
2026-04-02 15:35:00,54.28,54.305,54.26,54.26,6440
2026-04-02 15:40:00,54.29,54.3,54.26,54.26,27126
2026-04-02 15:45:00,54.26,54.27,54.245,54.25,12929
2026-04-02 15:50:00,54.255,54.295,54.25,54.28,7669
2026-04-02 15:55:00,54.28,54.335,54.28,54.305,14189
2026-04-02 16:00:00,54.305,54.31,54.295,54.31,19837
2026-04-06 04:00:00,54.25,54.25,54.25,54.25,206
2026-04-06 07:00:00,54.07,54.07,54.07,54.07,220
2026-04-06 07:20:00,53.9,53.9,53.9,53.9,100
2026-04-06 09:20:00,54.06,54.19,54.06,54.19,378
2026-04-06 09:30:00,54.32,54.44,54.32,54.35,9481
2026-04-06 09:35:00,54.38,54.405,54.26,54.32,2874
2026-04-06 09:40:00,54.28,54.33,54.255,54.33,3222
2026-04-06 09:45:00,54.38,54.44,54.365,54.395,2575
2026-04-06 09:50:00,54.39,54.48,54.39,54.435,55480
2026-04-06 09:55:00,54.445,54.45,54.38,54.44,58768
2026-04-06 10:00:00,54.45,54.541,54.29,54.29,3360
2026-04-06 10:05:00,54.31,54.4,54.31,54.4,59339
2026-04-06 10:10:00,54.4,54.44,54.38,54.44,5744
2026-04-06 10:15:00,54.48,54.48,54.44,54.46,2358
2026-04-06 10:20:00,54.51,54.54,54.51,54.51,2014
2026-04-06 10:25:00,54.495,54.54,54.465,54.525,2073
2026-04-06 10:30:00,54.53,54.585,54.52,54.535,21923
2026-04-06 10:35:00,54.55,54.565,54.36,54.4,14215
2026-04-06 10:40:00,54.42,54.56,54.42,54.53,12831
2026-04-06 10:45:00,54.5,54.51,54.43,54.43,4532
2026-04-06 10:50:00,54.44,54.495,54.44,54.495,5817
2026-04-06 10:55:00,54.45,54.495,54.45,54.465,5616
2026-04-06 11:00:00,54.465,54.465,54.415,54.45,11333
2026-04-06 11:05:00,54.445,54.495,54.445,54.4901,4956
2026-04-06 11:10:00,54.46,54.485,54.435,54.44,9150
2026-04-06 11:15:00,54.455,54.465,54.425,54.425,8974
2026-04-06 11:20:00,54.435,54.45,54.41,54.435,6986
2026-04-06 11:25:00,54.445,54.445,54.44,54.445,740
2026-04-06 11:30:00,54.435,54.445,54.425,54.445,896
2026-04-06 11:35:00,54.465,54.48,54.42,54.48,1160
2026-04-06 11:40:00,54.4799,54.51,54.4799,54.51,1058
2026-04-06 11:45:00,54.51,54.56,54.51,54.56,200
2026-04-06 11:50:00,54.5686,54.57,54.5686,54.57,494
2026-04-06 11:55:00,54.62,54.645,54.59,54.645,400
2026-04-06 12:00:00,54.655,54.66,54.63,54.63,900
2026-04-06 12:05:00,54.6,54.6,54.6,54.6,100
2026-04-06 12:10:00,54.575,54.61,54.575,54.61,758
2026-04-06 12:15:00,54.62,54.62,54.6,54.605,779
2026-04-06 12:20:00,54.61,54.61,54.57,54.595,1318
2026-04-06 12:25:00,54.62,54.625,54.62,54.625,525
2026-04-06 12:30:00,54.635,54.655,54.635,54.655,1270
2026-04-06 12:35:00,54.69,54.78,54.69,54.78,2310
2026-04-06 12:40:00,54.73,54.76,54.73,54.76,670
2026-04-06 12:45:00,54.76,54.76,54.74,54.745,420
2026-04-06 12:50:00,54.75,54.755,54.72,54.72,3809
2026-04-06 12:55:00,54.72,54.7301,54.71,54.7301,1797
2026-04-06 13:00:00,54.69,54.69,54.665,54.67,1350
2026-04-06 13:05:00,54.72,54.72,54.6987,54.6987,576
2026-04-06 13:10:00,54.62,54.62,54.57,54.57,1010
2026-04-06 13:15:00,54.59,54.6,54.57,54.6,476
2026-04-06 13:20:00,54.585,54.668,54.58,54.66,6515
2026-04-06 13:25:00,54.66,54.67,54.66,54.665,300
2026-04-06 13:30:00,54.665,54.725,54.665,54.685,1946
2026-04-06 13:35:00,54.69,54.69,54.48,54.615,49682
2026-04-06 13:40:00,54.62,54.635,54.61,54.635,5160
2026-04-06 13:45:00,54.625,54.635,54.6,54.625,3555
2026-04-06 13:50:00,54.63,54.64,54.63,54.64,200
2026-04-06 13:55:00,54.635,54.635,54.57,54.57,15742
2026-04-06 14:00:00,54.57,54.605,54.57,54.595,4223
2026-04-06 14:05:00,54.59,54.66,54.59,54.66,1574
2026-04-06 14:10:00,54.66,54.74,54.66,54.68,2097
2026-04-06 14:15:00,54.705,54.7355,54.705,54.7355,1161
2026-04-06 14:20:00,54.735,54.765,54.73,54.765,1124
2026-04-06 14:25:00,54.755,54.775,54.73,54.765,2918
2026-04-06 14:30:00,54.77,54.785,54.72,54.72,2300
2026-04-06 14:35:00,54.72,54.735,54.71,54.715,2543
2026-04-06 14:40:00,54.705,54.735,54.7,54.735,1053
2026-04-06 14:45:00,54.74,54.76,54.74,54.76,282
2026-04-06 14:50:00,54.75,54.76,54.73,54.75,3267
2026-04-06 14:55:00,54.73,54.73,54.72,54.73,300
2026-04-06 15:00:00,54.73,54.73,54.715,54.72,605
2026-04-06 15:05:00,54.72,54.735,54.695,54.695,1063
2026-04-06 15:10:00,54.68,54.705,54.68,54.705,2186
2026-04-06 15:15:00,54.7,54.7,54.7,54.7,100
2026-04-06 15:20:00,54.7,54.73,54.7,54.72,1600
2026-04-06 15:25:00,54.715,54.725,54.69,54.695,4990
2026-04-06 15:30:00,54.695,54.72,54.695,54.72,3291
2026-04-06 15:35:00,54.715,54.7186,54.715,54.715,1943
2026-04-06 15:40:00,54.705,54.736,54.695,54.735,3132
2026-04-06 15:45:00,54.74,54.775,54.72,54.73,63231
2026-04-06 15:50:00,54.735,54.745,54.715,54.715,10106
2026-04-06 15:55:00,54.7,54.7,54.66,54.665,37358
2026-04-06 16:00:00,54.67,54.67,54.67,54.67,1561
2026-04-06 17:00:00,54.66,54.66,54.66,54.66,400
2026-04-07 05:40:00,54.66,54.66,54.66,54.66,100
2026-04-07 07:55:00,54.44,54.44,54.44,54.44,384
2026-04-07 08:50:00,53.32,53.32,53.32,53.32,200
2026-04-07 09:30:00,54.14,54.145,54.05,54.1,1765
2026-04-07 09:35:00,54.11,54.18,54.07,54.15,2070
2026-04-07 09:40:00,54.07,54.1,54.06,54.06,1960
2026-04-07 09:45:00,54.05,54.07,53.99,53.99,2179
2026-04-07 09:50:00,53.98,54.02,53.97,53.97,4678
2026-04-07 09:55:00,54.035,54.05,53.92,53.92,2034
2026-04-07 10:00:00,53.93,53.95,53.82,53.82,2215
2026-04-07 10:05:00,53.83,53.84,53.75,53.75,4951
2026-04-07 10:10:00,53.75,53.84,53.74,53.83,2667
2026-04-07 10:15:00,53.85,53.905,53.84,53.86,2344
2026-04-07 10:20:00,53.86,54.04,53.86,54.04,2394
2026-04-07 10:25:00,54.07,54.08,54.04,54.05,1062
2026-04-07 10:30:00,54.07,54.12,54.04,54.12,3429
2026-04-07 10:35:00,54.19,54.21,54.1,54.205,3353
2026-04-07 10:40:00,54.19,54.2,54.14,54.16,3033
2026-04-07 10:45:00,54.18,54.28,54.13,54.13,5243
2026-04-07 10:50:00,54.14,54.16,54.08,54.14,1849
2026-04-07 10:55:00,54.09,54.09,53.97,53.97,3972
2026-04-07 11:00:00,53.9,53.9,53.84,53.87,3269
2026-04-07 11:05:00,53.82,53.85,53.76,53.76,49223
2026-04-07 11:10:00,53.75,53.78,53.72,53.73,5639
2026-04-07 11:15:00,53.76,53.92,53.75,53.85,18864
2026-04-07 11:20:00,53.84,53.91,53.84,53.87,7721
2026-04-07 11:25:00,53.89,53.96,53.87,53.96,7845
2026-04-07 11:30:00,53.94,54.03,53.94,54,7291
2026-04-07 11:35:00,54.01,54.01,53.965,53.97,7855
2026-04-07 11:40:00,53.945,53.945,53.91,53.94,1661
2026-04-07 11:45:00,53.925,53.945,53.91,53.945,1032
2026-04-07 11:50:00,53.91,53.93,53.9,53.92,1906
2026-04-07 11:55:00,53.93,54.04,53.92,53.95,2839
2026-04-07 12:00:00,53.96,54.22,53.96,54.19,4600
2026-04-07 12:05:00,54.15,54.16,54.02,54.03,5187
2026-04-07 12:10:00,54.03,54.05,54.03,54.05,1374
2026-04-07 12:15:00,54.06,54.06,54.02,54.03,5288
2026-04-07 12:20:00,54.03,54.13,53.98,54.08,3915
2026-04-07 12:25:00,54.04,54.135,54.04,54.11,3044
2026-04-07 12:30:00,54.13,54.14,54.1,54.14,2038
2026-04-07 12:35:00,54.13,54.15,54.12,54.125,5867
2026-04-07 12:40:00,54.105,54.135,54.08,54.105,8626
2026-04-07 12:45:00,54.1,54.245,54.1,54.23,17940
2026-04-07 12:50:00,54.22,54.255,54.215,54.245,12844
2026-04-07 12:55:00,54.245,54.245,54.15,54.17,3196
2026-04-07 13:00:00,54.17,54.25,54.15,54.25,4097
2026-04-07 13:05:00,54.26,54.305,54.245,54.26,4744
2026-04-07 13:10:00,54.26,54.285,54.23,54.27,4646
2026-04-07 13:15:00,54.26,54.27,54.2201,54.23,4609
2026-04-07 13:20:00,54.22,54.225,54.185,54.21,11548
2026-04-07 13:25:00,54.205,54.205,54.135,54.135,5605
2026-04-07 13:30:00,54.135,54.235,54.135,54.23,12204
2026-04-07 13:35:00,54.24,54.4,54.24,54.35,8304
2026-04-07 13:40:00,54.33,54.335,54.29,54.295,2833
2026-04-07 13:45:00,54.295,54.295,54.25,54.28,3984
2026-04-07 13:50:00,54.29,54.37,54.29,54.37,3285
2026-04-07 13:55:00,54.36,54.365,54.31,54.335,6105
2026-04-07 14:00:00,54.34,54.37,54.34,54.365,4353
2026-04-07 14:05:00,54.365,54.365,54.29,54.3,3394
2026-04-07 14:10:00,54.32,54.325,54.305,54.32,3864
2026-04-07 14:15:00,54.33,54.33,54.305,54.32,6199
2026-04-07 14:20:00,54.325,54.355,54.32,54.34,4248
2026-04-07 14:25:00,54.325,54.335,54.3,54.335,2142
2026-04-07 14:30:00,54.33,54.365,54.33,54.36,5055
2026-04-07 14:35:00,54.36,54.365,54.33,54.34,2752
2026-04-07 14:40:00,54.325,54.325,54.26,54.26,5196
2026-04-07 14:45:00,54.27,54.285,54.24,54.25,3639
2026-04-07 14:50:00,54.245,54.265,54.245,54.26,2721
2026-04-07 14:55:00,54.255,54.255,54.18,54.24,3888
2026-04-07 15:00:00,54.23,54.265,54.2,54.25,5791
2026-04-07 15:05:00,54.245,54.295,54.195,54.2,8588
2026-04-07 15:10:00,54.22,54.255,54.2,54.25,7694
2026-04-07 15:15:00,54.25,54.48,54.25,54.48,9959
2026-04-07 15:20:00,54.46,54.7,54.45,54.48,13157
2026-04-07 15:25:00,54.47,54.525,54.45,54.505,5192
2026-04-07 15:30:00,54.505,54.52,54.455,54.51,7259
2026-04-07 15:35:00,54.5,54.5,54.43,54.46,5998
2026-04-07 15:40:00,54.46,54.485,54.45,54.465,5466
2026-04-07 15:45:00,54.45,54.92,54.45,54.73,60281
2026-04-07 15:50:00,54.71,54.755,54.62,54.725,11724
2026-04-07 15:55:00,54.71,54.815,54.71,54.76,10896
2026-04-07 16:00:00,54.76,54.84,54.76,54.79,28284
2026-04-07 17:35:00,55.33,55.34,55.33,55.34,200
2026-04-08 07:10:00,56.52,56.52,56.52,56.52,110
2026-04-08 08:30:00,55.89,55.89,55.89,55.89,200
2026-04-08 09:30:00,56.75,56.8,56.65,56.685,19652
2026-04-08 09:35:00,56.695,56.695,56.52,56.56,7219
2026-04-08 09:40:00,56.56,56.63,56.56,56.61,2457
2026-04-08 09:45:00,56.58,56.79,56.58,56.748,3014
2026-04-08 09:50:00,56.73,56.74,56.581,56.65,7241
2026-04-08 09:55:00,56.62,56.63,56.58,56.58,2467
2026-04-08 10:00:00,56.63,56.72,56.63,56.72,500
2026-04-08 10:05:00,56.75,56.77,56.6,56.65,7901
2026-04-08 10:10:00,56.68,56.8,56.68,56.77,1905
2026-04-08 10:15:00,56.77,56.77,56.655,56.655,1400
2026-04-08 10:20:00,56.63,56.7,56.62,56.7,1855
2026-04-08 10:25:00,56.64,56.695,56.63,56.695,485
2026-04-08 10:30:00,56.65,56.65,56.46,56.55,5989
2026-04-08 10:35:00,56.545,56.57,56.49,56.52,3438
2026-04-08 10:40:00,56.59,56.6,56.58,56.58,1900
2026-04-08 10:45:00,56.58,56.605,56.49,56.6,3905
2026-04-08 10:50:00,56.59,56.59,56.49,56.5,1724
2026-04-08 10:55:00,56.53,56.535,56.35,56.48,2500
2026-04-08 11:00:00,56.455,56.455,56.42,56.44,6720
2026-04-08 11:05:00,56.41,56.42,56.33,56.335,4797
2026-04-08 11:10:00,56.29,56.29,56.19,56.26,3741
2026-04-08 11:15:00,56.22,56.28,56.185,56.2,4550
2026-04-08 11:20:00,56.255,56.29,56.255,56.265,1000
2026-04-08 11:25:00,56.31,56.4,56.31,56.4,2189
2026-04-08 11:30:00,56.37,56.44,56.35,56.44,700
2026-04-08 11:35:00,56.52,56.58,56.515,56.56,4311
2026-04-08 11:40:00,56.575,56.61,56.57,56.61,3100
2026-04-08 11:50:00,56.67,56.7,56.64,56.64,8713
2026-04-08 11:55:00,56.64,56.65,56.625,56.65,2140
2026-04-08 12:00:00,56.66,56.66,56.66,56.66,300
2026-04-08 12:05:00,56.62,56.65,56.61,56.63,3000
2026-04-08 12:10:00,56.64,56.66,56.64,56.66,400
2026-04-08 12:15:00,56.63,56.63,56.55,56.55,863
2026-04-08 12:20:00,56.53,56.53,56.53,56.53,200
2026-04-08 12:25:00,56.51,56.53,56.49,56.52,2450
2026-04-08 12:30:00,56.53,56.54,56.495,56.54,1000
2026-04-08 12:35:00,56.57,56.57,56.54,56.54,5127
2026-04-08 12:40:00,56.55,56.565,56.545,56.565,1300
2026-04-08 12:45:00,56.555,56.58,56.555,56.58,1826
2026-04-08 12:50:00,56.6,56.6,56.57,56.6,825
2026-04-08 13:00:00,56.59,56.59,56.58,56.58,300
2026-04-08 13:05:00,56.525,56.56,56.52,56.555,12892
2026-04-08 13:10:00,56.545,56.585,56.545,56.58,2850
2026-04-08 13:15:00,56.6,56.61,56.555,56.555,900
2026-04-08 13:20:00,56.55,56.555,56.46,56.48,3160
2026-04-08 13:25:00,56.49,56.495,56.44,56.47,51089
2026-04-08 13:30:00,56.48,56.51,56.47,56.47,108730
2026-04-08 13:35:00,56.465,56.515,56.435,56.495,9989
2026-04-08 13:40:00,56.47,56.515,56.46,56.515,2680
2026-04-08 13:45:00,56.5101,56.53,56.5,56.5,2109
2026-04-08 13:50:00,56.485,56.5,56.485,56.49,1400
2026-04-08 13:55:00,56.47,56.48,56.46,56.48,915
2026-04-08 14:00:00,56.52,56.52,56.52,56.52,600
2026-04-08 14:05:00,56.55,56.58,56.55,56.57,1010
2026-04-08 14:10:00,56.59,56.595,56.58,56.58,1600
2026-04-08 14:15:00,56.6,56.6,56.38,56.42,1445
2026-04-08 14:20:00,56.43,56.475,56.31,56.43,49117
2026-04-08 14:25:00,56.455,56.46,56.41,56.45,3470
2026-04-08 14:30:00,56.465,56.485,56.42,56.42,550
2026-04-08 14:35:00,56.415,56.415,56.39,56.39,959
2026-04-08 14:40:00,56.31,56.31,56.27,56.28,2823
2026-04-08 14:45:00,56.29,56.3,56.29,56.3,700
2026-04-08 14:50:00,56.265,56.27,56.24,56.27,1700
2026-04-08 14:55:00,56.265,56.265,56.22,56.22,300
2026-04-08 15:00:00,56.18,56.2201,56.165,56.205,2326
2026-04-08 15:05:00,56.195,56.25,56.195,56.25,600
2026-04-08 15:10:00,56.23,56.265,56.195,56.25,19191
2026-04-08 15:15:00,56.245,56.255,56.195,56.195,9220
2026-04-08 15:20:00,56.175,56.1901,56.165,56.19,3140
2026-04-08 15:25:00,56.24,56.24,56.2,56.2,500
2026-04-08 15:30:00,56.3,56.3,56.3,56.3,201
2026-04-08 15:35:00,56.335,56.4,56.32,56.37,7647
2026-04-08 15:40:00,56.38,56.38,56.34,56.3701,1236
2026-04-08 15:45:00,56.385,56.4001,56.38,56.38,1310
2026-04-08 15:50:00,56.375,56.51,56.375,56.5,12809
2026-04-08 15:55:00,56.495,56.61,56.49,56.6,24067
2026-04-08 16:00:00,56.6,56.63,56.6,56.62,35671
2026-04-08 16:20:00,56.65,56.65,56.65,56.65,200
2026-04-09 09:30:00,56.49,56.49,56.45,56.45,555
2026-04-09 09:35:00,56.475,56.505,56.47,56.47,2046
2026-04-09 09:40:00,56.46,56.51,56.43,56.51,2421
2026-04-09 09:45:00,56.515,56.56,56.51,56.56,2164
2026-04-09 09:50:00,56.545,56.56,56.48,56.5,7330
2026-04-09 09:55:00,56.49,56.49,56.48,56.48,812
2026-04-09 10:00:00,56.46,56.51,56.46,56.5,3484
2026-04-09 10:05:00,56.51,56.53,56.49,56.49,4411
2026-04-09 10:10:00,56.51,56.53,56.45,56.52,3521
2026-04-09 10:15:00,56.46,56.46,56.415,56.42,2768
2026-04-09 10:20:00,56.45,56.46,56.4,56.42,2474
2026-04-09 10:25:00,56.44,56.46,56.37,56.37,4532
2026-04-09 10:30:00,56.38,56.45,56.38,56.43,3419
2026-04-09 10:35:00,56.435,56.445,56.4,56.445,2487
2026-04-09 10:40:00,56.455,56.5,56.455,56.49,4329
2026-04-09 10:45:00,56.48,56.52,56.465,56.49,3746
2026-04-09 10:50:00,56.49,56.505,56.47,56.495,2965
2026-04-09 10:55:00,56.49,56.55,56.48,56.5301,5521
2026-04-09 11:00:00,56.565,56.59,56.53,56.55,5281
2026-04-09 11:05:00,56.505,56.56,56.505,56.55,2500
2026-04-09 11:10:00,56.555,56.57,56.54,56.57,7385
2026-04-09 11:15:00,56.59,56.755,56.59,56.75,3220
2026-04-09 11:20:00,56.78,56.79,56.74,56.75,2192
2026-04-09 11:25:00,56.77,56.78,56.72,56.72,1400
2026-04-09 11:30:00,56.74,56.97,56.735,56.915,13222
2026-04-09 11:35:00,56.93,56.96,56.89,56.91,3365
2026-04-09 11:40:00,56.92,56.99,56.91,56.975,1850
2026-04-09 11:45:00,56.9641,57.1,56.9641,57.1,1611
2026-04-09 11:50:00,57.08,57.12,57.02,57.12,1400
2026-04-09 11:55:00,57.135,57.14,57.1,57.125,1500
2026-04-09 12:00:00,57.12,57.25,57.12,57.25,1100
2026-04-09 12:05:00,57.205,57.205,57.205,57.205,130
2026-04-09 12:10:00,57.16,57.16,57.16,57.16,290
2026-04-09 12:15:00,57.14,57.14,57.14,57.14,100
2026-04-09 12:20:00,57.21,57.22,57.165,57.165,3750
2026-04-09 12:25:00,57.155,57.16,57.14,57.14,1240
2026-04-09 12:30:00,57.13,57.13,57.105,57.11,925
2026-04-09 12:35:00,57.125,57.13,57.08,57.08,1210
2026-04-09 12:40:00,57.065,57.065,57.05,57.055,620
2026-04-09 12:45:00,57.07,57.07,57.0101,57.025,3104
2026-04-09 12:50:00,57.03,57.13,57.03,57.105,1220
2026-04-09 12:55:00,57.1,57.11,57.09,57.095,1280
2026-04-09 13:00:00,57.09,57.09,57.045,57.045,973
2026-04-09 13:05:00,57.06,57.13,57.06,57.13,1317
2026-04-09 13:10:00,57.12,57.14,57.1,57.12,1700
2026-04-09 13:15:00,57.135,57.17,57.135,57.16,400
2026-04-09 13:20:00,57.17,57.19,57.15,57.175,1614
2026-04-09 13:25:00,57.175,57.195,57.175,57.195,3768
2026-04-09 13:30:00,57.19,57.21,57.14,57.195,1507
2026-04-09 13:35:00,57.21,57.25,57.195,57.25,940
2026-04-09 13:40:00,57.25,57.25,57.205,57.205,810
2026-04-09 13:45:00,57.205,57.225,57.18,57.2,2857
2026-04-09 13:50:00,57.215,57.215,57.145,57.145,1905
2026-04-09 13:55:00,57.155,57.17,57.145,57.165,2121
2026-04-09 14:00:00,57.19,57.21,57.1,57.1,2729
2026-04-09 14:05:00,57.04,57.14,57.02,57.095,2760
2026-04-09 14:10:00,57.095,57.125,57.07,57.07,3543
2026-04-09 14:15:00,57.06,57.1,57.05,57.1,1910
2026-04-09 14:20:00,57.06,57.09,57.04,57.04,2321
2026-04-09 14:25:00,57.045,57.055,57.01,57.03,4673
2026-04-09 14:30:00,57.035,57.035,56.93,56.935,2840
2026-04-09 14:35:00,56.945,56.99,56.945,56.99,2418
2026-04-09 14:40:00,57.005,57.025,56.975,56.99,1898
2026-04-09 14:45:00,56.98,57.015,56.98,57.005,2411
2026-04-09 14:50:00,56.995,57.005,56.9701,56.98,1080
2026-04-09 14:55:00,56.98,56.995,56.975,56.99,1147
2026-04-09 15:00:00,56.985,57.025,56.96,57.02,2847
2026-04-09 15:05:00,57.02,57.075,57.02,57.075,1455
2026-04-09 15:10:00,57.08,57.125,57.08,57.105,5318
2026-04-09 15:15:00,57.1,57.125,57.09,57.09,2938
2026-04-09 15:20:00,57.09,57.095,57.075,57.095,4862
2026-04-09 15:25:00,57.105,57.125,57.1,57.105,4288
2026-04-09 15:30:00,57.105,57.14,57.09,57.1269,5600
2026-04-09 15:35:00,57.125,57.155,57.12,57.14,4491
2026-04-09 15:40:00,57.135,57.145,57.13,57.14,4593
2026-04-09 15:45:00,57.145,57.145,57.12,57.135,7923
2026-04-09 15:50:00,57.135,57.145,57.1001,57.105,12434
2026-04-09 15:55:00,57.11,57.115,57.005,57.04,4762
2026-04-09 16:00:00,57.04,57.055,57.03,57.03,7802
2026-04-10 08:05:00,57.44,57.44,57.44,57.44,433
2026-04-10 08:15:00,57.45,57.45,57.45,57.45,100
2026-04-10 09:30:00,57.35,57.35,57.35,57.35,947
2026-04-10 09:35:00,57.21,57.27,57.21,57.27,300
2026-04-10 09:40:00,57.27,57.3,57.26,57.26,500
2026-04-10 09:45:00,57.245,57.28,57.24,57.28,340
2026-04-10 09:50:00,57.29,57.315,57.24,57.24,3300
2026-04-10 09:55:00,57.32,57.32,57.32,57.32,298
2026-04-10 10:00:00,57.355,57.355,57.355,57.355,100
2026-04-10 10:05:00,57.45,57.45,57.41,57.42,548
2026-04-10 10:10:00,57.41,57.41,57.41,57.41,127
2026-04-10 10:15:00,57.48,57.52,57.475,57.52,1488
2026-04-10 10:25:00,57.49,57.51,57.49,57.51,500
2026-04-10 10:30:00,57.53,57.54,57.52,57.52,900
2026-04-10 10:35:00,57.49,57.49,57.45,57.455,1099
2026-04-10 10:40:00,57.43,57.43,57.345,57.37,1500
2026-04-10 10:45:00,57.35,57.35,57.32,57.35,1000
2026-04-10 10:50:00,57.32,57.3546,57.29,57.35,613
2026-04-10 10:55:00,57.25,57.29,57.25,57.29,221
2026-04-10 11:00:00,57.33,57.34,57.33,57.34,400
2026-04-10 11:05:00,57.41,57.42,57.41,57.42,200
2026-04-10 11:15:00,57.43,57.43,57.43,57.43,585
2026-04-10 11:20:00,57.46,57.485,57.46,57.485,300
2026-04-10 11:25:00,57.49,57.49,57.46,57.46,500
2026-04-10 11:30:00,57.41,57.415,57.36,57.41,2300
2026-04-10 11:35:00,57.43,57.43,57.31,57.31,9007
2026-04-10 11:40:00,57.26,57.26,57.26,57.26,100
2026-04-10 11:45:00,57.27,57.29,57.25,57.25,400
2026-04-10 11:50:00,57.2484,57.2484,57.24,57.24,305
2026-04-10 11:55:00,57.18,57.18,57.16,57.16,500
2026-04-10 12:00:00,57.15,57.15,57.15,57.15,210
2026-04-10 12:05:00,57.17,57.17,57.12,57.1403,550
2026-04-10 12:10:00,57.15,57.23,57.15,57.22,1100
2026-04-10 12:15:00,57.21,57.21,57.19,57.19,200
2026-04-10 12:20:00,57.18,57.2,57.18,57.2,300
2026-04-10 12:25:00,57.2,57.21,57.195,57.21,1328
2026-04-10 12:30:00,57.18,57.18,57.18,57.18,180
2026-04-10 12:35:00,57.15,57.15,57.15,57.15,100
2026-04-10 12:40:00,57.155,57.16,57.12,57.12,1515
2026-04-10 12:45:00,57.12,57.165,57.12,57.165,800
2026-04-10 12:50:00,57.17,57.17,57.14,57.17,5815
2026-04-10 12:55:00,57.215,57.215,57.19,57.19,1184
2026-04-10 13:00:00,57.16,57.185,57.16,57.18,640
2026-04-10 13:05:00,57.14,57.14,57.14,57.14,100
2026-04-10 13:10:00,57.15,57.16,57.15,57.155,800
2026-04-10 13:15:00,57.13,57.14,57.13,57.14,300
2026-04-10 13:20:00,57.16,57.16,57.13,57.13,700
2026-04-10 13:25:00,57.12,57.12,57.08,57.08,900
2026-04-10 13:30:00,57.08,57.1,57.08,57.1,300
2026-04-10 13:40:00,57.15,57.155,57.12,57.155,1900
2026-04-10 13:45:00,57.135,57.14,57.13,57.14,800
2026-04-10 13:50:00,57.15,57.15,57.15,57.15,200
2026-04-10 13:55:00,57.15,57.155,57.145,57.15,900
2026-04-10 14:00:00,57.14,57.14,57.14,57.14,100
2026-04-10 14:05:00,57.1142,57.1142,57.095,57.095,328
2026-04-10 14:10:00,57.13,57.13,57.115,57.115,600
2026-04-10 14:15:00,57.17,57.19,57.17,57.18,1600
2026-04-10 14:20:00,57.225,57.24,57.225,57.23,700
2026-04-10 14:25:00,57.21,57.22,57.2,57.22,500
2026-04-10 14:30:00,57.22,57.255,57.22,57.255,500
2026-04-10 14:35:00,57.265,57.28,57.24,57.28,5300
2026-04-10 14:40:00,57.28,57.28,57.245,57.245,300
2026-04-10 14:45:00,57.23,57.23,57.23,57.23,100
2026-04-10 14:50:00,57.26,57.29,57.26,57.28,1100
2026-04-10 14:55:00,57.29,57.29,57.27,57.27,400
2026-04-10 15:00:00,57.29,57.29,57.28,57.28,400
2026-04-10 15:05:00,57.28,57.3,57.2501,57.26,2824
2026-04-10 15:10:00,57.25,57.29,57.25,57.2803,10844
2026-04-10 15:15:00,57.275,57.28,57.265,57.28,3398
2026-04-10 15:20:00,57.28,57.28,57.27,57.27,639
2026-04-10 15:25:00,57.2798,57.2798,57.27,57.27,600
2026-04-10 15:30:00,57.25,57.25,57.24,57.25,1409
2026-04-10 15:35:00,57.255,57.26,57.25,57.25,300
2026-04-10 15:40:00,57.23,57.23,57.22,57.22,1090
2026-04-10 15:45:00,57.26,57.26,57.225,57.23,965
2026-04-10 15:50:00,57.225,57.25,57.21,57.25,2200
2026-04-10 15:55:00,57.245,57.31,57.245,57.305,3579
2026-04-10 16:00:00,57.305,57.305,57.27,57.28,19318
2026-04-13 09:30:00,56.71,56.83,56.69,56.74,3195
2026-04-13 09:35:00,56.74,56.74,56.72,56.72,6471
2026-04-13 09:40:00,56.72,56.75,56.705,56.75,2463
2026-04-13 09:45:00,56.73,56.87,56.73,56.87,2713
2026-04-13 09:50:00,56.84,57.09,56.84,56.92,3800
2026-04-13 09:55:00,56.92,57.03,56.92,57.03,1971
2026-04-13 10:00:00,57.025,57.025,56.95,56.95,1183
2026-04-13 10:05:00,56.98,56.98,56.93,56.94,2003
2026-04-13 10:10:00,56.95,56.985,56.93,56.97,2467
2026-04-13 10:15:00,57.005,57.02,56.975,57.01,2778
2026-04-13 10:20:00,57.005,57.09,56.96,57.03,4380
2026-04-13 10:25:00,57.06,57.06,57.02,57.04,1320
2026-04-13 10:30:00,57.05,57.1,57.05,57.07,2536
2026-04-13 10:35:00,57.08,57.13,57.08,57.11,3877
2026-04-13 10:40:00,57.11,57.135,57.095,57.135,4134
2026-04-13 10:45:00,57.155,57.175,57.085,57.085,2079
2026-04-13 10:50:00,57.085,57.085,57.05,57.065,2501
2026-04-13 10:55:00,57.075,57.115,57.065,57.115,4872
2026-04-13 11:00:00,57.095,57.095,57,57.045,5764
2026-04-13 11:05:00,57.055,57.095,57.025,57.03,2452
2026-04-13 11:10:00,57.04,57.09,57.04,57.075,1700
2026-04-13 11:15:00,57.07,57.08,57.05,57.05,3210
2026-04-13 11:20:00,57.05,57.08,57.04,57.06,3540
2026-04-13 11:25:00,57.06,57.07,57.025,57.065,7654
2026-04-13 11:30:00,57.065,57.07,57.025,57.07,9970
2026-04-13 11:35:00,57.085,57.16,57.065,57.16,6143
2026-04-13 11:40:00,57.14,57.16,57.13,57.135,700
2026-04-13 11:45:00,57.1,57.11,57.08,57.11,1027
2026-04-13 11:50:00,57.1,57.12,57.085,57.085,1000
2026-04-13 11:55:00,57.09,57.12,57.09,57.12,810
2026-04-13 12:00:00,57.115,57.14,57.09,57.09,400
2026-04-13 12:05:00,57.0701,57.26,57.0701,57.14,3634
2026-04-13 12:10:00,57.14,57.15,57.14,57.15,600
2026-04-13 12:15:00,57.135,57.19,57.135,57.19,900
2026-04-13 12:20:00,57.17,57.25,57.16,57.17,2869
2026-04-13 12:25:00,57.2,57.225,57.2,57.225,1312
2026-04-13 12:30:00,57.265,57.36,57.265,57.3,5255
2026-04-13 12:35:00,57.26,57.36,57.26,57.31,1229
2026-04-13 12:40:00,57.33,57.38,57.25,57.3,3326
2026-04-13 12:45:00,57.35,57.44,57.345,57.42,1966
2026-04-13 12:50:00,57.4151,57.45,57.41,57.41,518
2026-04-13 12:55:00,57.355,57.385,57.35,57.38,1844
2026-04-13 13:00:00,57.405,57.415,57.39,57.415,728
2026-04-13 13:05:00,57.415,57.415,57.39,57.395,1300
2026-04-13 13:10:00,57.41,57.46,57.41,57.45,1052
2026-04-13 13:15:00,57.5,57.5,57.5,57.5,300
2026-04-13 13:20:00,57.51,57.51,57.465,57.49,1100
2026-04-13 13:25:00,57.4877,57.495,57.485,57.485,744
2026-04-13 13:30:00,57.49,57.5,57.49,57.495,610
2026-04-13 13:35:00,57.475,57.5,57.475,57.495,800
2026-04-13 13:40:00,57.51,57.515,57.49,57.49,600
2026-04-13 13:45:00,57.49,57.49,57.47,57.48,563
2026-04-13 13:50:00,57.47,57.47,57.45,57.46,400
2026-04-13 13:55:00,57.47,57.48,57.47,57.48,300
2026-04-13 14:00:00,57.475,57.505,57.475,57.505,410
2026-04-13 14:05:00,57.51,57.52,57.5,57.52,400
2026-04-13 14:10:00,57.505,57.53,57.505,57.53,300
2026-04-13 14:15:00,57.52,57.525,57.515,57.515,400
2026-04-13 14:20:00,57.52,57.52,57.515,57.515,589
2026-04-13 14:25:00,57.51,57.51,57.475,57.48,1235
2026-04-13 14:30:00,57.485,57.535,57.485,57.535,1184
2026-04-13 14:35:00,57.53,57.555,57.53,57.54,1168
2026-04-13 14:40:00,57.555,57.57,57.545,57.57,736
2026-04-13 14:45:00,57.575,57.63,57.575,57.63,1520
2026-04-13 14:50:00,57.635,57.68,57.63,57.68,2521
2026-04-13 14:55:00,57.665,57.685,57.66,57.685,1674
2026-04-13 15:00:00,57.68,57.7,57.68,57.68,500
2026-04-13 15:05:00,57.665,57.67,57.625,57.625,1405
2026-04-13 15:10:00,57.63,57.63,57.63,57.63,493
2026-04-13 15:15:00,57.625,57.64,57.625,57.6301,1500
2026-04-13 15:20:00,57.635,57.675,57.635,57.675,1003
2026-04-13 15:25:00,57.665,57.675,57.665,57.675,1601
2026-04-13 15:30:00,57.665,57.715,57.66,57.7,2001
2026-04-13 15:35:00,57.695,57.715,57.675,57.675,1870
2026-04-13 15:40:00,57.68,57.685,57.655,57.6757,1965
2026-04-13 15:45:00,57.67,57.67,57.635,57.635,3715
2026-04-13 15:50:00,57.64,57.735,57.64,57.735,4543
2026-04-13 15:55:00,57.73,57.76,57.72,57.73,3601
2026-04-13 16:00:00,57.74,57.77,57.72,57.72,7735
2026-04-14 09:30:00,58.07,58.1155,58.02,58.09,5582
2026-04-14 09:35:00,58.09,58.09,58.06,58.08,1536
2026-04-14 09:40:00,58.075,58.12,58.05,58.11,2475
2026-04-14 09:45:00,58.13,58.14,58.08,58.115,4625
2026-04-14 09:50:00,58.11,58.15,58.09,58.14,3410
2026-04-14 09:55:00,58.165,58.18,58.145,58.155,3517
2026-04-14 10:00:00,58.175,58.21,58.17,58.2,3262
2026-04-14 10:05:00,58.165,58.1993,58.145,58.1993,3670
2026-04-14 10:10:00,58.2,58.225,58.19,58.21,2523
2026-04-14 10:15:00,58.215,58.225,58.18,58.205,5321
2026-04-14 10:20:00,58.2,58.22,58.19,58.19,6138
2026-04-14 10:25:00,58.185,58.19,58.14,58.17,3590
2026-04-14 10:30:00,58.175,58.22,58.16,58.215,3828
2026-04-14 10:35:00,58.23,58.29,58.215,58.255,2895
2026-04-14 10:40:00,58.25,58.31,58.235,58.31,4886
2026-04-14 10:45:00,58.315,58.325,58.295,58.295,2294
2026-04-14 10:50:00,58.305,58.31,58.285,58.29,3511
2026-04-14 10:55:00,58.29,58.31,58.285,58.295,2703
2026-04-14 11:00:00,58.285,58.29,58.235,58.275,6181
2026-04-14 11:05:00,58.275,58.275,58.185,58.24,4023
2026-04-14 11:10:00,58.235,58.235,58.185,58.21,5579
2026-04-14 11:15:00,58.215,58.215,58.165,58.18,3288
2026-04-14 11:20:00,58.185,58.295,58.185,58.245,3354
2026-04-14 11:25:00,58.265,58.285,58.25,58.285,3095
2026-04-14 11:30:00,58.295,58.295,58.25,58.295,3674
2026-04-14 11:35:00,58.27,58.305,58.23,58.23,2348
2026-04-14 11:40:00,58.23,58.27,58.2,58.27,15264
2026-04-14 11:45:00,58.24,58.26,58.22,58.22,900
2026-04-14 11:50:00,58.19,58.21,58.19,58.21,940
2026-04-14 11:55:00,58.19,58.2,58.18,58.18,1630
2026-04-14 12:00:00,58.165,58.195,58.16,58.195,1694
2026-04-14 12:05:00,58.19,58.19,58.165,58.17,1300
2026-04-14 12:10:00,58.18,58.18,58.17,58.17,823
2026-04-14 12:15:00,58.18,58.2,58.18,58.185,1077
2026-04-14 12:20:00,58.18,58.18,58.175,58.175,2000
2026-04-14 12:25:00,58.18,58.195,58.18,58.19,2370
2026-04-14 12:30:00,58.19,58.19,58.15,58.15,400
2026-04-14 12:35:00,58.135,58.14,58.13,58.13,609
2026-04-14 12:40:00,58.145,58.17,58.145,58.155,710
2026-04-14 12:45:00,58.15,58.15,58.14,58.145,783
2026-04-14 12:50:00,58.15,58.165,58.15,58.15,1052
2026-04-14 12:55:00,58.125,58.14,58.125,58.125,300
2026-04-14 13:00:00,58.125,58.135,58.12,58.13,820
2026-04-14 13:05:00,58.14,58.165,58.125,58.15,780
2026-04-14 13:10:00,58.17,58.17,58.165,58.168,403
2026-04-14 13:15:00,58.16,58.16,58.16,58.16,100
2026-04-14 13:20:00,58.185,58.215,58.185,58.21,910
2026-04-14 13:25:00,58.21,58.22,58.185,58.185,2110
2026-04-14 13:30:00,58.19,58.205,58.19,58.205,2520
2026-04-14 13:35:00,58.195,58.205,58.185,58.2,3870
2026-04-14 13:40:00,58.19,58.205,58.19,58.2,600
2026-04-14 13:45:00,58.2,58.2,58.18,58.185,5148
2026-04-14 13:50:00,58.179,58.179,58.155,58.155,730
2026-04-14 13:55:00,58.16,58.175,58.15,58.16,1050
2026-04-14 14:00:00,58.18,58.19,58.175,58.175,657
2026-04-14 14:05:00,58.17,58.195,58.17,58.195,8740
2026-04-14 14:10:00,58.205,58.205,58.185,58.2,4082
2026-04-14 14:15:00,58.215,58.215,58.185,58.19,12002
2026-04-14 14:20:00,58.19,58.205,58.16,58.16,1000
2026-04-14 14:25:00,58.15,58.17,58.13,58.165,1020
2026-04-14 14:30:00,58.15,58.175,58.15,58.17,758
2026-04-14 14:35:00,58.16,58.165,58.15,58.165,2456
2026-04-14 14:40:00,58.155,58.165,58.125,58.125,3340
2026-04-14 14:45:00,58.12,58.14,58.12,58.13,400
2026-04-14 14:50:00,58.115,58.15,58.115,58.145,400
2026-04-14 14:55:00,58.15,58.1599,58.14,58.14,516
2026-04-14 15:00:00,58.14,58.16,58.14,58.15,1896
2026-04-14 15:05:00,58.175,58.18,58.165,58.175,4872
2026-04-14 15:10:00,58.175,58.19,58.175,58.185,600
2026-04-14 15:15:00,58.195,58.2,58.19,58.2,1713
2026-04-14 15:20:00,58.195,58.21,58.195,58.21,580
2026-04-14 15:25:00,58.205,58.22,58.205,58.22,1000
2026-04-14 15:30:00,58.215,58.23,58.21,58.21,3823
2026-04-14 15:35:00,58.195,58.2,58.1801,58.2,1855
2026-04-14 15:40:00,58.21,58.21,58.18,58.2,5671
2026-04-14 15:45:00,58.19,58.2,58.1701,58.19,1827
2026-04-14 15:50:00,58.2,58.2187,58.155,58.155,3228
2026-04-14 15:55:00,58.155,58.195,58.15,58.185,4057
2026-04-14 16:00:00,58.185,58.19,58.17,58.17,7364
2026-04-15 09:30:00,58.27,58.28,58.24,58.26,3715
2026-04-15 09:35:00,58.22,58.26,58.2,58.255,5169
2026-04-15 09:40:00,58.245,58.25,58.14,58.14,6583
2026-04-15 09:45:00,58.13,58.15,58.095,58.145,3880
2026-04-15 09:50:00,58.14,58.14,58.075,58.08,3220
2026-04-15 09:55:00,58.07,58.125,58.07,58.12,2800
2026-04-15 10:00:00,58.13,58.13,58.07,58.1,2724
2026-04-15 10:05:00,58.11,58.18,58.095,58.17,4155
2026-04-15 10:10:00,58.165,58.17,58.13,58.15,2697
2026-04-15 10:15:00,58.14,58.155,58.12,58.12,5584
2026-04-15 10:20:00,58.13,58.15,58.13,58.14,3326
2026-04-15 10:25:00,58.16,58.245,58.16,58.235,4023
2026-04-15 10:30:00,58.24,58.25,58.17,58.235,5758
2026-04-15 10:35:00,58.22,58.23,58.19,58.195,3333
2026-04-15 10:40:00,58.18,58.23,58.16,58.22,3320
2026-04-15 10:45:00,58.215,58.22,58.205,58.215,3858
2026-04-15 10:50:00,58.23,58.27,58.215,58.26,4301
2026-04-15 10:55:00,58.24,58.26,58.215,58.215,2720
2026-04-15 11:00:00,58.225,58.255,58.195,58.235,3337
2026-04-15 11:05:00,58.225,58.27,58.225,58.245,3719
2026-04-15 11:10:00,58.25,58.3,58.245,58.285,5262
2026-04-15 11:15:00,58.26,58.27,58.22,58.27,2394
2026-04-15 11:20:00,58.28,58.28,58.225,58.225,1977
2026-04-15 11:25:00,58.25,58.29,58.25,58.29,2789
2026-04-15 11:30:00,58.29,58.3,58.225,58.235,9666
2026-04-15 11:35:00,58.275,58.28,58.23,58.27,6952
2026-04-15 11:40:00,58.26,58.28,58.26,58.28,900
2026-04-15 11:45:00,58.27,58.27,58.245,58.245,839
2026-04-15 11:50:00,58.25,58.26,58.235,58.245,1100
2026-04-15 11:55:00,58.235,58.235,58.205,58.225,1270
2026-04-15 12:00:00,58.23,58.23,58.2,58.2,800
2026-04-15 12:05:00,58.225,58.225,58.205,58.205,600
2026-04-15 12:10:00,58.225,58.23,58.215,58.22,930
2026-04-15 12:15:00,58.235,58.235,58.185,58.215,4021
2026-04-15 12:20:00,58.22,58.24,58.22,58.23,1560
2026-04-15 12:25:00,58.235,58.235,58.205,58.22,1864
2026-04-15 12:30:00,58.21,58.255,58.21,58.235,5644
2026-04-15 12:35:00,58.24,58.24,58.215,58.22,800
2026-04-15 12:40:00,58.18,58.18,58.115,58.15,1296
2026-04-15 12:45:00,58.14,58.15,58.105,58.105,1377
2026-04-15 12:50:00,58.125,58.15,58.105,58.11,1650
2026-04-15 12:55:00,58.11,58.11,58.085,58.1,1920
2026-04-15 13:00:00,58.125,58.13,58.125,58.125,592
2026-04-15 13:05:00,58.135,58.15,58.13,58.14,2015
2026-04-15 13:10:00,58.135,58.145,58.135,58.145,300
2026-04-15 13:15:00,58.125,58.155,58.115,58.155,17483
2026-04-15 13:20:00,58.135,58.135,58.135,58.135,268
2026-04-15 13:25:00,58.14,58.155,58.14,58.145,919
2026-04-15 13:30:00,58.135,58.135,58.125,58.125,846
2026-04-15 13:35:00,58.145,58.15,58.14,58.145,1024
2026-04-15 13:40:00,58.14,58.14,58.1,58.1,310
2026-04-15 13:45:00,58.105,58.105,58.08,58.085,688
2026-04-15 13:50:00,58.09,58.095,58.08,58.08,877
2026-04-15 13:55:00,58.085,58.095,58.085,58.095,523
2026-04-15 14:00:00,58.09,58.19,58.05,58.125,3667
2026-04-15 14:05:00,58.12,58.15,58.12,58.14,1497
2026-04-15 14:10:00,58.14,58.14,58.12,58.13,12723
2026-04-15 14:15:00,58.13,58.13,58.125,58.13,1862
2026-04-15 14:20:00,58.125,58.1301,58.125,58.1301,1203
2026-04-15 14:25:00,58.135,58.135,58.13,58.135,482
2026-04-15 14:30:00,58.135,58.155,58.135,58.15,1051
2026-04-15 14:35:00,58.15,58.17,58.15,58.17,512
2026-04-15 14:40:00,58.16,58.165,58.135,58.14,1271
2026-04-15 14:45:00,58.155,58.165,58.155,58.165,488
2026-04-15 14:50:00,58.18,58.205,58.18,58.205,1714
2026-04-15 14:55:00,58.215,58.225,58.195,58.225,667
2026-04-15 15:00:00,58.205,58.23,58.205,58.23,1044
2026-04-15 15:05:00,58.215,58.23,58.215,58.22,1189
2026-04-15 15:10:00,58.225,58.24,58.215,58.215,1367
2026-04-15 15:15:00,58.21,58.21,58.17,58.17,1171
2026-04-15 15:20:00,58.2,58.21,58.2,58.205,1040
2026-04-15 15:25:00,58.21,58.225,58.21,58.215,930
2026-04-15 15:30:00,58.215,58.22,58.19,58.2,3338
2026-04-15 15:35:00,58.225,58.225,58.195,58.195,1929
2026-04-15 15:40:00,58.205,58.235,58.195,58.23,14100
2026-04-15 15:45:00,58.23,58.255,58.225,58.255,1600
2026-04-15 15:50:00,58.25,58.26,58.21,58.225,4317
2026-04-15 15:55:00,58.23,58.23,58.19,58.205,3947
2026-04-15 16:00:00,58.2,58.21,58.185,58.19,10384
2026-04-16 09:30:00,58.21,58.22,58.11,58.13,3920
2026-04-16 09:35:00,58.15,58.17,58.07,58.1,4700
2026-04-16 09:40:00,58.09,58.11,58.045,58.045,4317
2026-04-16 09:45:00,58.065,58.065,57.995,58.01,2623
2026-04-16 09:50:00,58.03,58.03,57.9,57.9,4471
2026-04-16 09:55:00,57.9,57.96,57.87,57.96,7355
2026-04-16 10:00:00,57.96,57.97,57.9,57.95,5663
2026-04-16 10:05:00,57.96,58,57.95,57.99,3092
2026-04-16 10:10:00,58.005,58.02,57.92,57.93,4066
2026-04-16 10:15:00,57.95,57.96,57.885,57.89,5101
2026-04-16 10:20:00,57.88,57.92,57.84,57.87,4023
2026-04-16 10:25:00,57.85,57.88,57.835,57.87,5934
2026-04-16 10:30:00,57.87,57.95,57.845,57.95,4049
2026-04-16 10:35:00,57.95,57.95,57.84,57.87,5398
2026-04-16 10:40:00,57.86,57.91,57.85,57.885,4279
2026-04-16 10:45:00,57.885,57.93,57.855,57.915,6352
2026-04-16 10:50:00,57.925,57.93,57.85,57.85,4575
2026-04-16 10:55:00,57.84,57.885,57.815,57.875,3925
2026-04-16 11:00:00,57.865,57.945,57.865,57.915,4518
2026-04-16 11:05:00,57.91,57.98,57.905,57.97,4101
2026-04-16 11:10:00,57.965,57.99,57.95,57.96,3107
2026-04-16 11:15:00,57.97,58.005,57.93,57.94,3444
2026-04-16 11:20:00,57.935,57.95,57.915,57.92,5198
2026-04-16 11:25:00,57.925,57.93,57.875,57.89,5467
2026-04-16 11:30:00,57.86,57.905,57.86,57.87,11791
2026-04-16 11:35:00,57.89,58.04,57.88,57.965,8355
2026-04-16 11:40:00,57.925,57.975,57.915,57.965,14040
2026-04-16 11:45:00,57.97,58,57.93,57.93,2000
2026-04-16 11:50:00,57.95,57.96,57.895,57.895,2765
2026-04-16 11:55:00,57.93,57.935,57.925,57.925,520
2026-04-16 12:05:00,57.93,57.97,57.925,57.95,3250
2026-04-16 12:10:00,57.94,57.94,57.905,57.905,15217
2026-04-16 12:15:00,57.92,57.92,57.92,57.92,200
2026-04-16 12:20:00,57.94,57.94,57.88,57.88,400
2026-04-16 12:25:00,57.88,57.89,57.875,57.875,980
2026-04-16 12:30:00,57.87,57.87,57.72,57.77,3183
2026-04-16 12:35:00,57.795,57.84,57.795,57.805,2325
2026-04-16 12:40:00,57.8,57.8,57.78,57.78,991
2026-04-16 12:45:00,57.81,57.83,57.785,57.795,3547
2026-04-16 12:50:00,57.8,57.81,57.775,57.78,1029
2026-04-16 12:55:00,57.79,57.79,57.775,57.775,510
2026-04-16 13:00:00,57.77,57.77,57.75,57.76,1494
2026-04-16 13:05:00,57.755,57.755,57.73,57.74,700
2026-04-16 13:10:00,57.745,57.76,57.7,57.7,984
2026-04-16 13:15:00,57.7,57.73,57.695,57.705,910
2026-04-16 13:20:00,57.71,57.77,57.705,57.765,842
2026-04-16 13:25:00,57.7799,57.7799,57.7799,57.7799,119
2026-04-16 13:30:00,57.825,57.825,57.81,57.81,910
2026-04-16 13:35:00,57.8,57.825,57.785,57.815,17032
2026-04-16 13:40:00,57.83,57.84,57.83,57.84,1171
2026-04-16 13:45:00,57.82,57.825,57.81,57.825,510
2026-04-16 13:50:00,57.82,57.82,57.81,57.815,746
2026-04-16 13:55:00,57.81,57.825,57.79,57.825,1420
2026-04-16 14:00:00,57.84,57.86,57.82,57.83,5168
2026-04-16 14:05:00,57.83,57.84,57.8,57.805,1940
2026-04-16 14:10:00,57.83,57.83,57.83,57.83,100
2026-04-16 14:15:00,57.84,57.86,57.84,57.845,600
2026-04-16 14:20:00,57.84,57.84,57.84,57.84,100
2026-04-16 14:25:00,57.82,57.82,57.79,57.79,1400
2026-04-16 14:30:00,57.8,57.81,57.8,57.81,300
2026-04-16 14:35:00,57.83,57.83,57.82,57.83,1107
2026-04-16 14:40:00,57.85,57.865,57.85,57.865,1200
2026-04-16 14:45:00,57.87,57.87,57.87,57.87,100
2026-04-16 14:50:00,57.88,57.88,57.875,57.875,1020
2026-04-16 14:55:00,57.87,57.875,57.86,57.8601,611
2026-04-16 15:00:00,57.9008,57.9008,57.87,57.89,2696
2026-04-16 15:05:00,57.88,57.9,57.88,57.9,800
2026-04-16 15:10:00,57.895,57.9,57.875,57.875,2149
2026-04-16 15:15:00,57.885,57.895,57.885,57.89,300
2026-04-16 15:20:00,57.885,57.885,57.885,57.885,350
2026-04-16 15:25:00,57.88,57.885,57.87,57.885,796
2026-04-16 15:30:00,57.89,57.9,57.88,57.88,1720
2026-04-16 15:35:00,57.89,57.89,57.88,57.88,530
2026-04-16 15:40:00,57.89,57.905,57.89,57.9,799
2026-04-16 15:45:00,57.885,57.89,57.885,57.89,828
2026-04-16 15:50:00,57.88,57.88,57.86,57.86,2889
2026-04-16 15:55:00,57.87,57.905,57.86,57.89,6744
2026-04-16 16:00:00,57.89,57.89,57.89,57.89,4905
2026-04-17 09:30:00,59.05,59.13,59.05,59.11,3898
2026-04-17 09:35:00,59.12,59.15,59.12,59.135,10927
2026-04-17 09:40:00,59.15,59.15,59.065,59.1,5766
2026-04-17 09:45:00,59.085,59.13,58.92,58.99,21044
2026-04-17 09:50:00,59.03,59.12,59.03,59.1,4398
2026-04-17 09:55:00,59.11,59.12,59.05,59.065,4304
2026-04-17 10:00:00,59.04,59.08,59,59.08,2363
2026-04-17 10:05:00,59.07,59.07,58.99,59,3076
2026-04-17 10:10:00,59,59,58.93,58.95,3327
2026-04-17 10:15:00,58.96,58.99,58.945,58.95,4591
2026-04-17 10:20:00,58.94,59.03,58.88,59.03,9959
2026-04-17 10:25:00,59.05,59.065,58.99,59.005,4160
2026-04-17 10:30:00,59,59.09,58.98,59.08,3031
2026-04-17 10:35:00,59.06,59.085,58.98,59.08,9579
2026-04-17 10:40:00,59.07,59.17,59.07,59.14,5768
2026-04-17 10:45:00,59.115,59.12,59.075,59.11,7772
2026-04-17 10:50:00,59.085,59.1,59.025,59.04,3325
2026-04-17 10:55:00,59.03,59.06,58.985,58.99,9386
2026-04-17 11:00:00,58.98,58.99,58.87,58.935,18434
2026-04-17 11:05:00,58.94,58.95,58.87,58.93,5155
2026-04-17 11:10:00,58.905,58.95,58.89,58.92,5276
2026-04-17 11:15:00,58.92,58.955,58.875,58.92,10557
2026-04-17 11:20:00,58.91,58.93,58.88,58.9,6389
2026-04-17 11:25:00,58.9,58.95,58.88,58.95,5520
2026-04-17 11:30:00,58.95,59.015,58.945,59.015,36644
2026-04-17 11:35:00,59.005,59.04,58.99,59.03,2075
2026-04-17 11:40:00,59.04,59.07,58.995,58.995,6549
2026-04-17 11:45:00,59.005,59.035,58.985,59.03,13393
2026-04-17 11:50:00,59.02,59.04,59.015,59.015,2800
2026-04-17 11:55:00,59.025,59.03,58.95,58.97,4820
2026-04-17 12:00:00,58.92,58.97,58.92,58.96,500
2026-04-17 12:10:00,58.92,58.95,58.92,58.95,400
2026-04-17 12:15:00,58.94,58.94,58.89,58.93,1132
2026-04-17 12:20:00,58.93,58.93,58.93,58.93,100
2026-04-17 12:25:00,58.91,58.94,58.91,58.9398,491
2026-04-17 12:30:00,58.965,58.965,58.965,58.965,100
2026-04-17 12:35:00,58.98,58.985,58.96,58.96,1500
2026-04-17 12:40:00,58.94,58.95,58.94,58.95,300
2026-04-17 12:45:00,58.98,58.98,58.97,58.97,296
2026-04-17 12:50:00,58.99,58.99,58.96,58.96,990
2026-04-17 12:55:00,58.955,58.965,58.955,58.96,300
2026-04-17 13:00:00,58.955,58.955,58.91,58.91,1284
2026-04-17 13:05:00,58.915,58.915,58.75,58.83,5972
2026-04-17 13:10:00,58.84,58.84,58.79,58.81,700
2026-04-17 13:15:00,58.86,58.88,58.86,58.88,200
2026-04-17 13:20:00,58.82,58.83,58.64,58.7,7337
2026-04-17 13:25:00,58.71,58.74,58.69,58.71,6036
2026-04-17 13:30:00,58.72,58.73,58.69,58.72,1100
2026-04-17 13:35:00,58.72,58.725,58.71,58.71,608
2026-04-17 13:40:00,58.735,58.735,58.735,58.735,100
2026-04-17 13:45:00,58.75,58.75,58.75,58.75,100
2026-04-17 13:50:00,58.78,58.79,58.765,58.785,12820
2026-04-17 13:55:00,58.785,58.81,58.785,58.81,800
2026-04-17 14:00:00,58.835,58.84,58.81,58.81,1021
2026-04-17 14:10:00,58.77,58.785,58.75,58.75,716
2026-04-17 14:15:00,58.755,58.775,58.755,58.77,1538
2026-04-17 14:20:00,58.76,58.835,58.76,58.835,1910
2026-04-17 14:25:00,58.825,58.8747,58.81,58.81,2223
2026-04-17 14:30:00,58.8002,58.835,58.8002,58.825,900
2026-04-17 14:35:00,58.815,58.815,58.785,58.79,4965
2026-04-17 14:40:00,58.765,58.785,58.755,58.77,6404
2026-04-17 14:45:00,58.775,58.785,58.755,58.76,1823
2026-04-17 14:50:00,58.735,58.74,58.68,58.7,11343
2026-04-17 14:55:00,58.69,58.725,58.69,58.725,3345
2026-04-17 15:00:00,58.6929,58.72,58.6929,58.72,729
2026-04-17 15:05:00,58.725,58.772,58.725,58.7501,725
2026-04-17 15:10:00,58.76,58.76,58.725,58.725,828
2026-04-17 15:15:00,58.77,58.785,58.77,58.785,400
2026-04-17 15:20:00,58.745,58.745,58.69,58.705,1390
2026-04-17 15:25:00,58.71,58.71,58.6902,58.6902,700
2026-04-17 15:30:00,58.7,58.74,58.7,58.725,794
2026-04-17 15:35:00,58.7,58.72,58.69,58.72,1600
2026-04-17 15:40:00,58.72,58.74,58.72,58.725,2769
2026-04-17 15:45:00,58.72,58.72,58.68,58.69,2301
2026-04-17 15:50:00,58.71,58.745,58.7,58.73,3084
2026-04-17 15:55:00,58.73,58.77,58.7,58.71,6459
2026-04-17 16:00:00,58.72,58.72,58.72,58.72,4226
2026-04-20 09:30:00,58.52,58.52,58.52,58.52,931
2026-04-20 09:35:00,58.565,58.565,58.53,58.53,500
2026-04-20 09:40:00,58.525,58.54,58.5005,58.54,1240
2026-04-20 09:45:00,58.53,58.55,58.52,58.52,1108
2026-04-20 09:50:00,58.52,58.52,58.48,58.51,961
2026-04-20 09:55:00,58.52,58.52,58.48,58.48,1660
2026-04-20 10:00:00,58.48,58.48,58.47,58.47,200
2026-04-20 10:05:00,58.445,58.45,58.41,58.41,400
2026-04-20 10:10:00,58.415,58.415,58.345,58.36,823
2026-04-20 10:15:00,58.43,58.46,58.43,58.46,522
2026-04-20 10:20:00,58.44,58.48,58.44,58.47,1000
2026-04-20 10:25:00,58.45,58.455,58.45,58.455,600
2026-04-20 10:30:00,58.48,58.48,58.425,58.425,500
2026-04-20 10:35:00,58.39,58.41,58.39,58.41,200
2026-04-20 10:40:00,58.42,58.43,58.41,58.41,520
2026-04-20 10:45:00,58.43,58.44,58.415,58.44,600
2026-04-20 10:50:00,58.42,58.45,58.16,58.31,8228
2026-04-20 10:55:00,58.26,58.28,58.26,58.28,220
2026-04-20 11:00:00,58.31,58.31,58.26,58.27,1040
2026-04-20 11:05:00,58.28,58.3,58.23,58.23,2110
2026-04-20 11:10:00,58.25,58.3101,58.25,58.29,2030
2026-04-20 11:15:00,58.2927,58.37,58.2927,58.37,698
2026-04-20 11:20:00,58.38,58.44,58.35,58.43,1580
2026-04-20 11:25:00,58.45,58.45,58.37,58.44,2616
2026-04-20 11:30:00,58.45,58.511,58.43,58.455,3874
2026-04-20 11:35:00,58.46,58.5,58.42,58.45,3742
2026-04-20 11:40:00,58.445,58.5,58.445,58.485,4367
2026-04-20 11:45:00,58.45,58.47,58.45,58.47,200
2026-04-20 11:50:00,58.46,58.47,58.445,58.47,3285
2026-04-20 11:55:00,58.485,58.495,58.485,58.485,2707
2026-04-20 12:00:00,58.43,58.43,58.42,58.42,200
2026-04-20 12:05:00,58.43,58.445,58.43,58.445,974
2026-04-20 12:10:00,58.47,58.49,58.47,58.485,4862
2026-04-20 12:15:00,58.495,58.495,58.49,58.49,434
2026-04-20 12:20:00,58.535,58.535,58.505,58.505,841
2026-04-20 12:25:00,58.5,58.5,58.5,58.5,100
2026-04-20 12:30:00,58.5001,58.505,58.495,58.505,4100
2026-04-20 12:35:00,58.49,58.49,58.455,58.455,600
2026-04-20 12:40:00,58.485,58.5,58.485,58.495,400
2026-04-20 12:45:00,58.48,58.48,58.48,58.48,100
2026-04-20 12:55:00,58.48,58.48,58.475,58.475,200
2026-04-20 13:00:00,58.48,58.51,58.48,58.51,500
2026-04-20 13:05:00,58.495,58.495,58.495,58.495,100
2026-04-20 13:20:00,58.53,58.53,58.505,58.505,629
2026-04-20 13:25:00,58.51,58.51,58.51,58.51,400
2026-04-20 13:30:00,58.5,58.72,58.5,58.64,210052
2026-04-20 13:35:00,58.64,58.685,58.63,58.645,33819
2026-04-20 13:40:00,58.64,58.64,58.51,58.57,42242
2026-04-20 13:45:00,58.56,58.575,58.525,58.525,8082
2026-04-20 13:50:00,58.525,58.555,58.525,58.555,1849
2026-04-20 14:05:00,58.59,58.59,58.56,58.56,700
2026-04-20 14:10:00,58.54,58.54,58.49,58.515,1100
2026-04-20 14:15:00,58.525,58.545,58.52,58.545,1078
2026-04-20 14:20:00,58.58,58.58,58.58,58.58,200
2026-04-20 14:25:00,58.56,58.56,58.52,58.525,900
2026-04-20 14:30:00,58.52,58.52,58.49,58.52,1326
2026-04-20 14:35:00,58.53,58.53,58.495,58.525,2488
2026-04-20 14:40:00,58.53,58.535,58.53,58.535,200
2026-04-20 14:45:00,58.55,58.55,58.54,58.54,500
2026-04-20 14:50:00,58.585,58.585,58.585,58.585,100
2026-04-20 15:00:00,58.5901,58.5901,58.5901,58.5901,112
2026-04-20 15:05:00,58.635,58.64,58.635,58.64,300
2026-04-20 15:10:00,58.655,58.655,58.655,58.655,100
2026-04-20 15:15:00,58.675,58.675,58.655,58.66,1444
2026-04-20 15:20:00,58.64,58.64,58.64,58.64,100
2026-04-20 15:25:00,58.63,58.65,58.63,58.65,1006
2026-04-20 15:30:00,58.635,58.635,58.635,58.635,100
2026-04-20 15:35:00,58.65,58.66,58.65,58.6566,457
2026-04-20 15:40:00,58.655,58.655,58.63,58.635,3747
2026-04-20 15:45:00,58.6309,58.64,58.625,58.635,948
2026-04-20 15:50:00,58.635,58.645,58.63,58.645,2500
2026-04-20 15:55:00,58.625,58.69,58.625,58.69,3821
2026-04-20 16:00:00,58.68,58.68,58.68,58.68,2023
2026-04-21 09:30:00,58.3,58.38,58.3,58.34,5999
2026-04-21 09:35:00,58.36,58.365,58.32,58.365,8386
2026-04-21 09:40:00,58.35,58.385,58.34,58.34,7400
2026-04-21 09:45:00,58.37,58.37,58.345,58.36,600
2026-04-21 09:50:00,58.33,58.375,58.33,58.37,9109
2026-04-21 09:55:00,58.33,58.34,58.33,58.34,200
2026-04-21 10:00:00,58.28,58.3,58.26,58.28,6695
2026-04-21 10:05:00,58.255,58.265,58.245,58.245,4600
2026-04-21 10:10:00,58.23,58.24,58.21,58.235,1950
2026-04-21 10:15:00,58.24,58.28,58.24,58.275,2250
2026-04-21 10:20:00,58.26,58.26,58.225,58.225,700
2026-04-21 10:25:00,58.24,58.24,58.215,58.23,900
2026-04-21 10:30:00,58.25,58.25,58.205,58.205,600
2026-04-21 10:35:00,58.22,58.225,58.18,58.19,5260
2026-04-21 10:40:00,58.17,58.205,58.13,58.14,8086
2026-04-21 10:45:00,58.1,58.1,58.01,58.025,1300
2026-04-21 10:50:00,57.99,58.025,57.98,58.025,7352
2026-04-21 10:55:00,58.025,58.025,57.9,57.9,1358
2026-04-21 11:00:00,57.88,57.88,57.81,57.85,6210
2026-04-21 11:05:00,57.85,57.91,57.8,57.91,5394
2026-04-21 11:10:00,57.935,57.97,57.935,57.96,1800
2026-04-21 11:15:00,58.015,58.015,57.96,58,7550
2026-04-21 11:20:00,58.01,58.03,57.96,57.98,13540
2026-04-21 11:25:00,57.965,57.965,57.89,57.92,10392
2026-04-21 11:30:00,57.905,57.925,57.885,57.89,4402
2026-04-21 11:35:00,57.875,57.875,57.76,57.8,5191
2026-04-21 11:40:00,57.8,57.88,57.8,57.88,2489
2026-04-21 11:45:00,57.86,57.93,57.855,57.93,850
2026-04-21 11:50:00,57.91,57.915,57.9,57.91,2200
2026-04-21 11:55:00,57.915,57.92,57.91,57.91,486
2026-04-21 12:00:00,58,58.01,57.99,58,700
2026-04-21 12:05:00,57.98,58,57.98,58,1000
2026-04-21 12:10:00,57.98,58,57.975,57.98,2500
2026-04-21 12:15:00,57.97,57.97,57.97,57.97,1720
2026-04-21 12:20:00,57.92,57.95,57.905,57.91,2220
2026-04-21 12:30:00,57.9201,57.935,57.915,57.92,2284
2026-04-21 12:35:00,57.91,57.91,57.875,57.875,2000
2026-04-21 12:40:00,57.89,57.89,57.845,57.845,1400
2026-04-21 12:45:00,57.865,57.87,57.865,57.87,200
2026-04-21 12:50:00,57.8363,57.8363,57.78,57.78,772
2026-04-21 12:55:00,57.76,57.76,57.76,57.76,100
2026-04-21 13:00:00,57.77,57.77,57.77,57.77,100
2026-04-21 13:05:00,57.72,57.74,57.645,57.68,4290
2026-04-21 13:10:00,57.685,57.685,57.54,57.545,1424
2026-04-21 13:15:00,57.55,57.59,57.54,57.54,900
2026-04-21 13:20:00,57.53,57.55,57.53,57.55,575
2026-04-21 13:25:00,57.57,57.6099,57.57,57.575,600
2026-04-21 13:30:00,57.61,57.67,57.61,57.65,2770
2026-04-21 13:35:00,57.6599,57.79,57.64,57.79,3390
2026-04-21 13:40:00,57.77,57.92,57.77,57.85,7787
2026-04-21 13:45:00,57.845,57.85,57.79,57.79,1862
2026-04-21 13:50:00,57.79,57.8,57.735,57.735,1300
2026-04-21 13:55:00,57.73,57.73,57.71,57.715,400
2026-04-21 14:00:00,57.74,57.755,57.74,57.755,800
2026-04-21 14:05:00,57.72,57.78,57.72,57.75,5450
2026-04-21 14:10:00,57.695,57.72,57.695,57.715,593
2026-04-21 14:15:00,57.72,57.735,57.59,57.61,8014
2026-04-21 14:20:00,57.605,57.61,57.575,57.575,1988
2026-04-21 14:25:00,57.595,57.595,57.565,57.575,800
2026-04-21 14:30:00,57.6,57.665,57.6,57.665,1000
2026-04-21 14:35:00,57.65,57.65,57.625,57.625,300
2026-04-21 14:40:00,57.615,57.615,57.59,57.595,950
2026-04-21 14:45:00,57.585,57.595,57.575,57.575,1300
2026-04-21 14:50:00,57.565,57.74,57.565,57.73,4510
2026-04-21 14:55:00,57.735,57.78,57.63,57.71,10817
2026-04-21 15:00:00,57.73,57.765,57.73,57.76,1100
2026-04-21 15:05:00,57.77,57.785,57.75,57.77,1600
2026-04-21 15:10:00,57.775,57.835,57.715,57.715,3648
2026-04-21 15:15:00,57.77,57.775,57.72,57.775,1700
2026-04-21 15:20:00,57.77,57.845,57.76,57.82,2542
2026-04-21 15:25:00,57.865,57.87,57.855,57.87,900
2026-04-21 15:30:00,57.855,57.855,57.8,57.8,3029
2026-04-21 15:35:00,57.77,57.77,57.65,57.66,1300
2026-04-21 15:40:00,57.66,57.66,57.34,57.34,3137
2026-04-21 15:45:00,57.37,57.46,57.35,57.43,1800
2026-04-21 15:50:00,57.45,57.465,57.335,57.34,7294
2026-04-21 15:55:00,57.34,57.4,57.33,57.39,11090
2026-04-21 16:00:00,57.37,57.48,57.37,57.48,2872