2026-03-23 09:30:00,81.08,81.2,80.97,80.97,24253
2026-03-23 09:35:00,81.08,81.08,81.08,81.08,700
2026-03-23 09:40:00,81.15,81.48,81.15,81.48,523
2026-03-23 09:50:00,81.58,81.58,81.58,81.58,500
2026-03-23 10:00:00,81.9,82.0484,81.9,82.03,1341
2026-03-23 10:30:00,81.83,81.83,81.83,81.83,107
2026-03-23 11:10:00,82.665,82.665,82.665,82.665,175
2026-03-23 11:15:00,82.51,82.51,82.51,82.51,400
2026-03-23 11:20:00,82.4167,82.48,82.375,82.48,1239
2026-03-23 11:30:00,82.44,82.44,82.44,82.44,100
2026-03-23 11:40:00,81.98,81.98,81.98,81.98,300
2026-03-23 12:05:00,81.7395,81.7395,81.7395,81.7395,263
2026-03-23 12:30:00,81.715,81.715,81.715,81.715,552
2026-03-23 13:05:00,81.79,81.79,81.79,81.79,100
2026-03-23 13:30:00,82.01,82.18,82.01,82.18,700
2026-03-23 13:35:00,82.25,82.25,82.25,82.25,190
2026-03-23 13:40:00,82.165,82.165,82.165,82.165,118
2026-03-23 13:45:00,82.06,82.06,82.06,82.06,131
2026-03-23 14:05:00,82.11,82.11,82.11,82.11,400
2026-03-23 14:35:00,82.27,82.38,82.27,82.38,2100
2026-03-23 14:40:00,82.19,82.22,82.19,82.22,600
2026-03-23 14:45:00,82.225,82.225,82.225,82.225,200
2026-03-23 15:15:00,82.095,82.095,82.095,82.095,185
2026-03-23 15:55:00,81.93,81.96,81.93,81.96,359
2026-03-24 09:30:00,80.98,80.98,80.98,80.98,366
2026-03-24 10:05:00,81.38,81.38,81.38,81.38,200
2026-03-24 10:10:00,81.455,81.455,81.455,81.455,162
2026-03-24 10:20:00,81.54,81.68,81.54,81.68,270
2026-03-24 10:35:00,81.66,81.7,81.65,81.7,600
2026-03-24 10:45:00,81.79,81.8,81.79,81.8,300
2026-03-24 11:15:00,82.1,82.1,82.1,82.1,149
2026-03-24 11:20:00,82.3,82.3,82.3,82.3,300
2026-03-24 11:30:00,82.26,82.26,82.26,82.26,100
2026-03-24 11:35:00,82.3,82.3,82.3,82.3,200
2026-03-24 11:50:00,82.3,82.3,82.3,82.3,297
2026-03-24 12:05:00,82.24,82.24,82.24,82.24,100
2026-03-24 12:20:00,82.415,82.415,82.415,82.415,213
2026-03-24 12:25:00,82.5085,82.52,82.4937,82.5199,819
2026-03-24 14:20:00,82.0887,82.0887,82.0887,82.0887,329
2026-03-24 14:35:00,82.55,82.55,82.55,82.55,200
2026-03-24 15:10:00,82.405,82.405,82.405,82.405,122
2026-03-24 15:25:00,82.3,82.3,82.29,82.29,2100
2026-03-24 16:20:00,82.57,82.57,82.57,82.57,135
2026-03-25 09:30:00,82.97,82.97,82.97,82.97,162
2026-03-25 11:20:00,82.24,82.305,82.24,82.305,200
2026-03-25 13:40:00,82.8619,82.8619,82.8619,82.8619,156
2026-03-26 09:30:00,81.89,81.89,81.89,81.89,100
2026-03-26 09:40:00,81.97,81.97,81.97,81.97,100
2026-03-26 09:45:00,82.41,82.41,82.4,82.4,400
2026-03-26 10:30:00,82.59,82.59,82.59,82.59,350
2026-03-26 10:55:00,82.345,82.345,82.345,82.345,240
2026-03-26 11:05:00,82.385,82.385,82.385,82.385,180
2026-03-26 13:45:00,82,82.01,82,82.01,400
2026-03-26 14:15:00,82.01,82.01,82.01,82.01,300
2026-03-26 14:35:00,82.27,82.35,82.27,82.35,800
2026-03-26 14:40:00,82.35,82.35,82.35,82.35,200
2026-03-26 15:15:00,82.155,82.155,82.155,82.155,565
2026-03-27 09:40:00,81.4,81.4,81.4,81.4,200
2026-03-27 09:45:00,81.56,81.5652,81.56,81.5652,200
2026-03-27 09:55:00,81.295,81.295,81.295,81.295,175
2026-03-27 10:35:00,81.585,81.585,81.585,81.585,425
2026-03-27 11:20:00,81.7,81.7,81.7,81.7,100
2026-03-27 12:25:00,81.36,81.4299,81.36,81.4299,200
2026-03-27 13:35:00,81.4499,81.4499,81.4499,81.4499,319
2026-03-27 15:30:00,81.13,81.13,81.13,81.13,200
2026-03-27 15:40:00,80.961,80.9721,80.961,80.9721,389
2026-03-27 15:55:00,81.23,81.23,81.23,81.23,100
2026-03-27 16:15:00,80.9,80.9,80.9,80.9,335
2026-03-30 09:30:00,81.5,81.5,81.5,81.5,128
2026-03-30 10:10:00,81.135,81.135,81.135,81.135,119
2026-03-30 10:25:00,80.88,80.88,80.83,80.85,581
2026-03-30 10:35:00,81.02,81.02,81.02,81.02,200
2026-03-30 11:00:00,81.335,81.335,81.335,81.335,148
2026-03-30 11:40:00,81.665,81.68,81.665,81.68,404
2026-03-30 12:55:00,81.215,81.215,81.215,81.215,109
2026-03-30 13:15:00,81.105,81.105,81.105,81.105,200
2026-03-30 13:50:00,80.8401,80.8401,80.8401,80.8401,300
2026-03-31 09:30:00,81.99,81.99,81.85,81.85,498
2026-03-31 10:10:00,81.73,81.73,81.73,81.73,200
2026-03-31 10:55:00,81.22,81.22,81.22,81.22,136
2026-03-31 11:20:00,81.59,81.59,81.59,81.59,126
2026-03-31 14:05:00,81.97,81.97,81.97,81.97,126
2026-03-31 15:05:00,82.15,82.15,82.15,82.15,520
2026-03-31 15:45:00,82.19,82.19,82.19,82.19,201
2026-04-01 09:30:00,82.67,82.67,82.67,82.67,193
2026-04-01 13:00:00,83.3846,83.3846,83.3846,83.3846,102
2026-04-01 13:10:00,83.3437,83.3437,83.3437,83.3437,134
2026-04-01 14:55:00,82.769,82.769,82.769,82.769,226
2026-04-01 15:00:00,82.75,82.75,82.75,82.75,100
2026-04-02 09:30:00,81.28,81.37,81.13,81.2525,1701
2026-04-02 11:30:00,83.04,83.12,83.04,83.12,445
2026-04-02 14:30:00,83,83,83,83,100
2026-04-02 15:55:00,83.29,83.29,83.29,83.29,200
2026-04-06 09:30:00,82.95,82.95,82.95,82.95,287
2026-04-06 10:15:00,83.14,83.14,83.14,83.14,500
2026-04-06 11:50:00,83.5,83.559,83.5,83.559,226
2026-04-06 12:50:00,83.61,83.61,83.61,83.61,171
2026-04-06 13:05:00,83.4,83.4,83.4,83.4,173
2026-04-06 13:25:00,83.385,83.385,83.385,83.385,357
2026-04-06 14:25:00,83.7248,83.7248,83.7248,83.7248,137
2026-04-06 14:30:00,83.785,83.785,83.785,83.785,108
2026-04-06 14:35:00,83.83,83.83,83.83,83.83,329
2026-04-06 15:45:00,83.65,83.68,83.6,83.6,1191
2026-04-06 15:50:00,83.675,83.675,83.675,83.675,400
2026-04-07 09:30:00,83.02,83.02,83.02,83.02,231
2026-04-07 09:45:00,83.05,83.05,83.05,83.05,335
2026-04-07 13:30:00,83.545,83.545,83.545,83.545,168
2026-04-07 15:15:00,83.599,83.599,83.599,83.599,117
2026-04-07 15:30:00,83.66,83.79,83.62,83.62,468
2026-04-07 16:00:00,83.8,83.8,83.8,83.8,200
2026-04-08 09:30:00,85.86,85.86,85.86,85.86,135
2026-04-08 10:05:00,86.14,86.14,86.14,86.14,155
2026-04-08 10:35:00,86.0401,86.1399,86.04,86.1399,460
2026-04-08 10:55:00,85.9,85.9,85.9,85.9,602
2026-04-08 11:00:00,86.0278,86.115,86.0278,86.115,559
2026-04-08 11:05:00,86.16,86.16,86.16,86.16,186
2026-04-08 11:20:00,86.02,86.02,86.02,86.02,300
2026-04-08 11:30:00,85.94,85.94,85.94,85.94,351
2026-04-08 12:10:00,85.9782,85.9782,85.9782,85.9782,241
2026-04-08 15:25:00,85.43,85.43,85.43,85.43,100
2026-04-08 15:40:00,85.69,85.69,85.69,85.69,300
2026-04-09 09:30:00,85.7,85.7,85.7,85.7,500
2026-04-09 09:50:00,85.63,85.63,85.63,85.63,150
2026-04-09 11:00:00,85.72,85.72,85.72,85.72,255
2026-04-09 11:20:00,85.955,85.955,85.955,85.955,117
2026-04-09 11:55:00,86.55,86.55,86.49,86.55,2797
2026-04-09 12:10:00,86.6726,86.6726,86.6726,86.6726,151
2026-04-09 12:15:00,86.72,86.72,86.72,86.72,320
2026-04-09 12:25:00,86.74,86.74,86.715,86.715,11999
2026-04-09 15:35:00,86.91,86.91,86.91,86.91,115
2026-04-09 15:50:00,86.94,86.94,86.94,86.94,100
2026-04-10 08:45:00,87,87,87,87,108
2026-04-10 09:30:00,87.12,87.12,87.12,87.12,676
2026-04-10 09:45:00,86.63,86.63,86.63,86.63,400
2026-04-10 09:55:00,86.61,86.61,86.61,86.61,100
2026-04-10 10:00:00,86.62,86.62,86.6,86.6,350
2026-04-10 10:05:00,86.7,86.7,86.7,86.7,100
2026-04-10 10:30:00,86.615,86.615,86.615,86.615,806
2026-04-10 10:40:00,86.62,86.62,86.55,86.55,740
2026-04-10 11:15:00,86.4916,86.4916,86.4916,86.4916,140
2026-04-10 12:00:00,86.1494,86.1494,86.1494,86.1494,481
2026-04-10 13:05:00,86.2,86.245,86.2,86.245,600
2026-04-10 13:50:00,86.4898,86.4898,86.4898,86.4898,100
2026-04-10 14:20:00,86.589,86.589,86.589,86.589,346
2026-04-13 09:45:00,86.27,86.27,86.27,86.27,204
2026-04-13 09:55:00,86.318,86.38,86.318,86.37,600
2026-04-13 10:35:00,86.34,86.34,86.34,86.34,127
2026-04-13 11:20:00,86.4,86.4,86.4,86.4,174
2026-04-13 11:35:00,86.35,86.35,86.35,86.35,188
2026-04-13 12:00:00,86.275,86.275,86.275,86.275,100
2026-04-13 12:50:00,86.85,86.8501,86.85,86.8501,950
2026-04-13 13:10:00,86.775,86.775,86.775,86.775,200
2026-04-13 13:30:00,86.7307,86.7307,86.7307,86.7307,120
2026-04-13 14:05:00,86.73,86.73,86.73,86.73,115
2026-04-13 14:25:00,86.82,86.82,86.82,86.82,126
2026-04-13 14:55:00,86.84,86.84,86.84,86.84,100
2026-04-13 15:15:00,86.875,86.875,86.875,86.875,100
2026-04-13 15:20:00,86.8411,86.8411,86.8411,86.8411,150
2026-04-13 15:30:00,86.9335,86.9335,86.9335,86.9335,114
2026-04-13 15:45:00,87.01,87.01,87.01,87.01,204
2026-04-14 10:45:00,87.36,87.36,87.36,87.36,199
2026-04-14 11:30:00,87.479,87.48,87.479,87.48,300
2026-04-14 11:35:00,87.49,87.49,87.49,87.49,300
2026-04-14 12:15:00,87.45,87.45,87.45,87.45,100
2026-04-14 12:30:00,87.515,87.515,87.515,87.515,150
2026-04-14 14:00:00,87.49,87.49,87.49,87.49,200
2026-04-14 14:15:00,87.38,87.38,87.38,87.38,116
2026-04-14 15:20:00,87.37,87.37,87.37,87.37,150
2026-04-14 15:25:00,87.43,87.43,87.43,87.43,2969
2026-04-14 15:50:00,87.505,87.505,87.505,87.505,274
2026-04-15 09:30:00,87.39,87.39,87.39,87.39,549
2026-04-15 10:55:00,87.16,87.16,87.15,87.15,49536
2026-04-15 11:00:00,87.1996,87.1996,87.1996,87.1996,114
2026-04-15 12:15:00,87.18,87.18,87.18,87.18,100
2026-04-15 12:20:00,87.165,87.165,87.165,87.165,692
2026-04-15 14:10:00,87.095,87.095,87.095,87.095,284
2026-04-15 14:35:00,87.1799,87.1799,87.1799,87.1799,134
2026-04-15 14:50:00,87.25,87.25,87.25,87.25,100
2026-04-15 15:05:00,87.2,87.2,87.2,87.2,100
2026-04-15 15:30:00,87.26,87.26,87.22,87.22,800
2026-04-15 15:50:00,87.165,87.165,87.165,87.165,120
2026-04-15 15:55:00,86.84,86.84,86.84,86.84,100
2026-04-16 09:30:00,86.65,86.65,86.65,86.65,1024
2026-04-16 09:35:00,87.19,87.19,87.19,87.19,100
2026-04-16 09:40:00,87.08,87.08,87.08,87.08,100
2026-04-16 10:00:00,87.05,87.05,87.05,87.05,371
2026-04-16 10:15:00,86.905,86.905,86.905,86.905,370
2026-04-16 10:50:00,86.98,86.98,86.98,86.98,288
2026-04-16 11:25:00,86.92,86.92,86.92,86.92,150
2026-04-16 11:40:00,86.875,86.875,86.875,86.875,104
2026-04-16 14:50:00,86.56,86.56,86.56,86.56,167
2026-04-16 15:00:00,86.57,86.57,86.57,86.57,200
2026-04-17 09:25:00,87.82,87.82,87.82,87.82,200
2026-04-17 09:30:00,88.02,88.02,88.02,88.02,1243
2026-04-17 10:00:00,88.07,88.07,88.07,88.07,168
2026-04-17 10:15:00,88.47,88.5,88.47,88.5,612
2026-04-17 10:35:00,88.955,88.955,88.955,88.955,129
2026-04-17 10:45:00,89.19,89.19,89.19,89.19,120
2026-04-17 11:25:00,89.0233,89.0386,89.0233,89.0386,411
2026-04-17 11:30:00,89.119,89.119,89.119,89.119,625
2026-04-17 11:35:00,89.098,89.098,89.098,89.098,100
2026-04-17 11:50:00,89.41,89.41,89.41,89.41,100
2026-04-17 12:05:00,89.37,89.37,89.37,89.37,100
2026-04-17 12:30:00,89.68,89.68,89.6799,89.6799,368
2026-04-17 12:50:00,89.8,89.8,89.8,89.8,423
2026-04-17 12:55:00,89.76,89.76,89.76,89.76,114
2026-04-17 14:35:00,89.033,89.06,89.033,89.06,540
2026-04-17 14:40:00,88.935,88.935,88.935,88.935,213
2026-04-17 14:50:00,88.84,88.84,88.84,88.84,351
2026-04-17 15:00:00,88.86,88.86,88.86,88.86,112
2026-04-17 15:10:00,88.8,88.8,88.8,88.8,100
2026-04-17 15:25:00,88.6768,88.68,88.6768,88.68,240
2026-04-20 09:30:00,88.78,88.78,88.78,88.78,823
2026-04-20 10:10:00,88.93,88.93,88.93,88.93,206
2026-04-20 10:15:00,89.135,89.135,89.135,89.135,500
2026-04-20 10:20:00,89.12,89.1897,89.12,89.1897,684
2026-04-20 11:10:00,88.9452,88.9452,88.9452,88.9452,200
2026-04-20 11:20:00,89.1,89.1,89.1,89.1,100
2026-04-20 11:30:00,89.07,89.0701,89.07,89.0701,400
2026-04-20 11:45:00,89.1,89.14,89.1,89.14,829
2026-04-20 11:55:00,89.05,89.05,89.05,89.05,16026
2026-04-20 12:00:00,88.99,88.99,88.99,88.99,123
2026-04-20 12:10:00,89.059,89.0599,89.0217,89.0599,1640
2026-04-20 12:20:00,89.03,89.03,89.03,89.03,100
2026-04-20 12:35:00,88.89,88.94,88.87,88.87,665
2026-04-20 12:50:00,88.8601,88.895,88.86,88.895,1100
2026-04-20 13:10:00,88.92,88.92,88.92,88.92,200
2026-04-20 14:50:00,88.975,88.975,88.975,88.975,130
2026-04-20 15:30:00,88.955,88.955,88.955,88.955,111
2026-04-21 09:30:00,88.89,88.89,88.89,88.89,359
2026-04-21 10:40:00,89.1,89.1,89.1,89.1,138
2026-04-21 11:15:00,88.65,88.65,88.6499,88.6499,200
2026-04-21 12:20:00,88.13,88.13,88.13,88.13,2100
2026-04-21 12:35:00,88.15,88.15,88.07,88.07,5659
2026-04-21 12:45:00,87.9919,87.9919,87.9919,87.9919,275
2026-04-21 13:10:00,87.8,87.8,87.8,87.8,5507
2026-04-21 13:15:00,87.73,87.73,87.73,87.73,200
2026-04-21 14:15:00,87.8,87.8,87.65,87.65,620
2026-04-21 14:35:00,87.8,87.8,87.8,87.8,200
2026-04-21 14:40:00,87.725,87.725,87.725,87.725,170
2026-04-21 15:00:00,87.8,87.8,87.8,87.8,831
2026-04-21 15:10:00,87.855,87.92,87.855,87.92,420
2026-04-21 15:40:00,87.74,87.74,87.1601,87.225,1304
2026-04-21 15:45:00,87.26,87.33,87.26,87.33,505
2026-04-21 15:50:00,87.01,87.01,87.01,87.01,400
2026-04-21 15:55:00,87.47,87.53,87.47,87.53,300