2026-03-23 09:30:00,81.09,81.09,81.02,81.07,960
2026-03-23 09:40:00,81.16,81.32,81.12,81.32,516
2026-03-23 09:45:00,81.1943,81.33,81.1943,81.33,354
2026-03-23 09:50:00,81.47,81.495,81.47,81.495,200
2026-03-23 10:00:00,81.41,81.41,81.41,81.41,123
2026-03-23 10:10:00,81.5208,81.58,81.5208,81.58,712
2026-03-23 10:15:00,81.69,81.69,81.63,81.63,400
2026-03-23 10:25:00,81.71,81.71,81.71,81.71,100
2026-03-23 10:30:00,81.69,81.69,81.69,81.69,100
2026-03-23 10:45:00,81.73,81.73,81.73,81.73,206
2026-03-23 10:55:00,81.61,81.61,81.61,81.61,364
2026-03-23 11:15:00,81.8103,81.8103,81.8103,81.8103,100
2026-03-23 11:20:00,81.73,81.73,81.73,81.73,105
2026-03-23 11:45:00,81.251,81.251,81.24,81.24,803
2026-03-23 11:50:00,81.2981,81.2981,81.0928,81.0928,2238
2026-03-23 12:10:00,81.07,81.08,81,81,619
2026-03-23 12:15:00,81,81,81,81,152
2026-03-23 12:35:00,80.83,80.83,80.83,80.83,154
2026-03-23 12:40:00,80.815,80.815,80.815,80.815,100
2026-03-23 12:50:00,80.83,80.83,80.83,80.83,925
2026-03-23 13:00:00,80.736,80.736,80.736,80.736,100
2026-03-23 13:05:00,80.88,80.88,80.88,80.88,107
2026-03-23 13:10:00,80.88,80.88,80.88,80.88,100
2026-03-23 13:15:00,80.83,80.83,80.83,80.83,144
2026-03-23 13:20:00,80.71,80.71,80.71,80.71,500
2026-03-23 13:25:00,80.78,80.78,80.711,80.78,8400
2026-03-23 13:30:00,80.78,80.99,80.72,80.99,4629
2026-03-23 13:35:00,81.11,81.115,81.1,81.1,1726
2026-03-23 13:40:00,81.09,81.09,80.97,80.97,500
2026-03-23 13:45:00,80.96,80.96,80.91,80.92,4064
2026-03-23 13:50:00,80.97,81.01,80.95,81.01,951
2026-03-23 13:55:00,81.01,81.11,81.01,81.1,28069
2026-03-23 14:05:00,81.17,81.23,81.01,81.06,1057
2026-03-23 14:25:00,81.025,81.12,81.025,81.0888,4790
2026-03-23 14:35:00,81.35,81.35,81.28,81.33,1602
2026-03-23 14:40:00,81.28,81.29,81.27,81.27,1100
2026-03-23 14:45:00,81.24,81.24,81.24,81.24,159
2026-03-23 14:50:00,81.26,81.26,81.22,81.24,1200
2026-03-23 14:55:00,81.26,81.275,81.255,81.275,2300
2026-03-23 15:00:00,81.22,81.22,81.22,81.22,300
2026-03-23 15:05:00,81.2,81.2,81.19,81.1901,939
2026-03-23 15:10:00,81.19,81.19,81.14,81.14,1100
2026-03-23 15:15:00,81.1,81.1,81.05,81.055,865
2026-03-23 15:20:00,81.13,81.13,81.04,81.04,1212
2026-03-23 15:25:00,81.04,81.04,81.025,81.025,400
2026-03-23 15:30:00,81.03,81.03,81.03,81.03,800
2026-03-23 15:35:00,81.04,81.04,81.01,81.035,2234
2026-03-23 15:50:00,80.98,80.99,80.925,80.945,1177
2026-03-23 15:55:00,80.89,80.89,80.86,80.86,200
2026-03-24 09:30:00,80.34,80.34,80.34,80.34,648
2026-03-24 09:35:00,80.55,80.55,80.55,80.55,100
2026-03-24 09:40:00,80.22,80.22,80.2087,80.2087,453
2026-03-24 09:45:00,80.235,80.235,80.09,80.09,405
2026-03-24 09:50:00,80.03,80.0836,80.03,80.0836,648
2026-03-24 09:55:00,80.2,80.2,80.17,80.17,600
2026-03-24 10:00:00,80.3702,80.3702,80.27,80.27,410
2026-03-24 10:10:00,80.38,80.38,80.19,80.2178,1216
2026-03-24 10:15:00,80.29,80.29,80.19,80.19,906
2026-03-24 10:20:00,80.255,80.3,80.255,80.3,834
2026-03-24 10:25:00,80.2985,80.46,80.12,80.32,3521
2026-03-24 10:30:00,80.315,80.43,80.315,80.395,719
2026-03-24 10:35:00,80.34,80.34,80.31,80.31,279
2026-03-24 10:40:00,80.38,80.465,80.38,80.465,511
2026-03-24 10:45:00,80.43,80.51,80.43,80.5,664
2026-03-24 10:50:00,80.59,80.75,80.59,80.67,5274
2026-03-24 10:55:00,80.78,80.78,80.78,80.78,388
2026-03-24 11:00:00,80.6,80.72,80.6,80.72,322
2026-03-24 11:05:00,80.695,80.695,80.695,80.695,507
2026-03-24 11:10:00,80.69,80.7686,80.69,80.7686,939
2026-03-24 11:20:00,80.87,80.915,80.87,80.915,417
2026-03-24 11:30:00,80.94,80.99,80.84,80.84,1443
2026-03-24 11:35:00,80.94,81,80.94,81,592
2026-03-24 11:40:00,80.98,81.0592,80.97,81,1267
2026-03-24 11:45:00,80.98,81.03,80.98,81.03,949
2026-03-24 11:50:00,81.075,81.075,81.065,81.065,630
2026-03-24 11:55:00,80.865,80.865,80.865,80.865,287
2026-03-24 12:00:00,80.765,80.765,80.765,80.765,147
2026-03-24 12:10:00,80.68,80.71,80.68,80.7,8300
2026-03-24 12:20:00,80.89,80.89,80.88,80.88,345
2026-03-24 12:25:00,80.87,80.909,80.87,80.909,450
2026-03-24 12:30:00,80.87,80.87,80.82,80.82,843
2026-03-24 12:35:00,80.71,80.71,80.62,80.6412,1339
2026-03-24 12:40:00,80.6799,80.72,80.64,80.72,1222
2026-03-24 12:45:00,80.8895,80.8899,80.8895,80.8899,435
2026-03-24 12:50:00,80.825,80.85,80.78,80.78,363
2026-03-24 12:55:00,80.8,80.8,80.77,80.77,738
2026-03-24 13:00:00,80.56,80.56,80.56,80.56,143
2026-03-24 13:05:00,80.56,80.56,80.45,80.48,5104
2026-03-24 13:10:00,80.38,80.42,80.38,80.42,500
2026-03-24 13:15:00,80.39,80.39,80.39,80.39,100
2026-03-24 13:20:00,80.43,80.43,80.415,80.43,25222
2026-03-24 13:25:00,80.51,80.52,80.51,80.52,200
2026-03-24 13:30:00,80.61,80.61,80.48,80.48,400
2026-03-24 13:35:00,80.4,80.4,80.4,80.4,400
2026-03-24 13:40:00,80.43,80.43,80.43,80.43,200
2026-03-24 13:45:00,80.365,80.38,80.365,80.38,620
2026-03-24 13:55:00,80.51,80.625,80.51,80.625,2999
2026-03-24 14:00:00,80.67,80.67,80.665,80.665,1777
2026-03-24 14:10:00,80.62,80.645,80.62,80.62,700
2026-03-24 14:20:00,80.66,80.66,80.66,80.66,400
2026-03-24 14:35:00,80.83,80.84,80.83,80.84,578
2026-03-24 14:40:00,80.91,80.91,80.78,80.81,937
2026-03-24 14:55:00,80.79,80.79,80.785,80.79,907
2026-03-24 15:00:00,80.89,80.89,80.89,80.89,100
2026-03-24 15:15:00,80.89,80.925,80.89,80.925,2854
2026-03-24 15:20:00,80.91,80.91,80.88,80.88,200
2026-03-24 15:25:00,80.87,80.87,80.87,80.87,500
2026-03-24 15:30:00,80.73,80.87,80.73,80.87,702
2026-03-24 15:35:00,80.79,80.79,80.715,80.715,2089
2026-03-24 15:40:00,80.73,80.73,80.73,80.73,200
2026-03-24 15:45:00,80.678,80.678,80.67,80.67,393
2026-03-24 15:50:00,80.57,80.57,80.57,80.57,219
2026-03-24 15:55:00,80.61,80.61,80.61,80.61,100
2026-03-24 16:00:00,80.7,80.7,80.7,80.7,366
2026-03-25 09:25:00,81.6,81.6,81.6,81.6,100
2026-03-25 09:30:00,81.55,81.55,81.41,81.41,4049
2026-03-25 09:40:00,81.48,81.48,81.48,81.48,306
2026-03-25 09:45:00,81.515,81.515,81.43,81.43,488
2026-03-25 09:50:00,81.33,81.33,81.2699,81.2699,3696
2026-03-25 09:55:00,81.27,81.27,81.27,81.27,238
2026-03-25 10:05:00,81.4,81.4,81.4,81.4,286
2026-03-25 10:10:00,81.54,81.54,81.49,81.49,457
2026-03-25 10:15:00,81.54,81.6511,81.54,81.6511,1342
2026-03-25 10:20:00,81.6,81.7066,81.6,81.66,912
2026-03-25 10:25:00,81.62,81.73,81.62,81.645,928
2026-03-25 10:45:00,81.7299,81.73,81.7299,81.73,235
2026-03-25 10:50:00,81.73,81.73,81.73,81.73,100
2026-03-25 11:00:00,81.71,81.71,81.71,81.71,200
2026-03-25 11:15:00,81.32,81.32,81.09,81.19,1800
2026-03-25 11:20:00,81.23,81.2998,81.23,81.2998,1170
2026-03-25 11:25:00,81.43,81.43,81.43,81.43,444
2026-03-25 11:30:00,81.545,81.545,81.545,81.545,198
2026-03-25 11:35:00,81.5,81.5,81.4,81.4,200
2026-03-25 11:45:00,81.385,81.385,81.385,81.385,141
2026-03-25 11:55:00,81.48,81.49,81.48,81.49,2000
2026-03-25 12:00:00,81.424,81.424,81.424,81.424,396
2026-03-25 12:05:00,81.36,81.36,81.36,81.36,100
2026-03-25 12:10:00,81.33,81.37,81.33,81.37,250
2026-03-25 12:15:00,81.3427,81.3427,81.3427,81.3427,190
2026-03-25 12:20:00,81.43,81.45,81.43,81.44,3400
2026-03-25 12:25:00,81.49,81.5899,81.47,81.47,432
2026-03-25 12:40:00,81.5849,81.5849,81.5849,81.5849,175
2026-03-25 12:45:00,81.531,81.57,81.52,81.555,14861
2026-03-25 12:50:00,81.5,81.5,81.49,81.49,200
2026-03-25 12:55:00,81.55,81.55,81.55,81.55,100
2026-03-25 13:00:00,81.54,81.54,81.54,81.54,184
2026-03-25 13:10:00,81.405,81.47,81.405,81.47,832
2026-03-25 13:20:00,81.4624,81.4624,81.4624,81.4624,295
2026-03-25 13:25:00,81.5691,81.5691,81.5691,81.5691,304
2026-03-25 13:30:00,81.51,81.51,81.51,81.51,100
2026-03-25 13:35:00,81.57,81.66,81.57,81.66,752
2026-03-25 13:40:00,81.615,81.68,81.615,81.66,500
2026-03-25 13:50:00,81.56,81.56,81.505,81.505,369
2026-03-25 13:55:00,81.55,81.5995,81.4405,81.4405,12901
2026-03-25 14:00:00,81.44,81.44,81.44,81.44,140
2026-03-25 14:05:00,81.58,81.58,81.58,81.58,100
2026-03-25 14:10:00,81.55,81.55,81.55,81.55,200
2026-03-25 14:25:00,81.59,81.59,81.565,81.565,3304
2026-03-25 14:30:00,81.575,81.575,81.55,81.55,500
2026-03-25 14:35:00,81.565,81.565,81.565,81.565,271
2026-03-25 14:45:00,81.5388,81.5388,81.5388,81.5388,1271
2026-03-25 14:50:00,81.47,81.47,81.47,81.47,1338
2026-03-25 15:00:00,81.37,81.37,81.25,81.25,304
2026-03-25 15:15:00,81.3972,81.48,81.3972,81.435,1226
2026-03-25 15:30:00,81.33,81.33,81.33,81.33,100
2026-03-25 15:35:00,81.25,81.25,81.24,81.24,656
2026-03-25 15:45:00,81.28,81.285,81.28,81.285,681
2026-03-25 16:00:00,81.42,81.42,81.42,81.42,250
2026-03-26 09:30:00,80.46,80.46,80.46,80.46,816
2026-03-26 09:40:00,80.63,80.63,80.63,80.63,100
2026-03-26 09:50:00,80.47,80.535,80.46,80.535,971
2026-03-26 09:55:00,80.49,80.49,80.44,80.44,305
2026-03-26 10:00:00,80.61,80.6397,80.61,80.6397,248
2026-03-26 10:05:00,80.46,80.59,80.46,80.52,558
2026-03-26 10:10:00,80.52,80.52,80.4,80.4,886
2026-03-26 10:20:00,80.5482,80.6,80.53,80.6,1990
2026-03-26 10:30:00,80.565,80.565,80.565,80.565,103
2026-03-26 10:35:00,80.545,80.545,80.42,80.42,328
2026-03-26 10:40:00,80.59,80.59,80.37,80.37,498
2026-03-26 10:45:00,80.17,80.17,80.17,80.17,200
2026-03-26 10:50:00,80,80,80,80,100
2026-03-26 11:00:00,80.1,80.1,80.1,80.1,700
2026-03-26 11:05:00,80.16,80.16,80.16,80.16,200
2026-03-26 11:10:00,80.16,80.16,80.16,80.16,300
2026-03-26 11:25:00,80.08,80.105,80.08,80.105,1714
2026-03-26 11:30:00,80,80,80,80,200
2026-03-26 11:35:00,80.03,80.03,80.015,80.015,1181
2026-03-26 11:40:00,80.065,80.065,80.05,80.05,546
2026-03-26 11:45:00,80.12,80.18,80.1,80.1,800
2026-03-26 11:50:00,80.21,80.21,80.14,80.21,8630
2026-03-26 12:05:00,80.215,80.215,80.215,80.215,147
2026-03-26 12:15:00,80.14,80.14,79.97,80.07,2000
2026-03-26 12:30:00,79.75,79.75,79.75,79.75,500
2026-03-26 12:45:00,79.7,79.7,79.69,79.69,400
2026-03-26 12:50:00,79.65,79.66,79.65,79.66,800
2026-03-26 12:55:00,79.71,79.72,79.71,79.72,1100
2026-03-26 13:00:00,79.765,79.765,79.73,79.73,4180
2026-03-26 13:05:00,79.76,79.76,79.7488,79.7488,576
2026-03-26 13:15:00,79.73,79.75,79.7,79.7,1426
2026-03-26 13:25:00,79.49,79.58,79.49,79.53,400
2026-03-26 13:35:00,79.68,79.68,79.675,79.675,700
2026-03-26 13:45:00,79.6099,79.6099,79.6099,79.6099,585
2026-03-26 13:50:00,79.39,79.425,79.35,79.425,1979
2026-03-26 13:55:00,79.325,79.325,79.31,79.31,804
2026-03-26 14:00:00,79.41,79.41,79.3588,79.3588,307
2026-03-26 14:10:00,79.39,79.39,79.39,79.39,300
2026-03-26 14:15:00,79.3246,79.3246,79.32,79.32,1100
2026-03-26 14:20:00,79.32,79.335,79.27,79.27,2442
2026-03-26 14:25:00,79.39,79.39,79.26,79.26,2394
2026-03-26 14:30:00,79.31,79.4049,79.31,79.4049,314
2026-03-26 14:35:00,79.405,79.405,79.405,79.405,112
2026-03-26 14:40:00,79.42,79.42,79.36,79.36,606
2026-03-26 14:55:00,79.48,79.485,79.44,79.44,691
2026-03-26 15:00:00,79.39,79.39,79.39,79.39,100
2026-03-26 15:05:00,79.34,79.34,79.34,79.34,300
2026-03-26 15:10:00,79.265,79.265,79.22,79.22,320
2026-03-26 15:15:00,79.36,79.36,79.36,79.36,200
2026-03-26 15:20:00,79.35,79.35,79.25,79.346,7761
2026-03-26 15:25:00,79.25,79.25,79.25,79.25,124
2026-03-26 15:35:00,79.315,79.32,79.245,79.245,1266
2026-03-26 15:40:00,79.19,79.19,79.14,79.14,352
2026-03-26 15:45:00,79.15,79.155,79.1,79.1,905
2026-03-26 15:50:00,79.15,79.21,79.1,79.125,718
2026-03-26 15:55:00,79.08,79.17,79.05,79.13,978
2026-03-26 16:00:00,79.06,79.06,79.06,79.06,121
2026-03-27 09:30:00,78.68,78.73,78.645,78.645,2110
2026-03-27 09:35:00,78.56,78.56,78.56,78.56,131
2026-03-27 09:45:00,78.985,78.985,78.985,78.985,221
2026-03-27 09:50:00,78.82,78.82,78.59,78.59,347
2026-03-27 10:00:00,78.48,78.51,78.48,78.51,1198
2026-03-27 10:15:00,78.64,78.64,78.64,78.64,400
2026-03-27 10:20:00,78.68,78.68,78.5,78.5,943
2026-03-27 10:30:00,78.475,78.52,78.475,78.52,1103
2026-03-27 10:40:00,78.36,78.36,78.36,78.36,641
2026-03-27 10:45:00,78.44,78.47,78.44,78.47,500
2026-03-27 10:50:00,78.57,78.57,78.57,78.57,112
2026-03-27 11:00:00,78.64,78.64,78.64,78.64,400
2026-03-27 11:05:00,78.67,78.67,78.56,78.56,936
2026-03-27 11:10:00,78.6413,78.6413,78.545,78.545,866
2026-03-27 11:20:00,78.54,78.64,78.54,78.64,600
2026-03-27 11:25:00,78.69,78.795,78.65,78.74,1174
2026-03-27 11:30:00,78.9,79.01,78.9,79.01,11397
2026-03-27 11:35:00,78.98,78.98,78.885,78.885,234
2026-03-27 11:40:00,78.82,78.82,78.72,78.72,275
2026-03-27 11:45:00,78.785,78.785,78.785,78.785,102
2026-03-27 11:50:00,78.82,78.89,78.7475,78.7475,2328
2026-03-27 11:55:00,78.71,78.71,78.69,78.69,1975
2026-03-27 12:00:00,78.61,78.61,78.61,78.61,885
2026-03-27 12:05:00,78.58,78.58,78.58,78.58,849
2026-03-27 12:15:00,78.51,78.545,78.5,78.5,1298
2026-03-27 12:20:00,78.515,78.515,78.515,78.515,126
2026-03-27 12:25:00,78.47,78.47,78.47,78.47,165
2026-03-27 12:35:00,78.445,78.445,78.405,78.405,747
2026-03-27 12:45:00,78.52,78.52,78.52,78.52,176
2026-03-27 13:00:00,78.38,78.38,78.38,78.38,200
2026-03-27 13:05:00,78.41,78.56,78.41,78.485,6138
2026-03-27 13:15:00,78.445,78.445,78.315,78.315,481
2026-03-27 13:20:00,78.275,78.275,78.275,78.275,256
2026-03-27 13:25:00,78.22,78.22,78.22,78.22,176
2026-03-27 13:30:00,78.05,78.17,78.05,78.17,1699
2026-03-27 13:35:00,78.1437,78.1437,78.1437,78.1437,148
2026-03-27 13:55:00,78.053,78.053,78,78,626
2026-03-27 14:00:00,77.965,77.965,77.91,77.91,612
2026-03-27 14:05:00,77.96,77.9774,77.88,77.88,1144
2026-03-27 14:10:00,77.94,77.95,77.94,77.95,300
2026-03-27 14:15:00,77.945,77.945,77.945,77.945,150
2026-03-27 14:20:00,78.045,78.045,78.045,78.045,336
2026-03-27 14:25:00,78.06,78.06,78.02,78.035,437
2026-03-27 14:30:00,78.04,78.09,77.985,78.09,1000
2026-03-27 14:35:00,78.05,78.0788,77.995,78.01,978
2026-03-27 14:40:00,78.02,78.025,78.01,78.01,635
2026-03-27 14:45:00,78.06,78.06,78.01,78.06,500
2026-03-27 14:50:00,78.0884,78.0884,77.96,78.005,2651
2026-03-27 14:55:00,77.91,77.92,77.91,77.915,1186
2026-03-27 15:05:00,77.935,77.95,77.935,77.95,945
2026-03-27 15:10:00,78.01,78.02,78.01,78.01,600
2026-03-27 15:15:00,77.9101,78.05,77.9101,78.05,2048
2026-03-27 15:20:00,78.06,78.06,77.955,77.955,1400
2026-03-27 15:25:00,77.975,77.975,77.84,77.84,6331
2026-03-27 15:30:00,77.97,77.97,77.92,77.92,1367
2026-03-27 15:35:00,78.03,78.04,77.9,78.02,2264
2026-03-27 15:40:00,77.86,77.86,77.77,77.815,1100
2026-03-27 15:45:00,77.8,77.825,77.72,77.82,4986
2026-03-27 15:50:00,77.78,77.87,77.685,77.87,1214
2026-03-27 15:55:00,77.97,78.08,77.845,77.92,20863
2026-03-27 16:00:00,77.88,77.88,77.88,77.88,53310
2026-03-27 19:30:00,78.5,78.5,78.5,78.5,400
2026-03-30 09:30:00,78.7,78.7,78.61,78.61,2702
2026-03-30 09:35:00,78.46,78.46,78.4,78.4,316
2026-03-30 09:45:00,77.89,77.9,77.89,77.9,1477
2026-03-30 09:50:00,77.9,77.9,77.9,77.9,191
2026-03-30 09:55:00,77.56,77.56,77.56,77.56,272
2026-03-30 10:05:00,77.695,77.695,77.695,77.695,300
2026-03-30 10:10:00,77.91,77.91,77.91,77.91,100
2026-03-30 10:20:00,77.825,77.825,77.825,77.825,175
2026-03-30 10:25:00,77.78,77.78,77.78,77.78,102
2026-03-30 10:30:00,77.85,77.85,77.85,77.85,585
2026-03-30 10:35:00,77.66,77.66,77.56,77.56,200
2026-03-30 10:40:00,77.565,77.565,77.565,77.565,102
2026-03-30 10:45:00,77.41,77.67,77.41,77.67,600
2026-03-30 10:50:00,77.61,77.61,77.61,77.61,218
2026-03-30 11:00:00,77.9,77.95,77.9,77.95,300
2026-03-30 11:15:00,77.68,77.68,77.68,77.68,100
2026-03-30 11:20:00,77.6,77.645,77.6,77.645,587
2026-03-30 11:25:00,77.725,77.74,77.68,77.68,1000
2026-03-30 11:30:00,77.73,77.83,77.685,77.83,4441
2026-03-30 11:45:00,77.895,77.895,77.895,77.895,128
2026-03-30 12:15:00,77.61,77.61,77.56,77.56,423
2026-03-30 12:20:00,77.5,77.5,77.5,77.5,428
2026-03-30 12:55:00,77.48,77.48,77.42,77.42,259
2026-03-30 13:05:00,77.43,77.45,77.425,77.445,2600
2026-03-30 13:10:00,77.445,77.445,77.38,77.41,62693
2026-03-30 13:20:00,77.19,77.19,77.19,77.19,224
2026-03-30 13:30:00,77.13,77.13,77.08,77.08,1416
2026-03-30 13:35:00,77.08,77.19,77.08,77.19,963
2026-03-30 13:40:00,77.18,77.24,77.18,77.24,1800
2026-03-30 13:45:00,77.2102,77.29,77.21,77.22,2287
2026-03-30 13:50:00,77.19,77.19,77.17,77.18,1500
2026-03-30 13:55:00,77.165,77.17,77.12,77.15,138791
2026-03-30 14:00:00,77.15,77.18,77.15,77.18,2304
2026-03-30 14:05:00,77.14,77.14,77.055,77.06,1900
2026-03-30 14:10:00,77.08,77.1,77.08,77.1,1000
2026-03-30 14:15:00,77.13,77.17,77.04,77.11,1974
2026-03-30 14:20:00,77.13,77.15,77.13,77.15,400
2026-03-30 14:25:00,77.0788,77.0788,77.0377,77.0377,4620
2026-03-30 14:30:00,77.02,77.05,77.02,77.05,2784
2026-03-30 14:35:00,77.08,77.11,77.03,77.03,2550
2026-03-30 14:40:00,77.03,77.03,77.01,77.01,1300
2026-03-30 14:45:00,77.05,77.05,77.01,77.01,879
2026-03-30 14:50:00,76.965,76.965,76.87,76.91,1047
2026-03-30 14:55:00,76.92,76.926,76.88,76.88,3480
2026-03-30 15:00:00,76.89,76.91,76.89,76.91,1300
2026-03-30 15:05:00,76.82,76.82,76.82,76.82,200
2026-03-30 15:10:00,76.645,76.65,76.63,76.63,1934
2026-03-30 15:15:00,76.63,76.74,76.63,76.74,1914
2026-03-30 15:20:00,76.69,76.705,76.69,76.705,300
2026-03-30 15:25:00,76.65,76.65,76.635,76.635,1247
2026-03-30 15:35:00,76.73,76.73,76.73,76.73,931
2026-03-30 15:50:00,76.86,76.93,76.81,76.93,7568
2026-03-30 15:55:00,77,77.02,76.95,76.95,500
2026-03-30 16:00:00,77.04,77.04,77.04,77.04,101
2026-03-30 18:40:00,76.92,76.92,76.92,76.92,700
2026-03-31 09:30:00,78.09,78.09,78.0878,78.0878,640
2026-03-31 09:35:00,78.13,78.15,78.13,78.15,544
2026-03-31 09:45:00,78.38,78.38,78.38,78.38,100
2026-03-31 09:50:00,78.53,78.69,78.53,78.69,4011
2026-03-31 10:00:00,78.79,78.79,78.79,78.79,2944
2026-03-31 10:05:00,78.7704,78.7704,78.71,78.71,350
2026-03-31 10:20:00,78.585,78.73,78.5704,78.73,2156
2026-03-31 10:25:00,78.77,78.77,78.77,78.77,200
2026-03-31 10:30:00,78.78,78.78,78.77,78.77,1001
2026-03-31 10:40:00,78.7,78.7,78.64,78.64,495
2026-03-31 10:50:00,78.28,78.31,78.28,78.31,266
2026-03-31 10:55:00,78.1201,78.1201,78.1201,78.1201,264
2026-03-31 11:00:00,78.238,78.238,78.238,78.238,128
2026-03-31 11:10:00,78.53,78.7,78.53,78.7,726
2026-03-31 11:20:00,78.61,78.61,78.61,78.61,1162
2026-03-31 11:25:00,78.51,78.51,78.5,78.5,1100
2026-03-31 11:30:00,78.385,78.385,78.385,78.385,115
2026-03-31 11:45:00,78.41,78.41,78.41,78.41,1103
2026-03-31 12:05:00,78.5,78.5,78.5,78.5,125
2026-03-31 12:10:00,78.52,78.52,78.52,78.52,194
2026-03-31 12:15:00,78.62,78.62,78.61,78.61,3351
2026-03-31 12:20:00,78.65,78.65,78.65,78.65,111
2026-03-31 12:30:00,78.675,78.675,78.675,78.675,186
2026-03-31 12:35:00,78.89,79,78.89,79,300
2026-03-31 12:40:00,79.31,79.8,79.31,79.51,772
2026-03-31 12:45:00,79.52,79.57,79.34,79.34,1183
2026-03-31 12:50:00,79.48,79.575,79.48,79.575,426
2026-03-31 12:55:00,79.41,79.41,79.41,79.41,230
2026-03-31 13:05:00,79.6199,79.6199,79.6199,79.6199,159
2026-03-31 13:15:00,79.78,79.8,79.73,79.78,1000
2026-03-31 13:25:00,79.66,79.69,79.66,79.69,300
2026-03-31 13:35:00,79.71,79.71,79.66,79.66,264
2026-03-31 13:50:00,79.5333,79.5333,79.5333,79.5333,200
2026-03-31 13:55:00,79.51,79.51,79.415,79.415,219
2026-03-31 14:00:00,79.48,79.48,79.48,79.48,200
2026-03-31 14:05:00,79.57,79.615,79.57,79.615,578
2026-03-31 14:10:00,79.699,79.7,79.645,79.645,12100
2026-03-31 14:15:00,79.66,79.66,79.66,79.66,1095
2026-03-31 14:20:00,79.59,79.59,79.59,79.59,100
2026-03-31 14:25:00,79.63,79.63,79.555,79.62,2138
2026-03-31 14:30:00,79.62,79.62,79.62,79.62,100
2026-03-31 14:35:00,79.72,79.72,79.6761,79.6761,200
2026-03-31 14:45:00,79.77,79.77,79.77,79.77,1539
2026-03-31 14:55:00,79.84,79.84,79.78,79.8,1613
2026-03-31 15:00:00,79.86,79.86,79.77,79.77,929
2026-03-31 15:05:00,79.81,79.85,79.725,79.725,744
2026-03-31 15:10:00,79.78,79.845,79.78,79.845,651
2026-03-31 15:15:00,79.885,79.925,79.87,79.895,1677
2026-03-31 15:30:00,79.945,79.945,79.945,79.945,200
2026-03-31 15:35:00,80.05,80.05,79.95,79.95,879
2026-03-31 15:40:00,79.91,79.92,79.91,79.92,776
2026-03-31 15:45:00,80.031,80.075,80.01,80.045,6128
2026-03-31 15:50:00,80.13,80.2,79.94,79.99,2999
2026-03-31 15:55:00,79.9,80.15,79.89,80.09,3833
2026-03-31 16:00:00,80.1,80.1,80.1,80.1,6206
2026-04-01 09:25:00,80.96,80.96,80.96,80.96,100
2026-04-01 09:30:00,80.89,80.89,80.89,80.89,1103
2026-04-01 09:35:00,81.19,81.23,81.19,81.23,467
2026-04-01 09:40:00,81.2,81.2,81.02,81.02,356
2026-04-01 09:55:00,80.9791,80.9791,80.94,80.94,261
2026-04-01 10:05:00,81.03,81.09,81.03,81.07,1000
2026-04-01 10:10:00,80.98,81.02,80.98,81.02,1200
2026-04-01 10:15:00,81.1,81.1,81.1,81.1,150
2026-04-01 10:20:00,81.07,81.2296,81.07,81.1373,907
2026-04-01 10:25:00,81.08,81.15,81.08,81.15,394
2026-04-01 10:35:00,80.95,80.95,80.95,80.95,100
2026-04-01 10:40:00,81.19,81.19,81.19,81.19,203
2026-04-01 10:45:00,81.1,81.1,81.1,81.1,100
2026-04-01 11:05:00,81.38,81.44,81.38,81.44,991
2026-04-01 11:20:00,81.365,81.3956,81.365,81.3956,557
2026-04-01 11:25:00,81.35,81.35,81.35,81.35,100
2026-04-01 11:35:00,81.42,81.425,81.42,81.425,490
2026-04-01 11:40:00,81.4405,81.4405,81.4405,81.4405,247
2026-04-01 11:50:00,81.55,81.55,81.55,81.55,122
2026-04-01 12:05:00,81.6,81.6,81.6,81.6,373
2026-04-01 12:15:00,81.56,81.56,81.53,81.56,11909
2026-04-01 12:20:00,81.545,81.545,81.51,81.51,14628
2026-04-01 12:25:00,81.46,81.475,81.45,81.45,10812
2026-04-01 12:30:00,81.43,81.435,81.38,81.41,2772
2026-04-01 12:35:00,81.45,81.485,81.45,81.485,407
2026-04-01 12:40:00,81.475,81.49,81.475,81.49,428
2026-04-01 12:45:00,81.498,81.5,81.485,81.485,1025
2026-04-01 12:50:00,81.51,81.552,81.51,81.552,940
2026-04-01 12:55:00,81.57,81.57,81.5,81.51,1917
2026-04-01 13:00:00,81.51,81.63,81.51,81.63,2332
2026-04-01 13:05:00,81.63,81.65,81.63,81.64,1900
2026-04-01 13:10:00,81.6451,81.6451,81.6451,81.6451,105
2026-04-01 13:20:00,81.63,81.655,81.63,81.655,400
2026-04-01 13:25:00,81.62,81.6439,81.5501,81.5501,2353
2026-04-01 13:30:00,81.615,81.67,81.61,81.61,3682
2026-04-01 13:35:00,81.59,81.59,81.59,81.59,25147
2026-04-01 13:45:00,81.56,81.56,81.55,81.55,623
2026-04-01 13:50:00,81.5,81.54,81.5,81.5,6554
2026-04-01 13:55:00,81.5,81.5,81.43,81.435,1428
2026-04-01 14:00:00,81.27,81.27,81.23,81.23,600
2026-04-01 14:05:00,81.255,81.27,81.255,81.255,1107
2026-04-01 14:10:00,81.22,81.225,81.22,81.225,628
2026-04-01 14:15:00,81.08,81.08,81.04,81.055,686
2026-04-01 14:20:00,81.035,81.07,80.95,81.07,847
2026-04-01 14:25:00,80.93,81.0599,80.91,81.02,6237
2026-04-01 14:30:00,80.98,80.98,80.91,80.92,900
2026-04-01 14:35:00,80.8,80.995,80.8,80.995,1780
2026-04-01 14:40:00,81.07,81.07,81.07,81.07,400
2026-04-01 14:45:00,81,81,80.93,80.935,800
2026-04-01 14:50:00,80.94,80.945,80.94,80.945,300
2026-04-01 14:55:00,80.93,80.94,80.92,80.93,2669
2026-04-01 15:00:00,81.03,81.03,81,81,1100
2026-04-01 15:05:00,81.01,81.08,81.01,81.08,700
2026-04-01 15:10:00,81.03,81.04,81.03,81.04,784
2026-04-01 15:15:00,81.0897,81.0897,81.02,81.02,1975
2026-04-01 15:20:00,81.125,81.125,81.125,81.125,100
2026-04-01 15:25:00,81.16,81.3099,81.16,81.3099,4588
2026-04-01 15:35:00,81.22,81.235,81.22,81.22,3733
2026-04-01 15:40:00,81.265,81.265,81.265,81.265,100
2026-04-01 15:45:00,81.18,81.23,81.18,81.22,1070
2026-04-01 15:50:00,81.025,81.13,81.025,81.13,1200
2026-04-01 15:55:00,81.015,81.07,81.015,81.07,300
2026-04-01 16:00:00,80.98,80.98,80.98,80.98,709
2026-04-02 09:30:00,79.42,79.7,79.42,79.7,1708
2026-04-02 09:35:00,79.47,79.47,79.47,79.47,200
2026-04-02 09:40:00,79.39,79.39,79.39,79.39,100
2026-04-02 09:45:00,79.39,79.75,79.39,79.75,290
2026-04-02 09:50:00,79.75,79.75,79.75,79.75,190
2026-04-02 10:00:00,80.18,80.19,80.18,80.19,11640
2026-04-02 10:05:00,80.07,80.26,80.07,80.18,11750
2026-04-02 10:15:00,80.225,80.225,80.225,80.225,200
2026-04-02 10:25:00,80.25,80.25,80.25,80.25,240
2026-04-02 10:30:00,80.47,80.47,80.47,80.47,400
2026-04-02 10:35:00,81.16,81.26,81.09,81.09,1501
2026-04-02 10:40:00,80.93,80.93,80.93,80.93,612
2026-04-02 10:50:00,80.86,80.86,80.86,80.86,400
2026-04-02 10:55:00,81.0102,81.0102,81.0102,81.0102,482
2026-04-02 11:00:00,81.0102,81.0102,80.95,80.95,682
2026-04-02 11:20:00,80.79,80.82,80.76,80.82,626
2026-04-02 11:25:00,80.82,80.83,80.82,80.83,556
2026-04-02 11:30:00,80.93,80.93,80.9,80.9,802
2026-04-02 11:35:00,80.9,81.015,80.9,81.015,3106
2026-04-02 11:40:00,80.87,80.94,80.85,80.85,11904
2026-04-02 11:50:00,80.76,80.76,80.76,80.76,200
2026-04-02 11:55:00,80.775,80.87,80.775,80.87,300
2026-04-02 12:00:00,80.73,80.73,80.73,80.73,100
2026-04-02 12:05:00,80.73,80.73,80.56,80.56,434
2026-04-02 12:10:00,80.56,80.56,80.56,80.56,334
2026-04-02 12:20:00,80.62,80.62,80.62,80.62,200
2026-04-02 12:40:00,80.68,80.81,80.68,80.81,1030
2026-04-02 12:45:00,80.78,80.78,80.78,80.78,200
2026-04-02 12:50:00,80.75,80.75,80.75,80.75,2466
2026-04-02 12:55:00,80.765,80.765,80.765,80.765,600
2026-04-02 13:05:00,80.73,80.73,80.71,80.71,824
2026-04-02 13:10:00,80.755,80.755,80.75,80.75,400
2026-04-02 13:15:00,80.905,80.905,80.905,80.905,1000
2026-04-02 13:20:00,80.7808,80.93,80.7808,80.93,5049
2026-04-02 13:25:00,80.8101,80.93,80.8101,80.82,5542
2026-04-02 13:30:00,80.825,80.825,80.825,80.825,200
2026-04-02 13:35:00,80.765,80.765,80.765,80.765,275
2026-04-02 13:40:00,80.765,80.765,80.765,80.765,275
2026-04-02 13:45:00,80.72,80.755,80.64,80.64,956
2026-04-02 13:55:00,80.7,80.7,80.7,80.7,600
2026-04-02 14:00:00,80.77,80.78,80.73,80.73,1000
2026-04-02 14:05:00,80.79,80.79,80.79,80.79,356
2026-04-02 14:10:00,80.78,80.78,80.78,80.78,356
2026-04-02 14:15:00,80.76,80.76,80.75,80.75,1200
2026-04-02 14:20:00,80.775,80.8295,80.775,80.8295,13122
2026-04-02 14:30:00,80.77,80.78,80.72,80.77,3100
2026-04-02 14:35:00,80.78,80.78,80.73,80.73,600
2026-04-02 14:40:00,80.73,80.81,80.73,80.81,200
2026-04-02 14:55:00,80.89,80.89,80.835,80.835,2716
2026-04-02 15:00:00,80.835,80.835,80.835,80.835,400
2026-04-02 15:05:00,80.92,80.92,80.92,80.92,304
2026-04-02 15:10:00,80.925,80.98,80.89,80.89,600
2026-04-02 15:15:00,80.89,80.89,80.84,80.845,1255
2026-04-02 15:20:00,80.825,80.825,80.825,80.825,200
2026-04-02 15:25:00,80.89,80.89,80.89,80.89,600
2026-04-02 15:30:00,80.84,80.84,80.835,80.835,1670
2026-04-02 15:35:00,80.825,80.855,80.825,80.855,300
2026-04-02 15:40:00,80.895,80.895,80.895,80.895,2200
2026-04-02 15:50:00,80.92,81.02,80.92,80.99,1400
2026-04-02 15:55:00,81.02,81.095,81.02,81.095,800
2026-04-02 16:00:00,81.04,81.04,80.99,80.99,495
2026-04-06 09:30:00,81.05,81.05,81.05,81.05,554
2026-04-06 09:35:00,81.46,81.46,81.26,81.26,796
2026-04-06 09:40:00,81.22,81.32,81.22,81.32,500
2026-04-06 09:45:00,81.2496,81.4,81.2496,81.39,988
2026-04-06 09:50:00,81.47,81.52,81.47,81.47,668
2026-04-06 09:55:00,81.47,81.47,81.41,81.45,684
2026-04-06 10:00:00,81.39,81.44,81.18,81.19,700
2026-04-06 10:05:00,81.08,81.15,81.05,81.13,919
2026-04-06 10:10:00,81.27,81.29,81.27,81.285,551
2026-04-06 10:15:00,81.42,81.42,81.23,81.36,3500
2026-04-06 10:20:00,81.43,81.43,81.43,81.43,300
2026-04-06 10:25:00,81.38,81.4,81.36,81.36,800
2026-04-06 10:30:00,81.45,81.49,81.395,81.4,1250
2026-04-06 10:35:00,81.43,81.43,81.21,81.22,1186
2026-04-06 10:40:00,81.21,81.29,81.21,81.29,415
2026-04-06 10:45:00,81.26,81.26,81.26,81.26,101
2026-04-06 10:50:00,81.18,81.31,81.18,81.31,400
2026-04-06 10:55:00,81.28,81.3,81.28,81.3,400
2026-04-06 11:20:00,81.32,81.32,81.32,81.32,277
2026-04-06 11:35:00,81.27,81.27,81.27,81.27,100
2026-04-06 11:40:00,81.26,81.26,81.26,81.26,378
2026-04-06 11:45:00,81.305,81.305,81.305,81.305,100
2026-04-06 11:55:00,81.36,81.36,81.35,81.35,3760
2026-04-06 12:00:00,81.41,81.41,81.36,81.36,496
2026-04-06 12:05:00,81.2948,81.305,81.29,81.29,428
2026-04-06 12:10:00,81.3,81.34,81.3,81.33,15226
2026-04-06 12:20:00,81.365,81.365,81.345,81.3593,662
2026-04-06 12:25:00,81.38,81.38,81.38,81.38,800
2026-04-06 12:30:00,81.32,81.32,81.32,81.32,491
2026-04-06 12:40:00,81.395,81.425,81.395,81.425,2956
2026-04-06 12:45:00,81.43,81.465,81.43,81.465,628
2026-04-06 12:50:00,81.41,81.41,81.37,81.37,900
2026-04-06 13:00:00,81.215,81.215,81.215,81.215,100
2026-04-06 13:05:00,81.23,81.245,81.21,81.245,551
2026-04-06 13:10:00,81.16,81.16,81,81,970
2026-04-06 13:15:00,81.08,81.135,81.05,81.12,1169
2026-04-06 13:20:00,81.1,81.1,81.07,81.07,500
2026-04-06 13:30:00,81.27,81.35,81.27,81.315,1323
2026-04-06 13:35:00,81.32,81.32,81.265,81.265,550
2026-04-06 13:40:00,81.21,81.2125,81.2,81.2,1523
2026-04-06 13:45:00,81.1634,81.23,81.1634,81.23,705
2026-04-06 13:50:00,81.15,81.15,81.15,81.15,400
2026-04-06 13:55:00,81.18,81.18,81.12,81.12,2972
2026-04-06 14:00:00,81.12,81.13,81.12,81.13,600
2026-04-06 14:05:00,81.11,81.14,81.11,81.12,1292
2026-04-06 14:10:00,81.25,81.25,81.25,81.25,400
2026-04-06 14:15:00,81.25,81.27,81.25,81.27,1200
2026-04-06 14:20:00,81.4,81.43,81.324,81.43,2520
2026-04-06 14:25:00,81.39,81.42,81.37,81.38,7209
2026-04-06 14:35:00,81.345,81.345,81.295,81.295,626
2026-04-06 14:45:00,81.3,81.32,81.24,81.24,4788
2026-04-06 14:50:00,81.3799,81.38,81.325,81.38,1442
2026-04-06 14:55:00,81.29,81.35,81.29,81.35,711
2026-04-06 15:05:00,81.345,81.345,81.34,81.34,806
2026-04-06 15:10:00,81.26,81.27,81.26,81.27,600
2026-04-06 15:15:00,81.33,81.3402,81.33,81.3402,301
2026-04-06 15:20:00,81.325,81.325,81.32,81.32,409
2026-04-06 15:25:00,81.315,81.315,81.3,81.3125,889
2026-04-06 15:30:00,81.35,81.35,81.27,81.27,716
2026-04-06 15:35:00,81.335,81.335,81.27,81.27,705
2026-04-06 15:40:00,81.285,81.33,81.21,81.33,480
2026-04-06 15:45:00,81.31,81.33,81.31,81.33,200
2026-04-06 15:50:00,81.33,81.34,81.33,81.34,588
2026-04-06 15:55:00,81.285,81.37,81.285,81.37,202
2026-04-06 16:00:00,81.33,81.33,81.33,81.33,443
2026-04-07 09:30:00,81.01,81.0389,81.01,81.0389,1703
2026-04-07 09:35:00,80.92,81.04,80.92,81.03,520
2026-04-07 09:40:00,80.88,80.92,80.88,80.92,364
2026-04-07 09:45:00,80.79,80.79,80.79,80.79,200
2026-04-07 10:00:00,80.46,80.46,80.46,80.46,140
2026-04-07 10:10:00,80.42,80.42,80.42,80.42,400
2026-04-07 10:15:00,80.54,80.54,80.54,80.54,122
2026-04-07 10:20:00,80.5351,80.71,80.5351,80.71,1617
2026-04-07 10:25:00,80.63,80.69,80.63,80.69,1160
2026-04-07 10:30:00,80.8,80.815,80.8,80.81,320
2026-04-07 10:35:00,80.76,80.76,80.75,80.75,245
2026-04-07 10:45:00,80.68,80.76,80.615,80.76,1412
2026-04-07 10:50:00,80.555,80.62,80.555,80.605,1241
2026-04-07 10:55:00,80.665,80.665,80.57,80.57,400
2026-04-07 11:00:00,80.33,80.35,80.29,80.35,1184
2026-04-07 11:10:00,80.17,80.28,80.17,80.28,1000
2026-04-07 11:15:00,80.41,80.55,80.41,80.55,332
2026-04-07 11:20:00,80.53,80.59,80.475,80.49,5730
2026-04-07 11:30:00,80.6287,80.6287,80.6287,80.6287,158
2026-04-07 11:35:00,80.56,80.56,80.5,80.54,1000
2026-04-07 11:40:00,80.5,80.5,80.485,80.485,566
2026-04-07 11:45:00,80.49,80.49,80.49,80.49,600
2026-04-07 11:55:00,80.63,80.67,80.63,80.67,379
2026-04-07 12:00:00,80.72,81.09,80.72,81,535
2026-04-07 12:05:00,80.95,80.95,80.9,80.9,363
2026-04-07 12:10:00,80.89,80.89,80.865,80.865,668
2026-04-07 12:15:00,80.85,80.85,80.85,80.85,100
2026-04-07 12:20:00,80.8867,80.96,80.885,80.955,770
2026-04-07 12:25:00,80.91,80.91,80.91,80.91,300
2026-04-07 12:30:00,80.97,80.99,80.9525,80.99,2281
2026-04-07 12:35:00,81.05,81.05,81.05,81.05,153
2026-04-07 12:45:00,81.03,81.03,81.03,81.03,200
2026-04-07 12:50:00,81.075,81.09,81.075,81.09,3590
2026-04-07 13:00:00,81.01,81.01,81.01,81.01,200
2026-04-07 13:05:00,81.095,81.095,81.095,81.095,200
2026-04-07 13:10:00,81.08,81.08,81.08,81.08,200
2026-04-07 13:15:00,81.05,81.06,81.01,81.06,1299
2026-04-07 13:20:00,80.981,80.981,80.95,80.95,362
2026-04-07 13:25:00,80.9675,80.97,80.9675,80.97,594
2026-04-07 13:35:00,81.17,81.17,81.17,81.17,144
2026-04-07 13:40:00,81.23,81.23,81.23,81.23,200
2026-04-07 13:45:00,81.12,81.12,81.12,81.12,200
2026-04-07 13:50:00,81.1225,81.14,81.1225,81.14,600
2026-04-07 13:55:00,81.115,81.115,81.115,81.115,100
2026-04-07 14:00:00,81.125,81.13,81.125,81.13,439
2026-04-07 14:05:00,81.06,81.06,81.06,81.06,109
2026-04-07 14:15:00,81.075,81.075,81.075,81.075,637
2026-04-07 14:20:00,81.16,81.16,81.05,81.11,1007
2026-04-07 14:25:00,81.07,81.07,80.98,81.04,1699
2026-04-07 14:35:00,80.98,80.98,80.98,80.98,200
2026-04-07 14:40:00,80.9,80.9,80.8925,80.8925,400
2026-04-07 14:45:00,80.9298,80.9298,80.9298,80.9298,555
2026-04-07 14:50:00,80.7657,80.7657,80.7657,80.7657,155
2026-04-07 14:55:00,80.72,80.76,80.7,80.7,1608
2026-04-07 15:00:00,80.68,80.68,80.68,80.68,200
2026-04-07 15:05:00,80.655,80.7,80.655,80.7,435
2026-04-07 15:10:00,80.73,80.73,80.73,80.73,388
2026-04-07 15:15:00,80.86,81.08,80.86,81.08,3974
2026-04-07 15:25:00,81,81.07,81,81.07,575
2026-04-07 15:30:00,81.06,81.0914,81.04,81.06,1187
2026-04-07 15:35:00,81.0263,81.0263,81.0263,81.0263,129
2026-04-07 15:40:00,81.02,81.06,81.02,81.06,674
2026-04-07 15:45:00,81.1,81.4,81.1,81.4,600
2026-04-07 15:50:00,81.34,81.4,81.34,81.4,800
2026-04-07 15:55:00,81.43,81.43,81.415,81.415,300
2026-04-07 16:00:00,81.54,81.54,81.51,81.51,302
2026-04-07 18:35:00,83,83,83,83,700
2026-04-07 19:05:00,83.5,83.5,83.5,83.5,100
2026-04-08 09:25:00,84.42,84.42,84.42,84.42,100
2026-04-08 09:30:00,84.48,84.48,84.29,84.345,2945
2026-04-08 09:35:00,84.4,84.4,84.28,84.28,720
2026-04-08 09:40:00,84.13,84.17,84.13,84.16,400
2026-04-08 09:45:00,84.1995,84.32,84.1995,84.32,7750
2026-04-08 09:50:00,84.21,84.21,84.21,84.21,347
2026-04-08 09:55:00,84.09,84.09,84.02,84.02,1508
2026-04-08 10:00:00,84.015,84.015,84.015,84.015,150
2026-04-08 10:10:00,83.945,83.945,83.945,83.945,150
2026-04-08 10:15:00,83.975,83.985,83.975,83.985,300
2026-04-08 10:20:00,83.975,83.975,83.975,83.975,486
2026-04-08 10:25:00,83.975,83.975,83.975,83.975,372
2026-04-08 10:30:00,83.87,83.9,83.79,83.9,938
2026-04-08 10:35:00,83.75,83.76,83.75,83.76,275
2026-04-08 10:40:00,83.7,83.7,83.7,83.7,400
2026-04-08 10:55:00,83.35,83.54,83.35,83.54,300
2026-04-08 11:00:00,83.585,83.7,83.585,83.7,707
2026-04-08 11:10:00,83.54,83.54,83.525,83.525,1296
2026-04-08 11:15:00,83.76,83.76,83.76,83.76,300
2026-04-08 11:35:00,83.795,83.8062,83.795,83.8,1452
2026-04-08 11:45:00,83.86,83.86,83.86,83.86,400
2026-04-08 11:50:00,83.95,83.96,83.95,83.96,900
2026-04-08 12:00:00,83.99,83.99,83.99,83.99,1349
2026-04-08 12:05:00,83.98,84.02,83.98,84.02,4820
2026-04-08 12:25:00,83.97,83.97,83.91,83.91,592
2026-04-08 12:30:00,83.91,83.9381,83.8874,83.9381,454
2026-04-08 12:35:00,83.99,84.01,83.97,84,1035
2026-04-08 12:45:00,84.11,84.11,84.11,84.11,200
2026-04-08 12:50:00,84.15,84.15,84.15,84.15,100
2026-04-08 13:00:00,84.145,84.28,84.145,84.28,3426
2026-04-08 13:10:00,84.06,84.07,84.06,84.07,449
2026-04-08 13:15:00,84.08,84.08,84.0101,84.0101,2500
2026-04-08 13:20:00,84.04,84.04,83.97,83.97,249
2026-04-08 13:45:00,84.02,84.02,84.02,84.02,205
2026-04-08 13:50:00,84.045,84.045,84.045,84.045,118
2026-04-08 14:15:00,84.06,84.06,84.025,84.025,218
2026-04-08 14:20:00,83.935,83.935,83.935,83.935,200
2026-04-08 14:25:00,84.03,84.03,84.03,84.03,242
2026-04-08 14:40:00,83.86,83.86,83.86,83.86,200
2026-04-08 14:45:00,83.85,83.85,83.83,83.83,3496
2026-04-08 14:55:00,83.77,83.77,83.73,83.73,345
2026-04-08 15:00:00,83.69,83.69,83.69,83.69,114
2026-04-08 15:10:00,83.77,83.77,83.77,83.77,200
2026-04-08 15:15:00,83.89,83.89,83.805,83.805,336
2026-04-08 15:20:00,83.8,83.8,83.8,83.8,250
2026-04-08 15:25:00,83.79,83.79,83.79,83.79,100
2026-04-08 15:35:00,83.86,83.96,83.86,83.96,613
2026-04-08 15:40:00,83.855,83.855,83.81,83.835,856
2026-04-08 15:45:00,83.82,83.82,83.82,83.82,831
2026-04-08 15:50:00,83.95,83.95,83.8847,83.8847,1804
2026-04-08 15:55:00,83.945,83.945,83.945,83.945,474
2026-04-08 16:00:00,84.08,84.08,84.08,84.08,325
2026-04-08 16:45:00,84.83,84.83,84.83,84.83,100
2026-04-08 19:50:00,84,84,84,84,100
2026-04-09 09:30:00,84,84,84,84,475
2026-04-09 09:35:00,84.1591,84.1591,84.12,84.12,449
2026-04-09 09:40:00,84.17,84.21,84.17,84.21,231
2026-04-09 09:45:00,84.19,84.19,84.19,84.19,189
2026-04-09 09:55:00,84.09,84.11,84.09,84.11,365
2026-04-09 10:05:00,84.06,84.06,84.04,84.05,1450
2026-04-09 10:10:00,84.05,84.05,84.05,84.05,200
2026-04-09 10:20:00,83.9833,83.9833,83.9833,83.9833,235
2026-04-09 10:25:00,83.875,83.875,83.808,83.808,400
2026-04-09 10:35:00,83.815,83.815,83.815,83.815,393
2026-04-09 10:40:00,83.92,83.92,83.92,83.92,278
2026-04-09 10:45:00,83.955,83.995,83.955,83.995,565
2026-04-09 11:00:00,84.02,84.02,84.02,84.02,200
2026-04-09 11:05:00,84.015,84.015,84.015,84.015,500
2026-04-09 11:15:00,84.04,84.26,84.04,84.26,799
2026-04-09 11:25:00,84.16,84.16,84.16,84.16,402
2026-04-09 11:30:00,84.41,84.41,84.41,84.41,200
2026-04-09 11:35:00,84.48,84.48,84.48,84.48,200
2026-04-09 11:40:00,84.43,84.43,84.43,84.43,1012
2026-04-09 11:45:00,84.48,84.48,84.47,84.47,300
2026-04-09 11:50:00,84.48,84.499,84.43,84.43,13465
2026-04-09 11:55:00,84.5447,84.5447,84.54,84.54,278
2026-04-09 12:00:00,84.585,84.76,84.585,84.76,721
2026-04-09 12:05:00,84.755,84.755,84.755,84.755,201
2026-04-09 12:10:00,84.73,84.73,84.73,84.73,400
2026-04-09 12:15:00,84.695,84.695,84.695,84.695,236
2026-04-09 12:20:00,84.72,84.72,84.68,84.68,5976
2026-04-09 12:25:00,84.6401,84.73,84.6401,84.73,4330
2026-04-09 12:30:00,84.6943,84.6943,84.6943,84.6943,235
2026-04-09 12:35:00,84.675,84.675,84.66,84.66,1027
2026-04-09 12:40:00,84.61,84.61,84.59,84.59,629
2026-04-09 12:55:00,84.6,84.67,84.6,84.67,2230
2026-04-09 13:05:00,84.74,84.74,84.74,84.74,117
2026-04-09 13:20:00,84.835,84.835,84.835,84.835,318
2026-04-09 13:30:00,84.8232,84.8232,84.8232,84.8232,213
2026-04-09 13:35:00,84.816,84.816,84.816,84.816,101
2026-04-09 13:40:00,84.84,84.84,84.84,84.84,470
2026-04-09 14:05:00,84.6,84.6,84.6,84.6,200
2026-04-09 14:10:00,84.6389,84.6389,84.57,84.57,447
2026-04-09 14:20:00,84.51,84.51,84.51,84.51,160
2026-04-09 14:25:00,84.525,84.525,84.515,84.515,249
2026-04-09 14:40:00,84.5982,84.5982,84.5982,84.5982,114
2026-04-09 14:50:00,84.53,84.53,84.53,84.53,354
2026-04-09 15:05:00,84.625,84.625,84.625,84.625,228
2026-04-09 15:10:00,84.7,84.7,84.7,84.7,157
2026-04-09 15:25:00,84.67,84.67,84.67,84.67,569
2026-04-09 15:30:00,84.74,84.74,84.63,84.63,1101
2026-04-09 15:35:00,84.725,84.725,84.725,84.725,285
2026-04-09 15:40:00,84.72,84.72,84.72,84.72,125
2026-04-09 15:45:00,84.74,84.74,84.74,84.74,703
2026-04-10 09:30:00,84.94,85.03,84.94,85.03,539
2026-04-10 09:35:00,84.84,84.84,84.84,84.84,199
2026-04-10 09:40:00,84.71,84.71,84.71,84.71,100
2026-04-10 09:45:00,84.894,84.894,84.894,84.894,236
2026-04-10 10:05:00,84.87,84.87,84.86,84.86,780
2026-04-10 10:10:00,84.845,84.845,84.82,84.82,544
2026-04-10 10:25:00,85.056,85.056,85.056,85.056,109
2026-04-10 10:30:00,85.115,85.115,85.115,85.115,100
2026-04-10 10:40:00,85.02,85.045,85,85.045,726
2026-04-10 10:45:00,85.0438,85.0438,85.0438,85.0438,176
2026-04-10 10:50:00,85.075,85.075,85.075,85.075,176
2026-04-10 11:00:00,85.115,85.115,85.115,85.115,200
2026-04-10 11:05:00,85.15,85.15,85.15,85.15,147
2026-04-10 11:10:00,85.15,85.15,85.15,85.15,144
2026-04-10 11:15:00,85.2,85.2,85.2,85.2,110
2026-04-10 11:20:00,85.185,85.27,85.185,85.27,307
2026-04-10 11:25:00,85.245,85.245,85.185,85.2,989
2026-04-10 11:30:00,85.195,85.195,85.07,85.07,526
2026-04-10 11:35:00,85.14,85.14,85.14,85.14,176
2026-04-10 11:45:00,85.025,85.025,85.025,85.025,168
2026-04-10 11:50:00,84.9978,85.015,84.87,84.87,890
2026-04-10 12:00:00,84.8,84.8,84.8,84.8,23055
2026-04-10 12:05:00,84.815,84.815,84.71,84.71,947
2026-04-10 12:10:00,84.83,84.835,84.83,84.835,200
2026-04-10 12:15:00,84.8241,84.8241,84.8241,84.8241,300
2026-04-10 12:25:00,84.85,84.85,84.85,84.85,150
2026-04-10 12:30:00,84.83,84.83,84.83,84.83,102
2026-04-10 12:45:00,84.7045,84.78,84.7045,84.78,1082
2026-04-10 12:50:00,84.825,84.825,84.825,84.825,521
2026-04-10 13:00:00,84.91,84.91,84.91,84.91,294
2026-04-10 13:05:00,84.735,84.735,84.735,84.735,139
2026-04-10 13:25:00,84.765,84.765,84.765,84.765,300
2026-04-10 13:30:00,84.78,84.78,84.78,84.78,100
2026-04-10 13:35:00,84.81,84.81,84.81,84.81,158
2026-04-10 13:40:00,84.805,84.805,84.805,84.805,100
2026-04-10 14:05:00,84.835,84.835,84.835,84.835,848
2026-04-10 14:25:00,84.86,84.86,84.86,84.86,109
2026-04-10 14:30:00,84.91,84.91,84.91,84.91,302
2026-04-10 14:40:00,84.84,84.84,84.84,84.84,131
2026-04-10 14:45:00,84.86,84.865,84.86,84.865,386
2026-04-10 15:10:00,84.93,84.93,84.93,84.93,294
2026-04-10 15:25:00,84.95,84.95,84.95,84.95,548
2026-04-10 15:40:00,84.83,84.85,84.83,84.85,500
2026-04-10 15:50:00,84.84,84.84,84.84,84.84,266
2026-04-10 15:55:00,84.805,84.805,84.8,84.8,507
2026-04-13 09:30:00,84.5,84.51,84.5,84.5025,677
2026-04-13 09:40:00,84.4743,84.4743,84.4743,84.4743,130
2026-04-13 09:50:00,84.75,84.75,84.75,84.75,200
2026-04-13 10:00:00,84.92,84.92,84.92,84.92,200
2026-04-13 10:15:00,84.75,84.75,84.75,84.75,400
2026-04-13 10:25:00,84.855,84.855,84.855,84.855,100
2026-04-13 10:30:00,84.87,84.885,84.87,84.885,1237
2026-04-13 10:45:00,84.94,84.96,84.9376,84.9376,2120
2026-04-13 10:50:00,84.91,84.91,84.84,84.84,127511
2026-04-13 10:55:00,85,85.02,85,85.02,414
2026-04-13 11:00:00,84.99,84.99,84.95,84.95,19492
2026-04-13 11:05:00,84.93,84.94,84.93,84.94,200
2026-04-13 11:35:00,84.91,84.91,84.87,84.87,303
2026-04-13 11:40:00,84.84,84.84,84.84,84.84,157
2026-04-13 12:00:00,84.65,84.65,84.65,84.65,400
2026-04-13 12:05:00,84.655,84.78,84.655,84.76,2636
2026-04-13 12:20:00,84.88,84.88,84.88,84.88,800
2026-04-13 12:25:00,84.93,84.93,84.93,84.93,100
2026-04-13 12:30:00,84.95,84.96,84.95,84.96,24163
2026-04-13 12:35:00,85.07,85.07,85.07,85.07,200
2026-04-13 12:40:00,84.98,84.98,84.98,84.98,120
2026-04-13 13:15:00,85.085,85.085,85.08,85.08,2474
2026-04-13 13:30:00,85.125,85.125,85.125,85.125,500
2026-04-13 13:35:00,85.075,85.075,85.075,85.075,149
2026-04-13 13:45:00,85.065,85.065,85.065,85.065,134
2026-04-13 13:55:00,85.09,85.09,85.09,85.09,766
2026-04-13 14:05:00,85.1681,85.1681,85.1592,85.1592,472
2026-04-13 14:15:00,85.1,85.1,85.1,85.1,636
2026-04-13 14:25:00,85.07,85.07,85.07,85.07,411
2026-04-13 14:40:00,85.12,85.12,85.12,85.12,523
2026-04-13 14:45:00,85.205,85.205,85.205,85.205,115
2026-04-13 15:10:00,85.21,85.21,85.21,85.21,258
2026-04-13 15:25:00,85.3218,85.3218,85.3218,85.3218,160
2026-04-13 15:30:00,85.325,85.325,85.325,85.325,580
2026-04-13 15:35:00,85.36,85.36,85.36,85.36,411
2026-04-13 15:45:00,85.34,85.35,85.34,85.35,800
2026-04-13 15:50:00,85.4,85.52,85.4,85.52,500
2026-04-13 16:00:00,85.58,85.58,85.58,85.58,200
2026-04-14 09:30:00,86.23,86.335,86.15,86.19,12067
2026-04-14 09:35:00,86.2,86.28,86.19,86.27,2158
2026-04-14 09:40:00,86.19,86.3,86.19,86.3,399
2026-04-14 09:45:00,86.325,86.345,86.305,86.305,635
2026-04-14 10:00:00,86.345,86.345,86.3191,86.3192,597
2026-04-14 10:10:00,86.43,86.5,86.43,86.5,392
2026-04-14 10:15:00,86.6399,86.6399,86.6399,86.6399,1350
2026-04-14 10:25:00,86.48,86.48,86.48,86.48,288
2026-04-14 10:35:00,86.58,86.58,86.58,86.58,300
2026-04-14 10:40:00,86.6384,86.6384,86.6384,86.6384,125
2026-04-14 10:50:00,86.7,86.7,86.7,86.7,243
2026-04-14 11:00:00,86.68,86.68,86.655,86.655,300
2026-04-14 11:05:00,86.6,86.6,86.6,86.6,100
2026-04-14 11:10:00,86.56,86.56,86.56,86.56,100
2026-04-14 11:15:00,86.575,86.575,86.575,86.575,100
2026-04-14 11:20:00,86.715,86.715,86.715,86.715,580
2026-04-14 11:35:00,86.84,86.92,86.7905,86.7905,20079
2026-04-14 11:40:00,86.865,86.865,86.86,86.86,1712
2026-04-14 11:55:00,86.925,86.93,86.925,86.93,270
2026-04-14 12:15:00,86.875,86.96,86.875,86.96,840
2026-04-14 12:45:00,86.9341,86.97,86.9341,86.97,1632
2026-04-14 13:00:00,86.9891,86.9891,86.9891,86.9891,3449
2026-04-14 13:15:00,86.95,86.95,86.95,86.95,244
2026-04-14 13:30:00,87.0174,87.065,87.0174,87.065,747
2026-04-14 13:35:00,87.065,87.065,87.065,87.065,300
2026-04-14 13:45:00,87.1387,87.1387,87.1387,87.1387,387
2026-04-14 14:00:00,87.04,87.12,87.04,87.12,454
2026-04-14 14:05:00,87.05,87.05,87.05,87.05,572
2026-04-14 14:20:00,86.955,86.955,86.8727,86.8727,225
2026-04-14 14:25:00,86.8854,86.8854,86.8854,86.8854,122
2026-04-14 14:35:00,86.8887,86.8887,86.8887,86.8887,1053
2026-04-14 14:40:00,86.9593,86.9593,86.9593,86.9593,441
2026-04-14 14:45:00,86.87,86.87,86.8,86.8,399
2026-04-14 14:55:00,86.93,86.93,86.93,86.93,370
2026-04-14 15:10:00,86.98,86.98,86.98,86.98,108
2026-04-14 15:15:00,87.025,87.025,87.025,87.025,1022
2026-04-14 15:30:00,87.08,87.1413,87.03,87.1413,661
2026-04-14 15:35:00,87.14,87.14,87.14,87.14,100
2026-04-14 15:50:00,87.01,87.04,87,87.04,850
2026-04-14 16:00:00,87.06,87.13,87.053,87.1,715
2026-04-15 09:30:00,87.27,87.48,87.18,87.355,11159
2026-04-15 09:40:00,87.221,87.221,86.99,86.99,760
2026-04-15 09:45:00,87.035,87.035,87.035,87.035,100
2026-04-15 10:20:00,87.305,87.365,87.305,87.365,4933
2026-04-15 10:35:00,87.4,87.415,87.4,87.415,485
2026-04-15 10:45:00,87.49,87.49,87.49,87.49,1143
2026-04-15 10:50:00,87.44,87.44,87.3486,87.3486,1494
2026-04-15 10:55:00,87.32,87.32,87.32,87.32,100
2026-04-15 11:00:00,87.355,87.355,87.355,87.355,126
2026-04-15 11:20:00,87.43,87.43,87.37,87.37,746
2026-04-15 11:30:00,87.31,87.31,87.2205,87.28,9895
2026-04-15 11:35:00,87.3096,87.3096,87.28,87.28,320
2026-04-15 11:40:00,87.39,87.39,87.39,87.39,500
2026-04-15 11:50:00,87.36,87.36,87.36,87.36,480
2026-04-15 12:10:00,87.35,87.35,87.35,87.35,142
2026-04-15 12:15:00,87.345,87.41,87.345,87.345,4580
2026-04-15 12:30:00,87.3152,87.3152,87.3152,87.3152,300
2026-04-15 12:35:00,87.31,87.31,87.31,87.31,469
2026-04-15 12:55:00,86.94,86.96,86.94,86.96,6443
2026-04-15 13:05:00,87.124,87.124,87.1237,87.1237,933
2026-04-15 13:15:00,87.18,87.18,87.18,87.18,515
2026-04-15 13:30:00,87.225,87.225,87.225,87.225,100
2026-04-15 13:55:00,87.27,87.27,87.27,87.27,200
2026-04-15 14:00:00,87.27,87.405,87.27,87.405,1300
2026-04-15 14:20:00,87.425,87.425,87.425,87.425,112
2026-04-15 14:40:00,87.44,87.44,87.44,87.44,100
2026-04-15 15:10:00,87.59,87.59,87.575,87.575,250
2026-04-15 15:15:00,87.51,87.51,87.51,87.51,206
2026-04-15 15:20:00,87.52,87.52,87.5061,87.5061,676
2026-04-15 15:30:00,87.59,87.59,87.585,87.585,277
2026-04-15 15:50:00,87.6,87.6,87.6,87.6,115
2026-04-15 15:55:00,87.64,87.655,87.64,87.655,744
2026-04-15 16:00:00,87.68,87.68,87.68,87.68,124
2026-04-15 17:55:00,87.68,87.68,87.68,87.68,115
2026-04-16 09:30:00,87.9,87.9,87.74,87.74,832
2026-04-16 09:35:00,87.74,87.74,87.66,87.7,902
2026-04-16 09:40:00,87.73,87.73,87.73,87.73,100
2026-04-16 09:45:00,87.64,87.6476,87.64,87.64,1200
2026-04-16 09:55:00,87.31,87.31,87.31,87.31,367
2026-04-16 10:10:00,87.465,87.465,87.465,87.465,137
2026-04-16 10:15:00,87.36,87.39,87.36,87.39,930
2026-04-16 10:20:00,87.3999,87.3999,87.35,87.35,429
2026-04-16 10:30:00,87.47,87.47,87.42,87.42,3854
2026-04-16 10:40:00,87.34,87.37,87.34,87.37,300
2026-04-16 10:45:00,87.45,87.48,87.45,87.48,430
2026-04-16 10:55:00,87.505,87.505,87.505,87.505,217
2026-04-16 11:10:00,87.69,87.7,87.69,87.69,600
2026-04-16 11:15:00,87.7638,87.7638,87.75,87.75,500
2026-04-16 11:25:00,87.69,87.69,87.59,87.59,400
2026-04-16 11:35:00,87.64,87.69,87.64,87.69,300
2026-04-16 11:40:00,87.64,87.64,87.64,87.64,200
2026-04-16 12:00:00,87.7826,87.7826,87.76,87.76,400
2026-04-16 12:05:00,87.6845,87.72,87.67,87.72,900
2026-04-16 12:10:00,87.715,87.73,87.715,87.73,708
2026-04-16 12:30:00,87.32,87.42,87.32,87.42,561
2026-04-16 12:40:00,87.515,87.53,87.515,87.52,476
2026-04-16 12:45:00,87.525,87.59,87.525,87.59,2700
2026-04-16 12:50:00,87.56,87.56,87.485,87.485,1632
2026-04-16 13:00:00,87.465,87.465,87.465,87.465,228
2026-04-16 13:05:00,87.44,87.44,87.395,87.43,2651
2026-04-16 13:10:00,87.44,87.48,87.36,87.385,2300
2026-04-16 13:15:00,87.35,87.35,87.35,87.35,400
2026-04-16 13:20:00,87.395,87.4,87.395,87.395,700
2026-04-16 13:25:00,87.485,87.53,87.485,87.53,2429
2026-04-16 13:30:00,87.485,87.53,87.485,87.53,1830
2026-04-16 13:35:00,87.475,87.475,87.475,87.475,939
2026-04-16 13:45:00,87.565,87.565,87.565,87.565,100
2026-04-16 13:55:00,87.42,87.42,87.4,87.4,1100
2026-04-16 14:00:00,87.42,87.52,87.42,87.52,1000
2026-04-16 14:05:00,87.38,87.38,87.32,87.32,226
2026-04-16 14:10:00,87.37,87.37,87.37,87.37,700
2026-04-16 14:15:00,87.39,87.48,87.39,87.48,26526
2026-04-16 14:25:00,87.31,87.31,87.31,87.31,100
2026-04-16 14:30:00,87.325,87.4,87.325,87.4,1328
2026-04-16 14:35:00,87.41,87.4488,87.38,87.42,2600
2026-04-16 14:40:00,87.4799,87.4799,87.4799,87.4799,218
2026-04-16 14:45:00,87.42,87.47,87.41,87.46,2014
2026-04-16 14:50:00,87.39,87.42,87.39,87.41,934
2026-04-16 14:55:00,87.373,87.373,87.373,87.373,189
2026-04-16 15:00:00,87.4175,87.48,87.4,87.4,1700
2026-04-16 15:05:00,87.46,87.49,87.46,87.49,500
2026-04-16 15:10:00,87.45,87.47,87.44,87.46,700
2026-04-16 15:15:00,87.475,87.55,87.475,87.55,2029
2026-04-16 15:20:00,87.5025,87.55,87.43,87.52,1856
2026-04-16 15:25:00,87.4975,87.53,87.4975,87.5,700
2026-04-16 15:30:00,87.5225,87.6286,87.5225,87.59,9822
2026-04-16 15:40:00,87.61,87.61,87.54,87.595,2729
2026-04-16 15:45:00,87.57,87.6799,87.57,87.61,2440
2026-04-16 15:50:00,87.545,87.545,87.535,87.535,402
2026-04-16 15:55:00,87.58,87.67,87.58,87.67,800
2026-04-16 16:00:00,87.65,87.65,87.65,87.65,158
2026-04-17 09:30:00,88.5,88.59,88.5,88.59,2460
2026-04-17 09:40:00,88.64,88.64,88.56,88.56,300
2026-04-17 09:45:00,88.45,88.5,88.45,88.5,1200
2026-04-17 09:50:00,88.53,88.63,88.53,88.63,1700
2026-04-17 10:00:00,88.64,88.64,88.64,88.64,200
2026-04-17 10:15:00,88.755,88.815,88.74,88.795,1638
2026-04-17 10:20:00,88.7799,88.7799,88.72,88.72,1068
2026-04-17 10:30:00,88.86,88.86,88.86,88.86,585
2026-04-17 10:35:00,88.89,88.975,88.89,88.975,876
2026-04-17 10:40:00,89.06,89.08,89.06,89.07,817
2026-04-17 10:45:00,89.065,89.155,89.06,89.155,2194
2026-04-17 10:50:00,89.08,89.08,89.03,89.0425,995
2026-04-17 10:55:00,89,89,88.925,89,2100
2026-04-17 11:00:00,88.98,88.98,88.9,88.92,1300
2026-04-17 11:05:00,88.93,88.985,88.88,88.98,11784
2026-04-17 11:10:00,88.985,88.985,88.91,88.91,246
2026-04-17 11:15:00,88.88,88.88,88.88,88.88,300
2026-04-17 11:20:00,88.87,88.87,88.87,88.87,2698
2026-04-17 11:25:00,88.945,89,88.945,89,1244
2026-04-17 11:30:00,89.04,89.04,89.04,89.04,200
2026-04-17 11:45:00,88.9825,88.9825,88.955,88.955,309
2026-04-17 11:55:00,88.9625,89.055,88.9625,88.9833,539
2026-04-17 12:10:00,89.1,89.145,89.1,89.145,1504
2026-04-17 12:15:00,89.0527,89.0527,89.0527,89.0527,100
2026-04-17 12:20:00,89.05,89.05,89.05,89.05,108
2026-04-17 12:25:00,89.1862,89.1862,89.125,89.125,616
2026-04-17 12:30:00,89.16,89.16,89.16,89.16,100
2026-04-17 12:40:00,89.12,89.12,89.12,89.12,112
2026-04-17 12:45:00,89.235,89.275,89.235,89.275,314
2026-04-17 12:50:00,89.235,89.235,89.235,89.235,1720
2026-04-17 12:55:00,89.18,89.205,89.17,89.205,500
2026-04-17 13:00:00,89.17,89.205,89.15,89.205,861
2026-04-17 13:05:00,89.09,89.09,89.09,89.09,100
2026-04-17 13:35:00,88.83,88.895,88.83,88.895,200
2026-04-17 13:50:00,88.96,88.96,88.96,88.96,160
2026-04-17 14:10:00,88.835,88.87,88.835,88.87,325
2026-04-17 14:20:00,88.85,88.85,88.85,88.85,117
2026-04-17 14:25:00,88.88,88.88,88.88,88.88,123
2026-04-17 14:45:00,88.94,88.98,88.94,88.98,200
2026-04-17 14:50:00,88.84,88.85,88.82,88.8325,1217
2026-04-17 15:05:00,88.855,88.855,88.855,88.855,143
2026-04-17 15:10:00,88.75,88.75,88.7301,88.7301,342
2026-04-17 15:30:00,88.83,88.91,88.83,88.83,11403
2026-04-17 15:35:00,88.89,88.92,88.88,88.88,3436
2026-04-17 15:40:00,88.9451,88.9451,88.9451,88.9451,101
2026-04-17 15:55:00,88.94,88.94,88.94,88.94,281
2026-04-20 07:00:00,88.67,88.67,88.67,88.67,1000
2026-04-20 09:30:00,88.75,88.75,88.63,88.63,2089
2026-04-20 09:35:00,88.61,88.61,88.61,88.61,200
2026-04-20 09:40:00,88.5,88.5,88.5,88.5,225
2026-04-20 09:45:00,88.67,88.67,88.67,88.67,120
2026-04-20 09:50:00,88.61,88.61,88.61,88.61,100
2026-04-20 10:00:00,88.61,88.63,88.61,88.63,421
2026-04-20 10:20:00,88.7231,88.7231,88.61,88.61,271
2026-04-20 10:25:00,88.7,88.7,88.7,88.7,116
2026-04-20 10:30:00,88.6799,88.6799,88.6799,88.6799,570
2026-04-20 10:45:00,88.525,88.525,88.525,88.525,116
2026-04-20 10:50:00,88.26,88.26,88.26,88.26,200
2026-04-20 10:55:00,88.32,88.35,88.32,88.35,500
2026-04-20 11:05:00,88.25,88.28,88.17,88.22,1900
2026-04-20 11:10:00,88.32,88.32,88.275,88.275,380
2026-04-20 11:15:00,88.275,88.275,88.2719,88.2719,827
2026-04-20 11:25:00,88.56,88.59,88.56,88.59,900
2026-04-20 11:40:00,88.5799,88.5799,88.5799,88.5799,161
2026-04-20 11:50:00,88.4671,88.4671,88.4671,88.4671,474
2026-04-20 12:00:00,88.42,88.42,88.42,88.42,400
2026-04-20 12:20:00,88.49,88.49,88.49,88.49,190
2026-04-20 12:25:00,88.49,88.49,88.49,88.49,190
2026-04-20 12:30:00,88.55,88.59,88.55,88.59,970
2026-04-20 12:40:00,88.56,88.56,88.55,88.55,300
2026-04-20 12:50:00,88.53,88.53,88.53,88.53,100
2026-04-20 12:55:00,88.48,88.53,88.48,88.53,312
2026-04-20 13:00:00,88.56,88.56,88.54,88.54,438
2026-04-20 13:05:00,88.56,88.56,88.56,88.56,117
2026-04-20 13:10:00,88.59,88.59,88.59,88.59,400
2026-04-20 13:15:00,88.62,88.69,88.62,88.69,414
2026-04-20 13:25:00,88.59,88.62,88.59,88.62,773
2026-04-20 13:30:00,88.5325,88.5325,88.5325,88.5325,149
2026-04-20 13:35:00,88.53,88.53,88.53,88.53,200
2026-04-20 13:40:00,88.63,88.63,88.63,88.63,831
2026-04-20 13:50:00,88.585,88.585,88.585,88.585,980
2026-04-20 13:55:00,88.55,88.55,88.55,88.55,100
2026-04-20 14:10:00,88.645,88.65,88.63,88.63,1140
2026-04-20 14:15:00,88.68,88.68,88.625,88.65,1000
2026-04-20 14:20:00,88.635,88.69,88.635,88.65,3682
2026-04-20 14:25:00,88.64,88.65,88.5805,88.65,5399
2026-04-20 14:30:00,88.62,88.62,88.61,88.62,300
2026-04-20 14:35:00,88.6,88.6,88.595,88.595,568
2026-04-20 14:40:00,88.61,88.61,88.61,88.61,300
2026-04-20 14:45:00,88.605,88.605,88.605,88.605,461
2026-04-20 14:50:00,88.66,88.71,88.66,88.71,1898
2026-04-20 14:55:00,88.67,88.73,88.61,88.61,1353
2026-04-20 15:05:00,88.67,88.68,88.67,88.68,672
2026-04-20 15:10:00,88.61,88.61,88.61,88.61,100
2026-04-20 15:20:00,88.64,88.6749,88.64,88.6749,208
2026-04-20 15:25:00,88.6,88.6,88.595,88.595,304
2026-04-20 15:30:00,88.59,88.66,88.59,88.66,500
2026-04-20 15:35:00,88.57,88.64,88.57,88.64,683
2026-04-20 15:45:00,88.58,88.6,88.58,88.6,500
2026-04-20 15:50:00,88.57,88.615,88.57,88.615,400
2026-04-20 15:55:00,88.57,88.729,88.57,88.71,4210
2026-04-20 16:00:00,88.76,88.76,88.76,88.76,247
2026-04-21 09:30:00,88.95,88.96,88.86,88.86,704
2026-04-21 09:35:00,88.89,88.89,88.89,88.89,176
2026-04-21 09:40:00,88.83,88.83,88.82,88.82,419
2026-04-21 09:55:00,88.91,88.91,88.875,88.875,418
2026-04-21 10:00:00,88.84,88.84,88.78,88.78,290
2026-04-21 10:30:00,88.815,88.815,88.78,88.78,1325
2026-04-21 10:35:00,88.8499,88.8499,88.8499,88.8499,213
2026-04-21 10:50:00,88.5301,88.5301,88.5301,88.5301,794
2026-04-21 11:00:00,88.34,88.34,88.19,88.19,3635
2026-04-21 11:05:00,88.12,88.44,88.1,88.44,1641
2026-04-21 11:10:00,88.44,88.44,88.44,88.44,100
2026-04-21 11:15:00,88.34,88.41,88.34,88.41,225
2026-04-21 11:20:00,88.4062,88.41,88.4062,88.41,270
2026-04-21 11:25:00,88.15,88.18,88.11,88.18,3270
2026-04-21 12:15:00,88.31,88.33,88.2405,88.33,6725
2026-04-21 12:30:00,88.23,88.28,88.23,88.28,219
2026-04-21 12:35:00,88.3,88.3,88.22,88.24,1898
2026-04-21 12:40:00,88.205,88.205,88.205,88.205,1000
2026-04-21 12:45:00,88.23,88.23,88.23,88.23,400
2026-04-21 12:50:00,88.245,88.245,88.245,88.245,224
2026-04-21 12:55:00,88.18,88.18,88.18,88.18,160
2026-04-21 13:00:00,88.21,88.21,88.21,88.21,226
2026-04-21 13:05:00,88.15,88.15,88.02,88.02,200
2026-04-21 13:10:00,88,88.08,87.94,87.94,989
2026-04-21 13:15:00,88.02,88.02,87.995,87.995,1639
2026-04-21 13:20:00,87.8698,88.015,87.8698,88.015,1172
2026-04-21 13:30:00,88.0298,88.0298,88.005,88.005,478
2026-04-21 13:35:00,88.07,88.26,88.07,88.2,2021
2026-04-21 13:40:00,88.37,88.37,88.31,88.31,300
2026-04-21 13:45:00,88.28,88.28,88.28,88.28,200
2026-04-21 13:50:00,88.235,88.235,88.235,88.235,100
2026-04-21 14:15:00,88.13,88.13,88.01,88.03,800
2026-04-21 14:25:00,88.04,88.04,88.03,88.03,336
2026-04-21 14:35:00,88.04,88.115,88.04,88.115,325
2026-04-21 14:50:00,88.11,88.18,88.11,88.17,900
2026-04-21 15:00:00,88.27,88.27,88.27,88.27,228
2026-04-21 15:10:00,88.28,88.28,88.23,88.23,300
2026-04-21 15:20:00,88.31,88.415,88.31,88.415,300
2026-04-21 15:25:00,88.42,88.54,88.42,88.43,12519
2026-04-21 15:40:00,87.94,87.94,87.69,87.69,1908
2026-04-21 15:45:00,87.86,87.86,87.86,87.86,568
2026-04-21 15:50:00,87.872,87.872,87.77,87.85,1656
2026-04-21 15:55:00,87.95,87.99,87.95,87.99,500