2026-04-22 09:30:00,74.03,74.03,73.8404,73.8404,1263
2026-04-22 09:35:00,73.8,73.8,73.8,73.8,100
2026-04-22 09:40:00,73.8,73.8,73.8,73.8,266
2026-04-22 09:50:00,73.765,73.765,73.7356,73.7356,1730
2026-04-22 09:55:00,73.875,73.92,73.73,73.73,23779
2026-04-22 10:00:00,73.88,73.88,73.8308,73.8308,880
2026-04-22 10:05:00,73.87,73.87,73.87,73.87,100
2026-04-22 10:10:00,73.865,73.865,73.865,73.865,114
2026-04-22 10:30:00,73.84,73.865,73.84,73.865,357
2026-04-22 10:40:00,73.9295,73.9295,73.9,73.9,1396
2026-04-22 10:45:00,73.875,73.875,73.875,73.875,134
2026-04-22 10:55:00,73.8705,73.8705,73.8705,73.8705,122
2026-04-22 11:05:00,73.855,73.8633,73.8548,73.8548,679
2026-04-22 11:40:00,73.8,73.8,73.8,73.8,207
2026-04-22 11:45:00,73.8,73.8,73.8,73.8,246
2026-04-22 12:10:00,73.825,73.825,73.825,73.825,269
2026-04-22 12:20:00,73.8,73.8,73.8,73.8,219
2026-04-22 12:30:00,73.75,73.75,73.75,73.75,101
2026-04-22 12:40:00,73.8,73.8,73.75,73.75,1048
2026-04-22 12:45:00,73.765,73.765,73.765,73.765,465
2026-04-22 12:55:00,73.7469,73.7469,73.7469,73.7469,1233
2026-04-22 13:05:00,73.795,73.795,73.795,73.795,310
2026-04-22 13:25:00,73.865,73.865,73.865,73.865,149
2026-04-22 13:35:00,73.8847,73.8847,73.8847,73.8847,445
2026-04-22 13:40:00,73.88,73.88,73.88,73.88,339
2026-04-22 13:45:00,73.88,73.88,73.88,73.88,1839
2026-04-22 13:55:00,73.8709,73.8792,73.8709,73.8792,692
2026-04-22 14:00:00,73.86,73.91,73.86,73.865,13854
2026-04-22 14:05:00,73.8608,73.9099,73.8608,73.9099,634
2026-04-22 14:10:00,73.89,73.89,73.89,73.89,360
2026-04-22 14:20:00,73.82,73.82,73.82,73.82,225
2026-04-22 14:35:00,73.8275,73.835,73.8275,73.835,1155
2026-04-22 14:50:00,73.8899,73.8899,73.8899,73.8899,9655
2026-04-22 14:55:00,73.8592,73.8592,73.8277,73.8277,465
2026-04-22 15:05:00,73.785,73.785,73.785,73.785,135
2026-04-22 15:15:00,73.85,73.85,73.85,73.85,130
2026-04-22 15:20:00,73.875,73.875,73.875,73.875,8116
2026-04-22 15:30:00,73.903,73.903,73.903,73.903,405
2026-04-22 15:35:00,73.91,73.91,73.91,73.91,1955
2026-04-22 15:40:00,73.91,73.97,73.9,73.97,21016
2026-04-22 15:45:00,73.905,73.905,73.905,73.905,253
2026-04-22 15:50:00,73.9907,73.9907,73.9907,73.9907,302
2026-04-22 15:55:00,73.99,74.02,73.99,74.02,268
2026-04-23 09:30:00,73.905,73.947,73.905,73.947,2311
2026-04-23 09:45:00,74.12,74.135,74.12,74.135,317
2026-04-23 09:50:00,74.1585,74.19,74.1301,74.1301,846
2026-04-23 10:00:00,74.0513,74.0513,74.0513,74.0513,1358
2026-04-23 10:15:00,74.08,74.08,74.08,74.08,100
2026-04-23 10:25:00,74.2,74.23,74.17,74.17,2327
2026-04-23 10:50:00,74.205,74.2205,74.18,74.2,1044
2026-04-23 11:20:00,74.27,74.27,74.27,74.27,133
2026-04-23 11:25:00,74.22,74.22,74.22,74.22,524
2026-04-23 11:30:00,74.3494,74.3494,74.3494,74.3494,136
2026-04-23 11:35:00,74.23,74.23,74.23,74.23,100
2026-04-23 12:00:00,74.13,74.13,74.13,74.13,100
2026-04-23 12:35:00,74.15,74.15,74.15,74.15,100
2026-04-23 12:45:00,74.19,74.19,74.19,74.19,270
2026-04-23 12:50:00,74.175,74.175,74.175,74.175,125
2026-04-23 12:55:00,74.1905,74.1905,74.13,74.13,526
2026-04-23 13:00:00,74.06,74.14,74.03,74.05,2586
2026-04-23 13:05:00,74.024,74.024,73.9,73.9,2023
2026-04-23 13:10:00,73.825,73.825,73.825,73.825,268
2026-04-23 13:15:00,73.77,73.77,73.76,73.76,300
2026-04-23 13:45:00,73.33,73.44,73.33,73.345,2618
2026-04-23 13:50:00,73.39,73.675,73.39,73.575,1307
2026-04-23 13:55:00,73.65,73.705,73.62,73.705,9114
2026-04-23 14:00:00,73.77,73.82,73.77,73.82,1444
2026-04-23 14:10:00,73.885,73.885,73.8,73.83,2355
2026-04-23 14:15:00,73.79,73.79,73.79,73.79,300
2026-04-23 14:20:00,73.89,73.89,73.855,73.855,561
2026-04-23 14:25:00,73.875,73.875,73.875,73.875,198
2026-04-23 14:30:00,73.91,73.91,73.91,73.91,100
2026-04-23 14:40:00,73.9,73.91,73.9,73.91,207
2026-04-23 14:50:00,73.885,73.885,73.84,73.84,1193
2026-04-23 14:55:00,73.84,73.8799,73.69,73.7701,2336
2026-04-23 15:05:00,73.79,73.87,73.77,73.87,683
2026-04-23 15:10:00,73.82,73.8368,73.81,73.81,1160
2026-04-23 15:15:00,73.8389,73.86,73.8,73.86,839
2026-04-23 15:20:00,73.85,73.85,73.85,73.85,350
2026-04-23 15:25:00,73.82,73.87,73.82,73.87,500
2026-04-23 15:30:00,73.83,73.83,73.83,73.83,100
2026-04-23 15:35:00,73.775,73.775,73.775,73.775,239
2026-04-23 15:40:00,73.78,73.78,73.78,73.78,100
2026-04-23 15:50:00,73.8,73.85,73.8,73.85,825
2026-04-23 15:55:00,73.89,73.95,73.845,73.95,4649
2026-04-23 16:00:00,73.93,73.93,73.93,73.93,492
2026-04-24 09:30:00,74.1,74.1,73.83,73.83,2010
2026-04-24 10:05:00,73.8794,73.8794,73.8794,73.8794,1129
2026-04-24 10:10:00,74,74,73.975,73.975,442
2026-04-24 10:35:00,73.9938,73.9938,73.9938,73.9938,1525
2026-04-24 10:40:00,74.025,74.025,74.025,74.025,146
2026-04-24 10:50:00,74.04,74.04,74.04,74.04,175
2026-04-24 11:00:00,74.065,74.11,74.04,74.05,2461
2026-04-24 11:05:00,74.0401,74.0401,74.0401,74.0401,158
2026-04-24 11:10:00,74.08,74.08,74.08,74.08,100
2026-04-24 11:15:00,74.1442,74.1442,74.13,74.13,4329
2026-04-24 11:25:00,74.145,74.145,74.1187,74.1187,1597
2026-04-24 11:30:00,74.1,74.1,74.1,74.1,100
2026-04-24 11:45:00,74.33,74.33,74.31,74.31,200
2026-04-24 12:05:00,74.39,74.4,74.39,74.4,210
2026-04-24 12:10:00,74.3443,74.35,74.3443,74.35,285
2026-04-24 12:15:00,74.355,74.355,74.355,74.355,100
2026-04-24 12:25:00,74.4055,74.4055,74.4055,74.4055,442
2026-04-24 12:30:00,74.415,74.415,74.415,74.415,161
2026-04-24 12:35:00,74.395,74.395,74.395,74.395,536
2026-04-24 12:40:00,74.379,74.379,74.379,74.379,323
2026-04-24 12:45:00,74.3,74.3,74.3,74.3,403
2026-04-24 12:50:00,74.33,74.33,74.33,74.33,227
2026-04-24 12:55:00,74.4,74.4,74.4,74.4,200
2026-04-24 13:05:00,74.36,74.36,74.36,74.36,100
2026-04-24 13:10:00,74.38,74.38,74.38,74.38,1716
2026-04-24 13:30:00,74.27,74.29,74.27,74.29,400
2026-04-24 13:35:00,74.31,74.31,74.31,74.31,100
2026-04-24 13:40:00,74.315,74.315,74.315,74.315,204
2026-04-24 13:50:00,74.32,74.41,74.32,74.39,2844
2026-04-24 13:55:00,74.33,74.33,74.32,74.32,853
2026-04-24 14:05:00,74.355,74.355,74.355,74.355,437
2026-04-24 14:10:00,74.31,74.31,74.31,74.31,100
2026-04-24 14:15:00,74.325,74.325,74.3,74.3,457
2026-04-24 14:20:00,74.3168,74.3168,74.3168,74.3168,650
2026-04-24 14:35:00,74.28,74.315,74.28,74.315,458
2026-04-24 14:40:00,74.3,74.3,74.3,74.3,100
2026-04-24 14:45:00,74.305,74.305,74.305,74.305,576
2026-04-24 14:50:00,74.3493,74.3493,74.3493,74.3493,2964
2026-04-24 15:00:00,74.3342,74.3342,74.27,74.27,358
2026-04-24 15:15:00,74.395,74.395,74.395,74.395,197
2026-04-24 15:20:00,74.36,74.36,74.33,74.33,925
2026-04-24 15:30:00,74.35,74.35,74.35,74.35,403
2026-04-24 15:45:00,74.325,74.39,74.325,74.39,412
2026-04-24 15:55:00,74.3,74.41,74.27,74.35,3639
2026-04-27 09:30:00,74.12,74.12,74.12,74.12,652
2026-04-27 09:35:00,74.28,74.28,74.28,74.28,225
2026-04-27 09:45:00,74.04,74.05,74.03,74.05,300
2026-04-27 09:55:00,74.25,74.25,74.25,74.25,1621
2026-04-27 10:00:00,74.225,74.225,74.1912,74.1912,1308
2026-04-27 10:05:00,74.24,74.24,74.24,74.24,170
2026-04-27 10:10:00,74.18,74.18,74.18,74.18,100
2026-04-27 10:20:00,74.14,74.14,74.14,74.14,400
2026-04-27 10:30:00,74.0774,74.0774,74.0774,74.0774,305
2026-04-27 10:35:00,74.12,74.13,74.115,74.13,1063
2026-04-27 10:40:00,74.1,74.1,74.1,74.1,3860
2026-04-27 10:50:00,74.07,74.07,74.07,74.07,100
2026-04-27 11:00:00,74.03,74.03,74.02,74.02,434
2026-04-27 11:05:00,74.015,74.035,74.015,74.035,281
2026-04-27 11:30:00,74.02,74.02,74.02,74.02,100
2026-04-27 11:50:00,74.09,74.09,74.09,74.09,126
2026-04-27 12:00:00,74.0815,74.1336,74.0815,74.1336,5202
2026-04-27 12:05:00,74.14,74.14,74.1117,74.1117,1362
2026-04-27 12:10:00,74.145,74.145,74.145,74.145,1597
2026-04-27 12:20:00,74.13,74.13,74.13,74.13,300
2026-04-27 12:30:00,74.17,74.17,74.17,74.17,455
2026-04-27 12:35:00,74.22,74.22,74.22,74.22,114
2026-04-27 12:50:00,74.1908,74.1908,74.1908,74.1908,1082
2026-04-27 12:55:00,74.15,74.2099,74.15,74.2099,269
2026-04-27 13:20:00,74.15,74.19,74.15,74.19,270
2026-04-27 13:30:00,74.21,74.21,74.21,74.21,103
2026-04-27 13:40:00,74.2144,74.2144,74.2144,74.2144,400
2026-04-27 14:05:00,74.255,74.255,74.255,74.255,283
2026-04-27 14:10:00,74.255,74.27,74.255,74.27,1079
2026-04-27 14:15:00,74.23,74.265,74.23,74.265,525
2026-04-27 14:20:00,74.2685,74.2685,74.2685,74.2685,206
2026-04-27 14:25:00,74.263,74.263,74.263,74.263,399
2026-04-27 14:45:00,74.2522,74.2522,74.2522,74.2522,152
2026-04-27 14:50:00,74.25,74.25,74.25,74.25,153
2026-04-27 15:00:00,74.25,74.28,74.25,74.28,602
2026-04-27 15:05:00,74.23,74.2401,74.23,74.2401,363
2026-04-27 15:10:00,74.25,74.25,74.25,74.25,185
2026-04-27 15:15:00,74.282,74.282,74.282,74.282,535
2026-04-27 15:30:00,74.29,74.29,74.29,74.29,264
2026-04-27 15:35:00,74.29,74.29,74.27,74.2785,2898
2026-04-27 15:40:00,74.265,74.265,74.265,74.265,819
2026-04-27 15:45:00,74.295,74.32,74.295,74.32,1193
2026-04-27 15:50:00,74.3,74.3,74.3,74.3,100
2026-04-27 15:55:00,74.33,74.35,74.31,74.35,3760
2026-04-27 16:00:00,74.26,74.26,74.26,74.26,122
2026-04-28 09:30:00,73.91,73.91,73.7878,73.7878,2121
2026-04-28 09:45:00,73.8,73.8,73.79,73.79,487
2026-04-28 09:55:00,73.72,73.76,73.72,73.76,11894
2026-04-28 10:00:00,73.6953,73.6953,73.6953,73.6953,456
2026-04-28 10:15:00,73.65,73.68,73.65,73.68,406
2026-04-28 10:25:00,73.68,73.68,73.68,73.68,3025
2026-04-28 10:30:00,73.6201,73.6201,73.6201,73.6201,215
2026-04-28 10:35:00,73.59,73.59,73.59,73.59,200
2026-04-28 10:50:00,73.49,73.49,73.49,73.49,516
2026-04-28 11:00:00,73.655,73.655,73.5901,73.5901,245
2026-04-28 11:30:00,73.5,73.5,73.5,73.5,420
2026-04-28 11:50:00,73.485,73.485,73.485,73.485,103
2026-04-28 12:00:00,73.5,73.5,73.5,73.5,908
2026-04-28 12:05:00,73.52,73.52,73.52,73.52,3890
2026-04-28 12:15:00,73.5485,73.5485,73.5485,73.5485,110
2026-04-28 12:25:00,73.563,73.563,73.563,73.563,129
2026-04-28 12:30:00,73.584,73.584,73.55,73.55,491
2026-04-28 12:40:00,73.485,73.485,73.485,73.485,212
2026-04-28 12:45:00,73.49,73.52,73.49,73.52,585
2026-04-28 12:50:00,73.53,73.54,73.48,73.48,2629
2026-04-28 13:05:00,73.46,73.46,73.46,73.46,200
2026-04-28 13:10:00,73.47,73.5,73.47,73.5,22203
2026-04-28 13:20:00,73.49,73.49,73.49,73.49,200
2026-04-28 13:35:00,73.5999,73.5999,73.5999,73.5999,255
2026-04-28 13:45:00,73.605,73.605,73.605,73.605,100
2026-04-28 13:50:00,73.575,73.5934,73.57,73.5934,676
2026-04-28 14:15:00,73.61,73.66,73.61,73.66,765
2026-04-28 14:20:00,73.7,73.7,73.7,73.7,100
2026-04-28 14:25:00,73.6785,73.6785,73.6785,73.6785,1925
2026-04-28 14:30:00,73.667,73.667,73.64,73.64,556
2026-04-28 14:35:00,73.64,73.64,73.63,73.63,800
2026-04-28 14:40:00,73.635,73.65,73.635,73.65,2149
2026-04-28 14:45:00,73.67,73.68,73.64,73.64,2306
2026-04-28 15:00:00,73.6985,73.7,73.6985,73.7,603
2026-04-28 15:10:00,73.77,73.77,73.77,73.77,120
2026-04-28 15:15:00,73.74,73.7534,73.74,73.7534,1586
2026-04-28 15:20:00,73.72,73.72,73.71,73.71,600
2026-04-28 15:30:00,73.7,73.7,73.66,73.6777,522
2026-04-28 15:40:00,73.71,73.71,73.71,73.71,100
2026-04-28 15:45:00,73.73,73.76,73.73,73.735,2100
2026-04-28 15:50:00,73.81,73.81,73.75,73.75,396
2026-04-28 15:55:00,73.72,73.735,73.53,73.53,5047
2026-04-28 16:00:00,73.75,73.75,73.75,73.75,339
2026-04-29 09:30:00,73.64,73.64,73.64,73.64,1326
2026-04-29 09:50:00,73.37,73.37,73.37,73.37,242
2026-04-29 10:00:00,73.43,73.43,73.42,73.42,450
2026-04-29 10:05:00,73.4845,73.4845,73.4845,73.4845,188
2026-04-29 10:10:00,73.53,73.53,73.53,73.53,1635
2026-04-29 10:15:00,73.5146,73.5146,73.5146,73.5146,578
2026-04-29 10:20:00,73.48,73.51,73.48,73.48,463
2026-04-29 10:30:00,73.526,73.526,73.526,73.526,137
2026-04-29 10:40:00,73.54,73.54,73.54,73.54,448
2026-04-29 10:45:00,73.49,73.49,73.49,73.49,100
2026-04-29 10:50:00,73.54,73.54,73.54,73.54,474
2026-04-29 10:55:00,73.49,73.49,73.48,73.48,7383
2026-04-29 11:05:00,73.435,73.435,73.435,73.435,100
2026-04-29 11:10:00,73.3601,73.3999,73.34,73.3999,1711
2026-04-29 11:15:00,73.4185,73.4185,73.4185,73.4185,132
2026-04-29 11:20:00,73.38,73.415,73.38,73.415,530
2026-04-29 11:25:00,73.4,73.4,73.4,73.4,100
2026-04-29 11:30:00,73.38,73.38,73.38,73.38,100
2026-04-29 11:35:00,73.3911,73.3911,73.3875,73.3875,429
2026-04-29 11:40:00,73.3936,73.3936,73.3936,73.3936,176
2026-04-29 11:50:00,73.39,73.39,73.32,73.32,1381
2026-04-29 12:10:00,73.3485,73.3565,73.3485,73.3565,1211
2026-04-29 12:15:00,73.3,73.3,73.3,73.3,100
2026-04-29 12:20:00,73.3351,73.3351,73.3351,73.3351,135
2026-04-29 12:30:00,73.26,73.26,73.23,73.23,1986
2026-04-29 12:35:00,73.19,73.19,73.19,73.19,100
2026-04-29 12:40:00,73.26,73.26,73.26,73.26,3137
2026-04-29 13:00:00,73.22,73.22,73.215,73.215,1204
2026-04-29 13:40:00,73.27,73.27,73.27,73.27,106
2026-04-29 13:45:00,73.35,73.35,73.35,73.35,100
2026-04-29 13:50:00,73.37,73.37,73.37,73.37,529
2026-04-29 14:00:00,73.31,73.31,73.31,73.31,100
2026-04-29 14:10:00,73.2,73.2,73.2,73.2,3910
2026-04-29 14:15:00,73.21,73.23,73.21,73.23,326
2026-04-29 14:20:00,73.259,73.259,73.259,73.259,135
2026-04-29 14:25:00,73.2,73.2,73.2,73.2,100
2026-04-29 14:30:00,73.2,73.2,73.1995,73.1995,785
2026-04-29 14:35:00,73.22,73.22,73.22,73.22,206175
2026-04-29 14:45:00,73.16,73.16,73.16,73.16,832
2026-04-29 14:50:00,73.23,73.23,73.23,73.23,162
2026-04-29 14:55:00,73.295,73.295,73.295,73.295,384
2026-04-29 15:10:00,73.33,73.4,73.32,73.4,797
2026-04-29 15:15:00,73.415,73.415,73.415,73.415,122
2026-04-29 15:20:00,73.4199,73.4199,73.4199,73.4199,114
2026-04-29 15:35:00,73.3384,73.4,73.3384,73.4,887
2026-04-29 15:45:00,73.33,73.35,73.33,73.345,2250
2026-04-29 15:50:00,73.305,73.305,73.305,73.305,136
2026-04-29 15:55:00,73.39,73.46,73.388,73.46,3352
2026-04-30 09:30:00,73.975,73.975,73.91,73.91,2672
2026-04-30 09:45:00,73.875,73.875,73.875,73.875,1052
2026-04-30 10:00:00,73.835,73.896,73.835,73.8465,1549
2026-04-30 10:10:00,73.8112,73.8112,73.8112,73.8112,100
2026-04-30 10:20:00,73.9,73.9,73.9,73.9,100
2026-04-30 10:30:00,73.9468,73.9468,73.9468,73.9468,549
2026-04-30 10:35:00,73.9,73.9,73.9,73.9,181
2026-04-30 10:45:00,73.96,73.96,73.96,73.96,3569
2026-04-30 10:50:00,74.02,74.11,74.02,74.07,854
2026-04-30 10:55:00,74.16,74.16,74.09,74.09,486
2026-04-30 11:00:00,74.14,74.14,74.1301,74.1301,217
2026-04-30 11:05:00,74.09,74.1215,74.09,74.1215,4085
2026-04-30 11:10:00,74.145,74.145,74.145,74.145,3855
2026-04-30 11:15:00,74.16,74.16,74.125,74.125,354
2026-04-30 11:30:00,74.174,74.174,74.174,74.174,120
2026-04-30 11:45:00,74.085,74.085,74.085,74.085,429
2026-04-30 12:05:00,74.22,74.22,74.219,74.219,2536
2026-04-30 12:55:00,74.18,74.18,74.18,74.18,271
2026-04-30 13:00:00,74.26,74.26,74.26,74.26,163
2026-04-30 13:30:00,74.43,74.43,74.43,74.43,209
2026-04-30 13:35:00,74.4355,74.4355,74.4355,74.4355,838
2026-04-30 13:50:00,74.5099,74.5099,74.5099,74.5099,119
2026-04-30 13:55:00,74.4828,74.4828,74.4828,74.4828,131
2026-04-30 14:05:00,74.575,74.575,74.55,74.55,217
2026-04-30 14:10:00,74.565,74.565,74.565,74.565,853
2026-04-30 14:15:00,74.56,74.56,74.56,74.56,100
2026-04-30 14:30:00,74.59,74.59,74.59,74.59,348
2026-04-30 14:35:00,74.5722,74.6167,74.5722,74.5901,1518
2026-04-30 14:40:00,74.62,74.625,74.62,74.625,400
2026-04-30 14:45:00,74.6001,74.6001,74.6001,74.6001,989
2026-04-30 14:55:00,74.61,74.61,74.6,74.6,3700
2026-04-30 15:05:00,74.668,74.668,74.668,74.668,1408
2026-04-30 15:10:00,74.705,74.705,74.705,74.705,200
2026-04-30 15:15:00,74.72,74.72,74.7,74.71,806
2026-04-30 15:20:00,74.69,74.71,74.69,74.69,57100
2026-04-30 15:25:00,74.7,74.7,74.7,74.7,437
2026-04-30 15:30:00,74.69,74.69,74.69,74.69,201
2026-04-30 15:40:00,74.68,74.68,74.68,74.68,546
2026-04-30 15:45:00,74.69,74.69,74.67,74.67,400
2026-04-30 15:50:00,74.67,74.75,74.62,74.655,2268
2026-04-30 15:55:00,74.64,74.68,74.62,74.68,1179
2026-05-01 09:30:00,74.86,74.86,74.86,74.86,1177
2026-05-01 09:35:00,74.82,74.82,74.82,74.82,267
2026-05-01 09:45:00,74.7001,74.7001,74.7001,74.7001,417
2026-05-01 09:50:00,74.75,74.75,74.75,74.75,3116
2026-05-01 09:55:00,75,75,75,75,219
2026-05-01 10:00:00,75.0146,75.0146,75.0146,75.0146,680
2026-05-01 10:05:00,75.01,75.01,75.005,75.005,400
2026-05-01 10:10:00,75.06,75.06,75.04,75.04,500
2026-05-01 10:15:00,75.05,75.05,75.05,75.05,200
2026-05-01 10:25:00,75.02,75.02,75.02,75.02,700
2026-05-01 10:35:00,74.9,74.91,74.845,74.845,11631
2026-05-01 10:40:00,74.88,74.88,74.88,74.88,313
2026-05-01 10:55:00,74.88,74.88,74.855,74.855,1769
2026-05-01 11:00:00,74.88,74.88,74.77,74.795,1407
2026-05-01 11:05:00,74.81,74.85,74.8,74.805,5505
2026-05-01 11:10:00,74.7901,74.7901,74.7901,74.7901,357
2026-05-01 11:15:00,74.86,74.86,74.855,74.855,321
2026-05-01 11:20:00,74.889,74.889,74.889,74.889,227
2026-05-01 11:25:00,74.897,74.897,74.897,74.897,295
2026-05-01 11:35:00,74.92,74.99,74.92,74.95,2906
2026-05-01 11:45:00,74.98,74.98,74.98,74.98,7428
2026-05-01 11:50:00,74.93,74.9565,74.875,74.9565,536
2026-05-01 11:55:00,74.93,74.93,74.93,74.93,172
2026-05-01 12:05:00,74.85,74.85,74.83,74.83,930
2026-05-01 12:15:00,74.8185,74.8185,74.8185,74.8185,101
2026-05-01 12:20:00,74.75,74.78,74.75,74.78,350
2026-05-01 12:25:00,74.7528,74.7528,74.7528,74.7528,216
2026-05-01 12:30:00,74.735,74.735,74.7,74.725,12272
2026-05-01 12:35:00,74.75,74.75,74.75,74.75,462
2026-05-01 12:40:00,74.765,74.765,74.73,74.73,24529
2026-05-01 12:45:00,74.6808,74.73,74.68,74.73,12952
2026-05-01 12:50:00,74.735,74.735,74.735,74.735,1174
2026-05-01 12:55:00,74.775,74.775,74.775,74.775,328
2026-05-01 13:00:00,74.765,74.795,74.765,74.795,366
2026-05-01 13:05:00,74.79,74.79,74.79,74.79,1183
2026-05-01 13:25:00,74.845,74.845,74.845,74.845,668
2026-05-01 13:30:00,74.856,74.856,74.856,74.856,106
2026-05-01 13:40:00,74.91,74.91,74.78,74.84,19121
2026-05-01 14:00:00,74.84,74.84,74.84,74.84,283
2026-05-01 14:05:00,74.81,74.81,74.81,74.81,100
2026-05-01 14:10:00,74.7601,74.7601,74.7601,74.7601,1899
2026-05-01 14:25:00,74.778,74.778,74.77,74.77,2370
2026-05-01 14:30:00,74.75,74.75,74.75,74.75,512
2026-05-01 14:35:00,74.73,74.73,74.7299,74.7299,663
2026-05-01 14:50:00,74.71,74.71,74.71,74.71,890
2026-05-01 14:55:00,74.71,74.71,74.71,74.71,433
2026-05-01 15:00:00,74.71,74.7599,74.71,74.74,583
2026-05-01 15:10:00,74.77,74.77,74.7501,74.7501,4771
2026-05-01 15:15:00,74.795,74.8001,74.795,74.8001,632
2026-05-01 15:20:00,74.805,74.805,74.805,74.805,191
2026-05-01 15:30:00,74.83,74.83,74.83,74.83,746
2026-05-01 15:45:00,74.7899,74.79,74.7698,74.7698,7940
2026-05-01 15:50:00,74.76,74.76,74.71,74.71,207
2026-05-01 15:55:00,74.63,74.63,74.57,74.57,4083
2026-05-04 09:30:00,74.48,74.48,74.48,74.48,215
2026-05-04 09:40:00,74.53,74.53,74.53,74.53,177
2026-05-04 09:45:00,74.455,74.455,74.455,74.455,727
2026-05-04 09:50:00,74.5292,74.5292,74.5292,74.5292,504
2026-05-04 09:55:00,74.52,74.52,74.52,74.52,100
2026-05-04 10:00:00,74.5025,74.5025,74.5025,74.5025,446
2026-05-04 10:10:00,74.455,74.455,74.455,74.455,106
2026-05-04 10:15:00,74.545,74.545,74.545,74.545,112
2026-05-04 10:30:00,74.5577,74.5577,74.5577,74.5577,100
2026-05-04 10:40:00,74.6,74.6,74.6,74.6,529
2026-05-04 10:45:00,74.606,74.606,74.53,74.53,1588
2026-05-04 10:55:00,74.4695,74.4695,74.4695,74.4695,580
2026-05-04 11:10:00,74.38,74.38,74.38,74.38,100
2026-05-04 11:15:00,74.37,74.37,74.29,74.29,419
2026-05-04 11:20:00,74.21,74.23,74.21,74.23,584
2026-05-04 11:30:00,74.21,74.21,74.21,74.21,674
2026-05-04 11:35:00,74.1769,74.1769,74.1769,74.1769,233
2026-05-04 11:40:00,74.2486,74.2486,74.2486,74.2486,2755
2026-05-04 11:50:00,74.1668,74.1668,74.1668,74.1668,363
2026-05-04 12:05:00,73.9981,73.9981,73.9,73.9,754
2026-05-04 12:10:00,73.985,73.9985,73.985,73.9985,3410
2026-05-04 12:15:00,74.11,74.11,74.11,74.11,100
2026-05-04 12:25:00,74.115,74.13,74.115,74.13,443
2026-05-04 12:35:00,74.05,74.05,74.05,74.05,207
2026-05-04 12:45:00,74.0794,74.0794,74.06,74.06,4160
2026-05-04 12:50:00,74.04,74.04,74.01,74.04,1380
2026-05-04 12:55:00,74.0117,74.0117,74.0117,74.0117,115
2026-05-04 13:15:00,74.135,74.135,74.135,74.135,288
2026-05-04 13:20:00,74.225,74.225,74.225,74.225,685
2026-05-04 13:35:00,74.215,74.215,74.215,74.215,200
2026-05-04 13:45:00,74.26,74.26,74.22,74.22,959
2026-05-04 14:00:00,74.255,74.255,74.255,74.255,282
2026-05-04 14:05:00,74.26,74.26,74.26,74.26,100
2026-05-04 14:15:00,74.31,74.31,74.31,74.31,269
2026-05-04 14:20:00,74.22,74.22,74.19,74.19,1520
2026-05-04 14:25:00,74.15,74.15,74.15,74.15,110
2026-05-04 14:30:00,74.19,74.19,74.19,74.19,406
2026-05-04 14:40:00,74.09,74.09,74.09,74.09,350
2026-05-04 14:50:00,74.12,74.12,74.08,74.08,1300
2026-05-04 15:00:00,74.135,74.135,74.135,74.135,133
2026-05-04 15:05:00,74.14,74.14,74.14,74.14,150
2026-05-04 15:10:00,74.2216,74.2216,74.2216,74.2216,3651
2026-05-04 15:15:00,74.195,74.1975,74.195,74.1975,254
2026-05-04 15:20:00,74.2209,74.2209,74.2209,74.2209,2741
2026-05-04 15:25:00,74.15,74.15,74.15,74.15,242
2026-05-04 15:30:00,74.165,74.2076,74.165,74.2076,5248
2026-05-04 15:35:00,74.22,74.22,74.15,74.15,327
2026-05-04 15:40:00,74.16,74.16,74.16,74.16,200
2026-05-04 15:45:00,74.22,74.22,74.22,74.22,164
2026-05-04 15:50:00,74.17,74.2499,74.17,74.2499,3490
2026-05-04 15:55:00,74.25,74.25,74.175,74.175,679
2026-05-04 16:00:00,74.22,74.22,74.22,74.22,217
2026-05-05 09:30:00,74.76,74.76,74.76,74.76,577
2026-05-05 09:45:00,74.77,74.79,74.77,74.79,568
2026-05-05 09:55:00,74.805,74.805,74.805,74.805,303
2026-05-05 10:00:00,74.805,74.8575,74.805,74.8575,294
2026-05-05 10:05:00,74.82,74.82,74.82,74.82,400
2026-05-05 10:10:00,74.88,74.88,74.76,74.775,1299
2026-05-05 10:15:00,74.72,74.72,74.71,74.71,1323
2026-05-05 10:20:00,74.735,74.735,74.735,74.735,378
2026-05-05 10:30:00,74.79,74.79,74.79,74.79,100
2026-05-05 10:35:00,74.79,74.79,74.79,74.79,180
2026-05-05 10:55:00,74.7905,74.7905,74.7905,74.7905,350
2026-05-05 11:10:00,74.8905,74.8905,74.885,74.885,1487
2026-05-05 11:20:00,74.83,74.83,74.83,74.83,100
2026-05-05 11:25:00,74.8201,74.8201,74.8201,74.8201,7629
2026-05-05 11:40:00,74.86,74.86,74.86,74.86,253
2026-05-05 11:45:00,74.89,74.89,74.89,74.89,5647
2026-05-05 11:50:00,74.84,74.84,74.84,74.84,100
2026-05-05 11:55:00,74.9299,74.9299,74.9299,74.9299,4081
2026-05-05 12:00:00,74.88,74.88,74.88,74.88,200
2026-05-05 12:25:00,74.89,74.9,74.89,74.9,550
2026-05-05 12:30:00,74.9262,74.9262,74.9262,74.9262,115
2026-05-05 12:35:00,74.91,74.96,74.91,74.96,292
2026-05-05 12:40:00,74.92,74.9705,74.92,74.94,2942
2026-05-05 12:50:00,74.89,74.89,74.89,74.89,100
2026-05-05 12:55:00,74.88,74.93,74.88,74.93,485
2026-05-05 13:05:00,74.89,74.91,74.89,74.91,343
2026-05-05 13:20:00,74.91,74.91,74.86,74.86,204
2026-05-05 13:30:00,74.935,74.935,74.935,74.935,162
2026-05-05 13:40:00,74.91,74.91,74.91,74.91,100
2026-05-05 13:50:00,74.955,74.955,74.955,74.955,760
2026-05-05 13:55:00,74.9621,74.9621,74.9621,74.9621,155
2026-05-05 14:00:00,74.91,74.91,74.91,74.91,100
2026-05-05 14:05:00,74.9278,74.9278,74.9278,74.9278,1860
2026-05-05 14:10:00,74.95,74.95,74.95,74.95,333
2026-05-05 14:30:00,74.9973,74.9973,74.9324,74.9324,6320
2026-05-05 14:35:00,74.96,74.96,74.96,74.96,200
2026-05-05 14:40:00,74.93,74.965,74.93,74.965,1174
2026-05-05 14:45:00,74.93,74.93,74.93,74.93,184
2026-05-05 14:55:00,74.96,74.96,74.9301,74.9301,3391
2026-05-05 15:00:00,74.9999,74.9999,74.97,74.97,3153
2026-05-05 15:20:00,74.99,75.005,74.97,75.005,1787
2026-05-05 15:25:00,74.96,75.005,74.96,75.005,401
2026-05-05 15:30:00,75,75,75,75,524
2026-05-05 15:35:00,74.99,75.05,74.99,74.99,2425
2026-05-05 15:40:00,74.995,75.05,74.995,74.995,612
2026-05-05 15:45:00,75.0239,75.0239,74.96,74.96,721
2026-05-05 15:50:00,74.94,74.94,74.88,74.91,500
2026-05-05 15:55:00,74.92,74.92,74.92,74.92,147
2026-05-05 16:00:00,74.95,74.95,74.95,74.95,422
2026-05-06 09:30:00,75.5,75.5,75.5,75.5,770
2026-05-06 09:35:00,75.6499,75.6499,75.6499,75.6499,1890
2026-05-06 09:40:00,75.47,75.47,75.47,75.47,500
2026-05-06 09:45:00,75.51,75.51,75.51,75.51,127
2026-05-06 09:50:00,75.4899,75.4899,75.4899,75.4899,222
2026-05-06 10:05:00,75.4786,75.4786,75.4786,75.4786,1071
2026-05-06 10:15:00,75.54,75.5599,75.54,75.5599,200
2026-05-06 10:25:00,75.594,75.594,75.594,75.594,100
2026-05-06 10:30:00,75.57,75.62,75.57,75.62,1220
2026-05-06 10:35:00,75.666,75.666,75.666,75.666,236
2026-05-06 10:40:00,75.75,75.75,75.75,75.75,100
2026-05-06 10:45:00,75.74,75.7799,75.74,75.74,483
2026-05-06 10:55:00,75.77,75.793,75.77,75.793,581
2026-05-06 11:00:00,75.82,75.82,75.82,75.82,236
2026-05-06 11:05:00,75.8696,75.8696,75.8696,75.8696,135
2026-05-06 11:15:00,75.77,75.77,75.77,75.77,100
2026-05-06 11:25:00,75.84,75.84,75.84,75.84,210
2026-05-06 11:30:00,75.83,75.83,75.83,75.83,212
2026-05-06 11:40:00,75.76,75.76,75.74,75.75,500
2026-05-06 11:45:00,75.74,75.74,75.74,75.74,100
2026-05-06 11:50:00,75.755,75.755,75.755,75.755,429
2026-05-06 11:55:00,75.79,75.79,75.79,75.79,100
2026-05-06 12:10:00,75.77,75.77,75.768,75.768,372
2026-05-06 12:20:00,75.78,75.78,75.78,75.78,24159
2026-05-06 12:25:00,75.79,75.79,75.79,75.79,1779
2026-05-06 12:30:00,75.785,75.785,75.785,75.785,321
2026-05-06 12:35:00,75.77,75.785,75.77,75.785,379
2026-05-06 12:40:00,75.75,75.765,75.75,75.7571,459
2026-05-06 12:45:00,75.71,75.71,75.7,75.7,1451
2026-05-06 12:50:00,75.71,75.7399,75.71,75.7399,525
2026-05-06 12:55:00,75.71,75.72,75.68,75.68,12254
2026-05-06 13:15:00,75.74,75.74,75.74,75.74,100
2026-05-06 13:30:00,75.75,75.75,75.75,75.75,131
2026-05-06 13:40:00,75.755,75.755,75.75,75.75,825
2026-05-06 14:00:00,75.79,75.79,75.79,75.79,900
2026-05-06 14:10:00,75.825,75.825,75.825,75.825,909
2026-05-06 14:15:00,75.86,75.86,75.86,75.86,100
2026-05-06 14:20:00,75.9099,75.9099,75.9099,75.9099,142
2026-05-06 14:25:00,75.88,75.88,75.85,75.85,371
2026-05-06 14:30:00,75.875,75.875,75.86,75.86,283
2026-05-06 14:50:00,75.87,75.88,75.845,75.88,1315
2026-05-06 14:55:00,75.8627,75.8627,75.8489,75.8489,410
2026-05-06 15:05:00,75.89,75.9,75.8,75.89,4705
2026-05-06 15:10:00,75.935,75.935,75.935,75.935,131
2026-05-06 15:15:00,75.89,75.94,75.89,75.92,2124
2026-05-06 15:20:00,75.92,75.955,75.92,75.955,402
2026-05-06 15:25:00,75.94,75.9564,75.94,75.9564,243
2026-05-06 15:30:00,75.95,75.95,75.95,75.95,100
2026-05-06 15:35:00,75.97,75.97,75.97,75.97,300
2026-05-06 15:40:00,75.95,75.97,75.95,75.97,855
2026-05-06 15:45:00,75.93,75.96,75.93,75.96,1500
2026-05-06 15:50:00,75.98,76.1,75.96,76,4232
2026-05-06 15:55:00,76.04,76.05,75.99,76.01,5318
2026-05-06 16:00:00,76.03,76.03,76.03,76.03,44660
2026-05-07 09:30:00,76.23,76.23,76.23,76.23,1431
2026-05-07 09:45:00,75.875,75.875,75.87,75.87,479
2026-05-07 10:10:00,75.88,75.88,75.88,75.88,100
2026-05-07 10:25:00,75.9,75.9,75.9,75.9,2314
2026-05-07 10:45:00,75.95,75.95,75.921,75.9457,1276
2026-05-07 10:50:00,75.9899,76.005,75.9899,76.005,311
2026-05-07 11:05:00,76.0431,76.0431,76.0431,76.0431,130
2026-05-07 11:30:00,76.02,76.04,76.02,76.04,309
2026-05-07 11:45:00,76.015,76.015,76.015,76.015,437
2026-05-07 11:55:00,75.955,75.955,75.9,75.9,5855
2026-05-07 12:00:00,75.8699,75.8699,75.8699,75.8699,419
2026-05-07 12:55:00,75.6692,75.6692,75.6692,75.6692,800
2026-05-07 13:30:00,75.515,75.515,75.48,75.48,238
2026-05-07 13:35:00,75.58,75.58,75.58,75.58,240
2026-05-07 13:40:00,75.6096,75.6096,75.6096,75.6096,298
2026-05-07 13:50:00,75.5096,75.5096,75.49,75.49,675
2026-05-07 13:55:00,75.51,75.51,75.51,75.51,200
2026-05-07 14:10:00,75.59,75.59,75.59,75.59,687
2026-05-07 14:30:00,75.6299,75.6299,75.6299,75.6299,100
2026-05-07 14:40:00,75.535,75.535,75.535,75.535,139
2026-05-07 14:45:00,75.483,75.483,75.483,75.483,350
2026-05-07 14:55:00,75.49,75.49,75.48,75.48,857
2026-05-07 15:00:00,75.48,75.48,75.4751,75.4751,434
2026-05-07 15:10:00,75.56,75.56,75.546,75.546,293
2026-05-07 15:30:00,75.4976,75.4976,75.4976,75.4976,830
2026-05-07 15:35:00,75.53,75.53,75.53,75.53,366
2026-05-07 15:40:00,75.5595,75.56,75.5595,75.56,644
2026-05-07 15:50:00,75.56,75.583,75.51,75.51,1486
2026-05-07 15:55:00,75.51,75.595,75.48,75.595,1571
2026-05-07 16:00:00,76.05,76.05,76.05,76.05,488
2026-05-08 09:30:00,76.2,76.2,76.2,76.2,839
2026-05-08 09:35:00,76.05,76.07,76.05,76.05,9355
2026-05-08 09:40:00,76.115,76.115,76.115,76.115,129
2026-05-08 09:45:00,76.22,76.23,76.21,76.22,4410
2026-05-08 09:55:00,76.339,76.339,76.339,76.339,130
2026-05-08 10:00:00,76.2803,76.325,76.2803,76.325,1525
2026-05-08 10:05:00,76.3305,76.3305,76.3305,76.3305,241
2026-05-08 10:10:00,76.23,76.23,76.23,76.23,102
2026-05-08 10:15:00,76.24,76.24,76.24,76.24,100
2026-05-08 10:25:00,76.27,76.27,76.27,76.27,100
2026-05-08 10:35:00,76.18,76.18,76.18,76.18,102
2026-05-08 10:45:00,76.315,76.315,76.315,76.315,119
2026-05-08 10:50:00,76.29,76.29,76.29,76.29,300
2026-05-08 10:55:00,76.2855,76.2855,76.27,76.27,268
2026-05-08 11:00:00,76.2401,76.2401,76.2401,76.2401,1032
2026-05-08 11:25:00,76.165,76.165,76.155,76.155,218
2026-05-08 11:30:00,76.15,76.155,76.15,76.155,540
2026-05-08 11:35:00,76.22,76.23,76.22,76.23,13213
2026-05-08 11:40:00,76.22,76.22,76.22,76.22,100
2026-05-08 11:50:00,76.18,76.18,76.18,76.18,200
2026-05-08 11:55:00,76.1502,76.1502,76.1502,76.1502,169
2026-05-08 12:00:00,76.17,76.2081,76.17,76.2081,1342
2026-05-08 12:05:00,76.1999,76.1999,76.1999,76.1999,176
2026-05-08 12:25:00,76.2,76.2,76.1901,76.1901,742
2026-05-08 12:40:00,76.189,76.189,76.189,76.189,1022
2026-05-08 12:45:00,76.168,76.168,76.168,76.168,102
2026-05-08 12:50:00,76.14,76.14,76.14,76.14,100
2026-05-08 12:55:00,76.132,76.132,76.132,76.132,471
2026-05-08 13:00:00,76.11,76.1453,76.11,76.1453,2188
2026-05-08 13:05:00,76.13,76.13,76.1198,76.12,3170
2026-05-08 13:10:00,76.1132,76.1132,76.1132,76.1132,131
2026-05-08 13:15:00,76.14,76.1498,76.14,76.1498,3929
2026-05-08 13:20:00,76.175,76.175,76.17,76.17,251
2026-05-08 13:25:00,76.2,76.2,76.19,76.19,4697
2026-05-08 13:30:00,76.18,76.18,76.18,76.18,1786
2026-05-08 13:45:00,76.17,76.17,76.1598,76.1598,1994
2026-05-08 13:55:00,76.1665,76.1665,76.1665,76.1665,367
2026-05-08 14:00:00,76.17,76.21,76.17,76.21,2050
2026-05-08 14:05:00,76.1701,76.2,76.1701,76.2,481
2026-05-08 14:10:00,76.2125,76.2125,76.2125,76.2125,265
2026-05-08 14:15:00,76.21,76.2298,76.21,76.2298,327
2026-05-08 14:20:00,76.2075,76.2075,76.2075,76.2075,135
2026-05-08 14:30:00,76.2299,76.2299,76.185,76.185,1307
2026-05-08 14:35:00,76.1401,76.17,76.1401,76.17,1522
2026-05-08 14:40:00,76.17,76.17,76.142,76.142,3663
2026-05-08 14:50:00,76.05,76.06,76.05,76.05,1003
2026-05-08 14:55:00,76.04,76.04,76.04,76.04,105
2026-05-08 15:00:00,76.1028,76.1028,76.1028,76.1028,294
2026-05-08 15:05:00,76.0975,76.1225,76.0975,76.1225,608
2026-05-08 15:15:00,76.13,76.13,76.13,76.13,375
2026-05-08 15:20:00,76.15,76.15,76.13,76.13,10573
2026-05-08 15:30:00,76.11,76.11,76.11,76.11,100
2026-05-08 15:35:00,76.12,76.12,76.11,76.11,405
2026-05-08 15:40:00,76.125,76.125,76.125,76.125,625
2026-05-08 15:45:00,76.125,76.125,76.125,76.125,2073
2026-05-08 15:50:00,76.07,76.07,76.07,76.07,122
2026-05-08 15:55:00,76.11,76.19,76.11,76.19,15606
2026-05-08 16:00:00,76.16,76.16,76.16,76.16,467
2026-05-11 09:30:00,75.91,76.1315,75.91,76.1315,979
2026-05-11 10:00:00,76.3799,76.3799,76.3799,76.3799,110
2026-05-11 10:05:00,76.33,76.33,76.24,76.28,31514
2026-05-11 10:10:00,76.4199,76.4199,76.4199,76.4199,750
2026-05-11 10:30:00,76.2388,76.2388,76.2388,76.2388,599
2026-05-11 10:35:00,76.348,76.348,76.348,76.348,127
2026-05-11 11:00:00,76.424,76.424,76.424,76.424,1370
2026-05-11 11:25:00,76.4206,76.434,76.42,76.434,616
2026-05-11 11:35:00,76.455,76.455,76.455,76.455,100
2026-05-11 11:45:00,76.435,76.435,76.435,76.435,317
2026-05-11 11:50:00,76.3915,76.3915,76.3915,76.3915,1464
2026-05-11 12:20:00,76.3712,76.3712,76.3712,76.3712,210
2026-05-11 12:25:00,76.43,76.43,76.43,76.43,1530
2026-05-11 12:55:00,76.315,76.36,76.315,76.36,276
2026-05-11 13:10:00,76.29,76.32,76.29,76.32,958
2026-05-11 13:20:00,76.35,76.35,76.35,76.35,100
2026-05-11 13:25:00,76.355,76.39,76.355,76.39,785
2026-05-11 13:30:00,76.39,76.4,76.385,76.4,3049
2026-05-11 13:35:00,76.41,76.41,76.41,76.41,100
2026-05-11 13:45:00,76.42,76.42,76.42,76.42,243
2026-05-11 13:50:00,76.43,76.43,76.205,76.205,865
2026-05-11 13:55:00,76.375,76.38,76.375,76.38,302
2026-05-11 14:10:00,76.39,76.39,76.386,76.386,455
2026-05-11 14:15:00,76.39,76.39,76.39,76.39,505
2026-05-11 14:20:00,76.365,76.3732,76.365,76.3732,502
2026-05-11 14:30:00,76.34,76.34,76.34,76.34,500
2026-05-11 14:50:00,76.265,76.265,76.265,76.265,166
2026-05-11 14:55:00,76.265,76.265,76.265,76.265,242
2026-05-11 15:05:00,76.2153,76.2153,76.2153,76.2153,354
2026-05-11 15:10:00,76.17,76.17,76.17,76.17,261
2026-05-11 15:20:00,76.1631,76.2185,76.1631,76.2185,313
2026-05-11 15:30:00,76.225,76.225,76.22,76.22,236
2026-05-11 15:35:00,76.225,76.225,76.225,76.225,100
2026-05-11 15:40:00,76.26,76.26,76.19,76.19,7437
2026-05-11 15:45:00,76.215,76.215,76.205,76.205,1978
2026-05-11 15:50:00,76.22,76.22,76.22,76.22,526
2026-05-11 15:55:00,76.235,76.32,76.235,76.32,4037
2026-05-11 16:00:00,76.27,76.27,76.27,76.27,127
2026-05-12 09:30:00,75.96,76.11,75.875,75.875,2229
2026-05-12 10:00:00,75.8106,75.8106,75.8106,75.8106,558
2026-05-12 10:10:00,75.8,75.8,75.8,75.8,220
2026-05-12 10:15:00,75.9,75.92,75.9,75.92,205
2026-05-12 10:25:00,75.825,75.825,75.825,75.825,100
2026-05-12 10:30:00,75.7,75.7,75.7,75.7,300
2026-05-12 10:35:00,75.73,75.73,75.73,75.73,100
2026-05-12 10:40:00,75.7999,75.7999,75.7999,75.7999,210
2026-05-12 10:45:00,75.735,75.735,75.735,75.735,527
2026-05-12 10:50:00,75.71,75.71,75.7,75.7,236
2026-05-12 11:05:00,75.7,75.7,75.675,75.675,255
2026-05-12 11:10:00,75.7098,75.7098,75.7098,75.7098,729
2026-05-12 11:15:00,75.575,75.575,75.575,75.575,155
2026-05-12 11:20:00,75.61,75.61,75.5584,75.5584,405
2026-05-12 11:25:00,75.53,75.53,75.53,75.53,220
2026-05-12 11:35:00,75.555,75.555,75.555,75.555,198
2026-05-12 11:55:00,75.63,75.63,75.58,75.58,417
2026-05-12 12:00:00,75.54,75.595,75.54,75.595,1446
2026-05-12 12:05:00,75.53,75.6199,75.53,75.575,652
2026-05-12 12:10:00,75.62,75.62,75.56,75.6,1770
2026-05-12 12:20:00,75.62,75.62,75.62,75.62,400
2026-05-12 12:25:00,75.6,75.6,75.6,75.6,100
2026-05-12 12:35:00,75.61,75.61,75.61,75.61,1940
2026-05-12 12:40:00,75.58,75.58,75.58,75.58,200
2026-05-12 12:45:00,75.545,75.545,75.545,75.545,309
2026-05-12 12:55:00,75.5683,75.5683,75.5683,75.5683,251
2026-05-12 13:00:00,75.63,75.63,75.63,75.63,100
2026-05-12 13:05:00,75.66,75.66,75.66,75.66,800
2026-05-12 13:10:00,75.6683,75.6683,75.665,75.665,509
2026-05-12 13:20:00,75.8,75.8,75.8,75.8,100
2026-05-12 13:25:00,75.8,75.83,75.8,75.83,811
2026-05-12 13:45:00,75.8351,75.8651,75.8351,75.8651,3388
2026-05-12 14:00:00,75.89,75.89,75.89,75.89,100
2026-05-12 14:15:00,75.87,75.87,75.87,75.87,2906
2026-05-12 14:20:00,75.9379,75.9379,75.9379,75.9379,350
2026-05-12 14:25:00,76.01,76.01,76.01,76.01,239
2026-05-12 14:30:00,76.04,76.04,76.04,76.04,233
2026-05-12 14:35:00,76.02,76.02,75.99,75.99,300
2026-05-12 14:40:00,75.99,75.99,75.99,75.99,140
2026-05-12 14:45:00,75.96,75.96,75.96,75.96,1300
2026-05-12 14:50:00,76.01,76.01,76.01,76.01,100
2026-05-12 14:55:00,75.995,75.995,75.995,75.995,347
2026-05-12 15:05:00,76.04,76.09,76.04,76.09,3485
2026-05-12 15:10:00,76.075,76.075,76.075,76.075,130
2026-05-12 15:20:00,76.09,76.13,76.09,76.13,300
2026-05-12 15:40:00,76.175,76.2199,76.175,76.2199,817
2026-05-12 15:45:00,76.175,76.175,76.175,76.175,102
2026-05-12 15:50:00,76.2,76.26,76.2,76.26,265
2026-05-12 15:55:00,76.195,76.195,76.17,76.17,300
2026-05-12 16:00:00,76.21,76.21,76.21,76.21,288
2026-05-13 09:30:00,76.2,76.2,76.2,76.2,1310
2026-05-13 09:50:00,76.1,76.1,76.1,76.1,210
2026-05-13 09:55:00,76.1289,76.1289,76.1289,76.1289,130
2026-05-13 10:05:00,76.0906,76.0906,76.0906,76.0906,1346
2026-05-13 10:10:00,76.1059,76.1059,76.1059,76.1059,600
2026-05-13 10:15:00,76.165,76.165,76.165,76.165,210
2026-05-13 10:20:00,76.225,76.225,76.225,76.225,238
2026-05-13 10:30:00,76.33,76.33,76.28,76.28,209
2026-05-13 10:40:00,76.275,76.275,76.275,76.275,213
2026-05-13 10:45:00,76.3,76.3,76.2895,76.2895,315
2026-05-13 10:50:00,76.34,76.34,76.34,76.34,100
2026-05-13 11:00:00,76.3403,76.35,76.3,76.35,428
2026-05-13 11:05:00,76.34,76.34,76.34,76.34,496
2026-05-13 11:15:00,76.36,76.36,76.345,76.345,1162
2026-05-13 11:35:00,76.44,76.4601,76.44,76.4601,373
2026-05-13 11:40:00,76.5,76.5,76.5,76.5,532
2026-05-13 11:45:00,76.515,76.515,76.51,76.515,5246
2026-05-13 11:50:00,76.51,76.51,76.48,76.495,701
2026-05-13 12:00:00,76.56,76.56,76.56,76.56,100
2026-05-13 12:05:00,76.515,76.515,76.515,76.515,292
2026-05-13 12:15:00,76.6,76.6,76.575,76.575,217
2026-05-13 12:20:00,76.65,76.65,76.65,76.65,100
2026-05-13 12:40:00,76.7254,76.7254,76.7254,76.7254,676
2026-05-13 12:45:00,76.67,76.67,76.67,76.67,1311
2026-05-13 12:50:00,76.7,76.7,76.7,76.7,124
2026-05-13 12:55:00,76.73,76.73,76.73,76.73,200
2026-05-13 13:15:00,76.8,76.8,76.8,76.8,325
2026-05-13 13:25:00,76.86,76.86,76.835,76.835,1802
2026-05-13 13:35:00,76.86,76.86,76.86,76.86,100
2026-05-13 13:45:00,76.8899,76.8899,76.8899,76.8899,276
2026-05-13 13:50:00,76.855,76.855,76.855,76.855,147
2026-05-13 13:55:00,76.835,76.835,76.835,76.835,373
2026-05-13 14:05:00,76.87,76.87,76.87,76.87,200
2026-05-13 14:10:00,76.92,76.92,76.92,76.92,100
2026-05-13 14:20:00,76.955,76.955,76.955,76.955,164
2026-05-13 14:35:00,76.92,76.92,76.885,76.885,200
2026-05-13 14:40:00,76.885,76.885,76.85,76.85,516
2026-05-13 14:45:00,76.9,76.9,76.855,76.855,820
2026-05-13 14:50:00,76.8999,76.8999,76.8999,76.8999,4042
2026-05-13 14:55:00,76.82,76.82,76.82,76.82,200
2026-05-13 15:00:00,76.86,76.86,76.86,76.86,100
2026-05-13 15:10:00,76.88,76.88,76.88,76.88,137
2026-05-13 15:15:00,76.8655,76.8655,76.8655,76.8655,4460
2026-05-13 15:25:00,76.92,76.92,76.92,76.92,100
2026-05-13 15:30:00,76.939,76.939,76.88,76.88,382
2026-05-13 15:35:00,76.86,76.89,76.86,76.89,375
2026-05-13 15:40:00,76.9099,76.9099,76.9099,76.9099,1412
2026-05-13 15:45:00,76.9,76.93,76.8844,76.8844,4450
2026-05-13 15:50:00,76.95,76.96,76.79,76.81,9265
2026-05-13 15:55:00,76.8,76.88,76.8,76.86,8650
2026-05-13 16:00:00,76.97,76.97,76.97,76.97,29829
2026-05-14 09:30:00,77.13,77.13,77.13,77.13,1590
2026-05-14 09:35:00,77.25,77.25,77.25,77.25,230
2026-05-14 09:45:00,77.2851,77.2851,77.22,77.22,279
2026-05-14 09:50:00,77.24,77.24,77.24,77.24,221
2026-05-14 09:55:00,77.15,77.15,77.14,77.14,628
2026-05-14 10:00:00,77.1689,77.1689,77.1689,77.1689,765
2026-05-14 10:20:00,77.3,77.3,77.3,77.3,130
2026-05-14 10:25:00,77.21,77.21,77.21,77.21,1293
2026-05-14 10:35:00,77.245,77.27,77.245,77.27,371
2026-05-14 10:40:00,77.31,77.37,77.31,77.36,1141
2026-05-14 10:50:00,77.4,77.4,77.4,77.4,100
2026-05-14 10:55:00,77.3215,77.375,77.3215,77.375,1189
2026-05-14 11:00:00,77.44,77.44,77.43,77.43,1652
2026-05-14 11:05:00,77.4257,77.4257,77.4257,77.4257,143
2026-05-14 11:15:00,77.49,77.5499,77.46,77.5499,1776
2026-05-14 11:20:00,77.515,77.515,77.515,77.515,158
2026-05-14 11:45:00,77.5354,77.5354,77.5354,77.5354,116
2026-05-14 11:50:00,77.5888,77.5888,77.5888,77.5888,155
2026-05-14 11:55:00,77.6,77.64,77.575,77.64,3550
2026-05-14 12:15:00,77.605,77.65,77.605,77.65,550
2026-05-14 12:25:00,77.5501,77.5501,77.47,77.47,4199
2026-05-14 12:30:00,77.5012,77.5012,77.5012,77.5012,134
2026-05-14 12:35:00,77.49,77.49,77.45,77.45,229
2026-05-14 12:40:00,77.48,77.48,77.48,77.48,225
2026-05-14 12:50:00,77.43,77.43,77.43,77.43,129
2026-05-14 12:55:00,77.3911,77.45,77.3911,77.45,457
2026-05-14 13:00:00,77.455,77.5,77.455,77.5,325
2026-05-14 13:20:00,77.35,77.35,77.35,77.35,100
2026-05-14 13:30:00,77.37,77.4199,77.37,77.4199,302
2026-05-14 13:35:00,77.38,77.38,77.38,77.38,3228
2026-05-14 13:40:00,77.48,77.48,77.48,77.48,100
2026-05-14 13:45:00,77.49,77.49,77.44,77.44,1540
2026-05-14 13:55:00,77.515,77.515,77.515,77.515,134
2026-05-14 14:00:00,77.45,77.45,77.3412,77.385,3654
2026-05-14 14:05:00,77.38,77.38,77.38,77.38,28550
2026-05-14 14:10:00,77.48,77.48,77.48,77.48,100
2026-05-14 14:20:00,77.45,77.45,77.45,77.45,121
2026-05-14 14:25:00,77.45,77.45,77.41,77.41,2310
2026-05-14 14:30:00,77.463,77.463,77.463,77.463,142
2026-05-14 14:35:00,77.46,77.46,77.46,77.46,476
2026-05-14 14:40:00,77.44,77.44,77.44,77.44,324
2026-05-14 14:45:00,77.51,77.51,77.475,77.475,250
2026-05-14 14:50:00,77.44,77.44,77.44,77.44,1133
2026-05-14 14:55:00,77.53,77.53,77.53,77.53,360
2026-05-14 15:05:00,77.55,77.55,77.55,77.55,100
2026-05-14 15:10:00,77.56,77.56,77.56,77.56,100
2026-05-14 15:15:00,77.53,77.53,77.53,77.53,775
2026-05-14 15:30:00,77.56,77.57,77.4801,77.53,2151
2026-05-14 15:35:00,77.47,77.55,77.47,77.55,276
2026-05-14 15:45:00,77.53,77.53,77.48,77.48,1059
2026-05-14 15:55:00,77.5055,77.57,77.5055,77.55,3097
2026-05-14 16:00:00,77.55,77.55,77.55,77.55,522
2026-05-15 09:30:00,76.64,76.8814,76.64,76.71,19381
2026-05-15 09:35:00,76.55,76.55,76.55,76.55,100
2026-05-15 09:45:00,76.37,76.37,76.37,76.37,1940
2026-05-15 09:50:00,76.465,76.465,76.465,76.465,500
2026-05-15 09:55:00,76.52,76.52,76.505,76.505,12602
2026-05-15 10:05:00,76.51,76.59,76.5034,76.5501,2851
2026-05-15 10:10:00,76.565,76.63,76.565,76.63,514
2026-05-15 10:35:00,76.73,76.73,76.73,76.73,1196
2026-05-15 10:40:00,76.7026,76.7026,76.7026,76.7026,525
2026-05-15 10:45:00,76.72,76.72,76.67,76.67,464
2026-05-15 10:55:00,76.645,76.645,76.645,76.645,237
2026-05-15 11:00:00,76.6211,76.6211,76.6211,76.6211,225
2026-05-15 11:10:00,76.64,76.64,76.64,76.64,126106
2026-05-15 11:35:00,76.695,76.695,76.68,76.68,525
2026-05-15 11:40:00,76.6661,76.6661,76.6661,76.6661,105
2026-05-15 11:45:00,76.555,76.555,76.555,76.555,130
2026-05-15 12:05:00,76.52,76.5426,76.52,76.5426,325
2026-05-15 12:15:00,76.5899,76.5899,76.49,76.49,1300
2026-05-15 12:20:00,76.5595,76.5595,76.5595,76.5595,140
2026-05-15 12:25:00,76.6169,76.63,76.6169,76.63,561
2026-05-15 12:35:00,76.6479,76.6479,76.6479,76.6479,400
2026-05-15 12:40:00,76.7085,76.7085,76.6632,76.6632,409
2026-05-15 12:50:00,76.675,76.675,76.675,76.675,296
2026-05-15 13:20:00,76.73,76.735,76.73,76.735,395
2026-05-15 13:25:00,76.775,76.775,76.74,76.74,914
2026-05-15 13:30:00,76.765,76.765,76.76,76.76,846
2026-05-15 13:35:00,76.76,76.76,76.76,76.76,215
2026-05-15 13:40:00,76.66,76.74,76.66,76.74,468
2026-05-15 14:00:00,76.7895,76.7895,76.7895,76.7895,307
2026-05-15 14:05:00,76.815,76.815,76.815,76.815,700
2026-05-15 14:10:00,76.81,76.81,76.81,76.81,285
2026-05-15 14:25:00,76.7085,76.7085,76.69,76.69,793
2026-05-15 14:30:00,76.67,76.67,76.67,76.67,100
2026-05-15 14:35:00,76.61,76.65,76.59,76.65,534
2026-05-15 14:40:00,76.645,76.645,76.645,76.645,511
2026-05-15 14:45:00,76.59,76.59,76.59,76.59,3322
2026-05-15 14:55:00,76.7,76.715,76.695,76.695,2841
2026-05-15 15:00:00,76.6994,76.6994,76.64,76.64,666
2026-05-15 15:05:00,76.62,76.635,76.62,76.635,1094
2026-05-15 15:10:00,76.57,76.57,76.57,76.57,300
2026-05-15 15:15:00,76.56,76.56,76.56,76.56,300
2026-05-15 15:25:00,76.565,76.565,76.565,76.565,1250
2026-05-15 15:30:00,76.575,76.6,76.565,76.6,713
2026-05-15 15:40:00,76.54,76.54,76.53,76.53,327
2026-05-15 15:45:00,76.5499,76.5499,76.47,76.475,537
2026-05-15 15:55:00,76.44,76.44,76.395,76.395,200
2026-05-15 16:00:00,76.44,76.44,76.44,76.44,595
2026-05-18 09:30:00,76.54,76.54,76.4201,76.53,3310
2026-05-18 09:35:00,76.29,76.37,76.29,76.37,1516
2026-05-18 09:45:00,76.31,76.31,76.31,76.31,200
2026-05-18 10:05:00,76.2256,76.27,76.2256,76.27,1676
2026-05-18 10:10:00,76.33,76.33,76.33,76.33,600
2026-05-18 10:15:00,76.354,76.354,76.354,76.354,400
2026-05-18 10:20:00,76.38,76.39,76.27,76.29,1233
2026-05-18 10:25:00,76.33,76.34,76.26,76.26,3733
2026-05-18 10:35:00,76.04,76.04,76.04,76.04,100
2026-05-18 10:40:00,76.155,76.18,76.155,76.18,997
2026-05-18 10:45:00,76.13,76.13,76.13,76.13,100
2026-05-18 11:00:00,76.1553,76.1553,76.1553,76.1553,198
2026-05-18 11:05:00,76.0252,76.0252,76.0252,76.0252,101
2026-05-18 11:10:00,75.9793,76.025,75.9793,76.025,990
2026-05-18 11:15:00,75.965,75.965,75.965,75.965,200
2026-05-18 11:20:00,75.96,75.96,75.945,75.96,794
2026-05-18 11:30:00,75.85,75.9,75.81,75.9,3032
2026-05-18 11:35:00,75.995,75.995,75.99,75.99,826
2026-05-18 11:40:00,75.97,75.97,75.97,75.97,100
2026-05-18 11:50:00,75.915,75.915,75.915,75.915,130
2026-05-18 11:55:00,75.99,76.0299,75.956,75.956,602
2026-05-18 12:00:00,75.9499,75.9499,75.9499,75.9499,113
2026-05-18 12:05:00,75.93,75.93,75.93,75.93,100
2026-05-18 12:10:00,75.9378,75.98,75.9378,75.98,324
2026-05-18 12:20:00,76.09,76.12,76.09,76.12,400
2026-05-18 12:25:00,75.84,75.84,75.84,75.84,108
2026-05-18 12:30:00,75.75,75.75,75.745,75.745,320
2026-05-18 12:40:00,75.885,75.885,75.84,75.84,867
2026-05-18 12:45:00,75.8336,75.8336,75.8336,75.8336,260
2026-05-18 12:50:00,75.9,75.9,75.89,75.9,300
2026-05-18 13:00:00,75.9196,75.9196,75.9196,75.9196,248
2026-05-18 13:05:00,76.0105,76.0105,76.0105,76.0105,250
2026-05-18 13:15:00,76.04,76.07,76.04,76.07,614
2026-05-18 13:20:00,75.99,75.99,75.99,75.99,230
2026-05-18 13:30:00,76.0699,76.0699,76.0699,76.0699,176
2026-05-18 13:35:00,75.96,75.99,75.96,75.99,339
2026-05-18 13:40:00,75.97,75.97,75.97,75.97,641
2026-05-18 13:55:00,75.98,75.98,75.98,75.98,150
2026-05-18 14:05:00,75.81,75.81,75.81,75.81,1657
2026-05-18 14:15:00,75.75,75.75,75.75,75.75,100
2026-05-18 14:30:00,75.74,75.74,75.74,75.74,797
2026-05-18 14:35:00,75.73,75.73,75.715,75.715,435
2026-05-18 14:40:00,75.72,75.72,75.72,75.72,384
2026-05-18 14:45:00,75.7171,75.724,75.7171,75.724,469
2026-05-18 14:50:00,75.6451,75.69,75.6451,75.69,250
2026-05-18 14:55:00,75.66,75.66,75.66,75.66,328
2026-05-18 15:00:00,75.68,76.06,75.68,76.06,6739
2026-05-18 15:05:00,75.91,75.91,75.9,75.9,200
2026-05-18 15:10:00,75.88,75.88,75.88,75.88,257
2026-05-18 15:20:00,75.84,75.845,75.84,75.845,259
2026-05-18 15:25:00,75.82,75.82,75.82,75.82,100
2026-05-18 15:35:00,75.91,75.91,75.91,75.91,100
2026-05-18 15:40:00,76.045,76.045,76.045,76.045,239
2026-05-18 15:50:00,76.13,76.13,76.13,76.13,100
2026-05-18 15:55:00,76.06,76.17,76.06,76.12,19025
2026-05-18 16:00:00,76.11,76.11,76.11,76.11,142
2026-05-19 09:30:00,75.55,75.62,75.55,75.62,1316
2026-05-19 09:45:00,75.3615,75.47,75.33,75.47,1045
2026-05-19 09:50:00,75.4,75.4,75.4,75.4,232
2026-05-19 10:00:00,75.3995,75.3995,75.357,75.357,343
2026-05-19 10:25:00,75.3,75.3,75.3,75.3,132
2026-05-19 10:35:00,75.255,75.315,75.255,75.315,403
2026-05-19 10:50:00,75.1601,75.1601,75.1601,75.1601,111
2026-05-19 10:55:00,75.25,75.25,75.25,75.25,292
2026-05-19 11:00:00,75.355,75.36,75.355,75.3584,350
2026-05-19 11:20:00,75.36,75.36,75.36,75.36,331
2026-05-19 11:25:00,75.2901,75.2901,75.29,75.29,291
2026-05-19 11:35:00,75.36,75.375,75.36,75.375,406
2026-05-19 11:50:00,75.43,75.43,75.43,75.43,230
2026-05-19 12:10:00,75.29,75.29,75.29,75.29,121
2026-05-19 12:20:00,75.4604,75.4604,75.4604,75.4604,115
2026-05-19 12:25:00,75.4701,75.5671,75.4701,75.5671,656
2026-05-19 12:40:00,75.626,75.626,75.626,75.626,222
2026-05-19 13:10:00,75.805,75.805,75.805,75.805,100
2026-05-19 13:15:00,75.88,75.88,75.8403,75.8403,437
2026-05-19 13:20:00,75.9,75.9,75.9,75.9,1323
2026-05-19 13:30:00,75.846,75.846,75.846,75.846,475
2026-05-19 13:55:00,75.765,75.78,75.765,75.78,656
2026-05-19 14:05:00,75.82,75.82,75.82,75.82,184
2026-05-19 14:20:00,75.7,75.78,75.7,75.73,332
2026-05-19 14:25:00,75.77,75.77,75.77,75.77,100
2026-05-19 14:55:00,75.56,75.56,75.56,75.56,2179
2026-05-19 15:00:00,75.5799,75.5799,75.5799,75.5799,1158
2026-05-19 15:15:00,75.68,75.715,75.68,75.715,1207
2026-05-19 15:20:00,75.6584,75.6584,75.6584,75.6584,314
2026-05-19 15:30:00,75.62,75.63,75.57,75.57,400
2026-05-19 15:35:00,75.57,75.58,75.5516,75.57,506
2026-05-19 15:40:00,75.57,75.57,75.5048,75.54,2913
2026-05-19 15:45:00,75.5,75.53,75.5,75.53,1300
2026-05-19 15:50:00,75.49,75.52,75.41,75.41,2535
2026-05-19 15:55:00,75.375,75.53,75.375,75.52,3393
2026-05-19 19:50:00,75.71,75.71,75.71,75.71,122
2026-05-20 09:30:00,75.75,75.75,75.74,75.74,1001
2026-05-20 09:35:00,75.67,75.7688,75.67,75.7688,457
2026-05-20 10:00:00,75.666,75.666,75.666,75.666,171
2026-05-20 10:15:00,75.75,75.75,75.75,75.75,404
2026-05-20 10:20:00,76.035,76.06,76.035,76.06,416
2026-05-20 10:30:00,76.1201,76.1819,76.1201,76.1819,603
2026-05-20 10:35:00,76.0725,76.1104,76.0725,76.1104,989
2026-05-20 10:40:00,76.1,76.1,76.1,76.1,100
2026-05-20 10:45:00,76.1195,76.1195,76.075,76.075,736
2026-05-20 10:55:00,76.1727,76.1727,76.1727,76.1727,151
2026-05-20 11:05:00,76.156,76.156,76.135,76.135,1366
2026-05-20 11:15:00,76.31,76.48,76.31,76.48,1071
2026-05-20 11:20:00,76.3386,76.3386,76.3386,76.3386,139
2026-05-20 11:25:00,76.3047,76.3047,76.3047,76.3047,641
2026-05-20 11:35:00,76.2638,76.2638,76.2638,76.2638,205
2026-05-20 11:50:00,76.3587,76.3587,76.3587,76.3587,132
2026-05-20 11:55:00,76.29,76.29,76.29,76.29,100
2026-05-20 12:20:00,76.245,76.245,76.205,76.205,544
2026-05-20 12:30:00,76.21,76.21,76.21,76.21,100
2026-05-20 12:45:00,76.2641,76.27,76.2641,76.265,1499
2026-05-20 12:50:00,76.2,76.2,76.2,76.2,230
2026-05-20 13:05:00,76.2121,76.2121,76.2121,76.2121,182
2026-05-20 13:10:00,76.22,76.22,76.21,76.21,1817
2026-05-20 13:15:00,76.22,76.25,76.22,76.25,9500
2026-05-20 13:20:00,76.23,76.23,76.23,76.23,262
2026-05-20 13:30:00,76.255,76.255,76.255,76.255,481
2026-05-20 13:35:00,76.31,76.31,76.31,76.31,100
2026-05-20 13:40:00,76.2618,76.2618,76.2618,76.2618,771
2026-05-20 13:55:00,76.2096,76.2096,76.2096,76.2096,1878
2026-05-20 14:05:00,76.21,76.279,76.21,76.2493,2377
2026-05-20 14:10:00,76.2665,76.2665,76.2665,76.2665,103
2026-05-20 14:25:00,76.2,76.2327,76.2,76.2327,222
2026-05-20 14:30:00,76.27,76.27,76.27,76.27,384
2026-05-20 14:40:00,76.33,76.33,76.27,76.27,540
2026-05-20 14:45:00,76.28,76.28,76.28,76.28,219
2026-05-20 14:50:00,76.2501,76.275,76.2501,76.275,414
2026-05-20 14:55:00,76.308,76.308,76.308,76.308,297
2026-05-20 15:00:00,76.34,76.34,76.34,76.34,183
2026-05-20 15:10:00,76.29,76.34,76.29,76.34,3205
2026-05-20 15:15:00,76.305,76.305,76.305,76.305,132
2026-05-20 15:20:00,76.31,76.3426,76.31,76.3426,1220
2026-05-20 15:25:00,76.3383,76.3383,76.3,76.3,246
2026-05-20 15:35:00,76.42,76.42,76.42,76.42,100
2026-05-20 15:45:00,76.365,76.39,76.365,76.39,408
2026-05-20 15:55:00,76.45,76.45,76.45,76.45,131
2026-05-20 16:00:00,76.45,76.45,76.45,76.45,482
2026-05-21 09:30:00,76.02,76.11,76.02,76.11,896
2026-05-21 09:40:00,76.1016,76.1016,76.1016,76.1016,838
2026-05-21 09:45:00,76.135,76.135,76.135,76.135,175
2026-05-21 09:50:00,76.295,76.295,76.295,76.295,105
2026-05-21 09:55:00,76.3274,76.3274,76.3274,76.3274,2000
2026-05-21 10:00:00,76.3895,76.4,76.3895,76.4,548
2026-05-21 10:05:00,76.3576,76.3576,76.3576,76.3576,102
2026-05-21 10:10:00,76.365,76.365,76.28,76.32,500
2026-05-21 10:15:00,76.215,76.215,76.19,76.19,303
2026-05-21 10:20:00,76.165,76.165,76.165,76.165,100
2026-05-21 10:25:00,76.19,76.19,76.19,76.19,100
2026-05-21 10:30:00,76.27,76.29,76.24,76.24,1798
2026-05-21 10:35:00,76.225,76.245,76.225,76.245,479
2026-05-21 10:40:00,76.24,76.24,76.1353,76.1353,3672
2026-05-21 10:45:00,76.18,76.18,76.18,76.18,200
2026-05-21 10:50:00,76.16,76.19,76.14,76.16,773
2026-05-21 10:55:00,76.209,76.249,76.209,76.249,300
2026-05-21 11:00:00,76.28,76.28,76.205,76.205,3130
2026-05-21 11:05:00,76.155,76.16,76.11,76.11,315
2026-05-21 11:10:00,76.24,76.26,76.24,76.26,200
2026-05-21 11:15:00,76.26,76.26,76.23,76.23,300
2026-05-21 11:20:00,76.2001,76.2001,76.2001,76.2001,1955
2026-05-21 11:25:00,76.26,76.26,76.225,76.24,600
2026-05-21 11:30:00,76.21,76.21,76.12,76.12,925
2026-05-21 11:35:00,76.0619,76.125,76.0619,76.125,806
2026-05-21 11:40:00,76.185,76.24,76.185,76.23,1193
2026-05-21 11:45:00,76.3,76.3,76.3,76.3,200
2026-05-21 11:50:00,76.28,76.28,76.28,76.28,300
2026-05-21 11:55:00,76.28,76.28,76.265,76.28,382
2026-05-21 12:00:00,76.31,76.31,76.3,76.3,200
2026-05-21 12:05:00,76.339,76.34,76.31,76.31,684
2026-05-21 12:10:00,76.3392,76.3392,76.28,76.28,1267
2026-05-21 12:15:00,76.299,76.299,76.28,76.28,200
2026-05-21 12:20:00,76.24,76.24,76.24,76.24,400
2026-05-21 12:25:00,76.23,76.23,76.23,76.23,100
2026-05-21 12:30:00,76.23,76.24,76.213,76.24,733
2026-05-21 12:35:00,76.18,76.18,76.18,76.18,400
2026-05-21 12:40:00,76.17,76.22,76.17,76.22,209
2026-05-21 12:45:00,76.195,76.195,76.16,76.16,600
2026-05-21 12:50:00,76.15,76.19,76.15,76.19,550
2026-05-21 12:55:00,76.2,76.23,76.2,76.23,423
2026-05-21 13:00:00,76.215,76.215,76.215,76.215,152
2026-05-21 13:05:00,76.21,76.21,76.21,76.21,200
2026-05-21 13:10:00,76.42,76.42,76.32,76.32,500
2026-05-21 13:20:00,76.57,76.57,76.53,76.55,1120
2026-05-21 13:30:00,76.585,76.585,76.585,76.585,1500
2026-05-21 13:55:00,76.8589,76.8589,76.8589,76.8589,515
2026-05-21 14:00:00,76.805,76.805,76.78,76.78,1225
2026-05-21 14:10:00,76.7418,76.7418,76.69,76.69,1235
2026-05-21 14:15:00,76.68,76.68,76.68,76.68,100
2026-05-21 14:25:00,76.78,76.78,76.7325,76.74,2917
2026-05-21 14:45:00,76.655,76.655,76.6,76.6,300
2026-05-21 14:50:00,76.45,76.45,76.45,76.45,200
2026-05-21 14:55:00,76.39,76.39,76.39,76.39,107
2026-05-21 15:10:00,76.63,76.63,76.63,76.63,522
2026-05-21 15:15:00,76.65,76.7,76.65,76.655,1598
2026-05-21 15:20:00,76.6651,76.6651,76.6595,76.6595,637
2026-05-21 15:25:00,76.655,76.655,76.655,76.655,151
2026-05-21 15:30:00,76.66,76.6899,76.61,76.6899,1388
2026-05-21 15:40:00,76.655,76.655,76.625,76.625,945
2026-05-21 15:45:00,76.63,76.7047,76.63,76.7047,3347
2026-05-21 15:55:00,76.695,76.7,76.63,76.7,439
2026-05-21 16:00:00,76.69,76.69,76.69,76.69,100
2026-05-22 09:30:00,77.17,77.17,77.11,77.11,2043
2026-05-22 09:35:00,77.11,77.17,77.11,77.17,211
2026-05-22 09:40:00,77.09,77.09,77.09,77.09,100
2026-05-22 09:50:00,77.1327,77.1327,77.1327,77.1327,112
2026-05-22 10:00:00,77.0458,77.0458,77.0458,77.0458,1440
2026-05-22 10:10:00,77.09,77.09,77.09,77.09,100
2026-05-22 10:15:00,77.1,77.1,77.062,77.062,934
2026-05-22 10:25:00,77.0012,77.04,77.0012,77.04,215
2026-05-22 10:55:00,77.2294,77.2299,77.22,77.22,710
2026-05-22 11:00:00,77.22,77.22,77.22,77.22,110
2026-05-22 11:05:00,77.23,77.26,77.23,77.26,953
2026-05-22 11:10:00,77.23,77.23,77.23,77.23,162
2026-05-22 11:15:00,77.2597,77.27,77.2597,77.27,359
2026-05-22 11:25:00,77.255,77.33,77.255,77.313,1148
2026-05-22 11:40:00,77.31,77.31,77.31,77.31,524
2026-05-22 11:45:00,77.31,77.31,77.31,77.31,1039
2026-05-22 11:50:00,77.32,77.32,77.32,77.32,200
2026-05-22 11:55:00,77.31,77.31,77.31,77.31,2212
2026-05-22 12:00:00,77.32,77.32,77.2685,77.2685,536
2026-05-22 12:05:00,77.295,77.295,77.295,77.295,104
2026-05-22 12:10:00,77.3,77.3,77.3,77.3,100
2026-05-22 12:15:00,77.27,77.27,77.27,77.27,200
2026-05-22 12:20:00,77.22,77.28,77.22,77.28,540
2026-05-22 12:30:00,77.29,77.29,77.29,77.29,311
2026-05-22 12:50:00,77.2969,77.31,77.2969,77.31,1089
2026-05-22 12:55:00,77.27,77.27,77.27,77.27,129
2026-05-22 13:00:00,77.3,77.3,77.29,77.3,700
2026-05-22 13:15:00,77.32,77.32,77.25,77.25,862
2026-05-22 13:20:00,77.29,77.29,77.29,77.29,100
2026-05-22 13:25:00,77.39,77.39,77.36,77.37,2092
2026-05-22 13:30:00,77.425,77.425,77.425,77.425,361
2026-05-22 13:50:00,77.32,77.32,77.32,77.32,100
2026-05-22 14:00:00,77.2793,77.2793,77.2793,77.2793,1464
2026-05-22 14:05:00,77.2227,77.29,77.2227,77.29,2850
2026-05-22 14:25:00,77.27,77.27,77.27,77.27,727
2026-05-22 14:35:00,77.25,77.265,77.25,77.265,819
2026-05-22 14:40:00,77.29,77.29,77.27,77.27,775
2026-05-22 14:45:00,77.31,77.31,77.2401,77.2401,4059
2026-05-22 14:50:00,77.26,77.26,77.26,77.26,192
2026-05-22 15:00:00,77.29,77.29,77.16,77.16,474
2026-05-22 15:05:00,77.21,77.21,77.21,77.21,100
2026-05-22 15:15:00,77.17,77.2,77.17,77.2,1956
2026-05-22 15:20:00,77.2,77.2,77.2,77.2,104
2026-05-22 15:25:00,77.16,77.16,77.08,77.08,1621
2026-05-22 15:35:00,77.16,77.16,77.16,77.16,100
2026-05-22 15:40:00,77.0693,77.0903,77.0693,77.0903,608
2026-05-22 15:50:00,77.108,77.108,77.108,77.108,350
2026-05-22 15:55:00,77.12,77.15,77.12,77.135,700
2026-05-22 16:00:00,77.15,77.15,77.15,77.15,394