2026-04-02 13:10:00,25.28,25.2801,25.28,25.2801,524
2026-04-02 13:50:00,25.28,25.28,25.255,25.255,1990
2026-04-02 14:25:00,25.26,25.26,25.24,25.24,900
2026-04-07 10:40:00,25.32,25.32,25.2701,25.2701,411
2026-04-07 11:35:00,25.3,25.3,25.3,25.3,100
2026-04-07 12:55:00,25.2908,25.305,25.2908,25.305,741
2026-04-07 14:40:00,25.315,25.315,25.2913,25.2913,411
2026-04-08 10:35:00,25.61,25.61,25.56,25.5601,867
2026-04-08 12:20:00,25.59,25.59,25.59,25.59,1000
2026-04-08 14:50:00,25.5544,25.5544,25.5544,25.5544,136
2026-04-09 11:15:00,25.545,25.545,25.545,25.545,607
2026-04-09 12:30:00,25.63,25.63,25.61,25.61,304
2026-04-09 14:30:00,25.625,25.625,25.58,25.61,418
2026-04-09 15:15:00,25.57,25.5701,25.57,25.5701,368
2026-04-10 13:45:00,25.56,25.56,25.56,25.56,1000
2026-04-13 10:45:00,25.56,25.56,25.56,25.56,606
2026-04-13 13:45:00,25.6098,25.6098,25.585,25.585,721
2026-04-14 10:50:00,25.67,25.7,25.67,25.67,813
2026-04-14 13:20:00,25.72,25.72,25.6865,25.6865,513
2026-04-14 13:25:00,25.671,25.671,25.67,25.6701,700
2026-04-15 10:30:00,25.71,25.71,25.7099,25.7099,200
2026-04-15 11:30:00,25.6403,25.6403,25.6403,25.6403,240
2026-04-15 13:20:00,25.6671,25.6671,25.64,25.64,797
2026-04-15 14:55:00,25.64,25.6401,25.64,25.6401,348
2026-04-16 11:35:00,25.64,25.6548,25.64,25.6548,891
2026-04-16 13:50:00,25.635,25.635,25.635,25.635,1316
2026-04-16 14:55:00,25.64,25.64,25.64,25.64,259
2026-04-17 11:30:00,25.79,25.79,25.79,25.79,2048
2026-04-17 11:40:00,25.79,25.79,25.79,25.79,312
2026-04-17 13:20:00,25.7619,25.765,25.7619,25.765,534
2026-04-17 14:55:00,25.765,25.765,25.7401,25.7401,600
2026-04-20 11:35:00,25.75,25.75,25.75,25.75,300
2026-04-20 13:50:00,25.71,25.76,25.71,25.7466,2147
2026-04-20 14:35:00,25.7201,25.7201,25.7201,25.7201,210
2026-04-20 14:40:00,25.745,25.745,25.7214,25.745,917
2026-04-21 10:25:00,25.745,25.745,25.745,25.745,298
2026-04-21 11:50:00,25.71,25.71,25.71,25.71,354
2026-04-21 13:10:00,25.69,25.69,25.69,25.69,100
2026-04-21 13:35:00,25.67,25.69,25.67,25.69,563
2026-04-21 15:00:00,25.7,25.7,25.7,25.7,113
2026-04-21 15:15:00,25.72,25.73,25.72,25.73,1400