2026-04-22 09:30:00,113.87,113.87,113.87,113.87,113
2026-04-22 09:55:00,114.085,114.085,114.085,114.085,775
2026-04-22 10:20:00,114.2,114.2,114.2,114.2,125
2026-04-22 10:25:00,114.2301,114.2301,114.2301,114.2301,270
2026-04-22 10:40:00,114,114,114,114,100
2026-04-22 12:05:00,113.565,113.565,113.565,113.565,150
2026-04-22 12:15:00,113.65,113.65,113.65,113.65,200
2026-04-22 12:20:00,113.61,113.61,113.61,113.61,146
2026-04-22 12:30:00,113.56,113.56,113.56,113.56,216
2026-04-22 12:40:00,113.65,113.65,113.65,113.65,100
2026-04-22 12:45:00,113.645,113.645,113.5001,113.5001,306
2026-04-22 14:55:00,113.39,113.39,113.345,113.35,400
2026-04-22 15:35:00,113.3876,113.3876,113.3876,113.3876,100
2026-04-22 15:45:00,113.3,113.3,113.3,113.3,300
2026-04-22 15:55:00,113.58,113.58,113.58,113.58,400
2026-04-23 09:30:00,113.4,113.4,113.4,113.4,249
2026-04-23 10:00:00,112.573,112.573,112.573,112.573,600
2026-04-23 10:10:00,112.685,112.685,112.685,112.685,268
2026-04-23 10:20:00,112.64,112.64,112.64,112.64,311
2026-04-23 10:35:00,112.8036,112.8036,112.8036,112.8036,700
2026-04-23 10:40:00,112.8824,112.8824,112.8824,112.8824,100
2026-04-23 11:25:00,112.83,112.83,112.83,112.83,203
2026-04-23 11:55:00,112.476,112.476,112.476,112.476,342
2026-04-23 12:05:00,112.3432,112.3432,112.3432,112.3432,100
2026-04-23 12:50:00,112.346,112.346,112.2901,112.2901,314
2026-04-23 12:55:00,112.47,112.47,112.47,112.47,100
2026-04-23 13:00:00,112.35,112.35,112.35,112.35,100
2026-04-23 13:50:00,111.6599,111.6599,111.6599,111.6599,299
2026-04-23 14:00:00,111.965,111.965,111.89,111.89,360
2026-04-23 15:15:00,112.445,112.445,112.445,112.445,107
2026-04-23 15:25:00,112.49,112.49,112.49,112.49,141
2026-04-23 15:35:00,112.3,112.355,112.3,112.355,700
2026-04-23 15:40:00,112.3451,112.3451,112.3451,112.3451,151
2026-04-24 09:30:00,112.88,112.88,112.88,112.88,146
2026-04-24 10:10:00,112.14,112.14,112.14,112.14,100
2026-04-24 10:15:00,112.0718,112.0718,112.0718,112.0718,530
2026-04-24 10:20:00,112.1622,112.1622,112.1622,112.1622,166
2026-04-24 10:35:00,112.37,112.37,112.37,112.37,100
2026-04-24 10:50:00,111.7501,111.7501,111.7501,111.7501,105
2026-04-24 11:00:00,111.52,111.52,111.4901,111.4901,1987
2026-04-24 11:05:00,111.64,111.64,111.64,111.64,275
2026-04-24 11:15:00,111.514,111.625,111.514,111.625,363
2026-04-24 11:20:00,111.69,111.75,111.67,111.75,400
2026-04-24 11:45:00,112.215,112.22,112.21,112.22,1400
2026-04-24 11:55:00,112.22,112.22,112.22,112.22,386
2026-04-24 12:05:00,112.13,112.13,112.13,112.13,100
2026-04-24 12:25:00,112.1582,112.195,112.0801,112.0801,1356
2026-04-24 12:30:00,112.185,112.185,112.185,112.185,268
2026-04-24 12:35:00,112.2,112.2,112.2,112.2,300
2026-04-24 13:00:00,112.23,112.23,112.225,112.225,312
2026-04-24 13:10:00,112.2,112.2,112.2,112.2,196
2026-04-24 13:20:00,112.3,112.3,112.3,112.3,100
2026-04-24 13:25:00,112.17,112.17,112.17,112.17,136
2026-04-24 13:55:00,112.2524,112.2524,112.2524,112.2524,220
2026-04-24 14:05:00,112.46,112.46,112.46,112.46,135
2026-04-24 14:15:00,112.19,112.285,112.19,112.285,451
2026-04-24 14:35:00,112.195,112.195,112.195,112.195,160
2026-04-24 14:40:00,112.39,112.39,112.225,112.225,393
2026-04-24 15:10:00,112.44,112.44,112.44,112.44,355
2026-04-24 15:30:00,112.435,112.435,112.435,112.435,300
2026-04-24 15:40:00,112.455,112.455,112.455,112.455,170
2026-04-24 15:55:00,112.5,112.5,112.5,112.5,300
2026-04-27 09:30:00,112.99,112.99,112.99,112.99,373
2026-04-27 09:35:00,113.77,113.77,113.77,113.77,139
2026-04-27 09:45:00,114.04,114.04,114.04,114.04,100
2026-04-27 10:35:00,114.1413,114.1413,114.1413,114.1413,300
2026-04-27 10:45:00,114.1,114.1,114.1,114.1,150
2026-04-27 10:55:00,114.125,114.125,114.125,114.125,106
2026-04-27 11:05:00,113.94,113.94,113.9001,113.9001,252
2026-04-27 11:15:00,113.95,113.95,113.95,113.95,100
2026-04-27 11:25:00,113.8622,113.8622,113.8622,113.8622,282
2026-04-27 12:05:00,113.91,113.92,113.91,113.91,400
2026-04-27 12:10:00,113.92,113.92,113.9,113.9,965
2026-04-27 12:15:00,113.9007,113.9007,113.9,113.9,50300
2026-04-27 12:25:00,113.93,113.93,113.93,113.93,140
2026-04-27 12:30:00,113.83,113.9,113.83,113.9,3046
2026-04-27 12:35:00,113.9,113.913,113.9,113.9,24641
2026-04-27 12:50:00,113.8399,113.8399,113.8399,113.8399,100
2026-04-27 13:10:00,113.6569,113.6569,113.6569,113.6569,101
2026-04-27 13:15:00,113.6,113.6,113.6,113.6,150
2026-04-27 13:20:00,113.52,113.52,113.52,113.52,100
2026-04-27 13:45:00,113.4311,113.4311,113.41,113.41,200
2026-04-27 14:00:00,113.4,113.4038,113.4,113.4038,202
2026-04-27 14:25:00,113.465,113.465,113.465,113.465,570
2026-04-27 14:45:00,113.34,113.34,113.34,113.34,100
2026-04-27 15:00:00,113.3898,113.3898,113.3898,113.3898,120
2026-04-27 15:20:00,113.34,113.34,113.34,113.34,100
2026-04-27 15:40:00,113.585,113.585,113.585,113.585,100
2026-04-27 15:45:00,113.71,113.71,113.71,113.71,300
2026-04-27 15:50:00,113.55,113.55,113.47,113.47,249
2026-04-27 15:55:00,113.625,113.625,113.625,113.625,157
2026-04-28 09:30:00,113.89,113.89,113.8689,113.8689,635
2026-04-28 09:40:00,113.34,113.34,113.34,113.34,200
2026-04-28 09:45:00,113.33,113.33,113.33,113.33,472
2026-04-28 09:50:00,113.15,113.15,113.15,113.15,150
2026-04-28 09:55:00,113.1431,113.1431,113.1431,113.1431,100
2026-04-28 10:20:00,112.97,112.97,112.97,112.97,109
2026-04-28 10:25:00,112.91,112.91,112.91,112.91,100
2026-04-28 10:30:00,112.65,112.65,112.64,112.65,300
2026-04-28 11:05:00,113.0883,113.0883,112.9811,112.9811,290
2026-04-28 11:15:00,112.965,112.965,112.965,112.965,189
2026-04-28 11:25:00,113.0199,113.0199,113.0199,113.0199,136
2026-04-28 11:30:00,112.815,112.815,112.815,112.815,278
2026-04-28 11:40:00,112.68,112.7244,112.68,112.68,744
2026-04-28 11:45:00,112.6513,112.6513,112.6513,112.6513,100
2026-04-28 12:30:00,112.725,112.81,112.5901,112.6649,1821
2026-04-28 12:35:00,112.615,112.68,112.531,112.531,2618
2026-04-28 12:40:00,112.47,112.47,112.47,112.47,100
2026-04-28 12:50:00,112.5,112.5,112.5,112.5,100
2026-04-28 13:00:00,112.4,112.42,112.36,112.42,600
2026-04-28 13:10:00,112.49,112.49,112.49,112.49,500
2026-04-28 13:50:00,112.62,112.62,112.62,112.62,700
2026-04-28 14:10:00,112.56,112.56,112.56,112.56,1334
2026-04-28 14:45:00,112.4423,112.4423,112.375,112.375,1306
2026-04-28 15:05:00,112.375,112.375,112.375,112.375,200
2026-04-28 15:10:00,112.375,112.375,112.375,112.375,146
2026-04-28 15:35:00,112.19,112.305,112.19,112.305,1200
2026-04-28 15:40:00,112.4,112.4,112.3675,112.3675,200
2026-04-28 15:50:00,112.44,112.44,112.44,112.44,300
2026-04-28 15:55:00,112.3,112.31,112.3,112.31,400
2026-04-29 09:30:00,111.5,111.655,111.5,111.655,756
2026-04-29 10:00:00,111.8,111.92,111.8,111.92,506
2026-04-29 10:40:00,111.535,111.535,111.535,111.535,267
2026-04-29 11:15:00,111.54,111.54,111.54,111.54,400
2026-04-29 11:50:00,111.71,111.71,111.71,111.71,300
2026-04-29 12:10:00,111.91,111.91,111.91,111.91,145
2026-04-29 12:20:00,111.915,111.94,111.915,111.94,898
2026-04-29 13:20:00,111.73,111.73,111.73,111.73,356
2026-04-29 13:30:00,111.63,111.63,111.63,111.63,200
2026-04-29 13:35:00,111.705,111.705,111.705,111.705,127
2026-04-29 13:50:00,111.76,111.76,111.76,111.76,136
2026-04-29 13:55:00,111.65,111.65,111.65,111.65,194
2026-04-29 14:20:00,111.32,111.395,111.32,111.37,851
2026-04-29 14:45:00,111.53,111.53,111.53,111.53,136
2026-04-29 14:55:00,111.6,111.6,111.6,111.6,200
2026-04-29 15:10:00,111.6989,111.6989,111.6989,111.6989,144
2026-04-29 15:40:00,111.71,111.71,111.71,111.71,524
2026-04-29 15:45:00,111.715,111.715,111.715,111.715,1000
2026-04-29 15:50:00,111.745,111.84,111.745,111.84,200
2026-04-29 15:55:00,111.7201,111.91,111.7201,111.91,557
2026-04-30 09:25:00,111.69,111.7,111.65,111.7,4000
2026-04-30 09:30:00,111.75,111.85,111.75,111.85,5914
2026-04-30 10:05:00,111.9,111.9,111.9,111.9,702
2026-04-30 10:15:00,112.305,112.305,112.305,112.305,200
2026-04-30 10:45:00,112.6611,112.6611,112.6611,112.6611,150
2026-04-30 11:05:00,112.445,112.445,112.445,112.445,135
2026-04-30 11:40:00,112.505,112.505,112.36,112.36,478
2026-04-30 11:50:00,112.485,112.485,112.485,112.485,158
2026-04-30 12:05:00,112.62,112.62,112.62,112.62,186
2026-04-30 12:30:00,112.73,112.73,112.59,112.59,551
2026-04-30 12:40:00,112.66,112.66,112.66,112.66,116
2026-04-30 13:05:00,112.52,112.52,112.52,112.52,112
2026-04-30 13:20:00,112.54,112.54,112.54,112.54,100
2026-04-30 13:30:00,112.535,112.6599,112.535,112.6599,392
2026-04-30 14:00:00,112.58,112.58,112.58,112.58,200
2026-04-30 14:30:00,112.48,112.48,112.48,112.48,200
2026-04-30 15:15:00,112.76,112.76,112.76,112.76,168
2026-04-30 15:20:00,112.6955,112.6955,112.6955,112.6955,1180
2026-04-30 15:25:00,112.72,112.72,112.72,112.72,125
2026-04-30 15:50:00,112.81,112.81,112.775,112.775,550
2026-04-30 15:55:00,112.92,112.93,112.92,112.93,200
2026-05-01 09:30:00,112.92,112.92,112.92,112.92,513
2026-05-01 10:00:00,112.74,112.74,112.74,112.74,129
2026-05-01 10:35:00,112.75,112.75,112.75,112.75,223
2026-05-01 10:40:00,112.6947,112.6947,112.6947,112.6947,302
2026-05-01 11:30:00,112.34,112.34,112.34,112.34,169
2026-05-01 12:05:00,112.49,112.5,112.41,112.46,30564
2026-05-01 12:20:00,112.36,112.36,112.36,112.36,100
2026-05-01 12:35:00,112.475,112.475,112.475,112.475,135
2026-05-01 12:55:00,112.4975,112.4975,112.4975,112.4975,345
2026-05-01 13:10:00,112.45,112.45,112.45,112.45,130
2026-05-01 13:30:00,112.585,112.585,112.585,112.585,240
2026-05-01 13:50:00,112.62,112.62,112.62,112.62,300
2026-05-01 13:55:00,112.56,112.56,112.56,112.56,152
2026-05-01 15:05:00,112.495,112.495,112.495,112.495,125
2026-05-01 15:20:00,112.68,112.68,112.68,112.68,177
2026-05-01 15:25:00,112.515,112.515,112.515,112.515,200
2026-05-04 09:55:00,112.38,112.38,112.38,112.38,100
2026-05-04 10:05:00,112.515,112.57,112.515,112.57,568
2026-05-04 10:25:00,112.87,112.87,112.87,112.87,312
2026-05-04 10:35:00,112.795,112.795,112.795,112.795,526
2026-05-04 11:00:00,112.62,112.62,112.62,112.62,200
2026-05-04 12:00:00,112.46,112.46,112.46,112.46,115
2026-05-04 12:05:00,112.15,112.15,112.15,112.15,100
2026-05-04 12:40:00,112.219,112.31,112.219,112.31,601
2026-05-04 12:45:00,112.35,112.35,112.1001,112.1001,974
2026-05-04 12:50:00,112.245,112.245,112.245,112.245,100
2026-05-04 13:05:00,112.2,112.2,112.1001,112.2,360
2026-05-04 13:10:00,112.1,112.1,112.1,112.1,129
2026-05-04 13:15:00,112.34,112.34,112.34,112.34,100
2026-05-04 13:35:00,112.35,112.35,112.35,112.35,471
2026-05-04 14:00:00,112.23,112.23,112.23,112.23,305
2026-05-04 14:10:00,112.35,112.35,112.35,112.35,106
2026-05-04 14:35:00,112.385,112.385,112.385,112.385,200
2026-05-04 15:10:00,112.5808,112.5808,112.5808,112.5808,356
2026-05-04 15:20:00,112.615,112.615,112.615,112.615,457
2026-05-04 15:25:00,112.47,112.47,112.45,112.46,400
2026-05-04 15:30:00,112.45,112.46,112.405,112.41,1200
2026-05-04 15:55:00,112.55,112.55,112.55,112.55,300
2026-05-05 09:30:00,112.65,112.65,112.65,112.65,106
2026-05-05 10:30:00,112.515,112.515,112.515,112.515,150
2026-05-05 10:35:00,112.51,112.51,112.51,112.51,1342
2026-05-05 10:50:00,112.79,112.79,112.79,112.79,100
2026-05-05 11:15:00,112.9499,112.9499,112.87,112.87,673
2026-05-05 12:05:00,112.605,112.605,112.605,112.605,102
2026-05-05 12:25:00,112.545,112.545,112.545,112.545,113
2026-05-05 12:35:00,112.42,112.42,112.42,112.42,424
2026-05-05 12:55:00,112.535,112.535,112.535,112.535,100
2026-05-05 13:05:00,112.42,112.42,112.42,112.42,133
2026-05-05 13:10:00,112.42,112.42,112.42,112.42,619
2026-05-05 13:15:00,112.43,112.43,112.43,112.43,100
2026-05-05 13:20:00,112.43,112.43,112.43,112.43,268
2026-05-05 13:25:00,112.65,112.65,112.65,112.65,363
2026-05-05 14:10:00,112.78,112.78,112.78,112.78,100
2026-05-05 14:20:00,112.64,112.64,112.64,112.64,685
2026-05-05 14:25:00,112.93,112.93,112.93,112.93,304
2026-05-05 14:30:00,112.8544,112.8544,112.8544,112.8544,317
2026-05-05 14:35:00,112.745,112.745,112.745,112.745,142
2026-05-05 14:45:00,112.8095,112.8095,112.8095,112.8095,141
2026-05-05 14:55:00,112.79,112.79,112.79,112.79,217
2026-05-05 15:30:00,112.84,112.84,112.84,112.84,1131
2026-05-05 15:40:00,112.8401,112.8401,112.8401,112.8401,724
2026-05-05 15:50:00,113.1,113.1,113.1,113.1,104
2026-05-06 09:30:00,113.59,113.87,113.59,113.87,863
2026-05-06 09:40:00,114.15,114.15,114.15,114.15,325
2026-05-06 09:45:00,114.0262,114.0262,114.0262,114.0262,239
2026-05-06 10:10:00,114.39,114.39,114.39,114.39,639
2026-05-06 10:20:00,114.815,114.815,114.815,114.815,114
2026-05-06 10:30:00,114.92,115.03,114.81,114.94,14134
2026-05-06 10:40:00,114.865,114.87,114.865,114.87,406
2026-05-06 11:00:00,114.9301,115.04,114.9301,115.04,225
2026-05-06 11:10:00,115.03,115.03,115.03,115.03,100
2026-05-06 11:15:00,115.09,115.09,115.09,115.09,107
2026-05-06 11:30:00,115.0287,115.0287,114.995,114.995,421
2026-05-06 11:45:00,114.4801,114.4801,114.4801,114.4801,107
2026-05-06 11:55:00,114.86,114.86,114.86,114.86,100
2026-05-06 12:05:00,114.76,114.76,114.76,114.76,100
2026-05-06 12:10:00,114.67,114.67,114.58,114.58,500
2026-05-06 12:15:00,114.5612,114.5612,114.5612,114.5612,673
2026-05-06 12:20:00,114.82,114.82,114.82,114.82,156
2026-05-06 13:35:00,114.71,114.71,114.71,114.71,393
2026-05-06 13:50:00,114.5,114.5,114.5,114.5,413
2026-05-06 14:10:00,114.5,114.5,114.5,114.5,100
2026-05-06 14:30:00,115.04,115.04,115.04,115.04,232
2026-05-06 14:35:00,114.91,114.91,114.91,114.91,607
2026-05-07 09:30:00,114.41,114.41,114.41,114.41,286
2026-05-07 10:15:00,114.04,114.04,113.97,113.97,375
2026-05-07 10:20:00,113.91,113.91,113.91,113.91,236
2026-05-07 10:35:00,113.725,113.725,113.725,113.725,739
2026-05-07 10:40:00,113.74,113.74,113.74,113.74,100
2026-05-07 10:55:00,114.1,114.1,114.1,114.1,243
2026-05-07 11:25:00,113.6344,113.6344,113.6344,113.6344,159
2026-05-07 11:30:00,113.58,113.7124,113.58,113.7124,620
2026-05-07 11:40:00,113.67,113.67,113.67,113.67,600
2026-05-07 12:30:00,113.67,113.67,113.67,113.67,204
2026-05-07 12:35:00,113.52,113.52,113.52,113.52,100
2026-05-07 12:45:00,113.426,113.426,113.426,113.426,173
2026-05-07 13:10:00,113.405,113.405,113.405,113.405,225
2026-05-07 13:45:00,113.36,113.36,113.35,113.35,1310
2026-05-07 13:55:00,113.52,113.52,113.52,113.52,100
2026-05-07 14:00:00,113.4,113.4,113.4,113.4,101
2026-05-07 15:20:00,113.56,113.56,113.56,113.56,125
2026-05-07 15:25:00,113.548,113.548,113.548,113.548,555
2026-05-07 15:40:00,113.4055,113.4055,113.395,113.395,525
2026-05-07 15:55:00,113.4688,113.4688,113.4688,113.4688,480
2026-05-08 09:30:00,114.04,114.04,114.04,114.04,461
2026-05-08 10:20:00,112.77,112.905,112.77,112.905,462
2026-05-08 11:00:00,113.04,113.04,113.04,113.04,150
2026-05-08 11:10:00,112.75,112.75,112.75,112.75,100
2026-05-08 11:15:00,112.78,112.78,112.78,112.78,138
2026-05-08 12:30:00,112.8677,112.8677,112.8677,112.8677,700
2026-05-08 12:35:00,112.935,112.935,112.935,112.935,148
2026-05-08 12:50:00,112.94,112.94,112.94,112.94,110
2026-05-08 13:20:00,112.94,112.94,112.94,112.94,100
2026-05-08 15:25:00,113.08,113.08,113.08,113.08,153
2026-05-08 15:30:00,113.0313,113.0313,113.0313,113.0313,120
2026-05-11 09:30:00,113.36,113.36,113.36,113.36,540
2026-05-11 10:00:00,113.26,113.26,113.26,113.26,250
2026-05-11 10:05:00,113.3999,113.3999,113.3999,113.3999,152
2026-05-11 11:00:00,113.31,113.31,113.285,113.285,366
2026-05-11 11:05:00,113.26,113.26,113.26,113.26,126
2026-05-11 11:40:00,112.9,112.9,112.9,112.9,100
2026-05-11 12:15:00,112.46,112.46,112.46,112.46,100
2026-05-11 12:40:00,112.56,112.6699,112.56,112.6699,440
2026-05-11 13:00:00,112.3158,112.3158,112.3158,112.3158,100
2026-05-11 13:30:00,112.55,112.55,112.55,112.55,174
2026-05-11 13:35:00,112.525,112.525,112.525,112.525,101
2026-05-11 13:45:00,112.59,112.59,112.59,112.59,819
2026-05-11 14:05:00,112.555,112.555,112.555,112.555,138
2026-05-11 14:45:00,112.22,112.22,112.22,112.22,200
2026-05-11 14:55:00,112.34,112.34,112.34,112.34,101
2026-05-11 15:35:00,112.1142,112.1142,112.1142,112.1142,175
2026-05-11 15:40:00,112.0768,112.0768,112.0768,112.0768,230
2026-05-11 15:45:00,112.095,112.095,112.095,112.095,200
2026-05-11 15:50:00,112.0902,112.0902,112.0902,112.0902,100
2026-05-11 15:55:00,112.24,112.47,112.24,112.47,200
2026-05-12 09:30:00,112.69,112.69,112.69,112.69,131
2026-05-12 09:35:00,112.68,112.68,112.68,112.68,100
2026-05-12 09:45:00,112.295,112.295,112.295,112.295,110
2026-05-12 10:15:00,113.115,113.115,113.115,113.115,119
2026-05-12 10:40:00,113.075,113.1899,113.075,113.1899,328
2026-05-12 10:55:00,113.03,113.03,113.03,113.03,136176
2026-05-12 11:00:00,113.22,113.22,113.22,113.22,235
2026-05-12 11:10:00,113.23,113.23,113.23,113.23,319
2026-05-12 11:15:00,113.335,113.335,113.335,113.335,218
2026-05-12 11:25:00,113.395,113.395,113.395,113.395,195
2026-05-12 11:35:00,113.36,113.36,113.36,113.36,112
2026-05-12 11:55:00,113.625,113.625,113.625,113.625,100
2026-05-12 12:35:00,113.935,113.935,113.935,113.935,162
2026-05-12 13:10:00,114.27,114.27,114.27,114.27,530
2026-05-12 14:25:00,114.39,114.39,114.39,114.39,100
2026-05-12 14:50:00,114.385,114.385,114.385,114.385,100
2026-05-13 09:30:00,113.47,113.47,113.47,113.47,160
2026-05-13 10:00:00,113.985,113.985,113.985,113.985,323
2026-05-13 10:15:00,114.015,114.015,114.015,114.015,165
2026-05-13 10:35:00,113.7423,113.7423,113.7423,113.7423,291
2026-05-13 10:45:00,113.82,113.82,113.82,113.82,109
2026-05-13 11:45:00,113.8976,113.8976,113.8976,113.8976,219
2026-05-13 11:50:00,114.0599,114.0599,114.0599,114.0599,114
2026-05-13 11:55:00,113.95,113.95,113.95,113.95,436
2026-05-13 12:15:00,113.9,113.9,113.9,113.9,200
2026-05-13 12:25:00,114.01,114.01,114.01,114.01,200
2026-05-13 12:35:00,113.96,113.97,113.96,113.97,654
2026-05-13 12:40:00,113.915,113.915,113.915,113.915,120
2026-05-13 13:05:00,113.9356,113.96,113.9356,113.96,431
2026-05-13 13:15:00,113.895,113.895,113.895,113.895,123
2026-05-13 13:50:00,113.85,114.04,113.85,114.04,1152
2026-05-13 14:00:00,114.13,114.13,114.13,114.13,100
2026-05-13 14:40:00,114.0089,114.0089,114.0089,114.0089,200
2026-05-13 15:05:00,114.25,114.25,114.25,114.25,792
2026-05-13 15:20:00,114.175,114.175,114.175,114.175,126
2026-05-13 15:35:00,114.1,114.155,114.1,114.155,670
2026-05-13 15:40:00,114.16,114.16,114.1,114.1,2274
2026-05-13 15:45:00,114.155,114.155,114.05,114.05,902
2026-05-14 09:10:00,114,114,114,114,100
2026-05-14 09:30:00,114.05,114.05,114.05,114.05,1078
2026-05-14 09:35:00,113.94,113.94,113.94,113.94,107
2026-05-14 09:50:00,113.78,113.78,113.78,113.78,100
2026-05-14 10:15:00,114.16,114.16,114.16,114.16,100
2026-05-14 10:45:00,114.02,114.02,114.02,114.02,262
2026-05-14 11:05:00,114.3402,114.3402,114.3402,114.3402,154
2026-05-14 11:25:00,114.135,114.135,114.125,114.125,302
2026-05-14 11:40:00,114.17,114.17,114.01,114.01,380
2026-05-14 11:50:00,114.27,114.27,114.27,114.27,300
2026-05-14 12:20:00,114.17,114.17,114.17,114.17,142
2026-05-14 12:55:00,113.9483,113.9483,113.9483,113.9483,125
2026-05-14 14:10:00,113.6846,113.6846,113.6846,113.6846,100
2026-05-14 15:05:00,113.765,113.765,113.765,113.765,422
2026-05-14 15:10:00,113.89,113.89,113.89,113.89,100
2026-05-14 15:15:00,113.89,113.89,113.89,113.89,232
2026-05-14 15:40:00,113.75,113.8,113.75,113.8,311
2026-05-14 16:00:00,113.62,113.62,113.62,113.62,115
2026-05-15 09:30:00,113.62,113.62,113.62,113.62,230
2026-05-15 09:35:00,113.485,113.485,113.4434,113.4434,666
2026-05-15 09:40:00,113.13,113.13,112.95,112.95,452
2026-05-15 10:00:00,113.388,113.388,113.388,113.388,230
2026-05-15 10:10:00,113.075,113.075,113.075,113.075,272
2026-05-15 10:20:00,113.22,113.22,113.22,113.22,307
2026-05-15 10:50:00,113.1651,113.1651,113.1651,113.1651,100
2026-05-15 10:55:00,113.1403,113.1403,113.1403,113.1403,400
2026-05-15 11:10:00,112.98,112.98,112.98,112.98,100
2026-05-15 11:20:00,113.11,113.11,113.11,113.11,361
2026-05-15 11:25:00,112.965,112.965,112.965,112.965,250
2026-05-15 11:35:00,112.745,112.745,112.745,112.745,223
2026-05-15 11:55:00,112.655,112.655,112.655,112.655,153
2026-05-15 12:05:00,112.67,112.67,112.67,112.67,100
2026-05-15 12:50:00,112.75,112.77,112.75,112.77,726
2026-05-15 12:55:00,112.87,112.87,112.795,112.795,282
2026-05-15 13:00:00,112.775,112.775,112.77,112.77,561
2026-05-15 13:15:00,112.78,112.78,112.78,112.78,115
2026-05-15 13:30:00,112.88,112.88,112.88,112.88,446
2026-05-15 13:40:00,112.78,112.78,112.78,112.78,100
2026-05-15 13:55:00,112.7239,112.7239,112.7239,112.7239,192
2026-05-15 14:05:00,112.67,112.67,112.67,112.67,1200
2026-05-15 14:25:00,112.73,112.73,112.73,112.73,130
2026-05-15 14:55:00,112.615,112.615,112.615,112.615,100
2026-05-15 15:15:00,112.6536,112.6536,112.6536,112.6536,206
2026-05-15 15:25:00,112.74,112.74,112.74,112.74,142
2026-05-15 15:30:00,112.725,112.725,112.725,112.725,111
2026-05-15 15:55:00,112.61,112.61,112.61,112.61,100
2026-05-18 09:30:00,112.41,112.69,112.41,112.69,273
2026-05-18 09:45:00,112.6801,112.6801,112.6801,112.6801,390
2026-05-18 10:00:00,113.69,113.7,113.41,113.45,7818
2026-05-18 10:05:00,113.36,113.36,112.8301,113.36,5796
2026-05-18 10:20:00,113.25,113.25,113.25,113.25,200
2026-05-18 10:25:00,113.3,113.3,113.265,113.3,1196
2026-05-18 10:35:00,113.15,113.15,113.15,113.15,100
2026-05-18 10:40:00,113.12,113.12,113.12,113.12,530
2026-05-18 11:05:00,113.1599,113.1599,113.1599,113.1599,302
2026-05-18 11:15:00,112.84,112.96,112.82,112.82,353
2026-05-18 11:50:00,112.92,112.92,112.92,112.92,114
2026-05-18 12:25:00,113.1195,113.1195,113.1195,113.1195,500
2026-05-18 12:55:00,113.09,113.09,113.09,113.09,142
2026-05-18 13:25:00,113.38,113.38,113.38,113.38,445
2026-05-18 14:00:00,113.15,113.16,113.15,113.16,217
2026-05-18 14:10:00,113.11,113.11,113.11,113.11,5629
2026-05-18 14:20:00,113.145,113.145,113.145,113.145,250
2026-05-18 14:50:00,113.15,113.16,113.15,113.15,1109
2026-05-18 15:00:00,113.125,113.14,113.125,113.14,209
2026-05-18 15:10:00,113.32,113.32,113.32,113.32,300
2026-05-18 15:40:00,113.38,113.5,113.38,113.5,824
2026-05-19 09:30:00,112.73,112.73,112.73,112.73,491
2026-05-19 09:40:00,112.525,112.525,112.525,112.525,213
2026-05-19 09:55:00,113.42,113.42,113.42,113.42,165
2026-05-19 10:00:00,112.87,112.87,112.87,112.87,161
2026-05-19 10:45:00,114.12,114.12,114.12,114.12,143
2026-05-19 11:05:00,114.07,114.07,114.07,114.07,100
2026-05-19 11:30:00,113.88,113.88,113.88,113.88,117
2026-05-19 11:40:00,113.995,113.995,113.995,113.995,107
2026-05-19 12:00:00,113.955,113.955,113.955,113.955,300
2026-05-19 12:05:00,113.78,113.78,113.78,113.78,135
2026-05-19 12:10:00,113.755,113.755,113.755,113.755,128
2026-05-19 12:30:00,113.77,113.77,113.77,113.77,10691
2026-05-19 12:50:00,113.755,113.755,113.755,113.755,373
2026-05-19 13:20:00,113.78,113.78,113.78,113.78,200
2026-05-19 13:35:00,113.76,113.76,113.76,113.76,199
2026-05-19 13:40:00,113.8507,113.8507,113.8507,113.8507,136
2026-05-19 13:50:00,113.845,113.845,113.845,113.845,731
2026-05-19 14:10:00,113.71,113.71,113.71,113.71,145
2026-05-19 14:20:00,113.85,113.85,113.85,113.85,350
2026-05-19 14:30:00,113.815,113.815,113.815,113.815,101
2026-05-19 14:35:00,113.855,113.855,113.855,113.855,300
2026-05-19 15:10:00,113.755,113.755,113.755,113.755,117
2026-05-19 15:30:00,113.67,113.67,113.67,113.67,125
2026-05-19 15:35:00,113.76,113.76,113.76,113.76,225
2026-05-20 09:30:00,113.36,113.36,113.36,113.36,403
2026-05-20 09:45:00,113.83,113.83,113.83,113.83,100
2026-05-20 11:05:00,113.555,113.555,113.555,113.555,200
2026-05-20 11:10:00,113.5066,113.5066,113.5066,113.5066,295
2026-05-20 11:15:00,113.83,113.83,113.83,113.83,1356
2026-05-20 11:35:00,113.49,113.49,113.49,113.49,228
2026-05-20 11:55:00,113.57,113.63,113.57,113.63,212
2026-05-20 12:10:00,113.5206,113.5206,113.5206,113.5206,146
2026-05-20 12:45:00,113.625,113.625,113.625,113.625,142
2026-05-20 13:05:00,113.555,113.555,113.52,113.52,212
2026-05-20 13:20:00,113.83,113.83,113.83,113.83,161
2026-05-20 13:35:00,113.815,113.815,113.815,113.815,352
2026-05-20 14:50:00,114.0122,114.0122,114.0122,114.0122,263
2026-05-20 15:05:00,113.9851,113.9851,113.9851,113.9851,114
2026-05-20 15:15:00,114.03,114.03,114.03,114.03,200
2026-05-20 15:30:00,113.965,113.965,113.965,113.965,100
2026-05-20 15:35:00,114.07,114.07,114.07,114.07,200
2026-05-20 15:40:00,114.14,114.15,114.14,114.15,765
2026-05-20 15:55:00,113.99,113.99,113.99,113.99,100
2026-05-21 09:30:00,113.53,113.53,113.53,113.53,158
2026-05-21 10:00:00,113.5917,113.5917,113.5917,113.5917,480
2026-05-21 10:50:00,113.63,113.82,113.4401,113.7,3211
2026-05-21 11:05:00,113.8,113.8,113.7,113.7,203
2026-05-21 11:25:00,113.88,113.88,113.88,113.88,401
2026-05-21 11:30:00,113.85,113.85,113.85,113.85,319
2026-05-21 11:55:00,113.75,113.75,113.75,113.75,100
2026-05-21 12:20:00,113.68,113.68,113.68,113.68,274
2026-05-21 12:45:00,113.608,113.608,113.608,113.608,275
2026-05-21 12:55:00,113.68,113.68,113.68,113.68,266
2026-05-21 13:00:00,113.6499,113.6499,113.6499,113.6499,191
2026-05-21 13:15:00,113.9,113.9,113.9,113.9,100
2026-05-21 13:35:00,113.95,113.95,113.95,113.95,348
2026-05-21 14:00:00,114.2195,114.2195,114.2195,114.2195,100
2026-05-21 14:20:00,114.3944,114.3944,114.3944,114.3944,158
2026-05-21 14:30:00,114.3341,114.3341,114.3341,114.3341,100
2026-05-21 14:50:00,114.19,114.265,114.19,114.265,229
2026-05-21 15:05:00,114.185,114.185,114.185,114.185,241
2026-05-21 15:15:00,114.41,114.41,114.41,114.41,163
2026-05-21 15:35:00,114.26,114.26,114.2354,114.2354,268
2026-05-21 15:50:00,114.06,114.06,114.06,114.06,103
2026-05-21 15:55:00,114.3608,114.42,114.225,114.42,805
2026-05-22 09:30:00,114.47,114.47,114.47,114.47,401
2026-05-22 09:40:00,115.17,115.17,115.17,115.17,100
2026-05-22 10:20:00,114.85,114.85,114.85,114.85,177
2026-05-22 10:30:00,115.04,115.04,115.04,115.04,200
2026-05-22 10:55:00,114.525,114.525,114.525,114.525,519
2026-05-22 11:05:00,114.3798,114.3798,114.3798,114.3798,365
2026-05-22 11:15:00,114.5,114.5,114.5,114.5,100
2026-05-22 11:20:00,114.53,114.53,114.53,114.53,100
2026-05-22 11:35:00,114.69,114.69,114.69,114.69,100
2026-05-22 11:50:00,114.6891,114.84,114.6891,114.695,372
2026-05-22 12:05:00,114.84,114.84,114.84,114.84,300
2026-05-22 12:10:00,114.6921,114.6921,114.6921,114.6921,141
2026-05-22 12:15:00,114.84,114.84,114.84,114.84,100
2026-05-22 12:25:00,114.84,114.84,114.84,114.84,200
2026-05-22 12:40:00,114.88,114.88,114.88,114.88,200
2026-05-22 12:45:00,114.78,114.91,114.78,114.78,698
2026-05-22 12:50:00,114.9,114.91,114.9,114.91,228
2026-05-22 12:55:00,114.831,114.831,114.831,114.831,1219
2026-05-22 13:00:00,114.82,114.82,114.82,114.82,100
2026-05-22 13:05:00,114.83,114.83,114.83,114.83,100
2026-05-22 13:10:00,114.725,114.725,114.725,114.725,828
2026-05-22 13:25:00,114.63,114.65,114.63,114.65,200
2026-05-22 13:30:00,114.92,114.92,114.92,114.92,100
2026-05-22 13:35:00,114.76,114.76,114.76,114.76,122
2026-05-22 14:00:00,114.717,115.32,114.717,115.32,1544
2026-05-22 14:05:00,114.72,114.72,114.72,114.72,308
2026-05-22 14:10:00,114.695,114.8,114.695,114.8,829
2026-05-22 14:25:00,114.781,114.781,114.781,114.781,107
2026-05-22 14:30:00,114.8,114.88,114.8,114.88,361
2026-05-22 15:05:00,114.69,114.69,114.69,114.69,145
2026-05-22 15:20:00,114.89,114.89,114.89,114.89,456
2026-05-22 15:25:00,114.81,114.88,114.81,114.88,300
2026-05-22 15:35:00,114.85,114.85,114.85,114.85,200
2026-05-22 15:45:00,114.79,114.79,114.79,114.79,100