2026-04-22 09:30:00,43.88,43.88,43.88,43.88,609
2026-04-22 10:10:00,43.83,43.83,43.83,43.83,100
2026-04-22 10:15:00,43.84,43.84,43.84,43.84,122
2026-04-22 10:20:00,43.87,43.87,43.84,43.84,436
2026-04-22 10:30:00,43.85,43.85,43.85,43.85,100
2026-04-22 10:40:00,43.85,43.85,43.85,43.85,100
2026-04-22 10:45:00,43.85,43.85,43.84,43.84,200
2026-04-22 11:00:00,43.82,43.82,43.82,43.82,100
2026-04-22 11:25:00,43.86,43.86,43.86,43.86,114
2026-04-22 11:30:00,43.84,43.86,43.84,43.845,823
2026-04-22 11:50:00,43.82,43.82,43.82,43.82,100
2026-04-22 12:20:00,43.83,43.83,43.83,43.83,300
2026-04-22 12:30:00,43.82,43.82,43.82,43.82,200
2026-04-22 12:40:00,43.81,43.81,43.74,43.74,200
2026-04-22 13:05:00,43.82,43.82,43.82,43.82,100
2026-04-22 13:20:00,43.88,43.88,43.88,43.88,1163
2026-04-22 13:35:00,43.84,43.84,43.84,43.84,400
2026-04-22 13:45:00,43.845,43.845,43.845,43.845,350
2026-04-22 14:20:00,43.83,43.83,43.82,43.82,200
2026-04-22 14:35:00,43.83,43.83,43.83,43.83,833
2026-04-22 14:40:00,43.83,43.83,43.83,43.83,100
2026-04-22 15:20:00,43.84,43.84,43.84,43.84,198
2026-04-22 15:45:00,43.85,43.85,43.85,43.85,200
2026-04-22 15:55:00,43.9,43.9,43.87,43.87,277
2026-04-22 16:00:00,43.92,43.92,43.92,43.92,193
2026-04-23 09:30:00,43.93,43.93,43.93,43.93,228
2026-04-23 09:45:00,43.88,43.88,43.88,43.88,100
2026-04-23 10:00:00,43.855,43.855,43.855,43.855,150
2026-04-23 10:10:00,43.83,43.83,43.83,43.83,100
2026-04-23 10:30:00,43.87,43.88,43.87,43.88,200
2026-04-23 10:35:00,43.87,43.87,43.87,43.87,500
2026-04-23 10:45:00,43.87,43.87,43.87,43.87,100
2026-04-23 10:55:00,43.89,43.89,43.89,43.89,100
2026-04-23 11:10:00,43.8901,43.8901,43.8901,43.8901,570
2026-04-23 11:20:00,43.91,43.91,43.91,43.91,880
2026-04-23 11:45:00,43.915,43.915,43.87,43.87,300
2026-04-23 12:05:00,43.87,43.87,43.87,43.87,300
2026-04-23 12:35:00,43.88,43.88,43.88,43.88,215
2026-04-23 12:50:00,43.86,43.88,43.86,43.88,368
2026-04-23 13:00:00,43.87,43.87,43.83,43.83,500
2026-04-23 13:10:00,43.8,43.8,43.8,43.8,136
2026-04-23 13:15:00,43.78,43.78,43.78,43.78,260
2026-04-23 13:25:00,43.76,43.76,43.76,43.76,261
2026-04-23 13:30:00,43.7401,43.7401,43.7401,43.7401,318
2026-04-23 13:35:00,43.74,43.74,43.74,43.74,100
2026-04-23 13:45:00,43.66,43.67,43.66,43.67,640
2026-04-23 13:50:00,43.69,43.74,43.69,43.74,1400
2026-04-23 13:55:00,43.7,43.7,43.7,43.7,2583
2026-04-23 14:00:00,43.76,43.76,43.76,43.76,100
2026-04-23 14:05:00,43.79,43.8,43.79,43.8,300
2026-04-23 14:10:00,43.79,43.79,43.79,43.79,500
2026-04-23 14:20:00,43.83,43.83,43.83,43.83,4900
2026-04-23 14:25:00,43.83,43.83,43.83,43.83,400
2026-04-23 14:35:00,43.84,43.84,43.82,43.82,300
2026-04-23 14:40:00,43.82,43.82,43.82,43.82,400
2026-04-23 14:50:00,43.79,43.81,43.79,43.79,433
2026-04-23 14:55:00,43.78,43.78,43.78,43.78,100
2026-04-23 15:05:00,43.8,43.8,43.77,43.77,200
2026-04-23 15:25:00,43.8,43.8,43.8,43.8,100
2026-04-23 15:35:00,43.8,43.8,43.8,43.8,254
2026-04-23 15:40:00,43.81,43.81,43.77,43.77,200
2026-04-23 15:45:00,43.79,43.82,43.79,43.82,326
2026-04-23 15:50:00,43.82,43.82,43.82,43.82,100
2026-04-23 15:55:00,43.82,43.87,43.81,43.87,1982
2026-04-23 16:00:00,43.86,43.86,43.86,43.86,100
2026-04-24 09:30:00,43.83,43.83,43.83,43.83,450
2026-04-24 09:35:00,43.88,43.8894,43.88,43.8894,327
2026-04-24 10:05:00,43.88,43.88,43.88,43.88,678
2026-04-24 10:10:00,43.89,43.89,43.89,43.89,200
2026-04-24 10:20:00,43.9,43.9,43.9,43.9,100
2026-04-24 10:30:00,43.8541,43.8541,43.8541,43.8541,106
2026-04-24 10:35:00,43.9,43.9,43.9,43.9,100
2026-04-24 10:45:00,43.88,43.92,43.88,43.913,7247
2026-04-24 11:00:00,43.93,43.93,43.93,43.93,100
2026-04-24 11:15:00,43.94,43.94,43.94,43.94,100
2026-04-24 12:25:00,43.99,43.99,43.99,43.99,100
2026-04-24 13:05:00,43.9401,43.9401,43.9401,43.9401,405
2026-04-24 13:10:00,43.98,43.98,43.98,43.98,100
2026-04-24 13:30:00,43.96,43.9699,43.96,43.9699,442
2026-04-24 13:35:00,43.96,43.96,43.96,43.96,100
2026-04-24 14:10:00,43.965,43.98,43.965,43.98,370
2026-04-24 14:20:00,43.96,43.96,43.96,43.96,100
2026-04-24 14:25:00,43.9388,43.97,43.9388,43.955,376
2026-04-24 14:30:00,43.95,43.95,43.95,43.95,1821
2026-04-24 14:35:00,43.955,43.97,43.955,43.97,1112
2026-04-24 14:40:00,43.97,43.97,43.97,43.97,100
2026-04-24 14:55:00,43.98,43.98,43.98,43.98,300
2026-04-24 15:00:00,43.96,43.96,43.96,43.96,300
2026-04-24 15:15:00,43.99,44,43.99,44,600
2026-04-24 15:20:00,44.01,44.01,43.985,43.985,3267
2026-04-24 15:25:00,43.98,43.99,43.98,43.98,5803
2026-04-24 15:30:00,43.98,43.98,43.98,43.98,600
2026-04-24 15:35:00,43.965,43.965,43.9401,43.9401,4677
2026-04-24 15:45:00,43.98,43.98,43.98,43.98,100
2026-04-24 15:50:00,43.965,43.965,43.965,43.965,509
2026-04-24 15:55:00,43.99,43.99,43.97,43.97,360
2026-04-24 16:00:00,43.94,43.94,43.94,43.94,100
2026-04-27 09:30:00,44.04,44.04,43.98,43.98,538
2026-04-27 09:40:00,43.98,43.99,43.98,43.99,400
2026-04-27 10:10:00,43.97,43.9799,43.955,43.9799,1409
2026-04-27 10:15:00,43.96,43.96,43.96,43.96,378
2026-04-27 10:20:00,43.94,43.94,43.94,43.94,100
2026-04-27 10:35:00,43.96,43.96,43.96,43.96,200
2026-04-27 10:45:00,43.98,43.98,43.98,43.98,100
2026-04-27 10:50:00,43.95,43.95,43.95,43.95,311
2026-04-27 11:15:00,43.94,43.94,43.94,43.94,191
2026-04-27 11:20:00,43.94,43.94,43.94,43.94,100
2026-04-27 11:45:00,43.96,43.96,43.96,43.96,398
2026-04-27 12:00:00,43.93,43.94,43.93,43.94,514
2026-04-27 13:05:00,43.945,43.945,43.945,43.945,100
2026-04-27 13:10:00,43.965,43.965,43.965,43.965,1975
2026-04-27 14:20:00,43.98,43.98,43.98,43.98,110
2026-04-27 14:25:00,43.99,43.99,43.99,43.99,100
2026-04-27 14:50:00,43.9701,43.9701,43.9701,43.9701,140
2026-04-27 15:55:00,43.98,43.98,43.98,43.98,100
2026-04-27 16:00:00,44,44,44,44,100
2026-04-28 09:30:00,43.96,43.96,43.89,43.89,643
2026-04-28 09:40:00,43.91,43.925,43.9,43.925,1869
2026-04-28 09:45:00,43.92,43.92,43.92,43.92,300
2026-04-28 09:55:00,43.8601,43.8601,43.8601,43.8601,1483
2026-04-28 10:05:00,43.91,43.91,43.91,43.91,300
2026-04-28 10:10:00,43.905,43.905,43.905,43.905,526
2026-04-28 10:15:00,43.86,43.86,43.86,43.86,112
2026-04-28 10:20:00,43.91,43.91,43.91,43.91,341
2026-04-28 10:25:00,43.88,43.9,43.88,43.9,418
2026-04-28 10:30:00,43.89,43.89,43.89,43.89,405
2026-04-28 10:35:00,43.875,43.875,43.875,43.875,200
2026-04-28 11:00:00,43.87,43.87,43.87,43.87,100
2026-04-28 11:45:00,43.85,43.85,43.85,43.85,226
2026-04-28 12:45:00,43.855,43.855,43.855,43.855,750
2026-04-28 13:05:00,43.84,43.84,43.84,43.84,144
2026-04-28 13:35:00,43.87,43.87,43.87,43.87,100
2026-04-28 13:45:00,43.88,43.88,43.88,43.88,222
2026-04-28 14:20:00,43.89,43.89,43.89,43.89,478
2026-04-28 14:35:00,43.895,43.895,43.895,43.895,539
2026-04-28 15:10:00,43.9,43.9001,43.9,43.9001,646
2026-04-28 15:45:00,43.92,43.92,43.91,43.91,1185
2026-04-28 16:00:00,43.93,43.93,43.93,43.93,100
2026-04-29 09:30:00,43.98,43.98,43.875,43.875,503
2026-04-29 09:35:00,43.89,43.89,43.89,43.89,100
2026-04-29 09:40:00,43.8999,43.8999,43.8999,43.8999,320
2026-04-29 09:45:00,43.86,43.88,43.86,43.88,200
2026-04-29 10:00:00,43.89,43.89,43.89,43.89,200
2026-04-29 10:10:00,43.91,43.91,43.91,43.91,100
2026-04-29 10:25:00,43.93,43.93,43.89,43.89,3773
2026-04-29 10:45:00,43.91,43.91,43.91,43.91,100
2026-04-29 10:50:00,43.94,43.94,43.94,43.94,100
2026-04-29 11:20:00,43.9,43.91,43.87,43.91,3060
2026-04-29 11:45:00,43.9,43.9,43.9,43.9,100
2026-04-29 11:50:00,43.88,43.89,43.85,43.85,1200
2026-04-29 13:10:00,43.86,43.86,43.86,43.86,200
2026-04-29 13:15:00,43.87,43.87,43.87,43.87,100
2026-04-29 13:35:00,43.854,43.854,43.854,43.854,151
2026-04-29 13:45:00,43.88,43.88,43.88,43.88,100
2026-04-29 13:50:00,43.9099,43.9099,43.9099,43.9099,831
2026-04-29 14:00:00,43.8852,43.8852,43.84,43.84,368
2026-04-29 14:05:00,43.87,43.87,43.87,43.87,100
2026-04-29 14:15:00,43.86,43.86,43.86,43.86,120
2026-04-29 14:20:00,43.86,43.87,43.84,43.87,4650
2026-04-29 14:30:00,43.85,43.85,43.85,43.85,618
2026-04-29 14:35:00,43.85,43.85,43.85,43.85,200
2026-04-29 14:40:00,43.84,43.84,43.84,43.84,464
2026-04-29 14:45:00,43.85,43.85,43.85,43.85,100
2026-04-29 14:50:00,43.855,43.855,43.855,43.855,455
2026-04-29 14:55:00,43.87,43.87,43.87,43.87,100
2026-04-29 15:00:00,43.88,43.88,43.88,43.88,151
2026-04-29 15:05:00,43.87,43.87,43.87,43.87,605
2026-04-29 15:10:00,43.88,43.88,43.88,43.88,100
2026-04-29 15:30:00,43.89,43.89,43.89,43.89,792
2026-04-29 15:35:00,43.87,43.87,43.87,43.87,400
2026-04-29 15:45:00,43.87,43.87,43.86,43.87,300
2026-04-29 15:50:00,43.865,43.865,43.865,43.865,400
2026-04-29 15:55:00,43.87,43.89,43.87,43.87,446
2026-04-30 09:30:00,44.046,44.046,43.99,43.99,516
2026-04-30 10:05:00,43.917,43.917,43.917,43.917,682
2026-04-30 10:20:00,43.9399,43.9399,43.9399,43.9399,227
2026-04-30 10:30:00,43.9599,43.9599,43.9599,43.9599,110
2026-04-30 10:50:00,43.98,43.98,43.98,43.98,100
2026-04-30 11:10:00,44.02,44.02,44.02,44.02,150
2026-04-30 11:30:00,44.02,44.02,44.02,44.02,100
2026-04-30 12:10:00,44.02,44.02,44.02,44.02,100
2026-04-30 12:45:00,44.04,44.04,44.04,44.04,100
2026-04-30 13:00:00,44.02,44.03,44.02,44.03,600
2026-04-30 13:05:00,44.04,44.04,44.04,44.04,800
2026-04-30 13:25:00,44.06,44.06,44.06,44.06,100
2026-04-30 13:30:00,44.04,44.04,44.04,44.04,305
2026-04-30 13:45:00,44.06,44.06,44.06,44.06,423
2026-04-30 14:05:00,44.095,44.095,44.095,44.095,126
2026-04-30 14:10:00,44.09,44.09,44.09,44.09,594
2026-04-30 14:15:00,44.1,44.1,44.09,44.09,875
2026-04-30 14:30:00,44.08,44.08,44.08,44.08,290
2026-04-30 14:40:00,44.13,44.13,44.13,44.13,200
2026-04-30 14:45:00,44.13,44.13,44.13,44.13,500
2026-04-30 15:45:00,44.15,44.15,44.15,44.15,2526
2026-04-30 15:50:00,44.14,44.14,44.14,44.14,364
2026-05-01 09:30:00,44.24,44.24,44.205,44.205,941
2026-05-01 09:40:00,44.22,44.22,44.22,44.22,100
2026-05-01 09:55:00,44.52,44.52,44.23,44.23,123818
2026-05-01 10:25:00,44.3,44.3,44.3,44.3,100
2026-05-01 10:35:00,44.26,44.26,44.26,44.26,200
2026-05-01 10:45:00,44.235,44.235,44.235,44.235,164
2026-05-01 11:35:00,44.245,44.245,44.245,44.245,138
2026-05-01 11:45:00,44.25,44.25,44.25,44.25,132
2026-05-01 12:10:00,44.23,44.23,44.23,44.23,100
2026-05-01 12:20:00,44.225,44.225,44.225,44.225,640
2026-05-01 12:30:00,44.259,44.259,44.225,44.225,751
2026-05-01 12:45:00,44.1901,44.1901,44.1901,44.1901,200
2026-05-01 13:30:00,44.24,44.24,44.24,44.24,400
2026-05-01 13:55:00,44.24,44.24,44.24,44.24,585
2026-05-01 14:25:00,44.21,44.21,44.21,44.21,1945
2026-05-01 15:20:00,44.22,44.22,44.22,44.22,600
2026-05-01 15:55:00,44.22,44.22,44.22,44.22,100
2026-05-01 16:00:00,44.19,44.19,44.19,44.19,127
2026-05-04 09:30:00,44.09,44.17,44.09,44.135,800
2026-05-04 09:35:00,44.1001,44.1001,44.1001,44.1001,270
2026-05-04 10:10:00,44.1507,44.1507,44.1507,44.1507,272
2026-05-04 10:35:00,44.166,44.166,44.166,44.166,353
2026-05-04 11:05:00,44.14,44.14,44.14,44.14,100
2026-05-04 11:10:00,44.14,44.14,44.14,44.14,339
2026-05-04 11:20:00,44.09,44.09,44.09,44.09,580
2026-05-04 11:25:00,44.08,44.08,44.08,44.08,200
2026-05-04 11:45:00,44.08,44.1084,44.08,44.1084,1022
2026-05-04 11:55:00,44.06,44.06,44.06,44.06,100
2026-05-04 12:05:00,44.04,44.04,44.04,44.04,100
2026-05-04 12:10:00,44,44.0458,44,44.0458,350
2026-05-04 12:15:00,44.05,44.05,44.05,44.05,100
2026-05-04 12:25:00,44.05,44.05,44.05,44.05,100
2026-05-04 12:30:00,44.08,44.08,44.08,44.08,320
2026-05-04 12:35:00,44.04,44.04,44.04,44.04,100
2026-05-04 12:45:00,44.0156,44.0156,44.0156,44.0156,100
2026-05-04 12:50:00,44.01,44.01,44.01,44.01,100
2026-05-04 13:25:00,44.095,44.095,44.08,44.08,426
2026-05-04 13:40:00,44.06,44.06,44.06,44.06,2313
2026-05-04 14:05:00,44.1,44.1,44.08,44.08,225
2026-05-04 15:00:00,44.09,44.09,44.09,44.09,100
2026-05-04 15:05:00,44.08,44.08,44.08,44.08,154
2026-05-04 15:50:00,44.11,44.11,44.03,44.05,2130
2026-05-04 15:55:00,44.075,44.075,44.075,44.075,120
2026-05-05 09:30:00,44.2,44.2,44.1201,44.1201,928
2026-05-05 09:45:00,44.215,44.215,44.21,44.21,200
2026-05-05 10:15:00,44.16,44.16,44.16,44.16,100
2026-05-05 10:50:00,44.215,44.215,44.215,44.215,171
2026-05-05 11:10:00,44.2,44.2,44.2,44.2,100
2026-05-05 11:30:00,44.1954,44.1954,44.1954,44.1954,130
2026-05-05 12:20:00,44.24,44.24,44.24,44.24,200
2026-05-05 12:25:00,44.2399,44.2399,44.2399,44.2399,561
2026-05-05 13:00:00,44.225,44.225,44.225,44.225,100
2026-05-05 13:15:00,44.233,44.233,44.233,44.233,225
2026-05-05 13:45:00,44.25,44.25,44.25,44.25,200
2026-05-05 14:10:00,44.26,44.26,44.26,44.26,400
2026-05-05 14:30:00,44.245,44.245,44.245,44.245,107
2026-05-05 14:40:00,44.26,44.26,44.26,44.26,200
2026-05-05 14:50:00,44.25,44.25,44.25,44.25,332
2026-05-05 15:20:00,44.28,44.28,44.28,44.28,100
2026-05-05 15:35:00,44.269,44.269,44.269,44.269,100
2026-05-05 15:45:00,44.27,44.27,44.27,44.27,100
2026-05-05 15:55:00,44.24,44.24,44.22,44.22,2361
2026-05-06 09:30:00,44.29,44.29,44.29,44.29,593
2026-05-06 09:35:00,44.33,44.34,44.33,44.34,700
2026-05-06 09:40:00,44.33,44.33,44.33,44.33,1400
2026-05-06 10:15:00,44.375,44.375,44.375,44.375,720
2026-05-06 10:30:00,44.3701,44.3701,44.3701,44.3701,100
2026-05-06 10:45:00,44.43,44.43,44.43,44.43,100
2026-05-06 10:55:00,44.45,44.45,44.44,44.44,576
2026-05-06 11:10:00,44.45,44.45,44.43,44.43,1322
2026-05-06 11:30:00,44.4016,44.4016,44.4016,44.4016,100
2026-05-06 12:35:00,44.42,44.42,44.42,44.42,1400
2026-05-06 12:40:00,44.405,44.405,44.405,44.405,112
2026-05-06 13:05:00,44.41,44.41,44.41,44.41,300
2026-05-06 13:50:00,44.4299,44.4299,44.4299,44.4299,190
2026-05-06 13:55:00,44.42,44.42,44.42,44.42,900
2026-05-06 14:10:00,44.433,44.433,44.433,44.433,449
2026-05-06 15:00:00,44.425,44.425,44.425,44.425,1384
2026-05-06 15:20:00,44.4699,44.4699,44.4699,44.4699,503
2026-05-06 15:50:00,44.48,44.48,44.48,44.48,225
2026-05-07 09:30:00,44.44,44.44,44.43,44.4301,886
2026-05-07 10:50:00,44.472,44.5,44.472,44.5,634
2026-05-07 11:25:00,44.49,44.49,44.49,44.49,100
2026-05-07 11:30:00,44.49,44.49,44.49,44.49,400
2026-05-07 11:50:00,44.465,44.465,44.465,44.465,169
2026-05-07 14:25:00,44.381,44.381,44.381,44.381,2200
2026-05-07 14:35:00,44.4001,44.4001,44.4001,44.4001,203
2026-05-07 15:15:00,44.4,44.4,44.4,44.4,434
2026-05-07 15:45:00,44.42,44.43,44.42,44.43,1000
2026-05-07 15:50:00,44.42,44.43,44.42,44.43,600
2026-05-07 15:55:00,44.43,44.475,44.429,44.475,2022
2026-05-08 09:30:00,44.5293,44.5293,44.5293,44.5293,209
2026-05-08 09:35:00,44.15,44.24,44.15,44.24,856
2026-05-08 10:05:00,44.51,44.5104,44.4901,44.4901,982
2026-05-08 11:15:00,44.5,44.5,44.5,44.5,125
2026-05-08 11:35:00,44.5,44.5,44.5,44.5,832
2026-05-08 12:00:00,44.51,44.5132,44.5,44.5132,1270
2026-05-08 12:05:00,44.5001,44.5001,44.5001,44.5001,300
2026-05-08 12:30:00,44.51,44.51,44.5,44.5,1248
2026-05-08 12:50:00,44.4902,44.4902,44.4902,44.4902,410
2026-05-08 13:15:00,44.5399,44.5399,44.5399,44.5399,931
2026-05-08 13:20:00,44.54,44.54,44.54,44.54,388
2026-05-08 13:25:00,44.525,44.525,44.525,44.525,167
2026-05-08 13:45:00,44.5332,44.5332,44.5332,44.5332,110
2026-05-08 13:50:00,44.5396,44.5396,44.5396,44.5396,449
2026-05-08 14:00:00,44.52,44.52,44.52,44.52,111
2026-05-08 14:05:00,44.5399,44.5399,44.5399,44.5399,165
2026-05-08 14:10:00,44.512,44.512,44.512,44.512,134
2026-05-08 14:20:00,44.52,44.52,44.52,44.52,680
2026-05-08 14:25:00,44.51,44.51,44.5001,44.5001,835
2026-05-08 14:30:00,44.54,44.54,44.54,44.54,113
2026-05-08 14:45:00,44.5,44.5,44.5,44.5,120
2026-05-08 15:15:00,44.5299,44.5299,44.5299,44.5299,166
2026-05-11 09:30:00,44.52,44.52,44.52,44.52,210
2026-05-11 10:05:00,44.5599,44.5599,44.5599,44.5599,1683
2026-05-11 10:10:00,44.55,44.55,44.55,44.55,179
2026-05-11 10:35:00,44.5599,44.5599,44.5599,44.5599,673
2026-05-11 11:35:00,44.56,44.56,44.56,44.56,340
2026-05-11 12:15:00,44.5414,44.5414,44.5404,44.5404,600
2026-05-11 13:45:00,44.5414,44.5414,44.5414,44.5414,275
2026-05-11 13:50:00,44.5575,44.5575,44.5575,44.5575,673
2026-05-11 14:05:00,44.56,44.56,44.56,44.56,171
2026-05-11 14:15:00,44.55,44.55,44.55,44.55,496
2026-05-11 14:20:00,44.545,44.545,44.545,44.545,188
2026-05-11 14:35:00,44.53,44.53,44.53,44.53,100
2026-05-11 14:55:00,44.53,44.53,44.53,44.53,2074
2026-05-11 15:00:00,44.525,44.525,44.525,44.525,554
2026-05-11 15:05:00,44.54,44.54,44.52,44.54,2784
2026-05-11 15:10:00,44.52,44.52,44.52,44.52,100
2026-05-11 15:20:00,44.5,44.52,44.5,44.52,200
2026-05-11 15:35:00,44.4901,44.51,44.4901,44.51,343
2026-05-11 15:45:00,44.52,44.53,44.52,44.53,300
2026-05-11 15:50:00,44.54,44.55,44.54,44.55,300
2026-05-11 15:55:00,44.54,44.55,44.54,44.54,707
2026-05-12 09:30:00,44.58,44.58,44.43,44.43,1220
2026-05-12 09:45:00,44.39,44.39,44.39,44.39,400
2026-05-12 10:10:00,44.4899,44.4899,44.4899,44.4899,539
2026-05-12 12:00:00,44.43,44.43,44.43,44.43,117
2026-05-12 12:25:00,44.3821,44.3821,44.3821,44.3821,115
2026-05-12 13:00:00,44.39,44.39,44.39,44.39,100
2026-05-12 14:10:00,44.445,44.445,44.445,44.445,649
2026-05-12 14:25:00,44.46,44.46,44.46,44.46,100
2026-05-12 14:50:00,44.48,44.48,44.48,44.48,960
2026-05-12 15:20:00,44.47,44.4701,44.47,44.4701,1304
2026-05-12 15:30:00,44.47,44.47,44.47,44.47,1030
2026-05-12 15:35:00,44.47,44.495,44.47,44.495,440
2026-05-12 15:45:00,44.4769,44.4769,44.4769,44.4769,382
2026-05-12 15:55:00,44.52,44.53,44.52,44.53,200
2026-05-13 09:30:00,44.4701,44.4701,44.4701,44.4701,186
2026-05-13 09:55:00,44.5075,44.5075,44.5075,44.5075,312
2026-05-13 10:10:00,44.47,44.4743,44.47,44.4743,365
2026-05-13 10:15:00,44.5056,44.5056,44.5056,44.5056,246
2026-05-13 10:20:00,44.495,44.55,44.495,44.55,542
2026-05-13 10:25:00,44.55,44.55,44.55,44.55,300
2026-05-13 10:30:00,44.54,44.55,44.49,44.54,600
2026-05-13 10:35:00,44.54,44.54,44.54,44.54,200
2026-05-13 10:45:00,44.515,44.515,44.515,44.515,150
2026-05-13 10:55:00,44.5,44.53,44.5,44.52,516
2026-05-13 11:05:00,44.53,44.53,44.53,44.53,114
2026-05-13 12:10:00,44.52,44.52,44.52,44.52,100
2026-05-13 12:40:00,44.57,44.57,44.57,44.57,120
2026-05-13 13:20:00,44.56,44.585,44.56,44.5601,2866
2026-05-13 13:25:00,44.56,44.56,44.56,44.56,100
2026-05-13 13:40:00,44.5734,44.5734,44.5734,44.5734,355
2026-05-13 13:50:00,44.56,44.56,44.56,44.56,100
2026-05-13 14:00:00,44.57,44.57,44.57,44.57,166
2026-05-13 14:30:00,44.59,44.59,44.59,44.59,30266
2026-05-13 15:05:00,44.585,44.585,44.56,44.56,1084
2026-05-14 09:30:00,44.646,44.646,44.646,44.646,151
2026-05-14 10:00:00,44.63,44.63,44.63,44.63,100
2026-05-14 10:10:00,44.59,44.59,44.59,44.59,100
2026-05-14 10:15:00,44.63,44.635,44.63,44.635,599
2026-05-14 10:25:00,44.61,44.61,44.61,44.61,400
2026-05-14 11:15:00,44.675,44.69,44.675,44.69,718
2026-05-14 11:30:00,44.65,44.65,44.65,44.65,100
2026-05-14 11:35:00,44.665,44.665,44.665,44.665,376
2026-05-14 12:00:00,44.71,44.71,44.71,44.71,1095
2026-05-14 12:30:00,44.655,44.655,44.655,44.655,252
2026-05-14 12:40:00,44.7,44.7,44.66,44.66,900
2026-05-14 13:00:00,44.66,44.66,44.66,44.66,200
2026-05-14 13:45:00,44.69,44.69,44.69,44.69,252
2026-05-14 13:55:00,44.685,44.7093,44.685,44.7093,301
2026-05-14 14:00:00,44.66,44.665,44.66,44.665,1400
2026-05-14 14:20:00,44.7299,44.7299,44.7299,44.7299,1124
2026-05-14 14:25:00,44.695,44.695,44.695,44.695,400
2026-05-14 14:40:00,44.695,44.695,44.695,44.695,200
2026-05-14 14:50:00,44.685,44.685,44.685,44.685,2422
2026-05-14 14:55:00,44.68,44.68,44.68,44.68,200
2026-05-14 15:15:00,44.71,44.71,44.71,44.71,400
2026-05-14 15:20:00,44.705,44.705,44.7,44.7,1132
2026-05-14 15:40:00,44.71,44.72,44.71,44.72,400
2026-05-14 15:50:00,44.71,44.72,44.69,44.695,800
2026-05-14 15:55:00,44.7,44.72,44.685,44.72,1405
2026-05-15 09:30:00,44.52,44.52,44.52,44.52,109
2026-05-15 10:05:00,44.535,44.535,44.535,44.535,160
2026-05-15 11:55:00,44.58,44.58,44.58,44.58,105
2026-05-15 12:20:00,44.5307,44.5307,44.5307,44.5307,1370
2026-05-15 13:00:00,44.5301,44.5301,44.5301,44.5301,243
2026-05-15 13:20:00,44.61,44.61,44.61,44.61,100
2026-05-15 13:25:00,44.605,44.605,44.605,44.605,193
2026-05-15 13:30:00,44.5801,44.5801,44.5801,44.5801,150
2026-05-15 13:35:00,44.59,44.59,44.59,44.59,1680
2026-05-15 13:40:00,44.57,44.57,44.57,44.57,101
2026-05-15 13:45:00,44.63,44.63,44.63,44.63,100
2026-05-15 13:55:00,44.5901,44.5901,44.5901,44.5901,2252
2026-05-15 14:05:00,44.63,44.63,44.63,44.63,100
2026-05-15 14:30:00,44.55,44.55,44.55,44.55,100
2026-05-15 14:50:00,44.59,44.59,44.59,44.59,200
2026-05-15 14:55:00,44.6,44.6,44.588,44.588,1200
2026-05-15 15:20:00,44.59,44.59,44.59,44.59,200
2026-05-15 15:40:00,44.58,44.58,44.58,44.58,100
2026-05-15 15:45:00,44.5415,44.5415,44.5415,44.5415,270
2026-05-15 15:50:00,44.58,44.59,44.58,44.58,300
2026-05-15 15:55:00,44.57,44.57,44.57,44.57,100
2026-05-15 16:00:00,44.55,44.55,44.55,44.55,100
2026-05-18 09:30:00,44.39,44.53,44.39,44.53,1559
2026-05-18 09:50:00,44.55,44.57,44.55,44.57,870
2026-05-18 10:10:00,44.61,44.61,44.61,44.61,100
2026-05-18 10:25:00,44.5567,44.5567,44.5567,44.5567,378
2026-05-18 11:05:00,44.51,44.51,44.51,44.51,1750
2026-05-18 11:50:00,44.5299,44.5299,44.5299,44.5299,361
2026-05-18 13:35:00,44.5002,44.5002,44.5,44.5001,1300
2026-05-18 14:35:00,44.47,44.47,44.47,44.47,244
2026-05-18 14:40:00,44.47,44.47,44.45,44.45,258
2026-05-18 14:50:00,44.4799,44.4799,44.4799,44.4799,442
2026-05-18 14:55:00,44.45,44.4699,44.45,44.4699,785
2026-05-18 15:00:00,44.545,44.545,44.545,44.545,358
2026-05-19 09:30:00,44.51,44.51,44.51,44.51,127
2026-05-19 09:40:00,44.49,44.49,44.49,44.49,100
2026-05-19 09:50:00,44.49,44.53,44.49,44.53,1200
2026-05-19 10:10:00,44.465,44.465,44.465,44.465,459
2026-05-19 10:20:00,44.43,44.43,44.43,44.43,240
2026-05-19 10:40:00,44.47,44.47,44.47,44.47,800
2026-05-19 11:25:00,44.4,44.4,44.4,44.4,130
2026-05-19 11:30:00,44.427,44.427,44.427,44.427,112
2026-05-19 12:05:00,44.465,44.465,44.465,44.465,1000
2026-05-19 12:45:00,44.5,44.5,44.5,44.5,200
2026-05-19 13:00:00,44.51,44.51,44.51,44.51,300
2026-05-19 13:10:00,44.535,44.5401,44.535,44.5401,2972
2026-05-19 13:15:00,44.535,44.535,44.535,44.535,200
2026-05-19 13:30:00,44.52,44.52,44.51,44.51,475
2026-05-19 13:35:00,44.535,44.535,44.535,44.535,2231
2026-05-19 14:05:00,44.53,44.53,44.53,44.53,100
2026-05-19 14:25:00,44.49,44.515,44.49,44.49,3200
2026-05-19 14:30:00,44.48,44.48,44.48,44.48,237
2026-05-19 14:40:00,44.5,44.5,44.49,44.49,662
2026-05-19 14:45:00,44.51,44.51,44.51,44.51,900
2026-05-19 15:20:00,44.49,44.49,44.49,44.49,160
2026-05-19 15:40:00,44.46,44.48,44.46,44.4601,2200
2026-05-19 15:45:00,44.44,44.47,44.44,44.4401,3440
2026-05-19 15:55:00,44.45,44.45,44.42,44.44,789
2026-05-20 09:30:00,44.53,44.53,44.53,44.53,238
2026-05-20 09:35:00,44.5,44.5,44.48,44.48,310
2026-05-20 09:45:00,44.46,44.46,44.46,44.46,300
2026-05-20 10:10:00,44.48,44.5499,44.47,44.5499,1797
2026-05-20 10:20:00,44.55,44.55,44.55,44.55,100
2026-05-20 10:50:00,44.58,44.58,44.58,44.58,500
2026-05-20 11:10:00,44.56,44.56,44.56,44.56,100
2026-05-20 11:20:00,44.59,44.59,44.59,44.59,100
2026-05-20 12:00:00,44.58,44.58,44.58,44.58,190
2026-05-20 12:10:00,44.64,44.64,44.64,44.64,709
2026-05-20 12:35:00,44.56,44.56,44.56,44.56,873
2026-05-20 12:55:00,44.57,44.57,44.57,44.57,500
2026-05-20 13:00:00,44.56,44.56,44.56,44.56,100
2026-05-20 14:50:00,44.6,44.6,44.6,44.6,100
2026-05-20 15:00:00,44.6298,44.6298,44.6298,44.6298,242
2026-05-20 15:10:00,44.615,44.615,44.615,44.615,526
2026-05-20 15:15:00,44.59,44.59,44.59,44.59,100
2026-05-20 15:20:00,44.601,44.601,44.6,44.6,408
2026-05-20 15:25:00,44.6136,44.6136,44.6136,44.6136,186
2026-05-20 15:55:00,44.6,44.61,44.6,44.61,5180
2026-05-21 09:30:00,44.52,44.56,44.52,44.56,913
2026-05-21 09:50:00,44.58,44.58,44.58,44.58,100
2026-05-21 10:10:00,44.59,44.59,44.59,44.59,100
2026-05-21 10:35:00,44.56,44.56,44.56,44.56,200
2026-05-21 11:45:00,44.58,44.61,44.58,44.61,758
2026-05-21 12:00:00,44.59,44.59,44.59,44.59,600
2026-05-21 12:05:00,44.58,44.58,44.58,44.58,100
2026-05-21 12:25:00,44.56,44.56,44.56,44.56,100
2026-05-21 12:30:00,44.57,44.57,44.57,44.57,100
2026-05-21 13:10:00,44.65,44.65,44.65,44.65,170
2026-05-21 13:15:00,44.625,44.625,44.625,44.625,100
2026-05-21 13:20:00,44.65,44.65,44.65,44.65,100
2026-05-21 13:25:00,44.64,44.64,44.64,44.64,100
2026-05-21 13:30:00,44.65,44.65,44.65,44.65,100
2026-05-21 14:10:00,44.685,44.7099,44.6815,44.6815,932
2026-05-21 14:25:00,44.7099,44.7099,44.7099,44.7099,358
2026-05-21 14:35:00,44.6701,44.6701,44.6701,44.6701,216
2026-05-21 14:50:00,44.64,44.64,44.64,44.64,112
2026-05-21 15:00:00,44.61,44.6361,44.61,44.62,750
2026-05-21 15:15:00,44.68,44.68,44.65,44.65,731
2026-05-21 15:55:00,44.65,44.66,44.65,44.65,1412
2026-05-22 09:30:00,44.85,44.85,44.21,44.23,603
2026-05-22 09:45:00,44.75,44.77,44.75,44.77,200
2026-05-22 10:10:00,44.73,44.73,44.73,44.73,100
2026-05-22 10:45:00,44.73,44.73,44.73,44.73,100
2026-05-22 11:30:00,44.7601,44.7601,44.7601,44.7601,394
2026-05-22 12:30:00,44.7881,44.7881,44.7881,44.7881,107
2026-05-22 12:40:00,44.77,44.77,44.77,44.77,353
2026-05-22 12:50:00,44.75,44.75,44.75,44.75,100
2026-05-22 12:55:00,44.77,44.77,44.77,44.77,102
2026-05-22 13:15:00,44.74,44.74,44.74,44.74,100
2026-05-22 14:20:00,44.76,44.761,44.75,44.761,1200
2026-05-22 14:25:00,44.76,44.76,44.76,44.76,100
2026-05-22 15:15:00,44.78,44.78,44.78,44.78,135
2026-05-22 15:55:00,44.71,44.76,44.71,44.76,1000