2026-04-22 09:30:00,27.36,27.36,27.3441,27.3441,717
2026-04-22 09:35:00,27.345,27.36,27.345,27.36,5046
2026-04-22 09:40:00,27.355,27.36,27.355,27.36,790
2026-04-22 09:50:00,27.365,27.365,27.3559,27.36,4846
2026-04-22 09:55:00,27.36,27.36,27.36,27.36,600
2026-04-22 10:00:00,27.36,27.3601,27.36,27.3601,396
2026-04-22 10:05:00,27.36,27.36,27.355,27.355,982
2026-04-22 10:10:00,27.36,27.36,27.355,27.36,3416
2026-04-22 10:15:00,27.36,27.37,27.36,27.37,2550
2026-04-22 10:20:00,27.375,27.375,27.37,27.37,1200
2026-04-22 10:25:00,27.37,27.37,27.365,27.365,1717
2026-04-22 10:30:00,27.365,27.365,27.34,27.34,2100
2026-04-22 10:35:00,27.34,27.35,27.3301,27.35,2467
2026-04-22 10:40:00,27.35,27.35,27.345,27.345,1400
2026-04-22 10:45:00,27.345,27.345,27.34,27.345,1969
2026-04-22 10:50:00,27.345,27.345,27.34,27.34,342
2026-04-22 10:55:00,27.335,27.335,27.33,27.33,300
2026-04-22 11:00:00,27.335,27.335,27.33,27.33,3100
2026-04-22 11:05:00,27.33,27.335,27.33,27.33,5700
2026-04-22 11:10:00,27.33,27.33,27.33,27.33,1800
2026-04-22 11:20:00,27.32,27.32,27.32,27.32,500
2026-04-22 11:35:00,27.3356,27.3356,27.33,27.33,4944
2026-04-22 11:40:00,27.32,27.32,27.32,27.32,100
2026-04-22 11:45:00,27.315,27.32,27.315,27.32,879
2026-04-22 11:55:00,27.32,27.32,27.32,27.32,2013
2026-04-22 12:00:00,27.325,27.325,27.325,27.325,100
2026-04-22 12:05:00,27.32,27.32,27.32,27.32,1600
2026-04-22 12:10:00,27.32,27.32,27.315,27.315,536
2026-04-22 12:15:00,27.31,27.32,27.31,27.31,6665
2026-04-22 12:20:00,27.305,27.305,27.305,27.305,100
2026-04-22 12:25:00,27.3,27.3,27.3,27.3,500
2026-04-22 12:30:00,27.2996,27.2996,27.2996,27.2996,2544
2026-04-22 12:35:00,27.2901,27.2901,27.2901,27.2901,173
2026-04-22 12:40:00,27.29,27.2999,27.29,27.29,2533
2026-04-22 12:45:00,27.29,27.29,27.29,27.29,3586
2026-04-22 12:55:00,27.29,27.29,27.29,27.29,1305
2026-04-22 13:00:00,27.29,27.3,27.29,27.3,1900
2026-04-22 13:05:00,27.305,27.305,27.305,27.305,100
2026-04-22 13:10:00,27.31,27.31,27.31,27.31,600
2026-04-22 13:15:00,27.31,27.31,27.31,27.31,64933
2026-04-22 13:20:00,27.31,27.3141,27.31,27.3141,638
2026-04-22 13:25:00,27.31,27.31,27.305,27.305,1300
2026-04-22 13:30:00,27.31,27.31,27.31,27.31,800
2026-04-22 13:45:00,27.3101,27.3101,27.31,27.31,307
2026-04-22 13:50:00,27.3199,27.3199,27.3199,27.3199,366
2026-04-22 13:55:00,27.315,27.315,27.315,27.315,100
2026-04-22 14:00:00,27.3155,27.3155,27.3155,27.3155,546
2026-04-22 14:10:00,27.315,27.315,27.315,27.315,200
2026-04-22 14:15:00,27.315,27.315,27.315,27.315,700
2026-04-22 14:20:00,27.315,27.315,27.31,27.31,3100
2026-04-22 14:25:00,27.305,27.305,27.305,27.305,1634
2026-04-22 14:30:00,27.305,27.305,27.305,27.305,100
2026-04-22 14:40:00,27.305,27.305,27.305,27.305,400
2026-04-22 14:45:00,27.3001,27.3001,27.3001,27.3001,158
2026-04-22 14:50:00,27.31,27.31,27.3041,27.3041,226129
2026-04-22 14:55:00,27.301,27.305,27.301,27.305,700
2026-04-22 15:00:00,27.31,27.31,27.31,27.31,100
2026-04-22 15:05:00,27.3099,27.3099,27.3099,27.3099,2130
2026-04-22 15:10:00,27.305,27.31,27.305,27.3099,1908
2026-04-22 15:15:00,27.305,27.31,27.305,27.31,958
2026-04-22 15:20:00,27.305,27.305,27.3001,27.3001,806
2026-04-22 15:25:00,27.315,27.315,27.315,27.315,1500
2026-04-22 15:30:00,27.315,27.3199,27.305,27.305,4521
2026-04-22 15:35:00,27.3,27.305,27.3,27.305,1680
2026-04-22 15:40:00,27.3059,27.3059,27.3059,27.3059,495
2026-04-22 15:45:00,27.3097,27.3099,27.295,27.295,2303
2026-04-22 15:50:00,27.29,27.29,27.285,27.29,3500
2026-04-22 15:55:00,27.2945,27.295,27.2945,27.295,3568
2026-04-22 16:35:00,27.28,27.28,27.28,27.28,500
2026-04-23 08:45:00,27.28,27.28,27.28,27.28,32000
2026-04-23 09:30:00,27.31,27.32,27.31,27.315,2989
2026-04-23 09:35:00,27.315,27.315,27.315,27.315,661
2026-04-23 09:40:00,27.32,27.325,27.32,27.32,36197
2026-04-23 09:45:00,27.31,27.32,27.31,27.32,559
2026-04-23 09:55:00,27.335,27.335,27.335,27.335,259
2026-04-23 10:00:00,27.3199,27.3199,27.315,27.315,697
2026-04-23 10:10:00,27.335,27.335,27.335,27.335,185
2026-04-23 10:15:00,27.335,27.335,27.335,27.335,100
2026-04-23 10:25:00,27.3343,27.34,27.3327,27.335,3975
2026-04-23 10:30:00,27.34,27.34,27.33,27.33,1734
2026-04-23 10:35:00,27.325,27.325,27.325,27.325,100
2026-04-23 10:40:00,27.33,27.33,27.33,27.33,400
2026-04-23 10:45:00,27.345,27.345,27.34,27.34,760
2026-04-23 10:50:00,27.345,27.345,27.3401,27.3401,356
2026-04-23 10:55:00,27.3398,27.3398,27.3398,27.3398,1097
2026-04-23 11:00:00,27.335,27.345,27.335,27.345,1067
2026-04-23 11:05:00,27.34,27.34,27.34,27.34,400
2026-04-23 11:15:00,27.335,27.335,27.335,27.335,100
2026-04-23 11:20:00,27.3402,27.35,27.34,27.3436,63774
2026-04-23 11:25:00,27.3469,27.35,27.345,27.345,3662
2026-04-23 11:30:00,27.34,27.34,27.335,27.335,4513
2026-04-23 11:35:00,27.335,27.335,27.335,27.335,2315
2026-04-23 11:40:00,27.34,27.34,27.325,27.325,1652
2026-04-23 11:45:00,27.32,27.32,27.31,27.31,6000
2026-04-23 11:55:00,27.32,27.32,27.32,27.32,600
2026-04-23 12:00:00,27.321,27.321,27.32,27.32,900
2026-04-23 12:05:00,27.315,27.315,27.31,27.31,2625
2026-04-23 12:15:00,27.315,27.32,27.315,27.32,300
2026-04-23 12:20:00,27.31,27.32,27.31,27.3199,3514
2026-04-23 12:25:00,27.32,27.325,27.32,27.32,1146
2026-04-23 12:30:00,27.315,27.315,27.315,27.315,2569
2026-04-23 12:40:00,27.32,27.32,27.32,27.32,400
2026-04-23 12:45:00,27.325,27.325,27.325,27.325,121
2026-04-23 12:50:00,27.32,27.32,27.32,27.32,242
2026-04-23 12:55:00,27.325,27.33,27.315,27.315,17192
2026-04-23 13:00:00,27.32,27.32,27.29,27.295,3300
2026-04-23 13:05:00,27.285,27.285,27.25,27.25,5108
2026-04-23 13:10:00,27.245,27.245,27.22,27.225,7258
2026-04-23 13:15:00,27.225,27.225,27.2,27.2,17167
2026-04-23 13:20:00,27.195,27.2,27.19,27.195,11633
2026-04-23 13:25:00,27.2,27.21,27.195,27.195,53533
2026-04-23 13:30:00,27.185,27.195,27.185,27.195,909
2026-04-23 13:35:00,27.21,27.21,27.195,27.195,2728
2026-04-23 13:40:00,27.175,27.175,27.175,27.175,600
2026-04-23 13:45:00,27.1706,27.2,27.1706,27.19,15592
2026-04-23 13:50:00,27.19,27.24,27.19,27.215,102805
2026-04-23 13:55:00,27.23,27.25,27.23,27.25,800
2026-04-23 14:00:00,27.255,27.27,27.255,27.27,1968
2026-04-23 14:05:00,27.26,27.265,27.26,27.26,19106
2026-04-23 14:10:00,27.26,27.26,27.252,27.252,1230
2026-04-23 14:15:00,27.2542,27.265,27.25,27.265,6329
2026-04-23 14:20:00,27.26,27.265,27.255,27.26,10497
2026-04-23 14:25:00,27.25,27.2658,27.25,27.265,4117
2026-04-23 14:30:00,27.2699,27.2699,27.2642,27.2642,601
2026-04-23 14:35:00,27.275,27.275,27.265,27.265,2478
2026-04-23 14:40:00,27.26,27.265,27.25,27.265,1948
2026-04-23 14:45:00,27.26,27.26,27.26,27.26,200
2026-04-23 14:50:00,27.26,27.26,27.26,27.26,100
2026-04-23 14:55:00,27.26,27.26,27.25,27.25,1313
2026-04-23 15:00:00,27.25,27.25,27.2361,27.2361,6753
2026-04-23 15:05:00,27.23,27.24,27.23,27.24,17843
2026-04-23 15:10:00,27.245,27.245,27.245,27.245,829
2026-04-23 15:15:00,27.24,27.24,27.24,27.24,500
2026-04-23 15:20:00,27.24,27.245,27.24,27.24,3290
2026-04-23 15:25:00,27.23,27.23,27.23,27.23,100
2026-04-23 15:30:00,27.24,27.245,27.24,27.24,1002
2026-04-23 15:35:00,27.24,27.245,27.24,27.245,634
2026-04-23 15:40:00,27.24,27.24,27.235,27.235,1400
2026-04-23 15:45:00,27.24,27.2599,27.24,27.2599,2050
2026-04-23 15:50:00,27.25,27.255,27.245,27.255,2472
2026-04-23 15:55:00,27.25,27.25,27.24,27.24,5458
2026-04-23 16:00:00,27.25,27.25,27.25,27.25,6060
2026-04-24 09:30:00,27.23,27.23,27.18,27.19,6540
2026-04-24 09:35:00,27.2,27.2,27.2,27.2,100
2026-04-24 09:40:00,27.22,27.22,27.22,27.22,550
2026-04-24 09:50:00,27.22,27.22,27.215,27.215,300
2026-04-24 09:55:00,27.2199,27.2465,27.2199,27.2465,1743
2026-04-24 10:00:00,27.24,27.26,27.23,27.26,14744
2026-04-24 10:05:00,27.27,27.275,27.26,27.275,9722
2026-04-24 10:10:00,27.275,27.3,27.275,27.3,4260
2026-04-24 10:15:00,27.29,27.3,27.29,27.3,4450
2026-04-24 10:20:00,27.3,27.3,27.29,27.29,3456
2026-04-24 10:25:00,27.28,27.28,27.2756,27.28,4514
2026-04-24 10:30:00,27.275,27.29,27.275,27.29,7067
2026-04-24 10:35:00,27.29,27.29,27.285,27.285,2626
2026-04-24 10:40:00,27.3,27.3,27.295,27.295,1416
2026-04-24 10:45:00,27.2984,27.2984,27.29,27.29,1197
2026-04-24 10:50:00,27.29,27.2999,27.29,27.2999,540
2026-04-24 10:55:00,27.3,27.3,27.3,27.3,500
2026-04-24 11:00:00,27.3,27.305,27.2986,27.2986,5963
2026-04-24 11:10:00,27.29,27.29,27.29,27.29,1226
2026-04-24 11:15:00,27.28,27.28,27.28,27.28,18527
2026-04-24 11:20:00,27.275,27.28,27.275,27.28,112866
2026-04-24 11:25:00,27.27,27.27,27.265,27.265,838
2026-04-24 11:30:00,27.265,27.27,27.265,27.27,900
2026-04-24 11:35:00,27.27,27.27,27.27,27.27,6485
2026-04-24 11:40:00,27.27,27.305,27.27,27.305,32417
2026-04-24 11:45:00,27.3,27.3,27.285,27.285,11246
2026-04-24 11:50:00,27.285,27.3,27.285,27.3,6150
2026-04-24 12:00:00,27.31,27.31,27.295,27.3,8449
2026-04-24 12:05:00,27.3,27.3,27.28,27.28,2039
2026-04-24 12:10:00,27.285,27.298,27.285,27.298,6178
2026-04-24 12:15:00,27.3,27.3,27.29,27.29,1427
2026-04-24 12:20:00,27.29,27.29,27.29,27.29,415
2026-04-24 12:30:00,27.295,27.3,27.295,27.3,7558
2026-04-24 12:35:00,27.29,27.295,27.29,27.295,1079
2026-04-24 12:40:00,27.285,27.285,27.28,27.28,708
2026-04-24 12:45:00,27.275,27.28,27.275,27.28,247
2026-04-24 12:55:00,27.2899,27.29,27.2899,27.29,1778
2026-04-24 13:00:00,27.29,27.29,27.29,27.29,4997
2026-04-24 13:05:00,27.285,27.285,27.28,27.28,18625
2026-04-24 13:10:00,27.285,27.285,27.285,27.285,84851
2026-04-24 13:15:00,27.2801,27.2801,27.275,27.275,1036
2026-04-24 13:30:00,27.27,27.27,27.27,27.27,100
2026-04-24 13:35:00,27.28,27.28,27.28,27.28,850
2026-04-24 13:45:00,27.27,27.27,27.27,27.27,291
2026-04-24 13:50:00,27.28,27.28,27.28,27.28,13300
2026-04-24 13:55:00,27.2856,27.2856,27.2856,27.2856,1183
2026-04-24 14:00:00,27.275,27.285,27.275,27.285,1000
2026-04-24 14:05:00,27.28,27.28,27.2799,27.2799,433
2026-04-24 14:10:00,27.28,27.28,27.2701,27.2701,1517
2026-04-24 14:20:00,27.275,27.275,27.27,27.27,4014
2026-04-24 14:25:00,27.27,27.27,27.26,27.26,1412
2026-04-24 14:30:00,27.27,27.27,27.27,27.27,900
2026-04-24 14:35:00,27.27,27.274,27.265,27.265,1713
2026-04-24 14:40:00,27.27,27.275,27.27,27.275,329
2026-04-24 15:00:00,27.285,27.3,27.285,27.3,3715
2026-04-24 15:05:00,27.3,27.3,27.3,27.3,200
2026-04-24 15:10:00,27.3,27.3,27.3,27.3,1850
2026-04-24 15:15:00,27.305,27.305,27.305,27.305,200
2026-04-24 15:20:00,27.3096,27.3096,27.305,27.305,588
2026-04-24 15:25:00,27.305,27.305,27.305,27.305,100
2026-04-24 15:30:00,27.3,27.305,27.3,27.305,248
2026-04-24 15:35:00,27.3,27.31,27.3,27.305,11212
2026-04-24 15:40:00,27.3084,27.3084,27.3084,27.3084,1256
2026-04-24 15:45:00,27.3,27.3,27.295,27.295,3063
2026-04-24 15:50:00,27.29,27.295,27.29,27.295,2309
2026-04-24 15:55:00,27.29,27.3,27.29,27.3,3159
2026-04-27 09:30:00,27.2459,27.255,27.2459,27.255,1270
2026-04-27 09:40:00,27.255,27.255,27.25,27.25,500
2026-04-27 09:45:00,27.2471,27.25,27.245,27.25,2218
2026-04-27 09:50:00,27.255,27.2589,27.255,27.255,1156
2026-04-27 09:55:00,27.26,27.265,27.26,27.26,300
2026-04-27 10:00:00,27.2601,27.2601,27.2601,27.2601,184
2026-04-27 10:15:00,27.26,27.26,27.26,27.26,200
2026-04-27 10:20:00,27.26,27.26,27.255,27.255,245
2026-04-27 10:35:00,27.26,27.265,27.26,27.265,1818
2026-04-27 10:40:00,27.265,27.27,27.265,27.27,395
2026-04-27 10:45:00,27.26,27.265,27.26,27.26,1438
2026-04-27 10:50:00,27.255,27.255,27.255,27.255,1314
2026-04-27 10:55:00,27.25,27.25,27.25,27.25,100
2026-04-27 11:00:00,27.24,27.24,27.215,27.2197,3147
2026-04-27 11:05:00,27.22,27.22,27.2199,27.22,1117
2026-04-27 11:10:00,27.22,27.225,27.215,27.215,5368
2026-04-27 11:15:00,27.215,27.2258,27.21,27.225,1739
2026-04-27 11:20:00,27.21,27.21,27.21,27.21,100
2026-04-27 11:30:00,27.22,27.23,27.22,27.225,249939
2026-04-27 11:40:00,27.22,27.23,27.22,27.23,1701
2026-04-27 11:45:00,27.225,27.23,27.225,27.23,41187
2026-04-27 11:50:00,27.225,27.225,27.225,27.225,10000
2026-04-27 11:55:00,27.23,27.23,27.23,27.23,100
2026-04-27 12:00:00,27.23,27.23,27.23,27.23,1429
2026-04-27 12:05:00,27.23,27.235,27.23,27.235,5729
2026-04-27 12:10:00,27.24,27.24,27.23,27.23,4495
2026-04-27 12:20:00,27.235,27.235,27.235,27.235,216
2026-04-27 12:25:00,27.235,27.235,27.225,27.225,2244
2026-04-27 12:30:00,27.225,27.225,27.225,27.225,11400
2026-04-27 12:35:00,27.23,27.23,27.2298,27.23,1462
2026-04-27 12:45:00,27.236,27.24,27.236,27.24,3028
2026-04-27 12:50:00,27.24,27.24,27.24,27.24,5822
2026-04-27 12:55:00,27.23,27.235,27.23,27.23,4089
2026-04-27 13:00:00,27.23,27.23,27.215,27.215,8469
2026-04-27 13:05:00,27.215,27.22,27.2,27.2,61055
2026-04-27 13:10:00,27.2,27.2,27.2,27.2,2310
2026-04-27 13:15:00,27.2,27.2,27.19,27.19,9324
2026-04-27 13:20:00,27.19,27.2,27.19,27.2,11814
2026-04-27 13:25:00,27.2,27.2,27.195,27.2,1780
2026-04-27 13:35:00,27.2001,27.205,27.2001,27.205,228
2026-04-27 13:40:00,27.21,27.21,27.21,27.21,2400
2026-04-27 13:45:00,27.21,27.21,27.21,27.21,300
2026-04-27 13:55:00,27.21,27.21,27.21,27.21,200
2026-04-27 14:00:00,27.205,27.205,27.205,27.205,531
2026-04-27 14:05:00,27.21,27.21,27.21,27.21,404
2026-04-27 14:10:00,27.21,27.216,27.21,27.216,1864
2026-04-27 14:15:00,27.215,27.215,27.21,27.215,2810
2026-04-27 14:20:00,27.215,27.22,27.2146,27.22,4723
2026-04-27 14:30:00,27.215,27.215,27.215,27.215,3636
2026-04-27 14:35:00,27.22,27.23,27.22,27.23,2404
2026-04-27 14:45:00,27.22,27.225,27.22,27.225,400
2026-04-27 14:55:00,27.2272,27.2272,27.215,27.22,9563
2026-04-27 15:00:00,27.215,27.215,27.215,27.215,20800
2026-04-27 15:05:00,27.2103,27.2103,27.2103,27.2103,242
2026-04-27 15:10:00,27.21,27.21,27.205,27.21,18396
2026-04-27 15:15:00,27.21,27.21,27.21,27.21,549
2026-04-27 15:20:00,27.205,27.205,27.205,27.205,3300
2026-04-27 15:25:00,27.21,27.21,27.2093,27.21,1772
2026-04-27 15:30:00,27.21,27.215,27.21,27.21,49865
2026-04-27 15:35:00,27.205,27.21,27.205,27.21,7589
2026-04-27 15:40:00,27.215,27.215,27.215,27.215,545
2026-04-27 15:45:00,27.22,27.225,27.215,27.22,36225
2026-04-27 15:50:00,27.22,27.225,27.215,27.215,5082
2026-04-27 15:55:00,27.22,27.22,27.215,27.22,31636
2026-04-27 16:00:00,27.22,27.22,27.22,27.22,430
2026-04-28 09:30:00,27.15,27.16,27.145,27.155,6768
2026-04-28 09:35:00,27.155,27.16,27.145,27.15,2519
2026-04-28 09:40:00,27.15,27.1699,27.15,27.165,2146
2026-04-28 09:45:00,27.17,27.18,27.17,27.175,2867
2026-04-28 09:50:00,27.175,27.18,27.175,27.18,2600
2026-04-28 09:55:00,27.175,27.175,27.165,27.17,1657
2026-04-28 10:00:00,27.16,27.16,27.14,27.14,200
2026-04-28 10:05:00,27.135,27.14,27.135,27.14,669
2026-04-28 10:10:00,27.14,27.14,27.14,27.14,600
2026-04-28 10:15:00,27.14,27.15,27.14,27.145,89981
2026-04-28 10:20:00,27.145,27.145,27.14,27.145,3300
2026-04-28 10:25:00,27.145,27.15,27.145,27.15,847
2026-04-28 10:30:00,27.15,27.155,27.14,27.14,2700
2026-04-28 10:35:00,27.1403,27.15,27.135,27.135,51351
2026-04-28 10:40:00,27.13,27.135,27.125,27.135,6828
2026-04-28 10:45:00,27.135,27.14,27.135,27.14,23391
2026-04-28 10:50:00,27.135,27.1399,27.13,27.135,7228
2026-04-28 10:55:00,27.1342,27.15,27.1342,27.15,4236
2026-04-28 11:00:00,27.15,27.17,27.15,27.17,3910
2026-04-28 11:05:00,27.165,27.165,27.16,27.165,700
2026-04-28 11:10:00,27.165,27.165,27.165,27.165,600
2026-04-28 11:15:00,27.165,27.175,27.165,27.1703,940
2026-04-28 11:20:00,27.175,27.175,27.17,27.17,1433
2026-04-28 11:25:00,27.165,27.17,27.165,27.17,973
2026-04-28 11:30:00,27.165,27.165,27.165,27.165,500
2026-04-28 11:35:00,27.165,27.17,27.165,27.165,901
2026-04-28 11:40:00,27.165,27.165,27.165,27.165,1120
2026-04-28 11:45:00,27.16,27.16,27.155,27.16,2345
2026-04-28 11:50:00,27.165,27.165,27.165,27.165,2548
2026-04-28 11:55:00,27.165,27.17,27.16,27.165,780
2026-04-28 12:00:00,27.16,27.17,27.16,27.165,1007
2026-04-28 12:05:00,27.165,27.165,27.165,27.165,400
2026-04-28 12:10:00,27.17,27.17,27.165,27.165,347
2026-04-28 12:15:00,27.16,27.165,27.155,27.155,1768
2026-04-28 12:20:00,27.16,27.16,27.155,27.155,700
2026-04-28 12:25:00,27.16,27.165,27.16,27.165,864
2026-04-28 12:30:00,27.1601,27.1601,27.16,27.16,661
2026-04-28 12:35:00,27.16,27.16,27.155,27.16,1648
2026-04-28 12:40:00,27.16,27.1662,27.16,27.1662,8683
2026-04-28 12:45:00,27.17,27.17,27.17,27.17,200
2026-04-28 12:50:00,27.17,27.185,27.17,27.185,2595
2026-04-28 12:55:00,27.18,27.18,27.175,27.175,2183
2026-04-28 13:00:00,27.175,27.175,27.165,27.17,800
2026-04-28 13:05:00,27.165,27.165,27.165,27.165,300
2026-04-28 13:10:00,27.16,27.16,27.16,27.16,1600
2026-04-28 13:15:00,27.165,27.17,27.1542,27.1542,1942
2026-04-28 13:20:00,27.16,27.1658,27.16,27.16,822
2026-04-28 13:25:00,27.165,27.17,27.165,27.165,678
2026-04-28 13:30:00,27.165,27.165,27.16,27.165,626
2026-04-28 13:35:00,27.17,27.17,27.165,27.165,300
2026-04-28 13:40:00,27.17,27.175,27.17,27.1701,2860
2026-04-28 13:45:00,27.175,27.175,27.17,27.17,2354
2026-04-28 13:50:00,27.165,27.17,27.165,27.17,1756
2026-04-28 13:55:00,27.165,27.165,27.165,27.165,600
2026-04-28 14:00:00,27.17,27.175,27.17,27.17,975
2026-04-28 14:10:00,27.175,27.175,27.175,27.175,600
2026-04-28 14:15:00,27.175,27.175,27.175,27.175,400
2026-04-28 14:20:00,27.18,27.19,27.18,27.185,7147
2026-04-28 14:25:00,27.185,27.185,27.175,27.175,370
2026-04-28 14:30:00,27.18,27.185,27.175,27.185,800
2026-04-28 14:35:00,27.18,27.185,27.1758,27.185,819
2026-04-28 14:40:00,27.185,27.19,27.185,27.19,952
2026-04-28 14:45:00,27.195,27.2,27.195,27.195,600
2026-04-28 14:50:00,27.195,27.2,27.195,27.195,812
2026-04-28 14:55:00,27.195,27.195,27.195,27.195,400
2026-04-28 15:00:00,27.192,27.2,27.192,27.195,818
2026-04-28 15:05:00,27.1955,27.2,27.195,27.2,323
2026-04-28 15:10:00,27.2,27.2,27.195,27.2,2333
2026-04-28 15:15:00,27.2,27.2,27.195,27.195,300
2026-04-28 15:20:00,27.195,27.2,27.195,27.195,1405
2026-04-28 15:25:00,27.195,27.195,27.195,27.195,892
2026-04-28 15:30:00,27.2,27.2,27.195,27.195,1475
2026-04-28 15:35:00,27.1902,27.2,27.1902,27.195,6377
2026-04-28 15:40:00,27.195,27.195,27.1901,27.195,855
2026-04-28 15:45:00,27.195,27.2,27.195,27.195,751
2026-04-28 15:50:00,27.2,27.2,27.195,27.195,200
2026-04-28 15:55:00,27.2,27.21,27.1942,27.21,7940
2026-04-28 16:00:00,27.21,27.21,27.21,27.21,27972
2026-04-29 09:30:00,27.12,27.12,27.11,27.11,8761
2026-04-29 09:35:00,27.11,27.11,27.11,27.11,1400
2026-04-29 09:40:00,27.11,27.115,27.11,27.115,5788
2026-04-29 09:45:00,27.11,27.115,27.0941,27.0941,11263
2026-04-29 09:50:00,27.0901,27.0901,27.085,27.085,268
2026-04-29 09:55:00,27.08,27.08,27.08,27.08,100
2026-04-29 10:00:00,27.065,27.0799,27.065,27.07,4405
2026-04-29 10:10:00,27.09,27.09,27.09,27.09,1600
2026-04-29 10:20:00,27.095,27.095,27.095,27.095,500
2026-04-29 10:25:00,27.095,27.096,27.0903,27.096,803
2026-04-29 10:30:00,27.09,27.095,27.09,27.095,310
2026-04-29 10:40:00,27.09,27.09,27.09,27.09,1600
2026-04-29 10:45:00,27.085,27.085,27.085,27.085,1008
2026-04-29 10:50:00,27.08,27.08,27.08,27.08,100
2026-04-29 11:10:00,27.08,27.08,27.08,27.08,200
2026-04-29 11:15:00,27.075,27.085,27.075,27.075,830
2026-04-29 11:25:00,27.08,27.08,27.08,27.08,100
2026-04-29 11:35:00,27.0753,27.0753,27.075,27.075,1977
2026-04-29 11:40:00,27.08,27.08,27.08,27.08,5300
2026-04-29 11:45:00,27.09,27.09,27.09,27.09,731
2026-04-29 11:50:00,27.1,27.11,27.04,27.045,102583
2026-04-29 11:55:00,27.05,27.07,27.05,27.07,7642
2026-04-29 12:00:00,27.07,27.07,27.07,27.07,200
2026-04-29 12:05:00,27.08,27.085,27.08,27.08,3000
2026-04-29 12:10:00,27.08,27.08,27.075,27.075,1864
2026-04-29 12:20:00,27.07,27.07,27.07,27.07,100
2026-04-29 12:25:00,27.07,27.07,27.07,27.07,900
2026-04-29 12:30:00,27.06,27.07,27.06,27.06,22575
2026-04-29 12:35:00,27.06,27.07,27.06,27.07,1838
2026-04-29 12:40:00,27.07,27.07,27.07,27.07,1600
2026-04-29 12:45:00,27.0701,27.0701,27.0701,27.0701,740
2026-04-29 12:50:00,27.075,27.075,27.075,27.075,12563
2026-04-29 12:55:00,27.075,27.0799,27.075,27.0776,3213
2026-04-29 13:05:00,27.075,27.075,27.075,27.075,100
2026-04-29 13:10:00,27.07,27.07,27.07,27.07,100
2026-04-29 13:15:00,27.065,27.065,27.065,27.065,13617
2026-04-29 13:20:00,27.07,27.0758,27.07,27.07,6377
2026-04-29 13:25:00,27.065,27.065,27.065,27.065,385
2026-04-29 13:30:00,27.07,27.07,27.07,27.07,8300
2026-04-29 13:45:00,27.08,27.0899,27.08,27.08,834
2026-04-29 13:50:00,27.0859,27.0859,27.0859,27.0859,130
2026-04-29 13:55:00,27.085,27.09,27.08,27.08,1100
2026-04-29 14:00:00,27.07,27.08,27.06,27.08,7269
2026-04-29 14:05:00,27.08,27.08,27.05,27.05,1000
2026-04-29 14:10:00,27.055,27.055,27.05,27.052,3021
2026-04-29 14:15:00,27.05,27.07,27.0491,27.07,6270
2026-04-29 14:20:00,27.0602,27.0602,27.0602,27.0602,396
2026-04-29 14:30:00,27.05,27.055,27.045,27.05,8610
2026-04-29 14:35:00,27.06,27.075,27.035,27.0399,40417
2026-04-29 14:40:00,27.045,27.045,27.01,27.01,13116
2026-04-29 14:45:00,27.01,27.03,27.005,27.03,32700
2026-04-29 14:50:00,27.03,27.03,27.03,27.03,626
2026-04-29 14:55:00,27.03,27.035,27.03,27.03,16561
2026-04-29 15:00:00,27.04,27.05,27.04,27.05,3400
2026-04-29 15:05:00,27.0599,27.0599,27.05,27.0501,27452
2026-04-29 15:10:00,27.055,27.06,27.055,27.06,54250
2026-04-29 15:15:00,27.065,27.065,27.065,27.065,2116
2026-04-29 15:20:00,27.065,27.065,27.065,27.065,100
2026-04-29 15:25:00,27.065,27.065,27.06,27.06,1611
2026-04-29 15:30:00,27.055,27.055,27.04,27.04,9900
2026-04-29 15:35:00,27.04,27.04,27.04,27.04,12535
2026-04-29 15:40:00,27.04,27.04,27.0301,27.0386,4193
2026-04-29 15:50:00,27.035,27.04,27.03,27.04,7450
2026-04-29 15:55:00,27.03,27.04,27.03,27.03,42054
2026-04-29 16:05:00,27.05,27.05,27.05,27.05,500
2026-04-29 16:55:00,27,27,27,27,700
2026-04-30 09:30:00,27.1,27.1,27.1,27.1,6100
2026-04-30 09:35:00,27.09,27.09,27.085,27.085,1717
2026-04-30 09:40:00,27.08,27.08,27.08,27.08,200
2026-04-30 09:45:00,27.085,27.09,27.085,27.09,1000
2026-04-30 09:50:00,27.09,27.09,27.09,27.09,300
2026-04-30 10:00:00,27.09,27.09,27.09,27.09,5363
2026-04-30 10:05:00,27.085,27.085,27.07,27.07,600
2026-04-30 10:10:00,27.07,27.07,27.07,27.07,1100
2026-04-30 10:15:00,27.07,27.07,27.065,27.065,900
2026-04-30 10:20:00,27.075,27.075,27.075,27.075,300
2026-04-30 10:25:00,27.07,27.075,27.07,27.075,700
2026-04-30 10:30:00,27.0801,27.09,27.08,27.08,1573
2026-04-30 10:35:00,27.07,27.07,27.06,27.06,900
2026-04-30 10:40:00,27.07,27.07,27.07,27.07,800
2026-04-30 10:45:00,27.07,27.07,27.07,27.07,100
2026-04-30 10:55:00,27.075,27.075,27.075,27.075,500
2026-04-30 11:00:00,27.07,27.07,27.07,27.07,100
2026-04-30 11:05:00,27.0799,27.0799,27.075,27.075,612
2026-04-30 11:10:00,27.09,27.09,27.085,27.0893,1232
2026-04-30 11:15:00,27.08,27.0841,27.08,27.08,741
2026-04-30 11:20:00,27.085,27.085,27.08,27.08,3568
2026-04-30 11:25:00,27.09,27.09,27.09,27.09,100
2026-04-30 11:30:00,27.09,27.0998,27.0898,27.09,7742
2026-04-30 11:35:00,27.08,27.08,27.08,27.08,751
2026-04-30 11:40:00,27.08,27.085,27.08,27.08,14350
2026-04-30 11:45:00,27.08,27.08,27.08,27.08,900
2026-04-30 11:55:00,27.07,27.07,27.07,27.07,600
2026-04-30 12:00:00,27.07,27.07,27.07,27.07,100
2026-04-30 12:05:00,27.08,27.08,27.08,27.08,373
2026-04-30 12:10:00,27.085,27.09,27.08,27.08,766
2026-04-30 12:15:00,27.085,27.085,27.08,27.08,1500
2026-04-30 12:25:00,27.08,27.0883,27.08,27.08,1471
2026-04-30 12:30:00,27.07,27.075,27.07,27.075,267
2026-04-30 12:35:00,27.07,27.075,27.07,27.075,1341
2026-04-30 12:40:00,27.07,27.07,27.07,27.07,100
2026-04-30 12:45:00,27.0701,27.0701,27.07,27.0701,415
2026-04-30 12:50:00,27.0799,27.0799,27.06,27.065,3462
2026-04-30 12:55:00,27.07,27.07,27.07,27.07,400
2026-04-30 13:05:00,27.075,27.075,27.075,27.075,581
2026-04-30 13:10:00,27.075,27.075,27.07,27.07,1200
2026-04-30 13:15:00,27.07,27.07,27.06,27.06,1393
2026-04-30 13:25:00,27.065,27.065,27.065,27.065,500
2026-04-30 13:30:00,27.065,27.075,27.065,27.075,2388
2026-04-30 13:35:00,27.075,27.075,27.07,27.07,300
2026-04-30 13:40:00,27.07,27.075,27.07,27.075,3291
2026-04-30 13:55:00,27.0701,27.075,27.0701,27.075,493
2026-04-30 14:00:00,27.07,27.09,27.07,27.08,1225
2026-04-30 14:10:00,27.09,27.09,27.085,27.085,1482
2026-04-30 14:20:00,27.1,27.1,27.1,27.1,425
2026-04-30 14:25:00,27.095,27.095,27.095,27.095,455
2026-04-30 14:30:00,27.09,27.09,27.08,27.08,1732
2026-04-30 14:35:00,27.0797,27.0797,27.0797,27.0797,1272
2026-04-30 14:40:00,27.075,27.0799,27.07,27.07,1579
2026-04-30 14:45:00,27.07,27.07,27.07,27.07,700
2026-04-30 14:50:00,27.08,27.08,27.07,27.07,800
2026-04-30 14:55:00,27.075,27.075,27.06,27.07,1299
2026-04-30 15:00:00,27.08,27.0843,27.08,27.0843,648
2026-04-30 15:05:00,27.09,27.09,27.0843,27.0843,534
2026-04-30 15:15:00,27.1,27.1,27.09,27.09,1328
2026-04-30 15:20:00,27.09,27.09,27.085,27.09,12434
2026-04-30 15:25:00,27.08,27.0802,27.08,27.08,1784
2026-04-30 15:30:00,27.08,27.08,27.08,27.08,392
2026-04-30 15:35:00,27.085,27.09,27.08,27.085,34418
2026-04-30 15:40:00,27.085,27.085,27.08,27.0801,521
2026-04-30 15:45:00,27.09,27.09,27.05,27.05,14550
2026-04-30 15:50:00,27.05,27.05,27.04,27.04,2747
2026-04-30 15:55:00,27.04,27.059,27.015,27.059,25364
2026-04-30 16:00:00,27.05,27.07,27.05,27.07,1109
2026-05-01 09:30:00,27.09,27.09,27.08,27.08,1440
2026-05-01 09:35:00,27.085,27.0899,27.07,27.07,2087
2026-05-01 09:40:00,27.08,27.08,27.08,27.08,239
2026-05-01 09:45:00,27.07,27.07,27.07,27.07,1100
2026-05-01 09:50:00,27.06,27.07,27.06,27.07,39654
2026-05-01 09:55:00,27.09,27.115,27.09,27.1,8303
2026-05-01 10:00:00,27.12,27.13,27.12,27.13,4625
2026-05-01 10:05:00,27.15,27.16,27.15,27.16,4678
2026-05-01 10:10:00,27.17,27.18,27.17,27.18,4300
2026-05-01 10:15:00,27.19,27.195,27.19,27.19,7938
2026-05-01 10:20:00,27.2,27.21,27.2,27.21,1000
2026-05-01 10:25:00,27.2,27.205,27.2,27.2,1775
2026-05-01 10:30:00,27.19,27.19,27.1755,27.1755,8970
2026-05-01 10:35:00,27.165,27.165,27.155,27.155,740
2026-05-01 10:40:00,27.15,27.15,27.1399,27.15,4268
2026-05-01 10:45:00,27.1401,27.1401,27.1401,27.1401,528
2026-05-01 10:50:00,27.145,27.145,27.14,27.14,200
2026-05-01 10:55:00,27.135,27.14,27.135,27.14,7667
2026-05-01 11:00:00,27.14,27.14,27.13,27.13,18100
2026-05-01 11:05:00,27.13,27.13,27.12,27.12,3686
2026-05-01 11:10:00,27.12,27.1201,27.1157,27.1201,6015
2026-05-01 11:15:00,27.13,27.13,27.13,27.13,2600
2026-05-01 11:20:00,27.13,27.135,27.13,27.135,684
2026-05-01 11:25:00,27.13,27.13,27.13,27.13,1100
2026-05-01 11:30:00,27.13,27.13,27.125,27.125,2362
2026-05-01 11:35:00,27.135,27.135,27.135,27.135,12496
2026-05-01 11:40:00,27.135,27.135,27.135,27.135,624
2026-05-01 11:45:00,27.14,27.14,27.14,27.14,1327
2026-05-01 11:50:00,27.14,27.14,27.14,27.14,5700
2026-05-01 11:55:00,27.12,27.12,27.11,27.11,433
2026-05-01 12:05:00,27.128,27.128,27.128,27.128,185
2026-05-01 12:10:00,27.13,27.13,27.13,27.13,375
2026-05-01 12:15:00,27.14,27.14,27.14,27.14,900
2026-05-01 12:20:00,27.15,27.15,27.12,27.135,18632
2026-05-01 12:25:00,27.13,27.14,27.13,27.14,664
2026-05-01 12:30:00,27.13,27.13,27.12,27.12,3718
2026-05-01 12:35:00,27.14,27.14,27.14,27.14,355
2026-05-01 12:40:00,27.14,27.14,27.14,27.14,100
2026-05-01 12:50:00,27.14,27.14,27.14,27.14,200
2026-05-01 12:55:00,27.1301,27.135,27.13,27.13,3115
2026-05-01 13:00:00,27.12,27.12,27.1101,27.1101,1006
2026-05-01 13:05:00,27.12,27.12,27.12,27.12,1943
2026-05-01 13:10:00,27.125,27.125,27.125,27.125,1077
2026-05-01 13:15:00,27.13,27.13,27.115,27.12,12023
2026-05-01 13:20:00,27.13,27.13,27.13,27.13,200
2026-05-01 13:35:00,27.12,27.12,27.12,27.12,100
2026-05-01 13:40:00,27.1242,27.1242,27.1242,27.1242,110
2026-05-01 13:45:00,27.13,27.13,27.12,27.12,2598
2026-05-01 13:50:00,27.14,27.14,27.13,27.13,2825
2026-05-01 13:55:00,27.13,27.13,27.13,27.13,100
2026-05-01 14:00:00,27.13,27.1301,27.125,27.125,1516
2026-05-01 14:05:00,27.12,27.12,27.12,27.12,100
2026-05-01 14:25:00,27.115,27.125,27.115,27.125,1902
2026-05-01 14:35:00,27.1395,27.1395,27.13,27.13,1120
2026-05-01 14:40:00,27.135,27.1399,27.135,27.135,1141
2026-05-01 14:45:00,27.13,27.13,27.13,27.13,491
2026-05-01 15:00:00,27.13,27.135,27.125,27.135,3115
2026-05-01 15:10:00,27.13,27.13,27.13,27.13,100
2026-05-01 15:15:00,27.1399,27.1399,27.1399,27.1399,104
2026-05-01 15:25:00,27.1322,27.1322,27.13,27.13,1695
2026-05-01 15:30:00,27.12,27.1201,27.12,27.1201,1886
2026-05-01 15:40:00,27.125,27.125,27.115,27.115,15556
2026-05-01 15:45:00,27.115,27.12,27.11,27.11,522
2026-05-01 15:50:00,27.115,27.115,27.11,27.11,1207
2026-05-01 15:55:00,27.1,27.115,27.1,27.115,7334
2026-05-04 08:15:00,27.07,27.07,27.07,27.07,500
2026-05-04 09:00:00,27.08,27.08,27.07,27.08,26000
2026-05-04 09:20:00,27.06,27.06,27.06,27.06,18000
2026-05-04 09:30:00,27.06,27.06,27.05,27.055,2438
2026-05-04 09:35:00,27.05,27.055,27.05,27.05,1224
2026-05-04 09:40:00,27.04,27.04,27.04,27.04,100
2026-05-04 09:45:00,27.03,27.03,27.025,27.025,1658
2026-05-04 09:50:00,27.035,27.035,27.035,27.035,200
2026-05-04 09:55:00,27.02,27.02,27.02,27.02,100
2026-05-04 10:05:00,27.02,27.025,27.02,27.025,500
2026-05-04 10:10:00,27.02,27.02,27.02,27.02,100
2026-05-04 10:15:00,27.04,27.04,27.035,27.035,1601
2026-05-04 10:20:00,27.045,27.045,27.045,27.045,200
2026-05-04 10:25:00,27.0499,27.055,27.045,27.045,2805
2026-05-04 10:35:00,27.04,27.0495,27.04,27.04,2855
2026-05-04 10:40:00,27.045,27.045,27.045,27.045,1032
2026-05-04 10:45:00,27.04,27.04,27.0358,27.0358,11036
2026-05-04 10:50:00,27.0399,27.04,27.0399,27.04,1398
2026-05-04 10:55:00,27.04,27.04,27.03,27.03,3435
2026-05-04 11:00:00,27.02,27.035,27.02,27.035,62364
2026-05-04 11:05:00,27.0299,27.0299,27.0299,27.0299,392
2026-05-04 11:10:00,27.025,27.025,27.02,27.02,1230
2026-05-04 11:15:00,27.02,27.025,26.995,26.995,47259
2026-05-04 11:20:00,26.99,26.99,26.975,26.98,14609
2026-05-04 11:25:00,26.976,26.985,26.976,26.985,3515
2026-05-04 11:30:00,26.98,26.98,26.98,26.98,425
2026-05-04 11:35:00,26.9701,26.9701,26.9701,26.9701,103
2026-05-04 11:40:00,26.9606,26.9695,26.9606,26.9695,2977
2026-05-04 11:50:00,26.96,26.97,26.95,26.955,91048
2026-05-04 11:55:00,26.96,26.96,26.95,26.95,1725
2026-05-04 12:00:00,26.96,26.96,26.95,26.95,1500
2026-05-04 12:05:00,26.945,26.945,26.915,26.92,5435
2026-05-04 12:10:00,26.92,26.93,26.92,26.9201,1560
2026-05-04 12:15:00,26.92,26.93,26.92,26.93,2025
2026-05-04 12:25:00,26.94,26.94,26.935,26.935,407
2026-05-04 12:30:00,26.935,26.94,26.935,26.94,225
2026-05-04 12:35:00,26.93,26.9301,26.93,26.9301,694
2026-05-04 12:40:00,26.93,26.93,26.93,26.93,100
2026-05-04 12:45:00,26.925,26.925,26.925,26.925,2306
2026-05-04 12:50:00,26.925,26.925,26.92,26.925,2212
2026-05-04 12:55:00,26.92,26.9299,26.92,26.9299,4823
2026-05-04 13:00:00,26.935,26.935,26.93,26.93,2437
2026-05-04 13:05:00,26.94,26.9499,26.94,26.9499,2815
2026-05-04 13:10:00,26.94,26.94,26.94,26.94,219607
2026-05-04 13:15:00,26.94,26.95,26.94,26.95,3577
2026-05-04 13:20:00,26.955,26.9599,26.955,26.9599,497
2026-05-04 13:25:00,26.955,26.96,26.95,26.95,3216
2026-05-04 13:30:00,26.965,26.965,26.954,26.954,1166
2026-05-04 13:35:00,26.95,26.95,26.945,26.945,215
2026-05-04 13:40:00,26.95,26.95,26.95,26.95,400
2026-05-04 13:45:00,26.955,26.955,26.955,26.955,100
2026-05-04 13:50:00,26.9501,26.9501,26.9501,26.9501,391
2026-05-04 14:00:00,26.955,26.955,26.955,26.955,100
2026-05-04 14:05:00,26.96,26.96,26.96,26.96,5207
2026-05-04 14:15:00,26.95,26.956,26.95,26.95,1422
2026-05-04 14:20:00,26.95,26.95,26.95,26.95,900
2026-05-04 14:30:00,26.945,26.945,26.945,26.945,449
2026-05-04 14:35:00,26.95,26.95,26.95,26.95,1000
2026-05-04 14:40:00,26.95,26.95,26.95,26.95,459
2026-05-04 14:45:00,26.9401,26.9401,26.9401,26.9401,158
2026-05-04 14:55:00,26.946,26.946,26.94,26.94,1974
2026-05-04 15:00:00,26.95,26.96,26.95,26.96,1506
2026-05-04 15:05:00,26.96,26.975,26.955,26.965,33332
2026-05-04 15:10:00,26.975,26.975,26.975,26.975,881
2026-05-04 15:15:00,26.97,26.975,26.97,26.975,3312
2026-05-04 15:20:00,26.975,26.9758,26.97,26.97,2910
2026-05-04 15:25:00,26.9658,26.9658,26.9607,26.965,1623
2026-05-04 15:30:00,26.9699,26.97,26.9658,26.97,5423
2026-05-04 15:35:00,26.965,26.965,26.965,26.965,851
2026-05-04 15:45:00,26.965,26.97,26.965,26.97,300
2026-05-04 15:50:00,26.9698,26.975,26.9698,26.975,599
2026-05-04 15:55:00,26.97,26.97,26.969,26.97,6704
2026-05-04 16:20:00,26.98,26.98,26.98,26.98,500
2026-05-05 09:30:00,27.02,27.02,27.01,27.01,6009
2026-05-05 09:35:00,27.01,27.01,27.0001,27.0001,655
2026-05-05 09:40:00,27.005,27.01,27.005,27.01,300
2026-05-05 09:45:00,27,27.005,27,27.005,329
2026-05-05 09:50:00,27.0001,27.0001,27.0001,27.0001,264
2026-05-05 09:55:00,27.005,27.02,27.005,27.01,785
2026-05-05 10:00:00,27.01,27.03,27.01,27.025,2885
2026-05-05 10:05:00,27.03,27.04,27.03,27.04,7851
2026-05-05 10:10:00,27.05,27.05,27.02,27.02,8499
2026-05-05 10:15:00,27.03,27.03,26.995,27.005,5262
2026-05-05 10:20:00,27.005,27.0255,27.005,27.0255,1950
2026-05-05 10:25:00,27.03,27.0365,27.03,27.0365,1481
2026-05-05 10:30:00,27.015,27.02,27.015,27.02,1875
2026-05-05 10:35:00,27.015,27.02,27.015,27.02,950
2026-05-05 10:40:00,27.025,27.025,27.025,27.025,167
2026-05-05 10:45:00,27.0299,27.03,27.015,27.03,8096
2026-05-05 10:50:00,27.03,27.035,27.03,27.035,3694
2026-05-05 10:55:00,27.03,27.03,27.025,27.025,1729
2026-05-05 11:00:00,27.025,27.025,27.025,27.025,200
2026-05-05 11:05:00,27.03,27.03,27.0245,27.025,2467
2026-05-05 11:15:00,27.025,27.025,27.025,27.025,466
2026-05-05 11:20:00,27.03,27.035,27.03,27.03,2507
2026-05-05 11:25:00,27.035,27.04,27.035,27.0399,3270
2026-05-05 11:30:00,27.04,27.05,27.04,27.05,3780
2026-05-05 11:35:00,27.04,27.0499,27.04,27.045,999
2026-05-05 11:40:00,27.045,27.045,27.045,27.045,300
2026-05-05 11:45:00,27.0476,27.0476,27.045,27.045,726
2026-05-05 11:55:00,27.045,27.0493,27.04,27.04,4158
2026-05-05 12:00:00,27.055,27.055,27.05,27.05,400
2026-05-05 12:05:00,27.055,27.055,27.055,27.055,300
2026-05-05 12:15:00,27.055,27.055,27.05,27.055,1213
2026-05-05 12:20:00,27.055,27.0568,27.055,27.0568,1280
2026-05-05 12:25:00,27.05,27.05,27.05,27.05,410
2026-05-05 12:30:00,27.05,27.05,27.04,27.045,1400
2026-05-05 12:35:00,27.045,27.05,27.045,27.05,300
2026-05-05 12:45:00,27.045,27.045,27.045,27.045,232
2026-05-05 12:50:00,27.045,27.045,27.045,27.045,495
2026-05-05 12:55:00,27.05,27.055,27.0499,27.05,2508
2026-05-05 13:05:00,27.0599,27.0599,27.05,27.05,298
2026-05-05 13:10:00,27.05,27.055,27.045,27.045,2000
2026-05-05 13:15:00,27.0498,27.0498,27.045,27.045,313
2026-05-05 13:20:00,27.046,27.046,27.045,27.045,333
2026-05-05 13:25:00,27.045,27.05,27.04,27.05,502
2026-05-05 13:30:00,27.05,27.055,27.05,27.055,695
2026-05-05 13:35:00,27.055,27.055,27.05,27.055,300
2026-05-05 13:40:00,27.055,27.055,27.05,27.05,200
2026-05-05 13:45:00,27.05,27.0543,27.045,27.0543,1525
2026-05-05 13:50:00,27.055,27.06,27.055,27.055,4151
2026-05-05 13:55:00,27.055,27.055,27.055,27.055,773
2026-05-05 14:00:00,27.05,27.055,27.045,27.05,4295
2026-05-05 14:05:00,27.05,27.0501,27.05,27.05,2982
2026-05-05 14:10:00,27.055,27.0559,27.055,27.0559,773
2026-05-05 14:20:00,27.055,27.055,27.05,27.05,411
2026-05-05 14:25:00,27.055,27.055,27.055,27.055,300
2026-05-05 14:30:00,27.05,27.0501,27.045,27.045,2126
2026-05-05 14:35:00,27.045,27.045,27.045,27.045,327
2026-05-05 14:45:00,27.055,27.055,27.055,27.055,300
2026-05-05 14:50:00,27.05,27.05,27.05,27.05,676
2026-05-05 14:55:00,27.065,27.065,27.06,27.06,1774
2026-05-05 15:00:00,27.065,27.0699,27.065,27.0699,458
2026-05-05 15:05:00,27.06,27.065,27.06,27.065,940
2026-05-05 15:10:00,27.065,27.065,27.06,27.06,822
2026-05-05 15:15:00,27.0558,27.0558,27.05,27.05,940
2026-05-05 15:20:00,27.055,27.0555,27.055,27.055,2104
2026-05-05 15:25:00,27.055,27.055,27.055,27.055,300
2026-05-05 15:30:00,27.065,27.065,27.06,27.065,400
2026-05-05 15:35:00,27.065,27.065,27.055,27.055,1077
2026-05-05 15:40:00,27.055,27.055,27.055,27.055,200
2026-05-05 15:45:00,27.05,27.05,27.05,27.05,100
2026-05-05 15:50:00,27.05,27.0596,27.05,27.05,3081
2026-05-05 15:55:00,27.055,27.06,27.05,27.06,10837
2026-05-06 09:30:00,27.2,27.22,27.2,27.22,5429
2026-05-06 09:35:00,27.22,27.22,27.22,27.22,200
2026-05-06 09:40:00,27.185,27.185,27.185,27.185,767
2026-05-06 09:50:00,27.185,27.2,27.185,27.2,7140
2026-05-06 09:55:00,27.195,27.195,27.195,27.195,200
2026-05-06 10:05:00,27.2,27.2,27.19,27.195,670
2026-05-06 10:10:00,27.2,27.206,27.2,27.206,1799
2026-05-06 10:15:00,27.2001,27.205,27.2001,27.205,986
2026-05-06 10:20:00,27.2164,27.22,27.215,27.215,1543
2026-05-06 10:25:00,27.21,27.21,27.1914,27.1914,1249
2026-05-06 10:35:00,27.2,27.2,27.2,27.2,200
2026-05-06 10:40:00,27.205,27.235,27.205,27.235,803
2026-05-06 10:45:00,27.2201,27.2201,27.22,27.22,510
2026-05-06 10:55:00,27.215,27.215,27.215,27.215,4329
2026-05-06 11:00:00,27.215,27.2201,27.215,27.22,1413
2026-05-06 11:05:00,27.22,27.22,27.22,27.22,200
2026-05-06 11:10:00,27.22,27.225,27.21,27.21,2174
2026-05-06 11:20:00,27.225,27.225,27.225,27.225,200
2026-05-06 11:25:00,27.23,27.23,27.23,27.23,100
2026-05-06 11:30:00,27.23,27.23,27.23,27.23,100
2026-05-06 11:35:00,27.23,27.23,27.215,27.22,985
2026-05-06 11:40:00,27.22,27.22,27.22,27.22,16700
2026-05-06 11:45:00,27.215,27.215,27.215,27.215,2000
2026-05-06 11:50:00,27.215,27.2156,27.215,27.215,3339
2026-05-06 11:55:00,27.215,27.215,27.215,27.215,300
2026-05-06 12:00:00,27.215,27.215,27.215,27.215,200
2026-05-06 12:05:00,27.2105,27.215,27.21,27.21,1028
2026-05-06 12:10:00,27.215,27.215,27.215,27.215,1200
2026-05-06 12:15:00,27.22,27.22,27.22,27.22,100
2026-05-06 12:30:00,27.22,27.23,27.22,27.22,2393
2026-05-06 12:35:00,27.22,27.2201,27.22,27.2201,1550
2026-05-06 12:40:00,27.22,27.22,27.215,27.215,1219
2026-05-06 12:45:00,27.21,27.21,27.21,27.21,100
2026-05-06 12:50:00,27.21,27.21,27.205,27.21,425
2026-05-06 12:55:00,27.2199,27.2199,27.21,27.21,3263
2026-05-06 13:00:00,27.21,27.215,27.21,27.215,563
2026-05-06 13:05:00,27.215,27.215,27.215,27.215,581
2026-05-06 13:10:00,27.2157,27.2157,27.2157,27.2157,302
2026-05-06 13:15:00,27.215,27.22,27.215,27.22,600
2026-05-06 13:20:00,27.225,27.225,27.225,27.225,100
2026-05-06 13:25:00,27.225,27.225,27.225,27.225,100
2026-05-06 13:30:00,27.23,27.235,27.23,27.235,231
2026-05-06 13:35:00,27.23,27.235,27.23,27.235,842
2026-05-06 13:40:00,27.235,27.24,27.2302,27.2302,2439
2026-05-06 13:45:00,27.235,27.235,27.235,27.235,200
2026-05-06 13:50:00,27.23,27.235,27.225,27.225,1352
2026-05-06 13:55:00,27.225,27.225,27.225,27.225,200
2026-05-06 14:00:00,27.23,27.23,27.2201,27.225,3450
2026-05-06 14:05:00,27.2299,27.235,27.2299,27.235,726
2026-05-06 14:10:00,27.23,27.23,27.23,27.23,100
2026-05-06 14:20:00,27.235,27.235,27.22,27.22,1091
2026-05-06 14:25:00,27.22,27.22,27.215,27.22,1287
2026-05-06 14:30:00,27.215,27.22,27.215,27.215,300
2026-05-06 14:35:00,27.215,27.215,27.215,27.215,2884
2026-05-06 14:40:00,27.215,27.215,27.215,27.215,200
2026-05-06 14:45:00,27.215,27.215,27.215,27.215,400
2026-05-06 14:50:00,27.215,27.22,27.215,27.22,400
2026-05-06 14:55:00,27.225,27.225,27.22,27.22,8000
2026-05-06 15:00:00,27.22,27.22,27.215,27.22,5939
2026-05-06 15:05:00,27.225,27.225,27.225,27.225,522
2026-05-06 15:10:00,27.225,27.225,27.225,27.225,300
2026-05-06 15:15:00,27.225,27.225,27.224,27.224,981
2026-05-06 15:20:00,27.23,27.23,27.225,27.225,928
2026-05-06 15:25:00,27.2201,27.225,27.2201,27.2202,1234
2026-05-06 15:30:00,27.2255,27.2299,27.2255,27.2299,443
2026-05-06 15:35:00,27.235,27.235,27.235,27.235,100
2026-05-06 15:40:00,27.235,27.24,27.235,27.235,484
2026-05-06 15:45:00,27.23,27.23,27.23,27.23,100
2026-05-06 15:50:00,27.23,27.24,27.23,27.24,1614
2026-05-06 15:55:00,27.24,27.24,27.225,27.225,8065
2026-05-06 16:00:00,27.23,27.23,27.23,27.23,6760
2026-05-07 09:25:00,27.27,27.27,27.27,27.27,100
2026-05-07 09:30:00,27.27,27.27,27.26,27.26,10929
2026-05-07 09:35:00,27.26,27.26,27.255,27.26,9190
2026-05-07 09:40:00,27.26,27.27,27.26,27.27,2600
2026-05-07 09:45:00,27.26,27.26,27.245,27.25,4300
2026-05-07 09:50:00,27.25,27.25,27.2459,27.2459,2171
2026-05-07 10:05:00,27.26,27.26,27.255,27.255,1200
2026-05-07 10:10:00,27.26,27.26,27.26,27.26,1100
2026-05-07 10:15:00,27.26,27.26,27.255,27.26,11700
2026-05-07 10:20:00,27.2555,27.26,27.25,27.26,9057
2026-05-07 10:25:00,27.255,27.255,27.25,27.25,7322
2026-05-07 10:30:00,27.25,27.25,27.25,27.25,2131
2026-05-07 10:35:00,27.245,27.245,27.245,27.245,2075
2026-05-07 10:45:00,27.25,27.25,27.25,27.25,100
2026-05-07 10:50:00,27.25,27.25,27.2486,27.25,5237
2026-05-07 10:55:00,27.255,27.255,27.255,27.255,240
2026-05-07 11:00:00,27.255,27.255,27.24,27.24,1423
2026-05-07 11:05:00,27.23,27.23,27.23,27.23,1500
2026-05-07 11:15:00,27.22,27.225,27.22,27.22,681
2026-05-07 11:20:00,27.215,27.22,27.2,27.2,2394
2026-05-07 11:25:00,27.2,27.2,27.19,27.19,6600
2026-05-07 11:30:00,27.2,27.2,27.2,27.2,200
2026-05-07 11:35:00,27.2,27.2,27.195,27.195,1181
2026-05-07 11:40:00,27.195,27.195,27.195,27.195,330
2026-05-07 11:45:00,27.19,27.1999,27.19,27.1999,1016
2026-05-07 12:00:00,27.18,27.18,27.18,27.18,590
2026-05-07 12:05:00,27.175,27.175,27.1701,27.1701,403
2026-05-07 12:10:00,27.17,27.17,27.17,27.17,100
2026-05-07 12:15:00,27.17,27.17,27.1501,27.1501,8580
2026-05-07 12:20:00,27.16,27.17,27.16,27.17,500
2026-05-07 12:30:00,27.17,27.175,27.17,27.175,1693
2026-05-07 12:35:00,27.17,27.17,27.17,27.17,200
2026-05-07 12:45:00,27.165,27.165,27.16,27.16,1300
2026-05-07 12:55:00,27.16,27.16,27.16,27.16,100
2026-05-07 13:00:00,27.1601,27.1601,27.16,27.16,3750
2026-05-07 13:05:00,27.15,27.15,27.15,27.15,100
2026-05-07 13:10:00,27.1593,27.1593,27.1593,27.1593,193
2026-05-07 13:15:00,27.155,27.155,27.15,27.15,330
2026-05-07 13:25:00,27.16,27.16,27.125,27.13,2098
2026-05-07 13:30:00,27.13,27.13,27.12,27.12,200
2026-05-07 13:35:00,27.135,27.135,27.135,27.135,3000
2026-05-07 13:40:00,27.13,27.13,27.13,27.13,100
2026-05-07 13:45:00,27.125,27.125,27.125,27.125,3073
2026-05-07 13:50:00,27.13,27.13,27.13,27.13,311
2026-05-07 13:55:00,27.125,27.13,27.125,27.13,600
2026-05-07 14:00:00,27.14,27.145,27.14,27.14,3320
2026-05-07 14:20:00,27.145,27.145,27.145,27.145,128
2026-05-07 14:25:00,27.145,27.145,27.14,27.14,943
2026-05-07 14:30:00,27.1301,27.1301,27.1301,27.1301,792
2026-05-07 14:35:00,27.13,27.13,27.13,27.13,700
2026-05-07 14:45:00,27.13,27.13,27.125,27.125,1021
2026-05-07 14:50:00,27.13,27.13,27.13,27.13,2038
2026-05-07 14:55:00,27.125,27.13,27.125,27.13,1908
2026-05-07 15:00:00,27.13,27.13,27.13,27.13,500
2026-05-07 15:05:00,27.14,27.14,27.14,27.14,1700
2026-05-07 15:10:00,27.13,27.13,27.13,27.13,335
2026-05-07 15:15:00,27.11,27.11,27.11,27.11,2000
2026-05-07 15:35:00,27.13,27.13,27.125,27.125,1772
2026-05-07 15:40:00,27.125,27.13,27.125,27.13,669
2026-05-07 15:45:00,27.13,27.13,27.125,27.13,1309
2026-05-07 15:50:00,27.13,27.13,27.1199,27.1199,1743
2026-05-07 15:55:00,27.11,27.12,27.11,27.12,3430
2026-05-07 16:00:00,27.13,27.13,27.13,27.13,829
2026-05-08 09:30:00,27.23,27.23,27.23,27.23,1347
2026-05-08 09:35:00,27.24,27.24,27.235,27.235,800
2026-05-08 09:40:00,27.25,27.26,27.25,27.26,507
2026-05-08 09:45:00,27.265,27.265,27.25,27.25,433
2026-05-08 09:50:00,27.25,27.255,27.25,27.25,1600
2026-05-08 09:55:00,27.255,27.255,27.255,27.255,100
2026-05-08 10:00:00,27.25,27.25,27.25,27.25,100
2026-05-08 10:05:00,27.25,27.25,27.25,27.25,100
2026-05-08 10:10:00,27.2359,27.2359,27.2359,27.2359,1727
2026-05-08 10:15:00,27.24,27.2401,27.24,27.2401,843
2026-05-08 10:25:00,27.245,27.245,27.245,27.245,300
2026-05-08 10:35:00,27.245,27.245,27.24,27.24,239
2026-05-08 10:50:00,27.24,27.24,27.24,27.24,100
2026-05-08 11:00:00,27.23,27.235,27.23,27.23,2147
2026-05-08 11:15:00,27.2253,27.2253,27.215,27.2199,4358
2026-05-08 11:25:00,27.22,27.22,27.22,27.22,300
2026-05-08 11:30:00,27.22,27.22,27.22,27.22,100
2026-05-08 11:35:00,27.225,27.225,27.225,27.225,100
2026-05-08 11:40:00,27.21,27.21,27.21,27.21,200
2026-05-08 12:00:00,27.22,27.22,27.2197,27.2197,2587
2026-05-08 12:05:00,27.22,27.22,27.22,27.22,1400
2026-05-08 12:15:00,27.2154,27.2154,27.215,27.215,1545
2026-05-08 12:20:00,27.215,27.215,27.21,27.215,1969
2026-05-08 12:30:00,27.22,27.22,27.22,27.22,382
2026-05-08 12:35:00,27.22,27.22,27.22,27.22,1697
2026-05-08 12:40:00,27.22,27.22,27.22,27.22,7300
2026-05-08 12:55:00,27.21,27.2199,27.21,27.215,1024
2026-05-08 13:00:00,27.2199,27.2199,27.21,27.21,5166
2026-05-08 13:10:00,27.215,27.215,27.215,27.215,822
2026-05-08 13:15:00,27.2101,27.2101,27.2101,27.2101,1023
2026-05-08 13:20:00,27.215,27.22,27.215,27.22,2600
2026-05-08 13:25:00,27.22,27.22,27.22,27.22,200
2026-05-08 13:35:00,27.2295,27.2295,27.2295,27.2295,208
2026-05-08 13:40:00,27.22,27.22,27.22,27.22,100
2026-05-08 13:45:00,27.22,27.22,27.22,27.22,1049
2026-05-08 14:00:00,27.215,27.22,27.215,27.22,200
2026-05-08 14:05:00,27.22,27.22,27.22,27.22,100
2026-05-08 14:10:00,27.235,27.235,27.23,27.23,261
2026-05-08 14:15:00,27.235,27.235,27.23,27.23,2467
2026-05-08 14:20:00,27.2201,27.225,27.2201,27.225,1710
2026-05-08 14:25:00,27.22,27.22,27.22,27.22,105
2026-05-08 14:40:00,27.22,27.22,27.215,27.22,514
2026-05-08 14:45:00,27.225,27.225,27.215,27.215,134203
2026-05-08 14:50:00,27.22,27.22,27.22,27.22,300
2026-05-08 14:55:00,27.22,27.22,27.2144,27.215,1732
2026-05-08 15:00:00,27.21,27.21,27.21,27.21,100
2026-05-08 15:15:00,27.205,27.205,27.2,27.2,600
2026-05-08 15:20:00,27.2,27.2,27.2,27.2,100
2026-05-08 15:25:00,27.2002,27.2002,27.2002,27.2002,401
2026-05-08 15:30:00,27.2,27.2,27.2,27.2,100
2026-05-08 15:35:00,27.205,27.206,27.205,27.205,3505
2026-05-08 15:40:00,27.205,27.215,27.205,27.215,500
2026-05-08 15:45:00,27.215,27.2175,27.215,27.215,1393
2026-05-08 15:50:00,27.215,27.2198,27.215,27.2198,599
2026-05-08 15:55:00,27.215,27.22,27.215,27.22,6539
2026-05-08 16:00:00,27.22,27.22,27.22,27.22,166
2026-05-11 09:30:00,27.18,27.18,27.175,27.175,3461
2026-05-11 09:35:00,27.17,27.175,27.17,27.17,15352
2026-05-11 09:40:00,27.17,27.175,27.17,27.17,7985
2026-05-11 09:45:00,27.17,27.18,27.17,27.18,5700
2026-05-11 09:50:00,27.1742,27.1742,27.1742,27.1742,242
2026-05-11 09:55:00,27.175,27.175,27.175,27.175,1563
2026-05-11 10:00:00,27.17,27.17,27.155,27.155,2627
2026-05-11 10:05:00,27.15,27.15,27.15,27.15,1353
2026-05-11 10:10:00,27.14,27.145,27.14,27.145,5549
2026-05-11 10:15:00,27.155,27.1592,27.155,27.155,1483
2026-05-11 10:20:00,27.1542,27.1542,27.15,27.15,2009
2026-05-11 10:30:00,27.155,27.155,27.14,27.14,9112
2026-05-11 10:35:00,27.14,27.14,27.1398,27.1398,1612
2026-05-11 10:40:00,27.145,27.145,27.145,27.145,2860
2026-05-11 11:00:00,27.1399,27.1399,27.1331,27.1331,4148
2026-05-11 11:05:00,27.14,27.14,27.1399,27.1399,714
2026-05-11 11:10:00,27.14,27.14,27.14,27.14,1101
2026-05-11 11:15:00,27.145,27.145,27.145,27.145,100
2026-05-11 11:20:00,27.155,27.155,27.155,27.155,167
2026-05-11 11:25:00,27.15,27.15,27.15,27.15,2100
2026-05-11 11:30:00,27.155,27.155,27.155,27.155,512
2026-05-11 11:35:00,27.155,27.155,27.155,27.155,614
2026-05-11 11:40:00,27.155,27.155,27.145,27.1499,2150
2026-05-11 11:45:00,27.15,27.15,27.15,27.15,100
2026-05-11 12:00:00,27.14,27.145,27.14,27.145,525
2026-05-11 12:10:00,27.145,27.145,27.145,27.145,1797
2026-05-11 12:15:00,27.14,27.14,27.14,27.14,100
2026-05-11 12:20:00,27.14,27.1401,27.14,27.1401,290
2026-05-11 12:25:00,27.145,27.145,27.145,27.145,1358
2026-05-11 12:30:00,27.145,27.146,27.145,27.146,1616
2026-05-11 12:35:00,27.14,27.14,27.14,27.14,6304
2026-05-11 12:40:00,27.135,27.135,27.12,27.12,1493
2026-05-11 12:45:00,27.1263,27.1263,27.1263,27.1263,685
2026-05-11 12:50:00,27.12,27.12,27.1199,27.1199,459
2026-05-11 13:00:00,27.11,27.11,27.11,27.11,100
2026-05-11 13:05:00,27.115,27.115,27.115,27.115,368
2026-05-11 13:15:00,27.11,27.11,27.105,27.105,1146
2026-05-11 13:25:00,27.11,27.11,27.11,27.11,800
2026-05-11 13:30:00,27.115,27.115,27.115,27.115,456
2026-05-11 13:35:00,27.11,27.11,27.11,27.11,443
2026-05-11 13:40:00,27.11,27.11,27.11,27.11,100
2026-05-11 13:45:00,27.115,27.115,27.11,27.11,416
2026-05-11 13:50:00,27.11,27.11,27.11,27.11,1373
2026-05-11 14:00:00,27.11,27.11,27.11,27.11,192
2026-05-11 14:05:00,27.1199,27.1199,27.115,27.115,878
2026-05-11 14:15:00,27.115,27.115,27.115,27.115,107
2026-05-11 14:20:00,27.11,27.11,27.11,27.11,200
2026-05-11 14:25:00,27.12,27.12,27.12,27.12,184
2026-05-11 14:30:00,27.12,27.12,27.12,27.12,200
2026-05-11 14:35:00,27.12,27.12,27.12,27.12,4114
2026-05-11 14:40:00,27.12,27.12,27.11,27.11,1447
2026-05-11 14:45:00,27.105,27.105,27.105,27.105,759
2026-05-11 14:55:00,27.1,27.1,27.1,27.1,1200
2026-05-11 15:00:00,27.095,27.095,27.095,27.095,600
2026-05-11 15:10:00,27.0999,27.1,27.095,27.1,3146
2026-05-11 15:20:00,27.095,27.0999,27.095,27.0999,5378
2026-05-11 15:25:00,27.0999,27.0999,27.0901,27.095,1546
2026-05-11 15:30:00,27.095,27.095,27.095,27.095,2453
2026-05-11 15:35:00,27.0942,27.0942,27.0942,27.0942,206
2026-05-11 15:45:00,27.1,27.1,27.095,27.095,794
2026-05-11 15:50:00,27.0999,27.0999,27.0999,27.0999,402
2026-05-11 15:55:00,27.095,27.105,27.095,27.105,10880
2026-05-12 09:30:00,27.02,27.02,26.995,26.995,11703
2026-05-12 09:35:00,26.995,27,26.995,26.995,841
2026-05-12 09:40:00,27,27,27,27,114
2026-05-12 10:00:00,26.98,26.98,26.98,26.98,200
2026-05-12 10:05:00,26.98,26.98,26.98,26.98,100
2026-05-12 10:10:00,26.98,26.98,26.98,26.98,100
2026-05-12 10:15:00,26.985,26.99,26.985,26.99,3665
2026-05-12 10:20:00,26.98,26.98,26.98,26.98,1369
2026-05-12 10:25:00,26.985,26.985,26.98,26.98,400
2026-05-12 10:30:00,26.9799,26.98,26.9785,26.98,1527
2026-05-12 10:35:00,26.985,26.985,26.985,26.985,352
2026-05-12 10:40:00,26.985,26.985,26.985,26.985,160
2026-05-12 10:45:00,26.99,26.99,26.985,26.985,1786
2026-05-12 11:00:00,26.99,26.99,26.9863,26.9863,1632
2026-05-12 11:05:00,26.99,26.99,26.99,26.99,100
2026-05-12 11:10:00,26.99,26.99,26.99,26.99,100
2026-05-12 11:15:00,26.9999,26.9999,26.9897,26.9897,2661
2026-05-12 11:20:00,26.985,26.9895,26.9801,26.985,1936
2026-05-12 11:25:00,26.985,26.985,26.985,26.985,450
2026-05-12 11:30:00,26.99,26.995,26.99,26.995,400
2026-05-12 11:40:00,27,27,27,27,100
2026-05-12 11:45:00,27.005,27.005,27,27,8118
2026-05-12 11:50:00,27,27,26.995,26.995,11134
2026-05-12 11:55:00,26.995,26.995,26.995,26.995,136
2026-05-12 12:00:00,26.995,26.995,26.9901,26.9901,1013
2026-05-12 12:05:00,26.99,26.9965,26.99,26.99,1877
2026-05-12 12:10:00,26.99,26.995,26.99,26.995,300
2026-05-12 12:15:00,27,27,26.99,26.99,21767
2026-05-12 12:20:00,26.995,26.995,26.995,26.995,103
2026-05-12 12:30:00,26.996,26.996,26.996,26.996,524
2026-05-12 12:45:00,26.99,26.99,26.99,26.99,100
2026-05-12 12:50:00,26.9899,26.9899,26.985,26.985,1003
2026-05-12 12:55:00,26.985,26.985,26.98,26.9801,2054
2026-05-12 13:00:00,26.98,26.985,26.97,26.985,7266
2026-05-12 13:05:00,26.985,26.985,26.985,26.985,205
2026-05-12 13:10:00,26.98,26.98,26.98,26.98,1208
2026-05-12 13:15:00,26.985,26.985,26.985,26.985,100
2026-05-12 13:20:00,26.985,26.985,26.985,26.985,195
2026-05-12 13:25:00,26.985,26.985,26.98,26.98,397
2026-05-12 13:30:00,26.975,26.975,26.975,26.975,100
2026-05-12 13:40:00,26.98,26.98,26.98,26.98,300
2026-05-12 13:45:00,26.9762,26.9762,26.975,26.975,867
2026-05-12 13:50:00,26.975,26.975,26.975,26.975,100
2026-05-12 13:55:00,26.97,26.975,26.965,26.965,8068
2026-05-12 14:00:00,26.965,26.97,26.96,26.96,1811
2026-05-12 14:05:00,26.97,26.97,26.97,26.97,100
2026-05-12 14:10:00,26.97,26.975,26.965,26.965,4187
2026-05-12 14:20:00,26.965,26.97,26.965,26.97,499
2026-05-12 14:25:00,26.97,26.975,26.97,26.975,934
2026-05-12 14:30:00,26.965,26.965,26.965,26.965,100
2026-05-12 14:40:00,26.96,26.96,26.955,26.955,1107
2026-05-12 14:45:00,26.955,26.955,26.955,26.955,200
2026-05-12 14:50:00,26.9555,26.96,26.9555,26.96,770
2026-05-12 14:55:00,26.96,26.96,26.955,26.955,1673
2026-05-12 15:00:00,26.96,26.965,26.96,26.9601,761
2026-05-12 15:10:00,26.97,26.97,26.965,26.965,200
2026-05-12 15:20:00,26.96,26.96,26.9501,26.9501,1915
2026-05-12 15:25:00,26.955,26.96,26.955,26.96,828
2026-05-12 15:30:00,26.96,26.96,26.96,26.96,600
2026-05-12 15:40:00,26.97,26.97,26.97,26.97,100
2026-05-12 15:45:00,26.965,26.965,26.965,26.965,1195
2026-05-12 15:50:00,26.97,26.975,26.9697,26.9697,1802
2026-05-12 15:55:00,26.975,26.98,26.97,26.97,40597
2026-05-13 09:30:00,26.95,26.965,26.95,26.965,12705
2026-05-13 09:35:00,26.965,26.97,26.965,26.97,908
2026-05-13 09:40:00,26.97,26.97,26.97,26.97,800
2026-05-13 09:45:00,26.98,26.985,26.98,26.98,2549
2026-05-13 09:50:00,26.965,26.965,26.965,26.965,100
2026-05-13 09:55:00,26.955,26.955,26.95,26.95,4900
2026-05-13 10:00:00,26.945,26.9501,26.945,26.9501,300
2026-05-13 10:05:00,26.94,26.945,26.9399,26.94,11672
2026-05-13 10:10:00,26.945,26.945,26.945,26.945,100
2026-05-13 10:15:00,26.935,26.935,26.935,26.935,100
2026-05-13 10:20:00,26.93,26.93,26.92,26.92,200
2026-05-13 10:25:00,26.92,26.925,26.9101,26.925,19593
2026-05-13 10:30:00,26.926,26.93,26.926,26.93,1469
2026-05-13 10:35:00,26.93,26.93,26.93,26.93,100
2026-05-13 10:40:00,26.92,26.926,26.92,26.926,1602
2026-05-13 10:45:00,26.92,26.92,26.92,26.92,1555
2026-05-13 10:50:00,26.915,26.92,26.91,26.915,1239
2026-05-13 10:55:00,26.91,26.91,26.91,26.91,100
2026-05-13 11:00:00,26.92,26.92,26.92,26.92,100
2026-05-13 11:05:00,26.9199,26.9199,26.915,26.915,3345
2026-05-13 11:10:00,26.92,26.92,26.9161,26.9161,4871
2026-05-13 11:15:00,26.91,26.92,26.91,26.92,884
2026-05-13 11:20:00,26.915,26.915,26.91,26.915,8322
2026-05-13 11:25:00,26.905,26.91,26.905,26.91,552
2026-05-13 11:30:00,26.89,26.9001,26.89,26.9001,4564
2026-05-13 11:35:00,26.905,26.905,26.905,26.905,142
2026-05-13 11:40:00,26.925,26.93,26.92,26.9201,789
2026-05-13 11:45:00,26.915,26.915,26.915,26.915,830
2026-05-13 11:50:00,26.915,26.92,26.915,26.92,456
2026-05-13 11:55:00,26.915,26.92,26.91,26.92,13602
2026-05-13 12:00:00,26.915,26.9199,26.91,26.91,2606
2026-05-13 12:05:00,26.91,26.91,26.91,26.91,300
2026-05-13 12:10:00,26.925,26.925,26.925,26.925,100
2026-05-13 12:15:00,26.9294,26.9294,26.925,26.925,2339
2026-05-13 12:20:00,26.93,26.95,26.93,26.95,3720
2026-05-13 12:25:00,26.95,26.95,26.95,26.95,9000
2026-05-13 12:35:00,26.945,26.945,26.945,26.945,100
2026-05-13 12:40:00,26.945,26.945,26.94,26.94,2494
2026-05-13 12:45:00,26.935,26.94,26.935,26.94,552
2026-05-13 12:50:00,26.935,26.94,26.935,26.94,4708
2026-05-13 12:55:00,26.935,26.935,26.935,26.935,872
2026-05-13 13:00:00,26.93,26.935,26.92,26.93,2900
2026-05-13 13:05:00,26.935,26.935,26.935,26.935,100
2026-05-13 13:10:00,26.935,26.935,26.935,26.935,100
2026-05-13 13:15:00,26.93,26.935,26.93,26.935,200
2026-05-13 13:20:00,26.9355,26.94,26.935,26.94,435
2026-05-13 13:25:00,26.9499,26.9499,26.945,26.945,304
2026-05-13 13:30:00,26.94,26.94,26.93,26.935,647
2026-05-13 13:35:00,26.93,26.93,26.93,26.93,828
2026-05-13 13:40:00,26.925,26.925,26.92,26.92,200
2026-05-13 13:45:00,26.92,26.925,26.91,26.92,77081
2026-05-13 13:50:00,26.915,26.92,26.915,26.92,200
2026-05-13 13:55:00,26.915,26.92,26.91,26.9199,1483
2026-05-13 14:00:00,26.915,26.92,26.915,26.915,2803
2026-05-13 14:05:00,26.925,26.925,26.925,26.925,100
2026-05-13 14:10:00,26.925,26.925,26.925,26.925,1076
2026-05-13 14:15:00,26.925,26.925,26.925,26.925,100
2026-05-13 14:20:00,26.925,26.93,26.925,26.93,300
2026-05-13 14:25:00,26.925,26.925,26.925,26.925,100
2026-05-13 14:30:00,26.9239,26.925,26.9239,26.925,1163
2026-05-13 14:35:00,26.93,26.93,26.93,26.93,200
2026-05-13 14:40:00,26.935,26.935,26.925,26.925,1332
2026-05-13 14:45:00,26.93,26.93,26.93,26.93,295
2026-05-13 14:50:00,26.925,26.93,26.925,26.93,1200
2026-05-13 14:55:00,26.93,26.93,26.93,26.93,365
2026-05-13 15:00:00,26.93,26.93,26.93,26.93,100
2026-05-13 15:05:00,26.935,26.935,26.93,26.93,1350
2026-05-13 15:10:00,26.925,26.93,26.925,26.93,1723
2026-05-13 15:20:00,26.94,26.94,26.94,26.94,100
2026-05-13 15:25:00,26.945,26.945,26.945,26.945,503
2026-05-13 15:30:00,26.95,26.95,26.94,26.94,1995
2026-05-13 15:35:00,26.94,26.94,26.94,26.94,200
2026-05-13 15:40:00,26.95,26.95,26.94,26.94,15430
2026-05-13 15:45:00,26.94,26.94,26.94,26.94,113
2026-05-13 15:50:00,26.9499,26.95,26.9499,26.9499,778
2026-05-13 15:55:00,26.9471,26.95,26.945,26.95,24412
2026-05-14 09:30:00,27.03,27.045,27.03,27.04,7127
2026-05-14 09:35:00,27.04,27.04,27.03,27.03,200
2026-05-14 09:40:00,27.03,27.035,27.03,27.035,829
2026-05-14 09:45:00,27.04,27.055,27.04,27.055,1600
2026-05-14 09:50:00,27.06,27.06,27.06,27.06,334
2026-05-14 09:55:00,27.0599,27.0599,27.05,27.05,296
2026-05-14 10:00:00,27.035,27.035,27.03,27.03,1100
2026-05-14 10:05:00,27.04,27.04,27.03,27.03,296
2026-05-14 10:10:00,27.0299,27.0299,27.025,27.025,1547
2026-05-14 10:15:00,27.025,27.03,27.0236,27.0252,3943
2026-05-14 10:20:00,27.025,27.025,27.02,27.02,1465
2026-05-14 10:25:00,27.01,27.02,27.01,27.015,384
2026-05-14 10:35:00,27.025,27.025,27.02,27.0201,564
2026-05-14 10:40:00,27.025,27.025,27.025,27.025,115
2026-05-14 10:45:00,27.0258,27.03,27.025,27.0299,3771
2026-05-14 10:55:00,27.04,27.0458,27.04,27.0458,2690
2026-05-14 11:00:00,27.03,27.03,27.03,27.03,705
2026-05-14 11:05:00,27.025,27.03,27.025,27.03,400
2026-05-14 11:15:00,27.025,27.025,27.025,27.025,100
2026-05-14 11:20:00,27.025,27.0287,27.025,27.0287,1884
2026-05-14 11:25:00,27.0303,27.035,27.0303,27.035,449
2026-05-14 11:30:00,27.035,27.035,27.035,27.035,1840
2026-05-14 11:35:00,27.035,27.04,27.035,27.04,451
2026-05-14 11:40:00,27.035,27.035,27.035,27.035,1076
2026-05-14 11:45:00,27.04,27.04,27.035,27.04,1402
2026-05-14 11:50:00,27.035,27.04,27.035,27.04,10665
2026-05-14 11:55:00,27.045,27.045,27.045,27.045,100
2026-05-14 12:05:00,27.05,27.05,27.05,27.05,100
2026-05-14 12:10:00,27.05,27.05,27.05,27.05,100
2026-05-14 12:15:00,27.05,27.05,27.045,27.045,200
2026-05-14 12:25:00,27.04,27.045,27.04,27.04,1619
2026-05-14 12:35:00,27.035,27.035,27.03,27.03,1134
2026-05-14 12:40:00,27.03,27.03,27.025,27.025,700
2026-05-14 12:45:00,27.03,27.03,27.03,27.03,375
2026-05-14 12:55:00,27.025,27.025,27.025,27.025,100
2026-05-14 13:00:00,27.03,27.03,27.03,27.03,412
2026-05-14 13:05:00,27.035,27.035,27.035,27.035,100
2026-05-14 13:10:00,27.03,27.03,27.03,27.03,200
2026-05-14 13:15:00,27.0299,27.03,27.0299,27.03,3790
2026-05-14 13:20:00,27.025,27.025,27.025,27.025,100
2026-05-14 13:30:00,27.025,27.025,27.025,27.025,100
2026-05-14 13:35:00,27.026,27.026,27.026,27.026,666
2026-05-14 13:40:00,27.025,27.025,27.025,27.025,100
2026-05-14 13:45:00,27.025,27.025,27.025,27.025,184
2026-05-14 13:50:00,27.02,27.025,27.02,27.02,795
2026-05-14 14:00:00,27.02,27.02,27.02,27.02,792
2026-05-14 14:05:00,27.015,27.015,27.015,27.015,100
2026-05-14 14:10:00,27.015,27.015,27.015,27.015,367
2026-05-14 14:20:00,27.0199,27.0199,27.015,27.015,1257
2026-05-14 14:25:00,27.015,27.019,27.015,27.019,766
2026-05-14 14:30:00,27.02,27.02,27.015,27.015,524
2026-05-14 14:35:00,27.01,27.01,27.01,27.01,1570
2026-05-14 14:40:00,27.005,27.005,27.005,27.005,238
2026-05-14 14:50:00,27.01,27.01,27.01,27.01,100
2026-05-14 14:55:00,27.009,27.009,27.009,27.009,100
2026-05-14 15:00:00,27.01,27.01,27.0001,27.0001,4900
2026-05-14 15:05:00,27,27.005,27,27.005,200
2026-05-14 15:10:00,27,27,26.995,27,5870
2026-05-14 15:15:00,26.9955,26.9999,26.995,26.995,4423
2026-05-14 15:20:00,26.995,27,26.995,27,200
2026-05-14 15:25:00,26.99,26.995,26.99,26.99,5567
2026-05-14 15:30:00,26.99,26.99,26.9801,26.99,12578
2026-05-14 15:35:00,26.9899,26.9899,26.9899,26.9899,428
2026-05-14 15:40:00,26.985,26.985,26.97,26.97,2493
2026-05-14 15:45:00,26.97,26.97,26.9699,26.9699,503
2026-05-14 15:50:00,26.9655,26.9689,26.9655,26.9689,1511
2026-05-14 15:55:00,26.965,26.9655,26.95,26.96,21360
2026-05-14 16:00:00,26.96,26.96,26.96,26.96,2129
2026-05-14 16:10:00,26.95,26.95,26.95,26.95,100
2026-05-15 08:40:00,26.76,26.76,26.76,26.76,2000
2026-05-15 09:30:00,26.73,26.73,26.72,26.725,10041
2026-05-15 09:40:00,26.71,26.71,26.71,26.71,800
2026-05-15 09:45:00,26.69,26.69,26.69,26.69,500
2026-05-15 09:50:00,26.7,26.7,26.69,26.69,1894
2026-05-15 09:55:00,26.6902,26.6902,26.69,26.69,39514
2026-05-15 10:00:00,26.69,26.69,26.68,26.69,2135
2026-05-15 10:05:00,26.69,26.7,26.69,26.695,4310
2026-05-15 10:10:00,26.696,26.696,26.69,26.69,577
2026-05-15 10:15:00,26.72,26.72,26.72,26.72,1400
2026-05-15 10:20:00,26.72,26.72,26.7184,26.72,1800
2026-05-15 10:25:00,26.72,26.72,26.72,26.72,100
2026-05-15 10:30:00,26.72,26.72,26.7199,26.7199,907
2026-05-15 10:35:00,26.72,26.72,26.72,26.72,100
2026-05-15 10:40:00,26.72,26.72,26.72,26.72,2969
2026-05-15 10:45:00,26.71,26.71,26.71,26.71,1289
2026-05-15 10:50:00,26.71,26.71,26.71,26.71,100
2026-05-15 10:55:00,26.72,26.72,26.715,26.715,269
2026-05-15 11:00:00,26.7257,26.7257,26.6901,26.6901,1675
2026-05-15 11:05:00,26.6999,26.7,26.6999,26.7,985
2026-05-15 11:10:00,26.7,26.71,26.7,26.71,736
2026-05-15 11:25:00,26.705,26.705,26.705,26.705,100
2026-05-15 11:35:00,26.69,26.69,26.685,26.685,2002
2026-05-15 11:40:00,26.68,26.68,26.68,26.68,100
2026-05-15 11:45:00,26.68,26.68,26.68,26.68,509
2026-05-15 11:50:00,26.68,26.68,26.68,26.68,100
2026-05-15 11:55:00,26.69,26.695,26.69,26.695,350
2026-05-15 12:00:00,26.7,26.7099,26.695,26.695,1247
2026-05-15 12:05:00,26.6969,26.7,26.6969,26.7,3513
2026-05-15 12:10:00,26.695,26.695,26.695,26.695,400
2026-05-15 12:15:00,26.69,26.69,26.69,26.69,100
2026-05-15 12:20:00,26.69,26.69,26.6899,26.69,500
2026-05-15 12:25:00,26.6857,26.69,26.6857,26.69,2439
2026-05-15 12:35:00,26.685,26.685,26.6701,26.6701,865
2026-05-15 12:40:00,26.6895,26.6895,26.68,26.68,375
2026-05-15 13:00:00,26.675,26.675,26.6744,26.675,2099
2026-05-15 13:05:00,26.675,26.68,26.675,26.68,300
2026-05-15 13:10:00,26.6899,26.6899,26.6899,26.6899,191
2026-05-15 13:15:00,26.68,26.68,26.68,26.68,400
2026-05-15 13:20:00,26.68,26.68,26.68,26.68,100
2026-05-15 13:35:00,26.67,26.67,26.67,26.67,400
2026-05-15 13:40:00,26.67,26.68,26.67,26.68,2182
2026-05-15 13:45:00,26.6799,26.6799,26.67,26.67,840
2026-05-15 13:50:00,26.67,26.67,26.67,26.67,500
2026-05-15 13:55:00,26.66,26.66,26.66,26.66,10591
2026-05-15 14:00:00,26.66,26.66,26.66,26.66,300
2026-05-15 14:05:00,26.655,26.66,26.655,26.66,848
2026-05-15 14:10:00,26.665,26.665,26.665,26.665,757
2026-05-15 14:15:00,26.66,26.66,26.66,26.66,410
2026-05-15 14:25:00,26.67,26.67,26.67,26.67,1100
2026-05-15 14:30:00,26.66,26.66,26.66,26.66,100
2026-05-15 14:35:00,26.66,26.66,26.655,26.655,300
2026-05-15 14:40:00,26.66,26.66,26.6501,26.66,1528
2026-05-15 14:45:00,26.6501,26.6501,26.6501,26.6501,327
2026-05-15 14:50:00,26.66,26.66,26.655,26.66,1827
2026-05-15 14:55:00,26.66,26.66,26.66,26.66,1100
2026-05-15 15:20:00,26.66,26.66,26.66,26.66,100
2026-05-15 15:25:00,26.6601,26.6601,26.6601,26.6601,402
2026-05-15 15:30:00,26.6661,26.6661,26.665,26.665,2754
2026-05-15 15:35:00,26.6601,26.665,26.6601,26.665,2786
2026-05-15 15:45:00,26.655,26.665,26.65,26.665,368333
2026-05-15 15:50:00,26.66,26.66,26.6547,26.6547,2355
2026-05-15 15:55:00,26.66,26.665,26.66,26.66,9673
2026-05-15 16:00:00,26.66,26.66,26.66,26.66,404
2026-05-18 09:30:00,26.6,26.6,26.6,26.6,4391
2026-05-18 09:35:00,26.6,26.6,26.6,26.6,600
2026-05-18 09:40:00,26.6,26.61,26.6,26.61,1899
2026-05-18 09:45:00,26.6,26.635,26.6,26.63,8934
2026-05-18 09:55:00,26.64,26.64,26.63,26.64,1241
2026-05-18 10:00:00,26.625,26.625,26.62,26.62,750
2026-05-18 10:05:00,26.605,26.605,26.6,26.6,3640
2026-05-18 10:10:00,26.61,26.61,26.6,26.6,4562
2026-05-18 10:15:00,26.6,26.6,26.6,26.6,235
2026-05-18 10:20:00,26.6,26.6,26.58,26.58,3213
2026-05-18 10:30:00,26.56,26.56,26.56,26.56,200
2026-05-18 10:40:00,26.565,26.565,26.56,26.565,6167
2026-05-18 10:45:00,26.5559,26.5599,26.5559,26.5599,2869
2026-05-18 10:50:00,26.57,26.575,26.57,26.575,1742
2026-05-18 10:55:00,26.57,26.57,26.57,26.57,1800
2026-05-18 11:00:00,26.575,26.575,26.55,26.55,34850
2026-05-18 11:05:00,26.545,26.575,26.545,26.5699,14031
2026-05-18 11:10:00,26.56,26.56,26.56,26.56,267
2026-05-18 11:15:00,26.57,26.57,26.5666,26.5666,752
2026-05-18 11:25:00,26.565,26.565,26.56,26.56,5532
2026-05-18 11:35:00,26.58,26.58,26.58,26.58,200
2026-05-18 11:40:00,26.58,26.58,26.57,26.575,9756
2026-05-18 11:45:00,26.57,26.57,26.57,26.57,600
2026-05-18 11:50:00,26.575,26.58,26.575,26.58,335
2026-05-18 11:55:00,26.58,26.58,26.58,26.58,501
2026-05-18 12:05:00,26.59,26.59,26.59,26.59,600
2026-05-18 12:10:00,26.585,26.585,26.585,26.585,772
2026-05-18 12:15:00,26.6,26.605,26.6,26.605,5125
2026-05-18 12:20:00,26.6,26.6,26.58,26.58,3100
2026-05-18 12:25:00,26.585,26.585,26.56,26.56,5093
2026-05-18 12:30:00,26.56,26.575,26.555,26.5745,6464
2026-05-18 12:35:00,26.585,26.59,26.585,26.585,618
2026-05-18 12:40:00,26.585,26.59,26.585,26.5897,1666
2026-05-18 12:45:00,26.585,26.585,26.585,26.585,436
2026-05-18 12:50:00,26.59,26.59,26.59,26.59,1846
2026-05-18 13:00:00,26.575,26.575,26.575,26.575,191
2026-05-18 13:05:00,26.5741,26.58,26.5741,26.58,3459
2026-05-18 13:10:00,26.5899,26.5899,26.5899,26.5899,188
2026-05-18 13:15:00,26.585,26.595,26.585,26.595,4861
2026-05-18 13:20:00,26.59,26.59,26.58,26.58,2430
2026-05-18 13:35:00,26.57,26.57,26.57,26.57,200
2026-05-18 13:40:00,26.5799,26.5799,26.5799,26.5799,187
2026-05-18 13:50:00,26.57,26.58,26.57,26.58,225
2026-05-18 14:00:00,26.57,26.575,26.57,26.57,788
2026-05-18 14:05:00,26.5699,26.5699,26.56,26.56,947
2026-05-18 14:15:00,26.55,26.55,26.55,26.55,100
2026-05-18 14:20:00,26.55,26.55,26.54,26.54,1382
2026-05-18 14:25:00,26.53,26.53,26.52,26.52,2154
2026-05-18 14:30:00,26.53,26.545,26.53,26.54,2312
2026-05-18 14:35:00,26.54,26.54,26.53,26.53,3008
2026-05-18 14:45:00,26.53,26.53,26.53,26.53,1904
2026-05-18 14:55:00,26.53,26.54,26.53,26.53,3103
2026-05-18 15:00:00,26.54,26.605,26.535,26.585,93757
2026-05-18 15:05:00,26.595,26.595,26.57,26.57,6602
2026-05-18 15:10:00,26.57,26.57,26.57,26.57,1100
2026-05-18 15:15:00,26.57,26.57,26.57,26.57,400
2026-05-18 15:20:00,26.575,26.575,26.57,26.57,6728
2026-05-18 15:25:00,26.55,26.56,26.54,26.56,6199
2026-05-18 15:30:00,26.5669,26.575,26.5669,26.57,7746
2026-05-18 15:35:00,26.5746,26.5746,26.5746,26.5746,684
2026-05-18 15:40:00,26.5701,26.579,26.57,26.57,7011
2026-05-18 15:45:00,26.58,26.58,26.58,26.58,500
2026-05-18 15:50:00,26.5868,26.5868,26.58,26.58,505
2026-05-18 15:55:00,26.57,26.57,26.56,26.565,1672
2026-05-18 16:00:00,26.57,26.58,26.57,26.58,613
2026-05-19 09:05:00,26.5,26.5,26.5,26.5,1000
2026-05-19 09:30:00,26.42,26.43,26.42,26.43,7849
2026-05-19 09:35:00,26.43,26.44,26.43,26.44,4900
2026-05-19 09:40:00,26.435,26.435,26.425,26.425,2450
2026-05-19 09:45:00,26.43,26.43,26.43,26.43,1633
2026-05-19 09:50:00,26.45,26.46,26.45,26.46,6626
2026-05-19 09:55:00,26.465,26.47,26.46,26.46,1406
2026-05-19 10:00:00,26.46,26.48,26.46,26.48,21105
2026-05-19 10:05:00,26.485,26.485,26.475,26.475,887
2026-05-19 10:10:00,26.45,26.45,26.45,26.45,800
2026-05-19 10:20:00,26.405,26.405,26.38,26.38,40426
2026-05-19 10:25:00,26.38,26.38,26.38,26.38,600
2026-05-19 10:30:00,26.38,26.39,26.38,26.39,200
2026-05-19 10:35:00,26.4,26.4,26.4,26.4,3928
2026-05-19 10:40:00,26.41,26.41,26.4,26.4,3100
2026-05-19 10:45:00,26.405,26.405,26.405,26.405,179
2026-05-19 10:55:00,26.395,26.395,26.39,26.39,2100
2026-05-19 11:00:00,26.425,26.425,26.425,26.425,1629
2026-05-19 11:05:00,26.42,26.42,26.42,26.42,880
2026-05-19 11:10:00,26.41,26.41,26.41,26.41,1546
2026-05-19 11:15:00,26.4399,26.4399,26.4399,26.4399,156
2026-05-19 11:20:00,26.43,26.43,26.43,26.43,3505
2026-05-19 11:25:00,26.42,26.42,26.42,26.42,3564
2026-05-19 11:30:00,26.415,26.4297,26.415,26.4158,1349
2026-05-19 11:35:00,26.415,26.415,26.415,26.415,114
2026-05-19 11:55:00,26.43,26.43,26.425,26.425,500
2026-05-19 12:00:00,26.43,26.43,26.43,26.43,100
2026-05-19 12:05:00,26.43,26.43,26.415,26.415,1500
2026-05-19 12:10:00,26.4,26.4,26.4,26.4,9227
2026-05-19 12:20:00,26.42,26.42,26.42,26.42,315
2026-05-19 12:25:00,26.435,26.45,26.435,26.45,2571
2026-05-19 12:30:00,26.45,26.45,26.45,26.45,1839
2026-05-19 12:35:00,26.44,26.44,26.44,26.44,234
2026-05-19 12:40:00,26.45,26.45,26.44,26.44,700
2026-05-19 13:00:00,26.445,26.445,26.445,26.445,1972
2026-05-19 13:05:00,26.44,26.445,26.44,26.445,500
2026-05-19 13:15:00,26.46,26.46,26.46,26.46,500
2026-05-19 13:20:00,26.4601,26.4601,26.455,26.455,2121
2026-05-19 13:25:00,26.455,26.455,26.455,26.455,140
2026-05-19 13:30:00,26.46,26.46,26.46,26.46,325
2026-05-19 13:35:00,26.46,26.46,26.46,26.46,1006
2026-05-19 13:40:00,26.46,26.46,26.4599,26.46,1788
2026-05-19 13:50:00,26.47,26.47,26.47,26.47,100
2026-05-19 13:55:00,26.46,26.47,26.46,26.4699,1074
2026-05-19 14:00:00,26.47,26.48,26.47,26.4766,680
2026-05-19 14:05:00,26.4755,26.4755,26.4755,26.4755,550
2026-05-19 14:10:00,26.475,26.475,26.475,26.475,246
2026-05-19 14:15:00,26.47,26.47,26.4601,26.4601,2564
2026-05-19 14:20:00,26.466,26.466,26.46,26.46,2705
2026-05-19 14:25:00,26.45,26.45,26.45,26.45,100
2026-05-19 14:30:00,26.42,26.44,26.42,26.44,3627
2026-05-19 14:40:00,26.45,26.45,26.45,26.45,200
2026-05-19 14:45:00,26.447,26.447,26.43,26.43,3812
2026-05-19 14:50:00,26.43,26.44,26.43,26.44,25731
2026-05-19 14:55:00,26.43,26.43,26.42,26.43,6410
2026-05-19 15:00:00,26.44,26.44,26.435,26.435,570
2026-05-19 15:05:00,26.43,26.4301,26.43,26.4301,388
2026-05-19 15:10:00,26.435,26.435,26.435,26.435,1846
2026-05-19 15:15:00,26.44,26.44,26.44,26.44,280
2026-05-19 15:20:00,26.43,26.435,26.43,26.435,303
2026-05-19 15:25:00,26.4301,26.4301,26.4301,26.4301,1316
2026-05-19 15:30:00,26.4389,26.4389,26.435,26.435,1467
2026-05-19 15:35:00,26.435,26.435,26.435,26.435,2339
2026-05-19 15:40:00,26.45,26.45,26.445,26.445,2510
2026-05-19 15:45:00,26.44,26.44,26.44,26.44,602
2026-05-19 15:50:00,26.44,26.45,26.44,26.44,770
2026-05-19 15:55:00,26.4256,26.435,26.425,26.43,11892
2026-05-20 07:40:00,26.51,26.51,26.51,26.51,1088
2026-05-20 08:40:00,26.48,26.48,26.48,26.48,250
2026-05-20 09:30:00,26.46,26.46,26.45,26.45,1085
2026-05-20 09:35:00,26.4646,26.4646,26.4646,26.4646,145
2026-05-20 09:40:00,26.46,26.46,26.46,26.46,359
2026-05-20 09:45:00,26.48,26.48,26.4799,26.4799,650
2026-05-20 09:50:00,26.4799,26.4799,26.4799,26.4799,121
2026-05-20 10:05:00,26.45,26.45,26.45,26.45,1750
2026-05-20 10:10:00,26.45,26.465,26.45,26.465,8052
2026-05-20 10:15:00,26.48,26.53,26.475,26.51,130661
2026-05-20 10:20:00,26.51,26.51,26.495,26.495,2050
2026-05-20 10:25:00,26.5,26.5,26.5,26.5,1200
2026-05-20 10:30:00,26.52,26.53,26.52,26.525,8488
2026-05-20 10:35:00,26.52,26.535,26.519,26.535,11446
2026-05-20 10:40:00,26.52,26.52,26.52,26.52,4095
2026-05-20 10:45:00,26.53,26.53,26.52,26.525,1075
2026-05-20 10:50:00,26.544,26.56,26.544,26.56,2900
2026-05-20 10:55:00,26.5792,26.5792,26.5792,26.5792,165
2026-05-20 11:00:00,26.59,26.59,26.59,26.59,2248
2026-05-20 11:05:00,26.585,26.585,26.575,26.575,2194
2026-05-20 11:10:00,26.58,26.58,26.58,26.58,400
2026-05-20 11:15:00,26.585,26.665,26.585,26.64,331621
2026-05-20 11:20:00,26.64,26.645,26.64,26.64,1503
2026-05-20 11:25:00,26.625,26.625,26.625,26.625,364
2026-05-20 11:30:00,26.625,26.63,26.625,26.63,1499
2026-05-20 11:35:00,26.64,26.64,26.64,26.64,599
2026-05-20 11:40:00,26.645,26.645,26.645,26.645,610
2026-05-20 11:45:00,26.65,26.655,26.65,26.655,230
2026-05-20 11:50:00,26.65,26.65,26.6301,26.6301,1043
2026-05-20 11:55:00,26.63,26.635,26.62,26.625,10080
2026-05-20 12:05:00,26.63,26.63,26.63,26.63,206
2026-05-20 12:10:00,26.63,26.63,26.63,26.63,717
2026-05-20 12:15:00,26.64,26.64,26.6399,26.64,800
2026-05-20 12:20:00,26.62,26.62,26.62,26.62,3128
2026-05-20 12:25:00,26.615,26.615,26.61,26.61,860
2026-05-20 12:30:00,26.61,26.61,26.61,26.61,338
2026-05-20 12:35:00,26.615,26.615,26.615,26.615,314
2026-05-20 12:40:00,26.62,26.63,26.62,26.63,714
2026-05-20 12:45:00,26.63,26.64,26.615,26.615,3082
2026-05-20 12:50:00,26.62,26.635,26.6199,26.635,2082
2026-05-20 12:55:00,26.63,26.635,26.625,26.625,1161
2026-05-20 13:00:00,26.625,26.63,26.62,26.63,1051
2026-05-20 13:05:00,26.63,26.635,26.63,26.635,1205
2026-05-20 13:10:00,26.635,26.65,26.63,26.64,22798
2026-05-20 13:15:00,26.64,26.64,26.64,26.64,372
2026-05-20 13:25:00,26.63,26.63,26.63,26.63,100
2026-05-20 13:30:00,26.63,26.63,26.63,26.63,100
2026-05-20 13:35:00,26.64,26.65,26.64,26.65,7314
2026-05-20 13:45:00,26.63,26.63,26.63,26.63,100
2026-05-20 13:55:00,26.6157,26.6157,26.61,26.61,1550
2026-05-20 14:00:00,26.61,26.61,26.61,26.61,1550
2026-05-20 14:10:00,26.63,26.63,26.63,26.63,74609
2026-05-20 14:15:00,26.63,26.64,26.63,26.64,1856
2026-05-20 14:20:00,26.63,26.63,26.63,26.63,21217
2026-05-20 14:25:00,26.63,26.63,26.63,26.63,956
2026-05-20 14:30:00,26.635,26.64,26.635,26.64,2925
2026-05-20 14:35:00,26.635,26.635,26.635,26.635,1819
2026-05-20 14:40:00,26.6399,26.6399,26.6399,26.6399,500
2026-05-20 14:45:00,26.63,26.63,26.63,26.63,323
2026-05-20 14:50:00,26.635,26.635,26.635,26.635,100
2026-05-20 14:55:00,26.65,26.65,26.65,26.65,784
2026-05-20 15:00:00,26.65,26.66,26.65,26.66,1941
2026-05-20 15:05:00,26.65,26.65,26.6499,26.6499,2042
2026-05-20 15:15:00,26.65,26.65,26.65,26.65,100
2026-05-20 15:20:00,26.645,26.645,26.645,26.645,149
2026-05-20 15:25:00,26.65,26.65,26.65,26.65,100
2026-05-20 15:30:00,26.65,26.655,26.65,26.655,700
2026-05-20 15:35:00,26.65,26.67,26.65,26.665,40787
2026-05-20 15:40:00,26.67,26.67,26.67,26.67,100
2026-05-20 15:45:00,26.66,26.66,26.6546,26.6546,1674
2026-05-20 15:50:00,26.65,26.6558,26.65,26.655,104299
2026-05-20 15:55:00,26.65,26.66,26.645,26.645,18354
2026-05-20 16:00:00,26.65,26.65,26.65,26.65,641
2026-05-21 09:30:00,26.57,26.57,26.5463,26.5463,4777
2026-05-21 09:35:00,26.55,26.55,26.53,26.53,1050
2026-05-21 09:40:00,26.5397,26.5397,26.5,26.5,4266
2026-05-21 09:45:00,26.595,26.595,26.5299,26.53,736
2026-05-21 09:50:00,26.53,26.59,26.53,26.59,38468
2026-05-21 09:55:00,26.57,26.575,26.57,26.575,10787
2026-05-21 10:00:00,26.58,26.58,26.56,26.56,600
2026-05-21 10:05:00,26.55,26.56,26.5401,26.56,6278
2026-05-21 10:10:00,26.56,26.56,26.55,26.56,13860
2026-05-21 10:15:00,26.55,26.5599,26.55,26.55,3109
2026-05-21 10:20:00,26.555,26.555,26.55,26.55,1932
2026-05-21 10:25:00,26.55,26.57,26.55,26.57,200
2026-05-21 10:30:00,26.57,26.575,26.57,26.57,400
2026-05-21 10:35:00,26.57,26.57,26.565,26.57,4300
2026-05-21 10:40:00,26.56,26.56,26.55,26.55,8931
2026-05-21 10:45:00,26.55,26.55,26.54,26.55,800
2026-05-21 10:50:00,26.555,26.555,26.555,26.555,200
2026-05-21 10:55:00,26.565,26.575,26.565,26.57,2505
2026-05-21 11:00:00,26.57,26.57,26.56,26.56,17622
2026-05-21 11:05:00,26.56,26.56,26.54,26.55,500
2026-05-21 11:10:00,26.555,26.575,26.5538,26.575,9032
2026-05-21 11:15:00,26.565,26.57,26.565,26.57,567
2026-05-21 11:20:00,26.565,26.57,26.565,26.565,1750
2026-05-21 11:25:00,26.56,26.56,26.55,26.55,600
2026-05-21 11:30:00,26.555,26.565,26.555,26.565,1192
2026-05-21 11:35:00,26.56,26.565,26.56,26.56,300
2026-05-21 11:40:00,26.57,26.57,26.56,26.56,355
2026-05-21 11:45:00,26.56,26.565,26.56,26.56,1629
2026-05-21 11:50:00,26.555,26.565,26.555,26.565,400
2026-05-21 11:55:00,26.5659,26.58,26.56,26.58,8298
2026-05-21 12:00:00,26.58,26.595,26.58,26.59,2198
2026-05-21 12:05:00,26.59,26.6,26.59,26.6,400
2026-05-21 12:10:00,26.59,26.59,26.58,26.59,4039
2026-05-21 12:15:00,26.59,26.595,26.58,26.595,2158
2026-05-21 12:20:00,26.595,26.595,26.59,26.59,348
2026-05-21 12:25:00,26.585,26.605,26.585,26.605,1775
2026-05-21 12:30:00,26.6,26.6,26.6,26.6,200
2026-05-21 12:35:00,26.605,26.605,26.6,26.605,300
2026-05-21 12:40:00,26.6,26.605,26.6,26.605,300
2026-05-21 12:45:00,26.61,26.61,26.605,26.605,300
2026-05-21 12:50:00,26.605,26.61,26.605,26.605,2164
2026-05-21 12:55:00,26.61,26.61,26.605,26.605,300
2026-05-21 13:00:00,26.605,26.605,26.589,26.589,5255
2026-05-21 13:05:00,26.589,26.589,26.589,26.589,100
2026-05-21 13:10:00,26.59,26.62,26.59,26.62,27802
2026-05-21 13:15:00,26.635,26.65,26.635,26.64,3553
2026-05-21 13:20:00,26.66,26.665,26.64,26.64,761
2026-05-21 13:25:00,26.65,26.655,26.65,26.655,214
2026-05-21 13:30:00,26.67,26.68,26.665,26.665,628
2026-05-21 13:35:00,26.67,26.68,26.6699,26.68,3505
2026-05-21 13:40:00,26.685,26.695,26.685,26.69,500
2026-05-21 13:45:00,26.69,26.69,26.69,26.69,400
2026-05-21 13:50:00,26.695,26.7,26.695,26.7,464
2026-05-21 13:55:00,26.7,26.705,26.7,26.7,433
2026-05-21 14:00:00,26.705,26.705,26.68,26.68,22008
2026-05-21 14:05:00,26.675,26.685,26.675,26.685,300
2026-05-21 14:10:00,26.685,26.69,26.6741,26.6741,1214
2026-05-21 14:15:00,26.69,26.695,26.69,26.695,665
2026-05-21 14:20:00,26.7,26.7,26.7,26.7,100
2026-05-21 14:25:00,26.7,26.7,26.695,26.7,5270
2026-05-21 14:30:00,26.69,26.69,26.69,26.69,234
2026-05-21 14:40:00,26.69,26.695,26.69,26.695,849
2026-05-21 14:45:00,26.695,26.7,26.675,26.68,46274
2026-05-21 14:50:00,26.68,26.68,26.645,26.645,9603
2026-05-21 14:55:00,26.645,26.645,26.645,26.645,250
2026-05-21 15:00:00,26.6426,26.665,26.6426,26.665,701
2026-05-21 15:05:00,26.66,26.67,26.65,26.665,4558
2026-05-21 15:10:00,26.67,26.67,26.6641,26.67,2304
2026-05-21 15:15:00,26.67,26.6799,26.67,26.6799,397
2026-05-21 15:20:00,26.675,26.685,26.675,26.685,2213
2026-05-21 15:25:00,26.69,26.69,26.69,26.69,446
2026-05-21 15:30:00,26.685,26.685,26.68,26.685,10203
2026-05-21 15:35:00,26.69,26.69,26.69,26.69,957
2026-05-21 15:40:00,26.695,26.695,26.695,26.695,100
2026-05-21 15:45:00,26.69,26.69,26.69,26.69,5000
2026-05-21 15:50:00,26.695,26.695,26.67,26.67,1202
2026-05-21 15:55:00,26.67,26.71,26.67,26.71,72360
2026-05-22 09:30:00,26.79,26.79,26.7777,26.78,11266
2026-05-22 09:35:00,26.78,26.785,26.78,26.78,3396
2026-05-22 09:40:00,26.77,26.77,26.75,26.75,6781
2026-05-22 09:45:00,26.75,26.75,26.75,26.75,1500
2026-05-22 09:50:00,26.73,26.745,26.73,26.745,1206
2026-05-22 09:55:00,26.75,26.75,26.75,26.75,700
2026-05-22 10:00:00,26.72,26.72,26.71,26.71,3379
2026-05-22 10:05:00,26.705,26.71,26.705,26.71,578
2026-05-22 10:10:00,26.71,26.715,26.69,26.69,8009
2026-05-22 10:15:00,26.69,26.705,26.69,26.7,3428
2026-05-22 10:20:00,26.7,26.7,26.695,26.7,8930
2026-05-22 10:25:00,26.7,26.705,26.7,26.705,2471
2026-05-22 10:30:00,26.7,26.705,26.7,26.7,2785
2026-05-22 10:35:00,26.7,26.7,26.68,26.68,5274
2026-05-22 10:40:00,26.685,26.685,26.68,26.68,329
2026-05-22 10:45:00,26.68,26.685,26.68,26.685,1380
2026-05-22 10:50:00,26.675,26.68,26.675,26.68,764
2026-05-22 10:55:00,26.69,26.69,26.69,26.69,785
2026-05-22 11:00:00,26.68,26.685,26.68,26.685,285
2026-05-22 11:05:00,26.69,26.695,26.69,26.69,10301
2026-05-22 11:10:00,26.6998,26.6998,26.6998,26.6998,387
2026-05-22 11:15:00,26.695,26.7,26.695,26.7,1417
2026-05-22 11:20:00,26.705,26.705,26.705,26.705,4725
2026-05-22 11:25:00,26.7,26.7,26.6901,26.695,1500
2026-05-22 11:30:00,26.7,26.705,26.7,26.705,1671
2026-05-22 11:35:00,26.7,26.705,26.695,26.705,1137
2026-05-22 11:40:00,26.71,26.715,26.705,26.715,1065
2026-05-22 11:45:00,26.715,26.715,26.715,26.715,100
2026-05-22 11:50:00,26.715,26.715,26.715,26.715,461
2026-05-22 11:55:00,26.715,26.715,26.705,26.705,2994
2026-05-22 12:00:00,26.705,26.705,26.695,26.7,8011
2026-05-22 12:05:00,26.695,26.705,26.695,26.705,526
2026-05-22 12:10:00,26.705,26.715,26.705,26.715,400
2026-05-22 12:15:00,26.71,26.71,26.705,26.705,618
2026-05-22 12:25:00,26.71,26.715,26.71,26.715,300
2026-05-22 12:30:00,26.72,26.72,26.72,26.72,500
2026-05-22 12:35:00,26.71,26.71,26.69,26.69,8023
2026-05-22 12:40:00,26.685,26.685,26.685,26.685,190
2026-05-22 12:45:00,26.71,26.715,26.71,26.715,200
2026-05-22 12:50:00,26.71,26.71,26.71,26.71,496
2026-05-22 12:55:00,26.71,26.71,26.71,26.71,200
2026-05-22 13:00:00,26.72,26.725,26.72,26.725,5353
2026-05-22 13:15:00,26.72,26.725,26.705,26.71,10192
2026-05-22 13:20:00,26.71,26.72,26.71,26.72,1524
2026-05-22 13:25:00,26.725,26.76,26.72,26.74,60249
2026-05-22 13:30:00,26.76,26.77,26.75,26.76,4064
2026-05-22 13:35:00,26.75,26.75,26.75,26.75,3668
2026-05-22 13:40:00,26.75,26.76,26.75,26.76,2600
2026-05-22 13:45:00,26.75,26.75,26.75,26.75,500
2026-05-22 13:50:00,26.75,26.75,26.75,26.75,100
2026-05-22 13:55:00,26.745,26.755,26.745,26.75,484
2026-05-22 14:00:00,26.75,26.75,26.745,26.75,6178
2026-05-22 14:05:00,26.75,26.755,26.745,26.745,1031
2026-05-22 14:15:00,26.75,26.75,26.75,26.75,3188
2026-05-22 14:20:00,26.755,26.755,26.755,26.755,4409
2026-05-22 14:25:00,26.7534,26.76,26.7534,26.76,1305
2026-05-22 14:30:00,26.75,26.75,26.75,26.75,500
2026-05-22 14:35:00,26.75,26.76,26.75,26.76,4699
2026-05-22 14:40:00,26.7508,26.755,26.7508,26.755,1265
2026-05-22 14:45:00,26.76,26.76,26.755,26.755,3201
2026-05-22 15:00:00,26.75,26.75,26.745,26.745,10515
2026-05-22 15:15:00,26.745,26.745,26.745,26.745,1200
2026-05-22 15:20:00,26.7403,26.7403,26.7403,26.7403,100
2026-05-22 15:25:00,26.74,26.7461,26.74,26.745,10280
2026-05-22 15:30:00,26.745,26.745,26.74,26.74,500
2026-05-22 15:35:00,26.74,26.74,26.735,26.735,196248
2026-05-22 15:40:00,26.735,26.755,26.735,26.75,6370
2026-05-22 15:45:00,26.76,26.76,26.75,26.75,1900
2026-05-22 15:50:00,26.7566,26.7566,26.7566,26.7566,666
2026-05-22 15:55:00,26.7712,26.7712,26.765,26.765,4354
2026-05-22 16:00:00,26.79,26.79,26.79,26.79,154