2026-04-07 09:30:00,46.4,46.4,46.4,46.4,355
2026-04-07 09:35:00,46.36,46.36,46.36,46.36,2607
2026-04-07 09:50:00,46.265,46.265,46.265,46.265,108
2026-04-07 10:00:00,46.255,46.255,46.235,46.235,401
2026-04-07 10:10:00,46.215,46.215,46.215,46.215,339
2026-04-07 10:45:00,46.27,46.27,46.27,46.27,110
2026-04-07 10:50:00,46.24,46.24,46.24,46.24,176
2026-04-07 11:05:00,46.17,46.17,46.17,46.17,100
2026-04-07 11:35:00,46.22,46.22,46.22,46.22,816
2026-04-07 12:00:00,46.24,46.24,46.24,46.24,100
2026-04-07 12:05:00,46.26,46.26,46.26,46.26,2127
2026-04-07 12:35:00,46.21,46.26,46.21,46.26,367
2026-04-07 12:45:00,46.245,46.245,46.245,46.245,100
2026-04-07 13:00:00,46.2745,46.2745,46.2745,46.2745,100
2026-04-07 13:20:00,46.26,46.26,46.195,46.195,356
2026-04-07 13:25:00,46.195,46.2,46.195,46.2,200
2026-04-07 13:30:00,46.2501,46.2501,46.2501,46.2501,131
2026-04-07 15:05:00,46.2905,46.2905,46.2905,46.2905,216
2026-04-08 09:30:00,46.92,46.92,46.92,46.92,1488
2026-04-08 10:05:00,46.76,46.76,46.76,46.76,564
2026-04-08 10:25:00,46.745,46.745,46.745,46.745,100
2026-04-08 10:30:00,46.77,46.77,46.77,46.77,160
2026-04-08 12:40:00,46.675,46.675,46.675,46.675,247
2026-04-08 13:20:00,46.69,46.69,46.64,46.64,200
2026-04-08 13:50:00,46.65,46.65,46.65,46.65,100
2026-04-08 14:00:00,46.651,46.651,46.65,46.6501,985
2026-04-08 14:15:00,46.69,46.69,46.69,46.69,128
2026-04-08 14:40:00,46.6699,46.6699,46.6699,46.6699,1000
2026-04-08 15:15:00,46.61,46.61,46.61,46.61,100
2026-04-08 15:30:00,46.6563,46.6563,46.6563,46.6563,138
2026-04-08 15:55:00,46.64,46.64,46.64,46.64,100
2026-04-08 16:00:00,46.65,46.65,46.65,46.65,181
2026-04-09 09:30:00,46.71,46.71,46.71,46.71,168
2026-04-09 10:20:00,46.635,46.635,46.635,46.635,282
2026-04-09 10:30:00,46.63,46.63,46.61,46.61,215
2026-04-09 10:55:00,46.585,46.585,46.585,46.585,315
2026-04-09 11:05:00,46.6199,46.62,46.595,46.62,406
2026-04-09 11:30:00,46.64,46.67,46.64,46.67,260
2026-04-09 11:40:00,46.6602,46.6602,46.6602,46.6602,181
2026-04-09 11:55:00,46.67,46.67,46.67,46.67,100
2026-04-09 13:00:00,46.74,46.74,46.74,46.74,165
2026-04-09 13:20:00,46.78,46.85,46.76,46.77,607
2026-04-09 13:35:00,46.8082,46.8082,46.8082,46.8082,171
2026-04-09 13:55:00,46.8099,46.8099,46.8099,46.8099,120
2026-04-09 14:05:00,46.73,46.73,46.73,46.73,124
2026-04-09 14:50:00,46.685,46.685,46.685,46.685,232
2026-04-09 15:10:00,46.7,46.7,46.695,46.695,200
2026-04-09 15:55:00,46.695,46.695,46.695,46.695,100
2026-04-09 16:00:00,46.69,46.69,46.68,46.68,870
2026-04-10 12:15:00,46.59,46.59,46.59,46.59,205
2026-04-10 13:10:00,46.54,46.5649,46.54,46.5649,200
2026-04-10 13:25:00,46.531,46.531,46.52,46.525,880
2026-04-10 14:15:00,46.55,46.55,46.55,46.55,100
2026-04-10 14:40:00,46.5421,46.5421,46.5421,46.5421,1100
2026-04-10 15:30:00,46.545,46.545,46.545,46.545,180
2026-04-10 15:35:00,46.5101,46.5101,46.5101,46.5101,100
2026-04-10 15:45:00,46.54,46.54,46.54,46.54,100
2026-04-13 09:30:00,46.46,46.46,46.46,46.46,887
2026-04-13 10:00:00,46.56,46.66,46.56,46.66,6836
2026-04-13 11:35:00,46.61,46.61,46.58,46.58,1393
2026-04-13 11:40:00,46.58,46.58,46.58,46.58,220
2026-04-13 11:45:00,46.58,46.58,46.58,46.58,200
2026-04-13 12:25:00,46.61,46.61,46.61,46.61,100
2026-04-13 12:50:00,46.67,46.67,46.6416,46.6416,361
2026-04-13 12:55:00,46.6409,46.6409,46.6409,46.6409,172
2026-04-13 13:00:00,46.64,46.64,46.64,46.64,100
2026-04-13 14:10:00,46.63,46.63,46.59,46.6,855
2026-04-13 14:15:00,46.62,46.64,46.62,46.64,1562
2026-04-13 14:45:00,46.6699,46.6699,46.6699,46.6699,107
2026-04-13 15:05:00,46.64,46.64,46.64,46.64,336
2026-04-13 15:15:00,46.62,46.6201,46.62,46.6201,619
2026-04-13 15:40:00,46.63,46.63,46.63,46.63,109
2026-04-13 16:00:00,46.68,46.68,46.67,46.67,333
2026-04-14 09:30:00,46.7,46.7,46.7,46.7,200
2026-04-14 09:45:00,46.7797,46.7797,46.7797,46.7797,121
2026-04-14 10:15:00,46.7958,46.7958,46.7958,46.7958,121
2026-04-14 10:30:00,46.8,46.8,46.8,46.8,3375
2026-04-14 10:35:00,46.8,46.8408,46.8,46.8408,556
2026-04-14 10:50:00,46.81,46.814,46.8099,46.814,1422
2026-04-14 11:05:00,46.825,46.825,46.825,46.825,947
2026-04-14 11:25:00,46.8,46.8001,46.7901,46.7901,755
2026-04-14 11:35:00,46.8001,46.8001,46.8001,46.8001,232
2026-04-14 12:40:00,46.85,46.85,46.85,46.85,104
2026-04-14 13:05:00,46.845,46.845,46.845,46.845,112
2026-04-14 13:25:00,46.845,46.845,46.82,46.82,509
2026-04-14 13:30:00,46.88,46.88,46.88,46.88,197
2026-04-14 14:55:00,46.834,46.834,46.834,46.834,240
2026-04-14 15:30:00,46.83,46.85,46.83,46.85,966
2026-04-14 15:35:00,46.8,46.83,46.8,46.83,821
2026-04-14 15:50:00,46.825,46.825,46.825,46.825,280
2026-04-14 16:00:00,46.84,46.84,46.81,46.81,959
2026-04-15 09:30:00,46.75,46.75,46.75,46.75,444
2026-04-15 10:15:00,46.82,46.82,46.82,46.82,1742
2026-04-15 10:20:00,46.79,46.79,46.79,46.79,337
2026-04-15 10:35:00,46.83,46.86,46.83,46.86,1500
2026-04-15 10:40:00,46.83,46.83,46.83,46.83,100
2026-04-15 11:00:00,46.84,46.84,46.84,46.84,564
2026-04-15 12:45:00,46.82,46.82,46.82,46.82,100
2026-04-15 13:30:00,46.81,46.81,46.79,46.79,300
2026-04-15 13:45:00,46.7901,46.7901,46.7901,46.7901,150
2026-04-15 15:25:00,46.78,46.78,46.76,46.76,4818
2026-04-15 15:35:00,46.8,46.8,46.8,46.8,596
2026-04-15 16:00:00,46.77,46.77,46.77,46.77,200
2026-04-16 09:45:00,46.82,46.82,46.82,46.82,100
2026-04-16 09:50:00,46.82,46.82,46.82,46.82,1030
2026-04-16 10:20:00,46.77,46.77,46.77,46.77,116
2026-04-16 10:50:00,46.775,46.775,46.764,46.764,778
2026-04-16 11:10:00,46.81,46.81,46.81,46.81,100
2026-04-16 11:20:00,46.8154,46.8154,46.8154,46.8154,212
2026-04-16 11:50:00,46.7927,46.7927,46.7927,46.7927,598
2026-04-16 12:15:00,46.795,46.795,46.795,46.795,130
2026-04-16 13:50:00,46.8,46.8,46.8,46.8,251
2026-04-16 13:55:00,46.79,46.79,46.79,46.79,1247
2026-04-16 14:35:00,46.79,46.79,46.7826,46.7826,206
2026-04-16 15:00:00,46.7999,46.7999,46.7999,46.7999,363
2026-04-16 15:05:00,46.79,46.79,46.79,46.79,839
2026-04-16 15:20:00,46.79,46.79,46.79,46.79,100
2026-04-16 15:25:00,46.8,46.8,46.8,46.8,100
2026-04-16 15:50:00,46.8099,46.8099,46.8099,46.8099,121
2026-04-16 15:55:00,46.8,46.8,46.79,46.79,500
2026-04-16 16:00:00,46.79,46.79,46.79,46.79,131
2026-04-17 09:40:00,46.9899,46.9899,46.9899,46.9899,563
2026-04-17 10:20:00,47,47,47,47,500
2026-04-17 10:45:00,47,47,47,47,600
2026-04-17 11:45:00,47.05,47.05,47.05,47.05,154
2026-04-17 12:30:00,47.01,47.01,46.98,46.98,5692
2026-04-17 13:05:00,47,47,47,47,200
2026-04-17 13:20:00,47.0029,47.0029,46.9541,46.9541,439
2026-04-17 14:30:00,46.95,46.95,46.94,46.9401,1700
2026-04-17 14:35:00,46.98,46.98,46.9512,46.9512,1418
2026-04-17 15:35:00,46.9101,46.9101,46.9101,46.9101,1303
2026-04-17 15:45:00,46.92,46.92,46.92,46.92,243
2026-04-17 15:55:00,46.938,46.938,46.938,46.938,220
2026-04-20 09:30:00,47,47,47,47,1189
2026-04-20 09:55:00,46.92,46.9399,46.92,46.9399,412
2026-04-20 10:15:00,46.9334,46.9334,46.9334,46.9334,263
2026-04-20 10:25:00,46.9,46.95,46.9,46.95,394
2026-04-20 10:30:00,46.91,46.91,46.91,46.91,120
2026-04-20 11:00:00,46.91,46.91,46.9,46.91,2038
2026-04-20 11:25:00,46.94,46.94,46.89,46.89,651
2026-04-20 11:55:00,46.885,46.885,46.885,46.885,298
2026-04-20 13:20:00,46.915,46.915,46.915,46.915,789
2026-04-20 13:25:00,46.9,46.9,46.89,46.8901,1088
2026-04-20 13:40:00,46.88,46.88,46.88,46.88,1106
2026-04-20 14:20:00,46.88,46.88,46.88,46.88,194
2026-04-20 14:25:00,46.88,46.92,46.88,46.92,325
2026-04-21 09:50:00,46.88,46.88,46.88,46.88,9800
2026-04-21 10:05:00,46.842,46.842,46.842,46.842,211
2026-04-21 10:30:00,46.84,46.84,46.84,46.84,100
2026-04-21 10:45:00,46.84,46.84,46.78,46.78,286
2026-04-21 11:25:00,46.86,46.86,46.86,46.86,500
2026-04-21 11:30:00,46.86,46.86,46.86,46.86,1634
2026-04-21 11:50:00,46.85,46.85,46.85,46.85,866
2026-04-21 12:50:00,46.83,46.83,46.83,46.83,100
2026-04-21 12:55:00,46.83,46.83,46.83,46.83,2206
2026-04-21 13:25:00,46.805,46.805,46.805,46.805,106
2026-04-21 13:30:00,46.84,46.845,46.79,46.79,1129
2026-04-21 13:35:00,46.84,46.84,46.81,46.81,308
2026-04-21 14:15:00,46.81,46.81,46.81,46.81,100
2026-04-21 14:40:00,46.78,46.78,46.77,46.7701,482
2026-04-21 15:00:00,46.8599,46.8599,46.8599,46.8599,425
2026-04-21 15:30:00,46.8558,46.8558,46.8558,46.8558,310
2026-04-21 15:40:00,46.815,46.815,46.815,46.815,100
2026-04-21 15:50:00,46.785,46.785,46.785,46.785,106
2026-04-21 15:55:00,46.76,46.76,46.76,46.76,236
2026-04-22 09:30:00,46.95,46.95,46.86,46.896,2414
2026-04-22 09:35:00,46.905,46.905,46.905,46.905,218
2026-04-22 09:45:00,46.92,46.92,46.92,46.92,4121
2026-04-22 10:45:00,46.905,46.905,46.905,46.905,106
2026-04-22 11:40:00,46.88,46.88,46.88,46.88,100
2026-04-22 11:55:00,46.8644,46.8644,46.8644,46.8644,194
2026-04-22 13:25:00,46.89,46.89,46.84,46.84,613
2026-04-22 13:30:00,46.86,46.86,46.86,46.86,142
2026-04-22 13:40:00,46.878,46.878,46.878,46.878,912
2026-04-22 15:55:00,46.86,46.86,46.86,46.86,200
2026-04-23 10:20:00,46.87,46.87,46.87,46.87,994
2026-04-23 11:45:00,46.865,46.865,46.86,46.86,259
2026-04-23 12:20:00,46.86,46.86,46.86,46.86,595
2026-04-23 13:05:00,46.85,46.85,46.7851,46.7851,384
2026-04-23 13:30:00,46.7598,46.7598,46.7598,46.7598,468
2026-04-23 13:40:00,46.7579,46.7579,46.75,46.75,257
2026-04-23 14:45:00,46.785,46.79,46.785,46.79,323
2026-04-23 15:15:00,46.8062,46.8062,46.8062,46.8062,194
2026-04-23 15:20:00,46.77,46.77,46.77,46.77,151
2026-04-23 15:35:00,46.7679,46.7679,46.7679,46.7679,154
2026-04-23 15:45:00,46.77,46.77,46.77,46.77,524
2026-04-23 15:55:00,46.79,46.79,46.79,46.79,100
2026-04-24 10:05:00,46.8,46.81,46.8,46.81,2153
2026-04-24 11:00:00,46.855,46.855,46.855,46.855,701
2026-04-24 12:10:00,46.9,46.9,46.9,46.9,100
2026-04-24 13:30:00,46.87,46.87,46.8205,46.8205,394
2026-04-24 15:05:00,46.88,46.88,46.84,46.84,1097
2026-04-24 15:40:00,46.8318,46.8318,46.8318,46.8318,100
2026-04-24 15:45:00,46.88,46.88,46.88,46.88,4625
2026-04-27 10:15:00,46.8477,46.8477,46.8477,46.8477,121
2026-04-27 10:25:00,46.791,46.7911,46.79,46.7901,912
2026-04-27 10:30:00,46.79,46.79,46.79,46.79,343
2026-04-27 11:25:00,46.84,46.86,46.84,46.86,1100
2026-04-27 11:30:00,46.85,46.8501,46.85,46.8501,400
2026-04-27 12:00:00,46.855,46.855,46.855,46.855,121
2026-04-27 12:40:00,46.85,46.8501,46.85,46.8501,1174
2026-04-27 13:40:00,46.845,46.845,46.845,46.845,348
2026-04-27 13:55:00,46.86,46.86,46.8246,46.8246,623
2026-04-27 14:25:00,46.8699,46.8699,46.8699,46.8699,403
2026-04-27 15:35:00,46.85,46.85,46.85,46.85,401
2026-04-27 15:40:00,46.85,46.85,46.85,46.85,500
2026-04-27 15:50:00,46.8416,46.89,46.8416,46.89,274
2026-04-28 09:15:00,46.83,46.83,46.83,46.83,100
2026-04-28 10:15:00,46.8199,46.8199,46.8,46.8,6761
2026-04-28 10:25:00,46.81,46.81,46.81,46.81,100
2026-04-28 11:00:00,46.82,46.82,46.82,46.82,100
2026-04-28 13:40:00,46.771,46.81,46.771,46.81,809
2026-04-28 14:20:00,46.81,46.81,46.79,46.79,1253
2026-04-28 15:00:00,46.795,46.795,46.795,46.795,185
2026-04-28 15:05:00,46.8197,46.8197,46.8197,46.8197,215
2026-04-28 15:55:00,46.805,46.805,46.805,46.805,283
2026-04-29 10:40:00,46.73,46.76,46.73,46.76,1049
2026-04-29 11:35:00,46.7395,46.7395,46.7395,46.7395,200
2026-04-29 13:35:00,46.7,46.7,46.69,46.69,751
2026-04-29 14:40:00,46.64,46.645,46.64,46.645,456
2026-04-29 15:30:00,46.655,46.669,46.655,46.669,550
2026-04-29 15:45:00,46.65,46.65,46.65,46.65,705
2026-04-29 15:50:00,46.64,46.64,46.64,46.64,143
2026-04-29 15:55:00,46.68,46.69,46.68,46.69,16802
2026-04-30 09:35:00,46.745,46.745,46.745,46.745,350
2026-04-30 11:30:00,46.84,46.84,46.8399,46.8399,200
2026-04-30 12:20:00,46.81,46.81,46.81,46.81,292
2026-04-30 12:35:00,46.79,46.7935,46.79,46.7935,200
2026-04-30 13:10:00,46.81,46.82,46.81,46.82,743
2026-04-30 14:00:00,46.796,46.796,46.796,46.796,100
2026-04-30 14:35:00,46.83,46.86,46.83,46.8396,3308
2026-04-30 15:40:00,46.89,46.89,46.8899,46.8899,400
2026-05-01 09:30:00,46.59,46.59,46.59,46.59,102
2026-05-01 10:05:00,46.74,46.74,46.74,46.74,100
2026-05-01 10:25:00,46.76,46.78,46.76,46.78,427
2026-05-01 10:50:00,46.74,46.74,46.74,46.74,100
2026-05-01 11:20:00,46.72,46.73,46.72,46.73,400
2026-05-01 11:25:00,46.72,46.73,46.72,46.73,500
2026-05-01 11:35:00,46.7388,46.7388,46.7388,46.7388,174
2026-05-01 11:45:00,46.71,46.739,46.71,46.739,267
2026-05-01 11:55:00,46.688,46.688,46.688,46.688,196
2026-05-01 12:05:00,46.6835,46.6835,46.6835,46.6835,199
2026-05-01 12:45:00,46.7001,46.7001,46.7001,46.7001,640
2026-05-01 13:10:00,46.7,46.7,46.7,46.7,100
2026-05-01 13:25:00,46.7,46.7,46.685,46.7,646
2026-05-01 14:05:00,46.7,46.7,46.68,46.68,451
2026-05-01 14:15:00,46.66,46.66,46.66,46.66,137
2026-05-01 15:30:00,46.68,46.7,46.68,46.7,2357
2026-05-01 15:40:00,46.69,46.71,46.69,46.71,3612
2026-05-04 09:30:00,46.67,46.67,46.67,46.67,390
2026-05-04 09:45:00,46.62,46.62,46.62,46.62,100
2026-05-04 10:20:00,46.5801,46.5801,46.5801,46.5801,106
2026-05-04 10:25:00,46.64,46.64,46.63,46.63,360
2026-05-04 10:35:00,46.5905,46.615,46.5905,46.615,471
2026-05-04 10:45:00,46.64,46.64,46.64,46.64,100
2026-05-04 11:15:00,46.6,46.6,46.6,46.6,100
2026-05-04 11:20:00,46.53,46.53,46.53,46.53,100
2026-05-04 11:55:00,46.53,46.53,46.495,46.495,685
2026-05-04 12:05:00,46.5,46.5,46.5,46.5,200
2026-05-04 12:20:00,46.53,46.53,46.53,46.53,100
2026-05-04 12:30:00,46.53,46.53,46.52,46.52,212
2026-05-04 12:35:00,46.52,46.52,46.52,46.52,100
2026-05-04 12:40:00,46.54,46.54,46.54,46.54,224
2026-05-04 12:45:00,46.53,46.53,46.53,46.53,388
2026-05-04 13:00:00,46.52,46.52,46.52,46.52,288
2026-05-04 13:10:00,46.53,46.55,46.53,46.55,288
2026-05-04 13:25:00,46.55,46.55,46.55,46.55,300
2026-05-04 13:35:00,46.53,46.53,46.53,46.53,288
2026-05-04 13:40:00,46.53,46.53,46.53,46.53,220
2026-05-04 13:45:00,46.54,46.55,46.52,46.53,730
2026-05-04 13:55:00,46.56,46.57,46.56,46.57,336
2026-05-04 14:00:00,46.56,46.56,46.5316,46.5316,748
2026-05-04 14:05:00,46.57,46.6,46.5465,46.5465,545
2026-05-04 14:10:00,46.58,46.58,46.58,46.58,288
2026-05-04 14:20:00,46.58,46.58,46.58,46.58,400
2026-05-04 14:25:00,46.57,46.57,46.57,46.57,120
2026-05-04 14:30:00,46.56,46.57,46.56,46.57,500
2026-05-04 14:35:00,46.56,46.56,46.56,46.56,100
2026-05-04 14:40:00,46.57,46.57,46.57,46.57,300
2026-05-04 14:50:00,46.57,46.58,46.57,46.58,1388
2026-05-04 15:00:00,46.58,46.58,46.58,46.58,288
2026-05-04 15:10:00,46.58,46.59,46.58,46.59,336
2026-05-04 15:15:00,46.58,46.59,46.58,46.59,220
2026-05-04 15:20:00,46.58,46.6,46.58,46.6,288
2026-05-04 15:35:00,46.58,46.59,46.58,46.59,489
2026-05-04 15:45:00,46.61,46.61,46.61,46.61,268
2026-05-04 15:55:00,46.59,46.6,46.57,46.6,784
2026-05-05 09:45:00,46.68,46.6896,46.63,46.63,853
2026-05-05 09:50:00,46.68,46.68,46.67,46.67,249
2026-05-05 10:05:00,46.66,46.66,46.66,46.66,200
2026-05-05 10:20:00,46.702,46.702,46.702,46.702,113
2026-05-05 10:55:00,46.69,46.69,46.68,46.68,421
2026-05-05 11:20:00,46.68,46.68,46.68,46.68,500
2026-05-05 11:25:00,46.675,46.675,46.675,46.675,312
2026-05-05 11:40:00,46.7,46.7,46.7,46.7,200
2026-05-05 11:50:00,46.7,46.7,46.7,46.7,1016
2026-05-05 13:00:00,46.71,46.71,46.71,46.71,100
2026-05-05 13:15:00,46.7,46.7,46.6521,46.6521,676
2026-05-05 13:20:00,46.68,46.68,46.68,46.68,167
2026-05-05 13:30:00,46.69,46.69,46.69,46.69,100
2026-05-05 13:35:00,46.69,46.71,46.675,46.7,2663
2026-05-05 14:00:00,46.68,46.71,46.68,46.71,900
2026-05-05 14:15:00,46.6501,46.6501,46.6501,46.6501,126
2026-05-05 14:25:00,46.68,46.68,46.68,46.68,700
2026-05-05 14:50:00,46.685,46.685,46.685,46.685,111
2026-05-05 15:15:00,46.66,46.7,46.66,46.7,670
2026-05-05 15:25:00,46.68,46.68,46.65,46.65,756
2026-05-05 15:30:00,46.6696,46.6696,46.6696,46.6696,114
2026-05-05 15:45:00,46.69,46.72,46.65,46.71,3389
2026-05-06 09:30:00,46.78,46.78,46.78,46.78,390
2026-05-06 09:50:00,46.76,46.76,46.76,46.76,100
2026-05-06 09:55:00,46.78,46.82,46.78,46.8199,1490
2026-05-06 10:15:00,46.78,46.78,46.78,46.78,100
2026-05-06 10:35:00,46.8,46.8,46.8,46.8,106
2026-05-06 11:05:00,46.805,46.805,46.805,46.805,204
2026-05-06 11:10:00,46.81,46.81,46.81,46.81,156
2026-05-06 11:15:00,46.81,46.81,46.81,46.81,100
2026-05-06 11:20:00,46.82,46.83,46.82,46.83,350
2026-05-06 11:25:00,46.825,46.825,46.825,46.825,100
2026-05-06 11:30:00,46.825,46.83,46.75,46.75,6170
2026-05-06 11:45:00,46.8,46.81,46.8,46.81,1697
2026-05-06 12:40:00,46.81,46.83,46.81,46.8299,1835
2026-05-06 12:50:00,46.81,46.81,46.81,46.81,100
2026-05-06 12:55:00,46.8082,46.8082,46.8082,46.8082,1174
2026-05-06 13:15:00,46.79,46.81,46.78,46.81,502
2026-05-06 13:45:00,46.81,46.81,46.81,46.81,100
2026-05-06 14:05:00,46.815,46.815,46.815,46.815,191
2026-05-06 14:20:00,46.8151,46.8151,46.8151,46.8151,844
2026-05-06 14:40:00,46.8391,46.8391,46.8391,46.8391,841
2026-05-06 14:50:00,46.815,46.8187,46.815,46.8187,2593
2026-05-06 14:55:00,46.8399,46.8399,46.8399,46.8399,340
2026-05-06 15:00:00,46.826,46.826,46.82,46.82,612
2026-05-06 15:05:00,46.82,46.8499,46.82,46.8499,768
2026-05-06 15:55:00,46.8,46.82,46.8,46.82,400
2026-05-07 09:30:00,46.81,46.81,46.81,46.81,181
2026-05-07 09:40:00,46.82,46.82,46.78,46.78,5840
2026-05-07 09:55:00,46.81,46.81,46.81,46.81,100
2026-05-07 10:00:00,46.8,46.82,46.8,46.8199,1500
2026-05-07 10:20:00,46.81,46.81,46.81,46.81,100
2026-05-07 10:25:00,46.81,46.83,46.81,46.83,3518
2026-05-07 10:30:00,46.82,46.83,46.82,46.83,500
2026-05-07 12:45:00,46.685,46.685,46.685,46.685,997
2026-05-07 13:10:00,46.6543,46.6543,46.6543,46.6543,195
2026-05-07 13:20:00,46.66,46.68,46.66,46.66,1022
2026-05-07 13:25:00,46.65,46.65,46.65,46.65,100
2026-05-07 13:35:00,46.66,46.66,46.66,46.66,200
2026-05-07 14:55:00,46.6201,46.6201,46.6201,46.6201,671
2026-05-07 15:55:00,46.65,46.65,46.65,46.65,508
2026-05-08 09:55:00,46.75,46.75,46.75,46.75,100
2026-05-08 10:25:00,46.74,46.7599,46.74,46.7599,1000
2026-05-08 10:55:00,46.74,46.74,46.74,46.74,100332
2026-05-08 11:00:00,46.74,46.74,46.74,46.74,600
2026-05-08 11:35:00,46.748,46.748,46.73,46.73,1656
2026-05-08 12:15:00,46.77,46.77,46.77,46.77,149
2026-05-08 13:45:00,46.73,46.74,46.73,46.74,2083
2026-05-08 14:00:00,46.72,46.73,46.72,46.73,681
2026-05-08 14:15:00,46.73,46.73,46.73,46.73,165
2026-05-08 14:35:00,46.735,46.735,46.735,46.735,167
2026-05-08 15:50:00,46.73,46.73,46.73,46.73,408
2026-05-08 15:55:00,46.73,46.73,46.73,46.73,209