2026-04-22 09:30:00,70.94,70.94,70.94,70.94,241
2026-04-22 13:00:00,69.8,69.8,69.8,69.8,195
2026-04-22 13:40:00,70.04,70.04,70.04,70.04,150
2026-04-23 09:30:00,70,70,70,70,308
2026-04-23 09:50:00,69.35,69.35,69.35,69.35,150
2026-04-23 13:45:00,67.82,67.82,67.82,67.82,100
2026-04-23 15:55:00,68.62,68.62,68.62,68.62,100
2026-04-24 10:00:00,68.64,68.64,68.64,68.64,100
2026-04-24 10:45:00,68.88,68.88,68.88,68.88,100
2026-04-24 10:55:00,68.93,68.93,68.93,68.93,100
2026-04-24 11:25:00,68.89,68.89,68.89,68.89,100
2026-04-24 11:40:00,68.9,68.9,68.9,68.9,100
2026-04-24 12:45:00,69.04,69.0401,69.04,69.0401,412
2026-04-24 13:20:00,68.99,68.99,68.99,68.99,100
2026-04-24 13:25:00,69.0117,69.0117,69.0117,69.0117,800
2026-04-24 14:50:00,69.06,69.06,69.06,69.06,100
2026-04-24 15:10:00,69.11,69.18,69.11,69.18,343
2026-04-24 15:25:00,69.04,69.04,69.04,69.04,100
2026-04-24 15:45:00,69.065,69.065,69.065,69.065,198
2026-04-24 15:50:00,69,69,69,69,100
2026-04-24 15:55:00,69.11,69.25,69.11,69.25,300
2026-04-24 16:00:00,69.25,69.25,69.25,69.25,2005
2026-04-24 18:45:00,69,69,69,69,200
2026-04-27 09:25:00,68.96,68.96,68.96,68.96,118
2026-04-27 09:30:00,68.96,69.3,68.96,69.3,1665
2026-04-27 09:40:00,69.45,69.45,69.45,69.45,100
2026-04-27 09:55:00,68.92,68.92,68.92,68.92,100
2026-04-27 10:25:00,68.99,68.99,68.99,68.99,300
2026-04-27 10:30:00,68.86,68.86,68.86,68.86,500
2026-04-27 11:05:00,68.89,68.89,68.89,68.89,100
2026-04-27 11:10:00,68.95,68.95,68.95,68.95,100
2026-04-27 11:50:00,69.01,69.01,69.01,69.01,8450
2026-04-27 11:55:00,69.05,69.05,69.05,69.05,100
2026-04-28 10:00:00,67.96,67.96,67.96,67.96,111
2026-04-28 14:55:00,67.663,67.663,67.663,67.663,100
2026-04-28 15:50:00,67.485,67.485,67.485,67.485,200
2026-04-29 09:30:00,67.36,67.5,67.36,67.5,512
2026-04-29 09:40:00,67.27,67.2701,67.27,67.2701,400
2026-04-29 10:50:00,67.87,67.87,67.87,67.87,800
2026-04-29 12:20:00,67.41,67.4101,67.41,67.4101,800
2026-04-29 13:00:00,67.309,67.309,67.309,67.309,600
2026-04-29 13:55:00,67.42,67.42,67.42,67.42,400
2026-04-29 14:15:00,67.33,67.33,67.33,67.33,200
2026-04-29 15:00:00,67.665,67.665,67.665,67.665,100
2026-04-29 15:50:00,67.755,67.755,67.755,67.755,101
2026-04-30 09:30:00,67.87,67.87,67.87,67.87,370
2026-04-30 12:00:00,67.57,67.57,67.57,67.57,14408
2026-04-30 13:10:00,67.495,67.495,67.495,67.495,130
2026-04-30 13:30:00,67.63,67.63,67.63,67.63,100
2026-04-30 13:40:00,67.6001,67.6001,67.6001,67.6001,204
2026-04-30 13:55:00,67.75,67.75,67.75,67.75,150
2026-04-30 15:40:00,67.81,67.81,67.81,67.81,100
2026-04-30 15:55:00,67.7,67.7,67.7,67.7,100
2026-05-01 09:30:00,67.91,67.91,67.91,67.91,206
2026-05-01 13:00:00,68.03,68.03,68.03,68.03,100
2026-05-01 13:20:00,68.115,68.115,68.115,68.115,108
2026-05-01 14:00:00,68.11,68.11,68.11,68.11,100
2026-05-01 14:20:00,68.095,68.095,68.095,68.095,100
2026-05-01 14:40:00,68.15,68.15,68.15,68.15,104
2026-05-01 15:05:00,68.21,68.21,68.21,68.21,100
2026-05-04 09:30:00,68.05,68.05,68.05,68.05,144
2026-05-04 09:45:00,67.95,67.95,67.95,67.95,124
2026-05-04 10:00:00,67.88,67.88,67.88,67.88,116
2026-05-04 10:05:00,67.83,67.83,67.83,67.83,100
2026-05-04 10:15:00,68.11,68.18,68.11,68.18,500
2026-05-04 10:30:00,68.24,68.24,68.24,68.24,115
2026-05-04 10:45:00,68.2399,68.2399,68.2399,68.2399,117
2026-05-04 11:10:00,67.9101,67.9101,67.9101,67.9101,100
2026-05-04 11:25:00,67.61,67.61,67.61,67.61,100
2026-05-04 11:55:00,67.4,67.49,67.4,67.49,3504
2026-05-04 12:20:00,67.39,67.39,67.39,67.39,105
2026-05-04 12:30:00,67.11,67.12,67.11,67.12,300
2026-05-04 16:00:00,66.98,66.98,66.98,66.98,173
2026-05-05 04:55:00,67.12,67.12,67.12,67.12,8300
2026-05-05 09:30:00,67.08,67.08,67.08,67.08,165
2026-05-05 10:05:00,67.105,67.105,67.105,67.105,100
2026-05-05 12:00:00,67.18,67.18,67.18,67.18,1394
2026-05-05 13:05:00,67.02,67.02,67.02,67.02,100
2026-05-05 13:30:00,67.031,67.031,67.031,67.031,400
2026-05-05 13:40:00,67.05,67.05,67.01,67.02,5705
2026-05-05 13:45:00,67.02,67.04,67,67.04,1474
2026-05-05 13:55:00,67.1,67.1,67.1,67.1,100
2026-05-05 14:00:00,67.1,67.1,67.03,67.1,1386
2026-05-06 09:30:00,67.7,67.7,67.7,67.7,1399
2026-05-06 09:40:00,67.42,67.42,67.42,67.42,147
2026-05-06 11:25:00,67.14,67.14,67.07,67.07,400
2026-05-06 11:40:00,66.95,66.95,66.95,66.95,100
2026-05-06 12:10:00,67.08,67.08,67.08,67.08,100
2026-05-06 12:15:00,67.13,67.13,67.13,67.13,100
2026-05-06 13:35:00,67.0647,67.0647,67.0647,67.0647,100
2026-05-07 09:30:00,67.5,68.09,67.5,68.09,209
2026-05-07 09:45:00,67.785,67.785,67.785,67.785,226
2026-05-07 10:00:00,67.54,67.54,67.54,67.54,117
2026-05-07 10:15:00,67.55,67.55,67.55,67.55,1499
2026-05-07 10:45:00,67.498,67.498,67.498,67.498,100
2026-05-07 12:35:00,67.425,67.425,67.425,67.425,284
2026-05-07 13:05:00,67.225,67.225,67.225,67.225,100
2026-05-07 14:50:00,67.12,67.12,67.12,67.12,100
2026-05-07 15:05:00,67.34,67.34,67.34,67.34,100
2026-05-07 15:10:00,67.39,67.39,67.39,67.39,100
2026-05-08 09:30:00,66.13,66.13,66.13,66.13,832
2026-05-08 10:35:00,65.76,65.76,65.76,65.76,118
2026-05-08 10:40:00,65.84,65.84,65.84,65.84,100
2026-05-08 11:10:00,65.76,65.76,65.76,65.76,100
2026-05-08 11:30:00,65.83,65.83,65.83,65.83,165
2026-05-08 12:00:00,65.781,65.781,65.781,65.781,140
2026-05-08 12:45:00,65.835,65.835,65.835,65.835,195
2026-05-08 12:50:00,65.85,65.85,65.85,65.85,217
2026-05-08 14:10:00,65.83,65.83,65.83,65.83,110
2026-05-08 14:40:00,65.641,65.641,65.641,65.641,183
2026-05-08 15:30:00,65.755,65.755,65.691,65.755,1841
2026-05-08 15:45:00,65.711,65.72,65.63,65.6301,3637
2026-05-11 09:30:00,65.75,65.75,65.58,65.58,691
2026-05-11 09:45:00,65.37,65.37,65.37,65.37,100
2026-05-11 10:10:00,65.24,65.24,65.24,65.24,100
2026-05-11 10:25:00,65.32,65.32,65.32,65.32,100
2026-05-11 12:15:00,65.08,65.1402,65.08,65.1402,600
2026-05-11 12:55:00,64.935,64.935,64.935,64.935,200
2026-05-11 14:35:00,64.8,64.8,64.735,64.75,3270
2026-05-11 14:40:00,64.745,64.745,64.745,64.745,100
2026-05-11 14:45:00,64.75,64.75,64.745,64.745,3081
2026-05-11 14:50:00,64.74,64.74,64.73,64.73,2358
2026-05-11 14:55:00,64.73,64.73,64.73,64.73,100
2026-05-11 15:10:00,64.72,64.72,64.72,64.72,100
2026-05-11 15:30:00,64.72,64.72,64.72,64.72,200
2026-05-12 09:30:00,64.1,64.1,64.1,64.1,900
2026-05-12 09:45:00,63.5,63.5,63.5,63.5,3276
2026-05-12 10:10:00,63.93,63.93,63.93,63.93,100
2026-05-12 10:45:00,63.77,63.77,63.77,63.77,100
2026-05-12 11:00:00,63.635,63.635,63.635,63.635,146
2026-05-12 11:20:00,63.56,63.575,63.56,63.575,300
2026-05-12 12:00:00,63.66,63.66,63.66,63.66,100
2026-05-12 12:40:00,63.64,63.64,63.64,63.64,100
2026-05-12 13:15:00,63.76,63.76,63.76,63.76,100
2026-05-12 13:20:00,63.7236,63.7236,63.7236,63.7236,100
2026-05-12 14:20:00,63.85,63.85,63.85,63.85,100
2026-05-12 14:45:00,63.845,63.8451,63.845,63.8451,400
2026-05-12 14:55:00,63.9,63.9,63.9,63.9,100
2026-05-12 15:05:00,63.825,63.825,63.77,63.8249,8716
2026-05-12 15:10:00,63.75,63.75,63.75,63.75,623
2026-05-12 15:55:00,63.82,63.86,63.82,63.86,200
2026-05-13 09:30:00,63.57,63.57,63.57,63.57,891
2026-05-13 09:45:00,63.03,63.03,63.03,63.03,138
2026-05-13 10:05:00,63.2,63.2,63.2,63.2,751
2026-05-13 10:10:00,63.42,63.42,63.42,63.42,100
2026-05-13 10:15:00,63.43,63.43,63.43,63.43,100
2026-05-13 10:40:00,63.225,63.225,63.225,63.225,100
2026-05-13 11:15:00,63.28,63.28,63.28,63.28,500
2026-05-13 11:35:00,63.4,63.4,63.4,63.4,500
2026-05-13 12:05:00,63.52,63.52,63.52,63.52,200
2026-05-13 12:20:00,63.52,63.61,63.52,63.61,200
2026-05-13 12:50:00,63.79,63.79,63.79,63.79,100
2026-05-13 13:00:00,63.89,63.89,63.89,63.89,200
2026-05-13 13:10:00,63.875,63.875,63.875,63.875,300
2026-05-13 13:20:00,63.781,63.781,63.781,63.781,100
2026-05-13 13:30:00,63.78,63.78,63.78,63.78,100
2026-05-13 14:20:00,63.74,63.74,63.74,63.74,100
2026-05-13 14:30:00,63.79,63.79,63.79,63.79,200
2026-05-13 15:15:00,63.79,63.79,63.79,63.79,100
2026-05-13 15:50:00,63.76,63.76,63.73,63.73,233
2026-05-14 09:30:00,63.91,63.91,63.91,63.91,251
2026-05-14 09:40:00,63.49,63.49,63.49,63.49,100
2026-05-14 09:55:00,63.57,63.57,63.57,63.57,100
2026-05-14 10:10:00,63.9599,63.9599,63.9599,63.9599,100
2026-05-14 10:40:00,63.78,63.78,63.78,63.78,151
2026-05-14 10:45:00,63.765,63.765,63.765,63.765,200
2026-05-14 10:55:00,63.911,63.911,63.911,63.911,200
2026-05-14 11:00:00,63.94,63.94,63.94,63.94,100
2026-05-14 11:05:00,63.94,63.94,63.94,63.94,100
2026-05-14 11:15:00,63.85,63.85,63.85,63.85,100
2026-05-14 11:45:00,63.92,63.94,63.92,63.94,200
2026-05-14 12:20:00,64.15,64.15,64.15,64.15,200
2026-05-14 12:55:00,63.91,63.91,63.91,63.91,100
2026-05-14 13:30:00,63.97,63.97,63.97,63.97,100
2026-05-14 14:15:00,63.91,63.91,63.91,63.91,100
2026-05-14 14:25:00,63.96,63.96,63.96,63.96,100
2026-05-14 15:25:00,63.751,63.751,63.751,63.751,300
2026-05-14 15:30:00,63.79,63.8,63.79,63.8,214
2026-05-15 09:30:00,63.02,63.02,63.02,63.02,226
2026-05-15 10:25:00,63.24,63.24,63.24,63.24,100
2026-05-15 11:40:00,63.25,63.25,63.25,63.25,102
2026-05-15 11:45:00,63.1384,63.1384,63.1384,63.1384,425
2026-05-15 11:55:00,63.19,63.19,63.19,63.19,100
2026-05-15 12:00:00,63.22,63.22,63.22,63.22,100
2026-05-15 12:10:00,63.37,63.37,63.37,63.37,181
2026-05-15 15:40:00,63.325,63.325,63.325,63.325,150
2026-05-18 09:30:00,63.31,63.31,63.31,63.31,549
2026-05-18 09:35:00,63.01,63.01,63,63,200
2026-05-18 09:45:00,63.43,63.43,63.43,63.43,100
2026-05-18 09:50:00,63.77,63.77,63.77,63.77,100
2026-05-18 10:10:00,64.155,64.155,64.155,64.155,2102
2026-05-18 11:35:00,63.635,63.635,63.635,63.635,100
2026-05-18 14:25:00,63.5,63.5,63.5,63.5,200
2026-05-18 14:55:00,63.28,63.28,63.28,63.28,200
2026-05-18 15:30:00,63.41,63.5,63.41,63.48,680
2026-05-18 15:35:00,63.57,63.57,63.56,63.57,1502
2026-05-18 15:40:00,63.58,63.64,63.56,63.58,4926
2026-05-18 16:00:00,63.74,63.74,63.74,63.74,360
2026-05-19 09:30:00,63.49,63.49,63.49,63.49,579
2026-05-19 09:45:00,63.125,63.125,63.125,63.125,300
2026-05-19 09:50:00,63.13,63.13,63.13,63.13,100
2026-05-19 10:15:00,63.715,63.715,63.715,63.715,300
2026-05-19 11:10:00,63.3,63.3,63.3,63.3,100
2026-05-19 11:30:00,62.985,62.985,62.985,62.985,100
2026-05-19 11:50:00,63,63,63,63,100
2026-05-19 12:30:00,62.76,62.76,62.76,62.76,100
2026-05-19 12:55:00,62.83,62.83,62.83,62.83,100
2026-05-19 13:20:00,62.95,62.95,62.95,62.95,100
2026-05-19 13:35:00,63.02,63.02,63.02,63.02,155
2026-05-19 13:40:00,63.0237,63.12,63.0237,63.12,334
2026-05-19 14:05:00,62.97,62.97,62.97,62.97,100
2026-05-19 14:45:00,63.08,63.08,63.08,63.08,120
2026-05-19 14:50:00,62.82,62.82,62.82,62.82,300
2026-05-19 15:05:00,62.91,62.91,62.91,62.91,134
2026-05-19 15:15:00,63.02,63.02,63.02,63.02,104
2026-05-19 15:20:00,63.0835,63.0835,63.0835,63.0835,105
2026-05-19 15:45:00,62.89,62.89,62.89,62.89,115
2026-05-19 15:50:00,62.87,62.87,62.87,62.87,103
2026-05-19 15:55:00,62.84,62.84,62.84,62.84,189
2026-05-19 16:00:00,62.86,62.86,62.86,62.86,190
2026-05-20 10:00:00,62.48,62.48,62.471,62.471,300
2026-05-20 10:05:00,62.62,62.62,62.62,62.62,191
2026-05-20 10:10:00,62.35,62.395,62.34,62.395,340
2026-05-20 10:20:00,63.05,63.05,63.05,63.05,201
2026-05-20 10:35:00,63.24,63.24,63.24,63.24,158
2026-05-20 10:40:00,63.24,63.24,63.24,63.24,273
2026-05-20 11:00:00,63.66,63.66,63.66,63.66,100
2026-05-20 11:15:00,64.1,64.1,64.1,64.1,160
2026-05-20 11:30:00,63.98,63.98,63.98,63.98,220
2026-05-20 11:50:00,64.08,64.08,64.08,64.08,251
2026-05-20 12:05:00,64.11,64.11,64.11,64.11,214
2026-05-20 12:25:00,64.11,64.11,64.11,64.11,282
2026-05-20 12:40:00,64.04,64.04,64.04,64.04,317
2026-05-20 13:00:00,64.15,64.15,64.15,64.15,203
2026-05-20 13:20:00,64.19,64.19,64.19,64.19,243
2026-05-20 13:35:00,64.33,64.33,64.33,64.33,261
2026-05-20 13:55:00,64.31,64.31,64.31,64.31,168
2026-05-20 14:15:00,64.39,64.39,64.39,64.39,155
2026-05-20 14:30:00,64.37,64.37,64.37,64.37,213
2026-05-20 14:50:00,64.36,64.36,64.36,64.36,101
2026-05-20 15:00:00,64.3659,64.3659,64.3659,64.3659,160
2026-05-20 15:05:00,64.38,64.38,64.38,64.38,162
2026-05-21 09:30:00,63.75,63.75,63.75,63.75,217
2026-05-21 11:00:00,63.97,63.9706,63.97,63.9706,440
2026-05-21 11:20:00,64.15,64.15,64.15,64.15,244
2026-05-21 14:45:00,65.2849,65.2849,65.22,65.2849,300
2026-05-21 15:05:00,65.005,65.005,65.005,65.005,100
2026-05-22 09:35:00,65.89,65.89,65.765,65.765,400
2026-05-22 09:40:00,65.87,65.87,65.87,65.87,200
2026-05-22 11:35:00,65.49,65.49,65.49,65.49,4579
2026-05-22 12:20:00,65.27,65.27,65.27,65.27,100
2026-05-22 13:25:00,65.365,65.365,65.365,65.365,100
2026-05-22 13:40:00,65.59,65.59,65.59,65.59,299
2026-05-22 14:10:00,65.44,65.44,65.44,65.44,112
2026-05-22 15:45:00,65.35,65.35,65.35,65.35,100