2026-04-22 09:30:00,43.9,43.9,43.89,43.89,7357
2026-04-22 09:35:00,43.885,43.9,43.885,43.9,277
2026-04-22 09:45:00,43.9399,43.9399,43.9399,43.9399,355
2026-04-22 09:50:00,43.88,43.9,43.875,43.875,815
2026-04-22 10:00:00,43.905,43.905,43.905,43.905,1000
2026-04-22 10:05:00,43.84,43.865,43.835,43.865,2311
2026-04-22 10:15:00,43.87,43.87,43.87,43.87,100
2026-04-22 10:20:00,43.885,43.885,43.875,43.875,1137
2026-04-22 10:25:00,43.875,43.875,43.8573,43.8573,571
2026-04-22 10:30:00,43.875,43.88,43.865,43.88,671
2026-04-22 10:35:00,43.87,43.88,43.87,43.88,2219
2026-04-22 10:40:00,43.89,43.89,43.89,43.89,106
2026-04-22 10:45:00,43.87,43.87,43.865,43.865,1164
2026-04-22 10:50:00,43.8,43.8,43.8,43.8,200
2026-04-22 10:55:00,43.7601,43.765,43.73,43.73,979
2026-04-22 11:00:00,43.77,43.775,43.7401,43.7401,880
2026-04-22 11:05:00,43.81,43.83,43.792,43.83,1044
2026-04-22 11:10:00,43.805,43.805,43.805,43.805,200
2026-04-22 11:15:00,43.76,43.76,43.76,43.76,100
2026-04-22 11:20:00,43.79,43.79,43.75,43.77,1530
2026-04-22 11:25:00,43.785,43.83,43.74,43.83,2127
2026-04-22 11:30:00,43.8,43.83,43.77,43.805,4756
2026-04-22 11:35:00,43.8,43.8,43.78,43.78,9269
2026-04-22 11:40:00,43.77,43.77,43.7,43.7,474
2026-04-22 11:45:00,43.725,43.761,43.725,43.761,1194
2026-04-22 11:50:00,43.77,43.77,43.745,43.745,250
2026-04-22 12:00:00,43.79,43.79,43.78,43.78,354
2026-04-22 12:05:00,43.81,43.81,43.8,43.8,2180
2026-04-22 12:10:00,43.8004,43.8004,43.78,43.785,2739
2026-04-22 12:15:00,43.785,43.7893,43.775,43.7799,3409
2026-04-22 12:20:00,43.77,43.78,43.764,43.78,800
2026-04-22 12:25:00,43.75,43.75,43.75,43.75,150
2026-04-22 12:30:00,43.745,43.7786,43.745,43.745,5658
2026-04-22 12:35:00,43.77,43.78,43.755,43.78,3747
2026-04-22 12:40:00,43.78,43.78,43.74,43.745,898
2026-04-22 12:45:00,43.74,43.74,43.74,43.74,103
2026-04-22 12:50:00,43.76,43.76,43.75,43.75,1210
2026-04-22 13:00:00,43.7594,43.8352,43.7594,43.8352,2033
2026-04-22 13:05:00,43.87,43.87,43.83,43.83,578
2026-04-22 13:10:00,43.83,43.85,43.83,43.835,3061
2026-04-22 13:15:00,43.835,43.8583,43.82,43.82,1970
2026-04-22 13:20:00,43.86,43.86,43.86,43.86,100
2026-04-22 13:30:00,43.855,43.87,43.855,43.8587,2930
2026-04-22 13:35:00,43.8301,43.855,43.8301,43.855,705
2026-04-22 13:40:00,43.855,43.8792,43.855,43.855,2908
2026-04-22 13:45:00,43.855,43.855,43.855,43.855,137
2026-04-22 13:50:00,43.86,43.86,43.8444,43.86,648
2026-04-22 13:55:00,43.86,43.86,43.86,43.86,117
2026-04-22 14:00:00,43.86,43.86,43.84,43.84,547
2026-04-22 14:05:00,43.88,43.88,43.88,43.88,1569
2026-04-22 14:15:00,43.84,43.86,43.84,43.8405,923
2026-04-22 14:20:00,43.86,43.86,43.825,43.84,687
2026-04-22 14:25:00,43.815,43.83,43.815,43.83,970
2026-04-22 14:30:00,43.83,43.85,43.8299,43.85,2130
2026-04-22 14:35:00,43.8,43.8,43.8,43.8,262
2026-04-22 14:40:00,43.855,43.855,43.855,43.855,172
2026-04-22 14:45:00,43.855,43.855,43.85,43.85,2054
2026-04-22 14:50:00,43.855,43.873,43.855,43.873,800
2026-04-22 14:55:00,43.855,43.855,43.855,43.855,179
2026-04-22 15:00:00,43.81,43.81,43.795,43.795,1054
2026-04-22 15:05:00,43.83,43.83,43.8,43.8,220
2026-04-22 15:10:00,43.8389,43.84,43.83,43.84,1892
2026-04-22 15:15:00,43.81,43.83,43.81,43.83,397
2026-04-22 15:20:00,43.84,43.84,43.8061,43.815,8360
2026-04-22 15:30:00,43.82,43.839,43.82,43.82,670
2026-04-22 15:35:00,43.83,43.83,43.82,43.82,1538
2026-04-22 15:45:00,43.82,43.84,43.82,43.824,1110
2026-04-22 15:50:00,43.85,43.8688,43.85,43.8688,1868
2026-04-22 15:55:00,43.86,43.86,43.86,43.86,112
2026-04-22 16:00:00,43.86,43.86,43.86,43.86,905
2026-04-23 09:30:00,43.81,43.81,43.597,43.795,4050
2026-04-23 09:35:00,43.79,43.791,43.79,43.791,851
2026-04-23 09:40:00,43.815,43.815,43.815,43.815,113
2026-04-23 09:50:00,43.82,43.82,43.82,43.82,171
2026-04-23 10:00:00,43.74,43.74,43.74,43.74,269
2026-04-23 10:05:00,43.8,43.8,43.75,43.7838,3880
2026-04-23 10:10:00,43.775,43.7999,43.775,43.7999,2438
2026-04-23 10:15:00,43.8,43.82,43.8,43.81,1125
2026-04-23 10:20:00,43.84,43.8599,43.83,43.83,1751
2026-04-23 10:25:00,43.86,43.86,43.86,43.86,600
2026-04-23 10:30:00,43.8686,43.8686,43.8686,43.8686,450
2026-04-23 10:45:00,43.8683,43.88,43.86,43.88,1752
2026-04-23 10:50:00,43.865,43.8883,43.865,43.8883,430
2026-04-23 10:55:00,43.89,43.91,43.872,43.88,2000
2026-04-23 11:00:00,43.88,43.88,43.88,43.88,306
2026-04-23 11:05:00,43.845,43.845,43.845,43.845,350
2026-04-23 11:10:00,43.84,43.84,43.84,43.84,338
2026-04-23 11:15:00,43.835,43.835,43.835,43.835,300
2026-04-23 11:20:00,43.835,43.835,43.835,43.835,173
2026-04-23 11:25:00,43.84,43.84,43.84,43.84,262
2026-04-23 11:40:00,43.805,43.805,43.805,43.805,2878
2026-04-23 11:45:00,43.73,43.78,43.73,43.76,800
2026-04-23 11:50:00,43.73,43.73,43.73,43.73,200
2026-04-23 11:55:00,43.76,43.8,43.75,43.78,12231
2026-04-23 12:00:00,43.75,43.78,43.75,43.75,2852
2026-04-23 12:05:00,43.725,43.725,43.725,43.725,122
2026-04-23 12:10:00,43.74,43.76,43.72,43.73,14400
2026-04-23 12:15:00,43.72,43.73,43.72,43.73,1696
2026-04-23 12:25:00,43.735,43.76,43.73,43.73,1464
2026-04-23 12:30:00,43.7597,43.7597,43.73,43.735,1671
2026-04-23 12:35:00,43.76,43.76,43.76,43.76,300
2026-04-23 12:40:00,43.7451,43.7451,43.7451,43.7451,405
2026-04-23 12:45:00,43.78,43.78,43.77,43.77,425
2026-04-23 12:50:00,43.751,43.772,43.751,43.76,579
2026-04-23 12:55:00,43.77,43.81,43.77,43.775,883
2026-04-23 13:00:00,43.755,43.755,43.65,43.66,1193
2026-04-23 13:10:00,43.54,43.5495,43.52,43.5495,1773
2026-04-23 13:15:00,43.47,43.48,43.47,43.48,410
2026-04-23 13:20:00,43.46,43.46,43.42,43.46,416
2026-04-23 13:25:00,43.455,43.5,43.455,43.5,660
2026-04-23 13:30:00,43.52,43.52,43.52,43.52,200
2026-04-23 13:35:00,43.455,43.455,43.455,43.455,180
2026-04-23 13:40:00,43.34,43.34,43.3,43.3,6809
2026-04-23 13:45:00,43.3,43.33,43.26,43.31,3945
2026-04-23 13:50:00,43.32,43.47,43.31,43.47,3253
2026-04-23 13:55:00,43.48,43.53,43.48,43.51,984
2026-04-23 14:00:00,43.525,43.56,43.525,43.56,987
2026-04-23 14:10:00,43.63,43.65,43.58,43.59,5537
2026-04-23 14:15:00,43.58,43.62,43.58,43.62,1627
2026-04-23 14:20:00,43.58,43.585,43.58,43.585,1092
2026-04-23 14:25:00,43.595,43.62,43.595,43.62,394
2026-04-23 14:30:00,43.64,43.6694,43.63,43.64,3579
2026-04-23 14:40:00,43.625,43.625,43.61,43.61,420
2026-04-23 14:45:00,43.63,43.63,43.6,43.6,1002
2026-04-23 14:50:00,43.6099,43.62,43.6,43.62,2640
2026-04-23 14:55:00,43.56,43.56,43.56,43.56,200
2026-04-23 15:00:00,43.525,43.539,43.5,43.5,2644
2026-04-23 15:05:00,43.52,43.545,43.52,43.545,789
2026-04-23 15:10:00,43.55,43.55,43.55,43.55,127
2026-04-23 15:15:00,43.55,43.57,43.55,43.55,4732
2026-04-23 15:20:00,43.5633,43.5633,43.5301,43.5301,810
2026-04-23 15:25:00,43.555,43.57,43.5302,43.5498,7270
2026-04-23 15:30:00,43.55,43.57,43.53,43.53,1161
2026-04-23 15:35:00,43.5,43.53,43.5,43.53,300
2026-04-23 15:40:00,43.518,43.55,43.4847,43.4847,1581
2026-04-23 15:45:00,43.54,43.5599,43.52,43.52,922
2026-04-23 15:50:00,43.515,43.58,43.5,43.58,2620
2026-04-23 15:55:00,43.56,43.63,43.56,43.6,2713
2026-04-23 16:00:00,43.6,43.6,43.6,43.6,710
2026-04-24 09:30:00,43.77,43.77,43.6001,43.6001,5095
2026-04-24 09:35:00,43.6572,43.69,43.64,43.69,5114
2026-04-24 09:40:00,43.68,43.68,43.68,43.68,200
2026-04-24 09:50:00,43.675,43.675,43.675,43.675,343
2026-04-24 09:55:00,43.645,43.66,43.645,43.66,1387
2026-04-24 10:00:00,43.6101,43.6101,43.6101,43.6101,133
2026-04-24 10:05:00,43.66,43.6996,43.65,43.6996,1116
2026-04-24 10:10:00,43.71,43.71,43.71,43.71,100
2026-04-24 10:15:00,43.75,43.75,43.75,43.75,107
2026-04-24 10:20:00,43.7,43.7,43.7,43.7,1104
2026-04-24 10:25:00,43.66,43.66,43.66,43.66,468
2026-04-24 10:30:00,43.69,43.73,43.69,43.73,41600
2026-04-24 10:35:00,43.72,43.72,43.705,43.72,1043
2026-04-24 10:45:00,43.71,43.71,43.675,43.68,8047
2026-04-24 10:50:00,43.7,43.7,43.675,43.675,601
2026-04-24 10:55:00,43.69,43.7,43.69,43.7,477
2026-04-24 11:00:00,43.7,43.71,43.69,43.71,1900
2026-04-24 11:05:00,43.7,43.71,43.7,43.71,300
2026-04-24 11:10:00,43.685,43.685,43.685,43.685,658
2026-04-24 11:15:00,43.675,43.69,43.675,43.69,431
2026-04-24 11:20:00,43.695,43.695,43.695,43.695,200
2026-04-24 11:25:00,43.69,43.6999,43.65,43.69,1871
2026-04-24 11:30:00,43.655,43.655,43.655,43.655,3678
2026-04-24 11:35:00,43.635,43.66,43.635,43.65,3536
2026-04-24 11:40:00,43.6799,43.6799,43.66,43.67,4290
2026-04-24 11:45:00,43.76,43.76,43.74,43.74,2410
2026-04-24 11:50:00,43.75,43.76,43.75,43.76,550
2026-04-24 12:00:00,43.76,43.76,43.75,43.76,795
2026-04-24 12:05:00,43.74,43.74,43.74,43.74,102
2026-04-24 12:10:00,43.747,43.747,43.747,43.747,139
2026-04-24 12:15:00,43.7121,43.755,43.7121,43.755,808
2026-04-24 12:20:00,43.764,43.765,43.76,43.765,896
2026-04-24 12:30:00,43.77,43.78,43.7401,43.78,1330
2026-04-24 12:35:00,43.78,43.78,43.774,43.78,1200
2026-04-24 12:40:00,43.77,43.77,43.74,43.74,1413
2026-04-24 12:45:00,43.75,43.75,43.73,43.73,600
2026-04-24 12:50:00,43.78,43.78,43.7787,43.7789,439
2026-04-24 12:55:00,43.78,43.79,43.755,43.78,1001
2026-04-24 13:00:00,43.77,43.78,43.7501,43.78,350
2026-04-24 13:05:00,43.7699,43.77,43.7699,43.77,296
2026-04-24 13:10:00,43.77,43.77,43.75,43.75,525
2026-04-24 13:15:00,43.75,43.75,43.73,43.75,1071
2026-04-24 13:20:00,43.7399,43.74,43.7399,43.74,203
2026-04-24 13:25:00,43.77,43.77,43.77,43.77,300
2026-04-24 13:30:00,43.75,43.75,43.75,43.75,135
2026-04-24 13:35:00,43.73,43.73,43.73,43.73,100
2026-04-24 13:40:00,43.745,43.745,43.745,43.745,114
2026-04-24 13:45:00,43.755,43.76,43.755,43.76,214
2026-04-24 13:50:00,43.77,43.79,43.77,43.79,1202
2026-04-24 14:00:00,43.74,43.74,43.735,43.735,712
2026-04-24 14:05:00,43.7467,43.7467,43.71,43.71,1507
2026-04-24 14:10:00,43.72,43.72,43.72,43.72,2070
2026-04-24 14:15:00,43.71,43.72,43.71,43.72,956
2026-04-24 14:20:00,43.72,43.73,43.71,43.73,812
2026-04-24 14:25:00,43.72,43.725,43.7199,43.725,760
2026-04-24 14:30:00,43.7,43.7,43.7,43.7,380
2026-04-24 14:35:00,43.74,43.74,43.74,43.74,300
2026-04-24 14:40:00,43.78,43.78,43.7208,43.75,481
2026-04-24 14:45:00,43.735,43.77,43.735,43.77,296
2026-04-24 14:55:00,43.74,43.76,43.74,43.76,520
2026-04-24 15:00:00,43.74,43.76,43.74,43.76,2031
2026-04-24 15:05:00,43.755,43.76,43.7301,43.7425,1511
2026-04-24 15:10:00,43.745,43.76,43.745,43.76,1084
2026-04-24 15:15:00,43.78,43.78,43.78,43.78,100
2026-04-24 15:20:00,43.78,43.78,43.75,43.75,3042
2026-04-24 15:25:00,43.75,43.77,43.7301,43.77,3177
2026-04-24 15:30:00,43.77,43.77,43.74,43.74,4265
2026-04-24 15:35:00,43.7329,43.7329,43.7329,43.7329,627
2026-04-24 15:40:00,43.76,43.77,43.754,43.7699,1402
2026-04-24 15:45:00,43.76,43.76,43.745,43.76,630
2026-04-24 15:50:00,43.77,43.77,43.77,43.77,500
2026-04-24 15:55:00,43.79,43.83,43.7457,43.82,6320
2026-04-24 16:00:00,43.82,43.82,43.82,43.82,1090
2026-04-27 09:30:00,43.63,43.79,43.63,43.76,3242
2026-04-27 09:35:00,43.785,43.785,43.78,43.78,1071
2026-04-27 09:40:00,43.735,43.735,43.735,43.735,600
2026-04-27 09:45:00,43.75,43.75,43.68,43.68,2650
2026-04-27 09:50:00,43.71,43.71,43.7099,43.7099,636
2026-04-27 09:55:00,43.73,43.76,43.72,43.753,1316
2026-04-27 10:00:00,43.74,43.746,43.74,43.746,3004
2026-04-27 10:05:00,43.71,43.7301,43.71,43.7301,284
2026-04-27 10:10:00,43.72,43.77,43.72,43.75,1820
2026-04-27 10:15:00,43.74,43.74,43.74,43.74,300
2026-04-27 10:20:00,43.73,43.73,43.73,43.73,220
2026-04-27 10:30:00,43.7,43.7,43.6828,43.6828,500
2026-04-27 10:35:00,43.69,43.7098,43.6772,43.7098,4345
2026-04-27 10:40:00,43.69,43.69,43.69,43.69,400
2026-04-27 10:45:00,43.6892,43.6892,43.67,43.67,424
2026-04-27 10:55:00,43.62,43.62,43.6107,43.6107,296
2026-04-27 11:00:00,43.56,43.56,43.56,43.56,100
2026-04-27 11:05:00,43.57,43.575,43.57,43.575,352
2026-04-27 11:10:00,43.575,43.575,43.575,43.575,632
2026-04-27 11:20:00,43.5791,43.5791,43.54,43.54,740
2026-04-27 11:30:00,43.58,43.62,43.58,43.5801,9631
2026-04-27 11:35:00,43.58,43.58,43.58,43.58,922
2026-04-27 11:40:00,43.56,43.57,43.56,43.56,3750
2026-04-27 11:45:00,43.56,43.56,43.56,43.56,669
2026-04-27 11:50:00,43.566,43.569,43.555,43.555,1465
2026-04-27 11:55:00,43.57,43.58,43.558,43.58,723
2026-04-27 12:05:00,43.589,43.589,43.589,43.589,100
2026-04-27 12:10:00,43.575,43.59,43.575,43.59,2000
2026-04-27 12:15:00,43.59,43.59,43.575,43.575,1008
2026-04-27 12:20:00,43.5713,43.58,43.57,43.5794,1161
2026-04-27 12:25:00,43.565,43.57,43.565,43.57,352
2026-04-27 12:30:00,43.565,43.57,43.545,43.545,521
2026-04-27 12:35:00,43.56,43.56,43.5599,43.5599,1307
2026-04-27 12:40:00,43.5399,43.54,43.52,43.52,1042
2026-04-27 12:45:00,43.54,43.54,43.525,43.525,832
2026-04-27 12:55:00,43.515,43.539,43.515,43.5298,3301
2026-04-27 13:05:00,43.5001,43.5001,43.5001,43.5001,241
2026-04-27 13:10:00,43.52,43.52,43.52,43.52,100
2026-04-27 13:15:00,43.49,43.49,43.49,43.49,350
2026-04-27 13:20:00,43.5,43.52,43.5,43.5,1654
2026-04-27 13:35:00,43.55,43.55,43.54,43.54,384
2026-04-27 13:45:00,43.54,43.54,43.52,43.52,683
2026-04-27 13:50:00,43.515,43.525,43.51,43.51,1823
2026-04-27 13:55:00,43.505,43.509,43.5,43.5,3434
2026-04-27 14:00:00,43.5,43.5,43.5,43.5,4100
2026-04-27 14:05:00,43.509,43.509,43.5,43.5,7089
2026-04-27 14:10:00,43.51,43.51,43.5,43.51,400
2026-04-27 14:20:00,43.52,43.53,43.52,43.525,1159
2026-04-27 14:25:00,43.53,43.55,43.51,43.55,3383
2026-04-27 14:30:00,43.5499,43.5499,43.53,43.53,300
2026-04-27 14:35:00,43.54,43.54,43.525,43.54,3360
2026-04-27 14:40:00,43.54,43.54,43.53,43.53,429
2026-04-27 14:45:00,43.53,43.55,43.53,43.55,530
2026-04-27 14:50:00,43.54,43.55,43.54,43.54,1170
2026-04-27 14:55:00,43.54,43.54,43.54,43.54,319
2026-04-27 15:00:00,43.53,43.53,43.53,43.53,600
2026-04-27 15:05:00,43.53,43.53,43.53,43.53,1654
2026-04-27 15:10:00,43.539,43.54,43.53,43.54,2507
2026-04-27 15:15:00,43.54,43.54,43.54,43.54,197
2026-04-27 15:25:00,43.555,43.57,43.555,43.56,2622
2026-04-27 15:30:00,43.56,43.57,43.55,43.56,1619
2026-04-27 15:35:00,43.54,43.5499,43.535,43.5499,1680
2026-04-27 15:40:00,43.54,43.54,43.52,43.5399,523
2026-04-27 15:45:00,43.54,43.54,43.53,43.53,3597
2026-04-27 15:50:00,43.53,43.53,43.49,43.49,5328
2026-04-27 15:55:00,43.506,43.51,43.48,43.49,6138
2026-04-27 16:00:00,43.44,43.44,43.44,43.44,916
2026-04-28 09:30:00,43.49,43.49,43.49,43.49,3647
2026-04-28 09:35:00,43.62,43.625,43.61,43.61,1690
2026-04-28 09:40:00,43.63,43.63,43.63,43.63,300
2026-04-28 10:00:00,43.52,43.52,43.52,43.52,215
2026-04-28 10:05:00,43.525,43.54,43.525,43.54,660
2026-04-28 10:10:00,43.53,43.53,43.53,43.53,127
2026-04-28 10:15:00,43.53,43.54,43.53,43.54,527
2026-04-28 10:20:00,43.54,43.54,43.54,43.54,234
2026-04-28 10:25:00,43.51,43.51,43.51,43.51,170
2026-04-28 10:35:00,43.52,43.52,43.47,43.47,1137
2026-04-28 10:40:00,43.485,43.485,43.485,43.485,243
2026-04-28 10:45:00,43.46,43.46,43.46,43.46,100
2026-04-28 10:50:00,43.4728,43.4728,43.44,43.44,958
2026-04-28 10:55:00,43.494,43.5,43.494,43.5,340
2026-04-28 11:00:00,43.54,43.555,43.54,43.555,529
2026-04-28 11:05:00,43.545,43.545,43.52,43.52,263
2026-04-28 11:10:00,43.55,43.5642,43.55,43.5642,497
2026-04-28 11:15:00,43.59,43.59,43.59,43.59,184
2026-04-28 11:20:00,43.62,43.62,43.5801,43.5801,716
2026-04-28 11:25:00,43.615,43.615,43.61,43.61,2166
2026-04-28 11:30:00,43.58,43.58,43.58,43.58,100
2026-04-28 11:35:00,43.555,43.6,43.55,43.6,4960
2026-04-28 11:45:00,43.58,43.58,43.575,43.575,1427
2026-04-28 11:50:00,43.58,43.58,43.58,43.58,212
2026-04-28 11:55:00,43.6,43.6,43.59,43.59,259
2026-04-28 12:00:00,43.6,43.6,43.6,43.6,200
2026-04-28 12:05:00,43.63,43.63,43.6004,43.6004,200
2026-04-28 12:10:00,43.6296,43.6296,43.62,43.62,788
2026-04-28 12:20:00,43.61,43.61,43.61,43.61,400
2026-04-28 12:25:00,43.59,43.6046,43.59,43.6046,1501
2026-04-28 12:35:00,43.556,43.58,43.556,43.575,407
2026-04-28 12:45:00,43.58,43.58,43.58,43.58,100
2026-04-28 12:50:00,43.574,43.62,43.574,43.62,227
2026-04-28 13:05:00,43.555,43.58,43.5071,43.58,509
2026-04-28 13:10:00,43.57,43.57,43.565,43.565,666
2026-04-28 13:15:00,43.57,43.57,43.55,43.55,346
2026-04-28 13:20:00,43.57,43.57,43.57,43.57,100
2026-04-28 13:25:00,43.58,43.595,43.58,43.595,331
2026-04-28 13:30:00,43.595,43.595,43.5701,43.5816,1205
2026-04-28 13:35:00,43.61,43.61,43.61,43.61,100
2026-04-28 13:45:00,43.605,43.605,43.605,43.605,303
2026-04-28 13:50:00,43.6,43.62,43.59,43.6,3590
2026-04-28 13:55:00,43.6,43.62,43.57,43.57,1630
2026-04-28 14:00:00,43.6,43.6,43.599,43.599,310
2026-04-28 14:05:00,43.575,43.59,43.574,43.574,1008
2026-04-28 14:10:00,43.57,43.57,43.57,43.57,149
2026-04-28 14:15:00,43.59,43.61,43.575,43.6051,1702
2026-04-28 14:20:00,43.5869,43.6199,43.5869,43.6199,352
2026-04-28 14:25:00,43.605,43.6225,43.605,43.6225,1644
2026-04-28 14:30:00,43.62,43.62,43.62,43.62,292
2026-04-28 14:40:00,43.61,43.61,43.595,43.595,200
2026-04-28 14:45:00,43.61,43.6142,43.5893,43.6142,801
2026-04-28 14:50:00,43.6035,43.6035,43.6035,43.6035,2856
2026-04-28 14:55:00,43.59,43.59,43.572,43.59,519
2026-04-28 15:00:00,43.57,43.5899,43.57,43.5899,5334
2026-04-28 15:05:00,43.564,43.6,43.564,43.6,203
2026-04-28 15:10:00,43.61,43.61,43.61,43.61,100
2026-04-28 15:15:00,43.585,43.5994,43.585,43.597,908
2026-04-28 15:20:00,43.589,43.59,43.57,43.57,621
2026-04-28 15:25:00,43.565,43.59,43.565,43.59,460
2026-04-28 15:30:00,43.596,43.6,43.57,43.5892,3706
2026-04-28 15:35:00,43.5508,43.57,43.5508,43.57,423
2026-04-28 15:40:00,43.585,43.59,43.585,43.5899,3665
2026-04-28 15:45:00,43.586,43.59,43.5516,43.5899,6150
2026-04-28 15:50:00,43.58,43.58,43.5479,43.569,9459
2026-04-28 15:55:00,43.57,43.58,43.5401,43.57,3462
2026-04-28 16:00:00,43.6,43.6,43.6,43.6,410
2026-04-29 09:30:00,43.52,43.5628,43.52,43.5628,4938
2026-04-29 09:35:00,43.58,43.58,43.58,43.58,1120
2026-04-29 09:40:00,43.565,43.565,43.515,43.515,2623
2026-04-29 09:45:00,43.5296,43.5296,43.5079,43.508,716
2026-04-29 09:55:00,43.485,43.53,43.485,43.515,1490
2026-04-29 10:00:00,43.5,43.535,43.5,43.535,737
2026-04-29 10:05:00,43.55,43.55,43.54,43.54,517
2026-04-29 10:10:00,43.54,43.54,43.54,43.54,100
2026-04-29 10:15:00,43.57,43.58,43.57,43.58,250
2026-04-29 10:20:00,43.5325,43.56,43.5325,43.56,299
2026-04-29 10:30:00,43.535,43.535,43.535,43.535,480
2026-04-29 10:35:00,43.5412,43.5412,43.5412,43.5412,125
2026-04-29 10:40:00,43.565,43.565,43.565,43.565,603
2026-04-29 10:45:00,43.555,43.555,43.5,43.5,2377
2026-04-29 10:50:00,43.58,43.58,43.55,43.55,565
2026-04-29 10:55:00,43.5799,43.5799,43.5799,43.5799,606
2026-04-29 11:00:00,43.5677,43.5677,43.5677,43.5677,1562
2026-04-29 11:05:00,43.545,43.55,43.545,43.55,539
2026-04-29 11:10:00,43.4401,43.48,43.4401,43.48,932
2026-04-29 11:15:00,43.48,43.51,43.48,43.51,1908
2026-04-29 11:20:00,43.54,43.54,43.47,43.47,3234
2026-04-29 11:25:00,43.505,43.505,43.5,43.5,525
2026-04-29 11:30:00,43.495,43.51,43.4601,43.51,854
2026-04-29 11:35:00,43.52,43.52,43.52,43.52,320
2026-04-29 11:40:00,43.51,43.51,43.51,43.51,690
2026-04-29 11:45:00,43.52,43.54,43.52,43.5398,6766
2026-04-29 11:50:00,43.545,43.565,43.4748,43.4748,2064
2026-04-29 11:55:00,43.44,43.44,43.44,43.44,700
2026-04-29 12:05:00,43.505,43.54,43.505,43.5181,2190
2026-04-29 12:10:00,43.5199,43.5199,43.5199,43.5199,162
2026-04-29 12:15:00,43.505,43.505,43.505,43.505,532
2026-04-29 12:20:00,43.52,43.53,43.52,43.53,495
2026-04-29 12:35:00,43.45,43.45,43.45,43.45,219
2026-04-29 12:40:00,43.445,43.445,43.445,43.445,423
2026-04-29 12:45:00,43.46,43.46,43.46,43.46,100
2026-04-29 12:50:00,43.45,43.455,43.45,43.455,322
2026-04-29 13:00:00,43.44,43.44,43.44,43.44,100
2026-04-29 13:05:00,43.445,43.445,43.445,43.445,172
2026-04-29 13:15:00,43.46,43.47,43.4272,43.47,753
2026-04-29 13:20:00,43.46,43.47,43.46,43.47,509
2026-04-29 13:30:00,43.46,43.475,43.46,43.475,300
2026-04-29 13:35:00,43.48,43.48,43.48,43.48,100
2026-04-29 13:40:00,43.48,43.48,43.47,43.47,200
2026-04-29 13:45:00,43.49,43.49,43.49,43.49,100
2026-04-29 13:50:00,43.4801,43.4801,43.465,43.465,950
2026-04-29 14:00:00,43.46,43.46,43.44,43.45,1246
2026-04-29 14:05:00,43.42,43.42,43.38,43.38,475
2026-04-29 14:10:00,43.41,43.41,43.3946,43.3953,1800
2026-04-29 14:15:00,43.43,43.44,43.41,43.41,3187
2026-04-29 14:20:00,43.43,43.43,43.42,43.43,1594
2026-04-29 14:25:00,43.42,43.42,43.4099,43.4099,971
2026-04-29 14:30:00,43.4,43.4,43.365,43.37,2312
2026-04-29 14:35:00,43.39,43.39,43.35,43.35,1938
2026-04-29 14:40:00,43.33,43.33,43.3,43.3,700
2026-04-29 14:45:00,43.285,43.34,43.285,43.34,262
2026-04-29 14:50:00,43.37,43.37,43.345,43.36,400
2026-04-29 14:55:00,43.39,43.43,43.385,43.43,585
2026-04-29 15:00:00,43.3902,43.44,43.3902,43.44,5464
2026-04-29 15:05:00,43.41,43.42,43.3662,43.4099,2010
2026-04-29 15:10:00,43.4,43.47,43.4,43.47,1049
2026-04-29 15:15:00,43.5,43.5,43.4645,43.49,387
2026-04-29 15:20:00,43.47,43.47,43.459,43.459,787
2026-04-29 15:25:00,43.4599,43.4599,43.4599,43.4599,136
2026-04-29 15:30:00,43.43,43.43,43.385,43.385,1000
2026-04-29 15:35:00,43.44,43.44,43.424,43.44,870
2026-04-29 15:40:00,43.42,43.44,43.42,43.42,9902
2026-04-29 15:45:00,43.435,43.49,43.42,43.478,5371
2026-04-29 15:50:00,43.425,43.46,43.425,43.46,2836
2026-04-29 15:55:00,43.46,43.51,43.46,43.51,1100
2026-04-29 16:00:00,43.47,43.47,43.47,43.47,402
2026-04-30 09:30:00,43.99,43.99,43.91,43.92,13016
2026-04-30 09:35:00,43.94,43.94,43.9,43.91,4997
2026-04-30 09:40:00,43.93,43.96,43.93,43.9485,764
2026-04-30 09:45:00,43.96,43.96,43.92,43.94,2972
2026-04-30 09:50:00,43.96,43.97,43.95,43.95,1700
2026-04-30 10:00:00,43.95,43.9505,43.95,43.9505,850
2026-04-30 10:05:00,43.96,43.96,43.93,43.93,3040
2026-04-30 10:10:00,43.91,43.9583,43.91,43.9583,693
2026-04-30 10:20:00,44.1,44.12,44.1,44.12,638
2026-04-30 10:25:00,44.14,44.14,44.14,44.14,384
2026-04-30 10:30:00,44.165,44.165,44.165,44.165,1305
2026-04-30 10:35:00,44.16,44.16,44.105,44.105,3000
2026-04-30 10:40:00,44.15,44.16,44.14,44.16,949
2026-04-30 10:45:00,44.16,44.16,44.16,44.16,365
2026-04-30 10:55:00,44.2349,44.2349,44.22,44.22,1523
2026-04-30 11:00:00,44.23,44.23,44.205,44.21,2414
2026-04-30 11:05:00,44.19,44.19,44.19,44.19,100
2026-04-30 11:15:00,44.21,44.21,44.2,44.2,1171
2026-04-30 11:20:00,44.205,44.24,44.205,44.24,502
2026-04-30 11:30:00,44.275,44.28,44.27,44.28,5778
2026-04-30 11:35:00,44.2701,44.2701,44.26,44.27,1106
2026-04-30 11:50:00,44.2501,44.2602,44.2501,44.26,941
2026-04-30 11:55:00,44.275,44.275,44.275,44.275,262
2026-04-30 12:00:00,44.26,44.26,44.25,44.26,423
2026-04-30 12:05:00,44.3095,44.3095,44.305,44.305,228
2026-04-30 12:10:00,44.3,44.3098,44.3,44.3098,1052
2026-04-30 12:15:00,44.29,44.29,44.275,44.275,468
2026-04-30 12:20:00,44.285,44.285,44.285,44.285,150
2026-04-30 12:30:00,44.3,44.3,44.3,44.3,100
2026-04-30 12:35:00,44.31,44.31,44.31,44.31,168
2026-04-30 12:40:00,44.33,44.33,44.33,44.33,100
2026-04-30 12:45:00,44.3065,44.33,44.3,44.3299,663
2026-04-30 12:50:00,44.32,44.3238,44.3099,44.32,8510
2026-04-30 12:55:00,44.31,44.32,44.3019,44.32,3704
2026-04-30 13:00:00,44.33,44.35,44.33,44.35,221
2026-04-30 13:05:00,44.3227,44.3227,44.315,44.315,806
2026-04-30 13:10:00,44.31,44.32,44.31,44.32,1133
2026-04-30 13:15:00,44.31,44.31,44.29,44.29,4363
2026-04-30 13:25:00,44.295,44.305,44.2901,44.305,1138
2026-04-30 13:30:00,44.36,44.37,44.34,44.36,3340
2026-04-30 13:35:00,44.38,44.38,44.38,44.38,100
2026-04-30 13:40:00,44.38,44.38,44.38,44.38,209
2026-04-30 13:45:00,44.3738,44.3926,44.37,44.38,4757
2026-04-30 13:50:00,44.36,44.43,44.36,44.4,24584
2026-04-30 13:55:00,44.395,44.41,44.37,44.39,3962
2026-04-30 14:00:00,44.4,44.42,44.38,44.38,8815
2026-04-30 14:05:00,44.39,44.395,44.39,44.39,770
2026-04-30 14:10:00,44.4113,44.4113,44.4113,44.4113,128
2026-04-30 14:15:00,44.39,44.42,44.39,44.42,596
2026-04-30 14:20:00,44.4,44.43,44.4,44.4,2140
2026-04-30 14:30:00,44.43,44.43,44.43,44.43,300
2026-04-30 14:40:00,44.425,44.425,44.425,44.425,100
2026-04-30 14:45:00,44.425,44.43,44.425,44.43,1174
2026-04-30 14:50:00,44.44,44.445,44.435,44.435,3106
2026-04-30 14:55:00,44.4371,44.4371,44.42,44.435,1912
2026-04-30 15:00:00,44.43,44.45,44.43,44.445,1821
2026-04-30 15:05:00,44.435,44.46,44.435,44.46,743
2026-04-30 15:10:00,44.47,44.5,44.47,44.48,6118
2026-04-30 15:15:00,44.48,44.48,44.4699,44.48,5065
2026-04-30 15:20:00,44.45,44.455,44.45,44.455,2587
2026-04-30 15:25:00,44.47,44.4742,44.47,44.4742,1252
2026-04-30 15:30:00,44.475,44.48,44.46,44.479,11050
2026-04-30 15:35:00,44.48,44.49,44.48,44.48,1131
2026-04-30 15:40:00,44.51,44.51,44.49,44.505,22633
2026-04-30 15:45:00,44.5158,44.57,44.5,44.57,1693
2026-04-30 15:50:00,44.5301,44.575,44.52,44.54,5466
2026-04-30 15:55:00,44.58,44.58,44.43,44.44,23139
2026-04-30 16:00:00,44.46,44.46,44.46,44.46,672
2026-05-01 09:30:00,44.57,44.57,44.57,44.57,3771
2026-05-01 09:35:00,44.471,44.471,44.46,44.46,885
2026-05-01 09:45:00,44.56,44.6299,44.5,44.5,3736
2026-05-01 09:50:00,44.495,44.55,44.495,44.5218,2302
2026-05-01 09:55:00,44.51,44.59,44.51,44.59,500
2026-05-01 10:00:00,44.6198,44.64,44.6198,44.6399,1700
2026-05-01 10:05:00,44.6,44.6,44.59,44.59,437
2026-05-01 10:10:00,44.63,44.63,44.63,44.63,100
2026-05-01 10:15:00,44.65,44.65,44.65,44.65,200
2026-05-01 10:20:00,44.65,44.65,44.64,44.64,577
2026-05-01 10:25:00,44.67,44.68,44.66,44.66,1028
2026-05-01 10:35:00,44.59,44.61,44.59,44.6,950
2026-05-01 10:40:00,44.6051,44.625,44.6051,44.61,463
2026-05-01 10:50:00,44.58,44.5973,44.58,44.58,1553
2026-05-01 10:55:00,44.56,44.599,44.56,44.585,9755
2026-05-01 11:00:00,44.6,44.6,44.55,44.55,7070
2026-05-01 11:05:00,44.565,44.57,44.56,44.56,368
2026-05-01 11:10:00,44.58,44.6,44.572,44.585,844
2026-05-01 11:15:00,44.595,44.595,44.595,44.595,100
2026-05-01 11:20:00,44.59,44.61,44.58,44.58,7282
2026-05-01 11:25:00,44.57,44.57,44.562,44.569,1785
2026-05-01 11:30:00,44.5831,44.5831,44.5831,44.5831,217
2026-05-01 11:35:00,44.59,44.6,44.5701,44.5701,2670
2026-05-01 11:40:00,44.61,44.62,44.61,44.61,899
2026-05-01 11:45:00,44.61,44.61,44.61,44.61,479
2026-05-01 11:50:00,44.62,44.62,44.54,44.59,8082
2026-05-01 11:55:00,44.575,44.58,44.565,44.58,2365
2026-05-01 12:00:00,44.565,44.565,44.565,44.565,100
2026-05-01 12:05:00,44.52,44.545,44.52,44.545,325
2026-05-01 12:10:00,44.525,44.55,44.525,44.53,381
2026-05-01 12:15:00,44.546,44.56,44.53,44.55,1208
2026-05-01 12:20:00,44.555,44.5699,44.49,44.5699,3819
2026-05-01 12:25:00,44.515,44.52,44.515,44.52,2159
2026-05-01 12:30:00,44.48,44.48,44.48,44.48,135
2026-05-01 12:35:00,44.49,44.5,44.485,44.5,7398
2026-05-01 12:45:00,44.485,44.5,44.48,44.499,9261
2026-05-01 12:50:00,44.49,44.49,44.48,44.48,1175
2026-05-01 12:55:00,44.495,44.495,44.495,44.495,709
2026-05-01 13:05:00,44.4763,44.5,44.4763,44.5,252
2026-05-01 13:10:00,44.4983,44.4983,44.4801,44.4801,710
2026-05-01 13:15:00,44.5,44.51,44.485,44.485,1777
2026-05-01 13:20:00,44.491,44.491,44.49,44.49,411
2026-05-01 13:25:00,44.49,44.49,44.49,44.49,432
2026-05-01 13:30:00,44.5,44.5,44.5,44.5,606
2026-05-01 13:35:00,44.5,44.5,44.485,44.485,544
2026-05-01 13:40:00,44.49,44.49,44.49,44.49,100
2026-05-01 13:45:00,44.485,44.485,44.485,44.485,100
2026-05-01 13:50:00,44.485,44.485,44.485,44.485,1173
2026-05-01 13:55:00,44.495,44.495,44.495,44.495,200
2026-05-01 14:00:00,44.475,44.475,44.475,44.475,227
2026-05-01 14:05:00,44.45,44.45,44.4301,44.4301,1691
2026-05-01 14:15:00,44.42,44.425,44.42,44.425,333
2026-05-01 14:25:00,44.425,44.44,44.425,44.44,1456
2026-05-01 14:30:00,44.46,44.46,44.455,44.455,651
2026-05-01 14:35:00,44.445,44.46,44.445,44.46,249
2026-05-01 14:40:00,44.4486,44.4486,44.4486,44.4486,175
2026-05-01 14:45:00,44.44,44.44,44.44,44.44,1609
2026-05-01 14:50:00,44.45,44.47,44.45,44.45,12203
2026-05-01 14:55:00,44.46,44.46,44.455,44.455,1006
2026-05-01 15:10:00,44.47,44.484,44.47,44.48,1631
2026-05-01 15:15:00,44.48,44.5,44.48,44.5,452
2026-05-01 15:20:00,44.515,44.5299,44.5,44.5,1971
2026-05-01 15:25:00,44.5101,44.54,44.5101,44.53,1555
2026-05-01 15:30:00,44.525,44.525,44.49,44.5,14617
2026-05-01 15:35:00,44.5,44.5,44.475,44.5,5662
2026-05-01 15:40:00,44.485,44.485,44.485,44.485,162
2026-05-01 15:50:00,44.47,44.47,44.415,44.43,1749
2026-05-01 15:55:00,44.51,44.51,44.435,44.44,3921
2026-05-01 16:00:00,44.44,44.44,44.44,44.44,723
2026-05-04 09:30:00,44.13,44.13,43.985,44.01,6181
2026-05-04 09:35:00,44.035,44.035,44.035,44.035,100
2026-05-04 09:40:00,44.07,44.09,44.07,44.09,408
2026-05-04 09:45:00,44.06,44.06,44.05,44.05,300
2026-05-04 09:50:00,44.052,44.09,44.052,44.09,2042
2026-05-04 10:00:00,44.05,44.065,44.05,44.0501,764
2026-05-04 10:05:00,44.055,44.055,44.04,44.04,4463
2026-05-04 10:10:00,44.06,44.06,44.06,44.06,100
2026-05-04 10:15:00,44.08,44.08,44.08,44.08,220
2026-05-04 10:25:00,44.12,44.13,44.11,44.13,11137
2026-05-04 10:30:00,44.14,44.16,44.14,44.15,841
2026-05-04 10:35:00,44.1,44.16,44.1,44.16,411
2026-05-04 10:45:00,44.1045,44.12,44.1045,44.105,1441
2026-05-04 10:50:00,44.11,44.1399,44.11,44.1399,302
2026-05-04 10:55:00,44.06,44.06,44.06,44.06,100
2026-05-04 11:00:00,44.01,44.0728,44.01,44.0728,1450
2026-05-04 11:05:00,44.04,44.04,44.04,44.04,244
2026-05-04 11:10:00,44.065,44.0799,44.065,44.0683,2375
2026-05-04 11:15:00,44.0401,44.08,43.97,43.97,5056
2026-05-04 11:25:00,43.8601,43.8601,43.8601,43.8601,513
2026-05-04 11:30:00,43.93,43.93,43.8857,43.895,1164
2026-05-04 11:35:00,43.89,43.96,43.89,43.95,5731
2026-05-04 11:40:00,43.94,43.975,43.935,43.96,663
2026-05-04 11:45:00,43.945,43.945,43.89,43.89,741
2026-05-04 11:50:00,43.84,43.89,43.84,43.8667,2394
2026-05-04 11:55:00,43.89,43.89,43.86,43.86,2431
2026-05-04 12:00:00,43.88,43.88,43.83,43.86,3526
2026-05-04 12:05:00,43.87,43.87,43.69,43.76,8822
2026-05-04 12:10:00,43.79,43.79,43.77,43.77,385
2026-05-04 12:15:00,43.75,43.87,43.75,43.84,4819
2026-05-04 12:20:00,43.85,43.865,43.85,43.86,852
2026-05-04 12:25:00,43.86,43.86,43.805,43.805,1219
2026-05-04 12:30:00,43.8318,43.8318,43.83,43.83,394
2026-05-04 12:35:00,43.81,43.81,43.765,43.765,925
2026-05-04 12:50:00,43.725,43.725,43.725,43.725,291
2026-05-04 13:10:00,43.78,43.795,43.77,43.795,12451
2026-05-04 13:15:00,43.8,43.845,43.8,43.845,766
2026-05-04 13:20:00,43.87,43.87,43.87,43.87,1267
2026-05-04 13:30:00,43.87,43.87,43.865,43.865,6661
2026-05-04 13:40:00,43.8127,43.845,43.8127,43.845,711
2026-05-04 13:45:00,43.845,43.845,43.84,43.84,889
2026-05-04 13:50:00,43.862,43.862,43.862,43.862,875
2026-05-04 14:00:00,43.865,43.865,43.865,43.865,575
2026-05-04 14:05:00,43.87,43.87,43.86,43.86,300
2026-05-04 14:10:00,43.84,43.86,43.81,43.86,2273
2026-05-04 14:15:00,43.84,43.84,43.83,43.83,500
2026-05-04 14:20:00,43.81,43.815,43.785,43.785,825
2026-05-04 14:25:00,43.81,43.83,43.81,43.83,400
2026-05-04 14:30:00,43.83,43.83,43.83,43.83,261
2026-05-04 14:35:00,43.83,43.83,43.83,43.83,181
2026-05-04 14:40:00,43.825,43.825,43.825,43.825,808
2026-05-04 14:45:00,43.81,43.81,43.805,43.805,709
2026-05-04 14:50:00,43.8298,43.8299,43.8,43.8,2184
2026-05-04 15:00:00,43.82,43.82,43.8055,43.8055,237
2026-05-04 15:05:00,43.82,43.86,43.82,43.855,1224
2026-05-04 15:10:00,43.83,43.83,43.8017,43.83,824
2026-05-04 15:15:00,43.87,43.876,43.85,43.85,4236
2026-05-04 15:20:00,43.872,43.872,43.8464,43.8464,2036
2026-05-04 15:25:00,43.85,43.8767,43.85,43.86,578
2026-05-04 15:30:00,43.86,43.86,43.85,43.85,369
2026-05-04 15:35:00,43.86,43.875,43.86,43.86,2318
2026-05-04 15:40:00,43.86,43.86,43.85,43.85,5625
2026-05-04 15:45:00,43.84,43.85,43.81,43.85,3238
2026-05-04 15:50:00,43.84,43.845,43.84,43.845,1371
2026-05-04 15:55:00,43.835,43.855,43.83,43.83,1522
2026-05-04 16:00:00,43.83,43.83,43.83,43.83,463
2026-05-05 09:30:00,44.37,44.37,44.32,44.32,4386
2026-05-05 09:35:00,44.355,44.355,44.355,44.355,100
2026-05-05 09:40:00,44.375,44.375,44.36,44.36,1250
2026-05-05 09:45:00,44.35,44.37,44.35,44.36,1728
2026-05-05 09:50:00,44.36,44.36,44.36,44.36,338
2026-05-05 10:00:00,44.35,44.38,44.35,44.365,730
2026-05-05 10:05:00,44.39,44.43,44.39,44.43,4501
2026-05-05 10:10:00,44.47,44.47,44.39,44.39,4875
2026-05-05 10:15:00,44.42,44.43,44.4,44.43,1480
2026-05-05 10:25:00,44.53,44.53,44.49,44.49,914
2026-05-05 10:30:00,44.5,44.5,44.45,44.47,13623
2026-05-05 10:35:00,44.43,44.43,44.43,44.43,450
2026-05-05 10:40:00,44.465,44.465,44.465,44.465,450
2026-05-05 10:45:00,44.45,44.45,44.44,44.44,352
2026-05-05 10:50:00,44.4845,44.4845,44.4845,44.4845,200
2026-05-05 10:55:00,44.48,44.48,44.48,44.48,265
2026-05-05 11:05:00,44.51,44.51,44.5,44.5,1635
2026-05-05 11:10:00,44.49,44.5101,44.49,44.5101,1049
2026-05-05 11:20:00,44.5302,44.6,44.5302,44.6,3616
2026-05-05 11:30:00,44.6,44.6194,44.6,44.6194,597
2026-05-05 11:35:00,44.635,44.635,44.635,44.635,499
2026-05-05 11:40:00,44.646,44.6698,44.64,44.64,1221
2026-05-05 11:45:00,44.65,44.67,44.62,44.62,1616
2026-05-05 11:50:00,44.6659,44.6659,44.6659,44.6659,623
2026-05-05 11:55:00,44.6999,44.7,44.68,44.68,527
2026-05-05 12:00:00,44.66,44.66,44.65,44.66,2167
2026-05-05 12:05:00,44.68,44.68,44.68,44.68,687
2026-05-05 12:10:00,44.68,44.68,44.67,44.67,500
2026-05-05 12:15:00,44.67,44.67,44.67,44.67,123
2026-05-05 12:20:00,44.68,44.69,44.68,44.68,1534
2026-05-05 12:25:00,44.64,44.64,44.62,44.64,646
2026-05-05 12:30:00,44.655,44.655,44.655,44.655,230
2026-05-05 12:35:00,44.64,44.65,44.64,44.65,510
2026-05-05 12:40:00,44.6431,44.6799,44.63,44.6799,1044
2026-05-05 12:45:00,44.681,44.681,44.681,44.681,194
2026-05-05 12:50:00,44.68,44.68,44.68,44.68,335
2026-05-05 12:55:00,44.68,44.68,44.66,44.66,450
2026-05-05 13:00:00,44.6501,44.6751,44.65,44.6615,8137
2026-05-05 13:10:00,44.68,44.68,44.653,44.67,3178
2026-05-05 13:15:00,44.69,44.7,44.6712,44.7,587
2026-05-05 13:20:00,44.7,44.7,44.69,44.69,214
2026-05-05 13:25:00,44.6901,44.6901,44.69,44.69,703
2026-05-05 13:30:00,44.6807,44.6807,44.6807,44.6807,240
2026-05-05 13:35:00,44.705,44.735,44.68,44.69,1800
2026-05-05 13:40:00,44.69,44.69,44.69,44.69,100
2026-05-05 13:50:00,44.71,44.71,44.6903,44.705,1100
2026-05-05 14:00:00,44.72,44.72,44.71,44.72,1204
2026-05-05 14:05:00,44.71,44.71,44.69,44.69,300
2026-05-05 14:10:00,44.71,44.71,44.7,44.7,715
2026-05-05 14:15:00,44.7,44.7,44.7,44.7,728
2026-05-05 14:20:00,44.73,44.73,44.705,44.705,603
2026-05-05 14:30:00,44.705,44.71,44.705,44.71,1037
2026-05-05 14:35:00,44.71,44.7195,44.71,44.71,731
2026-05-05 14:40:00,44.7,44.7,44.68,44.7,2605
2026-05-05 14:45:00,44.72,44.72,44.72,44.72,100
2026-05-05 14:50:00,44.705,44.72,44.7,44.7,1316
2026-05-05 14:55:00,44.7099,44.7099,44.69,44.7,1485
2026-05-05 15:00:00,44.72,44.72,44.69,44.69,39923
2026-05-05 15:05:00,44.69,44.69,44.69,44.69,2789
2026-05-05 15:10:00,44.7,44.7051,44.685,44.6999,3566
2026-05-05 15:15:00,44.69,44.691,44.675,44.68,7738
2026-05-05 15:20:00,44.68,44.68,44.6729,44.6729,641
2026-05-05 15:25:00,44.675,44.685,44.67,44.685,1935
2026-05-05 15:30:00,44.66,44.66,44.66,44.66,3400
2026-05-05 15:35:00,44.66,44.7,44.66,44.69,7931
2026-05-05 15:40:00,44.69,44.7,44.68,44.68,1979
2026-05-05 15:45:00,44.675,44.675,44.675,44.675,170
2026-05-05 15:50:00,44.66,44.66,44.62,44.62,1759
2026-05-05 15:55:00,44.68,44.68,44.6358,44.67,2257
2026-05-05 16:00:00,44.69,44.69,44.69,44.69,300
2026-05-06 09:30:00,45.21,45.21,44.99,45.01,9047
2026-05-06 09:35:00,45.01,45.0295,45,45.0295,5840
2026-05-06 09:40:00,45.04,45.04,45,45.01,7800
2026-05-06 09:45:00,44.98,44.995,44.98,44.98,6262
2026-05-06 09:50:00,44.96,44.98,44.96,44.98,400
2026-05-06 10:00:00,44.97,45.0099,44.97,44.97,9250
2026-05-06 10:10:00,44.9666,44.9666,44.9666,44.9666,190
2026-05-06 10:15:00,44.94,44.94,44.94,44.94,300
2026-05-06 10:20:00,44.94,44.94,44.94,44.94,294
2026-05-06 10:30:00,45.0399,45.0399,45.0399,45.0399,444
2026-05-06 10:40:00,45.03,45.09,45.03,45.09,277
2026-05-06 10:45:00,45.1499,45.1499,45.1499,45.1499,236
2026-05-06 10:50:00,45.025,45.025,45.025,45.025,369
2026-05-06 10:55:00,45.025,45.025,45.025,45.025,298
2026-05-06 11:00:00,44.9701,45.06,44.9701,45.06,1172
2026-05-06 11:05:00,45.02,45.05,45.02,45.05,243
2026-05-06 11:10:00,45.06,45.06,45.03,45.03,739
2026-05-06 11:15:00,45.03,45.11,45.03,45.11,1786
2026-05-06 11:20:00,45.0371,45.0371,45.0371,45.0371,201
2026-05-06 11:25:00,45.1,45.1,45.065,45.0712,3557
2026-05-06 11:30:00,45.07,45.07,45.065,45.065,318
2026-05-06 11:35:00,45.055,45.08,45.055,45.08,820
2026-05-06 11:40:00,45.06,45.06,45.02,45.02,282
2026-05-06 11:45:00,45.01,45.01,45.01,45.01,126
2026-05-06 11:50:00,45.01,45.06,44.9851,45.01,1286
2026-05-06 11:55:00,45.0258,45.0258,45.005,45.005,1012
2026-05-06 12:00:00,45.0382,45.0382,45,45,819
2026-05-06 12:25:00,45.0484,45.0484,45.0484,45.0484,666
2026-05-06 12:30:00,45.04,45.05,45.026,45.04,750
2026-05-06 12:35:00,45.03,45.03,45.03,45.03,760
2026-05-06 12:40:00,45.03,45.046,45.03,45.046,478
2026-05-06 12:45:00,45.0336,45.0336,45.02,45.02,873
2026-05-06 12:50:00,45.02,45.02,44.9401,44.9401,3347
2026-05-06 12:55:00,45.02,45.02,44.99,44.99,233
2026-05-06 13:00:00,44.985,44.99,44.985,44.99,416
2026-05-06 13:05:00,44.995,45.08,44.995,45.08,1254
2026-05-06 13:10:00,45.025,45.025,44.9701,44.9701,895
2026-05-06 13:15:00,45.0326,45.0326,45.015,45.015,1187
2026-05-06 13:20:00,45.0599,45.0599,45.015,45.015,344
2026-05-06 13:25:00,45.015,45.015,45.015,45.015,1417
2026-05-06 13:30:00,45.005,45.005,45.005,45.005,162
2026-05-06 13:35:00,44.97,44.97,44.97,44.97,137
2026-05-06 13:40:00,45,45,45,45,204
2026-05-06 13:45:00,45,45,45,45,121
2026-05-06 13:50:00,45.03,45.03,45.03,45.03,635
2026-05-06 13:55:00,45,45,45,45,625
2026-05-06 14:00:00,44.9927,45.005,44.9927,45.005,302
2026-05-06 14:05:00,45.04,45.0427,45.04,45.0427,1122
2026-05-06 14:10:00,45.01,45.0106,45.005,45.005,1929
2026-05-06 14:15:00,45.005,45.04,45.005,45.0399,3492
2026-05-06 14:20:00,45.04,45.05,45.012,45.012,712
2026-05-06 14:25:00,45.01,45.0499,45.01,45.0499,398
2026-05-06 14:30:00,45.04,45.049,45.015,45.015,5864
2026-05-06 14:35:00,45.0599,45.0599,45.0599,45.0599,374
2026-05-06 14:45:00,45.005,45.005,45.005,45.005,200
2026-05-06 14:50:00,45.0386,45.0386,45.01,45.01,2787
2026-05-06 14:55:00,45.0499,45.0499,45.0499,45.0499,242
2026-05-06 15:00:00,45.0799,45.0799,45.0799,45.0799,445
2026-05-06 15:05:00,45.09,45.09,45.02,45.02,270
2026-05-06 15:15:00,45.09,45.09,45.04,45.04,2780
2026-05-06 15:20:00,45.09,45.1,45.045,45.045,1977
2026-05-06 15:25:00,45.056,45.0999,45.045,45.0999,3713
2026-05-06 15:30:00,45.045,45.0999,45.045,45.0999,422
2026-05-06 15:35:00,45.0999,45.0999,45.0555,45.0555,1671
2026-05-06 15:40:00,45.045,45.1081,45.03,45.1081,795
2026-05-06 15:45:00,45.11,45.11,45.06,45.06,212
2026-05-06 15:50:00,45,45.13,45,45.08,2250
2026-05-06 15:55:00,45.04,45.07,45.02,45.07,1326
2026-05-06 16:00:00,45.03,45.03,45.03,45.03,838
2026-05-07 09:30:00,45.19,45.193,45.064,45.064,3615
2026-05-07 09:35:00,45.07,45.07,45.04,45.0576,4288
2026-05-07 09:40:00,45.04,45.04,45.01,45.01,2488
2026-05-07 09:45:00,45.01,45.02,44.98,45.02,6560
2026-05-07 09:50:00,45.02,45.02,44.99,44.99,2409
2026-05-07 09:55:00,44.985,44.985,44.985,44.985,603
2026-05-07 10:00:00,44.93,44.9799,44.93,44.9799,456
2026-05-07 10:05:00,44.94,44.9472,44.94,44.9472,587
2026-05-07 10:10:00,44.9891,44.9891,44.965,44.965,2118
2026-05-07 10:15:00,44.95,44.9699,44.9279,44.9699,3000
2026-05-07 10:20:00,44.97,44.97,44.94,44.94,857
2026-05-07 10:25:00,44.9696,44.97,44.9001,44.95,3702
2026-05-07 10:30:00,44.96,44.99,44.945,44.97,4583
2026-05-07 10:35:00,44.96,44.96,44.9387,44.9387,257
2026-05-07 10:40:00,44.945,44.98,44.945,44.95,1219
2026-05-07 10:45:00,44.94,44.9401,44.91,44.94,4412
2026-05-07 10:50:00,44.95,44.95,44.95,44.95,1657
2026-05-07 10:55:00,44.95,44.99,44.95,44.99,20422
2026-05-07 11:00:00,44.97,44.97,44.93,44.93,705
2026-05-07 11:05:00,45.001,45.001,45.001,45.001,1400
2026-05-07 11:10:00,44.96,44.9898,44.94,44.96,2279
2026-05-07 11:20:00,44.98,44.98,44.93,44.93,1196
2026-05-07 11:25:00,44.86,44.86,44.86,44.86,226
2026-05-07 11:30:00,44.89,44.89,44.89,44.89,100
2026-05-07 11:35:00,44.85,44.85,44.85,44.85,150
2026-05-07 11:45:00,44.83,44.83,44.83,44.83,496
2026-05-07 11:50:00,44.8092,44.815,44.8092,44.81,804
2026-05-07 12:00:00,44.78,44.81,44.78,44.81,874
2026-05-07 12:10:00,44.79,44.79,44.79,44.79,940
2026-05-07 12:15:00,44.7799,44.7799,44.7214,44.7214,1756
2026-05-07 12:25:00,44.79,44.8,44.7899,44.8,2693
2026-05-07 12:30:00,44.8,44.8,44.8,44.8,601
2026-05-07 12:35:00,44.775,44.775,44.775,44.775,875
2026-05-07 12:40:00,44.7686,44.7686,44.7686,44.7686,1000
2026-05-07 12:50:00,44.6948,44.75,44.6948,44.75,2819
2026-05-07 12:55:00,44.72,44.72,44.72,44.72,134
2026-05-07 13:00:00,44.7274,44.75,44.7274,44.75,337
2026-05-07 13:05:00,44.7409,44.7409,44.7409,44.7409,117
2026-05-07 13:10:00,44.777,44.777,44.7,44.7,4344
2026-05-07 13:20:00,44.73,44.73,44.73,44.73,300
2026-05-07 13:25:00,44.68,44.68,44.6,44.6,1806
2026-05-07 13:30:00,44.59,44.62,44.59,44.62,1236
2026-05-07 13:35:00,44.635,44.635,44.635,44.635,218
2026-05-07 13:40:00,44.615,44.615,44.615,44.615,166
2026-05-07 13:45:00,44.63,44.63,44.61,44.61,500
2026-05-07 13:55:00,44.65,44.675,44.645,44.675,1304
2026-05-07 14:00:00,44.7099,44.7099,44.69,44.69,1055
2026-05-07 14:05:00,44.69,44.69,44.69,44.69,200
2026-05-07 14:10:00,44.67,44.6988,44.67,44.6988,226
2026-05-07 14:25:00,44.66,44.66,44.66,44.66,650
2026-05-07 14:30:00,44.66,44.69,44.65,44.675,1178
2026-05-07 14:35:00,44.675,44.6899,44.646,44.646,3589
2026-05-07 14:40:00,44.645,44.645,44.57,44.57,575
2026-05-07 14:45:00,44.61,44.61,44.575,44.6,957
2026-05-07 14:50:00,44.599,44.615,44.58,44.59,2647
2026-05-07 14:55:00,44.65,44.6985,44.65,44.6985,2610
2026-05-07 15:00:00,44.68,44.68,44.645,44.66,635
2026-05-07 15:05:00,44.69,44.69,44.655,44.6887,1142
2026-05-07 15:10:00,44.67,44.7,44.67,44.695,1213
2026-05-07 15:15:00,44.6794,44.695,44.6794,44.695,1260
2026-05-07 15:20:00,44.62,44.62,44.62,44.62,8451
2026-05-07 15:25:00,44.615,44.615,44.61,44.61,2401
2026-05-07 15:30:00,44.64,44.6915,44.64,44.6915,3355
2026-05-07 15:40:00,44.6899,44.6899,44.664,44.664,1493
2026-05-07 15:45:00,44.66,44.66,44.63,44.63,3602
2026-05-07 15:50:00,44.652,44.652,44.59,44.59,1533
2026-05-07 15:55:00,44.61,44.61,44.55,44.6,7803
2026-05-07 16:00:00,44.6,44.6,44.6,44.6,521
2026-05-08 09:30:00,45.02,45.12,44.99,45.12,7828
2026-05-08 09:35:00,45.08,45.08,45.035,45.07,3512
2026-05-08 09:40:00,45.035,45.08,45.035,45.08,3325
2026-05-08 09:45:00,45.07,45.11,45.055,45.11,1950
2026-05-08 09:50:00,45.11,45.13,45.11,45.13,3516
2026-05-08 09:55:00,45.13,45.16,45.1178,45.14,5122
2026-05-08 10:00:00,45.19,45.19,45.1,45.1,16050
2026-05-08 10:05:00,45.08,45.1,45.06,45.07,1500
2026-05-08 10:10:00,45.02,45.08,45.02,45.06,2819
2026-05-08 10:15:00,45.06,45.1,45.05,45.095,3150
2026-05-08 10:20:00,45.07,45.07,45.06,45.06,1200
2026-05-08 10:25:00,45.08,45.08,45.06,45.06,500
2026-05-08 10:30:00,45.04,45.04,45.01,45.0327,1300
2026-05-08 10:35:00,45.03,45.049,45.0232,45.03,600
2026-05-08 10:40:00,45.035,45.07,45.025,45.025,5437
2026-05-08 10:45:00,45.02,45.03,45.02,45.03,300
2026-05-08 10:50:00,45.04,45.04,45.035,45.035,3100
2026-05-08 10:55:00,45.03,45.03,45.0185,45.03,1001
2026-05-08 11:00:00,45.04,45.04,44.97,44.97,1341
2026-05-08 11:05:00,45.015,45.015,45.015,45.015,665
2026-05-08 11:10:00,44.99,44.99,44.99,44.99,1230
2026-05-08 11:20:00,45.03,45.03,45.03,45.03,1150
2026-05-08 11:30:00,45.05,45.12,44.9901,44.9901,14071
2026-05-08 11:35:00,45.05,45.06,45.05,45.055,10202
2026-05-08 11:40:00,45.06,45.06,45.02,45.02,1400
2026-05-08 11:45:00,44.9906,45.06,44.9906,45.036,1418
2026-05-08 11:55:00,45.0323,45.0323,45.0323,45.0323,277
2026-05-08 12:00:00,45.07,45.09,45.07,45.07,3085
2026-05-08 12:05:00,45.065,45.129,45.065,45.08,2853
2026-05-08 12:10:00,45.08,45.08,45.07,45.07,1000
2026-05-08 12:15:00,45.07,45.07,45.07,45.07,1100
2026-05-08 12:20:00,45.07,45.07,45.07,45.07,172
2026-05-08 12:25:00,45.1,45.1,45.084,45.1,521
2026-05-08 12:30:00,45.1,45.1,45.08,45.09,2382
2026-05-08 12:35:00,45.08,45.08,45.08,45.08,757
2026-05-08 12:45:00,45.0989,45.0999,45.0671,45.0999,1385
2026-05-08 12:50:00,45.06,45.06,45.055,45.055,640
2026-05-08 12:55:00,45.035,45.0692,45.035,45.0494,860
2026-05-08 13:00:00,45.04,45.07,45.04,45.07,900
2026-05-08 13:05:00,45.07,45.07,45.07,45.07,200
2026-05-08 13:10:00,45.06,45.06,45.06,45.06,1464
2026-05-08 13:15:00,45.075,45.075,45.06,45.069,1058
2026-05-08 13:20:00,45.0469,45.0469,45.0469,45.0469,171
2026-05-08 13:25:00,45.089,45.089,45.06,45.07,2883
2026-05-08 13:30:00,45.07,45.07,45.07,45.07,373
2026-05-08 13:40:00,45.07,45.07,45.07,45.07,200
2026-05-08 13:45:00,45.08,45.085,45.08,45.085,499
2026-05-08 13:50:00,45.085,45.09,45.085,45.09,383
2026-05-08 13:55:00,45.07,45.07,45.05,45.05,650
2026-05-08 14:00:00,45.09,45.11,45.08,45.11,550
2026-05-08 14:05:00,45.1099,45.12,45.09,45.09,1396
2026-05-08 14:10:00,45.125,45.14,45.0801,45.14,860
2026-05-08 14:15:00,45.1301,45.14,45.09,45.13,3445
2026-05-08 14:20:00,45.11,45.11,45.11,45.11,234
2026-05-08 14:25:00,45.115,45.13,45.115,45.13,1107
2026-05-08 14:30:00,45.12,45.12,45.12,45.12,900
2026-05-08 14:35:00,45.11,45.11,45.0998,45.1,535
2026-05-08 14:40:00,45.12,45.12,45.12,45.12,1318
2026-05-08 14:45:00,45.1,45.1,45.07,45.0701,3345
2026-05-08 14:50:00,45.09,45.13,45.07,45.1,65656
2026-05-08 14:55:00,45.1083,45.1083,45.0501,45.1,478
2026-05-08 15:05:00,45.1,45.129,45.1,45.129,673
2026-05-08 15:15:00,45.1295,45.1299,45.115,45.12,3043
2026-05-08 15:20:00,45.13,45.13,45.12,45.12,697
2026-05-08 15:25:00,45.13,45.13,45.11,45.11,1865
2026-05-08 15:30:00,45.1,45.12,45.1,45.12,300
2026-05-08 15:35:00,45.15,45.15,45.13,45.13,551
2026-05-08 15:40:00,45.15,45.1521,45.138,45.1521,6554
2026-05-08 15:45:00,45.155,45.17,45.155,45.17,650
2026-05-08 15:50:00,45.15,45.155,45.1201,45.13,2909
2026-05-08 15:55:00,45.15,45.16,45.14,45.16,3671
2026-05-08 16:00:00,45.18,45.18,45.18,45.18,1394
2026-05-11 09:30:00,45.35,45.565,45.35,45.565,12481
2026-05-11 09:40:00,45.56,45.56,45.525,45.55,500
2026-05-11 09:45:00,45.57,45.58,45.54,45.58,3200
2026-05-11 09:50:00,45.57,45.62,45.57,45.62,6575
2026-05-11 09:55:00,45.58,45.58,45.57,45.57,1846
2026-05-11 10:00:00,45.55,45.55,45.55,45.55,125
2026-05-11 10:05:00,45.5699,45.5699,45.5699,45.5699,886
2026-05-11 10:10:00,45.5499,45.5499,45.5499,45.5499,200
2026-05-11 10:20:00,45.59,45.59,45.56,45.58,1184
2026-05-11 10:25:00,45.55,45.555,45.51,45.51,1734
2026-05-11 10:30:00,45.5,45.5293,45.5,45.5293,1775
2026-05-11 10:35:00,45.5499,45.55,45.53,45.535,1422
2026-05-11 10:40:00,45.56,45.56,45.56,45.56,2193
2026-05-11 10:45:00,45.58,45.58,45.55,45.55,200
2026-05-11 10:50:00,45.51,45.5492,45.51,45.54,3520
2026-05-11 10:55:00,45.55,45.57,45.55,45.57,541
2026-05-11 11:00:00,45.54,45.58,45.54,45.58,2295
2026-05-11 11:05:00,45.58,45.58,45.58,45.58,109
2026-05-11 11:10:00,45.58,45.59,45.58,45.58,4446
2026-05-11 11:15:00,45.58,45.58,45.58,45.58,619
2026-05-11 11:20:00,45.57,45.57,45.54,45.555,4541
2026-05-11 11:25:00,45.59,45.6315,45.59,45.6315,7055
2026-05-11 11:30:00,45.6,45.6495,45.6,45.6243,1851
2026-05-11 11:35:00,45.61,45.61,45.5986,45.61,7577
2026-05-11 11:40:00,45.59,45.59,45.56,45.56,933
2026-05-11 11:45:00,45.55,45.58,45.55,45.5556,15641
2026-05-11 11:50:00,45.56,45.5899,45.556,45.556,484
2026-05-11 11:55:00,45.58,45.58,45.57,45.57,300
2026-05-11 12:00:00,45.588,45.59,45.57,45.59,999
2026-05-11 12:05:00,45.5816,45.5932,45.5816,45.5932,1215
2026-05-11 12:15:00,45.59,45.59,45.55,45.55,2767
2026-05-11 12:20:00,45.56,45.57,45.555,45.5694,4668
2026-05-11 12:25:00,45.57,45.57,45.562,45.565,506
2026-05-11 12:35:00,45.56,45.56,45.56,45.56,3740
2026-05-11 12:40:00,45.55,45.55,45.48,45.49,9400
2026-05-11 12:45:00,45.5,45.526,45.5,45.526,638
2026-05-11 12:50:00,45.49,45.49,45.49,45.49,845
2026-05-11 12:55:00,45.49,45.51,45.49,45.49,7491
2026-05-11 13:00:00,45.51,45.51,45.485,45.485,691
2026-05-11 13:05:00,45.49,45.5,45.4801,45.49,3420
2026-05-11 13:10:00,45.5,45.5,45.5,45.5,185
2026-05-11 13:15:00,45.49,45.5,45.49,45.5,6655
2026-05-11 13:20:00,45.49,45.5,45.49,45.495,6324
2026-05-11 13:25:00,45.51,45.51,45.5,45.51,1800
2026-05-11 13:30:00,45.5,45.5199,45.5,45.5199,1036
2026-05-11 13:35:00,45.53,45.54,45.4901,45.54,23068
2026-05-11 13:40:00,45.56,45.56,45.56,45.56,678
2026-05-11 13:45:00,45.56,45.56,45.5599,45.56,8500
2026-05-11 13:50:00,45.55,45.55,45.55,45.55,561
2026-05-11 13:55:00,45.56,45.56,45.56,45.56,100
2026-05-11 14:00:00,45.54,45.54,45.51,45.54,7255
2026-05-11 14:10:00,45.54,45.54,45.526,45.539,3113
2026-05-11 14:15:00,45.5391,45.54,45.5201,45.54,762
2026-05-11 14:20:00,45.52,45.55,45.52,45.55,12602
2026-05-11 14:35:00,45.56,45.56,45.53,45.53,2937
2026-05-11 14:40:00,45.51,45.526,45.5,45.526,1366
2026-05-11 14:45:00,45.529,45.529,45.529,45.529,174
2026-05-11 14:50:00,45.495,45.52,45.495,45.51,1400
2026-05-11 14:55:00,45.53,45.53,45.5,45.5,1356
2026-05-11 15:00:00,45.495,45.5299,45.4901,45.4901,5633
2026-05-11 15:05:00,45.5,45.53,45.5,45.53,1865
2026-05-11 15:10:00,45.5,45.5,45.5,45.5,479
2026-05-11 15:15:00,45.5,45.5,45.485,45.485,466
2026-05-11 15:20:00,45.485,45.4874,45.4701,45.4874,2769
2026-05-11 15:25:00,45.4864,45.49,45.47,45.47,1075
2026-05-11 15:30:00,45.465,45.48,45.465,45.47,3732
2026-05-11 15:35:00,45.465,45.48,45.465,45.48,3004
2026-05-11 15:40:00,45.48,45.48,45.48,45.48,600
2026-05-11 15:45:00,45.49,45.49,45.48,45.49,1429
2026-05-11 15:50:00,45.5,45.51,45.48,45.51,3280
2026-05-11 15:55:00,45.5,45.55,45.49,45.525,2831
2026-05-12 09:30:00,45.08,45.12,45.08,45.08,8763
2026-05-12 09:35:00,45.08,45.13,45.06,45.07,14033
2026-05-12 09:40:00,45.07,45.09,45.07,45.09,6900
2026-05-12 09:45:00,45.07,45.07,45.04,45.04,5156
2026-05-12 09:55:00,44.98,44.98,44.97,44.97,7240
2026-05-12 10:00:00,44.985,45.06,44.985,45.0249,394
2026-05-12 10:05:00,45.03,45.04,45.03,45.04,200
2026-05-12 10:10:00,45.1,45.1,45.1,45.1,100
2026-05-12 10:15:00,45.09,45.09,45.08,45.08,829
2026-05-12 10:20:00,45.07,45.07,45.07,45.07,646
2026-05-12 10:25:00,45.055,45.055,45.04,45.04,837
2026-05-12 10:30:00,45.01,45.01,45.01,45.01,900
2026-05-12 10:35:00,45.0299,45.0299,45.029,45.029,344
2026-05-12 10:40:00,45.01,45.06,45,45.06,4969
2026-05-12 10:45:00,45.035,45.035,44.97,44.97,1827
2026-05-12 10:55:00,44.93,44.94,44.91,44.91,4370
2026-05-12 11:00:00,44.9,44.91,44.9,44.91,608
2026-05-12 11:05:00,44.92,44.92,44.92,44.92,100
2026-05-12 11:10:00,44.9,44.9,44.85,44.85,4455
2026-05-12 11:15:00,44.82,44.8261,44.78,44.79,10615
2026-05-12 11:20:00,44.83,44.83,44.805,44.805,829
2026-05-12 11:25:00,44.75,44.78,44.75,44.78,700
2026-05-12 11:30:00,44.8,44.85,44.8,44.85,1769
2026-05-12 11:35:00,44.83,44.9,44.83,44.865,4666
2026-05-12 11:40:00,44.8748,44.8748,44.8748,44.8748,100
2026-05-12 11:45:00,44.9,44.9,44.9,44.9,245
2026-05-12 11:50:00,44.89,44.89,44.89,44.89,763
2026-05-12 11:55:00,44.92,44.92,44.86,44.86,1425
2026-05-12 12:00:00,44.8799,44.94,44.8799,44.94,420
2026-05-12 12:10:00,44.86,44.8615,44.84,44.8615,1665
2026-05-12 12:15:00,44.895,44.93,44.88,44.885,6216
2026-05-12 12:20:00,44.88,44.88,44.87,44.87,660
2026-05-12 12:25:00,44.88,44.9086,44.879,44.8818,922
2026-05-12 12:35:00,44.89,44.89,44.85,44.85,12950
2026-05-12 12:40:00,44.87,44.87,44.87,44.87,100
2026-05-12 12:45:00,44.85,44.85,44.85,44.85,200
2026-05-12 12:55:00,44.87,44.87,44.855,44.855,1979
2026-05-12 13:00:00,44.87,44.91,44.87,44.91,10766
2026-05-12 13:05:00,44.95,44.95,44.92,44.92,267
2026-05-12 13:10:00,44.93,44.93,44.93,44.93,300
2026-05-12 13:15:00,44.93,44.96,44.93,44.96,2335
2026-05-12 13:25:00,44.97,44.985,44.94,44.965,3918
2026-05-12 13:30:00,44.9552,44.96,44.95,44.95,5413
2026-05-12 13:35:00,44.95,44.96,44.93,44.94,3286
2026-05-12 13:40:00,44.94,44.94,44.94,44.94,3850
2026-05-12 13:45:00,44.96,44.985,44.96,44.97,15858
2026-05-12 13:50:00,44.97,44.97,44.97,44.97,1300
2026-05-12 13:55:00,44.97,45.0199,44.97,45.0199,2600
2026-05-12 14:00:00,44.98,45.03,44.98,45.03,22823
2026-05-12 14:05:00,44.99,44.99,44.96,44.96,1760
2026-05-12 14:10:00,44.99,44.99,44.985,44.985,611
2026-05-12 14:15:00,44.99,44.99,44.99,44.99,151
2026-05-12 14:20:00,45.01,45.01,45.01,45.01,100
2026-05-12 14:25:00,45.025,45.03,45.025,45.03,804
2026-05-12 14:30:00,45.0694,45.07,45.06,45.06,1324
2026-05-12 14:35:00,45.06,45.06,45.06,45.06,457
2026-05-12 14:40:00,45.07,45.08,45.06,45.07,1000
2026-05-12 14:45:00,45.07,45.07,45.05,45.05,431
2026-05-12 14:50:00,45.07,45.08,45.0664,45.08,1515
2026-05-12 14:55:00,45.08,45.08,45.08,45.08,466
2026-05-12 15:00:00,45.07,45.09,45.07,45.0798,1121
2026-05-12 15:05:00,45.07,45.11,45.07,45.11,7097
2026-05-12 15:10:00,45.11,45.11,45.095,45.11,2461
2026-05-12 15:15:00,45.14,45.14,45.14,45.14,15745
2026-05-12 15:20:00,45.1,45.1,45.1,45.1,1350
2026-05-12 15:25:00,45.09,45.09,45.09,45.09,926
2026-05-12 15:30:00,45.12,45.13,45.08,45.125,7086
2026-05-12 15:35:00,45.15,45.15,45.115,45.13,2776
2026-05-12 15:40:00,45.115,45.115,45.11,45.11,611
2026-05-12 15:45:00,45.12,45.1397,45.12,45.1397,881
2026-05-12 15:50:00,45.14,45.1618,45.14,45.15,1977
2026-05-12 15:55:00,45.1,45.1,45.06,45.06,1746
2026-05-13 09:30:00,45.32,45.35,45.27,45.27,6488
2026-05-13 09:35:00,45.21,45.23,45.19,45.2199,2800
2026-05-13 09:40:00,45.24,45.31,45.23,45.31,1200
2026-05-13 09:50:00,45.32,45.36,45.31,45.36,1100
2026-05-13 09:55:00,45.36,45.36,45.32,45.35,1640
2026-05-13 10:00:00,45.4,45.4,45.38,45.3942,1238
2026-05-13 10:05:00,45.405,45.4266,45.405,45.425,519
2026-05-13 10:10:00,45.43,45.44,45.43,45.44,210
2026-05-13 10:15:00,45.43,45.43,45.41,45.41,200
2026-05-13 10:20:00,45.4396,45.44,45.4396,45.44,602
2026-05-13 10:25:00,45.45,45.47,45.45,45.465,1409
2026-05-13 10:30:00,45.47,45.49,45.47,45.49,2302
2026-05-13 10:35:00,45.5,45.51,45.495,45.5,2373
2026-05-13 10:40:00,45.48,45.49,45.47,45.47,2058
2026-05-13 10:45:00,45.45,45.46,45.45,45.46,688
2026-05-13 10:50:00,45.45,45.475,45.4401,45.47,1983
2026-05-13 10:55:00,45.46,45.46,45.3775,45.41,3758
2026-05-13 11:00:00,45.42,45.4399,45.42,45.4399,615
2026-05-13 11:05:00,45.4,45.42,45.4,45.42,2381
2026-05-13 11:10:00,45.42,45.42,45.41,45.41,1050
2026-05-13 11:15:00,45.4,45.41,45.39,45.39,567
2026-05-13 11:25:00,45.39,45.4,45.39,45.4,300
2026-05-13 11:30:00,45.38,45.44,45.3001,45.44,5463
2026-05-13 11:35:00,45.445,45.46,45.44,45.46,2633
2026-05-13 11:40:00,45.47,45.4798,45.47,45.47,4467
2026-05-13 11:45:00,45.46,45.46,45.44,45.44,8020
2026-05-13 11:50:00,45.44,45.44,45.43,45.44,2598
2026-05-13 11:55:00,45.445,45.45,45.44,45.45,5559
2026-05-13 12:00:00,45.44,45.47,45.44,45.47,5414
2026-05-13 12:05:00,45.475,45.475,45.475,45.475,310
2026-05-13 12:10:00,45.4606,45.49,45.4606,45.49,1355
2026-05-13 12:15:00,45.49,45.49,45.47,45.49,2010
2026-05-13 12:20:00,45.49,45.555,45.49,45.54,2508
2026-05-13 12:25:00,45.52,45.53,45.52,45.53,2248
2026-05-13 12:30:00,45.519,45.519,45.49,45.5096,1008
2026-05-13 12:35:00,45.52,45.53,45.52,45.52,748
2026-05-13 12:40:00,45.515,45.515,45.51,45.51,600
2026-05-13 12:50:00,45.52,45.52,45.52,45.52,210
2026-05-13 12:55:00,45.52,45.52,45.519,45.52,2000
2026-05-13 13:00:00,45.52,45.545,45.52,45.53,5592
2026-05-13 13:05:00,45.54,45.55,45.54,45.55,500
2026-05-13 13:10:00,45.54,45.56,45.54,45.55,2492
2026-05-13 13:15:00,45.55,45.56,45.55,45.56,604
2026-05-13 13:20:00,45.56,45.58,45.56,45.565,951
2026-05-13 13:25:00,45.58,45.58,45.565,45.58,480
2026-05-13 13:30:00,45.575,45.575,45.555,45.555,1132
2026-05-13 13:35:00,45.555,45.555,45.555,45.555,100
2026-05-13 13:40:00,45.555,45.555,45.53,45.53,1417
2026-05-13 13:45:00,45.525,45.54,45.52,45.52,2944
2026-05-13 13:50:00,45.53,45.53,45.52,45.52,200
2026-05-13 13:55:00,45.515,45.515,45.51,45.51,300
2026-05-13 14:00:00,45.48,45.495,45.48,45.495,314
2026-05-13 14:05:00,45.495,45.495,45.495,45.495,786
2026-05-13 14:10:00,45.53,45.53,45.505,45.52,1032
2026-05-13 14:15:00,45.52,45.53,45.52,45.5201,2064
2026-05-13 14:20:00,45.529,45.54,45.529,45.54,923
2026-05-13 14:25:00,45.5312,45.5312,45.52,45.52,2704
2026-05-13 14:30:00,45.519,45.519,45.515,45.515,331
2026-05-13 14:35:00,45.51,45.51,45.51,45.51,4730
2026-05-13 14:40:00,45.51,45.51,45.5022,45.51,7588
2026-05-13 14:45:00,45.51,45.51,45.48,45.48,519
2026-05-13 14:50:00,45.49,45.53,45.48,45.525,18709
2026-05-13 14:55:00,45.525,45.53,45.525,45.525,4184
2026-05-13 15:00:00,45.525,45.54,45.525,45.54,7564
2026-05-13 15:05:00,45.525,45.525,45.51,45.51,2835
2026-05-13 15:10:00,45.53,45.54,45.53,45.54,1406
2026-05-13 15:15:00,45.54,45.54,45.54,45.54,100
2026-05-13 15:20:00,45.53,45.53,45.53,45.53,162
2026-05-13 15:25:00,45.5001,45.56,45.5001,45.56,920
2026-05-13 15:30:00,45.545,45.58,45.545,45.58,2719
2026-05-13 15:35:00,45.5528,45.5528,45.52,45.55,4246
2026-05-13 15:40:00,45.56,45.5621,45.56,45.5621,1596
2026-05-13 15:45:00,45.565,45.58,45.565,45.5651,994
2026-05-13 15:50:00,45.61,45.61,45.575,45.575,1581
2026-05-13 15:55:00,45.58,45.6,45.555,45.59,1172
2026-05-13 16:00:00,45.58,45.58,45.58,45.58,467
2026-05-14 09:30:00,45.56,45.56,45.56,45.56,4309
2026-05-14 09:40:00,45.42,45.42,45.4029,45.4029,717
2026-05-14 09:45:00,45.42,45.42,45.42,45.42,650
2026-05-14 09:50:00,45.4007,45.41,45.4,45.4,1341
2026-05-14 09:55:00,45.43,45.43,45.41,45.41,1532
2026-05-14 10:00:00,45.36,45.36,45.36,45.36,300
2026-05-14 10:10:00,45.48,45.491,45.48,45.49,2210
2026-05-14 10:15:00,45.4999,45.5,45.49,45.5,1301
2026-05-14 10:20:00,45.5183,45.5183,45.46,45.48,2413
2026-05-14 10:25:00,45.45,45.45,45.45,45.45,714
2026-05-14 10:30:00,45.49,45.5,45.4897,45.5,300
2026-05-14 10:35:00,45.5,45.51,45.5,45.5,839
2026-05-14 10:40:00,45.51,45.51,45.505,45.505,1331
2026-05-14 10:45:00,45.51,45.5194,45.44,45.4628,1267
2026-05-14 10:50:00,45.455,45.455,45.44,45.44,405
2026-05-14 10:55:00,45.425,45.425,45.425,45.425,350
2026-05-14 11:00:00,45.425,45.44,45.42,45.44,1740
2026-05-14 11:05:00,45.445,45.445,45.435,45.435,300
2026-05-14 11:10:00,45.435,45.44,45.4281,45.44,1287
2026-05-14 11:15:00,45.45,45.45,45.45,45.45,343
2026-05-14 11:20:00,45.47,45.5,45.47,45.5,2717
2026-05-14 11:25:00,45.51,45.51,45.51,45.51,100
2026-05-14 11:30:00,45.51,45.5131,45.51,45.5131,870
2026-05-14 11:35:00,45.54,45.54,45.5,45.5,5609
2026-05-14 11:40:00,45.51,45.5284,45.51,45.52,1489
2026-05-14 11:45:00,45.51,45.5289,45.51,45.5289,1500
2026-05-14 11:50:00,45.52,45.525,45.52,45.525,1690
2026-05-14 11:55:00,45.53,45.5414,45.53,45.54,1340
2026-05-14 12:00:00,45.54,45.54,45.53,45.54,3734
2026-05-14 12:05:00,45.54,45.54,45.53,45.53,1576
2026-05-14 12:10:00,45.52,45.52,45.52,45.52,450
2026-05-14 12:15:00,45.53,45.5401,45.53,45.54,1614
2026-05-14 12:20:00,45.545,45.545,45.52,45.52,2699
2026-05-14 12:30:00,45.49,45.49,45.49,45.49,200
2026-05-14 12:40:00,45.5,45.5,45.46,45.49,829
2026-05-14 12:45:00,45.49,45.49,45.48,45.49,1774
2026-05-14 12:50:00,45.5,45.5,45.5,45.5,100
2026-05-14 12:55:00,45.49,45.49,45.44,45.48,1490
2026-05-14 13:00:00,45.51,45.53,45.51,45.53,2679
2026-05-14 13:05:00,45.52,45.525,45.52,45.52,1010
2026-05-14 13:10:00,45.51,45.52,45.478,45.478,3156
2026-05-14 13:20:00,45.47,45.47,45.43,45.45,2320
2026-05-14 13:25:00,45.445,45.445,45.445,45.445,213
2026-05-14 13:30:00,45.48,45.48,45.48,45.48,150
2026-05-14 13:35:00,45.463,45.5,45.463,45.5,3503
2026-05-14 13:40:00,45.5,45.5099,45.489,45.5,1504
2026-05-14 13:45:00,45.494,45.494,45.494,45.494,100
2026-05-14 13:50:00,45.48,45.48,45.48,45.48,100
2026-05-14 13:55:00,45.49,45.49,45.447,45.47,1446
2026-05-14 14:00:00,45.4502,45.4502,45.405,45.405,2716
2026-05-14 14:05:00,45.43,45.43,45.43,45.43,260
2026-05-14 14:10:00,45.4658,45.47,45.46,45.47,563
2026-05-14 14:15:00,45.48,45.495,45.48,45.495,958
2026-05-14 14:20:00,45.5,45.5,45.49,45.49,2556
2026-05-14 14:25:00,45.5,45.5,45.47,45.47,4814
2026-05-14 14:30:00,45.49,45.5,45.49,45.5,556
2026-05-14 14:35:00,45.49,45.4998,45.485,45.485,6608
2026-05-14 14:40:00,45.49,45.5,45.49,45.49,450
2026-05-14 14:45:00,45.49,45.5,45.49,45.4901,12888
2026-05-14 14:50:00,45.5099,45.5099,45.4901,45.4901,1837
2026-05-14 14:55:00,45.5,45.5099,45.49,45.5099,2630
2026-05-14 15:00:00,45.51,45.51,45.5,45.5099,3083
2026-05-14 15:05:00,45.5084,45.52,45.5,45.52,1520
2026-05-14 15:10:00,45.51,45.52,45.51,45.51,3816
2026-05-14 15:15:00,45.514,45.52,45.51,45.51,938
2026-05-14 15:20:00,45.51,45.51,45.5,45.5,1874
2026-05-14 15:25:00,45.49,45.4969,45.485,45.485,3820
2026-05-14 15:30:00,45.485,45.4899,45.48,45.4899,950
2026-05-14 15:35:00,45.485,45.485,45.48,45.48,6251
2026-05-14 15:40:00,45.4599,45.4599,45.455,45.4599,2612
2026-05-14 15:45:00,45.45,45.465,45.45,45.465,3952
2026-05-14 15:50:00,45.46,45.46,45.42,45.42,2418
2026-05-14 15:55:00,45.44,45.45,45.44,45.45,3904
2026-05-15 09:30:00,44.8,44.8,44.63,44.63,3822
2026-05-15 09:35:00,44.68,44.68,44.68,44.68,100
2026-05-15 09:40:00,44.61,44.61,44.58,44.58,3438
2026-05-15 09:45:00,44.57,44.59,44.57,44.59,501
2026-05-15 09:50:00,44.675,44.675,44.675,44.675,410
2026-05-15 10:00:00,44.64,44.64,44.6,44.6,442
2026-05-15 10:05:00,44.64,44.64,44.61,44.62,1934
2026-05-15 10:10:00,44.61,44.7099,44.6,44.68,2332
2026-05-15 10:15:00,44.695,44.8,44.695,44.79,1443
2026-05-15 10:20:00,44.795,44.8491,44.795,44.815,1092
2026-05-15 10:25:00,44.81,44.81,44.76,44.78,762
2026-05-15 10:30:00,44.79,44.83,44.79,44.82,11415
2026-05-15 10:35:00,44.8589,44.8599,44.7901,44.7901,1362
2026-05-15 10:40:00,44.815,44.815,44.815,44.815,196
2026-05-15 10:45:00,44.79,44.8199,44.78,44.8199,706
2026-05-15 10:50:00,44.79,44.7901,44.77,44.77,1635
2026-05-15 10:55:00,44.819,44.82,44.79,44.79,720
2026-05-15 11:00:00,44.8,44.8,44.795,44.795,888
2026-05-15 11:05:00,44.795,44.795,44.75,44.77,6324
2026-05-15 11:10:00,44.765,44.8,44.765,44.77,778
2026-05-15 11:15:00,44.76,44.76,44.76,44.76,900
2026-05-15 11:20:00,44.75,44.75,44.75,44.75,200
2026-05-15 11:25:00,44.745,44.76,44.745,44.76,600
2026-05-15 11:30:00,44.79,44.79,44.79,44.79,100
2026-05-15 11:35:00,44.7899,44.7999,44.775,44.7999,2503
2026-05-15 11:40:00,44.7612,44.7612,44.733,44.7383,1018
2026-05-15 11:45:00,44.736,44.74,44.72,44.73,1915
2026-05-15 11:50:00,44.709,44.709,44.63,44.63,979
2026-05-15 11:55:00,44.6295,44.6451,44.6295,44.6451,499
2026-05-15 12:00:00,44.712,44.712,44.7,44.7,427
2026-05-15 12:05:00,44.68,44.71,44.6601,44.695,27015
2026-05-15 12:10:00,44.665,44.6651,44.665,44.6651,3584
2026-05-15 12:15:00,44.675,44.679,44.675,44.679,288
2026-05-15 12:20:00,44.7,44.74,44.7,44.716,538
2026-05-15 12:30:00,44.725,44.725,44.725,44.725,1005
2026-05-15 12:35:00,44.725,44.725,44.725,44.725,273
2026-05-15 12:40:00,44.76,44.76,44.76,44.76,100
2026-05-15 12:45:00,44.7799,44.7799,44.73,44.745,6040
2026-05-15 12:50:00,44.7435,44.7435,44.71,44.7249,3030
2026-05-15 12:55:00,44.7201,44.735,44.7101,44.735,2248
2026-05-15 13:00:00,44.72,44.725,44.72,44.725,1067
2026-05-15 13:05:00,44.75,44.75,44.7101,44.7101,1276
2026-05-15 13:10:00,44.75,44.755,44.75,44.755,5146
2026-05-15 13:15:00,44.766,44.77,44.766,44.77,1515
2026-05-15 13:20:00,44.78,44.785,44.78,44.785,600
2026-05-15 13:25:00,44.785,44.815,44.785,44.815,424
2026-05-15 13:30:00,44.805,44.805,44.805,44.805,665
2026-05-15 13:35:00,44.78,44.8,44.78,44.8,682
2026-05-15 13:45:00,44.81,44.81,44.795,44.795,209
2026-05-15 13:50:00,44.795,44.81,44.795,44.81,349
2026-05-15 14:00:00,44.81,44.81,44.81,44.81,441
2026-05-15 14:10:00,44.79,44.7901,44.79,44.7901,348
2026-05-15 14:15:00,44.79,44.79,44.76,44.76,607
2026-05-15 14:20:00,44.76,44.785,44.76,44.785,962
2026-05-15 14:25:00,44.775,44.775,44.775,44.775,145
2026-05-15 14:30:00,44.76,44.76,44.72,44.72,500
2026-05-15 14:35:00,44.74,44.75,44.73,44.73,8016
2026-05-15 14:40:00,44.73,44.73,44.72,44.72,748
2026-05-15 14:45:00,44.75,44.76,44.74,44.76,770
2026-05-15 14:50:00,44.76,44.78,44.76,44.765,1501
2026-05-15 15:00:00,44.765,44.765,44.755,44.761,648
2026-05-15 15:05:00,44.755,44.755,44.755,44.755,214
2026-05-15 15:10:00,44.74,44.75,44.72,44.75,3681
2026-05-15 15:15:00,44.75,44.75,44.73,44.75,734
2026-05-15 15:20:00,44.77,44.78,44.77,44.78,200
2026-05-15 15:25:00,44.77,44.77,44.75,44.76,2302
2026-05-15 15:30:00,44.76,44.77,44.76,44.76,730
2026-05-15 15:35:00,44.76,44.76,44.74,44.74,2543
2026-05-15 15:40:00,44.77,44.77,44.77,44.77,160
2026-05-15 15:45:00,44.69,44.7499,44.69,44.73,2169
2026-05-15 15:50:00,44.75,44.75,44.73,44.73,1419
2026-05-15 15:55:00,44.69,44.75,44.6749,44.75,5804
2026-05-18 09:30:00,44.86,44.9399,44.85,44.85,4594
2026-05-18 09:35:00,44.82,44.82,44.8001,44.8001,3000
2026-05-18 09:40:00,44.8718,44.8808,44.8718,44.8808,808
2026-05-18 09:45:00,44.83,44.87,44.83,44.84,1434
2026-05-18 09:50:00,44.87,44.895,44.87,44.895,463
2026-05-18 09:55:00,44.935,44.935,44.905,44.915,400
2026-05-18 10:05:00,44.82,44.82,44.815,44.815,200
2026-05-18 10:10:00,44.875,44.875,44.87,44.87,300
2026-05-18 10:15:00,44.89,44.89,44.89,44.89,100
2026-05-18 10:20:00,44.8801,44.8801,44.8801,44.8801,658
2026-05-18 10:25:00,44.87,44.87,44.87,44.87,400
2026-05-18 10:30:00,44.88,44.88,44.79,44.79,1083
2026-05-18 10:35:00,44.79,44.81,44.77,44.81,1783
2026-05-18 10:40:00,44.825,44.825,44.795,44.8099,1149
2026-05-18 10:45:00,44.825,44.825,44.82,44.82,300
2026-05-18 10:50:00,44.881,44.89,44.88,44.88,2796
2026-05-18 10:55:00,44.9,44.9,44.9,44.9,100
2026-05-18 11:00:00,44.89,44.9,44.78,44.78,2200
2026-05-18 11:05:00,44.81,44.81,44.81,44.81,100
2026-05-18 11:10:00,44.81,44.82,44.8075,44.82,1096
2026-05-18 11:15:00,44.83,44.835,44.8,44.805,1900
2026-05-18 11:20:00,44.81,44.83,44.78,44.78,3719
2026-05-18 11:25:00,44.8234,44.8234,44.78,44.78,3752
2026-05-18 11:30:00,44.785,44.86,44.77,44.86,3734
2026-05-18 11:35:00,44.86,44.89,44.86,44.89,8180
2026-05-18 11:40:00,44.9,44.9,44.8503,44.87,6403
2026-05-18 11:45:00,44.87,44.9,44.87,44.89,16505
2026-05-18 11:50:00,44.88,44.89,44.875,44.89,3855
2026-05-18 11:55:00,44.91,44.91,44.89,44.89,1300
2026-05-18 12:00:00,44.9,44.9,44.875,44.875,531
2026-05-18 12:05:00,44.9042,44.9042,44.9,44.9,211
2026-05-18 12:10:00,44.9,44.9298,44.9,44.9298,968
2026-05-18 12:15:00,44.959,44.959,44.945,44.945,967
2026-05-18 12:20:00,44.97,44.975,44.91,44.91,4968
2026-05-18 12:25:00,44.925,44.925,44.84,44.84,3900
2026-05-18 12:30:00,44.84,44.89,44.83,44.89,605
2026-05-18 12:40:00,44.89,44.89,44.8583,44.8583,518
2026-05-18 12:50:00,44.9,44.9,44.84,44.86,10811
2026-05-18 12:55:00,44.9,44.9,44.9,44.9,213
2026-05-18 13:00:00,44.845,44.86,44.83,44.86,2692
2026-05-18 13:05:00,44.87,44.87,44.87,44.87,100
2026-05-18 13:15:00,44.89,44.9067,44.89,44.9067,400
2026-05-18 13:25:00,44.89,44.9,44.88,44.89,2995
2026-05-18 13:30:00,44.88,44.89,44.88,44.8899,600
2026-05-18 13:35:00,44.88,44.88,44.875,44.875,447
2026-05-18 13:40:00,44.91,44.91,44.91,44.91,964
2026-05-18 13:50:00,44.885,44.885,44.885,44.885,115
2026-05-18 13:55:00,44.86,44.86,44.86,44.86,715
2026-05-18 14:00:00,44.835,44.835,44.815,44.82,2308
2026-05-18 14:05:00,44.815,44.815,44.815,44.815,322
2026-05-18 14:10:00,44.7909,44.8299,44.7909,44.8299,278
2026-05-18 14:15:00,44.7842,44.79,44.7842,44.79,395
2026-05-18 14:20:00,44.77,44.77,44.75,44.75,775
2026-05-18 14:25:00,44.74,44.74,44.72,44.72,375
2026-05-18 14:30:00,44.755,44.78,44.755,44.78,353
2026-05-18 14:35:00,44.7899,44.7899,44.7899,44.7899,111
2026-05-18 14:40:00,44.7355,44.78,44.7089,44.78,1715
2026-05-18 14:45:00,44.77,44.77,44.71,44.71,877
2026-05-18 14:50:00,44.71,44.71,44.698,44.7,300
2026-05-18 14:55:00,44.71,44.71,44.68,44.68,1731
2026-05-18 15:00:00,44.7,44.95,44.7,44.95,3304
2026-05-18 15:05:00,44.9,44.9,44.86,44.8799,1600
2026-05-18 15:10:00,44.9,44.9,44.8606,44.8606,1250
2026-05-18 15:15:00,44.87,44.9,44.85,44.85,1161
2026-05-18 15:20:00,44.86,44.86,44.82,44.82,1398
2026-05-18 15:25:00,44.79,44.81,44.79,44.81,511
2026-05-18 15:30:00,44.82,44.87,44.8003,44.85,4034
2026-05-18 15:35:00,44.8799,44.9,44.8799,44.89,10202
2026-05-18 15:40:00,44.92,44.92,44.92,44.92,100
2026-05-18 15:45:00,44.955,44.96,44.955,44.96,700
2026-05-18 15:50:00,44.95,44.97,44.95,44.97,686
2026-05-18 15:55:00,44.9599,44.965,44.94,44.95,2604
2026-05-18 16:00:00,44.92,44.92,44.92,44.92,417
2026-05-19 09:30:00,44.66,44.66,44.27,44.44,6709
2026-05-19 09:35:00,44.55,44.58,44.49,44.5,4931
2026-05-19 09:40:00,44.503,44.503,44.44,44.44,2244
2026-05-19 09:45:00,44.495,44.5,44.495,44.5,2124
2026-05-19 09:50:00,44.45,44.525,44.449,44.525,2125
2026-05-19 09:55:00,44.545,44.5768,44.53,44.53,2555
2026-05-19 10:00:00,44.5299,44.5299,44.505,44.505,561
2026-05-19 10:05:00,44.505,44.505,44.4401,44.4614,856
2026-05-19 10:10:00,44.45,44.45,44.42,44.42,1500
2026-05-19 10:15:00,44.405,44.4336,44.405,44.4336,363
2026-05-19 10:25:00,44.35,44.37,44.35,44.358,300
2026-05-19 10:30:00,44.38,44.38,44.38,44.38,450
2026-05-19 10:35:00,44.395,44.417,44.395,44.41,4689
2026-05-19 10:40:00,44.4,44.43,44.4,44.43,1690
2026-05-19 10:45:00,44.398,44.398,44.3872,44.3872,1983
2026-05-19 10:50:00,44.36,44.36,44.355,44.355,834
2026-05-19 10:55:00,44.36,44.36,44.36,44.36,213
2026-05-19 11:00:00,44.455,44.48,44.455,44.48,269
2026-05-19 11:05:00,44.45,44.45,44.45,44.45,200
2026-05-19 11:10:00,44.455,44.4794,44.455,44.4794,1000
2026-05-19 11:15:00,44.47,44.5,44.46,44.5,1766
2026-05-19 11:20:00,44.5065,44.5065,44.5065,44.5065,660
2026-05-19 11:25:00,44.465,44.47,44.455,44.455,1580
2026-05-19 11:30:00,44.425,44.5281,44.425,44.47,1234
2026-05-19 11:35:00,44.489,44.489,44.458,44.458,1975
2026-05-19 11:40:00,44.5,44.52,44.4305,44.46,5388
2026-05-19 11:45:00,44.49,44.52,44.4855,44.52,469
2026-05-19 11:50:00,44.51,44.52,44.485,44.485,636
2026-05-19 11:55:00,44.49,44.51,44.49,44.51,200
2026-05-19 12:00:00,44.54,44.54,44.54,44.54,100
2026-05-19 12:20:00,44.5799,44.5799,44.565,44.575,1979
2026-05-19 12:25:00,44.63,44.63,44.63,44.63,100
2026-05-19 12:40:00,44.63,44.63,44.63,44.63,100
2026-05-19 12:50:00,44.67,44.6999,44.6,44.6999,2363
2026-05-19 12:55:00,44.675,44.69,44.675,44.69,370
2026-05-19 13:00:00,44.69,44.695,44.69,44.6931,625
2026-05-19 13:05:00,44.7,44.7,44.7,44.7,100
2026-05-19 13:10:00,44.7099,44.71,44.7099,44.71,257
2026-05-19 13:20:00,44.725,44.76,44.725,44.76,1773
2026-05-19 13:30:00,44.7,44.7,44.675,44.675,484
2026-05-19 13:35:00,44.655,44.69,44.655,44.655,1624
2026-05-19 13:40:00,44.67,44.67,44.67,44.67,447
2026-05-19 13:50:00,44.675,44.675,44.675,44.675,3338
2026-05-19 13:55:00,44.655,44.655,44.6449,44.6449,567
2026-05-19 14:00:00,44.7,44.7,44.7,44.7,100
2026-05-19 14:05:00,44.685,44.685,44.685,44.685,1605
2026-05-19 14:10:00,44.685,44.685,44.685,44.685,144
2026-05-19 14:15:00,44.67,44.67,44.67,44.67,1499
2026-05-19 14:20:00,44.67,44.67,44.65,44.65,351
2026-05-19 14:25:00,44.66,44.66,44.6303,44.6303,500
2026-05-19 14:30:00,44.64,44.64,44.605,44.605,547
2026-05-19 14:35:00,44.6155,44.6215,44.59,44.6214,1766
2026-05-19 14:40:00,44.64,44.64,44.64,44.64,225
2026-05-19 14:45:00,44.6699,44.6699,44.6699,44.6699,223
2026-05-19 14:50:00,44.62,44.62,44.62,44.62,337
2026-05-19 14:55:00,44.58,44.58,44.554,44.57,2183
2026-05-19 15:00:00,44.52,44.6099,44.52,44.565,803
2026-05-19 15:05:00,44.565,44.61,44.565,44.61,324
2026-05-19 15:20:00,44.615,44.615,44.52,44.57,6337
2026-05-19 15:25:00,44.535,44.618,44.4801,44.565,8828
2026-05-19 15:30:00,44.57,44.58,44.51,44.58,9347
2026-05-19 15:35:00,44.56,44.56,44.555,44.555,516
2026-05-19 15:40:00,44.57,44.57,44.57,44.57,253
2026-05-19 15:45:00,44.55,44.61,44.55,44.55,1697
2026-05-19 15:50:00,44.48,44.58,44.48,44.51,3043
2026-05-19 15:55:00,44.47,44.5196,44.41,44.45,3753
2026-05-19 16:00:00,44.44,44.44,44.44,44.44,1754
2026-05-20 09:30:00,44.56,44.56,44.5,44.5,3634
2026-05-20 09:35:00,44.574,44.5899,44.56,44.58,2234
2026-05-20 09:40:00,44.57,44.57,44.56,44.56,303
2026-05-20 09:45:00,44.58,44.58,44.58,44.58,250
2026-05-20 09:50:00,44.59,44.59,44.59,44.59,418
2026-05-20 09:55:00,44.5701,44.6062,44.5701,44.58,1815
2026-05-20 10:00:00,44.6,44.6,44.6,44.6,105
2026-05-20 10:05:00,44.58,44.58,44.58,44.58,100
2026-05-20 10:10:00,44.51,44.57,44.51,44.56,1500
2026-05-20 10:15:00,44.7,44.78,44.6651,44.6651,2370
2026-05-20 10:20:00,44.725,44.74,44.724,44.724,1926
2026-05-20 10:25:00,44.7498,44.7498,44.72,44.72,800
2026-05-20 10:30:00,44.79,44.8,44.75,44.75,3002
2026-05-20 10:35:00,44.7599,44.7599,44.74,44.74,719
2026-05-20 10:40:00,44.7592,44.7592,44.7592,44.7592,500
2026-05-20 10:45:00,44.75,44.7578,44.7413,44.7578,3341
2026-05-20 10:50:00,44.745,44.83,44.745,44.81,3755
2026-05-20 10:55:00,44.85,44.85,44.8,44.8,2801
2026-05-20 11:00:00,44.82,44.87,44.82,44.82,5222
2026-05-20 11:05:00,44.8299,44.8299,44.79,44.79,2052
2026-05-20 11:10:00,44.775,44.775,44.775,44.775,372
2026-05-20 11:15:00,44.81,44.995,44.81,44.905,4499
2026-05-20 11:20:00,44.91,44.91,44.89,44.89,400
2026-05-20 11:25:00,44.885,44.885,44.8,44.8,2401
2026-05-20 11:30:00,44.79,44.88,44.78,44.85,2859
2026-05-20 11:35:00,44.86,44.88,44.86,44.88,800
2026-05-20 11:40:00,44.91,44.92,44.905,44.91,2576
2026-05-20 11:45:00,44.9,44.9196,44.87,44.87,2452
2026-05-20 11:50:00,44.89,44.89,44.8699,44.8699,2570
2026-05-20 11:55:00,44.87,44.88,44.8391,44.8391,1064
2026-05-20 12:00:00,44.845,44.845,44.835,44.84,1103
2026-05-20 12:05:00,44.84,44.8799,44.84,44.854,1035
2026-05-20 12:10:00,44.86,44.8827,44.86,44.8827,211
2026-05-20 12:15:00,44.8592,44.865,44.8592,44.865,3613
2026-05-20 12:20:00,44.809,44.809,44.798,44.798,224
2026-05-20 12:30:00,44.79,44.79,44.79,44.79,610
2026-05-20 12:40:00,44.82,44.82,44.82,44.82,200
2026-05-20 12:45:00,44.85,44.85,44.83,44.835,799
2026-05-20 12:50:00,44.8,44.8,44.8,44.8,774
2026-05-20 12:55:00,44.82,44.8299,44.81,44.81,675
2026-05-20 13:00:00,44.84,44.84,44.79,44.79,3729
2026-05-20 13:05:00,44.78,44.81,44.78,44.81,2626
2026-05-20 13:10:00,44.81,44.835,44.8,44.835,2100
2026-05-20 13:15:00,44.84,44.85,44.81,44.82,48907
2026-05-20 13:20:00,44.8101,44.83,44.805,44.81,592
2026-05-20 13:25:00,44.82,44.83,44.82,44.83,300
2026-05-20 13:35:00,44.83,44.83,44.8201,44.8201,1539
2026-05-20 13:40:00,44.835,44.84,44.8001,44.84,1237
2026-05-20 13:45:00,44.825,44.825,44.825,44.825,1092
2026-05-20 13:50:00,44.8499,44.8499,44.79,44.79,472
2026-05-20 13:55:00,44.8,44.8,44.8,44.8,335
2026-05-20 14:15:00,44.81,44.81,44.81,44.81,103
2026-05-20 14:20:00,44.85,44.85,44.83,44.83,933
2026-05-20 14:25:00,44.8596,44.8596,44.8596,44.8596,677
2026-05-20 14:35:00,44.87,44.881,44.8518,44.881,626
2026-05-20 14:40:00,44.88,44.88,44.88,44.88,1193
2026-05-20 14:45:00,44.8671,44.8671,44.8671,44.8671,252
2026-05-20 14:50:00,44.88,44.9299,44.88,44.9299,1775
2026-05-20 14:55:00,44.88,44.93,44.88,44.885,2088
2026-05-20 15:00:00,44.9096,44.94,44.9096,44.94,6599
2026-05-20 15:05:00,44.91,44.91,44.91,44.91,200
2026-05-20 15:10:00,44.88,44.905,44.88,44.905,609
2026-05-20 15:15:00,44.9146,44.9146,44.91,44.91,781
2026-05-20 15:20:00,44.905,44.9295,44.905,44.9295,1255
2026-05-20 15:25:00,44.9,44.9,44.9,44.9,412
2026-05-20 15:35:00,44.9194,44.93,44.905,44.92,7497
2026-05-20 15:40:00,44.9273,44.9273,44.8901,44.92,1439
2026-05-20 15:45:00,44.91,44.93,44.8975,44.93,2160
2026-05-20 15:50:00,44.88,44.88,44.88,44.88,183
2026-05-20 15:55:00,44.896,44.896,44.86,44.86,1020
2026-05-20 16:00:00,44.86,44.86,44.86,44.86,102
2026-05-21 09:30:00,44.96,44.96,44.88,44.89,2865
2026-05-21 09:35:00,44.845,44.9,44.845,44.87,1771
2026-05-21 09:45:00,44.975,44.9834,44.905,44.9834,1923
2026-05-21 09:50:00,44.9703,45.085,44.9703,45.085,2167
2026-05-21 10:05:00,45.04,45.07,45.04,45.06,12242
2026-05-21 10:10:00,45.06,45.095,45.05,45.06,5144
2026-05-21 10:15:00,45.0294,45.0294,45.0294,45.0294,112
2026-05-21 10:20:00,44.98,45,44.98,45,2433
2026-05-21 10:30:00,45.03,45.04,45.03,45.04,500
2026-05-21 10:35:00,45.06,45.06,45.044,45.06,1600
2026-05-21 10:40:00,45.02,45.02,45.003,45.02,1820
2026-05-21 10:45:00,45,45.01,45,45.01,762
2026-05-21 10:50:00,45.0099,45.01,45.0099,45.01,407
2026-05-21 10:55:00,45.02,45.0319,45.02,45.0319,1927
2026-05-21 11:05:00,45,45,44.95,44.95,1139
2026-05-21 11:10:00,44.96,45.04,44.955,45.01,4150
2026-05-21 11:20:00,45,45,45,45,1184
2026-05-21 11:25:00,45.02,45.02,45.01,45.0197,5632
2026-05-21 11:30:00,45,45,45,45,400
2026-05-21 11:35:00,44.9699,44.98,44.9301,44.98,1213
2026-05-21 11:40:00,45.01,45.01,44.9801,44.9996,995
2026-05-21 11:45:00,45.0117,45.0299,44.9801,44.9801,3523
2026-05-21 11:50:00,45.01,45.01,44.985,44.985,610
2026-05-21 11:55:00,45.0098,45.02,45.0098,45.02,2132
2026-05-21 12:00:00,45.005,45.005,45.005,45.005,361
2026-05-21 12:05:00,45.04,45.05,45.03,45.04,6351
2026-05-21 12:10:00,45.04,45.04,45,45,34516
2026-05-21 12:15:00,45,45.0098,45,45.0098,200
2026-05-21 12:20:00,44.99,44.99,44.985,44.985,50185
2026-05-21 12:25:00,45.015,45.02,44.99,44.99,49969
2026-05-21 12:30:00,45.03,45.03,45.03,45.03,175465
2026-05-21 12:35:00,45.02,45.02,45.01,45.01,50000
2026-05-21 12:40:00,45.02,45.03,44.99,44.99,111600
2026-05-21 12:55:00,45.015,45.02,45.015,45.02,762
2026-05-21 13:00:00,45.02,45.02,45.02,45.02,300
2026-05-21 13:05:00,45.02,45.02,45.02,45.02,189
2026-05-21 13:10:00,45.11,45.13,45.08,45.12,3992
2026-05-21 13:15:00,45.14,45.255,45.14,45.16,10237
2026-05-21 13:20:00,45.215,45.24,45.21,45.22,3742
2026-05-21 13:25:00,45.22,45.22,45.208,45.208,200
2026-05-21 13:30:00,45.26,45.26,45.26,45.26,100
2026-05-21 13:35:00,45.275,45.3,45.275,45.285,1263
2026-05-21 13:40:00,45.295,45.32,45.29,45.29,3472
2026-05-21 13:50:00,45.31,45.34,45.3,45.34,7540
2026-05-21 13:55:00,45.34,45.34,45.3,45.31,744
2026-05-21 14:00:00,45.32,45.32,45.2315,45.2315,673
2026-05-21 14:10:00,45.3,45.3,45.27,45.2801,1181
2026-05-21 14:15:00,45.29,45.29,45.29,45.29,127
2026-05-21 14:20:00,45.32,45.32,45.31,45.31,800
2026-05-21 14:25:00,45.3,45.31,45.3,45.3,2504
2026-05-21 14:35:00,45.3,45.3,45.29,45.29,483
2026-05-21 14:40:00,45.3,45.3199,45.3,45.3199,761
2026-05-21 14:45:00,45.3006,45.3006,45.24,45.24,7941
2026-05-21 14:50:00,45.24,45.24,45.17,45.18,991
2026-05-21 14:55:00,45.11,45.11,45.0901,45.0901,629
2026-05-21 15:05:00,45.175,45.22,45.16,45.22,6812
2026-05-21 15:10:00,45.22,45.22,45.2001,45.22,3195
2026-05-21 15:15:00,45.2432,45.245,45.2201,45.245,322
2026-05-21 15:20:00,45.25,45.27,45.25,45.26,4132
2026-05-21 15:25:00,45.255,45.2697,45.24,45.24,1780
2026-05-21 15:30:00,45.24,45.26,45.24,45.26,401
2026-05-21 15:35:00,45.26,45.2799,45.26,45.2799,540
2026-05-21 15:40:00,45.25,45.25,45.22,45.22,376
2026-05-21 15:45:00,45.2258,45.25,45.2258,45.245,900
2026-05-21 15:50:00,45.24,45.24,45.1912,45.21,682
2026-05-21 15:55:00,45.19,45.27,45.19,45.24,9929
2026-05-21 16:00:00,45.25,45.25,45.25,45.25,511
2026-05-22 09:30:00,45.17,45.17,45,45.07,6244
2026-05-22 09:35:00,45.08,45.09,45.07,45.07,3432
2026-05-22 09:40:00,45.08,45.105,45.02,45.02,3653
2026-05-22 09:45:00,45.045,45.06,45.025,45.036,1246
2026-05-22 09:50:00,45.06,45.0683,45.06,45.06,1631
2026-05-22 10:00:00,45.065,45.065,45.065,45.065,200
2026-05-22 10:05:00,44.95,44.9504,44.95,44.9504,361
2026-05-22 10:10:00,44.96,44.96,44.95,44.95,555
2026-05-22 10:15:00,44.96,44.96,44.95,44.95,300
2026-05-22 10:20:00,44.955,44.96,44.9499,44.9499,851
2026-05-22 10:25:00,44.955,44.97,44.955,44.97,812
2026-05-22 10:30:00,44.99,45.0097,44.99,45.0097,267
2026-05-22 10:40:00,45.02,45.02,45,45.02,908
2026-05-22 10:45:00,45.02,45.02,45.02,45.02,100
2026-05-22 10:50:00,45,45,44.9901,45,521
2026-05-22 10:55:00,45.01,45.01,45.01,45.01,100
2026-05-22 11:00:00,44.985,45.02,44.985,45,7059
2026-05-22 11:10:00,45.015,45.015,45.015,45.015,157
2026-05-22 11:15:00,45.03,45.03,45.0101,45.0101,446
2026-05-22 11:20:00,45.034,45.034,45.034,45.034,263
2026-05-22 11:25:00,45.02,45.0234,45.01,45.02,2569
2026-05-22 11:30:00,45.03,45.05,45,45,691
2026-05-22 11:35:00,44.9951,45.01,44.995,45.01,665
2026-05-22 11:50:00,45.003,45.003,45.003,45.003,356
2026-05-22 11:55:00,44.96,44.96,44.96,44.96,3241
2026-05-22 12:00:00,44.98,44.98,44.98,44.98,100
2026-05-22 12:10:00,44.9708,44.99,44.9708,44.99,1426
2026-05-22 12:15:00,44.97,44.97,44.955,44.955,777
2026-05-22 12:25:00,44.98,44.98,44.98,44.98,100
2026-05-22 12:30:00,44.97,44.97,44.97,44.97,100
2026-05-22 12:40:00,44.9601,44.985,44.9601,44.985,1147
2026-05-22 12:45:00,44.9901,44.9901,44.9901,44.9901,217
2026-05-22 12:50:00,45.01,45.01,44.99,44.99,1152
2026-05-22 12:55:00,45,45,44.9431,44.98,1100
2026-05-22 13:00:00,44.98,45,44.98,44.99,490
2026-05-22 13:10:00,45,45,44.98,44.98,660
2026-05-22 13:15:00,44.98,44.98,44.95,44.95,360
2026-05-22 13:20:00,44.96,44.96,44.93,44.9451,3300
2026-05-22 13:25:00,44.98,45.045,44.98,45.045,2260
2026-05-22 13:30:00,45.045,45.045,45.01,45.02,776
2026-05-22 13:35:00,45.01,45.01,45,45,2596
2026-05-22 13:45:00,45.005,45.02,45.005,45.02,525
2026-05-22 13:50:00,45.005,45.005,45.005,45.005,632
2026-05-22 13:55:00,45.02,45.03,45.02,45.03,1096
2026-05-22 14:00:00,45.02,45.02,45.01,45.01,1900
2026-05-22 14:05:00,45.015,45.015,45.015,45.015,1162
2026-05-22 14:15:00,45.005,45.015,44.995,45.015,665
2026-05-22 14:20:00,45.01,45.02,45.01,45.02,599
2026-05-22 14:25:00,45.015,45.015,45.015,45.015,500
2026-05-22 14:30:00,45.01,45.01,45.01,45.01,151
2026-05-22 14:35:00,45.0067,45.06,45.005,45.04,2631
2026-05-22 14:40:00,45.07,45.07,45.005,45.005,1233
2026-05-22 14:45:00,45.005,45.005,44.99,44.99,520
2026-05-22 14:55:00,45.015,45.02,45.015,45.0199,1161
2026-05-22 15:00:00,44.98,44.98,44.93,44.93,10549
2026-05-22 15:10:00,44.96,44.96,44.96,44.96,160
2026-05-22 15:15:00,44.97,44.97,44.97,44.97,100
2026-05-22 15:20:00,44.968,44.975,44.968,44.975,2362
2026-05-22 15:30:00,44.9469,44.9469,44.945,44.945,364
2026-05-22 15:40:00,44.96,44.96,44.9,44.9,925
2026-05-22 15:45:00,44.91,44.91,44.91,44.91,100
2026-05-22 15:50:00,44.9,44.9,44.87,44.87,969
2026-05-22 15:55:00,44.91,44.95,44.88,44.95,4200
2026-05-22 16:00:00,44.88,44.88,44.88,44.88,381