2026-03-23 09:30:00,91.28,91.49,91.28,91.49,558
2026-03-23 09:35:00,92.0052,92.0052,92.0052,92.0052,100
2026-03-23 09:40:00,92.119,92.119,92.0043,92.0043,616
2026-03-23 09:45:00,92.1,92.1,92.1,92.1,519
2026-03-23 09:50:00,92.34,92.34,92.34,92.34,117
2026-03-23 10:05:00,92.25,92.26,92.25,92.26,200
2026-03-23 10:10:00,92.56,92.56,92.56,92.56,200
2026-03-23 10:15:00,92.685,92.685,92.685,92.685,100
2026-03-23 10:20:00,92.81,92.9,92.81,92.9,952
2026-03-23 10:25:00,92.77,92.77,92.77,92.77,215
2026-03-23 10:35:00,92.5501,92.5501,92.5501,92.5501,125
2026-03-23 10:45:00,92.6,92.6,92.6,92.6,150
2026-03-23 10:50:00,92.46,92.46,92.46,92.46,100
2026-03-23 11:00:00,92.77,92.77,92.7301,92.7301,266
2026-03-23 11:15:00,92.74,92.74,92.74,92.74,615
2026-03-23 11:20:00,92.59,92.6785,92.59,92.6785,211
2026-03-23 11:25:00,92.6172,92.6172,92.6172,92.6172,100
2026-03-23 11:45:00,91.8272,91.8272,91.8272,91.8272,200
2026-03-23 11:50:00,91.895,91.895,91.895,91.895,1338
2026-03-23 11:55:00,91.49,91.49,91.49,91.49,200
2026-03-23 12:00:00,91.465,91.465,91.465,91.465,125
2026-03-23 12:10:00,91.82,91.83,91.7592,91.7592,1204
2026-03-23 12:20:00,91.625,91.625,91.625,91.625,100
2026-03-23 12:25:00,91.505,91.505,91.505,91.505,100
2026-03-23 12:35:00,91.72,91.72,91.59,91.59,18899
2026-03-23 12:40:00,91.545,91.6,91.545,91.6,532
2026-03-23 12:55:00,91.565,91.565,91.45,91.45,566
2026-03-23 13:00:00,91.55,91.55,91.55,91.55,100
2026-03-23 13:15:00,91.47,91.47,91.47,91.47,151
2026-03-23 13:20:00,91.365,91.3977,91.365,91.37,521
2026-03-23 13:30:00,91.64,91.69,91.64,91.64,700
2026-03-23 13:35:00,91.99,91.99,91.96,91.96,272
2026-03-23 13:45:00,91.8,91.8,91.8,91.8,3228
2026-03-23 13:50:00,91.89,91.915,91.89,91.915,263
2026-03-23 13:55:00,91.935,91.935,91.935,91.935,152
2026-03-23 14:00:00,92.09,92.18,92.09,92.18,1228
2026-03-23 14:15:00,92.075,92.075,92.075,92.075,492
2026-03-23 14:25:00,92.125,92.1304,92.125,92.1304,536
2026-03-23 14:30:00,92.11,92.11,92.11,92.11,175
2026-03-23 14:45:00,92.38,92.38,92.38,92.38,300
2026-03-23 14:50:00,92.32,92.3351,92.32,92.3351,232
2026-03-23 14:55:00,92.36,92.41,92.36,92.41,1060
2026-03-23 15:00:00,92.34,92.34,92.34,92.34,100
2026-03-23 15:05:00,92.3999,92.4,92.3999,92.4,1687
2026-03-23 15:15:00,92.23,92.23,92.23,92.23,5500
2026-03-23 15:20:00,92.31,92.31,92.31,92.31,204
2026-03-23 15:25:00,92.3,92.3,92.3,92.3,200
2026-03-23 15:40:00,92.27,92.285,92.27,92.285,349
2026-03-23 15:45:00,92.3351,92.3351,92.3351,92.3351,193
2026-03-23 15:50:00,92.22,92.22,92.22,92.22,200
2026-03-23 15:55:00,92.1,92.1099,92.05,92.05,669
2026-03-23 16:00:00,91.98,91.98,91.98,91.98,489
2026-03-24 09:30:00,91.33,91.33,91.33,91.33,1924
2026-03-24 09:35:00,90.73,90.73,90.605,90.605,596
2026-03-24 09:40:00,90.36,90.36,90.36,90.36,150
2026-03-24 09:45:00,90.2731,90.2731,90.2731,90.2731,200
2026-03-24 09:50:00,89.99,89.9993,89.9402,89.9993,420
2026-03-24 09:55:00,90.145,90.145,90.145,90.145,200
2026-03-24 10:15:00,89.855,89.855,89.855,89.855,265
2026-03-24 10:35:00,89.9955,89.9955,89.91,89.91,265
2026-03-24 10:40:00,89.99,90.0899,89.99,90.0899,520
2026-03-24 10:50:00,89.908,90.32,89.908,90.32,807
2026-03-24 10:55:00,90.28,90.28,90.01,90.01,989
2026-03-24 11:00:00,90.36,90.36,90.36,90.36,280
2026-03-24 11:05:00,90.32,90.32,90.32,90.32,163
2026-03-24 11:10:00,90.345,90.345,90.345,90.345,114
2026-03-24 11:15:00,90.43,90.43,90.415,90.415,265
2026-03-24 11:20:00,90.5,90.605,90.4801,90.605,443
2026-03-24 11:25:00,90.7,90.7,90.7,90.7,271
2026-03-24 11:35:00,90.51,90.51,90.51,90.51,193
2026-03-24 11:45:00,90.4,90.4,90.4,90.4,100
2026-03-24 12:00:00,90.175,90.205,90.175,90.205,484
2026-03-24 12:20:00,90.31,90.31,90.31,90.31,113
2026-03-24 12:35:00,90.22,90.22,90.22,90.22,100
2026-03-24 12:50:00,90.315,90.315,90.315,90.315,217
2026-03-24 13:00:00,90.0186,90.0186,90.0186,90.0186,100
2026-03-24 13:05:00,89.9,89.9,89.9,89.9,189
2026-03-24 13:15:00,89.805,89.805,89.805,89.805,158
2026-03-24 13:20:00,89.8,89.8,89.8,89.8,309
2026-03-24 13:25:00,89.785,89.785,89.785,89.785,504
2026-03-24 13:35:00,89.87,89.94,89.87,89.94,510
2026-03-24 13:50:00,89.96,89.96,89.96,89.96,115
2026-03-24 13:55:00,90.15,90.15,90.06,90.15,408
2026-03-24 14:00:00,90.1601,90.1601,90.1601,90.1601,310
2026-03-24 14:15:00,90.1305,90.22,90.1305,90.22,360
2026-03-24 15:00:00,90.355,90.45,90.355,90.45,995
2026-03-24 15:05:00,90.4573,90.4573,90.4,90.4,208
2026-03-24 15:10:00,90.37,90.39,90.37,90.39,500
2026-03-24 15:20:00,90.38,90.38,90.38,90.38,100
2026-03-24 15:30:00,90.29,90.29,90.29,90.29,100
2026-03-24 15:35:00,90.28,90.2825,90.2496,90.2825,2364
2026-03-24 15:45:00,90.1789,90.1789,90.12,90.12,300
2026-03-24 15:55:00,90.05,90.1,89.99,90.1,699
2026-03-24 16:00:00,90.11,90.11,90.11,90.11,135
2026-03-25 09:30:00,91.37,91.37,91.3486,91.3486,664
2026-03-25 09:35:00,91.54,91.6445,91.54,91.6445,213
2026-03-25 09:40:00,91.2905,91.365,91.2905,91.365,458
2026-03-25 09:45:00,91.257,91.257,91.257,91.257,400
2026-03-25 10:00:00,91.015,91.015,91.015,91.015,203
2026-03-25 10:20:00,91.2769,91.2769,91.2769,91.2769,1662
2026-03-25 10:25:00,91.14,91.145,91.14,91.145,200
2026-03-25 10:35:00,91.22,91.22,91.22,91.22,904
2026-03-25 10:40:00,91.22,91.22,91.15,91.21,544
2026-03-25 10:50:00,91.265,91.265,91.14,91.14,617
2026-03-25 11:00:00,91.12,91.175,91.12,91.175,234
2026-03-25 11:10:00,90.62,90.62,90.62,90.62,258
2026-03-25 11:15:00,90.45,90.45,90.2399,90.26,764
2026-03-25 11:20:00,90.5847,90.5847,90.5847,90.5847,299
2026-03-25 11:40:00,90.525,90.525,90.3487,90.3487,210
2026-03-25 11:45:00,90.42,90.42,90.42,90.42,200
2026-03-25 11:50:00,90.36,90.36,90.36,90.36,218
2026-03-25 11:55:00,90.36,90.36,90.36,90.36,100
2026-03-25 12:00:00,90.44,90.44,90.44,90.44,100
2026-03-25 12:20:00,90.44,90.44,90.44,90.44,1000
2026-03-25 12:35:00,90.65,90.65,90.65,90.65,100
2026-03-25 13:35:00,90.8,90.8099,90.73,90.75,10520
2026-03-25 13:40:00,90.93,90.93,90.93,90.93,400
2026-03-25 13:45:00,90.88,90.88,90.88,90.88,500
2026-03-25 13:50:00,90.8,90.8,90.8,90.8,245
2026-03-25 14:05:00,90.76,90.76,90.76,90.76,392
2026-03-25 14:50:00,90.5101,90.5101,90.5101,90.5101,614
2026-03-25 15:00:00,90.32,90.32,90.32,90.32,771
2026-03-25 15:15:00,90.4389,90.4389,90.4389,90.4389,200
2026-03-25 15:45:00,90.4,90.4,90.4,90.4,333
2026-03-25 15:50:00,90.42,90.455,90.42,90.455,686
2026-03-25 15:55:00,90.5,90.5,90.5,90.5,358
2026-03-25 16:00:00,90.52,90.52,90.52,90.52,122
2026-03-26 09:30:00,89.28,89.36,89.28,89.36,3828
2026-03-26 09:35:00,89.49,89.49,89.49,89.49,100
2026-03-26 09:40:00,89.39,89.39,89.39,89.39,100
2026-03-26 10:00:00,89.77,89.77,89.77,89.77,100
2026-03-26 10:05:00,89.76,89.94,89.76,89.94,500
2026-03-26 10:15:00,89.7999,89.81,89.7999,89.81,408
2026-03-26 10:30:00,89.69,89.69,89.665,89.665,304
2026-03-26 10:35:00,89.705,89.7193,89.6531,89.6531,434
2026-03-26 10:40:00,89.74,89.74,89.34,89.34,2096
2026-03-26 10:45:00,89.23,89.32,89.17,89.32,1112
2026-03-26 10:50:00,89.24,89.24,89.19,89.19,1003
2026-03-26 10:55:00,89.02,89.27,88.97,89.2593,1027
2026-03-26 11:05:00,89.19,89.24,89.16,89.18,1468
2026-03-26 11:10:00,89.175,89.2051,89.175,89.2051,964
2026-03-26 11:25:00,89.163,89.2191,89.16,89.16,523
2026-03-26 11:45:00,89.39,89.39,89.3488,89.3488,849
2026-03-26 12:10:00,89.16,89.16,89.16,89.16,336
2026-03-26 12:15:00,89,89,89,89,170
2026-03-26 12:25:00,88.87,88.87,88.84,88.84,300
2026-03-26 12:30:00,88.745,88.745,88.6301,88.6301,1062
2026-03-26 12:35:00,88.775,88.775,88.775,88.775,100
2026-03-26 12:40:00,88.74,88.74,88.74,88.74,149
2026-03-26 12:50:00,88.655,88.66,88.605,88.66,470
2026-03-26 13:00:00,88.73,88.73,88.73,88.73,100
2026-03-26 13:10:00,88.675,88.675,88.675,88.675,180
2026-03-26 13:20:00,88.6473,88.6473,88.6473,88.6473,220
2026-03-26 13:25:00,88.57,88.57,88.57,88.57,249
2026-03-26 13:30:00,88.65,88.65,88.65,88.65,100
2026-03-26 13:35:00,88.64,88.64,88.64,88.64,142
2026-03-26 13:40:00,88.56,88.56,88.56,88.56,300
2026-03-26 13:45:00,88.41,88.435,88.3801,88.41,8520
2026-03-26 13:50:00,88.345,88.345,88.2539,88.255,1024
2026-03-26 14:00:00,88.315,88.315,88.315,88.315,100
2026-03-26 14:10:00,88.26,88.335,88.26,88.335,1048
2026-03-26 14:20:00,88.31,88.31,88.31,88.31,100
2026-03-26 14:25:00,88.3,88.3,88.25,88.25,1129
2026-03-26 14:30:00,88.235,88.235,88.235,88.235,165
2026-03-26 14:40:00,88.32,88.34,88.32,88.34,200
2026-03-26 14:45:00,88.3038,88.3038,88.3,88.3,685
2026-03-26 15:00:00,88.37,88.37,88.37,88.37,1137
2026-03-26 15:05:00,88.3251,88.3251,88.3251,88.3251,165
2026-03-26 15:10:00,88.17,88.1882,88.16,88.16,3208
2026-03-26 15:20:00,88.22,88.22,88.22,88.22,255
2026-03-26 15:25:00,88.17,88.17,88.16,88.16,1106
2026-03-26 15:35:00,88.225,88.225,88.225,88.225,187
2026-03-26 15:50:00,88.01,88.01,88.01,88.01,200
2026-03-26 15:55:00,88.01,88.04,87.96,88.04,563
2026-03-26 16:00:00,87.96,87.96,87.96,87.96,171
2026-03-26 16:10:00,88,88,88,88,100
2026-03-26 17:05:00,89.9429,89.9429,89.9429,89.9429,100
2026-03-27 09:30:00,87.04,87.04,86.92,86.92,1896
2026-03-27 09:35:00,86.67,86.8,86.47,86.8,731
2026-03-27 09:40:00,86.75,86.75,86.75,86.75,150
2026-03-27 09:55:00,86.165,86.1798,86.12,86.1798,393
2026-03-27 10:00:00,86.2199,86.2199,86.2199,86.2199,2350
2026-03-27 10:05:00,85.98,85.98,85.98,85.98,295
2026-03-27 10:30:00,86.1699,86.1699,86.1699,86.1699,250
2026-03-27 10:35:00,86.06,86.06,86.06,86.06,250
2026-03-27 10:45:00,86.211,86.3201,86.211,86.3201,270
2026-03-27 10:55:00,86.315,86.315,86.315,86.315,157
2026-03-27 11:00:00,86.46,86.49,86.46,86.49,708
2026-03-27 11:10:00,86.515,86.515,86.515,86.515,100
2026-03-27 11:15:00,86.37,86.37,86.3,86.3,214
2026-03-27 11:20:00,86.62,86.62,86.62,86.62,100
2026-03-27 11:25:00,86.58,86.6,86.58,86.585,379
2026-03-27 11:30:00,86.785,86.785,86.785,86.785,261
2026-03-27 11:35:00,86.755,86.755,86.69,86.69,803
2026-03-27 11:40:00,86.53,86.53,86.53,86.53,109
2026-03-27 11:45:00,86.6452,86.6452,86.6452,86.6452,1296
2026-03-27 11:50:00,86.7286,86.7286,86.63,86.63,443
2026-03-27 11:55:00,86.6001,86.6001,86.6001,86.6001,100
2026-03-27 12:05:00,86.38,86.38,86.38,86.38,100
2026-03-27 12:10:00,86.355,86.375,86.355,86.375,428
2026-03-27 12:15:00,86.355,86.355,86.355,86.355,241
2026-03-27 12:35:00,86.1,86.1002,86.1,86.1002,373
2026-03-27 12:40:00,86.1,86.1894,86.0301,86.1894,3237
2026-03-27 13:00:00,86.15,86.2,86.15,86.2,217
2026-03-27 13:05:00,86.17,86.39,86.17,86.23,517
2026-03-27 13:10:00,86.2,86.21,86.2,86.21,200
2026-03-27 13:15:00,86.06,86.06,86.04,86.04,862
2026-03-27 13:20:00,86,86,86,86,230
2026-03-27 13:25:00,85.995,85.995,85.875,85.875,2268
2026-03-27 13:40:00,85.8119,85.8119,85.8119,85.8119,100
2026-03-27 13:45:00,85.795,85.8299,85.785,85.8076,784
2026-03-27 13:50:00,85.82,85.82,85.82,85.82,313
2026-03-27 13:55:00,85.79,85.79,85.735,85.735,518
2026-03-27 14:00:00,85.795,85.795,85.795,85.795,301
2026-03-27 14:05:00,85.7437,85.7437,85.6907,85.6907,762
2026-03-27 14:10:00,85.73,85.73,85.73,85.73,938
2026-03-27 14:15:00,85.855,85.855,85.855,85.855,200
2026-03-27 14:20:00,85.99,85.99,85.99,85.99,100
2026-03-27 14:25:00,85.9299,85.9299,85.9299,85.9299,592
2026-03-27 14:35:00,85.935,85.95,85.935,85.95,450
2026-03-27 14:40:00,86.05,86.11,85.95,85.95,675
2026-03-27 14:45:00,85.915,85.915,85.915,85.915,1749
2026-03-27 14:50:00,85.8,85.84,85.8,85.84,975
2026-03-27 14:55:00,85.84,85.84,85.815,85.83,951
2026-03-27 15:05:00,85.7199,85.7199,85.7199,85.7199,100
2026-03-27 15:10:00,85.7182,85.7182,85.7182,85.7182,185
2026-03-27 15:15:00,85.8,85.8,85.8,85.8,166
2026-03-27 15:20:00,85.84,85.87,85.84,85.87,2642
2026-03-27 15:25:00,85.8001,85.83,85.8001,85.83,2740
2026-03-27 15:30:00,85.91,85.91,85.91,85.91,133
2026-03-27 15:35:00,85.8376,85.841,85.8376,85.841,378
2026-03-27 15:40:00,85.7799,85.7799,85.705,85.705,1285
2026-03-27 15:50:00,85.73,85.73,85.73,85.73,277
2026-03-27 15:55:00,85.83,85.83,85.77,85.774,2443
2026-03-27 16:00:00,85.77,85.77,85.77,85.77,179
2026-03-30 09:30:00,86.34,86.6061,86.34,86.6061,798
2026-03-30 09:40:00,86.0799,86.0799,86.0799,86.0799,112
2026-03-30 09:50:00,85.77,85.81,85.77,85.81,424
2026-03-30 09:55:00,85.4,85.4,85.4,85.4,200
2026-03-30 10:00:00,85.5019,85.5019,85.5019,85.5019,508
2026-03-30 10:05:00,85.49,85.49,85.49,85.49,150
2026-03-30 10:15:00,85.715,85.735,85.715,85.735,315
2026-03-30 10:20:00,85.77,85.77,85.77,85.77,100
2026-03-30 10:25:00,85.79,85.79,85.68,85.68,337
2026-03-30 10:35:00,85.55,85.55,85.55,85.55,112
2026-03-30 10:45:00,85.32,85.525,85.32,85.525,409
2026-03-30 10:50:00,85.425,85.51,85.425,85.51,395
2026-03-30 10:55:00,85.76,85.76,85.76,85.76,100
2026-03-30 11:00:00,85.9301,85.9301,85.9301,85.9301,116
2026-03-30 11:05:00,85.785,85.785,85.785,85.785,200
2026-03-30 11:15:00,85.58,85.58,85.58,85.58,546
2026-03-30 11:20:00,85.599,85.599,85.599,85.599,159
2026-03-30 11:30:00,85.8,85.8,85.8,85.8,273
2026-03-30 11:35:00,85.9041,85.93,85.9041,85.93,378
2026-03-30 12:10:00,85.86,85.86,85.85,85.85,510
2026-03-30 12:25:00,85.525,85.525,85.525,85.525,100
2026-03-30 12:30:00,85.5477,85.5477,85.5477,85.5477,100
2026-03-30 12:35:00,85.505,85.505,85.505,85.505,278
2026-03-30 12:40:00,85.5,85.5,85.5,85.5,100
2026-03-30 12:50:00,85.49,85.54,85.49,85.54,624
2026-03-30 12:55:00,85.415,85.415,85.415,85.415,116
2026-03-30 13:00:00,85.446,85.446,85.446,85.446,162
2026-03-30 13:05:00,85.39,85.39,85.39,85.39,155
2026-03-30 13:15:00,85.23,85.23,85.1146,85.17,4388
2026-03-30 13:20:00,85.155,85.155,85.155,85.155,100
2026-03-30 13:25:00,85.01,85.01,85.01,85.01,100
2026-03-30 13:30:00,85,85,84.96,84.96,949
2026-03-30 13:40:00,85.12,85.12,85.12,85.12,562
2026-03-30 13:45:00,85.12,85.21,85.12,85.21,225
2026-03-30 13:50:00,85.0706,85.0726,85.05,85.0681,842
2026-03-30 14:05:00,84.92,84.92,84.92,84.92,1180
2026-03-30 14:15:00,84.86,84.86,84.86,84.86,1125
2026-03-30 14:20:00,84.96,84.96,84.96,84.96,682
2026-03-30 14:25:00,84.78,84.78,84.78,84.78,442
2026-03-30 14:30:00,84.82,84.82,84.82,84.82,474
2026-03-30 14:35:00,84.92,84.92,84.7901,84.7901,1500
2026-03-30 14:45:00,84.8,84.8,84.8,84.8,100
2026-03-30 14:55:00,84.641,84.641,84.6101,84.6101,504
2026-03-30 15:05:00,84.55,84.55,84.4301,84.4301,1082
2026-03-30 15:15:00,84.32,84.32,84.32,84.32,100
2026-03-30 15:25:00,84.345,84.345,84.345,84.345,292
2026-03-30 15:35:00,84.5,84.5,84.5,84.5,107
2026-03-30 15:45:00,84.6268,84.7,84.6268,84.7,1829
2026-03-30 15:50:00,84.68,84.7606,84.68,84.7606,2292
2026-03-30 15:55:00,84.87,84.87,84.79,84.84,6497
2026-03-30 16:00:00,84.91,84.91,84.91,84.91,11801
2026-03-31 09:30:00,85.89,86.0971,85.89,86.0971,2663
2026-03-31 09:45:00,86.1,86.39,86.1,86.39,514
2026-03-31 09:50:00,86.53,86.6,86.53,86.6,232
2026-03-31 09:55:00,86.64,86.64,86.64,86.64,209
2026-03-31 10:00:00,86.688,86.77,86.688,86.77,400
2026-03-31 10:05:00,86.56,86.56,86.56,86.56,117
2026-03-31 10:20:00,86.68,86.75,86.68,86.75,243
2026-03-31 10:30:00,86.91,86.91,86.82,86.82,207
2026-03-31 10:55:00,86.18,86.245,86.18,86.245,547
2026-03-31 11:00:00,86.295,86.3993,86.295,86.38,547
2026-03-31 11:05:00,86.58,86.58,86.58,86.58,100
2026-03-31 11:20:00,86.65,86.65,86.65,86.65,107
2026-03-31 11:30:00,86.565,86.565,86.535,86.535,445
2026-03-31 11:35:00,86.56,86.64,86.56,86.64,601
2026-03-31 11:40:00,86.505,86.505,86.505,86.505,149
2026-03-31 11:45:00,86.44,86.44,86.44,86.44,500
2026-03-31 11:50:00,86.59,86.59,86.59,86.59,263
2026-03-31 11:55:00,86.41,86.41,86.41,86.41,117
2026-03-31 12:00:00,86.4302,86.4302,86.4302,86.4302,800
2026-03-31 12:10:00,86.4401,86.4401,86.4401,86.4401,700
2026-03-31 12:15:00,86.74,86.74,86.68,86.68,524
2026-03-31 12:20:00,86.67,86.67,86.67,86.67,305
2026-03-31 12:30:00,86.75,86.7779,86.75,86.7779,650
2026-03-31 12:35:00,86.94,87.18,86.94,87.18,414
2026-03-31 12:40:00,87.43,87.43,87.43,87.43,100
2026-03-31 12:45:00,87.78,87.93,87.78,87.93,300
2026-03-31 12:50:00,87.79,87.79,87.79,87.79,200
2026-03-31 13:00:00,87.93,87.93,87.93,87.93,200
2026-03-31 13:10:00,87.9251,87.9251,87.9251,87.9251,135
2026-03-31 13:15:00,88.15,88.19,88.15,88.19,346
2026-03-31 13:20:00,88.2611,88.2611,88.2611,88.2611,235
2026-03-31 13:30:00,88.195,88.195,88.195,88.195,107
2026-03-31 13:35:00,88.29,88.29,88.29,88.29,132
2026-03-31 13:40:00,87.77,87.77,87.77,87.77,512
2026-03-31 14:05:00,88.0157,88.0157,88.0157,88.0157,175
2026-03-31 14:25:00,87.9532,88.084,87.9532,88.084,672
2026-03-31 14:30:00,88.0321,88.034,88.03,88.03,411
2026-03-31 14:40:00,88.0776,88.1009,88.0776,88.1009,832
2026-03-31 14:50:00,88.205,88.205,88.205,88.205,1138
2026-03-31 14:55:00,88.25,88.25,88.25,88.25,226
2026-03-31 15:00:00,88.25,88.2699,88.18,88.1905,2370
2026-03-31 15:05:00,88.1,88.1104,88.095,88.1104,2058
2026-03-31 15:10:00,88.236,88.25,88.236,88.242,1238
2026-03-31 15:25:00,88.24,88.24,88.24,88.24,200
2026-03-31 15:30:00,88.33,88.33,88.25,88.25,223
2026-03-31 15:35:00,88.31,88.335,88.31,88.335,454
2026-03-31 15:40:00,88.31,88.31,88.31,88.31,200
2026-03-31 15:45:00,88.3386,88.395,88.3386,88.395,400
2026-03-31 15:55:00,88.26,88.35,88.26,88.34,1076
2026-03-31 16:00:00,88.38,88.38,88.38,88.38,151
2026-04-01 09:30:00,89.26,89.26,89.26,89.26,786
2026-04-01 09:35:00,89.3395,89.3395,89.31,89.31,614
2026-04-01 09:40:00,89.295,89.295,89.295,89.295,169
2026-04-01 09:45:00,88.61,88.61,88.5,88.5,449
2026-04-01 09:50:00,88.76,88.76,88.76,88.76,656
2026-04-01 10:15:00,89.2326,89.2326,89.2326,89.2326,250
2026-04-01 10:20:00,89.29,89.325,89.28,89.325,300
2026-04-01 10:25:00,89.245,89.245,89.245,89.245,102
2026-04-01 10:30:00,89.3699,89.3699,89.085,89.085,754
2026-04-01 10:35:00,89.29,89.29,89.29,89.29,200
2026-04-01 10:45:00,89.245,89.295,89.245,89.295,508
2026-04-01 10:50:00,89.435,89.435,89.435,89.435,502
2026-04-01 11:00:00,89.51,89.51,89.51,89.51,109
2026-04-01 11:10:00,89.59,89.59,89.59,89.59,390
2026-04-01 11:15:00,89.505,89.58,89.505,89.58,303
2026-04-01 11:20:00,89.58,89.58,89.58,89.58,193
2026-04-01 11:25:00,89.5651,89.5651,89.5651,89.5651,105
2026-04-01 11:40:00,89.645,89.645,89.645,89.645,150
2026-04-01 11:45:00,89.795,89.795,89.795,89.795,100
2026-04-01 11:50:00,89.745,89.78,89.745,89.78,391
2026-04-01 12:35:00,89.8199,89.8199,89.7666,89.7666,234
2026-04-01 13:00:00,89.79,89.79,89.79,89.79,1781
2026-04-01 13:10:00,89.87,89.87,89.87,89.87,117
2026-04-01 13:15:00,89.85,89.85,89.85,89.85,364
2026-04-01 13:30:00,89.83,89.83,89.83,89.83,225
2026-04-01 13:35:00,89.72,89.72,89.72,89.72,367
2026-04-01 13:55:00,89.525,89.525,89.525,89.525,150
2026-04-01 14:05:00,89.335,89.335,89.335,89.335,202
2026-04-01 14:10:00,89.32,89.32,89.32,89.32,184
2026-04-01 14:15:00,89.0133,89.0133,89,89,753
2026-04-01 14:30:00,88.975,88.975,88.975,88.975,100
2026-04-01 15:05:00,89.21,89.22,89.21,89.22,813
2026-04-01 15:25:00,89.3901,89.3901,89.353,89.353,332
2026-04-01 15:30:00,89.3499,89.3499,89.3499,89.3499,1000
2026-04-01 15:35:00,89.285,89.285,89.285,89.285,200
2026-04-01 15:40:00,89.2935,89.34,89.2935,89.305,1411
2026-04-01 15:55:00,89.2,89.2,89.17,89.17,755
2026-04-01 16:00:00,89.16,89.16,89.16,89.16,249
2026-04-02 09:30:00,87.21,87.21,87.21,87.21,5588
2026-04-02 09:40:00,87.12,87.12,87.0701,87.0701,451
2026-04-02 09:45:00,87.0701,87.4699,87.0701,87.4699,1357
2026-04-02 09:50:00,87.64,87.64,87.64,87.64,436
2026-04-02 10:05:00,88.14,88.14,88.14,88.14,352
2026-04-02 10:15:00,88.51,88.51,88.51,88.51,200
2026-04-02 10:20:00,88.4001,88.4001,88.4001,88.4001,500
2026-04-02 10:35:00,89.86,89.86,89.43,89.43,350
2026-04-02 10:40:00,89.43,89.43,89.43,89.43,130
2026-04-02 11:05:00,89.4413,89.4413,89.4413,89.4413,314
2026-04-02 11:15:00,89.46,89.46,89.46,89.46,800
2026-04-02 11:20:00,89.29,89.29,89.29,89.29,294
2026-04-02 11:30:00,89.38,89.38,89.38,89.38,448
2026-04-02 12:20:00,89.09,89.23,89.09,89.23,422
2026-04-02 12:30:00,89.24,89.24,89.24,89.24,200
2026-04-02 12:35:00,89.14,89.14,89.14,89.14,200
2026-04-02 12:40:00,89.17,89.48,89.17,89.48,424
2026-04-02 13:05:00,89.4,89.4,89.4,89.4,1030
2026-04-02 13:40:00,89.545,89.545,89.545,89.545,286
2026-04-02 13:45:00,89.25,89.31,89.25,89.31,344
2026-04-02 13:50:00,89.25,89.35,89.25,89.326,7108
2026-04-02 13:55:00,89.37,89.37,89.37,89.37,560
2026-04-02 14:45:00,89.58,89.615,89.58,89.615,4340
2026-04-02 14:50:00,89.57,89.635,89.57,89.635,3568
2026-04-02 14:55:00,89.635,89.635,89.6199,89.6199,498
2026-04-02 15:00:00,89.6199,89.6199,89.58,89.58,602
2026-04-02 15:10:00,89.7316,89.7316,89.7316,89.7316,290
2026-04-02 15:15:00,89.7093,89.7093,89.5703,89.5703,770
2026-04-02 15:20:00,89.57,89.57,89.57,89.57,200
2026-04-02 15:25:00,89.54,89.5925,89.54,89.5925,2845
2026-04-02 15:30:00,89.5925,89.5925,89.54,89.5649,2854
2026-04-02 15:40:00,89.6,89.6,89.6,89.6,1082
2026-04-02 15:50:00,89.72,89.74,89.72,89.74,1054
2026-04-02 15:55:00,89.8999,89.91,89.89,89.91,635
2026-04-02 16:00:00,89.89,89.91,89.89,89.89,467
2026-04-06 06:30:00,89.89,89.89,89.89,89.89,149
2026-04-06 09:30:00,89.93,90,89.93,90,4584
2026-04-06 09:40:00,90.275,90.275,90.275,90.275,600
2026-04-06 09:45:00,90.22,90.34,90.1801,90.33,4530
2026-04-06 09:55:00,90.47,90.47,90.4,90.4,223
2026-04-06 10:10:00,89.8001,90.09,89.8001,90.035,660
2026-04-06 10:15:00,90.095,90.095,90.095,90.095,112
2026-04-06 10:20:00,90.19,90.22,90.19,90.22,371
2026-04-06 10:35:00,90.1,90.1,90.1,90.1,1821
2026-04-06 10:45:00,89.85,89.85,89.79,89.79,529
2026-04-06 10:50:00,89.82,89.99,89.82,89.99,1504
2026-04-06 10:55:00,89.99,89.99,89.99,89.99,560
2026-04-06 11:00:00,90.065,90.065,90.065,90.065,100
2026-04-06 11:20:00,90.02,90.02,90.02,90.02,244
2026-04-06 11:40:00,90.0283,90.0283,90.0283,90.0283,222
2026-04-06 12:40:00,90.2456,90.2456,90.2456,90.2456,228
2026-04-06 12:45:00,90.27,90.27,90.27,90.27,274
2026-04-06 12:50:00,90.223,90.223,90.223,90.223,268
2026-04-06 13:15:00,89.74,89.74,89.74,89.74,122
2026-04-06 13:30:00,90.165,90.165,90.165,90.165,450
2026-04-06 13:35:00,90.17,90.17,90.17,90.17,200
2026-04-06 13:45:00,90.03,90.0599,90.015,90.015,550
2026-04-06 13:55:00,89.97,90.01,89.97,90.01,3624
2026-04-06 14:00:00,89.9299,89.93,89.9299,89.93,364
2026-04-06 14:05:00,89.98,89.98,89.98,89.98,100
2026-04-06 14:10:00,90.18,90.21,90.18,90.21,300
2026-04-06 14:20:00,90.29,90.29,90.29,90.29,400
2026-04-06 14:30:00,90.2504,90.2504,90.2504,90.2504,225
2026-04-06 14:35:00,90.22,90.22,90.21,90.21,200
2026-04-06 14:40:00,90.2,90.2,90.2,90.2,278
2026-04-06 14:55:00,90.24,90.24,90.24,90.24,110
2026-04-06 15:05:00,90.25,90.25,90.25,90.25,100
2026-04-06 15:10:00,90.22,90.22,90.22,90.22,237
2026-04-06 15:25:00,90.284,90.284,90.284,90.284,166
2026-04-06 15:35:00,90.3296,90.3296,90.275,90.275,694
2026-04-06 15:40:00,90.2,90.2,90.2,90.2,260
2026-04-06 15:50:00,90.35,90.35,90.29,90.29,500
2026-04-06 15:55:00,90.25,90.29,90.18,90.29,5153
2026-04-06 16:00:00,90.28,90.28,90.28,90.28,418
2026-04-07 09:30:00,90.21,90.5,90.21,90.5,1609
2026-04-07 09:45:00,90.08,90.08,90.08,90.08,177
2026-04-07 09:50:00,90.25,90.25,90.25,90.25,200
2026-04-07 09:55:00,90.32,90.36,90.32,90.36,1300
2026-04-07 10:00:00,89.82,89.82,89.8,89.8,464
2026-04-07 10:05:00,89.53,89.55,89.53,89.545,1012
2026-04-07 10:30:00,89.98,89.98,89.87,89.97,3000
2026-04-07 10:45:00,89.91,89.91,89.91,89.91,146
2026-04-07 10:50:00,89.8,89.8,89.6816,89.795,812
2026-04-07 10:55:00,89.765,89.765,89.73,89.73,1143
2026-04-07 11:00:00,89.45,89.46,89.45,89.46,545
2026-04-07 11:05:00,89.24,89.24,89.24,89.24,100
2026-04-07 11:10:00,89.48,89.48,89.48,89.48,700
2026-04-07 11:15:00,89.78,89.8,89.73,89.8,476
2026-04-07 11:20:00,89.7436,89.7436,89.7436,89.7436,126
2026-04-07 11:25:00,89.89,89.89,89.89,89.89,200
2026-04-07 11:30:00,89.93,89.955,89.93,89.955,387
2026-04-07 11:35:00,89.88,89.98,89.88,89.98,1100
2026-04-07 11:40:00,89.9495,89.9495,89.9495,89.9495,120
2026-04-07 11:55:00,90.15,90.15,90.15,90.15,200
2026-04-07 12:00:00,90.42,90.42,90.42,90.42,100
2026-04-07 12:15:00,90.36,90.36,90.36,90.36,166
2026-04-07 12:20:00,90.39,90.57,90.39,90.56,1321
2026-04-07 12:25:00,90.545,90.545,90.545,90.545,100
2026-04-07 12:45:00,90.8006,90.8006,90.8006,90.8006,184
2026-04-07 13:00:00,90.74,90.74,90.73,90.73,200
2026-04-07 13:10:00,90.63,90.63,90.63,90.63,100
2026-04-07 13:15:00,90.6,90.6,90.51,90.51,200
2026-04-07 13:20:00,90.52,90.52,90.52,90.52,865
2026-04-07 13:25:00,90.45,90.45,90.45,90.45,100
2026-04-07 13:35:00,90.6601,90.915,90.6601,90.915,1078
2026-04-07 14:05:00,90.635,90.635,90.635,90.635,125
2026-04-07 14:10:00,90.57,90.57,90.57,90.57,502
2026-04-07 14:20:00,90.62,90.62,90.5998,90.5998,538
2026-04-07 14:25:00,90.536,90.536,90.536,90.536,148
2026-04-07 14:30:00,90.57,90.57,90.57,90.57,884
2026-04-07 14:35:00,90.55,90.58,90.55,90.56,394
2026-04-07 14:45:00,90.445,90.445,90.445,90.445,100
2026-04-07 15:05:00,90.25,90.25,90.25,90.25,500
2026-04-07 15:10:00,90.2709,90.2709,90.2709,90.2709,200
2026-04-07 15:15:00,90.44,90.5801,90.44,90.5801,846
2026-04-07 15:20:00,90.88,90.88,90.88,90.88,100
2026-04-07 15:30:00,90.69,90.715,90.69,90.715,792
2026-04-07 15:45:00,90.73,90.905,90.73,90.905,858
2026-04-07 15:50:00,91.12,91.12,91.12,91.12,110
2026-04-07 16:00:00,91.2,91.22,91.2,91.22,391
2026-04-07 16:40:00,91.22,91.22,91.22,91.22,100
2026-04-07 18:00:00,92.01,92.01,92.01,92.01,2700
2026-04-08 09:30:00,94.73,95,94.73,94.92,5204
2026-04-08 09:35:00,94.465,94.465,94.465,94.465,176
2026-04-08 09:40:00,94.1282,94.1282,93.8,93.8,4150
2026-04-08 09:45:00,93.75,93.75,93.75,93.75,450
2026-04-08 09:50:00,93.8591,93.8591,93.44,93.44,408
2026-04-08 09:55:00,93.4201,93.4201,93.4011,93.4011,591
2026-04-08 10:00:00,93.41,93.41,93.37,93.37,973
2026-04-08 10:15:00,93.28,93.341,93.28,93.3,819
2026-04-08 10:20:00,93.3,93.44,93.3,93.44,2313
2026-04-08 10:35:00,93.235,93.235,93.235,93.235,107
2026-04-08 10:40:00,93.2851,93.35,93.2851,93.35,565
2026-04-08 10:45:00,93.19,93.19,93.19,93.19,221
2026-04-08 10:55:00,92.81,92.81,92.81,92.81,219
2026-04-08 11:10:00,93.002,93.002,93.002,93.002,149
2026-04-08 11:15:00,93.025,93.025,93.025,93.025,100
2026-04-08 11:20:00,93.15,93.15,93.1027,93.1027,371
2026-04-08 11:25:00,93.115,93.115,93.115,93.115,1096
2026-04-08 11:30:00,93.0401,93.095,93.0401,93.095,770
2026-04-08 11:35:00,93.135,93.2,93.135,93.2,605
2026-04-08 11:50:00,93.345,93.345,93.345,93.345,250
2026-04-08 12:15:00,93.33,93.33,93.2601,93.2601,200
2026-04-08 12:30:00,93.18,93.255,93.1574,93.255,7578
2026-04-08 12:35:00,93.273,93.273,93.273,93.273,100
2026-04-08 12:40:00,93.34,93.34,93.34,93.34,492
2026-04-08 13:00:00,93.45,93.485,93.45,93.46,1131
2026-04-08 13:25:00,93.12,93.12,93.12,93.12,400
2026-04-08 13:40:00,93.1,93.1,93.1,93.1,700
2026-04-08 13:45:00,93.1,93.11,93.1,93.11,339
2026-04-08 14:00:00,93.085,93.085,93.085,93.085,352
2026-04-08 14:05:00,93.215,93.215,93.215,93.215,440
2026-04-08 14:20:00,92.875,92.97,92.875,92.97,226
2026-04-08 14:30:00,92.9614,92.9614,92.86,92.86,1334
2026-04-08 14:35:00,92.9081,92.9081,92.9081,92.9081,106
2026-04-08 14:45:00,92.77,92.77,92.77,92.77,158
2026-04-08 14:50:00,92.64,92.68,92.64,92.68,535
2026-04-08 15:05:00,92.45,92.45,92.45,92.45,524
2026-04-08 15:10:00,92.53,92.53,92.53,92.53,128
2026-04-08 15:20:00,92.44,92.44,92.375,92.375,636
2026-04-08 15:30:00,92.3545,92.3545,92.3545,92.3545,150
2026-04-08 15:45:00,92.62,92.62,92.6,92.6,229
2026-04-08 15:50:00,92.655,92.66,92.64,92.66,2700
2026-04-08 16:00:00,92.7,92.7,92.67,92.67,359
2026-04-08 18:20:00,92.66,92.66,92.66,92.66,100
2026-04-09 09:30:00,92.6,92.6,92.45,92.45,511
2026-04-09 09:35:00,91.69,91.69,91.69,91.69,100
2026-04-09 09:40:00,91.895,91.895,91.895,91.895,107
2026-04-09 09:45:00,91.85,91.85,91.85,91.85,209
2026-04-09 09:50:00,91.745,91.745,91.745,91.745,303
2026-04-09 09:55:00,91.3813,91.3813,91.3813,91.3813,242
2026-04-09 10:05:00,91.435,91.435,91.435,91.435,108
2026-04-09 10:10:00,91.2981,91.36,91.2981,91.36,694
2026-04-09 10:15:00,91.235,91.235,91.235,91.235,108
2026-04-09 10:40:00,91.08,91.08,91.08,91.08,112
2026-04-09 10:50:00,91.1,91.1,91.1,91.1,219
2026-04-09 10:55:00,91.2,91.2,91.2,91.2,100
2026-04-09 11:00:00,91.24,91.24,91.24,91.24,462
2026-04-09 11:05:00,91.17,91.17,91.13,91.13,685
2026-04-09 11:10:00,91.14,91.2726,91.14,91.2726,1531
2026-04-09 11:20:00,91.52,91.52,91.52,91.52,100
2026-04-09 11:30:00,91.51,91.6654,91.51,91.6654,576
2026-04-09 11:35:00,91.65,91.65,91.65,91.65,134
2026-04-09 11:40:00,91.55,91.56,91.55,91.56,400
2026-04-09 11:45:00,91.7,91.745,91.7,91.745,630
2026-04-09 11:55:00,91.8181,91.8181,91.72,91.72,1169
2026-04-09 12:00:00,91.97,92.022,91.97,92.022,424
2026-04-09 12:05:00,92.0351,92.1,92.01,92.1,1973
2026-04-09 12:15:00,91.9133,91.9133,91.9133,91.9133,252
2026-04-09 12:20:00,91.925,91.925,91.925,91.925,450
2026-04-09 12:35:00,91.6735,91.69,91.64,91.64,1681
2026-04-09 12:40:00,91.61,91.61,91.595,91.595,1159
2026-04-09 12:45:00,91.575,91.575,91.575,91.575,110
2026-04-09 13:00:00,91.6,91.6,91.6,91.6,213
2026-04-09 13:10:00,91.8038,91.8038,91.8038,91.8038,161
2026-04-09 13:15:00,91.775,91.775,91.775,91.775,186
2026-04-09 13:20:00,91.795,91.795,91.7111,91.7111,1183
2026-04-09 13:25:00,91.6912,91.6912,91.6517,91.6517,1496
2026-04-09 13:50:00,91.7341,91.7341,91.7341,91.7341,809
2026-04-09 14:15:00,91.511,91.511,91.511,91.511,200
2026-04-09 14:20:00,91.4599,91.4599,91.4599,91.4599,300
2026-04-09 14:25:00,91.364,91.364,91.364,91.364,2000
2026-04-09 14:35:00,91.385,91.385,91.385,91.385,269
2026-04-09 14:40:00,91.437,91.437,91.437,91.437,107
2026-04-09 14:50:00,91.37,91.37,91.37,91.37,150
2026-04-09 14:55:00,91.43,91.4301,91.43,91.4301,8800
2026-04-09 15:00:00,91.41,91.41,91.41,91.41,400
2026-04-09 15:15:00,91.605,91.605,91.605,91.605,161
2026-04-09 15:25:00,91.47,91.47,91.47,91.47,100
2026-04-09 15:30:00,91.52,91.63,91.52,91.63,1133
2026-04-09 15:35:00,91.64,91.64,91.64,91.64,209
2026-04-09 15:40:00,91.665,91.665,91.665,91.665,100
2026-04-09 15:45:00,91.7684,91.7684,91.7684,91.7684,161
2026-04-09 15:50:00,91.72,91.72,91.72,91.72,400
2026-04-09 15:55:00,91.8739,91.8739,91.8739,91.8739,215
2026-04-09 16:00:00,91.89,91.89,91.89,91.89,100
2026-04-10 09:30:00,92.07,92.18,92.07,92.18,630
2026-04-10 09:35:00,91.87,91.87,91.87,91.87,109
2026-04-10 09:40:00,91.815,91.97,91.8,91.97,324
2026-04-10 09:45:00,91.8,91.8,91.8,91.8,103
2026-04-10 09:55:00,91.895,91.895,91.895,91.895,500
2026-04-10 10:05:00,91.5006,91.5006,91.5006,91.5006,688
2026-04-10 10:10:00,91.5009,91.5009,91.5009,91.5009,100
2026-04-10 10:25:00,91.8201,91.915,91.8201,91.915,3375
2026-04-10 10:30:00,91.858,92.21,91.858,92.21,904
2026-04-10 10:35:00,92.2,92.2,92.2,92.2,100
2026-04-10 10:50:00,92.12,92.12,92.12,92.12,173
2026-04-10 10:55:00,92.025,92.16,92.025,92.1,82971
2026-04-10 11:00:00,92.16,92.28,92.16,92.28,2813
2026-04-10 11:05:00,92.19,92.19,92.19,92.19,860
2026-04-10 11:10:00,92.3,92.33,92.25,92.33,3421
2026-04-10 11:20:00,92.425,92.44,92.425,92.44,1108
2026-04-10 11:25:00,92.52,92.52,92.44,92.44,600
2026-04-10 11:30:00,92.42,92.42,92.225,92.25,1806
2026-04-10 11:35:00,92.19,92.19,92.19,92.19,200
2026-04-10 11:40:00,92.15,92.15,92.03,92.045,2468
2026-04-10 11:45:00,92.14,92.14,92.14,92.14,400
2026-04-10 11:50:00,92.04,92.16,92.03,92.03,2863
2026-04-10 11:55:00,92.1,92.1,91.9,91.9,1690
2026-04-10 12:00:00,91.84,91.84,91.84,91.84,200
2026-04-10 12:05:00,91.88,91.93,91.86,91.93,535
2026-04-10 12:15:00,92.1193,92.1193,92.1193,92.1193,150
2026-04-10 12:25:00,92.04,92.04,92.04,92.04,206
2026-04-10 12:30:00,92.04,92.04,92.04,92.04,100
2026-04-10 12:35:00,91.96,91.99,91.92,91.92,454
2026-04-10 12:50:00,91.795,91.795,91.795,91.795,550
2026-04-10 12:55:00,91.9262,91.9262,91.9262,91.9262,150
2026-04-10 13:05:00,91.88,91.88,91.88,91.88,2000
2026-04-10 13:10:00,91.8201,91.9,91.8201,91.9,644
2026-04-10 13:20:00,91.866,91.866,91.866,91.866,300
2026-04-10 13:25:00,91.7501,91.7501,91.7501,91.7501,163
2026-04-10 13:30:00,91.815,91.8399,91.815,91.8399,378
2026-04-10 13:55:00,91.95,91.95,91.935,91.935,400
2026-04-10 14:00:00,91.87,91.87,91.87,91.87,226
2026-04-10 14:05:00,91.75,91.75,91.75,91.75,100
2026-04-10 14:20:00,91.88,91.89,91.88,91.89,327
2026-04-10 14:25:00,91.835,91.835,91.81,91.81,11660
2026-04-10 14:30:00,91.79,91.79,91.79,91.79,100
2026-04-10 14:35:00,91.7878,91.7878,91.76,91.77,728
2026-04-10 14:40:00,91.7,91.7,91.7,91.7,533
2026-04-10 14:45:00,91.685,91.685,91.685,91.685,100
2026-04-10 14:55:00,91.8201,91.8201,91.8201,91.8201,116
2026-04-10 15:00:00,91.87,91.87,91.87,91.87,326
2026-04-10 15:05:00,92.03,92.03,92.03,92.03,300
2026-04-10 15:25:00,92.11,92.11,92.11,92.11,370
2026-04-10 15:40:00,91.98,91.98,91.92,91.92,15799
2026-04-10 15:45:00,92,92,92,92,100
2026-04-10 15:50:00,91.92,91.97,91.92,91.9687,1942
2026-04-10 15:55:00,91.87,91.91,91.87,91.91,1200
2026-04-10 16:00:00,91.94,91.95,91.93,91.93,644
2026-04-13 09:30:00,91.83,92,91.83,92,871
2026-04-13 09:35:00,92.14,92.14,92.14,92.14,380
2026-04-13 09:50:00,92.6,92.6,92.6,92.6,1684
2026-04-13 09:55:00,92.6,92.6,92.6,92.6,100
2026-04-13 10:00:00,92.75,92.94,92.75,92.94,368
2026-04-13 10:05:00,93.01,93.01,93.01,93.01,571
2026-04-13 10:30:00,93.17,93.17,93.17,93.17,150
2026-04-13 10:40:00,93.08,93.11,93.08,93.1,349
2026-04-13 10:45:00,93.195,93.195,93.195,93.195,456
2026-04-13 10:55:00,93.4052,93.4052,93.4052,93.4052,100
2026-04-13 11:00:00,93.41,93.41,93.41,93.41,1803
2026-04-13 11:05:00,93.3699,93.37,93.3428,93.3428,770
2026-04-13 11:20:00,93.465,93.465,93.465,93.465,135
2026-04-13 11:35:00,93.48,93.5,93.48,93.5,340
2026-04-13 11:40:00,93.5664,93.5664,93.5664,93.5664,100
2026-04-13 12:05:00,93.46,93.46,93.46,93.46,100
2026-04-13 12:10:00,93.4301,93.55,93.4301,93.55,886
2026-04-13 12:20:00,93.67,93.68,93.6512,93.6512,4452
2026-04-13 12:25:00,93.74,93.74,93.7072,93.7072,242
2026-04-13 12:30:00,93.875,93.875,93.8401,93.8401,400
2026-04-13 12:35:00,94,94,93.95,93.95,750
2026-04-13 12:40:00,93.8517,93.9,93.8517,93.9,666
2026-04-13 12:45:00,93.86,93.86,93.86,93.86,100
2026-04-13 12:50:00,94.17,94.17,94.135,94.1699,400
2026-04-13 13:00:00,94.115,94.15,94.0701,94.15,911
2026-04-13 13:05:00,94.08,94.08,93.9607,93.9607,498
2026-04-13 13:10:00,94.045,94.045,94.045,94.045,163
2026-04-13 13:30:00,94.175,94.21,94.175,94.21,482
2026-04-13 13:45:00,94.0475,94.0475,94.0301,94.0301,349
2026-04-13 13:50:00,94.03,94.069,94.03,94.0396,2060
2026-04-13 14:05:00,94.14,94.14,94.14,94.14,100
2026-04-13 14:10:00,94.1102,94.1102,94.1102,94.1102,141
2026-04-13 14:15:00,94.14,94.14,94.14,94.14,480
2026-04-13 14:20:00,94.08,94.08,94.0799,94.0799,688
2026-04-13 14:25:00,94.0208,94.04,94.0208,94.0299,779
2026-04-13 14:35:00,94.14,94.14,94.1399,94.1399,962
2026-04-13 14:45:00,94.1108,94.1108,94.1108,94.1108,424
2026-04-13 14:55:00,94.2209,94.2209,94.2209,94.2209,306
2026-04-13 15:00:00,94.225,94.225,94.225,94.225,200
2026-04-13 15:05:00,94.195,94.195,94.195,94.195,100
2026-04-13 15:15:00,94.18,94.18,94.18,94.18,100
2026-04-13 15:30:00,94.25,94.25,94.25,94.25,100
2026-04-13 15:35:00,94.35,94.41,94.35,94.41,851
2026-04-13 15:40:00,94.3899,94.3899,94.35,94.35,619
2026-04-13 15:45:00,94.33,94.33,94.33,94.33,409
2026-04-13 15:50:00,94.4,94.465,94.4,94.465,607
2026-04-13 15:55:00,94.5,94.63,94.5,94.6299,433
2026-04-13 16:00:00,94.65,94.65,94.635,94.635,778
2026-04-14 08:45:00,95.25,95.25,95.25,95.25,100
2026-04-14 09:30:00,95.49,95.8525,95.49,95.8525,1077
2026-04-14 09:35:00,96.06,96.06,96.0476,96.0476,576
2026-04-14 09:55:00,95.6889,95.6889,95.6889,95.6889,100
2026-04-14 10:00:00,95.56,95.56,95.56,95.56,2000
2026-04-14 10:15:00,95.9,95.9,95.8,95.8,385
2026-04-14 10:20:00,95.92,95.92,95.92,95.92,312
2026-04-14 10:25:00,95.98,95.98,95.98,95.98,250
2026-04-14 10:40:00,95.91,95.91,95.91,95.91,161
2026-04-14 10:45:00,95.92,95.92,95.885,95.885,1456
2026-04-14 10:50:00,95.92,95.92,95.92,95.92,104
2026-04-14 11:00:00,95.92,95.92,95.92,95.92,200
2026-04-14 11:05:00,95.715,95.715,95.715,95.715,166
2026-04-14 11:10:00,95.68,95.68,95.68,95.68,1187
2026-04-14 11:30:00,95.83,95.94,95.83,95.94,300
2026-04-14 11:40:00,96,96.005,95.9796,95.9796,1051
2026-04-14 11:55:00,96.02,96.02,96.02,96.02,127
2026-04-14 12:00:00,96.06,96.06,96.06,96.06,429
2026-04-14 12:10:00,96.1699,96.1699,96.1005,96.1005,400
2026-04-14 12:15:00,96.147,96.147,96.147,96.147,130
2026-04-14 12:20:00,96.1943,96.1993,96.1943,96.1993,900
2026-04-14 12:30:00,96.28,96.28,96.2296,96.2296,3700
2026-04-14 12:35:00,96.215,96.25,96.215,96.25,350
2026-04-14 12:45:00,96.2201,96.2201,96.2201,96.2201,114
2026-04-14 12:50:00,96.19,96.19,96.19,96.19,420
2026-04-14 12:55:00,96.18,96.18,96.18,96.18,100
2026-04-14 13:00:00,96.13,96.13,96.13,96.13,1040
2026-04-14 13:05:00,96.14,96.14,96.14,96.14,500
2026-04-14 13:15:00,96.24,96.2503,96.21,96.2503,1488
2026-04-14 13:25:00,96.285,96.3,96.285,96.3,789
2026-04-14 13:30:00,96.3092,96.3092,96.3092,96.3092,102
2026-04-14 13:35:00,96.38,96.38,96.38,96.38,100
2026-04-14 13:40:00,96.36,96.36,96.36,96.36,487
2026-04-14 13:45:00,96.3509,96.3999,96.3509,96.3999,991
2026-04-14 14:00:00,96.19,96.1997,96.14,96.14,664
2026-04-14 14:15:00,95.95,95.95,95.95,95.95,374
2026-04-14 14:20:00,95.84,95.84,95.7601,95.83,1146
2026-04-14 14:40:00,95.97,95.97,95.97,95.97,265
2026-04-14 14:50:00,95.82,95.82,95.805,95.805,300
2026-04-14 14:55:00,95.825,95.825,95.825,95.825,778
2026-04-14 15:00:00,95.9,95.92,95.9,95.92,669
2026-04-14 15:05:00,96,96.01,96,96.01,312
2026-04-14 15:10:00,96.07,96.1,96.07,96.1,317
2026-04-14 15:15:00,96.06,96.06,96.06,96.06,100
2026-04-14 15:20:00,96.11,96.11,96.11,96.11,100
2026-04-14 15:35:00,96.11,96.1299,96.1,96.1299,920
2026-04-14 15:40:00,96.17,96.17,96.1,96.1,200
2026-04-14 15:45:00,96.12,96.12,96.12,96.12,1040
2026-04-14 15:55:00,96.12,96.12,96.12,96.12,400
2026-04-14 16:00:00,96.235,96.25,96.22,96.25,614
2026-04-15 09:30:00,96.78,97.1,96.7137,97.1,2839
2026-04-15 09:40:00,97.4401,97.475,97.4401,97.455,566
2026-04-15 09:45:00,97.26,97.26,97.26,97.26,100
2026-04-15 09:55:00,97.66,97.66,97.51,97.605,1792
2026-04-15 10:05:00,97.525,97.525,97.525,97.525,254
2026-04-15 10:10:00,97.51,97.51,97.51,97.51,589
2026-04-15 10:20:00,97.6049,97.6049,97.585,97.585,300
2026-04-15 10:30:00,97.765,97.81,97.73,97.81,767
2026-04-15 10:45:00,97.7251,97.7251,97.7251,97.7251,103
2026-04-15 10:50:00,97.79,97.79,97.79,97.79,110
2026-04-15 11:05:00,97.865,97.865,97.865,97.865,500
2026-04-15 11:10:00,97.77,97.81,97.77,97.81,704
2026-04-15 11:20:00,97.904,97.904,97.904,97.904,379
2026-04-15 11:40:00,97.8,97.8,97.74,97.74,447
2026-04-15 11:50:00,97.89,97.89,97.89,97.89,245
2026-04-15 11:55:00,97.885,97.885,97.845,97.88,917
2026-04-15 12:10:00,97.87,97.87,97.85,97.85,200
2026-04-15 12:20:00,98,98.01,97.97,98,5502
2026-04-15 12:25:00,97.935,97.935,97.92,97.92,200
2026-04-15 12:30:00,97.87,97.87,97.87,97.87,150
2026-04-15 12:35:00,97.84,97.84,97.8,97.8,473
2026-04-15 12:40:00,97.6961,97.6961,97.55,97.58,749
2026-04-15 12:50:00,97.59,97.59,97.59,97.59,114
2026-04-15 12:55:00,97.3694,97.3694,97.3694,97.3694,239
2026-04-15 13:00:00,97.505,97.505,97.47,97.47,420
2026-04-15 13:05:00,97.6265,97.6459,97.6265,97.6459,300
2026-04-15 13:20:00,97.645,97.645,97.645,97.645,109
2026-04-15 13:25:00,97.695,97.695,97.67,97.67,222
2026-04-15 13:35:00,97.885,97.885,97.8501,97.8501,983
2026-04-15 13:40:00,97.84,97.84,97.84,97.84,186
2026-04-15 13:45:00,97.8007,97.845,97.8,97.82,1053
2026-04-15 13:55:00,97.93,97.93,97.93,97.93,103
2026-04-15 14:00:00,97.865,97.9,97.865,97.9,1059
2026-04-15 14:05:00,98,98.105,97.98,98.08,1499
2026-04-15 14:10:00,98.05,98.07,98.04,98.06,11528
2026-04-15 14:15:00,98.2,98.2,98.18,98.2,1174
2026-04-15 14:25:00,98.15,98.15,98.15,98.15,100
2026-04-15 14:30:00,98.26,98.26,98.24,98.24,600
2026-04-15 14:35:00,98.325,98.39,98.325,98.37,493
2026-04-15 14:40:00,98.31,98.31,98.24,98.24,1400
2026-04-15 14:55:00,98.44,98.44,98.44,98.44,100
2026-04-15 15:00:00,98.4143,98.4143,98.41,98.41,500
2026-04-15 15:05:00,98.45,98.45,98.45,98.45,300
2026-04-15 15:10:00,98.465,98.5,98.465,98.5,349
2026-04-15 15:15:00,98.4,98.42,98.4,98.42,200
2026-04-15 15:20:00,98.3913,98.3913,98.3913,98.3913,100
2026-04-15 15:25:00,98.42,98.44,98.41,98.44,824
2026-04-15 15:30:00,98.46,98.47,98.44,98.4512,4558
2026-04-15 15:35:00,98.48,98.54,98.48,98.5399,1816
2026-04-15 15:40:00,98.465,98.49,98.43,98.49,2016
2026-04-15 15:45:00,98.465,98.465,98.455,98.455,200
2026-04-15 15:50:00,98.485,98.485,98.485,98.485,100
2026-04-15 16:00:00,98.59,98.59,98.54,98.54,634
2026-04-16 06:10:00,99,99,99,99,149
2026-04-16 09:25:00,99.23,99.23,99.23,99.23,100
2026-04-16 09:30:00,99.13,99.13,99,99,1162
2026-04-16 09:35:00,99.1391,99.1391,99.1391,99.1391,322
2026-04-16 09:40:00,99.17,99.17,99.17,99.17,100
2026-04-16 09:45:00,99.285,99.29,99.095,99.095,591
2026-04-16 09:50:00,98.515,98.515,98.515,98.515,203
2026-04-16 10:00:00,98.49,98.49,98.49,98.49,153
2026-04-16 10:05:00,98.595,98.76,98.595,98.76,222
2026-04-16 10:25:00,98.76,98.76,98.76,98.76,100
2026-04-16 10:30:00,98.735,98.7737,98.735,98.7737,430
2026-04-16 10:40:00,98.75,98.77,98.75,98.77,1415
2026-04-16 10:45:00,98.9601,98.98,98.9601,98.98,775
2026-04-16 10:55:00,99.1,99.1,99,99,95985
2026-04-16 11:10:00,99.24,99.24,99.24,99.24,101
2026-04-16 11:15:00,99.4585,99.4585,99.4585,99.4585,100
2026-04-16 11:20:00,99.4399,99.4399,99.415,99.415,366
2026-04-16 11:30:00,99.26,99.26,99.26,99.26,574
2026-04-16 11:35:00,99.48,99.57,99.48,99.525,1001
2026-04-16 11:40:00,99.33,99.34,99.31,99.34,421
2026-04-16 11:50:00,99.445,99.445,99.3801,99.3801,345
2026-04-16 11:55:00,99.44,99.44,99.415,99.415,292
2026-04-16 12:00:00,99.6412,99.6412,99.6412,99.6412,125
2026-04-16 12:10:00,99.73,99.73,99.73,99.73,200
2026-04-16 12:15:00,99.765,99.765,99.765,99.765,450
2026-04-16 12:20:00,99.68,99.68,99.68,99.68,300
2026-04-16 12:25:00,99.635,99.67,99.635,99.67,594
2026-04-16 12:30:00,99.41,99.41,99.41,99.41,100
2026-04-16 12:55:00,99.4093,99.42,99.4093,99.42,1400
2026-04-16 13:20:00,99.39,99.39,99.39,99.39,100
2026-04-16 13:30:00,99.4352,99.47,99.4352,99.47,940
2026-04-16 13:35:00,99.4,99.4,99.3597,99.3597,1434
2026-04-16 13:40:00,99.45,99.45,99.45,99.45,107
2026-04-16 13:45:00,99.51,99.51,99.5,99.5,859
2026-04-16 13:50:00,99.49,99.49,99.49,99.49,200
2026-04-16 13:55:00,99.42,99.42,99.16,99.2464,1945
2026-04-16 14:00:00,99.29,99.315,99.29,99.315,700
2026-04-16 14:05:00,99.175,99.175,99.175,99.175,103
2026-04-16 14:20:00,99.16,99.16,99.1375,99.1375,200
2026-04-16 15:00:00,99.3301,99.41,99.3301,99.41,1157
2026-04-16 15:10:00,99.29,99.3,99.27,99.2796,2581
2026-04-16 15:15:00,99.3,99.3,99.3,99.3,127
2026-04-16 15:30:00,99.34,99.34,99.31,99.32,5578
2026-04-16 15:35:00,99.36,99.36,99.36,99.36,120
2026-04-16 15:40:00,99.41,99.46,99.41,99.42,614
2026-04-16 15:45:00,99.4201,99.4201,99.4201,99.4201,161
2026-04-16 15:50:00,99.53,99.53,99.4786,99.49,561
2026-04-16 15:55:00,99.55,99.585,99.5,99.56,4110
2026-04-17 09:30:00,100.7,100.71,100.64,100.64,2853
2026-04-17 09:35:00,101.035,101.035,101.035,101.035,100
2026-04-17 09:40:00,100.93,101.04,100.93,101.04,600
2026-04-17 09:45:00,101.1399,101.1399,100.83,100.83,1860
2026-04-17 10:00:00,101.01,101.01,101.01,101.01,442
2026-04-17 10:20:00,101.06,101.06,100.98,101.05,1367
2026-04-17 10:25:00,100.8933,100.8933,100.8933,100.8933,174
2026-04-17 10:45:00,101.29,101.31,101.29,101.31,438
2026-04-17 10:50:00,101.29,101.29,101.23,101.23,1100
2026-04-17 10:55:00,101.28,101.29,101.2,101.225,1584
2026-04-17 11:00:00,101.15,101.15,101.1,101.12,750
2026-04-17 11:05:00,101.1601,101.24,101.1601,101.2,401
2026-04-17 11:10:00,101.1078,101.1078,101.1078,101.1078,116
2026-04-17 11:15:00,101.06,101.1001,101.06,101.1001,1242
2026-04-17 11:20:00,101.03,101.075,101.02,101.075,750
2026-04-17 11:40:00,100.9101,100.9101,100.9101,100.9101,100
2026-04-17 11:45:00,100.9,100.94,100.89,100.9,1391
2026-04-17 11:50:00,100.94,100.94,100.94,100.94,160
2026-04-17 12:15:00,100.9175,100.9175,100.89,100.89,1200
2026-04-17 12:20:00,100.905,100.939,100.905,100.9162,702
2026-04-17 12:30:00,100.99,101.03,100.99,101.03,897
2026-04-17 12:50:00,101.072,101.072,101.0387,101.0703,591
2026-04-17 13:10:00,100.96,100.96,100.96,100.96,300
2026-04-17 13:15:00,100.91,100.91,100.87,100.91,500
2026-04-17 13:20:00,100.6867,100.79,100.6,100.6,1600
2026-04-17 13:30:00,100.68,100.68,100.68,100.68,150
2026-04-17 13:55:00,100.91,100.91,100.91,100.91,100
2026-04-17 14:00:00,100.79,100.84,100.79,100.825,488
2026-04-17 14:05:00,100.69,100.69,100.64,100.64,580
2026-04-17 14:25:00,100.66,100.66,100.66,100.66,100
2026-04-17 14:30:00,100.6135,100.74,100.6135,100.7399,750
2026-04-17 14:35:00,100.73,100.75,100.7299,100.74,1168
2026-04-17 14:40:00,100.74,100.74,100.66,100.66,200
2026-04-17 15:00:00,100.68,100.68,100.68,100.68,500
2026-04-17 15:05:00,100.61,100.61,100.61,100.61,400
2026-04-17 15:15:00,100.73,100.73,100.73,100.73,187
2026-04-17 15:20:00,100.75,100.75,100.7499,100.7499,520
2026-04-17 15:25:00,100.78,100.78,100.7,100.7,800
2026-04-17 15:30:00,100.73,100.75,100.7,100.725,7905
2026-04-17 15:35:00,100.81,100.81,100.81,100.81,282
2026-04-17 15:40:00,100.85,100.85,100.85,100.85,433
2026-04-17 15:50:00,100.7501,100.847,100.7501,100.845,675
2026-04-17 15:55:00,100.86,100.875,100.86,100.86,451
2026-04-17 16:00:00,100.85,100.85,100.85,100.85,142
2026-04-20 09:30:00,100.46,100.46,100.46,100.46,884
2026-04-20 09:35:00,100.91,100.91,100.91,100.91,300
2026-04-20 09:45:00,100.68,100.68,100.68,100.68,119
2026-04-20 09:50:00,100.7,101.04,100.7,101.04,467
2026-04-20 10:10:00,100.77,100.77,100.77,100.77,1320
2026-04-20 10:15:00,100.62,100.62,100.61,100.61,200
2026-04-20 10:20:00,100.66,100.66,100.66,100.66,756
2026-04-20 10:45:00,100.3001,100.4011,100.3001,100.4011,815
2026-04-20 10:50:00,100.28,100.35,100.1,100.35,2777
2026-04-20 11:00:00,100.28,100.28,100.17,100.17,669
2026-04-20 11:10:00,100.1184,100.1184,100.1184,100.1184,125
2026-04-20 11:15:00,100.07,100.171,100.07,100.171,470
2026-04-20 11:25:00,100.355,100.45,100.355,100.45,500
2026-04-20 11:50:00,100.2099,100.2099,100.2099,100.2099,247
2026-04-20 12:00:00,100.1906,100.24,100.1906,100.24,1174
2026-04-20 12:05:00,100.255,100.255,100.255,100.255,200
2026-04-20 12:10:00,100.32,100.32,100.32,100.32,125
2026-04-20 12:20:00,100.3458,100.3458,100.3458,100.3458,358
2026-04-20 12:25:00,100.3,100.3,100.3,100.3,100
2026-04-20 12:30:00,100.385,100.385,100.385,100.385,100
2026-04-20 12:35:00,100.32,100.32,100.32,100.32,100
2026-04-20 12:40:00,100.5,100.5,100.47,100.47,310
2026-04-20 13:05:00,100.445,100.445,100.445,100.445,747
2026-04-20 13:10:00,100.49,100.49,100.49,100.49,100
2026-04-20 13:15:00,100.48,100.48,100.48,100.48,100
2026-04-20 13:20:00,100.5462,100.5462,100.5462,100.5462,300
2026-04-20 13:25:00,100.5896,100.5896,100.5896,100.5896,174
2026-04-20 13:35:00,100.61,100.61,100.57,100.57,771
2026-04-20 13:40:00,100.57,100.57,100.53,100.53,228
2026-04-20 13:45:00,100.6099,100.65,100.6099,100.65,560
2026-04-20 13:50:00,100.58,100.58,100.58,100.58,4467
2026-04-20 14:05:00,100.56,100.56,100.56,100.56,200
2026-04-20 14:10:00,100.55,100.62,100.53,100.62,700
2026-04-20 14:25:00,100.67,100.67,100.66,100.66,400
2026-04-20 14:45:00,100.6374,100.6374,100.6374,100.6374,290
2026-04-20 14:50:00,100.71,100.71,100.71,100.71,118
2026-04-20 14:55:00,100.7418,100.7418,100.67,100.67,1598
2026-04-20 15:10:00,100.7,100.72,100.7,100.72,211
2026-04-20 15:15:00,100.75,100.75,100.75,100.75,522
2026-04-20 15:25:00,100.7164,100.7164,100.66,100.66,705
2026-04-20 15:40:00,100.8,100.82,100.795,100.82,1207
2026-04-20 15:45:00,100.7603,100.7603,100.7603,100.7603,103
2026-04-20 15:50:00,100.75,100.8,100.75,100.8,700
2026-04-20 15:55:00,100.7882,100.92,100.7882,100.92,2082
2026-04-20 16:00:00,100.89,100.89,100.89,100.89,112
2026-04-21 09:30:00,101.4,101.4,100.76,101.12,1887
2026-04-21 09:40:00,101.3799,101.3799,101.3799,101.3799,1233
2026-04-21 09:45:00,101.33,101.5,101.27,101.5,2466
2026-04-21 09:50:00,101.5,101.5,101.5,101.5,468
2026-04-21 09:55:00,101.74,101.85,101.72,101.81,881
2026-04-21 10:05:00,101.94,101.9655,101.94,101.9655,600
2026-04-21 10:15:00,102.19,102.19,102.12,102.12,280
2026-04-21 10:25:00,101.9878,101.9878,101.9878,101.9878,110
2026-04-21 10:30:00,102.09,102.1201,102.09,102.1201,9264
2026-04-21 10:40:00,102.23,102.2599,102.23,102.2599,703
2026-04-21 10:45:00,101.9698,101.9698,101.9698,101.9698,281
2026-04-21 10:50:00,101.9397,101.9397,101.9397,101.9397,108
2026-04-21 10:55:00,101.945,101.945,101.945,101.945,173
2026-04-21 11:10:00,101.85,101.85,101.7301,101.7301,500
2026-04-21 11:25:00,101.7001,101.7001,101.7001,101.7001,100
2026-04-21 11:30:00,101.69,101.77,101.69,101.77,960
2026-04-21 11:35:00,101.61,101.61,101.61,101.61,100
2026-04-21 11:40:00,101.6802,101.6802,101.6802,101.6802,501
2026-04-21 11:55:00,101.73,101.73,101.73,101.73,125
2026-04-21 12:00:00,101.85,101.85,101.85,101.85,250
2026-04-21 12:05:00,101.7731,101.7731,101.7731,101.7731,167
2026-04-21 12:25:00,101.5917,101.6451,101.5917,101.62,796
2026-04-21 12:45:00,101.5,101.5,101.5,101.5,110
2026-04-21 12:50:00,101.605,101.605,101.605,101.605,118
2026-04-21 13:05:00,101.41,101.41,101.39,101.39,550
2026-04-21 13:10:00,101.42,101.42,101.22,101.26,1419
2026-04-21 13:15:00,101.29,101.29,101.1755,101.1755,5005
2026-04-21 13:20:00,101.04,101.04,101.04,101.04,413
2026-04-21 13:25:00,101.22,101.22,101.22,101.22,100
2026-04-21 13:35:00,101.36,101.55,101.36,101.5201,728
2026-04-21 13:40:00,101.63,101.67,101.61,101.67,400
2026-04-21 14:00:00,101.57,101.57,101.57,101.57,100
2026-04-21 14:05:00,101.51,101.57,101.51,101.5317,992
2026-04-21 14:10:00,101.475,101.475,101.475,101.475,123
2026-04-21 14:15:00,101.6,101.6,101.42,101.51,600
2026-04-21 14:35:00,101.445,101.445,101.445,101.445,535
2026-04-21 14:45:00,101.42,101.42,101.42,101.42,170
2026-04-21 14:50:00,101.365,101.46,101.355,101.46,600
2026-04-21 14:55:00,101.6,101.6,101.55,101.57,1523
2026-04-21 15:00:00,101.65,101.65,101.65,101.65,100
2026-04-21 15:05:00,101.68,101.68,101.665,101.6722,1083
2026-04-21 15:15:00,101.635,101.635,101.6047,101.6047,500
2026-04-21 15:20:00,101.67,101.75,101.65,101.75,800
2026-04-21 15:30:00,101.86,101.86,101.795,101.795,640
2026-04-21 15:35:00,101.7509,101.7509,101.6801,101.6801,452
2026-04-21 15:40:00,101.61,101.61,101.23,101.23,719
2026-04-21 15:45:00,101.06,101.06,101.06,101.06,121
2026-04-21 15:55:00,101.09,101.135,101.09,101.135,352
2026-04-21 16:00:00,101.23,101.23,101.23,101.23,384
2026-04-21 18:05:00,101.8641,101.8641,101.8641,101.8641,100