2026-03-23 07:10:00,43,43,43,43,100
2026-03-23 07:30:00,43.25,43.25,43.25,43.25,100
2026-03-23 08:30:00,43,43,43,43,250
2026-03-23 09:30:00,42.94,43.06,42.8,42.8,7547
2026-03-23 09:35:00,42.7,42.7,42.645,42.645,2160
2026-03-23 09:40:00,42.7,42.75,42.69,42.75,1288
2026-03-23 09:45:00,42.68,42.68,42.58,42.68,3798
2026-03-23 09:50:00,42.71,42.73,42.71,42.72,3513
2026-03-23 09:55:00,42.6,42.74,42.6,42.74,2400
2026-03-23 10:00:00,42.73,42.8,42.72,42.75,2816
2026-03-23 10:05:00,42.7,42.74,42.68,42.72,2427
2026-03-23 10:10:00,42.71,42.71,42.655,42.7,2445
2026-03-23 10:15:00,42.72,42.78,42.72,42.77,4593
2026-03-23 10:20:00,42.74,42.81,42.735,42.77,4345
2026-03-23 10:25:00,42.7528,42.76,42.7,42.7,1012
2026-03-23 10:30:00,42.7,42.7,42.676,42.7,1400
2026-03-23 10:35:00,42.72,42.73,42.65,42.66,1500
2026-03-23 10:40:00,42.71,42.74,42.71,42.74,819
2026-03-23 10:45:00,42.73,42.84,42.73,42.84,1133
2026-03-23 10:50:00,42.8,42.86,42.8,42.84,2005
2026-03-23 10:55:00,42.84,42.85,42.82,42.82,836
2026-03-23 11:00:00,42.83,42.89,42.83,42.88,1944
2026-03-23 11:05:00,42.9204,42.9204,42.88,42.88,593
2026-03-23 11:10:00,42.85,42.86,42.85,42.86,700
2026-03-23 11:15:00,42.83,42.83,42.83,42.83,100
2026-03-23 11:20:00,42.8,42.86,42.8,42.85,1915
2026-03-23 11:25:00,42.84,42.84,42.74,42.74,300
2026-03-23 11:30:00,42.69,42.7053,42.665,42.67,1350
2026-03-23 11:35:00,42.62,42.62,42.59,42.6,467
2026-03-23 11:40:00,42.59,42.62,42.59,42.6,4930
2026-03-23 11:45:00,42.6,42.6,42.55,42.55,23916
2026-03-23 11:50:00,42.55,42.55,42.45,42.45,1235
2026-03-23 11:55:00,42.42,42.42,42.36,42.36,5220
2026-03-23 12:00:00,42.38,42.41,42.38,42.41,800
2026-03-23 12:05:00,42.3799,42.38,42.29,42.29,1344
2026-03-23 12:10:00,42.27,42.325,42.25,42.25,2227
2026-03-23 12:15:00,42.255,42.28,42.21,42.22,3290
2026-03-23 12:20:00,42.23,42.24,42.23,42.24,300
2026-03-23 12:25:00,42.24,42.24,42.17,42.17,2300
2026-03-23 12:30:00,42.165,42.27,42.165,42.27,1902
2026-03-23 12:35:00,42.29,42.29,42.29,42.29,100
2026-03-23 12:45:00,42.255,42.265,42.21,42.25,4250
2026-03-23 12:50:00,42.27,42.27,42.21,42.21,700
2026-03-23 12:55:00,42.23,42.24,42.23,42.235,6800
2026-03-23 13:00:00,42.24,42.3001,42.24,42.3001,14750
2026-03-23 13:05:00,42.29,42.33,42.27,42.33,900
2026-03-23 13:10:00,42.33,42.36,42.31,42.3301,1976
2026-03-23 13:15:00,42.31,42.34,42.29,42.32,2500
2026-03-23 13:20:00,42.31,42.31,42.29,42.3,2989
2026-03-23 13:25:00,42.33,42.33,42.31,42.32,950
2026-03-23 13:30:00,42.34,42.41,42.33,42.41,6560
2026-03-23 13:35:00,42.48,42.53,42.48,42.53,564
2026-03-23 13:40:00,42.5399,42.5399,42.46,42.47,6486
2026-03-23 13:45:00,42.46,42.46,42.44,42.46,3160
2026-03-23 13:50:00,42.435,42.445,42.435,42.445,2333
2026-03-23 13:55:00,42.48,42.48,42.46,42.48,1278
2026-03-23 14:00:00,42.46,42.47,42.46,42.46,1050
2026-03-23 14:05:00,42.445,42.445,42.32,42.33,4020
2026-03-23 14:10:00,42.32,42.33,42.3,42.31,1300
2026-03-23 14:15:00,42.29,42.32,42.28,42.32,2800
2026-03-23 14:20:00,42.32,42.335,42.31,42.33,1100
2026-03-23 14:25:00,42.34,42.34,42.33,42.33,878
2026-03-23 14:30:00,42.36,42.43,42.36,42.43,2662
2026-03-23 14:35:00,42.45,42.46,42.41,42.42,2703
2026-03-23 14:40:00,42.42,42.44,42.415,42.44,1350
2026-03-23 14:45:00,42.42,42.47,42.42,42.47,3880
2026-03-23 14:50:00,42.45,42.48,42.45,42.47,745
2026-03-23 14:55:00,42.49,42.49,42.47,42.47,700
2026-03-23 15:00:00,42.46,42.465,42.44,42.45,1378
2026-03-23 15:05:00,42.4701,42.4701,42.44,42.47,3071
2026-03-23 15:10:00,42.46,42.4701,42.4,42.405,2636
2026-03-23 15:15:00,42.4192,42.4192,42.39,42.4,3548
2026-03-23 15:20:00,42.395,42.395,42.325,42.325,8710
2026-03-23 15:25:00,42.3299,42.3299,42.28,42.285,5677
2026-03-23 15:30:00,42.295,42.305,42.255,42.29,3134
2026-03-23 15:35:00,42.295,42.3145,42.265,42.31,8368
2026-03-23 15:40:00,42.31,42.365,42.305,42.36,5062
2026-03-23 15:45:00,42.4,42.4,42.32,42.32,5800
2026-03-23 15:50:00,42.35,42.36,42.28,42.28,2709
2026-03-23 15:55:00,42.28,42.28,42.205,42.205,3140
2026-03-23 16:00:00,42.22,42.22,42.22,42.22,282
2026-03-24 09:30:00,42.04,42.04,41.95,42,29816
2026-03-24 09:35:00,41.96,41.96,41.76,41.79,72054
2026-03-24 09:40:00,41.79,41.83,41.71,41.77,44156
2026-03-24 09:45:00,41.77,41.8,41.64,41.64,14385
2026-03-24 09:50:00,41.64,41.675,41.6,41.635,6700
2026-03-24 09:55:00,41.65,41.665,41.59,41.665,20608
2026-03-24 10:00:00,41.68,41.75,41.67,41.74,6681
2026-03-24 10:05:00,41.73,41.81,41.66,41.81,10493
2026-03-24 10:10:00,41.86,41.91,41.78,41.91,10938
2026-03-24 10:15:00,41.9,41.91,41.86,41.9,1992
2026-03-24 10:20:00,41.89,41.975,41.885,41.975,1543
2026-03-24 10:25:00,41.98,42.03,41.98,42.03,4786
2026-03-24 10:30:00,41.98,42.05,41.97,42.045,1956
2026-03-24 10:35:00,42.03,42.03,41.94,41.95,10817
2026-03-24 10:40:00,41.93,41.96,41.93,41.95,3100
2026-03-24 10:45:00,41.95,41.98,41.85,41.85,2008
2026-03-24 10:50:00,41.84,41.96,41.75,41.88,26336
2026-03-24 10:55:00,41.88,41.98,41.86,41.93,5655
2026-03-24 11:00:00,41.95,42.01,41.95,42,8083
2026-03-24 11:05:00,42.01,42.02,41.96,42.01,6924
2026-03-24 11:10:00,42,42.05,41.99,42.04,3715
2026-03-24 11:15:00,42.04,42.11,42.04,42.11,6164
2026-03-24 11:20:00,42.1,42.14,42.1,42.11,3008
2026-03-24 11:25:00,42.123,42.123,42.12,42.12,350
2026-03-24 11:30:00,42.1,42.11,42.09,42.1,1000
2026-03-24 11:35:00,42.18,42.18,42.16,42.16,1200
2026-03-24 11:40:00,42.15,42.19,42.15,42.19,1800
2026-03-24 11:45:00,42.18,42.19,42.16,42.19,11242
2026-03-24 11:50:00,42.16,42.16,42.16,42.16,437
2026-03-24 11:55:00,42.15,42.15,42.05,42.07,2316
2026-03-24 12:00:00,42.07,42.12,42.05,42.12,1400
2026-03-24 12:05:00,42.11,42.11,42.101,42.11,700
2026-03-24 12:10:00,42.11,42.11,42.07,42.08,3600
2026-03-24 12:15:00,42.08,42.13,42.06,42.07,3885
2026-03-24 12:20:00,42.06,42.09,42.06,42.09,2638
2026-03-24 12:25:00,42.09,42.12,42.08,42.12,3000
2026-03-24 12:30:00,42.13,42.13,42.11,42.11,600
2026-03-24 12:35:00,42.08,42.08,42.04,42.05,4811
2026-03-24 12:40:00,42.05,42.1,42.05,42.1,800
2026-03-24 12:45:00,42.13,42.14,42.075,42.075,1100
2026-03-24 12:50:00,42.07,42.11,42.07,42.1,874
2026-03-24 12:55:00,42.095,42.15,42.095,42.15,1088
2026-03-24 13:00:00,42.17,42.18,42.08,42.08,5962
2026-03-24 13:05:00,42.07,42.07,42.04,42.06,2153
2026-03-24 13:10:00,42.06,42.08,42.06,42.08,1115
2026-03-24 13:15:00,42.12,42.12,42.09,42.11,1914
2026-03-24 13:20:00,42.11,42.1499,42.11,42.13,1317
2026-03-24 13:25:00,42.14,42.14,42.12,42.13,3092
2026-03-24 13:30:00,42.11,42.18,42.11,42.15,2500
2026-03-24 13:35:00,42.12,42.18,42.12,42.18,4130
2026-03-24 13:40:00,42.185,42.185,42.08,42.08,11099
2026-03-24 13:45:00,42.07,42.07,42.03,42.0446,3639
2026-03-24 13:50:00,42.04,42.1,42.03,42.03,3235
2026-03-24 13:55:00,42.07,42.17,42.07,42.17,3476
2026-03-24 14:00:00,42.21,42.21,42.16,42.18,700
2026-03-24 14:05:00,42.18,42.21,42.17,42.19,4648
2026-03-24 14:10:00,42.18,42.19,42.15,42.17,2068
2026-03-24 14:15:00,42.15,42.17,42.13,42.155,3541
2026-03-24 14:20:00,42.17,42.17,42.15,42.16,2074
2026-03-24 14:25:00,42.17,42.19,42.17,42.19,736
2026-03-24 14:30:00,42.2,42.28,42.19,42.28,727
2026-03-24 14:35:00,42.285,42.36,42.28,42.35,1742
2026-03-24 14:40:00,42.36,42.36,42.27,42.29,3308
2026-03-24 14:45:00,42.3,42.36,42.28,42.35,6640
2026-03-24 14:50:00,42.35,42.37,42.345,42.37,1220
2026-03-24 14:55:00,42.36,42.37,42.36,42.36,300
2026-03-24 15:00:00,42.41,42.45,42.405,42.43,1958
2026-03-24 15:05:00,42.43,42.43,42.39,42.405,5523
2026-03-24 15:10:00,42.415,42.42,42.415,42.42,600
2026-03-24 15:15:00,42.4,42.41,42.4,42.41,2700
2026-03-24 15:20:00,42.42,42.44,42.405,42.44,1082
2026-03-24 15:25:00,42.44,42.44,42.43,42.43,1046
2026-03-24 15:30:00,42.41,42.41,42.37,42.37,3000
2026-03-24 15:35:00,42.36,42.37,42.34,42.37,2518
2026-03-24 15:40:00,42.37,42.37,42.35,42.35,2148
2026-03-24 15:45:00,42.34,42.37,42.31,42.35,4195
2026-03-24 15:50:00,42.35,42.35,42.2963,42.31,7085
2026-03-24 15:55:00,42.31,42.36,42.29,42.3,6341
2026-03-24 16:00:00,42.29,42.29,42.29,42.29,402
2026-03-24 17:25:00,42.45,42.5,42.45,42.5,241
2026-03-25 09:25:00,42.57,42.57,42.57,42.57,100
2026-03-25 09:30:00,42.53,42.75,42.53,42.67,1664
2026-03-25 09:35:00,42.56,42.56,42.49,42.49,300
2026-03-25 09:40:00,42.49,42.495,42.43,42.44,17350
2026-03-25 09:45:00,42.43,42.43,42.355,42.36,16646
2026-03-25 09:50:00,42.35,42.36,42.27,42.27,20799
2026-03-25 09:55:00,42.29,42.31,42.17,42.17,20340
2026-03-25 10:00:00,42.17,42.19,42.06,42.13,7881
2026-03-25 10:05:00,42.14,42.14,41.96,42.01,7400
2026-03-25 10:10:00,42.01,42.14,42.01,42.14,9123
2026-03-25 10:15:00,42.13,42.15,42.11,42.15,2900
2026-03-25 10:20:00,42.12,42.14,42.08,42.08,3369
2026-03-25 10:25:00,42.09,42.2,42.09,42.2,2600
2026-03-25 10:30:00,42.16,42.21,42.16,42.2,41358
2026-03-25 10:35:00,42.22,42.22,42.14,42.14,5455
2026-03-25 10:40:00,42.14,42.19,42.14,42.14,2442
2026-03-25 10:45:00,42.14,42.16,42.13,42.16,1900
2026-03-25 10:50:00,42.19,42.205,42.18,42.2,3572
2026-03-25 10:55:00,42.21,42.23,42.2,42.2,8190
2026-03-25 11:00:00,42.2,42.2,42.182,42.19,1459
2026-03-25 11:05:00,42.18,42.18,42.08,42.0802,3800
2026-03-25 11:10:00,42.07,42.07,41.9,41.9,9813
2026-03-25 11:15:00,41.93,41.93,41.77,41.82,2700
2026-03-25 11:20:00,41.83,41.97,41.83,41.97,5669
2026-03-25 11:25:00,42,42.08,41.99,42.08,4409
2026-03-25 11:30:00,42.08,42.1,42.08,42.09,704
2026-03-25 11:35:00,42.09,42.09,42.07,42.08,1500
2026-03-25 11:40:00,42.08,42.08,42.05,42.05,300
2026-03-25 11:45:00,42.07,42.08,42.07,42.08,728
2026-03-25 11:50:00,42.08,42.09,42.05,42.07,1136
2026-03-25 11:55:00,42.09,42.09,42.05,42.09,1800
2026-03-25 12:00:00,42.07,42.11,42.07,42.11,1600
2026-03-25 12:05:00,42.1,42.1,42.09,42.1,2400
2026-03-25 12:10:00,42.08,42.09,42.055,42.07,3057
2026-03-25 12:15:00,42.07,42.1,42.06,42.1,2858
2026-03-25 12:20:00,42.11,42.14,42.1,42.14,2816
2026-03-25 12:25:00,42.16,42.19,42.11,42.12,7070
2026-03-25 12:30:00,42.14,42.18,42.14,42.15,2664
2026-03-25 12:35:00,42.15,42.16,42.145,42.16,500
2026-03-25 12:40:00,42.16,42.18,42.16,42.18,1500
2026-03-25 12:45:00,42.15,42.15,42.11,42.11,2200
2026-03-25 12:50:00,42.12,42.12,42.07,42.11,3542
2026-03-25 12:55:00,42.13,42.14,42.12,42.12,1800
2026-03-25 13:00:00,42.13,42.16,42.11,42.15,3285
2026-03-25 13:05:00,42.15,42.17,42.15,42.15,1300
2026-03-25 13:10:00,42.17,42.18,42.16,42.18,300
2026-03-25 13:15:00,42.18,42.205,42.17,42.2,1800
2026-03-25 13:20:00,42.19,42.22,42.19,42.21,1800
2026-03-25 13:25:00,42.21,42.25,42.21,42.25,671
2026-03-25 13:30:00,42.24,42.28,42.23,42.28,1769
2026-03-25 13:35:00,42.27,42.29,42.26,42.28,1141
2026-03-25 13:40:00,42.28,42.32,42.27,42.31,2900
2026-03-25 13:45:00,42.31,42.31,42.27,42.275,1300
2026-03-25 13:50:00,42.28,42.29,42.2,42.21,5200
2026-03-25 13:55:00,42.21,42.295,42.21,42.24,7200
2026-03-25 14:00:00,42.24,42.25,42.23,42.24,1100
2026-03-25 14:05:00,42.26,42.27,42.26,42.27,1140
2026-03-25 14:10:00,42.26,42.27,42.255,42.27,700
2026-03-25 14:15:00,42.28,42.28,42.26,42.28,2500
2026-03-25 14:20:00,42.26,42.27,42.26,42.26,400
2026-03-25 14:25:00,42.265,42.265,42.25,42.25,1321
2026-03-25 14:30:00,42.27,42.29,42.27,42.29,600
2026-03-25 14:35:00,42.28,42.295,42.27,42.29,3467
2026-03-25 14:40:00,42.29,42.29,42.27,42.28,900
2026-03-25 14:45:00,42.27,42.28,42.26,42.28,700
2026-03-25 14:50:00,42.265,42.265,42.25,42.25,1000
2026-03-25 14:55:00,42.23,42.25,42.19,42.25,1800
2026-03-25 15:00:00,42.27,42.27,42.24,42.27,2194
2026-03-25 15:05:00,42.3,42.31,42.3,42.31,2100
2026-03-25 15:10:00,42.31,42.32,42.28,42.29,1400
2026-03-25 15:15:00,42.3,42.32,42.3,42.315,2350
2026-03-25 15:20:00,42.32,42.36,42.32,42.35,2037
2026-03-25 15:25:00,42.35,42.35,42.32,42.32,5631
2026-03-25 15:30:00,42.32,42.33,42.3,42.3,1350
2026-03-25 15:35:00,42.29,42.32,42.28,42.32,1200
2026-03-25 15:40:00,42.31,42.325,42.3,42.3,5950
2026-03-25 15:45:00,42.3,42.3,42.26,42.29,7362
2026-03-25 15:50:00,42.27,42.32,42.27,42.3,4172
2026-03-25 15:55:00,42.335,42.36,42.32,42.33,3858
2026-03-25 16:00:00,42.32,42.32,42.32,42.32,366
2026-03-25 16:10:00,42.32,42.32,42.32,42.32,165
2026-03-26 09:30:00,42.13,42.33,42.13,42.33,22836
2026-03-26 09:35:00,42.32,42.32,42.32,42.32,200
2026-03-26 09:40:00,42.3951,42.5,42.3951,42.5,244
2026-03-26 09:45:00,42.6015,42.6015,42.6015,42.6015,100
2026-03-26 09:50:00,42.68,42.75,42.66,42.66,700
2026-03-26 09:55:00,42.66,42.66,42.6301,42.6301,3121
2026-03-26 10:00:00,42.68,42.68,42.65,42.68,2540
2026-03-26 10:05:00,42.66,42.7,42.61,42.63,5670
2026-03-26 10:10:00,42.61,42.65,42.61,42.64,2490
2026-03-26 10:15:00,42.63,42.63,42.57,42.57,862
2026-03-26 10:20:00,42.56,42.58,42.55,42.56,3271
2026-03-26 10:25:00,42.54,42.55,42.54,42.55,400
2026-03-26 10:30:00,42.58,42.59,42.58,42.59,1500
2026-03-26 10:35:00,42.57,42.57,42.48,42.49,5148
2026-03-26 10:40:00,42.55,42.55,42.43,42.45,2200
2026-03-26 10:45:00,42.5,42.54,42.5,42.54,500
2026-03-26 10:50:00,42.54,42.55,42.54,42.55,200
2026-03-26 10:55:00,42.56,42.57,42.545,42.545,2700
2026-03-26 11:00:00,42.56,42.56,42.51,42.51,2134
2026-03-26 11:05:00,42.53,42.54,42.52,42.52,300
2026-03-26 11:10:00,42.5,42.5,42.49,42.49,272
2026-03-26 11:15:00,42.51,42.51,42.46,42.46,500
2026-03-26 11:20:00,42.46,42.46,42.46,42.46,100
2026-03-26 11:25:00,42.45,42.47,42.45,42.47,600
2026-03-26 11:30:00,42.42,42.44,42.42,42.4368,726
2026-03-26 11:35:00,42.46,42.46,42.46,42.46,200
2026-03-26 11:40:00,42.45,42.47,42.45,42.47,300
2026-03-26 11:45:00,42.47,42.47,42.43,42.44,2581
2026-03-26 11:50:00,42.45,42.46,42.45,42.46,300
2026-03-26 11:55:00,42.45,42.45,42.44,42.44,300
2026-03-26 12:00:00,42.45,42.45,42.45,42.45,1177
2026-03-26 12:05:00,42.49,42.49,42.48,42.48,1350
2026-03-26 12:10:00,42.46,42.47,42.46,42.47,1200
2026-03-26 12:15:00,42.44,42.44,42.41,42.42,500
2026-03-26 12:20:00,42.38,42.38,42.38,42.38,100
2026-03-26 12:25:00,42.33,42.34,42.29,42.29,2622
2026-03-26 12:30:00,42.25,42.26,42.24,42.26,600
2026-03-26 12:35:00,42.26,42.27,42.26,42.27,300
2026-03-26 12:40:00,42.234,42.26,42.234,42.26,250
2026-03-26 12:45:00,42.35,42.35,42.35,42.35,300
2026-03-26 12:50:00,42.37,42.39,42.37,42.37,2198
2026-03-26 12:55:00,42.3599,42.36,42.3599,42.36,450
2026-03-26 13:00:00,42.38,42.38,42.37,42.37,400
2026-03-26 13:05:00,42.36,42.36,42.325,42.33,6540
2026-03-26 13:10:00,42.32,42.32,42.28,42.29,4330
2026-03-26 13:15:00,42.27,42.2701,42.26,42.26,800
2026-03-26 13:20:00,42.28,42.29,42.27,42.28,700
2026-03-26 13:25:00,42.31,42.31,42.31,42.31,322
2026-03-26 13:30:00,42.285,42.29,42.285,42.29,300
2026-03-26 13:35:00,42.3,42.3,42.25,42.25,900
2026-03-26 13:40:00,42.22,42.22,42.21,42.21,300
2026-03-26 13:45:00,42.21,42.21,42.21,42.21,300
2026-03-26 13:50:00,42.18,42.22,42.18,42.22,870
2026-03-26 13:55:00,42.21,42.21,42.19,42.19,1400
2026-03-26 14:00:00,42.1801,42.19,42.18,42.18,1160
2026-03-26 14:05:00,42.21,42.23,42.21,42.22,827
2026-03-26 14:10:00,42.21,42.21,42.18,42.2,400
2026-03-26 14:20:00,42.19,42.21,42.19,42.21,541
2026-03-26 14:25:00,42.19,42.19,42.19,42.19,100
2026-03-26 14:35:00,42.22,42.2274,42.22,42.2274,1000
2026-03-26 14:40:00,42.2053,42.2053,42.2053,42.2053,767
2026-03-26 14:45:00,42.21,42.215,42.1985,42.1985,343
2026-03-26 14:50:00,42.2,42.2084,42.2,42.2084,363
2026-03-26 14:55:00,42.19,42.19,42.19,42.19,300
2026-03-26 15:00:00,42.22,42.22,42.18,42.18,600
2026-03-26 15:05:00,42.13,42.13,42.13,42.13,1100
2026-03-26 15:10:00,42.13,42.13,42.07,42.07,800
2026-03-26 15:15:00,42.08,42.08,42.08,42.08,200
2026-03-26 15:20:00,42.09,42.09,42.09,42.09,214
2026-03-26 15:30:00,42.06,42.06,42.04,42.06,3776
2026-03-26 15:45:00,42.045,42.08,42.045,42.08,1493
2026-03-26 15:50:00,42.09,42.09,42.05,42.06,2806
2026-03-26 15:55:00,42.07,42.11,42.05,42.11,3026
2026-03-26 16:00:00,42.09,42.09,42.09,42.09,163
2026-03-27 09:25:00,42.06,42.06,42.06,42.06,384
2026-03-27 09:30:00,42,42,41.84,41.84,3863
2026-03-27 09:35:00,41.83,41.85,41.8,41.82,10359
2026-03-27 09:40:00,41.8,41.87,41.78,41.87,11220
2026-03-27 09:45:00,41.84,41.88,41.83,41.85,21146
2026-03-27 09:50:00,41.79,41.8,41.77,41.8,500
2026-03-27 09:55:00,41.76,41.76,41.6938,41.6938,5316
2026-03-27 10:00:00,41.7,41.73,41.67,41.67,3327
2026-03-27 10:05:00,41.66,41.66,41.52,41.53,10602
2026-03-27 10:10:00,41.55,41.61,41.55,41.61,2250
2026-03-27 10:15:00,41.64,41.73,41.63,41.71,19938
2026-03-27 10:20:00,41.71,41.71,41.61,41.61,4423
2026-03-27 10:25:00,41.62,41.65,41.47,41.47,27523
2026-03-27 10:30:00,41.46,41.48,41.46,41.47,1847
2026-03-27 10:35:00,41.47,41.47,41.41,41.41,23264
2026-03-27 10:40:00,41.4,41.46,41.4,41.46,673
2026-03-27 10:45:00,41.49,41.57,41.49,41.57,516
2026-03-27 10:50:00,41.59,41.615,41.56,41.56,1058
2026-03-27 11:00:00,41.615,41.615,41.61,41.61,550
2026-03-27 11:05:00,41.59,41.59,41.59,41.59,100
2026-03-27 11:10:00,41.51,41.54,41.48,41.54,945
2026-03-27 11:15:00,41.57,41.57,41.45,41.45,798
2026-03-27 11:20:00,41.445,41.53,41.41,41.47,4282
2026-03-27 11:30:00,41.5,41.54,41.5,41.535,2399
2026-03-27 11:35:00,41.53,41.55,41.53,41.55,200
2026-03-27 11:40:00,41.49,41.49,41.46,41.46,300
2026-03-27 11:45:00,41.46,41.47,41.46,41.47,300
2026-03-27 11:50:00,41.48,41.48,41.42,41.42,3413
2026-03-27 11:55:00,41.4,41.41,41.37,41.38,2188
2026-03-27 12:00:00,41.385,41.385,41.37,41.37,400
2026-03-27 12:05:00,41.33,41.33,41.3,41.3,2526
2026-03-27 12:10:00,41.28,41.28,41.28,41.28,242
2026-03-27 12:15:00,41.2451,41.3,41.2451,41.27,2250
2026-03-27 12:20:00,41.27,41.28,41.22,41.22,820
2026-03-27 12:25:00,41.21,41.21,41.17,41.17,615
2026-03-27 12:35:00,41.19,41.2,41.145,41.145,910
2026-03-27 12:40:00,41.14,41.14,41.08,41.08,1489
2026-03-27 12:45:00,41.06,41.06,41.03,41.03,941
2026-03-27 12:50:00,41.03,41.05,41.02,41.05,1050
2026-03-27 12:55:00,41.065,41.08,41.065,41.07,1567
2026-03-27 13:00:00,41.05,41.055,41.045,41.0501,1410
2026-03-27 13:05:00,41.08,41.1,41.04,41.04,1567
2026-03-27 13:10:00,41.05,41.05,41.05,41.05,200
2026-03-27 13:15:00,41.07,41.07,41.06,41.06,600
2026-03-27 13:20:00,41.04,41.04,41,41.02,2770
2026-03-27 13:25:00,41.0299,41.0299,40.97,40.97,25276
2026-03-27 13:30:00,40.97,41.03,40.97,41.03,1020
2026-03-27 13:35:00,41.07,41.09,41.06,41.09,1101
2026-03-27 13:40:00,41.1,41.12,41.1,41.11,750
2026-03-27 13:45:00,41.11,41.11,41.08,41.08,17097
2026-03-27 13:50:00,41.085,41.085,41.06,41.07,865
2026-03-27 13:55:00,41.07,41.08,41.07,41.08,1650
2026-03-27 14:00:00,41.05,41.05,40.965,40.965,19145
2026-03-27 14:05:00,40.97,40.97,40.95,40.95,968
2026-03-27 14:10:00,40.93,40.93,40.93,40.93,670
2026-03-27 14:15:00,40.95,41.02,40.95,41.02,987
2026-03-27 14:20:00,41.0486,41.0486,41.0486,41.0486,400
2026-03-27 14:25:00,40.99,41.005,40.98,41.005,4062
2026-03-27 14:30:00,41.02,41.03,41.02,41.025,938
2026-03-27 14:35:00,41.02,41.11,41.01,41.11,917
2026-03-27 14:40:00,41.12,41.145,41.12,41.145,299
2026-03-27 14:45:00,41.15,41.15,41.09,41.1,1430
2026-03-27 14:50:00,41.13,41.13,41.06,41.07,1536
2026-03-27 14:55:00,41.065,41.1,41.065,41.07,1193
2026-03-27 15:00:00,41.03,41.03,41,41,439
2026-03-27 15:05:00,40.94,40.94,40.94,40.94,200
2026-03-27 15:10:00,40.96,40.98,40.96,40.98,1788
2026-03-27 15:15:00,40.97,41.035,40.97,41.03,2548
2026-03-27 15:20:00,41.04,41.07,41.04,41.07,2132
2026-03-27 15:25:00,41.08,41.08,41.04,41.06,4529
2026-03-27 15:30:00,41.07,41.07,41.04,41.047,2672
2026-03-27 15:35:00,41.03,41.03,41.01,41.02,5480
2026-03-27 15:40:00,41.01,41.01,40.985,40.985,2565
2026-03-27 15:45:00,40.9899,40.9899,40.92,40.92,10317
2026-03-27 15:50:00,40.935,40.993,40.925,40.993,4161
2026-03-27 15:55:00,40.985,41.06,40.985,41.03,12546
2026-03-27 16:00:00,41.03,41.03,41.03,41.03,379
2026-03-30 09:30:00,41.33,41.33,41.33,41.33,976
2026-03-30 09:35:00,41.14,41.17,41.13,41.17,600
2026-03-30 09:40:00,41.24,41.24,41.17,41.17,3085
2026-03-30 09:45:00,41.13,41.13,40.98,40.98,1102
2026-03-30 09:50:00,40.92,41,40.91,40.99,2812
2026-03-30 09:55:00,41.02,41.04,40.98,40.99,1371
2026-03-30 10:00:00,41,41.01,41,41.01,225
2026-03-30 10:05:00,41.03,41.03,41.02,41.02,200
2026-03-30 10:10:00,41.05,41.09,41.05,41.07,1200
2026-03-30 10:15:00,41.055,41.0687,41,41.05,813
2026-03-30 10:20:00,41.08,41.155,41.08,41.14,1858
2026-03-30 10:25:00,41.15,41.15,41.105,41.105,1000
2026-03-30 10:30:00,41.25,41.25,41.22,41.22,200
2026-03-30 10:35:00,41.17,41.17,41.12,41.131,3643
2026-03-30 10:40:00,41.13,41.15,41.07,41.145,6882
2026-03-30 10:45:00,41.15,41.23,41.15,41.2,13162
2026-03-30 10:50:00,41.19,41.2,41.09,41.11,7418
2026-03-30 10:55:00,41.11,41.23,41.11,41.23,2960
2026-03-30 11:00:00,41.22,41.3,41.21,41.29,5603
2026-03-30 11:05:00,41.3,41.3,41.19,41.22,5811
2026-03-30 11:10:00,41.24,41.27,41.22,41.27,1300
2026-03-30 11:15:00,41.21,41.28,41.21,41.28,3025
2026-03-30 11:20:00,41.31,41.31,41.28,41.28,1316
2026-03-30 11:25:00,41.27,41.27,41.18,41.18,3089
2026-03-30 11:30:00,41.18,41.19,41.15,41.17,1396
2026-03-30 11:35:00,41.19,41.22,41.19,41.22,1224
2026-03-30 11:40:00,41.25,41.25,41.23,41.23,300
2026-03-30 11:45:00,41.2,41.2,41.18,41.19,800
2026-03-30 11:50:00,41.24,41.25,41.24,41.24,900
2026-03-30 11:55:00,41.2,41.21,41.18,41.21,500
2026-03-30 12:00:00,41.2,41.2,41.17,41.17,405
2026-03-30 12:05:00,41.18,41.18,41.18,41.18,400
2026-03-30 12:10:00,41.23,41.27,41.23,41.26,3075
2026-03-30 12:15:00,41.28,41.2809,41.25,41.25,2412
2026-03-30 12:20:00,41.245,41.27,41.235,41.27,5660
2026-03-30 12:25:00,41.29,41.3,41.29,41.3,1200
2026-03-30 12:30:00,41.27,41.28,41.26,41.28,550
2026-03-30 12:35:00,41.28,41.28,41.2,41.21,4676
2026-03-30 12:40:00,41.2,41.2,41.12,41.15,8809
2026-03-30 12:45:00,41.13,41.14,41.03,41.1,19603
2026-03-30 12:50:00,41.09,41.09,41.03,41.03,36732
2026-03-30 12:55:00,41.02,41.09,41.01,41.09,20891
2026-03-30 13:00:00,41.09,41.12,41.075,41.09,10393
2026-03-30 13:05:00,41.1,41.18,41.1,41.14,3448
2026-03-30 13:10:00,41.14,41.14,41.09,41.1,4864
2026-03-30 13:15:00,41.09,41.09,41.04,41.06,5422
2026-03-30 13:20:00,41.05,41.06,41.01,41.04,1800
2026-03-30 13:25:00,41.04,41.04,41.025,41.04,3858
2026-03-30 13:30:00,41.04,41.04,40.98,41,2427
2026-03-30 13:35:00,40.97,41.05,40.965,41.05,12316
2026-03-30 13:40:00,41.05,41.055,41.02,41.055,1200
2026-03-30 13:45:00,41.0514,41.06,40.98,40.98,23431
2026-03-30 13:50:00,40.975,40.975,40.9,40.93,15633
2026-03-30 13:55:00,40.92,41,40.92,41,1938
2026-03-30 14:00:00,41.01,41.03,40.99,41,2156
2026-03-30 14:05:00,41,41.03,41,41.02,1400
2026-03-30 14:10:00,41.0199,41.06,41.0199,41.04,1837
2026-03-30 14:15:00,41.05,41.0599,41.04,41.05,1467
2026-03-30 14:20:00,41.07,41.07,41.03,41.03,810
2026-03-30 14:25:00,41.03,41.05,41.03,41.03,4400
2026-03-30 14:30:00,41.03,41.06,41.02,41.02,8036
2026-03-30 14:35:00,41.02,41.06,41.02,41.03,2920
2026-03-30 14:40:00,41.03,41.045,41.01,41.02,1773
2026-03-30 14:45:00,41.03,41.05,41.03,41.05,1802
2026-03-30 14:50:00,41.05,41.06,41.035,41.06,4716
2026-03-30 14:55:00,41.06,41.06,41.03,41.06,2635
2026-03-30 15:00:00,41.06,41.06,41.03,41.05,5834
2026-03-30 15:05:00,41.05,41.05,40.96,40.97,3854
2026-03-30 15:10:00,40.95,40.96,40.92,40.92,2703
2026-03-30 15:15:00,40.92,40.94,40.875,40.875,21914
2026-03-30 15:20:00,40.875,40.89,40.85,40.88,31096
2026-03-30 15:25:00,40.87,40.88,40.855,40.88,21048
2026-03-30 15:30:00,40.87,40.91,40.87,40.9,29056
2026-03-30 15:35:00,40.89,40.935,40.875,40.935,6699
2026-03-30 15:40:00,40.95,41.01,40.95,40.98,15104
2026-03-30 15:45:00,41,41.06,41,41.01,30959
2026-03-30 15:50:00,40.995,41.04,40.995,41.02,40252
2026-03-30 15:55:00,41.025,41.05,40.98,41,130390
2026-03-30 16:00:00,40.98,40.98,40.98,40.98,15401
2026-03-31 09:30:00,41.24,41.31,41.24,41.31,4652
2026-03-31 09:35:00,41.27,41.3298,41.21,41.26,10596
2026-03-31 09:40:00,41.3,41.32,41.295,41.32,814
2026-03-31 09:45:00,41.33,41.475,41.33,41.475,12733
2026-03-31 09:50:00,41.47,41.5,41.44,41.44,653
2026-03-31 09:55:00,41.47,41.47,41.4601,41.4601,316
2026-03-31 10:00:00,41.56,41.56,41.51,41.51,500
2026-03-31 10:05:00,41.52,41.52,41.45,41.47,64281
2026-03-31 10:10:00,41.48,41.5,41.475,41.5,6300
2026-03-31 10:15:00,41.49,41.5,41.34,41.46,4678
2026-03-31 10:20:00,41.465,41.53,41.465,41.53,4937
2026-03-31 10:25:00,41.52,41.55,41.52,41.55,8466
2026-03-31 10:30:00,41.55,41.55,41.52,41.54,590
2026-03-31 10:35:00,41.53,41.53,41.36,41.375,4575
2026-03-31 10:40:00,41.41,41.445,41.35,41.38,1800
2026-03-31 10:45:00,41.38,41.38,41.22,41.22,1200
2026-03-31 10:50:00,41.22,41.255,41.16,41.165,7208
2026-03-31 10:55:00,41.16,41.24,41.155,41.24,11738
2026-03-31 11:00:00,41.26,41.36,41.26,41.33,1100
2026-03-31 11:05:00,41.345,41.41,41.345,41.38,5725
2026-03-31 11:10:00,41.38,41.3999,41.3781,41.3999,1252
2026-03-31 11:15:00,41.46,41.49,41.43,41.49,3545
2026-03-31 11:20:00,41.46,41.47,41.41,41.47,10099
2026-03-31 11:25:00,41.46,41.46,41.39,41.41,5768
2026-03-31 11:30:00,41.38,41.38,41.35,41.38,10088
2026-03-31 11:35:00,41.41,41.46,41.41,41.42,7666
2026-03-31 11:40:00,41.42,41.46,41.42,41.46,1855
2026-03-31 11:45:00,41.47,41.47,41.43,41.44,5912
2026-03-31 11:50:00,41.445,41.48,41.43,41.44,4133
2026-03-31 11:55:00,41.44,41.44,41.38,41.38,15072
2026-03-31 12:00:00,41.37,41.47,41.37,41.46,1420
2026-03-31 12:05:00,41.45,41.46,41.43,41.45,5500
2026-03-31 12:10:00,41.45,41.48,41.45,41.48,600
2026-03-31 12:15:00,41.48,41.48,41.46,41.46,504
2026-03-31 12:20:00,41.44,41.48,41.44,41.48,350
2026-03-31 12:25:00,41.46,41.465,41.45,41.45,800
2026-03-31 12:30:00,41.4401,41.4401,41.38,41.4,940
2026-03-31 12:35:00,41.42,41.61,41.41,41.61,7238
2026-03-31 12:40:00,41.76,42.06,41.75,41.77,26212
2026-03-31 12:45:00,41.73,41.74,41.57,41.62,12203
2026-03-31 12:50:00,41.63,41.7,41.59,41.615,1602
2026-03-31 12:55:00,41.615,41.65,41.6,41.65,1500
2026-03-31 13:00:00,41.6547,41.72,41.6505,41.72,1699
2026-03-31 13:05:00,41.7,41.7,41.64,41.64,1200
2026-03-31 13:10:00,41.615,41.71,41.615,41.71,5407
2026-03-31 13:15:00,41.7599,41.78,41.7599,41.78,592
2026-03-31 13:20:00,41.78,41.8,41.75,41.78,49937
2026-03-31 13:25:00,41.76,41.76,41.65,41.65,2870
2026-03-31 13:30:00,41.65,41.67,41.65,41.67,1900
2026-03-31 13:35:00,41.71,41.72,41.61,41.63,3814
2026-03-31 13:40:00,41.66,41.68,41.63,41.63,3326
2026-03-31 13:45:00,41.67,41.67,41.655,41.655,1832
2026-03-31 13:50:00,41.65,41.66,41.61,41.66,4927
2026-03-31 13:55:00,41.63,41.66,41.63,41.66,32055
2026-03-31 14:00:00,41.66,41.67,41.65,41.67,3819
2026-03-31 14:05:00,41.645,41.7061,41.64,41.695,3975
2026-03-31 14:10:00,41.7,41.7,41.65,41.68,3700
2026-03-31 14:15:00,41.7001,41.74,41.7001,41.73,303
2026-03-31 14:20:00,41.73,41.73,41.675,41.69,2715
2026-03-31 14:25:00,41.67,41.73,41.66,41.71,2288
2026-03-31 14:30:00,41.7,41.7,41.63,41.67,9969
2026-03-31 14:35:00,41.67,41.76,41.67,41.735,27040
2026-03-31 14:40:00,41.74,41.76,41.715,41.72,71370
2026-03-31 14:45:00,41.76,41.78,41.7,41.74,5984
2026-03-31 14:50:00,41.76,41.8,41.76,41.8,3442
2026-03-31 14:55:00,41.8,41.81,41.79,41.8,2120
2026-03-31 15:00:00,41.805,41.83,41.8,41.81,7455
2026-03-31 15:05:00,41.79,41.82,41.78,41.8,11008
2026-03-31 15:10:00,41.81,41.86,41.81,41.82,10695
2026-03-31 15:15:00,41.83,41.87,41.81,41.85,7569
2026-03-31 15:20:00,41.85,41.875,41.84,41.85,15977
2026-03-31 15:25:00,41.85,41.9,41.85,41.89,9777
2026-03-31 15:30:00,41.89,41.9,41.87,41.88,25697
2026-03-31 15:35:00,41.88,41.93,41.88,41.93,8089
2026-03-31 15:40:00,41.92,41.92,41.86,41.9,25368
2026-03-31 15:45:00,41.87,41.98,41.87,41.98,15254
2026-03-31 15:50:00,41.94,41.94,41.81,41.82,27602
2026-03-31 15:55:00,41.83,41.89,41.815,41.88,51741
2026-03-31 16:00:00,41.85,41.85,41.85,41.85,7168
2026-04-01 09:25:00,42.01,42.01,42.01,42.01,600
2026-04-01 09:30:00,42.12,42.185,42.01,42.11,23681
2026-04-01 09:35:00,42.085,42.145,42.03,42.125,2220
2026-04-01 09:40:00,42.165,42.18,42,42.015,15004
2026-04-01 09:45:00,42.015,42.03,41.945,41.945,14509
2026-04-01 09:50:00,41.945,41.95,41.86,41.93,4593
2026-04-01 09:55:00,42.03,42.04,41.95,41.95,3511
2026-04-01 10:00:00,41.94,42,41.93,42,4754
2026-04-01 10:05:00,42.02,42.02,41.945,41.975,7331
2026-04-01 10:10:00,41.975,41.975,41.9,41.94,10506
2026-04-01 10:15:00,41.94,41.98,41.925,41.98,5175
2026-04-01 10:20:00,41.98,42.03,41.96,42.03,1919
2026-04-01 10:25:00,42.05,42.05,41.995,42.02,3458
2026-04-01 10:30:00,42.01,42.1,41.99,42.035,3682
2026-04-01 10:35:00,42.03,42.1,41.96,42.05,7108
2026-04-01 10:40:00,42.045,42.115,42.02,42.11,5401
2026-04-01 10:45:00,42.12,42.19,42.11,42.185,5064
2026-04-01 10:50:00,42.19,42.22,42.18,42.22,2100
2026-04-01 10:55:00,42.23,42.26,42.2,42.2,1852
2026-04-01 11:00:00,42.2,42.21,42.16,42.16,1700
2026-04-01 11:05:00,42.14,42.24,42.0498,42.24,159509
2026-04-01 11:10:00,42.24,42.3,42.22,42.26,3148
2026-04-01 11:15:00,42.26,42.295,42.23,42.295,5547
2026-04-01 11:20:00,42.29,42.31,42.29,42.29,2092
2026-04-01 11:25:00,42.25,42.27,42.24,42.24,4457
2026-04-01 11:30:00,42.22,42.23,42.205,42.23,2040
2026-04-01 11:35:00,42.22,42.28,42.22,42.2601,4477
2026-04-01 11:40:00,42.27,42.27,42.24,42.25,1618
2026-04-01 11:45:00,42.26,42.27,42.24,42.24,1206
2026-04-01 11:50:00,42.23,42.25,42.23,42.25,518
2026-04-01 11:55:00,42.24,42.29,42.24,42.29,1400
2026-04-01 12:00:00,42.27,42.275,42.25,42.25,1046
2026-04-01 12:05:00,42.28,42.3,42.28,42.2809,964
2026-04-01 12:10:00,42.28,42.28,42.24,42.25,2596
2026-04-01 12:15:00,42.26,42.27,42.23,42.23,605
2026-04-01 12:20:00,42.18,42.2,42.18,42.2,300
2026-04-01 12:25:00,42.19,42.19,42.18,42.18,200
2026-04-01 12:30:00,42.17,42.18,42.17,42.18,200
2026-04-01 12:35:00,42.26,42.27,42.23,42.24,800
2026-04-01 12:40:00,42.25,42.26,42.25,42.26,500
2026-04-01 12:45:00,42.24,42.24,42.22,42.23,658
2026-04-01 12:50:00,42.24,42.25,42.24,42.24,936
2026-04-01 12:55:00,42.26,42.28,42.26,42.28,1044
2026-04-01 13:00:00,42.27,42.27,42.25,42.25,618
2026-04-01 13:05:00,42.3,42.3,42.28,42.28,300
2026-04-01 13:10:00,42.315,42.33,42.315,42.33,333
2026-04-01 13:15:00,42.31,42.31,42.3,42.3,1010
2026-04-01 13:20:00,42.33,42.33,42.33,42.33,200
2026-04-01 13:25:00,42.32,42.32,42.315,42.32,956
2026-04-01 13:30:00,42.33,42.355,42.33,42.355,1600
2026-04-01 13:35:00,42.34,42.36,42.34,42.36,200
2026-04-01 13:40:00,42.37,42.4,42.37,42.39,2700
2026-04-01 13:45:00,42.41,42.41,42.41,42.41,100
2026-04-01 13:50:00,42.41,42.41,42.41,42.41,100
2026-04-01 13:55:00,42.37,42.37,42.3,42.3,1692
2026-04-01 14:00:00,42.28,42.28,42.2,42.2,2133
2026-04-01 14:05:00,42.23,42.2741,42.23,42.27,1718
2026-04-01 14:10:00,42.28,42.28,42.27,42.27,500
2026-04-01 14:15:00,42.23,42.23,42.1976,42.2,1300
2026-04-01 14:20:00,42.19,42.19,42.15,42.16,8820
2026-04-01 14:25:00,42.19,42.2,42.19,42.19,3200
2026-04-01 14:30:00,42.17,42.17,42.158,42.158,1774
2026-04-01 14:35:00,42.14,42.19,42.13,42.18,9007
2026-04-01 14:40:00,42.21,42.22,42.19,42.19,2200
2026-04-01 14:45:00,42.22,42.23,42.21,42.22,700
2026-04-01 14:50:00,42.22,42.25,42.22,42.25,200
2026-04-01 14:55:00,42.23,42.23,42.22,42.23,400
2026-04-01 15:00:00,42.28,42.28,42.27,42.27,500
2026-04-01 15:05:00,42.2604,42.28,42.2604,42.27,599
2026-04-01 15:10:00,42.28,42.28,42.22,42.22,400
2026-04-01 15:15:00,42.24,42.24,42.24,42.24,100
2026-04-01 15:20:00,42.21,42.21,42.21,42.21,100
2026-04-01 15:25:00,42.225,42.24,42.225,42.23,3687
2026-04-01 15:30:00,42.22,42.22,42.21,42.2199,2124
2026-04-01 15:35:00,42.23,42.26,42.23,42.26,6714
2026-04-01 15:40:00,42.25,42.28,42.23,42.23,1771
2026-04-01 15:45:00,42.22,42.23,42.21,42.23,1356
2026-04-01 15:50:00,42.22,42.22,42.16,42.21,2594
2026-04-01 15:55:00,42.19,42.22,42.15,42.15,25527
2026-04-01 16:00:00,42.15,42.15,42.15,42.15,2789
2026-04-02 09:30:00,41.82,41.8697,41.755,41.83,5766
2026-04-02 09:35:00,41.81,41.81,41.77,41.77,800
2026-04-02 09:40:00,41.7224,41.81,41.7,41.76,1231
2026-04-02 09:45:00,41.82,41.93,41.82,41.89,6816
2026-04-02 09:50:00,41.92,41.97,41.92,41.96,1750
2026-04-02 09:55:00,41.94,42,41.93,42,3557
2026-04-02 10:00:00,41.98,42.02,41.98,42.02,2182
2026-04-02 10:05:00,41.99,41.99,41.98,41.98,400
2026-04-02 10:10:00,41.98,41.98,41.92,41.97,800
2026-04-02 10:15:00,41.97,41.97,41.97,41.97,200
2026-04-02 10:20:00,41.995,42.0199,41.98,42.01,3110
2026-04-02 10:25:00,42.0199,42.11,42,42.1099,7346
2026-04-02 10:30:00,42.14,42.2,42.13,42.2,7887
2026-04-02 10:35:00,42.238,42.7,42.22,42.47,118105
2026-04-02 10:40:00,42.49,42.54,42.35,42.3701,15800
2026-04-02 10:45:00,42.3701,42.39,42.34,42.39,5600
2026-04-02 10:50:00,42.38,42.4,42.36,42.38,1100
2026-04-02 10:55:00,42.39,42.5,42.39,42.5,2300
2026-04-02 11:00:00,42.47,42.47,42.34,42.38,2800
2026-04-02 11:05:00,42.33,42.36,42.32,42.32,1100
2026-04-02 11:10:00,42.325,42.325,42.32,42.32,200
2026-04-02 11:15:00,42.38,42.38,42.38,42.38,200
2026-04-02 11:20:00,42.365,42.39,42.35,42.35,2119
2026-04-02 11:25:00,42.43,42.44,42.43,42.44,300
2026-04-02 11:30:00,42.44,42.44,42.42,42.42,328
2026-04-02 11:35:00,42.4,42.4,42.4,42.4,100
2026-04-02 11:40:00,42.4,42.4,42.37,42.38,2108
2026-04-02 11:45:00,42.37,42.38,42.34,42.34,2232
2026-04-02 11:50:00,42.32,42.35,42.32,42.35,780
2026-04-02 11:55:00,42.37,42.37,42.33,42.34,642
2026-04-02 12:00:00,42.36,42.37,42.36,42.37,1085
2026-04-02 12:05:00,42.37,42.37,42.32,42.33,1542
2026-04-02 12:10:00,42.32,42.39,42.32,42.39,1297
2026-04-02 12:15:00,42.35,42.35,42.305,42.305,1563
2026-04-02 12:20:00,42.305,42.305,42.305,42.305,100
2026-04-02 12:25:00,42.27,42.27,42.13,42.21,18440
2026-04-02 12:30:00,42.22,42.33,42.22,42.32,9915
2026-04-02 12:35:00,42.31,42.31,42.27,42.27,2013
2026-04-02 12:40:00,42.3,42.34,42.3,42.34,1348
2026-04-02 12:45:00,42.34,42.37,42.34,42.355,1108
2026-04-02 12:50:00,42.37,42.37,42.36,42.36,3040
2026-04-02 12:55:00,42.35,42.35,42.25,42.26,3672
2026-04-02 13:00:00,42.245,42.245,42.24,42.24,310
2026-04-02 13:05:00,42.2801,42.2801,42.2801,42.2801,200
2026-04-02 13:10:00,42.3,42.3,42.26,42.29,1642
2026-04-02 13:15:00,42.29,42.33,42.29,42.33,1760
2026-04-02 13:20:00,42.33,42.34,42.325,42.33,1110
2026-04-02 13:25:00,42.35,42.35,42.32,42.32,1207
2026-04-02 13:30:00,42.31,42.355,42.31,42.355,2662
2026-04-02 13:35:00,42.355,42.36,42.35,42.36,541
2026-04-02 13:45:00,42.36,42.36,42.32,42.32,1440
2026-04-02 13:50:00,42.32,42.33,42.32,42.33,1000
2026-04-02 13:55:00,42.33,42.33,42.33,42.33,370
2026-04-02 14:00:00,42.36,42.36,42.35,42.35,2534
2026-04-02 14:05:00,42.35,42.38,42.34,42.34,482
2026-04-02 14:10:00,42.3598,42.38,42.3598,42.37,1649
2026-04-02 14:15:00,42.35,42.35,42.3,42.3,2394
2026-04-02 14:20:00,42.33,42.33,42.2801,42.29,2586
2026-04-02 14:25:00,42.27,42.27,42.25,42.25,1664
2026-04-02 14:30:00,42.28,42.29,42.28,42.29,2016
2026-04-02 14:35:00,42.29,42.29,42.29,42.29,180
2026-04-02 14:40:00,42.27,42.3,42.27,42.3,1188
2026-04-02 14:45:00,42.3,42.36,42.3,42.36,647
2026-04-02 14:50:00,42.36,42.38,42.36,42.38,647
2026-04-02 14:55:00,42.35,42.35,42.35,42.35,600
2026-04-02 15:05:00,42.37,42.39,42.37,42.39,300
2026-04-02 15:10:00,42.3986,42.3986,42.3986,42.3986,566
2026-04-02 15:15:00,42.38,42.38,42.3722,42.38,904
2026-04-02 15:20:00,42.4,42.4,42.36,42.38,1442
2026-04-02 15:25:00,42.36,42.36,42.345,42.345,584
2026-04-02 15:30:00,42.345,42.36,42.345,42.35,574
2026-04-02 15:35:00,42.38,42.4,42.37,42.385,1370
2026-04-02 15:40:00,42.39,42.39,42.39,42.39,560
2026-04-02 15:45:00,42.42,42.43,42.42,42.43,1408
2026-04-02 15:50:00,42.43,42.445,42.42,42.445,1431
2026-04-02 15:55:00,42.47,42.505,42.47,42.5,6239
2026-04-02 16:00:00,42.5,42.5,42.485,42.5,1970
2026-04-06 09:30:00,42.5,42.52,42.41,42.495,13074
2026-04-06 09:35:00,42.53,42.61,42.44,42.51,3251
2026-04-06 09:40:00,42.52,42.62,42.5,42.62,1575
2026-04-06 09:45:00,42.58,42.63,42.57,42.62,7190
2026-04-06 09:50:00,42.59,42.76,42.57,42.73,3260
2026-04-06 09:55:00,42.77,42.85,42.77,42.85,20051
2026-04-06 10:00:00,42.84,42.96,42.81,42.82,19662
2026-04-06 10:05:00,42.81,42.89,42.77,42.88,11942
2026-04-06 10:10:00,42.875,42.94,42.79,42.91,12985
2026-04-06 10:15:00,42.905,42.95,42.85,42.9,5914
2026-04-06 10:20:00,42.905,43.02,42.905,43,4300
2026-04-06 10:25:00,43,43.02,42.97,43,2470
2026-04-06 10:30:00,43.02,43.05,42.98,42.99,10547
2026-04-06 10:35:00,42.98,43,42.88,42.9,5167
2026-04-06 10:40:00,42.91,42.95,42.9,42.9399,4635
2026-04-06 10:45:00,42.93,42.93,42.885,42.89,3138
2026-04-06 10:50:00,42.905,42.96,42.905,42.95,2100
2026-04-06 10:55:00,42.95,42.99,42.95,42.95,15105
2026-04-06 11:00:00,42.955,42.96,42.93,42.94,3811
2026-04-06 11:05:00,42.95,42.97,42.94,42.96,3269
2026-04-06 11:10:00,42.95,42.99,42.93,42.975,3434
2026-04-06 11:15:00,42.975,42.99,42.91,42.92,7050
2026-04-06 11:20:00,42.92,42.96,42.92,42.9499,7580
2026-04-06 11:25:00,42.93,42.94,42.9,42.92,4333
2026-04-06 11:30:00,42.91,42.95,42.9,42.9397,4169
2026-04-06 11:35:00,42.93,42.94,42.875,42.91,2042
2026-04-06 11:40:00,42.905,42.94,42.86,42.925,4975
2026-04-06 11:45:00,42.92,42.95,42.9,42.95,1810
2026-04-06 11:50:00,42.94,42.98,42.94,42.95,1800
2026-04-06 11:55:00,42.95,42.99,42.95,42.97,2000
2026-04-06 12:00:00,42.97,42.98,42.95,42.96,4740
2026-04-06 12:05:00,42.955,42.98,42.955,42.96,2231
2026-04-06 12:10:00,42.96,42.99,42.96,42.98,2540
2026-04-06 12:15:00,42.985,43,42.96,43,3035
2026-04-06 12:20:00,42.995,43,42.98,43,2432
2026-04-06 12:25:00,43.01,43.01,42.94,42.94,4157
2026-04-06 12:30:00,42.96,42.995,42.96,42.99,440
2026-04-06 12:35:00,42.98,42.98,42.98,42.98,200
2026-04-06 12:40:00,42.97,42.99,42.96,42.99,3558
2026-04-06 12:45:00,42.98,43,42.97,42.98,1430
2026-04-06 12:50:00,42.98,42.99,42.96,42.97,835
2026-04-06 12:55:00,42.97,43.02,42.97,43,2299
2026-04-06 13:00:00,43,43,42.95,42.96,25922
2026-04-06 13:05:00,42.97,43,42.955,43,5575
2026-04-06 13:10:00,42.96,42.97,42.8801,42.9,14802
2026-04-06 13:15:00,42.89,42.94,42.89,42.93,2640
2026-04-06 13:20:00,42.91,42.98,42.91,42.98,3260
2026-04-06 13:25:00,42.97,43,42.97,43,1357
2026-04-06 13:30:00,42.97,43.01,42.97,43.01,1653
2026-04-06 13:35:00,42.98,42.98,42.98,42.98,783
2026-04-06 13:40:00,42.99,43,42.98,42.99,2368
2026-04-06 13:45:00,42.95,42.95,42.91,42.92,1546
2026-04-06 13:50:00,42.93,42.94,42.93,42.94,1450
2026-04-06 13:55:00,42.95,42.95,42.93,42.93,1113
2026-04-06 14:00:00,42.93,42.95,42.93,42.95,1181
2026-04-06 14:10:00,42.96,43.01,42.94,42.95,6099
2026-04-06 14:15:00,42.95,42.97,42.95,42.95,6070
2026-04-06 14:20:00,42.955,42.97,42.95,42.97,2336
2026-04-06 14:25:00,42.97,43.01,42.95,43.01,8883
2026-04-06 14:30:00,43.03,43.03,42.97,42.97,1556
2026-04-06 14:35:00,42.9699,42.97,42.93,42.93,34596
2026-04-06 14:40:00,42.93,42.93,42.915,42.93,17146
2026-04-06 14:45:00,42.93,42.95,42.922,42.935,33043
2026-04-06 14:50:00,42.9301,42.955,42.93,42.9501,10726
2026-04-06 14:55:00,42.955,42.97,42.94,42.97,12845
2026-04-06 15:00:00,42.96,42.99,42.95,42.99,5516
2026-04-06 15:05:00,42.98,42.98,42.95,42.95,13600
2026-04-06 15:10:00,42.96,42.97,42.95,42.97,4901
2026-04-06 15:15:00,42.97,43,42.97,42.98,9421
2026-04-06 15:20:00,42.985,42.992,42.925,42.93,12407
2026-04-06 15:25:00,42.93,42.96,42.92,42.95,10978
2026-04-06 15:30:00,42.95,42.96,42.94,42.96,1711
2026-04-06 15:35:00,42.95,42.95,42.94,42.94,3237
2026-04-06 15:40:00,42.95,43,42.95,42.99,21542
2026-04-06 15:45:00,42.9901,43.015,42.9901,43.01,3334
2026-04-06 15:50:00,43,43.0202,43,43.0202,4344
2026-04-06 15:55:00,43.02,43.02,42.97,43.01,9672
2026-04-06 16:00:00,43.02,43.02,43.02,43.02,4315
2026-04-06 16:10:00,43.19,43.75,43.19,43.73,11762
2026-04-06 16:15:00,43.26,44,43.25,44,400
2026-04-06 16:20:00,44.25,44.75,44.25,44.75,300
2026-04-06 16:25:00,45,45,45,45,100
2026-04-06 16:30:00,44.8,45,44.8,45,10600
2026-04-06 16:45:00,44.56,44.88,44.56,44.7,724
2026-04-06 16:50:00,44.91,44.91,44.82,44.82,500
2026-04-06 16:55:00,44.83,44.83,44.83,44.83,125
2026-04-06 17:00:00,44.91,44.92,44.91,44.92,250
2026-04-06 17:05:00,44.95,44.95,44.95,44.95,100
2026-04-06 17:20:00,44.99,44.99,44.99,44.99,375
2026-04-06 17:25:00,45,45,45,45,3000
2026-04-06 18:05:00,44.7,44.7,44.65,44.65,900
2026-04-07 04:00:00,43.25,43.25,43.25,43.25,230
2026-04-07 07:00:00,44.21,44.21,44.21,44.21,200
2026-04-07 07:05:00,44.35,44.35,44.1,44.1,540
2026-04-07 07:15:00,44.21,44.21,44.21,44.21,500
2026-04-07 08:00:00,44.4623,44.4623,44.4623,44.4623,100
2026-04-07 08:45:00,44.39,44.4,44.39,44.4,640
2026-04-07 08:50:00,44.487,44.487,44.487,44.487,1500
2026-04-07 08:55:00,44.5,44.5,44.5,44.5,230
2026-04-07 09:05:00,44.6628,44.6628,44.6628,44.6628,100
2026-04-07 09:20:00,44.63,44.63,44.63,44.63,200
2026-04-07 09:25:00,44.62,44.63,44.62,44.63,676
2026-04-07 09:30:00,44.7,44.72,44.47,44.58,70217
2026-04-07 09:35:00,44.55,44.58,44.31,44.33,20063
2026-04-07 09:40:00,44.35,44.41,44.3,44.32,32762
2026-04-07 09:45:00,44.3,44.335,44.11,44.22,56497
2026-04-07 09:50:00,44.25,44.32,44.23,44.28,47710
2026-04-07 09:55:00,44.3,44.33,44.09,44.095,49764
2026-04-07 10:00:00,44.1,44.105,43.95,44.05,47677
2026-04-07 10:05:00,44.05,44.07,44.01,44.06,14404
2026-04-07 10:10:00,44.06,44.12,44.02,44.1,7195
2026-04-07 10:15:00,44.1,44.13,44.04,44.12,5433
2026-04-07 10:20:00,44.15,44.29,44.11,44.285,32119
2026-04-07 10:25:00,44.285,44.315,44.26,44.29,5879
2026-04-07 10:30:00,44.29,44.35,44.23,44.33,5193
2026-04-07 10:35:00,44.3,44.38,44.25,44.37,9737
2026-04-07 10:40:00,44.38,44.4,44.355,44.39,17770
2026-04-07 10:45:00,44.38,44.435,44.355,44.385,16728
2026-04-07 10:50:00,44.39,44.39,44.345,44.37,3330
2026-04-07 10:55:00,44.38,44.42,44.34,44.36,6191
2026-04-07 11:00:00,44.35,44.44,44.32,44.42,7694
2026-04-07 11:05:00,44.38,44.45,44.37,44.38,26583
2026-04-07 11:10:00,44.385,44.45,44.37,44.38,95926
2026-04-07 11:15:00,44.37,44.475,44.36,44.41,17289
2026-04-07 11:20:00,44.42,44.43,44.33,44.35,4441
2026-04-07 11:25:00,44.35,44.39,44.32,44.39,1600
2026-04-07 11:30:00,44.42,44.425,44.36,44.39,6945
2026-04-07 11:35:00,44.39,44.495,44.38,44.49,6476
2026-04-07 11:40:00,44.48,44.48,44.37,44.39,4752
2026-04-07 11:45:00,44.39,44.43,44.39,44.41,4872
2026-04-07 11:50:00,44.44,44.46,44.41,44.44,5003
2026-04-07 11:55:00,44.48,44.5,44.41,44.48,51698
2026-04-07 12:00:00,44.5,44.76,44.5,44.65,65003
2026-04-07 12:05:00,44.64,44.7,44.63,44.65,5979
2026-04-07 12:10:00,44.65,44.74,44.65,44.71,45072
2026-04-07 12:15:00,44.71,44.725,44.69,44.695,22130
2026-04-07 12:20:00,44.6799,44.715,44.64,44.685,84691
2026-04-07 12:25:00,44.69,44.75,44.68,44.74,53938
2026-04-07 12:30:00,44.73,44.735,44.7,44.73,7813
2026-04-07 12:35:00,44.74,44.75,44.66,44.66,6530
2026-04-07 12:40:00,44.67,44.71,44.66,44.66,2100
2026-04-07 12:45:00,44.67,44.71,44.655,44.67,8695
2026-04-07 12:50:00,44.68,44.74,44.68,44.74,3354
2026-04-07 12:55:00,44.7,44.71,44.69,44.69,4703
2026-04-07 13:00:00,44.67,44.72,44.65,44.71,6350
2026-04-07 13:05:00,44.7101,44.74,44.68,44.74,9035
2026-04-07 13:10:00,44.76,44.79,44.76,44.79,1740
2026-04-07 13:15:00,44.74,44.74,44.71,44.72,2365
2026-04-07 13:20:00,44.72,44.72,44.66,44.71,3308
2026-04-07 13:25:00,44.71,44.73,44.68,44.68,3228
2026-04-07 13:30:00,44.7,44.78,44.7,44.78,2416
2026-04-07 13:35:00,44.8,44.9,44.8,44.85,33154
2026-04-07 13:40:00,44.85,44.91,44.83,44.89,30868
2026-04-07 13:45:00,44.9199,44.9199,44.85,44.85,4267
2026-04-07 13:50:00,44.85,44.87,44.84,44.84,1420
2026-04-07 13:55:00,44.84,44.86,44.82,44.82,2080
2026-04-07 14:00:00,44.82,44.82,44.78,44.8,4630
2026-04-07 14:05:00,44.79,44.8,44.76,44.78,7483
2026-04-07 14:10:00,44.785,44.795,44.745,44.79,16030
2026-04-07 14:15:00,44.79,44.815,44.78,44.8125,22251
2026-04-07 14:20:00,44.81,44.81,44.74,44.74,17211
2026-04-07 14:25:00,44.755,44.78,44.74,44.78,28942
2026-04-07 14:30:00,44.795,44.805,44.77,44.8,26693
2026-04-07 14:35:00,44.8,44.805,44.745,44.75,19960
2026-04-07 14:40:00,44.745,44.745,44.71,44.72,20169
2026-04-07 14:45:00,44.71,44.735,44.68,44.68,8419
2026-04-07 14:50:00,44.68,44.68,44.58,44.58,13044
2026-04-07 14:55:00,44.59,44.59,44.55,44.56,20577
2026-04-07 15:00:00,44.56,44.605,44.55,44.6,21472
2026-04-07 15:05:00,44.605,44.605,44.515,44.53,16479
2026-04-07 15:10:00,44.525,44.57,44.505,44.52,10609
2026-04-07 15:15:00,44.53,44.63,44.52,44.62,33482
2026-04-07 15:20:00,44.61,44.68,44.6,44.65,15513
2026-04-07 15:25:00,44.65,44.67,44.598,44.67,24061
2026-04-07 15:30:00,44.66,44.66,44.6,44.6,21447
2026-04-07 15:35:00,44.57,44.57,44.47,44.47,25920
2026-04-07 15:40:00,44.47,44.505,44.42,44.48,42847
2026-04-07 15:45:00,44.48,44.6,44.46,44.52,42609
2026-04-07 15:50:00,44.53,44.54,44.492,44.52,28666
2026-04-07 15:55:00,44.51,44.59,44.5,44.59,36900
2026-04-07 16:00:00,44.59,44.59,44.59,44.59,1082
2026-04-07 17:10:00,44.5487,44.5487,44.5487,44.5487,500
2026-04-07 18:00:00,44.73,44.73,44.5,44.5,214
2026-04-07 18:30:00,44.99,45,44.25,44.4,3400
2026-04-07 18:40:00,45,45,45,45,100
2026-04-07 19:00:00,45.24,45.24,45.1525,45.2125,6100
2026-04-07 19:20:00,45.4754,45.4754,45.25,45.3614,6000
2026-04-08 07:00:00,44.86,44.86,44.86,44.86,274
2026-04-08 09:30:00,45.27,45.44,45.155,45.2,22099
2026-04-08 09:35:00,45.2074,45.35,45.14,45.226,8833
2026-04-08 09:40:00,45.24,45.265,45.13,45.14,13552
2026-04-08 09:45:00,45.13,45.13,45.042,45.13,14365
2026-04-08 09:50:00,45.1075,45.16,45.1075,45.115,2342
2026-04-08 09:55:00,45.1,45.15,45.1,45.15,3325
2026-04-08 10:00:00,45.15,45.2,45.0999,45.17,25386
2026-04-08 10:05:00,45.1627,45.2,45.055,45.07,31892
2026-04-08 10:10:00,45.08,45.11,45.05,45.07,11759
2026-04-08 10:15:00,45.065,45.15,45.05,45.12,14025
2026-04-08 10:20:00,45.13,45.13,45.06,45.07,3259
2026-04-08 10:25:00,45.08,45.11,45.05,45.05,8670
2026-04-08 10:30:00,45.02,45.02,44.91,44.97,9722
2026-04-08 10:35:00,44.97,44.97,44.88,44.89,7345
2026-04-08 10:40:00,44.89,44.94,44.86,44.94,5377
2026-04-08 10:45:00,44.94,44.98,44.93,44.98,1410
2026-04-08 10:50:00,44.96,44.96,44.92,44.92,3270
2026-04-08 10:55:00,44.94,44.97,44.86,44.97,7903
2026-04-08 11:00:00,44.95,44.96,44.91,44.95,1300
2026-04-08 11:05:00,44.93,44.93,44.9,44.9,1000
2026-04-08 11:10:00,44.91,44.94,44.87,44.94,2900
2026-04-08 11:15:00,44.94,44.95,44.93,44.95,1531
2026-04-08 11:20:00,44.96,44.96,44.93,44.93,822
2026-04-08 11:25:00,44.94,44.945,44.87,44.945,5286
2026-04-08 11:30:00,44.93,44.93,44.88,44.88,2000
2026-04-08 11:35:00,44.93,44.955,44.92,44.95,2674
2026-04-08 11:40:00,44.95,44.96,44.93,44.93,400
2026-04-08 11:45:00,44.92,44.964,44.92,44.95,800
2026-04-08 11:50:00,44.97,44.99,44.96,44.98,11379
2026-04-08 11:55:00,44.98,45.0162,44.96,45,2172
2026-04-08 12:00:00,45.02,45.04,44.99,44.99,4014
2026-04-08 12:05:00,45.0061,45.02,45.0061,45.02,200
2026-04-08 12:10:00,45,45.03,44.97,45.02,2346
2026-04-08 12:15:00,45.02,45.08,45.02,45.06,24731
2026-04-08 12:20:00,45.07,45.09,45.06,45.06,3922
2026-04-08 12:25:00,45.05,45.05,45.025,45.04,1033
2026-04-08 12:30:00,45.06,45.06,45.06,45.06,283
2026-04-08 12:35:00,45.03,45.03,45.03,45.03,300
2026-04-08 12:40:00,44.985,45,44.96,44.96,6785
2026-04-08 12:45:00,44.985,44.99,44.96,44.96,2774
2026-04-08 12:50:00,44.96,44.99,44.95,44.95,2327
2026-04-08 12:55:00,44.96,45,44.96,44.98,1758
2026-04-08 13:00:00,44.99,45,44.99,45,200
2026-04-08 13:05:00,45.055,45.055,45.02,45.02,1525
2026-04-08 13:10:00,45.05,45.05,45.03,45.03,787
2026-04-08 13:15:00,45.02,45.0204,45.02,45.02,1400
2026-04-08 13:20:00,45.0301,45.0301,45,45,4800
2026-04-08 13:25:00,45.01,45.01,44.99,45,800
2026-04-08 13:30:00,45.02,45.05,45.01,45.03,3300
2026-04-08 13:35:00,45.08,45.0901,45.06,45.0801,7824
2026-04-08 13:40:00,45.09,45.12,45.09,45.09,3106
2026-04-08 13:45:00,45.105,45.11,45.09,45.11,4547
2026-04-08 13:50:00,45.1,45.11,45.07,45.07,3100
2026-04-08 13:55:00,45.09,45.09,45.07,45.07,775
2026-04-08 14:00:00,45.08,45.09,45.06,45.07,1174
2026-04-08 14:05:00,45.09,45.09,45.07,45.07,200
2026-04-08 14:10:00,45.06,45.0682,45.04,45.04,499
2026-04-08 14:15:00,45.05,45.09,44.99,44.99,1993
2026-04-08 14:20:00,44.98,44.9899,44.93,44.96,9275
2026-04-08 14:30:00,45.04,45.04,45.01,45.01,1403
2026-04-08 14:35:00,45.005,45.005,44.97,44.98,1601
2026-04-08 14:40:00,44.98,44.98,44.94,44.94,1079
2026-04-08 14:45:00,44.94,44.95,44.91,44.91,4903
2026-04-08 14:50:00,44.91,44.915,44.89,44.89,4814
2026-04-08 14:55:00,44.92,44.92,44.885,44.9,25605
2026-04-08 15:00:00,44.91,44.93,44.89,44.9299,4146
2026-04-08 15:05:00,44.92,44.93,44.89,44.92,3544
2026-04-08 15:10:00,44.92,44.97,44.92,44.97,3603
2026-04-08 15:15:00,44.95,44.95,44.89,44.89,905
2026-04-08 15:20:00,44.88,44.88,44.83,44.84,4425
2026-04-08 15:25:00,44.88,44.8948,44.85,44.85,1900
2026-04-08 15:30:00,44.8701,44.95,44.8701,44.94,81726
2026-04-08 15:35:00,44.94,44.96,44.93,44.95,8772
2026-04-08 15:40:00,44.94,44.95,44.898,44.94,6290
2026-04-08 15:45:00,44.94,44.98,44.94,44.96,4959
2026-04-08 15:50:00,44.92,44.97,44.92,44.97,4879
2026-04-08 15:55:00,44.965,45,44.965,44.98,11785
2026-04-08 16:00:00,44.97,44.98,44.94,44.94,5129
2026-04-09 09:30:00,44.82,44.92,44.8,44.92,4638
2026-04-09 09:35:00,44.97,45,44.92,44.92,1864
2026-04-09 09:40:00,44.95,45,44.93,44.93,2239
2026-04-09 09:45:00,44.83,44.83,44.69,44.71,6060
2026-04-09 09:50:00,44.72,44.72,44.58,44.68,7568
2026-04-09 09:55:00,44.66,44.705,44.64,44.705,1700
2026-04-09 10:00:00,44.725,44.74,44.69,44.7,8226
2026-04-09 10:05:00,44.71,44.76,44.66,44.69,25969
2026-04-09 10:10:00,44.68,44.73,44.68,44.7,3898
2026-04-09 10:15:00,44.69,44.72,44.67,44.72,4878
2026-04-09 10:20:00,44.72,44.74,44.7,44.7,2697
2026-04-09 10:25:00,44.73,44.75,44.72,44.75,3303
2026-04-09 10:30:00,44.75,44.79,44.67,44.69,9358
2026-04-09 10:35:00,44.7,44.72,44.7,44.71,3542
2026-04-09 10:40:00,44.74,44.74,44.72,44.72,800
2026-04-09 10:45:00,44.7,44.7,44.67,44.68,6056
2026-04-09 10:50:00,44.66,44.69,44.645,44.69,4006
2026-04-09 10:55:00,44.69,44.7499,44.69,44.69,2170
2026-04-09 11:00:00,44.69,44.69,44.625,44.625,5403
2026-04-09 11:05:00,44.62,44.76,44.595,44.71,12308
2026-04-09 11:10:00,44.71,44.73,44.71,44.73,1989
2026-04-09 11:15:00,44.74,44.74,44.69,44.73,2756
2026-04-09 11:20:00,44.75,44.76,44.71,44.71,2399
2026-04-09 11:25:00,44.75,44.75,44.75,44.75,100
2026-04-09 11:30:00,44.76,44.83,44.7,44.819,7032
2026-04-09 11:35:00,44.81,44.81,44.76,44.76,1563
2026-04-09 11:40:00,44.77,44.8,44.76,44.79,3695
2026-04-09 11:45:00,44.79,44.8322,44.78,44.82,3478
2026-04-09 11:50:00,44.8,44.82,44.8,44.82,600
2026-04-09 11:55:00,44.84,44.87,44.83,44.87,2557
2026-04-09 12:00:00,44.86,44.92,44.85,44.92,2871
2026-04-09 12:05:00,44.93,44.93,44.89,44.91,13513
2026-04-09 12:10:00,44.91,44.915,44.88,44.9,5900
2026-04-09 12:15:00,44.89,44.91,44.88,44.91,2200
2026-04-09 12:20:00,44.92,44.92,44.87,44.89,7144
2026-04-09 12:25:00,44.9,44.92,44.89,44.91,2521
2026-04-09 12:30:00,44.92,44.92,44.87,44.9,5238
2026-04-09 12:35:00,44.91,44.91,44.91,44.91,500
2026-04-09 12:40:00,44.9001,44.91,44.9,44.9,324
2026-04-09 12:45:00,44.925,44.925,44.91,44.92,478
2026-04-09 12:50:00,44.93,44.96,44.93,44.96,1278
2026-04-09 12:55:00,44.96,44.97,44.96,44.97,858
2026-04-09 13:00:00,44.97,44.98,44.94,44.94,7766
2026-04-09 13:05:00,44.96,44.97,44.95,44.96,3706
2026-04-09 13:10:00,44.97,44.9766,44.94,44.94,1022
2026-04-09 13:15:00,44.9399,44.96,44.93,44.96,5228
2026-04-09 13:20:00,44.96,44.96,44.94,44.94,6714
2026-04-09 13:25:00,44.945,44.96,44.945,44.95,1961
2026-04-09 13:30:00,44.95,44.95,44.905,44.94,3240
2026-04-09 13:35:00,44.97,45.003,44.97,45,2070
2026-04-09 13:40:00,45.02,45.02,44.97,44.98,7787
2026-04-09 13:45:00,44.98,45.01,44.98,45,4009
2026-04-09 13:50:00,45.01,45.02,44.99,45.01,3891
2026-04-09 13:55:00,45,45,45,45,710
2026-04-09 14:00:00,45,45,44.95,44.95,2598
2026-04-09 14:05:00,44.93,44.96,44.91,44.94,2600
2026-04-09 14:10:00,44.93,44.95,44.92,44.95,400
2026-04-09 14:15:00,44.96,44.96,44.95,44.95,900
2026-04-09 14:20:00,44.95,44.96,44.93,44.93,3206
2026-04-09 14:25:00,44.94,44.97,44.92,44.96,1878
2026-04-09 14:30:00,44.95,44.95,44.9385,44.9385,2390
2026-04-09 14:35:00,44.94,44.94,44.92,44.92,500
2026-04-09 14:40:00,44.94,44.95,44.93,44.93,556
2026-04-09 14:45:00,44.93,44.93,44.9,44.9,1878
2026-04-09 14:50:00,44.89,44.89,44.87,44.88,1368
2026-04-09 14:55:00,44.88,44.88,44.87,44.877,500
2026-04-09 15:00:00,44.89,44.93,44.88,44.91,2274
2026-04-09 15:05:00,44.92,44.92,44.9,44.9,1500
2026-04-09 15:10:00,44.92,44.95,44.92,44.93,2076
2026-04-09 15:15:00,44.94,44.95,44.92,44.94,2869
2026-04-09 15:20:00,44.93,44.94,44.92,44.93,17681
2026-04-09 15:25:00,44.935,44.985,44.93,44.985,22604
2026-04-09 15:30:00,44.985,45.03,44.97,45,7824
2026-04-09 15:35:00,44.995,44.995,44.96,44.96,14699
2026-04-09 15:40:00,44.93,44.95,44.93,44.95,3115
2026-04-09 15:45:00,44.96,44.96,44.93,44.94,5225
2026-04-09 15:50:00,44.93,44.94,44.9,44.9,4299
2026-04-09 15:55:00,44.89,44.91,44.845,44.845,9639
2026-04-09 16:00:00,44.84,44.845,44.82,44.84,5356
2026-04-10 09:30:00,44.87,44.87,44.66,44.69,6505
2026-04-10 09:35:00,44.7,44.72,44.625,44.68,7161
2026-04-10 09:40:00,44.71,44.77,44.71,44.74,5823
2026-04-10 09:45:00,44.745,44.745,44.4298,44.48,22601
2026-04-10 09:50:00,44.5,44.535,44.44,44.44,6904
2026-04-10 09:55:00,44.48,44.49,44.4714,44.49,3525
2026-04-10 10:00:00,44.53,44.57,44.515,44.57,2457
2026-04-10 10:05:00,44.54,44.58,44.54,44.58,1500
2026-04-10 10:10:00,44.555,44.61,44.54,44.61,1905
2026-04-10 10:15:00,44.65,44.665,44.64,44.65,3388
2026-04-10 10:20:00,44.64,44.64,44.56,44.585,2298
2026-04-10 10:25:00,44.6,44.6,44.6,44.6,100
2026-04-10 10:30:00,44.555,44.56,44.51,44.54,35994
2026-04-10 10:35:00,44.54,44.5699,44.51,44.51,38774
2026-04-10 10:40:00,44.51,44.545,44.475,44.5,44235
2026-04-10 10:45:00,44.52,44.57,44.51,44.55,5078
2026-04-10 10:50:00,44.54,44.54,44.5,44.52,6314
2026-04-10 10:55:00,44.535,44.5599,44.53,44.5599,4840
2026-04-10 11:00:00,44.54,44.555,44.51,44.53,4280
2026-04-10 11:05:00,44.5299,44.54,44.52,44.53,4931
2026-04-10 11:10:00,44.54,44.59,44.54,44.57,5195
2026-04-10 11:15:00,44.56,44.56,44.515,44.515,4947
2026-04-10 11:20:00,44.52,44.54,44.51,44.51,3439
2026-04-10 11:25:00,44.52,44.55,44.49,44.49,9610
2026-04-10 11:30:00,44.48,44.52,44.48,44.505,5278
2026-04-10 11:35:00,44.48,44.49,44.46,44.475,3143
2026-04-10 11:40:00,44.46,44.4601,44.42,44.42,1693
2026-04-10 11:45:00,44.4295,44.44,44.41,44.44,2153
2026-04-10 11:50:00,44.39,44.39,44.34,44.35,8814
2026-04-10 11:55:00,44.335,44.34,44.32,44.32,1547
2026-04-10 12:00:00,44.31,44.31,44.24,44.3,9493
2026-04-10 12:05:00,44.29,44.3,44.275,44.275,1091
2026-04-10 12:10:00,44.29,44.29,44.26,44.27,1113
2026-04-10 12:15:00,44.29,44.31,44.27,44.27,2254
2026-04-10 12:20:00,44.28,44.29,44.28,44.2899,1180
2026-04-10 12:25:00,44.29,44.305,44.28,44.29,8269
2026-04-10 12:30:00,44.3,44.33,44.3,44.32,1988
2026-04-10 12:35:00,44.31,44.31,44.285,44.3,4086
2026-04-10 12:40:00,44.28,44.29,44.26,44.27,1444
2026-04-10 12:45:00,44.25,44.27,44.235,44.27,1281
2026-04-10 12:50:00,44.27,44.27,44.255,44.255,1710
2026-04-10 12:55:00,44.27,44.27,44.22,44.22,900
2026-04-10 13:00:00,44.23,44.23,44.19,44.195,3584
2026-04-10 13:05:00,44.19,44.19,44.15,44.16,1340
2026-04-10 13:10:00,44.16,44.18,44.15,44.18,5588
2026-04-10 13:15:00,44.2,44.2,44.1332,44.14,1206
2026-04-10 13:20:00,44.13,44.13,44.1,44.1,930
2026-04-10 13:25:00,44.13,44.13,44.11,44.12,2046
2026-04-10 13:30:00,44.1,44.12,44.08,44.11,1992
2026-04-10 13:35:00,44.1,44.145,44.1,44.14,2921
2026-04-10 13:40:00,44.13,44.13,44.1199,44.13,4006
2026-04-10 13:45:00,44.13,44.15,44.13,44.13,1375
2026-04-10 13:50:00,44.13,44.13,44.12,44.12,200
2026-04-10 13:55:00,44.11,44.12,44.08,44.0908,4991
2026-04-10 14:00:00,44.11,44.1199,44.08,44.08,1340
2026-04-10 14:05:00,44.06,44.06,44.04,44.06,2960
2026-04-10 14:10:00,44.07,44.07,44.055,44.0649,4394
2026-04-10 14:15:00,44.07,44.09,44.07,44.09,600
2026-04-10 14:20:00,44.09,44.1,44.09,44.09,2150
2026-04-10 14:25:00,44.1,44.12,44.1,44.12,1088
2026-04-10 14:30:00,44.12,44.13,44.1,44.12,4763
2026-04-10 14:35:00,44.11,44.11,44.06,44.06,5069
2026-04-10 14:40:00,44.06,44.06,44.05,44.05,600
2026-04-10 14:45:00,44.07,44.0742,44.03,44.03,4111
2026-04-10 14:50:00,44.025,44.025,43.98,43.98,2515
2026-04-10 14:55:00,43.99,44.01,43.9748,44.01,3233
2026-04-10 15:00:00,44.02,44.05,44,44.05,3613
2026-04-10 15:05:00,44.0699,44.07,44.04,44.04,3019
2026-04-10 15:10:00,44.03,44.06,44,44.0599,36828
2026-04-10 15:15:00,44.07,44.1,44.07,44.1,7519
2026-04-10 15:20:00,44.09,44.09,44.05,44.07,5479
2026-04-10 15:25:00,44.0765,44.08,44.05,44.07,21163
2026-04-10 15:30:00,44.06,44.07,44.02,44.035,30080
2026-04-10 15:35:00,44.04,44.06,44.015,44.04,33291
2026-04-10 15:40:00,44.04,44.05,43.98,44.05,28105
2026-04-10 15:45:00,44.04,44.08,44.03,44.05,24338
2026-04-10 15:50:00,44.04,44.07,44.03,44.03,40121
2026-04-10 15:55:00,44.03,44.06,44.005,44.03,44813
2026-04-10 16:00:00,44.03,44.05,44,44,31540
2026-04-10 19:20:00,44,44,44,44,100
2026-04-13 09:30:00,43.88,43.88,43.73,43.78,9173
2026-04-13 09:35:00,43.81,43.8499,43.77,43.81,9142
2026-04-13 09:40:00,43.82,43.87,43.79,43.815,30235
2026-04-13 09:45:00,43.815,44.03,43.81,44.03,9952
2026-04-13 09:50:00,44.03,44.08,44.02,44.06,3935
2026-04-13 09:55:00,44.05,44.11,44.05,44.11,10228
2026-04-13 10:00:00,44.1,44.11,44.05,44.05,3385
2026-04-13 10:05:00,44.04,44.09,44.04,44.06,1617
2026-04-13 10:10:00,44.01,44.05,44,44,10532
2026-04-13 10:15:00,43.99,44,43.92,43.95,13031
2026-04-13 10:20:00,43.96,43.98,43.91,43.91,7783
2026-04-13 10:25:00,43.95,44,43.9457,43.99,6667
2026-04-13 10:30:00,44,44.03,44,44.005,3668
2026-04-13 10:35:00,44,44,43.97,43.98,9129
2026-04-13 10:40:00,43.9899,44.01,43.98,44.01,3013
2026-04-13 10:45:00,44.005,44.005,43.95,43.96,28118
2026-04-13 10:50:00,43.965,43.97,43.945,43.965,7038
2026-04-13 10:55:00,43.97,43.99,43.95,43.99,11784
2026-04-13 11:00:00,43.98,44.03,43.97,43.97,5553
2026-04-13 11:05:00,43.99,44.01,43.96,43.96,5775
2026-04-13 11:10:00,43.97,44.01,43.96,44,3315
2026-04-13 11:15:00,43.96,43.96,43.95,43.955,800
2026-04-13 11:20:00,43.97,43.97,43.96,43.97,1514
2026-04-13 11:25:00,43.96,43.96,43.95,43.95,1814
2026-04-13 11:30:00,43.97,43.97,43.94,43.94,7737
2026-04-13 11:35:00,43.94,43.97,43.94,43.97,628
2026-04-13 11:40:00,43.968,43.968,43.94,43.94,3534
2026-04-13 11:45:00,43.94,43.94,43.94,43.94,542
2026-04-13 11:50:00,43.93,43.96,43.93,43.96,1254
2026-04-13 11:55:00,43.95,44.005,43.95,43.99,1007
2026-04-13 12:00:00,44.005,44.02,44.005,44.02,873
2026-04-13 12:05:00,44.005,44.05,44,44.03,1930
2026-04-13 12:10:00,44.04,44.1,44.04,44.1,950
2026-04-13 12:15:00,44.13,44.18,44.13,44.18,1350
2026-04-13 12:20:00,44.23,44.29,44.21,44.23,3957
2026-04-13 12:25:00,44.25,44.25,44.24,44.24,1894
2026-04-13 12:30:00,44.26,44.26,44.26,44.26,300
2026-04-13 12:35:00,44.29,44.3,44.27,44.29,1028
2026-04-13 12:40:00,44.31,44.31,44.31,44.31,200
2026-04-13 12:45:00,44.35,44.41,44.35,44.39,1700
2026-04-13 12:50:00,44.43,44.48,44.4068,44.4068,13770
2026-04-13 12:55:00,44.4001,44.445,44.4001,44.445,1018
2026-04-13 13:00:00,44.46,44.5,44.46,44.5,400
2026-04-13 13:05:00,44.48,44.48,44.48,44.48,100
2026-04-13 13:15:00,44.4597,44.46,44.44,44.44,635
2026-04-13 13:20:00,44.44,44.44,44.43,44.43,400
2026-04-13 13:25:00,44.425,44.43,44.425,44.43,326
2026-04-13 13:30:00,44.465,44.48,44.46,44.48,1495
2026-04-13 13:35:00,44.465,44.4701,44.45,44.45,1235
2026-04-13 13:40:00,44.46,44.4701,44.46,44.4701,428
2026-04-13 13:45:00,44.4799,44.4799,44.45,44.47,7545
2026-04-13 13:50:00,44.47,44.47,44.46,44.46,300
2026-04-13 13:55:00,44.45,44.45,44.44,44.45,1000
2026-04-13 14:00:00,44.47,44.47,44.45,44.45,1049
2026-04-13 14:05:00,44.46,44.47,44.45,44.47,1968
2026-04-13 14:10:00,44.48,44.48,44.47,44.47,654
2026-04-13 14:15:00,44.495,44.495,44.48,44.48,2261
2026-04-13 14:20:00,44.47,44.5,44.47,44.5,7140
2026-04-13 14:25:00,44.51,44.51,44.5,44.5,400
2026-04-13 14:30:00,44.51,44.51,44.47,44.48,3044
2026-04-13 14:35:00,44.46,44.46,44.46,44.46,900
2026-04-13 14:40:00,44.4558,44.47,44.4558,44.47,800
2026-04-13 14:45:00,44.47,44.51,44.47,44.5,1600
2026-04-13 14:50:00,44.51,44.54,44.51,44.5303,5436
2026-04-13 14:55:00,44.53,44.53,44.48,44.49,2404
2026-04-13 15:00:00,44.5,44.51,44.5,44.51,608
2026-04-13 15:05:00,44.48,44.485,44.445,44.46,14672
2026-04-13 15:10:00,44.47,44.475,44.44,44.45,21599
2026-04-13 15:15:00,44.45,44.46,44.41,44.46,14479
2026-04-13 15:20:00,44.45,44.5,44.45,44.5,13330
2026-04-13 15:25:00,44.49,44.52,44.485,44.52,18831
2026-04-13 15:30:00,44.51,44.52,44.505,44.505,17682
2026-04-13 15:35:00,44.5,44.52,44.465,44.495,52075
2026-04-13 15:40:00,44.495,44.51,44.485,44.5,34225
2026-04-13 15:45:00,44.49,44.5,44.465,44.48,51962
2026-04-13 15:50:00,44.48,44.6,44.48,44.595,51090
2026-04-13 15:55:00,44.59,44.69,44.59,44.69,77738
2026-04-13 16:00:00,44.685,44.7,44.66,44.66,77225
2026-04-14 09:30:00,44.64,44.79,44.64,44.79,5920
2026-04-14 09:35:00,44.8,45.065,44.8,45.065,6156
2026-04-14 09:40:00,45.09,45.24,45.025,45.035,20913
2026-04-14 09:45:00,45.045,45.09,44.99,45.02,36891
2026-04-14 09:50:00,45.02,45.06,44.96,44.97,17807
2026-04-14 09:55:00,44.96,44.96,44.94,44.95,534
2026-04-14 10:00:00,44.96,45.01,44.95,45.01,4488
2026-04-14 10:05:00,45.03,45.08,45.03,45.08,1363
2026-04-14 10:10:00,45.11,45.13,45.09,45.13,6055
2026-04-14 10:15:00,45.14,45.17,45.12,45.1501,17854
2026-04-14 10:20:00,45.17,45.2,45.17,45.18,15981
2026-04-14 10:25:00,45.17,45.2455,45.15,45.23,14022
2026-04-14 10:30:00,45.23,45.25,45.18,45.205,5643
2026-04-14 10:35:00,45.2,45.2,45.14,45.165,6144
2026-04-14 10:40:00,45.16,45.16,45.12,45.12,4622
2026-04-14 10:45:00,45.1483,45.1483,45.13,45.13,350
2026-04-14 10:50:00,45.12,45.125,45.09,45.12,5862
2026-04-14 10:55:00,45.1,45.14,45.09,45.14,19036
2026-04-14 11:00:00,45.13,45.152,45.12,45.14,4504
2026-04-14 11:05:00,45.14,45.15,45.08,45.09,17083
2026-04-14 11:10:00,45.09,45.11,45.05,45.0789,5345
2026-04-14 11:15:00,45.07,45.1,45.06,45.06,1700
2026-04-14 11:20:00,45.07,45.11,45.07,45.095,3599
2026-04-14 11:25:00,45.1,45.1,45.075,45.09,5038
2026-04-14 11:30:00,45.09,45.12,45.08,45.09,10002
2026-04-14 11:35:00,45.09,45.0955,45.06,45.07,9401
2026-04-14 11:40:00,45.06,45.08,45.04,45.0475,4610
2026-04-14 11:45:00,45.04,45.08,45.03,45.07,2780
2026-04-14 11:50:00,45.07,45.0784,45.07,45.07,400
2026-04-14 11:55:00,45.08,45.09,45.07,45.08,660
2026-04-14 12:00:00,45.08,45.08,45.065,45.07,4830
2026-04-14 12:05:00,45.06,45.08,45.06,45.08,9505
2026-04-14 12:10:00,45.08,45.08,45.05,45.05,6347
2026-04-14 12:15:00,45.04,45.04,45,45.01,30893
2026-04-14 12:20:00,45.03,45.03,44.99,45.01,4004
2026-04-14 12:25:00,45.02,45.03,45.02,45.02,2000
2026-04-14 12:30:00,45.02,45.03,45.01,45.01,1000
2026-04-14 12:35:00,45.02,45.02,45.005,45.005,4500
2026-04-14 12:40:00,45.005,45.015,44.97,44.98,17228
2026-04-14 12:45:00,44.96,44.9799,44.95,44.97,5407
2026-04-14 12:50:00,44.97,44.97,44.92,44.92,7165
2026-04-14 12:55:00,44.93,44.93,44.9,44.91,16595
2026-04-14 13:00:00,44.91,44.92,44.87,44.91,11578
2026-04-14 13:05:00,44.9,44.91,44.875,44.875,10271
2026-04-14 13:10:00,44.88,44.88,44.87,44.875,5476
2026-04-14 13:15:00,44.88,44.88,44.84,44.86,2779
2026-04-14 13:20:00,44.86,44.87,44.85,44.86,11513
2026-04-14 13:25:00,44.86,44.87,44.85,44.86,820
2026-04-14 13:30:00,44.88,44.9,44.88,44.9,1104
2026-04-14 13:35:00,44.89,44.9,44.88,44.895,3595
2026-04-14 13:40:00,44.89,44.89,44.87,44.87,9404
2026-04-14 13:45:00,44.865,44.89,44.86,44.88,5564
2026-04-14 13:50:00,44.87,44.92,44.87,44.9,2224
2026-04-14 13:55:00,44.902,44.902,44.88,44.88,3760
2026-04-14 14:00:00,44.88,44.89,44.85,44.85,3515
2026-04-14 14:05:00,44.845,44.85,44.815,44.815,2083
2026-04-14 14:10:00,44.84,44.85,44.825,44.825,3140
2026-04-14 14:15:00,44.825,44.84,44.81,44.81,6675
2026-04-14 14:20:00,44.79,44.79,44.75,44.75,7536
2026-04-14 14:25:00,44.74,44.74,44.71,44.73,8243
2026-04-14 14:30:00,44.75,44.755,44.75,44.75,700
2026-04-14 14:35:00,44.74,44.75,44.73,44.74,6540
2026-04-14 14:40:00,44.735,44.76,44.735,44.75,10532
2026-04-14 14:45:00,44.7451,44.7451,44.7,44.71,7540
2026-04-14 14:50:00,44.71,44.71,44.69,44.69,1330
2026-04-14 14:55:00,44.69,44.7099,44.69,44.705,3850
2026-04-14 15:00:00,44.71,44.73,44.7001,44.71,4327
2026-04-14 15:05:00,44.7001,44.72,44.68,44.68,12059
2026-04-14 15:10:00,44.68,44.72,44.68,44.71,114329
2026-04-14 15:15:00,44.72,44.73,44.71,44.73,3174
2026-04-14 15:20:00,44.75,44.7688,44.75,44.7688,1000
2026-04-14 15:25:00,44.79,44.795,44.78,44.79,6551
2026-04-14 15:30:00,44.79,44.825,44.78,44.82,18470
2026-04-14 15:35:00,44.82,44.83,44.79,44.82,11358
2026-04-14 15:40:00,44.82,44.825,44.79,44.81,21034
2026-04-14 15:45:00,44.81,44.83,44.795,44.81,19002
2026-04-14 15:50:00,44.8,44.84,44.78,44.78,25844
2026-04-14 15:55:00,44.785,44.795,44.71,44.75,43923
2026-04-14 16:00:00,44.75,44.76,44.72,44.72,24855
2026-04-15 08:25:00,44.71,44.71,44.71,44.71,301
2026-04-15 09:30:00,44.79,44.84,44.69,44.69,17975
2026-04-15 09:35:00,44.73,44.79,44.71,44.79,11375
2026-04-15 09:40:00,44.84,44.84,44.7999,44.7999,300
2026-04-15 09:45:00,44.68,44.68,44.52,44.545,2829
2026-04-15 09:50:00,44.57,44.57,44.5,44.5,7531
2026-04-15 09:55:00,44.49,44.53,44.45,44.52,23984
2026-04-15 10:00:00,44.53,44.56,44.42,44.44,77919
2026-04-15 10:05:00,44.46,44.49,44.36,44.43,13639
2026-04-15 10:10:00,44.41,44.52,44.39,44.52,9143
2026-04-15 10:15:00,44.51,44.55,44.43,44.43,20016
2026-04-15 10:20:00,44.43,44.46,44.4,44.4,5295
2026-04-15 10:25:00,44.4,44.43,44.38,44.4009,7720
2026-04-15 10:30:00,44.4,44.4,44.37,44.38,7526
2026-04-15 10:35:00,44.375,44.38,44.325,44.34,11262
2026-04-15 10:40:00,44.345,44.4,44.345,44.39,800
2026-04-15 10:45:00,44.37,44.37,44.33,44.36,3765
2026-04-15 10:50:00,44.37,44.39,44.35,44.35,8799
2026-04-15 10:55:00,44.36,44.38,44.35,44.38,9851
2026-04-15 11:00:00,44.36,44.37,44.335,44.36,16630
2026-04-15 11:05:00,44.36,44.391,44.345,44.391,10918
2026-04-15 11:10:00,44.38,44.41,44.37,44.41,10672
2026-04-15 11:15:00,44.49,44.51,44.49,44.51,816
2026-04-15 11:25:00,44.5,44.5,44.48,44.49,2476
2026-04-15 11:30:00,44.49,44.49,44.42,44.42,14917
2026-04-15 11:35:00,44.43,44.43,44.41,44.42,4525
2026-04-15 11:40:00,44.42,44.43,44.39,44.39,9557
2026-04-15 11:45:00,44.4,44.415,44.39,44.39,11226
2026-04-15 11:50:00,44.39,44.4,44.345,44.345,14916
2026-04-15 11:55:00,44.35,44.36,44.35,44.36,700
2026-04-15 12:00:00,44.36,44.36,44.32,44.32,5922
2026-04-15 12:05:00,44.31,44.35,44.31,44.35,1324
2026-04-15 12:10:00,44.35,44.36,44.35,44.35,1195
2026-04-15 12:15:00,44.36,44.37,44.35,44.35,1716
2026-04-15 12:20:00,44.36,44.4,44.35,44.38,7292
2026-04-15 12:25:00,44.38,44.39,44.37,44.39,584
2026-04-15 12:30:00,44.44,44.44,44.44,44.44,142
2026-04-15 12:35:00,44.4651,44.4651,44.45,44.45,249
2026-04-15 12:40:00,44.42,44.42,44.42,44.42,300
2026-04-15 12:45:00,44.42,44.44,44.405,44.44,11663
2026-04-15 12:50:00,44.46,44.5,44.46,44.48,12011
2026-04-15 12:55:00,44.49,44.5,44.48,44.49,1944
2026-04-15 13:00:00,44.47,44.52,44.47,44.52,788
2026-04-15 13:05:00,44.53,44.54,44.49,44.49,8185
2026-04-15 13:10:00,44.48,44.5,44.47,44.47,1538
2026-04-15 13:15:00,44.47,44.48,44.4601,44.48,1514
2026-04-15 13:20:00,44.49,44.5,44.49,44.49,1044
2026-04-15 13:25:00,44.5,44.52,44.5,44.51,7564
2026-04-15 13:30:00,44.51,44.51,44.49,44.49,7890
2026-04-15 13:35:00,44.48,44.49,44.47,44.47,3658
2026-04-15 13:40:00,44.46,44.46,44.4,44.4,10124
2026-04-15 13:45:00,44.41,44.44,44.39,44.39,3170
2026-04-15 13:50:00,44.38,44.4,44.375,44.4,3000
2026-04-15 13:55:00,44.42,44.42,44.42,44.42,100
2026-04-15 14:00:00,44.4,44.435,44.395,44.435,12028
2026-04-15 14:05:00,44.44,44.45,44.43,44.43,3978
2026-04-15 14:10:00,44.43,44.44,44.42,44.43,3800
2026-04-15 14:15:00,44.43,44.44,44.42,44.42,8901
2026-04-15 14:20:00,44.42,44.43,44.39,44.42,6997
2026-04-15 14:25:00,44.42,44.43,44.42,44.43,340
2026-04-15 14:30:00,44.42,44.43,44.4,44.4,7498
2026-04-15 14:35:00,44.3982,44.41,44.3982,44.41,400
2026-04-15 14:40:00,44.45,44.45,44.42,44.43,844
2026-04-15 14:45:00,44.45,44.45,44.45,44.45,544
2026-04-15 14:50:00,44.45,44.49,44.445,44.49,14843
2026-04-15 14:55:00,44.52,44.54,44.52,44.54,500
2026-04-15 15:00:00,44.56,44.61,44.56,44.61,1843
2026-04-15 15:05:00,44.62,44.62,44.61,44.61,2050
2026-04-15 15:10:00,44.6,44.6,44.59,44.59,542
2026-04-15 15:15:00,44.57,44.58,44.55,44.55,8800
2026-04-15 15:20:00,44.55,44.56,44.55,44.56,500
2026-04-15 15:25:00,44.58,44.58,44.58,44.58,748
2026-04-15 15:30:00,44.56,44.56,44.56,44.56,3100
2026-04-15 15:35:00,44.56,44.58,44.555,44.57,13545
2026-04-15 15:40:00,44.56,44.6,44.555,44.6,4359
2026-04-15 15:45:00,44.6,44.61,44.59,44.61,4318
2026-04-15 15:50:00,44.59,44.6,44.56,44.565,22288
2026-04-15 15:55:00,44.565,44.64,44.565,44.6,38873
2026-04-15 16:00:00,44.6,44.615,44.53,44.53,50810
2026-04-16 09:30:00,44.71,45,44.71,44.83,14299
2026-04-16 09:35:00,44.79,44.885,44.79,44.815,11792
2026-04-16 09:40:00,44.8,44.83,44.73,44.805,4100
2026-04-16 09:45:00,44.87,44.87,44.81,44.86,14656
2026-04-16 09:50:00,44.88,44.93,44.88,44.91,10928
2026-04-16 09:55:00,44.89,44.91,44.86,44.89,7552
2026-04-16 10:00:00,44.87,44.87,44.78,44.78,6501
2026-04-16 10:05:00,44.82,44.87,44.82,44.87,9900
2026-04-16 10:10:00,44.9,44.96,44.88,44.94,11027
2026-04-16 10:15:00,44.92,44.93,44.9,44.93,6311
2026-04-16 10:20:00,44.93,44.93,44.88,44.9,8888
2026-04-16 10:25:00,44.885,44.885,44.87,44.87,6050
2026-04-16 10:30:00,44.86,44.89,44.86,44.89,6767
2026-04-16 10:35:00,44.89,44.895,44.84,44.85,9017
2026-04-16 10:40:00,44.835,44.85,44.82,44.84,7507
2026-04-16 10:45:00,44.84,44.89,44.84,44.87,5417
2026-04-16 10:50:00,44.87,44.88,44.84,44.84,12351
2026-04-16 10:55:00,44.84,44.84,44.81,44.81,2924
2026-04-16 11:00:00,44.8,44.84,44.8,44.84,8322
2026-04-16 11:05:00,44.835,44.89,44.83,44.86,14349
2026-04-16 11:10:00,44.87,44.885,44.86,44.88,8216
2026-04-16 11:15:00,44.89,44.935,44.89,44.92,9772
2026-04-16 11:20:00,44.915,44.925,44.9,44.91,6502
2026-04-16 11:25:00,44.925,44.94,44.89,44.91,11130
2026-04-16 11:30:00,44.92,44.94,44.88,44.885,10297
2026-04-16 11:35:00,44.88,44.97,44.88,44.93,14336
2026-04-16 11:40:00,44.93,44.93,44.9,44.9,6720
2026-04-16 11:45:00,44.91,44.925,44.9,44.91,5050
2026-04-16 11:50:00,44.92,44.945,44.92,44.94,7327
2026-04-16 11:55:00,44.93,44.95,44.93,44.945,5325
2026-04-16 12:00:00,44.94,44.985,44.94,44.98,8760
2026-04-16 12:05:00,44.97,44.97,44.95,44.95,6788
2026-04-16 12:10:00,44.96,44.96,44.935,44.935,3346
2026-04-16 12:15:00,44.94,44.96,44.94,44.94,6624
2026-04-16 12:20:00,44.94,44.95,44.91,44.925,3125
2026-04-16 12:25:00,44.925,44.935,44.925,44.935,4800
2026-04-16 12:30:00,44.94,44.945,44.86,44.92,10581
2026-04-16 12:35:00,44.93,44.93,44.91,44.91,1900
2026-04-16 12:40:00,44.9192,44.92,44.87,44.88,3350
2026-04-16 12:45:00,44.88,44.88,44.86,44.86,9895
2026-04-16 12:50:00,44.87,44.88,44.85,44.85,6368
2026-04-16 12:55:00,44.86,44.885,44.86,44.88,6193
2026-04-16 13:00:00,44.88,44.885,44.87,44.885,4575
2026-04-16 13:05:00,44.87,44.88,44.86,44.88,10413
2026-04-16 13:10:00,44.89,44.89,44.86,44.86,7300
2026-04-16 13:15:00,44.85,44.87,44.845,44.87,6441
2026-04-16 13:20:00,44.87,44.89,44.86,44.89,7396
2026-04-16 13:25:00,44.9,44.905,44.88,44.9,8547
2026-04-16 13:30:00,44.9,44.93,44.9,44.93,9279
2026-04-16 13:35:00,44.93,44.94,44.93,44.94,4253
2026-04-16 13:40:00,44.955,44.97,44.95,44.95,7284
2026-04-16 13:45:00,44.95,44.975,44.95,44.97,7430
2026-04-16 13:50:00,44.975,45.01,44.975,44.99,6229
2026-04-16 13:55:00,44.99,45,44.97,45,6343
2026-04-16 14:00:00,44.995,45.07,44.995,45.06,7022
2026-04-16 14:05:00,45.06,45.07,45.03,45.03,5920
2026-04-16 14:10:00,45.04,45.04,45.02,45.03,2943
2026-04-16 14:15:00,45.03,45.04,45.01,45.01,3625
2026-04-16 14:20:00,45.01,45.03,44.975,44.98,7229
2026-04-16 14:25:00,44.98,44.98,44.96,44.98,4264
2026-04-16 14:30:00,44.98,45.01,44.97,45,4846
2026-04-16 14:35:00,45.01,45.02,45,45.0101,5180
2026-04-16 14:40:00,45,45.025,44.995,45.02,7363
2026-04-16 14:45:00,45.03,45.055,45.03,45.05,7466
2026-04-16 14:50:00,45.03,45.03,45.01,45.02,11646
2026-04-16 14:55:00,45,45.03,45,45.03,12785
2026-04-16 15:00:00,45.04,45.05,45.03,45.035,3984
2026-04-16 15:05:00,45.02,45.025,44.98,45.02,9512
2026-04-16 15:10:00,45.01,45.03,44.97,44.97,4000
2026-04-16 15:15:00,44.99,44.99,44.95,44.97,5642
2026-04-16 15:20:00,44.97,44.98,44.95,44.96,7902
2026-04-16 15:25:00,44.96,44.985,44.95,44.96,6415
2026-04-16 15:30:00,44.95,45,44.93,45,17208
2026-04-16 15:35:00,44.99,44.9901,44.9501,44.9501,13014
2026-04-16 15:40:00,44.95,45,44.95,44.99,13951
2026-04-16 15:45:00,45,45.035,45,45.02,11575
2026-04-16 15:50:00,45.01,45.035,44.995,45,14540
2026-04-16 15:55:00,44.99,45.03,44.985,45.02,53384
2026-04-16 16:00:00,45.02,45.02,45.02,45.02,642
2026-04-16 17:55:00,45.02,45.02,45,45.01,1300
2026-04-17 08:45:00,45.21,45.21,45.21,45.21,171
2026-04-17 09:05:00,45.25,45.25,45.25,45.25,100
2026-04-17 09:30:00,45.3,45.46,45.3,45.42,4890
2026-04-17 09:35:00,45.46,45.46,45.41,45.46,2773
2026-04-17 09:40:00,45.445,45.45,45.36,45.36,1367
2026-04-17 09:45:00,45.365,45.46,45.36,45.38,1000
2026-04-17 09:50:00,45.4,45.54,45.4,45.54,1811
2026-04-17 09:55:00,45.52,45.61,45.52,45.58,300
2026-04-17 10:00:00,45.562,45.64,45.562,45.64,2837
2026-04-17 10:05:00,45.65,45.68,45.63,45.642,1242
2026-04-17 10:10:00,45.69,45.69,45.63,45.64,4758
2026-04-17 10:15:00,45.66,45.71,45.66,45.71,4471
2026-04-17 10:20:00,45.71,45.78,45.71,45.78,6490
2026-04-17 10:25:00,45.77,45.77,45.7422,45.7422,900
2026-04-17 10:30:00,45.75,45.8,45.73,45.77,6794
2026-04-17 10:35:00,45.75,45.8,45.75,45.75,2300
2026-04-17 10:40:00,45.74,45.77,45.73,45.76,3800
2026-04-17 10:45:00,45.75,45.75,45.74,45.75,1180
2026-04-17 10:50:00,45.75,45.76,45.74,45.75,1146
2026-04-17 10:55:00,45.72,45.72,45.67,45.68,2557
2026-04-17 11:00:00,45.64,45.69,45.62,45.69,4413
2026-04-17 11:05:00,45.68,45.685,45.68,45.685,600
2026-04-17 11:10:00,45.65,45.65,45.595,45.595,377
2026-04-17 11:15:00,45.61,45.66,45.61,45.66,200
2026-04-17 11:20:00,45.61,45.62,45.6,45.6,917
2026-04-17 11:25:00,45.6,45.6,45.6,45.6,415
2026-04-17 11:30:00,45.61,45.66,45.61,45.66,1135
2026-04-17 11:35:00,45.66,45.68,45.64,45.64,3392
2026-04-17 11:40:00,45.66,45.66,45.65,45.66,700
2026-04-17 11:45:00,45.7,45.715,45.7,45.715,470
2026-04-17 11:50:00,45.71,45.745,45.71,45.745,6437
2026-04-17 11:55:00,45.74,45.77,45.74,45.76,709
2026-04-17 12:00:00,45.75,45.81,45.75,45.79,2705
2026-04-17 12:05:00,45.8,45.8,45.75,45.77,2495
2026-04-17 12:10:00,45.8,45.82,45.8,45.82,1916
2026-04-17 12:15:00,45.82,45.85,45.82,45.85,634
2026-04-17 12:20:00,45.85,45.86,45.85,45.85,3284
2026-04-17 12:25:00,45.85,45.85,45.85,45.85,100
2026-04-17 12:30:00,45.8401,45.85,45.8401,45.85,300
2026-04-17 12:35:00,45.875,45.875,45.87,45.87,312
2026-04-17 12:40:00,45.87,45.9,45.87,45.88,2186
2026-04-17 12:45:00,45.895,45.91,45.88,45.91,1595
2026-04-17 12:50:00,45.91,45.91,45.91,45.91,139
2026-04-17 12:55:00,45.91,45.9101,45.91,45.91,802
2026-04-17 13:00:00,45.92,45.92,45.9,45.91,556
2026-04-17 13:05:00,45.91,45.91,45.85,45.87,2062
2026-04-17 13:10:00,45.885,45.89,45.88,45.89,627
2026-04-17 13:15:00,45.88,45.91,45.88,45.9,1974
2026-04-17 13:20:00,45.91,45.91,45.79,45.81,7413
2026-04-17 13:25:00,45.82,45.84,45.82,45.84,1202
2026-04-17 13:35:00,45.8,45.81,45.79,45.81,950
2026-04-17 13:40:00,45.78,45.8,45.78,45.8,1094
2026-04-17 13:45:00,45.81,45.83,45.79,45.8,4978
2026-04-17 13:50:00,45.8,45.81,45.8,45.8,2168
2026-04-17 13:55:00,45.82,45.82,45.81,45.81,300
2026-04-17 14:00:00,45.79,45.8,45.77,45.77,2784
2026-04-17 14:05:00,45.75,45.75,45.72,45.72,641
2026-04-17 14:10:00,45.72,45.73,45.71,45.72,9862
2026-04-17 14:15:00,45.71,45.72,45.7003,45.72,3272
2026-04-17 14:20:00,45.73,45.73,45.73,45.73,100
2026-04-17 14:25:00,45.76,45.7617,45.75,45.75,2047
2026-04-17 14:30:00,45.77,45.79,45.77,45.78,944
2026-04-17 14:35:00,45.79,45.79,45.77,45.77,220
2026-04-17 14:40:00,45.76,45.7702,45.76,45.7702,1111
2026-04-17 14:45:00,45.76,45.78,45.76,45.77,1850
2026-04-17 14:50:00,45.75,45.76,45.75,45.75,1759
2026-04-17 14:55:00,45.72,45.7242,45.71,45.72,1996
2026-04-17 15:00:00,45.71,45.73,45.71,45.72,2007
2026-04-17 15:05:00,45.72,45.72,45.7,45.7,386
2026-04-17 15:10:00,45.685,45.685,45.66,45.66,1100
2026-04-17 15:15:00,45.7,45.71,45.695,45.71,3870
2026-04-17 15:20:00,45.71,45.71,45.635,45.64,2214
2026-04-17 15:25:00,45.65,45.673,45.65,45.67,999
2026-04-17 15:30:00,45.68,45.72,45.68,45.71,2405
2026-04-17 15:35:00,45.67,45.71,45.66,45.71,4365
2026-04-17 15:40:00,45.705,45.74,45.705,45.71,1494
2026-04-17 15:45:00,45.69,45.7,45.69,45.7,3268
2026-04-17 15:50:00,45.72,45.73,45.675,45.69,7056
2026-04-17 15:55:00,45.71,45.75,45.7,45.75,17246
2026-04-17 16:00:00,45.74,45.74,45.74,45.74,701
2026-04-20 09:30:00,45.57,45.73,45.57,45.71,4184
2026-04-20 09:35:00,45.745,45.745,45.7,45.7,4320
2026-04-20 09:40:00,45.6,45.7,45.6,45.7,519
2026-04-20 09:45:00,45.66,45.67,45.66,45.67,200
2026-04-20 10:00:00,45.77,45.77,45.7401,45.77,700
2026-04-20 10:05:00,45.75,45.75,45.735,45.735,200
2026-04-20 10:10:00,45.695,45.73,45.65,45.73,2858
2026-04-20 10:15:00,45.73,45.76,45.73,45.76,500
2026-04-20 10:20:00,45.7599,45.7599,45.72,45.72,544
2026-04-20 10:25:00,45.73,45.73,45.725,45.73,2910
2026-04-20 10:30:00,45.72,45.72,45.63,45.63,4079
2026-04-20 10:35:00,45.61,45.6491,45.61,45.6491,1500
2026-04-20 10:40:00,45.6,45.6,45.6,45.6,300
2026-04-20 10:45:00,45.62,45.62,45.62,45.62,100
2026-04-20 10:50:00,45.7,45.7,45.6901,45.6901,300
2026-04-20 10:55:00,45.67,45.67,45.67,45.67,100
2026-04-20 11:00:00,45.59,45.59,45.59,45.59,220
2026-04-20 11:05:00,45.6,45.6,45.575,45.575,580
2026-04-20 11:10:00,45.56,45.56,45.56,45.56,100
2026-04-20 11:20:00,45.58,45.58,45.58,45.58,200
2026-04-20 11:25:00,45.61,45.61,45.61,45.61,100
2026-04-20 11:30:00,45.63,45.65,45.63,45.65,1808
2026-04-20 11:35:00,45.6569,45.67,45.6569,45.67,248
2026-04-20 11:40:00,45.68,45.68,45.68,45.68,100
2026-04-20 11:50:00,45.695,45.695,45.68,45.68,212
2026-04-20 11:55:00,45.7,45.71,45.7,45.71,334
2026-04-20 12:00:00,45.74,45.74,45.74,45.74,100
2026-04-20 12:05:00,45.72,45.72,45.68,45.68,811
2026-04-20 12:15:00,45.69,45.69,45.68,45.68,2291
2026-04-20 12:20:00,45.69,45.69,45.6714,45.6714,900
2026-04-20 12:25:00,45.71,45.71,45.71,45.71,100
2026-04-20 12:30:00,45.705,45.7115,45.7,45.7,691
2026-04-20 12:35:00,45.67,45.67,45.645,45.645,3238
2026-04-20 12:40:00,45.63,45.63,45.63,45.63,600
2026-04-20 12:45:00,45.61,45.63,45.61,45.63,812
2026-04-20 12:55:00,45.62,45.64,45.62,45.64,200
2026-04-20 13:05:00,45.66,45.66,45.66,45.66,100
2026-04-20 13:10:00,45.63,45.6599,45.63,45.65,1468
2026-04-20 13:15:00,45.67,45.68,45.67,45.68,851
2026-04-20 13:20:00,45.67,45.7002,45.67,45.7002,245
2026-04-20 13:30:00,45.68,45.68,45.61,45.61,1132
2026-04-20 13:35:00,45.61,45.62,45.6,45.6,424
2026-04-20 13:40:00,45.57,45.57,45.5679,45.5679,574
2026-04-20 13:45:00,45.55,45.55,45.55,45.55,100
2026-04-20 13:50:00,45.51,45.51,45.47,45.49,28732
2026-04-20 13:55:00,45.49,45.49,45.48,45.49,309
2026-04-20 14:00:00,45.51,45.51,45.48,45.48,600
2026-04-20 14:05:00,45.4999,45.4999,45.4999,45.4999,1000
2026-04-20 14:10:00,45.48,45.51,45.47,45.51,1296
2026-04-20 14:15:00,45.51,45.51,45.51,45.51,100
2026-04-20 14:20:00,45.53,45.53,45.53,45.53,100
2026-04-20 14:25:00,45.55,45.56,45.55,45.56,800
2026-04-20 14:30:00,45.57,45.57,45.57,45.57,200
2026-04-20 14:35:00,45.57,45.57,45.56,45.56,700
2026-04-20 14:40:00,45.58,45.58,45.567,45.567,3540
2026-04-20 14:45:00,45.56,45.6,45.56,45.6,2942
2026-04-20 14:50:00,45.62,45.638,45.62,45.63,1638
2026-04-20 14:55:00,45.61,45.61,45.6,45.6,894
2026-04-20 15:00:00,45.62,45.63,45.62,45.63,3852
2026-04-20 15:05:00,45.68,45.68,45.66,45.66,1459
2026-04-20 15:10:00,45.66,45.66,45.63,45.65,872
2026-04-20 15:15:00,45.63,45.64,45.63,45.64,579
2026-04-20 15:20:00,45.63,45.6401,45.63,45.6401,2460
2026-04-20 15:25:00,45.65,45.6501,45.62,45.64,4020
2026-04-20 15:30:00,45.63,45.63,45.59,45.59,2005
2026-04-20 15:35:00,45.56,45.58,45.54,45.58,2820
2026-04-20 15:40:00,45.59,45.59,45.58,45.58,200
2026-04-20 15:45:00,45.6,45.6,45.59,45.59,495
2026-04-20 15:50:00,45.6,45.63,45.6,45.62,1867
2026-04-20 15:55:00,45.61,45.64,45.59,45.62,7752
2026-04-20 16:00:00,45.64,45.64,45.64,45.64,201
2026-04-21 07:00:00,46.25,46.8,46.24,46.8,1548
2026-04-21 07:35:00,47.1016,47.1016,46.77,46.77,600
2026-04-21 07:40:00,47.1199,47.1199,47.1199,47.1199,200
2026-04-21 08:05:00,46.99,46.99,46.99,46.99,100
2026-04-21 08:25:00,47.02,47.02,47.02,47.02,100
2026-04-21 08:40:00,47.12,47.12,47.12,47.12,131
2026-04-21 09:15:00,47.14,47.2,47.14,47.2,400
2026-04-21 09:30:00,47.22,47.33,46.81,46.9,25386
2026-04-21 09:35:00,46.895,47.04,46.7,47.02,14327
2026-04-21 09:40:00,47.09,47.25,46.97,47.24,17864
2026-04-21 09:45:00,47.24,47.415,47.24,47.3,10144
2026-04-21 09:50:00,47.33,47.34,47.19,47.3001,12180
2026-04-21 09:55:00,47.33,47.3535,47.27,47.27,5814
2026-04-21 10:00:00,47.25,47.385,47.25,47.37,1002
2026-04-21 10:05:00,47.41,47.43,47.33,47.33,2206
2026-04-21 10:10:00,47.36,47.36,47.32,47.32,200
2026-04-21 10:15:00,47.3,47.36,47.26,47.36,3493
2026-04-21 10:20:00,47.33,47.37,47.32,47.32,3168
2026-04-21 10:25:00,47.32,47.36,47.275,47.275,9024
2026-04-21 10:30:00,47.31,47.34,47.29,47.34,5920
2026-04-21 10:35:00,47.365,47.365,47.27,47.27,2900
2026-04-21 10:40:00,47.24,47.24,47.14,47.14,1100
2026-04-21 10:45:00,47.0503,47.055,47.01,47.01,700
2026-04-21 10:50:00,46.95,46.95,46.735,46.75,3922
2026-04-21 10:55:00,46.77,46.77,46.64,46.64,5296
2026-04-21 11:00:00,46.64,46.7799,46.5933,46.7799,8271
2026-04-21 11:05:00,46.77,46.87,46.76,46.77,2700
2026-04-21 11:10:00,46.785,46.785,46.67,46.72,2876
2026-04-21 11:15:00,46.75,46.75,46.75,46.75,200
2026-04-21 11:20:00,46.768,46.768,46.6901,46.7,510
2026-04-21 11:25:00,46.66,46.71,46.64,46.66,6230
2026-04-21 11:30:00,46.68,46.69,46.6799,46.68,670
2026-04-21 11:35:00,46.68,46.68,46.605,46.6191,1773
2026-04-21 11:40:00,46.64,46.66,46.64,46.66,11183
2026-04-21 11:45:00,46.64,46.6999,46.64,46.6999,5349
2026-04-21 11:50:00,46.7,46.7,46.67,46.67,1707
2026-04-21 11:55:00,46.68,46.75,46.68,46.75,1371
2026-04-21 12:00:00,46.79,46.9,46.79,46.9,8567
2026-04-21 12:05:00,46.91,46.915,46.85,46.9,4801
2026-04-21 12:10:00,46.915,46.915,46.86,46.86,720
2026-04-21 12:15:00,46.88,46.89,46.88,46.88,300
2026-04-21 12:20:00,46.86,46.87,46.86,46.87,754
2026-04-21 12:25:00,46.87,46.87,46.87,46.87,200
2026-04-21 12:30:00,46.885,46.9,46.87,46.87,1000
2026-04-21 12:35:00,46.8,46.8027,46.8,46.8027,600
2026-04-21 12:40:00,46.82,46.82,46.775,46.775,649
2026-04-21 12:45:00,46.8,46.8,46.8,46.8,100
2026-04-21 12:50:00,46.81,46.81,46.76,46.76,619
2026-04-21 12:55:00,46.7,46.7,46.68,46.68,843
2026-04-21 13:00:00,46.7,46.755,46.7,46.7401,1593
2026-04-21 13:05:00,46.7,46.71,46.7,46.71,830
2026-04-21 13:10:00,46.7,46.7,46.67,46.67,422
2026-04-21 13:15:00,46.65,46.65,46.63,46.63,210
2026-04-21 13:20:00,46.59,46.69,46.59,46.68,18886
2026-04-21 13:25:00,46.7,46.75,46.66,46.66,8930
2026-04-21 13:30:00,46.63,46.67,46.61,46.67,9280
2026-04-21 13:35:00,46.67,46.74,46.65,46.74,4353
2026-04-21 13:40:00,46.7434,46.775,46.72,46.74,6525
2026-04-21 13:45:00,46.765,46.8,46.725,46.8,3711
2026-04-21 13:50:00,46.8,46.8,46.77,46.77,4597
2026-04-21 13:55:00,46.75,46.77,46.73,46.76,1142
2026-04-21 14:00:00,46.77,46.8,46.76,46.79,4697
2026-04-21 14:05:00,46.78,46.78,46.75,46.75,1140
2026-04-21 14:10:00,46.74,46.74,46.71,46.72,736
2026-04-21 14:15:00,46.75,46.78,46.74,46.76,5222
2026-04-21 14:20:00,46.75,46.75,46.71,46.73,14353
2026-04-21 14:25:00,46.74,46.75,46.72,46.72,16477
2026-04-21 14:30:00,46.72,46.74,46.71,46.74,8342
2026-04-21 14:35:00,46.78,46.78,46.72,46.72,5860
2026-04-21 14:40:00,46.7,46.72,46.66,46.705,32177
2026-04-21 14:45:00,46.685,46.685,46.65,46.65,8548
2026-04-21 14:50:00,46.64,46.72,46.63,46.72,27788
2026-04-21 14:55:00,46.72,46.73,46.66,46.67,33034
2026-04-21 15:00:00,46.67,46.7,46.66,46.675,40721
2026-04-21 15:05:00,46.68,46.695,46.66,46.67,27710
2026-04-21 15:10:00,46.67,46.75,46.67,46.7,44083
2026-04-21 15:15:00,46.72,46.74,46.7,46.74,30453
2026-04-21 15:20:00,46.76,46.82,46.76,46.81,48877
2026-04-21 15:25:00,46.805,46.825,46.79,46.81,50472
2026-04-21 15:30:00,46.815,46.84,46.73,46.74,55802
2026-04-21 15:35:00,46.73,46.73,46.6,46.61,92974
2026-04-21 15:40:00,46.6,46.635,46.5,46.52,56106
2026-04-21 15:45:00,46.52,46.6,46.51,46.57,59540
2026-04-21 15:50:00,46.57,46.57,46.44,46.47,85451
2026-04-21 15:55:00,46.48,46.51,46.39,46.402,167303
2026-04-21 16:00:00,46.36,46.36,46.36,46.36,8316