2026-04-22 07:45:00,44.2,44.2,44.2,44.2,232
2026-04-22 09:30:00,44.32,44.37,44.32,44.32,15666
2026-04-22 09:35:00,44.32,44.3667,44.29,44.3667,4200
2026-04-22 09:40:00,44.38,44.38,44.38,44.38,1367
2026-04-22 09:45:00,44.415,44.415,44.39,44.39,263
2026-04-22 09:50:00,44.39,44.39,44.365,44.385,4931
2026-04-22 09:55:00,44.39,44.39,44.36,44.37,4240
2026-04-22 10:00:00,44.365,44.39,44.34,44.36,11366
2026-04-22 10:05:00,44.36,44.37,44.36,44.37,800
2026-04-22 10:10:00,44.39,44.39,44.38,44.38,200
2026-04-22 10:15:00,44.4,44.41,44.4,44.4,639
2026-04-22 10:20:00,44.39,44.39,44.39,44.39,300
2026-04-22 10:25:00,44.4,44.41,44.37,44.4,7700
2026-04-22 10:30:00,44.4,44.4001,44.355,44.355,793
2026-04-22 10:35:00,44.3673,44.37,44.35,44.35,756
2026-04-22 10:40:00,44.3711,44.3711,44.35,44.35,385
2026-04-22 10:45:00,44.315,44.36,44.315,44.36,704
2026-04-22 10:50:00,44.36,44.36,44.31,44.31,9457
2026-04-22 10:55:00,44.31,44.32,44.31,44.32,592
2026-04-22 11:00:00,44.32,44.32,44.3,44.3,200
2026-04-22 11:05:00,44.33,44.33,44.33,44.33,100
2026-04-22 11:15:00,44.36,44.4,44.28,44.2882,5185
2026-04-22 11:20:00,44.28,44.28,44.28,44.28,100
2026-04-22 11:25:00,44.28,44.35,44.28,44.3475,1100
2026-04-22 11:30:00,44.31,44.31,44.31,44.31,100
2026-04-22 11:35:00,44.31,44.31,44.31,44.31,100
2026-04-22 11:50:00,44.32,44.32,44.31,44.31,800
2026-04-22 11:55:00,44.31,44.31,44.3,44.3,200
2026-04-22 12:05:00,44.31,44.31,44.31,44.31,100
2026-04-22 12:10:00,44.33,44.34,44.31,44.3175,9374
2026-04-22 12:15:00,44.305,44.305,44.305,44.305,600
2026-04-22 12:25:00,44.285,44.285,44.285,44.285,100
2026-04-22 12:35:00,44.26,44.26,44.245,44.245,400
2026-04-22 12:50:00,44.245,44.245,44.245,44.245,200
2026-04-22 13:00:00,44.26,44.26,44.24,44.24,2460
2026-04-22 13:05:00,44.265,44.265,44.265,44.265,100
2026-04-22 13:10:00,44.27,44.29,44.27,44.29,400
2026-04-22 13:15:00,44.24,44.24,44.24,44.24,100
2026-04-22 13:20:00,44.25,44.25,44.25,44.25,100
2026-04-22 13:35:00,44.24,44.24,44.24,44.24,139
2026-04-22 13:45:00,44.24,44.2599,44.24,44.24,312
2026-04-22 13:50:00,44.25,44.25,44.24,44.24,200
2026-04-22 13:55:00,44.2545,44.2545,44.23,44.23,1038
2026-04-22 14:00:00,44.24,44.24,44.22,44.22,460
2026-04-22 14:05:00,44.2499,44.25,44.22,44.22,1931
2026-04-22 14:10:00,44.225,44.225,44.22,44.22,516
2026-04-22 14:15:00,44.22,44.23,44.22,44.23,313
2026-04-22 14:20:00,44.2,44.21,44.17,44.21,2085
2026-04-22 14:25:00,44.205,44.205,44.205,44.205,100
2026-04-22 14:30:00,44.215,44.215,44.215,44.215,100
2026-04-22 14:35:00,44.205,44.205,44.205,44.205,200
2026-04-22 14:40:00,44.2,44.2,44.2,44.2,100
2026-04-22 14:50:00,44.21,44.21,44.19,44.21,500
2026-04-22 14:55:00,44.205,44.205,44.18,44.18,1445
2026-04-22 15:00:00,44.17,44.175,44.15,44.16,903
2026-04-22 15:05:00,44.165,44.17,44.165,44.17,500
2026-04-22 15:15:00,44.2,44.2,44.18,44.2,5059
2026-04-22 15:20:00,44.2,44.2,44.19,44.19,400
2026-04-22 15:25:00,44.19,44.1901,44.18,44.1901,500
2026-04-22 15:30:00,44.18,44.19,44.18,44.18,400
2026-04-22 15:35:00,44.18,44.18,44.18,44.18,100
2026-04-22 15:40:00,44.2,44.2,44.2,44.2,260
2026-04-22 15:45:00,44.235,44.235,44.22,44.22,1829
2026-04-22 15:50:00,44.225,44.23,44.225,44.23,1859
2026-04-22 15:55:00,44.245,44.25,44.2,44.21,4614
2026-04-22 16:00:00,44.23,44.23,44.23,44.23,1092
2026-04-22 16:55:00,44.46,44.46,44.46,44.46,225
2026-04-23 09:30:00,44,44,43.98,43.99,2508
2026-04-23 09:35:00,43.995,44.0621,43.91,43.92,4523
2026-04-23 09:40:00,44.0215,44.0215,44.0215,44.0215,168
2026-04-23 09:45:00,44.005,44.005,43.94,43.94,345
2026-04-23 09:50:00,44.035,44.035,44.035,44.035,781
2026-04-23 09:55:00,44.005,44.05,44.005,44.005,345
2026-04-23 10:00:00,43.9409,43.98,43.9407,43.98,851
2026-04-23 10:05:00,44,44,43.9401,43.9624,1767
2026-04-23 10:10:00,43.995,43.9951,43.995,43.9951,800
2026-04-23 10:15:00,43.995,43.995,43.96,43.97,4227
2026-04-23 10:20:00,44,44.05,43.99,44.05,1402
2026-04-23 10:30:00,44.025,44.025,44.025,44.025,1846
2026-04-23 10:35:00,44,44.09,43.96,44.015,13051
2026-04-23 10:40:00,43.98,44.01,43.98,44.01,1556
2026-04-23 10:50:00,44.05,44.05,44.05,44.05,200
2026-04-23 10:55:00,44.0599,44.0599,44.0599,44.0599,101
2026-04-23 11:00:00,44.06,44.06,44.05,44.05,700
2026-04-23 11:05:00,44.04,44.04,44.04,44.04,100
2026-04-23 11:10:00,44.04,44.05,44.04,44.04,1003
2026-04-23 11:15:00,44.03,44.07,44.03,44.07,500
2026-04-23 11:25:00,44.07,44.08,44.07,44.08,450
2026-04-23 11:30:00,44.06,44.065,44.06,44.065,238
2026-04-23 11:35:00,44.06,44.06,44.05,44.05,1000
2026-04-23 11:40:00,44.045,44.045,44.03,44.03,736
2026-04-23 11:45:00,44.02,44.02,43.99,44,2322
2026-04-23 11:50:00,44.02,44.02,43.99,43.99,1365
2026-04-23 11:55:00,44.03,44.03,44,44.02,1140
2026-04-23 12:00:00,44.04,44.085,44.04,44.085,3064
2026-04-23 12:05:00,44.0244,44.0244,44.0241,44.0241,900
2026-04-23 12:15:00,44.02,44.05,44.02,44.05,520
2026-04-23 12:20:00,44.035,44.035,44.035,44.035,500
2026-04-23 12:25:00,44.045,44.06,44.045,44.06,300
2026-04-23 12:30:00,44.07,44.08,44.07,44.08,301
2026-04-23 12:45:00,44.08,44.105,44.08,44.105,1245
2026-04-23 12:55:00,44.065,44.07,44.055,44.055,1145
2026-04-23 13:00:00,44,44,43.925,43.925,3198
2026-04-23 13:05:00,43.93,43.93,43.85,43.86,2130
2026-04-23 13:10:00,43.82,43.85,43.81,43.85,2666
2026-04-23 13:15:00,43.83,43.83,43.795,43.795,601
2026-04-23 13:20:00,43.76,43.76,43.76,43.76,100
2026-04-23 13:25:00,43.765,43.78,43.75,43.77,1012
2026-04-23 13:30:00,43.75,43.75,43.745,43.745,210
2026-04-23 13:35:00,43.73,43.73,43.655,43.655,1186
2026-04-23 13:40:00,43.62,43.62,43.54,43.54,1300
2026-04-23 13:45:00,43.545,43.61,43.545,43.61,1433
2026-04-23 13:50:00,43.58,43.74,43.58,43.71,7490
2026-04-23 13:55:00,43.7,43.74,43.7,43.74,2914
2026-04-23 14:00:00,43.74,43.77,43.74,43.77,1297
2026-04-23 14:05:00,43.77,43.79,43.77,43.77,1332
2026-04-23 14:10:00,43.78,43.81,43.74,43.81,3404
2026-04-23 14:15:00,43.805,43.82,43.78,43.82,1426
2026-04-23 14:20:00,43.795,43.795,43.795,43.795,100
2026-04-23 14:30:00,43.82,43.86,43.82,43.86,500
2026-04-23 14:35:00,43.875,43.875,43.87,43.87,800
2026-04-23 14:40:00,43.83,43.83,43.83,43.83,300
2026-04-23 14:45:00,43.83,43.83,43.83,43.83,100
2026-04-23 14:50:00,43.81,43.83,43.81,43.83,300
2026-04-23 14:55:00,43.79,43.79,43.765,43.765,4560
2026-04-23 15:00:00,43.765,43.785,43.765,43.785,300
2026-04-23 15:05:00,43.79,43.81,43.79,43.805,500
2026-04-23 15:10:00,43.8,43.8,43.785,43.785,1378
2026-04-23 15:15:00,43.81,43.81,43.81,43.81,390
2026-04-23 15:20:00,43.82,43.82,43.805,43.82,300
2026-04-23 15:25:00,43.815,43.815,43.815,43.815,400
2026-04-23 15:30:00,43.815,43.82,43.81,43.82,595
2026-04-23 15:35:00,43.76,43.77,43.735,43.77,770
2026-04-23 15:40:00,43.76,43.76,43.76,43.76,100
2026-04-23 15:45:00,43.745,43.76,43.745,43.76,600
2026-04-23 15:50:00,43.75,43.795,43.75,43.795,751
2026-04-23 15:55:00,43.75,43.8,43.74,43.77,5263
2026-04-23 16:00:00,43.8,43.8,43.8,43.8,3275
2026-04-24 04:00:00,43.82,43.82,43.8,43.8,400
2026-04-24 07:20:00,43.8,43.8,43.8,43.8,100
2026-04-24 09:30:00,43.63,43.64,43.57,43.61,3510
2026-04-24 09:35:00,43.58,43.6393,43.58,43.62,6304
2026-04-24 09:40:00,43.6,43.61,43.59,43.59,1413
2026-04-24 09:45:00,43.59,43.62,43.58,43.62,2369
2026-04-24 09:55:00,43.6,43.6,43.6,43.6,100
2026-04-24 10:00:00,43.62,43.62,43.62,43.62,100
2026-04-24 10:05:00,43.64,43.64,43.59,43.59,3085
2026-04-24 10:10:00,43.595,43.66,43.595,43.64,2212
2026-04-24 10:15:00,43.64,43.64,43.64,43.64,200
2026-04-24 10:20:00,43.66,43.66,43.66,43.66,100
2026-04-24 10:25:00,43.6343,43.6343,43.6343,43.6343,100
2026-04-24 10:50:00,43.66,43.66,43.66,43.66,100
2026-04-24 10:55:00,43.62,43.62,43.62,43.62,300
2026-04-24 11:00:00,43.63,43.63,43.63,43.63,100
2026-04-24 11:05:00,43.67,43.67,43.67,43.67,100
2026-04-24 11:10:00,43.6776,43.69,43.6776,43.68,1360
2026-04-24 11:15:00,43.7,43.7,43.7,43.7,100
2026-04-24 11:20:00,43.72,43.72,43.72,43.72,300
2026-04-24 11:25:00,43.72,43.72,43.72,43.72,1145
2026-04-24 11:30:00,43.7301,43.7301,43.7301,43.7301,1000
2026-04-24 11:35:00,43.73,43.73,43.73,43.73,200
2026-04-24 11:40:00,43.74,43.77,43.74,43.77,631
2026-04-24 11:45:00,43.82,43.82,43.7702,43.7702,800
2026-04-24 11:55:00,43.85,43.86,43.85,43.86,800
2026-04-24 12:00:00,43.84,43.84,43.84,43.84,100
2026-04-24 12:05:00,43.83,43.83,43.83,43.83,1242
2026-04-24 12:10:00,43.7956,43.7956,43.7956,43.7956,101
2026-04-24 12:15:00,43.78,43.78,43.78,43.78,110
2026-04-24 12:20:00,43.8001,43.8001,43.8,43.8,872
2026-04-24 12:25:00,43.8,43.8,43.8,43.8,400
2026-04-24 12:35:00,43.79,43.79,43.79,43.79,700
2026-04-24 12:40:00,43.8099,43.8099,43.785,43.785,300
2026-04-24 12:55:00,43.8,43.8,43.8,43.8,500
2026-04-24 13:00:00,43.8,43.8,43.8,43.8,100
2026-04-24 13:15:00,43.77,43.77,43.77,43.77,412
2026-04-24 13:30:00,43.76,43.761,43.76,43.7601,3600
2026-04-24 13:35:00,43.78,43.78,43.7701,43.7701,201
2026-04-24 13:40:00,43.78,43.8,43.78,43.8,2900
2026-04-24 13:45:00,43.7803,43.7803,43.7803,43.7803,2500
2026-04-24 13:50:00,43.77,43.79,43.77,43.79,384
2026-04-24 13:55:00,43.78,43.78,43.77,43.77,978
2026-04-24 14:00:00,43.7501,43.7501,43.7501,43.7501,249
2026-04-24 14:05:00,43.76,43.76,43.74,43.75,1030
2026-04-24 14:10:00,43.76,43.76,43.75,43.7501,484
2026-04-24 14:20:00,43.74,43.74,43.74,43.74,120
2026-04-24 14:25:00,43.755,43.755,43.75,43.75,600
2026-04-24 14:30:00,43.77,43.79,43.77,43.79,11809
2026-04-24 14:40:00,43.7801,43.79,43.7801,43.79,470
2026-04-24 14:45:00,43.8,43.8,43.785,43.785,1165
2026-04-24 14:50:00,43.8,43.8,43.8,43.8,216
2026-04-24 14:55:00,43.8,43.8,43.8,43.8,100
2026-04-24 15:00:00,43.8,43.8,43.8,43.8,134
2026-04-24 15:25:00,43.755,43.755,43.755,43.755,180
2026-04-24 15:30:00,43.8,43.8,43.76,43.76,455
2026-04-24 15:35:00,43.76,43.76,43.751,43.751,476
2026-04-24 15:40:00,43.76,43.76,43.76,43.76,180
2026-04-24 15:45:00,43.78,43.81,43.78,43.81,1691
2026-04-24 15:55:00,43.81,43.85,43.805,43.85,740
2026-04-24 16:00:00,43.84,43.84,43.84,43.84,5455
2026-04-27 04:00:00,43.86,43.86,43.86,43.86,457
2026-04-27 09:30:00,43.82,43.82,43.76,43.77,2840
2026-04-27 09:35:00,43.77,43.8,43.76,43.7999,4249
2026-04-27 09:40:00,43.77,43.79,43.755,43.755,400
2026-04-27 09:45:00,43.73,43.735,43.7,43.73,1130
2026-04-27 09:50:00,43.685,43.7199,43.6637,43.7199,600
2026-04-27 09:55:00,43.71,43.74,43.7,43.74,7008
2026-04-27 10:00:00,43.68,43.705,43.68,43.705,371
2026-04-27 10:05:00,43.71,43.72,43.71,43.72,500
2026-04-27 10:10:00,43.7,43.72,43.7,43.71,1002
2026-04-27 10:15:00,43.71,43.71,43.71,43.71,100
2026-04-27 10:20:00,43.71,43.715,43.71,43.715,300
2026-04-27 10:25:00,43.72,43.72,43.72,43.72,100
2026-04-27 10:30:00,43.7117,43.73,43.7117,43.73,1921
2026-04-27 10:35:00,43.765,43.78,43.76,43.78,500
2026-04-27 10:50:00,43.76,43.76,43.75,43.75,770
2026-04-27 11:00:00,43.73,43.73,43.68,43.68,1411
2026-04-27 11:05:00,43.68,43.7,43.68,43.7,400
2026-04-27 11:15:00,43.72,43.73,43.72,43.73,300
2026-04-27 11:20:00,43.72,43.72,43.7,43.71,600
2026-04-27 11:30:00,43.73,43.73,43.71,43.72,2806
2026-04-27 11:35:00,43.7202,43.73,43.72,43.72,445
2026-04-27 11:40:00,43.73,43.73,43.73,43.73,100
2026-04-27 11:45:00,43.73,43.73,43.715,43.715,1324
2026-04-27 11:50:00,43.71,43.71,43.71,43.71,145
2026-04-27 11:55:00,43.71,43.71,43.71,43.71,1000
2026-04-27 12:00:00,43.71,43.71,43.71,43.71,200
2026-04-27 12:15:00,43.73,43.74,43.73,43.74,200
2026-04-27 12:25:00,43.715,43.715,43.7,43.71,300
2026-04-27 12:35:00,43.7,43.7,43.7,43.7,100
2026-04-27 12:50:00,43.695,43.695,43.695,43.695,130
2026-04-27 12:55:00,43.6801,43.71,43.6801,43.71,2300
2026-04-27 13:20:00,43.69,43.705,43.69,43.7,1289
2026-04-27 13:25:00,43.7,43.72,43.6839,43.72,1837
2026-04-27 13:30:00,43.72,43.72,43.72,43.72,100
2026-04-27 13:40:00,43.71,43.71,43.71,43.71,100
2026-04-27 13:55:00,43.7,43.7,43.7,43.7,458
2026-04-27 14:05:00,43.68,43.7,43.68,43.6906,2329
2026-04-27 14:15:00,43.69,43.71,43.69,43.71,650
2026-04-27 14:25:00,43.695,43.695,43.695,43.695,100
2026-04-27 14:30:00,43.685,43.7,43.685,43.7,250
2026-04-27 14:35:00,43.69,43.69,43.685,43.685,218
2026-04-27 14:40:00,43.685,43.685,43.6761,43.6761,850
2026-04-27 14:45:00,43.68,43.68,43.68,43.68,500
2026-04-27 14:50:00,43.68,43.7,43.6798,43.69,1822
2026-04-27 14:55:00,43.68,43.685,43.68,43.685,297
2026-04-27 15:10:00,43.68,43.69,43.68,43.69,440
2026-04-27 15:25:00,43.706,43.71,43.705,43.71,786
2026-04-27 15:30:00,43.6801,43.7,43.6801,43.7,230
2026-04-27 15:35:00,43.7,43.7,43.68,43.68,1600
2026-04-27 15:40:00,43.6701,43.7,43.6701,43.69,1588
2026-04-27 15:45:00,43.69,43.73,43.68,43.68,5843
2026-04-27 15:50:00,43.69,43.69,43.69,43.69,354
2026-04-27 15:55:00,43.68,43.705,43.68,43.705,4277
2026-04-27 16:00:00,43.7,43.7,43.7,43.7,829
2026-04-27 18:20:00,43.67,43.67,43.67,43.67,100
2026-04-28 09:30:00,43.34,43.38,43.32,43.36,7589
2026-04-28 09:35:00,43.41,43.41,43.4,43.4,1526
2026-04-28 09:40:00,43.41,43.44,43.385,43.4,1916
2026-04-28 09:45:00,43.39,43.39,43.35,43.35,1512
2026-04-28 09:55:00,43.34,43.36,43.33,43.36,1100
2026-04-28 10:00:00,43.32,43.32,43.32,43.32,2197
2026-04-28 10:05:00,43.305,43.36,43.305,43.34,899
2026-04-28 10:10:00,43.375,43.375,43.375,43.375,100
2026-04-28 10:20:00,43.36,43.36,43.36,43.36,100
2026-04-28 10:25:00,43.35,43.35,43.35,43.35,100
2026-04-28 10:30:00,43.32,43.325,43.31,43.31,7601
2026-04-28 10:35:00,43.32,43.33,43.28,43.28,700
2026-04-28 10:40:00,43.29,43.295,43.28,43.295,600
2026-04-28 10:45:00,43.25,43.26,43.25,43.26,7217
2026-04-28 10:50:00,43.25,43.3,43.25,43.3,821
2026-04-28 10:55:00,43.285,43.315,43.275,43.275,600
2026-04-28 11:00:00,43.31,43.33,43.31,43.33,337
2026-04-28 11:05:00,43.305,43.305,43.305,43.305,100
2026-04-28 11:10:00,43.33,43.33,43.33,43.33,100
2026-04-28 11:30:00,43.2805,43.2805,43.2805,43.2805,100
2026-04-28 11:40:00,43.32,43.32,43.32,43.32,105
2026-04-28 11:45:00,43.31,43.33,43.3,43.3299,8305
2026-04-28 11:50:00,43.33,43.33,43.33,43.33,100
2026-04-28 11:55:00,43.33,43.355,43.33,43.355,200
2026-04-28 12:05:00,43.34,43.34,43.34,43.34,224
2026-04-28 12:10:00,43.36,43.36,43.36,43.36,200
2026-04-28 12:15:00,43.3365,43.3365,43.3365,43.3365,150
2026-04-28 12:20:00,43.325,43.325,43.325,43.325,100
2026-04-28 12:50:00,43.281,43.33,43.281,43.33,387
2026-04-28 13:20:00,43.32,43.32,43.29,43.29,894
2026-04-28 13:25:00,43.345,43.345,43.345,43.345,100
2026-04-28 13:40:00,43.36,43.36,43.36,43.36,100
2026-04-28 14:00:00,43.36,43.36,43.36,43.36,120
2026-04-28 14:10:00,43.34,43.34,43.34,43.34,390
2026-04-28 14:15:00,43.345,43.345,43.345,43.345,100
2026-04-28 14:25:00,43.36,43.36,43.36,43.36,100
2026-04-28 14:45:00,43.37,43.37,43.37,43.37,105
2026-04-28 14:55:00,43.35,43.35,43.35,43.35,100
2026-04-28 15:00:00,43.37,43.37,43.37,43.37,100
2026-04-28 15:20:00,43.41,43.4399,43.41,43.4399,259
2026-04-28 15:25:00,43.4,43.4,43.4,43.4,100
2026-04-28 15:30:00,43.42,43.42,43.42,43.42,100
2026-04-28 15:35:00,43.42,43.42,43.4,43.4001,500
2026-04-28 15:40:00,43.41,43.425,43.4,43.425,400
2026-04-28 15:50:00,43.43,43.43,43.41,43.41,620
2026-04-28 15:55:00,43.445,43.45,43.42,43.42,5254
2026-04-28 16:00:00,43.45,43.45,43.45,43.45,3304
2026-04-29 07:50:00,46.4113,46.4113,46.4113,46.4113,301
2026-04-29 09:30:00,43.49,43.5,43.45,43.45,4642
2026-04-29 09:35:00,43.44,43.44,43.44,43.44,100
2026-04-29 09:40:00,43.41,43.4151,43.3801,43.4151,442
2026-04-29 09:45:00,43.38,43.4,43.38,43.4,650
2026-04-29 09:50:00,43.385,43.385,43.385,43.385,100
2026-04-29 10:00:00,43.45,43.45,43.45,43.45,200
2026-04-29 10:05:00,43.44,43.45,43.44,43.45,2108
2026-04-29 10:10:00,43.45,43.47,43.45,43.47,2390
2026-04-29 10:15:00,43.48,43.51,43.48,43.5,1100
2026-04-29 10:20:00,43.51,43.515,43.495,43.515,1430
2026-04-29 10:25:00,43.49,43.5,43.49,43.5,500
2026-04-29 10:30:00,43.49,43.49,43.47,43.475,300
2026-04-29 10:35:00,43.49,43.52,43.49,43.52,1531
2026-04-29 10:40:00,43.51,43.51,43.495,43.495,1696
2026-04-29 10:45:00,43.495,43.505,43.475,43.48,1700
2026-04-29 10:50:00,43.47,43.5,43.47,43.5,1276
2026-04-29 11:00:00,43.51,43.53,43.51,43.53,500
2026-04-29 11:05:00,43.51,43.51,43.5,43.505,3484
2026-04-29 11:10:00,43.5,43.5,43.5,43.5,258
2026-04-29 11:15:00,43.47,43.48,43.47,43.48,1449
2026-04-29 11:20:00,43.48,43.48,43.47,43.48,904
2026-04-29 11:25:00,43.49,43.491,43.47,43.475,6856
2026-04-29 11:30:00,43.48,43.495,43.47,43.47,1511
2026-04-29 11:35:00,43.47,43.47,43.47,43.47,100
2026-04-29 11:40:00,43.46,43.46,43.43,43.44,2845
2026-04-29 11:45:00,43.44,43.4525,43.44,43.4525,301
2026-04-29 11:50:00,43.43,43.44,43.39,43.39,1302
2026-04-29 11:55:00,43.35,43.375,43.35,43.35,2299
2026-04-29 12:15:00,43.4,43.4,43.4,43.4,188
2026-04-29 12:20:00,43.42,43.42,43.42,43.42,100
2026-04-29 12:25:00,43.415,43.415,43.39,43.4,620
2026-04-29 12:30:00,43.405,43.405,43.405,43.405,100
2026-04-29 12:35:00,43.4,43.4,43.4,43.4,100
2026-04-29 12:45:00,43.38,43.38,43.38,43.38,270
2026-04-29 12:50:00,43.38,43.38,43.38,43.38,100
2026-04-29 12:55:00,43.37,43.37,43.37,43.37,100
2026-04-29 13:00:00,43.37,43.37,43.36,43.36,2084
2026-04-29 13:05:00,43.4097,43.4097,43.36,43.37,12559
2026-04-29 13:10:00,43.36,43.36,43.335,43.335,1133
2026-04-29 13:15:00,43.34,43.35,43.34,43.34,5325
2026-04-29 13:20:00,43.345,43.36,43.335,43.35,3659
2026-04-29 13:25:00,43.345,43.35,43.345,43.35,600
2026-04-29 13:30:00,43.36,43.36,43.36,43.36,100
2026-04-29 13:35:00,43.375,43.375,43.375,43.375,200
2026-04-29 13:40:00,43.36,43.36,43.36,43.36,726
2026-04-29 13:45:00,43.37,43.4,43.37,43.39,1155
2026-04-29 13:50:00,43.38,43.38,43.38,43.38,100
2026-04-29 14:00:00,43.38,43.38,43.37,43.37,400
2026-04-29 14:15:00,43.3,43.38,43.3,43.355,520
2026-04-29 14:30:00,43.33,43.33,43.325,43.33,1500
2026-04-29 14:40:00,43.3499,43.3499,43.31,43.31,1855
2026-04-29 14:45:00,43.31,43.33,43.3,43.33,900
2026-04-29 14:50:00,43.345,43.345,43.345,43.345,400
2026-04-29 14:55:00,43.34,43.34,43.34,43.34,200
2026-04-29 15:00:00,43.38,43.4,43.38,43.39,5870
2026-04-29 15:05:00,43.38,43.39,43.38,43.39,330
2026-04-29 15:10:00,43.385,43.43,43.385,43.43,940
2026-04-29 15:15:00,43.42,43.44,43.4,43.42,6139
2026-04-29 15:20:00,43.43,43.43,43.405,43.41,650
2026-04-29 15:25:00,43.39,43.4299,43.39,43.39,2773
2026-04-29 15:30:00,43.385,43.385,43.36,43.36,488
2026-04-29 15:35:00,43.365,43.39,43.365,43.39,800
2026-04-29 15:40:00,43.4,43.415,43.38,43.39,3018
2026-04-29 15:45:00,43.375,43.375,43.375,43.375,100
2026-04-29 15:50:00,43.345,43.345,43.345,43.345,100
2026-04-29 15:55:00,43.37,43.385,43.35,43.38,649
2026-04-29 16:00:00,43.4,43.4,43.4,43.4,454
2026-04-30 04:00:00,42.96,42.96,42.85,42.85,889
2026-04-30 09:30:00,43.55,43.56,43.43,43.43,2802
2026-04-30 09:35:00,43.4,43.4,43.4,43.4,1903
2026-04-30 09:40:00,43.4,43.43,43.4,43.4299,770
2026-04-30 09:45:00,43.41,43.41,43.41,43.41,2000
2026-04-30 09:50:00,43.4,43.4,43.4,43.4,300
2026-04-30 09:55:00,43.37,43.39,43.3389,43.38,6289
2026-04-30 10:00:00,43.445,43.445,43.44,43.44,250
2026-04-30 10:05:00,43.45,43.45,43.45,43.45,400
2026-04-30 10:10:00,43.455,43.455,43.44,43.44,400
2026-04-30 10:15:00,43.47,43.48,43.46,43.48,19206
2026-04-30 10:20:00,43.495,43.53,43.495,43.52,2284
2026-04-30 10:25:00,43.51,43.52,43.51,43.52,900
2026-04-30 10:30:00,43.51,43.515,43.51,43.515,651
2026-04-30 10:35:00,43.49,43.49,43.455,43.455,1118
2026-04-30 10:40:00,43.49,43.49,43.45,43.45,500
2026-04-30 10:45:00,43.51,43.515,43.51,43.515,2013
2026-04-30 10:50:00,43.52,43.55,43.5,43.53,1554
2026-04-30 10:55:00,43.53,43.55,43.53,43.54,400
2026-04-30 11:00:00,43.52,43.52,43.49,43.49,500
2026-04-30 11:05:00,43.51,43.535,43.51,43.53,1563
2026-04-30 11:10:00,43.54,43.54,43.52,43.525,1326
2026-04-30 11:15:00,43.5227,43.5227,43.5227,43.5227,1370
2026-04-30 11:20:00,43.52,43.52,43.5,43.52,1000
2026-04-30 11:25:00,43.48,43.56,43.48,43.55,1288
2026-04-30 11:30:00,43.5565,43.5565,43.555,43.555,319
2026-04-30 11:35:00,43.54,43.54,43.5,43.5075,999
2026-04-30 11:40:00,43.53,43.53,43.53,43.53,400
2026-04-30 11:50:00,43.5,43.515,43.49,43.515,1321
2026-04-30 12:10:00,43.54,43.55,43.525,43.525,900
2026-04-30 12:15:00,43.525,43.54,43.48,43.54,3295
2026-04-30 12:20:00,43.49,43.49,43.48,43.48,600
2026-04-30 12:25:00,43.4801,43.5,43.4801,43.5,263
2026-04-30 12:40:00,43.5,43.5,43.5,43.5,200
2026-04-30 12:45:00,43.48,43.5,43.48,43.5,300
2026-04-30 12:50:00,43.475,43.475,43.44,43.46,1528
2026-04-30 12:55:00,43.445,43.445,43.44,43.44,220
2026-04-30 13:00:00,43.46,43.46,43.46,43.46,410
2026-04-30 13:05:00,43.42,43.495,43.42,43.495,2260
2026-04-30 13:10:00,43.45,43.45,43.45,43.45,100
2026-04-30 13:20:00,43.475,43.5,43.4516,43.5,1280
2026-04-30 13:25:00,43.485,43.485,43.4561,43.475,1100
2026-04-30 13:30:00,43.46,43.515,43.46,43.515,540
2026-04-30 13:35:00,43.495,43.495,43.495,43.495,177
2026-04-30 13:40:00,43.5016,43.53,43.5016,43.53,952
2026-04-30 13:45:00,43.5,43.52,43.5,43.52,713
2026-04-30 13:50:00,43.4901,43.55,43.4901,43.51,500
2026-04-30 13:55:00,43.53,43.53,43.53,43.53,210
2026-04-30 14:00:00,43.565,43.57,43.565,43.57,243
2026-04-30 14:10:00,43.55,43.555,43.55,43.555,300
2026-04-30 14:15:00,43.58,43.585,43.56,43.56,1419
2026-04-30 14:20:00,43.575,43.575,43.57,43.57,360
2026-04-30 14:25:00,43.57,43.57,43.57,43.57,300
2026-04-30 14:30:00,43.56,43.58,43.56,43.58,288
2026-04-30 14:35:00,43.5728,43.625,43.5728,43.625,1400
2026-04-30 14:45:00,43.625,43.64,43.62,43.62,990
2026-04-30 14:50:00,43.62,43.625,43.62,43.625,999
2026-04-30 14:55:00,43.64,43.64,43.6201,43.6201,399
2026-04-30 15:05:00,43.65,43.71,43.65,43.7,2508
2026-04-30 15:10:00,43.7,43.7,43.7,43.7,140
2026-04-30 15:15:00,43.73,43.73,43.73,43.73,425
2026-04-30 15:20:00,43.72,43.73,43.71,43.72,4000
2026-04-30 15:25:00,43.72,43.72,43.72,43.72,100
2026-04-30 15:35:00,43.73,43.73,43.73,43.73,900
2026-04-30 15:45:00,43.77,43.77,43.77,43.77,123
2026-04-30 15:55:00,43.76,43.77,43.7,43.74,2611
2026-04-30 16:00:00,43.71,43.71,43.71,43.71,476
2026-05-01 09:30:00,43.58,43.58,43.58,43.58,862
2026-05-01 09:35:00,43.68,43.7,43.68,43.68,1280
2026-05-01 09:40:00,43.68,43.73,43.68,43.72,10267
2026-05-01 09:45:00,43.67,43.71,43.625,43.625,835
2026-05-01 09:50:00,43.68,43.68,43.68,43.68,100
2026-05-01 10:05:00,43.73,43.76,43.73,43.76,1800
2026-05-01 10:15:00,43.81,43.81,43.79,43.79,2956
2026-05-01 10:20:00,43.775,43.775,43.775,43.775,480
2026-05-01 10:25:00,43.7999,43.7999,43.7999,43.7999,250
2026-05-01 10:30:00,43.73,43.73,43.7017,43.7017,4367
2026-05-01 10:35:00,43.7205,43.7499,43.7,43.7,400
2026-05-01 10:45:00,43.7399,43.7399,43.7399,43.7399,150
2026-05-01 11:05:00,43.66,43.66,43.66,43.66,500
2026-05-01 11:20:00,43.7048,43.7048,43.7048,43.7048,100
2026-05-01 11:25:00,43.685,43.685,43.68,43.68,700
2026-05-01 11:50:00,43.7,43.7,43.7,43.7,300
2026-05-01 11:55:00,43.675,43.675,43.675,43.675,777
2026-05-01 12:15:00,43.64,43.64,43.64,43.64,300
2026-05-01 12:20:00,43.66,43.66,43.66,43.66,100
2026-05-01 12:25:00,43.6684,43.6684,43.6684,43.6684,116
2026-05-01 12:30:00,43.645,43.645,43.62,43.62,200
2026-05-01 12:45:00,43.6399,43.6399,43.58,43.58,26859
2026-05-01 12:50:00,43.6,43.64,43.58,43.64,38720
2026-05-01 12:55:00,43.64,43.65,43.64,43.65,1085
2026-05-01 13:05:00,43.63,43.6599,43.63,43.6599,1500
2026-05-01 13:20:00,43.65,43.65,43.635,43.635,250
2026-05-01 13:25:00,43.64,43.64,43.64,43.64,570
2026-05-01 13:30:00,43.64,43.67,43.61,43.63,4916
2026-05-01 13:35:00,43.66,43.6799,43.66,43.66,524
2026-05-01 13:40:00,43.67,43.67,43.65,43.6505,300
2026-05-01 13:50:00,43.645,43.68,43.6301,43.675,5467
2026-05-01 13:55:00,43.66,43.66,43.6302,43.6492,1818
2026-05-01 14:00:00,43.62,43.6202,43.62,43.6202,505
2026-05-01 14:05:00,43.62,43.62,43.62,43.62,100
2026-05-01 14:10:00,43.585,43.585,43.585,43.585,100
2026-05-01 14:20:00,43.575,43.61,43.56,43.595,1287
2026-05-01 14:25:00,43.62,43.62,43.62,43.62,100
2026-05-01 14:40:00,43.595,43.595,43.595,43.595,1000
2026-05-01 14:45:00,43.595,43.595,43.595,43.595,200
2026-05-01 14:50:00,43.58,43.58,43.57,43.57,3100
2026-05-01 15:00:00,43.6,43.6,43.6,43.6,1104
2026-05-01 15:10:00,43.58,43.585,43.58,43.585,1858
2026-05-01 15:15:00,43.57,43.5745,43.57,43.5745,770
2026-05-01 15:25:00,43.5768,43.61,43.5768,43.605,2240
2026-05-01 15:35:00,43.54,43.54,43.54,43.54,100
2026-05-01 15:55:00,43.555,43.56,43.52,43.56,9732
2026-05-01 16:00:00,43.57,43.57,43.57,43.57,237
2026-05-04 04:00:00,43.6,43.6,43.57,43.57,370
2026-05-04 09:25:00,43.3,43.3,43.28,43.28,200
2026-05-04 09:30:00,43.24,43.3,43.2,43.27,13940
2026-05-04 09:35:00,43.3,43.36,43.29,43.32,4413
2026-05-04 09:40:00,43.325,43.34,43.3,43.32,4547
2026-05-04 09:45:00,43.315,43.315,43.315,43.315,310
2026-05-04 10:00:00,43.37,43.37,43.37,43.37,100
2026-05-04 10:05:00,43.3201,43.34,43.31,43.31,4178
2026-05-04 10:10:00,43.315,43.34,43.315,43.34,689
2026-05-04 10:20:00,43.38,43.38,43.38,43.38,200
2026-05-04 10:30:00,43.4,43.4,43.4,43.4,100
2026-05-04 10:35:00,43.39,43.39,43.39,43.39,575
2026-05-04 10:45:00,43.38,43.4,43.375,43.375,4269
2026-05-04 10:50:00,43.385,43.385,43.385,43.385,108
2026-05-04 10:55:00,43.4075,43.4075,43.4075,43.4075,250
2026-05-04 11:00:00,43.33,43.365,43.315,43.3595,725
2026-05-04 11:05:00,43.33,43.33,43.28,43.28,1300
2026-05-04 11:10:00,43.2913,43.2913,43.29,43.29,550
2026-05-04 11:15:00,43.24,43.24,43.23,43.23,2000
2026-05-04 11:20:00,43.21,43.21,43.13,43.13,895
2026-05-04 11:30:00,43.08,43.08,43.08,43.08,604
2026-05-04 11:35:00,43.0771,43.1099,43.0771,43.1099,431
2026-05-04 11:40:00,43.0701,43.12,43.0701,43.1,2200
2026-05-04 11:45:00,43.1,43.1,43.04,43.04,4458
2026-05-04 11:50:00,43.01,43.03,42.96,43.03,2240
2026-05-04 11:55:00,43.01,43.04,43.01,43.02,1100
2026-05-04 12:00:00,43.01,43.01,43.01,43.01,408
2026-05-04 12:05:00,42.995,43,42.94,43,4910
2026-05-04 12:10:00,42.9401,43,42.9401,42.97,1411
2026-05-04 12:15:00,42.93,43.005,42.93,43,3526
2026-05-04 12:20:00,43.05,43.08,43.05,43.08,4382
2026-05-04 12:25:00,43.05,43.05,43.02,43.04,400
2026-05-04 12:40:00,43.05,43.05,43.05,43.05,100
2026-05-04 12:45:00,43.04,43.04,43.03,43.03,839
2026-05-04 13:05:00,43.03,43.04,43.03,43.04,391
2026-05-04 13:35:00,43.09,43.09,43.08,43.08,1028
2026-05-04 13:50:00,43.09,43.09,43.09,43.09,322
2026-05-04 13:55:00,43.08,43.08,43.08,43.08,393
2026-05-04 14:00:00,43.09,43.11,43.09,43.11,1380
2026-05-04 14:05:00,43.11,43.11,43.11,43.11,200
2026-05-04 14:10:00,43.11,43.11,43.11,43.11,320
2026-05-04 14:15:00,43.1,43.1,43.1,43.1,100
2026-05-04 14:20:00,43.09,43.09,43.09,43.09,120
2026-05-04 14:25:00,43.0945,43.0945,43.0945,43.0945,482
2026-05-04 14:30:00,43.08,43.08,43.08,43.08,100
2026-05-04 14:35:00,43.08,43.08,43.08,43.08,227
2026-05-04 14:40:00,43.06,43.08,43.06,43.08,805
2026-05-04 14:45:00,43.05,43.05,43.041,43.041,444
2026-05-04 14:50:00,43.07,43.07,43.07,43.07,100
2026-05-04 14:55:00,43.08,43.085,43.08,43.085,500
2026-05-04 15:05:00,43.08,43.12,43.08,43.12,4469
2026-05-04 15:15:00,43.11,43.11,43.08,43.08,480
2026-05-04 15:20:00,43.125,43.125,43.11,43.11,1844
2026-05-04 15:25:00,43.11,43.12,43.11,43.12,400
2026-05-04 15:30:00,43.1154,43.1154,43.1,43.11,438
2026-05-04 15:35:00,43.1,43.12,43.1,43.1,2425
2026-05-04 15:40:00,43.1,43.1,43.1,43.1,278
2026-05-04 15:50:00,43.09,43.09,43.09,43.09,133
2026-05-04 15:55:00,43.1,43.11,43.09,43.09,959
2026-05-05 09:30:00,43.3,43.3599,43.3,43.3599,6126
2026-05-05 09:40:00,43.2701,43.2901,43.27,43.28,811
2026-05-05 09:45:00,43.28,43.31,43.28,43.31,1200
2026-05-05 09:50:00,43.3,43.31,43.3,43.31,736
2026-05-05 09:55:00,43.31,43.31,43.31,43.31,255
2026-05-05 10:05:00,43.33,43.38,43.33,43.38,1466
2026-05-05 10:10:00,43.35,43.35,43.34,43.34,207
2026-05-05 10:15:00,43.3001,43.3001,43.3001,43.3001,466
2026-05-05 10:20:00,43.3,43.3,43.3,43.3,200
2026-05-05 10:35:00,43.38,43.38,43.3,43.3,533
2026-05-05 10:45:00,43.32,43.34,43.32,43.34,1877
2026-05-05 10:50:00,43.32,43.34,43.32,43.34,750
2026-05-05 10:55:00,43.345,43.345,43.345,43.345,200
2026-05-05 11:00:00,43.35,43.37,43.35,43.37,1170
2026-05-05 11:05:00,43.37,43.37,43.36,43.3601,900
2026-05-05 11:10:00,43.36,43.37,43.36,43.37,800
2026-05-05 11:15:00,43.38,43.38,43.38,43.38,100
2026-05-05 11:25:00,43.385,43.42,43.385,43.42,5451
2026-05-05 11:35:00,43.425,43.425,43.425,43.425,100
2026-05-05 11:40:00,43.41,43.42,43.41,43.41,700
2026-05-05 11:45:00,43.41,43.43,43.41,43.43,1720
2026-05-05 11:55:00,43.42,43.42,43.41,43.41,310
2026-05-05 12:00:00,43.39,43.39,43.39,43.39,100
2026-05-05 12:05:00,43.39,43.3951,43.39,43.3951,600
2026-05-05 12:10:00,43.38,43.38,43.37,43.38,1882
2026-05-05 12:15:00,43.38,43.38,43.38,43.38,375
2026-05-05 12:20:00,43.38,43.39,43.38,43.39,600
2026-05-05 12:25:00,43.39,43.395,43.37,43.39,2875
2026-05-05 12:35:00,43.38,43.38,43.38,43.38,100
2026-05-05 12:40:00,43.37,43.37,43.37,43.37,300
2026-05-05 12:45:00,43.37,43.38,43.37,43.38,200
2026-05-05 12:50:00,43.39,43.39,43.38,43.38,300
2026-05-05 12:55:00,43.38,43.38,43.38,43.38,200
2026-05-05 13:00:00,43.37,43.37,43.37,43.37,100
2026-05-05 13:10:00,43.36,43.36,43.36,43.36,100
2026-05-05 13:15:00,43.37,43.38,43.37,43.38,200
2026-05-05 13:20:00,43.39,43.395,43.39,43.39,900
2026-05-05 13:25:00,43.3801,43.3801,43.3801,43.3801,500
2026-05-05 13:35:00,43.4,43.42,43.39,43.405,2631
2026-05-05 13:45:00,43.38,43.38,43.38,43.38,100
2026-05-05 13:50:00,43.4,43.4,43.39,43.39,400
2026-05-05 13:55:00,43.38,43.41,43.38,43.41,400
2026-05-05 14:00:00,43.38,43.38,43.38,43.38,100
2026-05-05 14:05:00,43.38,43.38,43.38,43.38,100
2026-05-05 14:10:00,43.38,43.39,43.38,43.39,500
2026-05-05 14:15:00,43.39,43.39,43.39,43.39,100
2026-05-05 14:20:00,43.38,43.38,43.38,43.38,100
2026-05-05 14:25:00,43.37,43.37,43.37,43.37,200
2026-05-05 14:30:00,43.3705,43.39,43.37,43.37,1308
2026-05-05 14:35:00,43.36,43.36,43.36,43.36,100
2026-05-05 14:40:00,43.3727,43.3727,43.3727,43.3727,126
2026-05-05 14:45:00,43.375,43.38,43.37,43.38,700
2026-05-05 14:50:00,43.38,43.38,43.37,43.37,438
2026-05-05 15:00:00,43.39,43.39,43.37,43.38,400
2026-05-05 15:05:00,43.38,43.39,43.37,43.3802,937
2026-05-05 15:10:00,43.37,43.375,43.37,43.375,390
2026-05-05 15:15:00,43.38,43.38,43.37,43.37,300
2026-05-05 15:20:00,43.36,43.3629,43.36,43.36,400
2026-05-05 15:25:00,43.36,43.3909,43.36,43.3909,932
2026-05-05 15:30:00,43.36,43.36,43.35,43.35,303
2026-05-05 15:35:00,43.36,43.36,43.36,43.36,298
2026-05-05 15:40:00,43.365,43.365,43.35,43.365,500
2026-05-05 15:45:00,43.35,43.38,43.35,43.35,1738
2026-05-05 15:50:00,43.35,43.355,43.34,43.35,3054
2026-05-05 15:55:00,43.355,43.38,43.355,43.36,4386
2026-05-05 16:00:00,43.35,43.35,43.35,43.35,657
2026-05-05 18:25:00,43.4,43.4,43.4,43.4,200
2026-05-05 18:40:00,43.4,43.4,43.4,43.4,200
2026-05-05 18:45:00,43.39,43.39,43.39,43.39,100
2026-05-05 19:10:00,43.39,43.39,43.39,43.39,200
2026-05-06 08:20:00,43.6394,43.6394,43.6394,43.6394,150
2026-05-06 09:00:00,44.49,44.49,44.49,44.49,462
2026-05-06 09:25:00,43.9,43.93,43.9,43.93,300
2026-05-06 09:30:00,43.94,43.96,43.88,43.96,20068
2026-05-06 09:35:00,44,44.025,43.99,44.005,2433
2026-05-06 09:40:00,43.97,43.98,43.91,43.935,15315
2026-05-06 09:45:00,43.935,43.965,43.92,43.93,8643
2026-05-06 09:50:00,43.93,43.98,43.9,43.97,10285
2026-05-06 09:55:00,43.97,44.02,43.97,43.975,5295
2026-05-06 10:00:00,43.975,43.98,43.95,43.97,765
2026-05-06 10:05:00,43.95,43.98,43.92,43.96,8035
2026-05-06 10:10:00,43.96,44.02,43.96,44.02,7943
2026-05-06 10:15:00,44.0101,44.025,44.0018,44.005,2470
2026-05-06 10:20:00,44.025,44.05,44.01,44.05,4791
2026-05-06 10:25:00,44.055,44.055,44.03,44.0332,3100
2026-05-06 10:30:00,44.03,44.07,44.02,44.06,5205
2026-05-06 10:35:00,44.07,44.12,44.06,44.12,4200
2026-05-06 10:40:00,44.11,44.15,44.11,44.1499,1028
2026-05-06 10:45:00,44.15,44.165,44.15,44.16,1450
2026-05-06 10:50:00,44.14,44.14,44.14,44.14,300
2026-05-06 10:55:00,44.135,44.135,44.125,44.13,2300
2026-05-06 11:00:00,44.135,44.135,44.135,44.135,850
2026-05-06 11:05:00,44.135,44.15,44.13,44.13,10863
2026-05-06 11:10:00,44.13,44.14,44.125,44.125,3947
2026-05-06 11:15:00,44.13,44.18,44.13,44.175,1524
2026-05-06 11:20:00,44.165,44.165,44.13,44.165,800
2026-05-06 11:25:00,44.16,44.16,44.14,44.14,200
2026-05-06 11:30:00,44.16,44.19,44.16,44.185,5702
2026-05-06 11:35:00,44.185,44.185,44.16,44.16,2200
2026-05-06 11:40:00,44.17,44.18,44.16,44.17,2190
2026-05-06 11:45:00,44.18,44.19,44.18,44.19,1150
2026-05-06 11:50:00,44.1701,44.1701,44.1701,44.1701,100
2026-05-06 11:55:00,44.17,44.17,44.165,44.165,1082
2026-05-06 12:00:00,44.16,44.16,44.145,44.15,2553
2026-05-06 12:05:00,44.14,44.14,44.11,44.12,4033
2026-05-06 12:10:00,44.09,44.11,44.09,44.11,1814
2026-05-06 12:30:00,44.1,44.105,44.1,44.105,500
2026-05-06 12:35:00,44.1,44.1,44.075,44.08,4733
2026-05-06 12:40:00,44.08,44.08,44.06,44.07,503
2026-05-06 12:45:00,44.05,44.05,44.05,44.05,100
2026-05-06 12:50:00,44.05,44.065,44.05,44.06,3693
2026-05-06 12:55:00,44.04,44.045,44.03,44.04,4132
2026-05-06 13:00:00,44.0364,44.04,44.03,44.04,2058
2026-05-06 13:05:00,44.075,44.095,44.07,44.095,4535
2026-05-06 13:10:00,44.11,44.11,44.09,44.095,600
2026-05-06 13:15:00,44.07,44.07,44.07,44.07,200
2026-05-06 13:20:00,44.08,44.08,44.08,44.08,500
2026-05-06 13:25:00,44.085,44.085,44.0651,44.0651,500
2026-05-06 13:30:00,44.055,44.055,44.035,44.035,500
2026-05-06 13:35:00,44.0328,44.035,44.0328,44.035,1039
2026-05-06 13:40:00,44.03,44.06,44.025,44.03,8077
2026-05-06 13:45:00,44.05,44.05,44.05,44.05,809
2026-05-06 13:50:00,44.07,44.07,44.05,44.0595,375
2026-05-06 13:55:00,44.05,44.05,44.05,44.05,450
2026-05-06 14:00:00,44.07,44.07,44.06,44.06,300
2026-05-06 14:05:00,44.06,44.1,44.06,44.1,5812
2026-05-06 14:10:00,44.11,44.11,44.095,44.095,1618
2026-05-06 14:15:00,44.1,44.135,44.1,44.135,930
2026-05-06 14:20:00,44.14,44.14,44.1355,44.14,450
2026-05-06 14:25:00,44.135,44.14,44.11,44.13,1700
2026-05-06 14:35:00,44.135,44.14,44.12,44.13,900
2026-05-06 14:40:00,44.1201,44.1201,44.12,44.12,640
2026-05-06 14:45:00,44.115,44.115,44.09,44.09,681
2026-05-06 14:50:00,44.09,44.09,44.085,44.09,1248
2026-05-06 14:55:00,44.09,44.12,44.09,44.115,2304
2026-05-06 15:00:00,44.12,44.12,44.12,44.12,1100
2026-05-06 15:05:00,44.12,44.13,44.12,44.13,2444
2026-05-06 15:10:00,44.13,44.15,44.13,44.15,2318
2026-05-06 15:15:00,44.15,44.15,44.14,44.1454,1550
2026-05-06 15:20:00,44.145,44.165,44.145,44.16,2391
2026-05-06 15:25:00,44.16,44.16,44.145,44.15,1139
2026-05-06 15:30:00,44.13,44.13,44.1,44.1,479
2026-05-06 15:35:00,44.1095,44.15,44.1095,44.145,843
2026-05-06 15:40:00,44.14,44.16,44.14,44.14,4846
2026-05-06 15:45:00,44.13,44.16,44.13,44.1549,10832
2026-05-06 15:50:00,44.14,44.165,44.14,44.15,4285
2026-05-06 15:55:00,44.15,44.16,44.105,44.125,11252
2026-05-06 16:00:00,44.11,44.11,44.11,44.11,2794
2026-05-06 19:55:00,44.25,44.25,44.25,44.25,100
2026-05-07 04:00:00,43.87,43.87,43.85,43.85,664
2026-05-07 09:25:00,44.19,44.22,44.18,44.22,840
2026-05-07 09:30:00,44.24,44.3014,44.21,44.21,8111
2026-05-07 09:35:00,44.23,44.23,44.23,44.23,100
2026-05-07 09:40:00,44.2,44.24,44.2,44.22,900
2026-05-07 09:45:00,44.2,44.22,44.18,44.19,2217
2026-05-07 09:50:00,44.18,44.195,44.16,44.195,1595
2026-05-07 09:55:00,44.21,44.21,44.18,44.18,950
2026-05-07 10:00:00,44.19,44.27,44.175,44.175,6037
2026-05-07 10:05:00,44.18,44.18,44.18,44.18,170
2026-05-07 10:10:00,44.17,44.175,44.16,44.17,2066
2026-05-07 10:15:00,44.16,44.16,44.105,44.105,444
2026-05-07 10:20:00,44.16,44.16,44.14,44.14,500
2026-05-07 10:25:00,44.115,44.115,44.115,44.115,100
2026-05-07 10:30:00,44.135,44.14,44.135,44.14,200
2026-05-07 10:35:00,44.11,44.13,44.11,44.13,2259
2026-05-07 10:40:00,44.125,44.16,44.125,44.16,850
2026-05-07 10:45:00,44.16,44.16,44.16,44.16,1788
2026-05-07 10:50:00,44.16,44.17,44.16,44.165,950
2026-05-07 11:00:00,44.17,44.18,44.16,44.16,500
2026-05-07 11:05:00,44.1401,44.1401,44.1401,44.1401,320
2026-05-07 11:10:00,44.16,44.16,44.16,44.16,115
2026-05-07 11:15:00,44.14,44.16,44.12,44.16,12460
2026-05-07 11:30:00,44.1,44.13,44.085,44.085,767
2026-05-07 11:35:00,44.085,44.085,44.085,44.085,216
2026-05-07 11:50:00,43.98,43.98,43.98,43.98,303
2026-05-07 12:05:00,43.961,43.98,43.96,43.96,2110
2026-05-07 12:15:00,43.96,43.96,43.92,43.94,1241
2026-05-07 12:20:00,43.935,43.96,43.935,43.96,600
2026-05-07 12:25:00,43.97,43.97,43.97,43.97,100
2026-05-07 12:30:00,43.98,43.98,43.98,43.98,100
2026-05-07 12:40:00,43.96,43.96,43.96,43.96,246
2026-05-07 12:50:00,43.91,43.93,43.91,43.93,651
2026-05-07 13:00:00,43.9069,43.9069,43.9069,43.9069,400
2026-05-07 13:05:00,43.93,43.93,43.93,43.93,200
2026-05-07 13:15:00,43.93,43.93,43.9,43.9,585
2026-05-07 13:20:00,43.9,43.91,43.9,43.91,500
2026-05-07 13:25:00,43.86,43.86,43.84,43.84,1700
2026-05-07 13:30:00,43.835,43.835,43.835,43.835,100
2026-05-07 13:35:00,43.83,43.83,43.83,43.83,146
2026-05-07 13:40:00,43.835,43.85,43.835,43.84,980
2026-05-07 13:45:00,43.82,43.82,43.82,43.82,200
2026-05-07 13:50:00,43.82,43.82,43.81,43.81,699
2026-05-07 13:55:00,43.84,43.88,43.84,43.87,1150
2026-05-07 14:00:00,43.865,43.865,43.865,43.865,433
2026-05-07 14:05:00,43.87,43.89,43.87,43.88,707
2026-05-07 14:15:00,43.87,43.88,43.87,43.88,200
2026-05-07 14:20:00,43.88,43.88,43.88,43.88,100
2026-05-07 14:35:00,43.87,43.89,43.86,43.86,916
2026-05-07 14:40:00,43.86,43.86,43.86,43.86,200
2026-05-07 14:45:00,43.87,43.87,43.84,43.85,1700
2026-05-07 14:50:00,43.81,43.81,43.81,43.81,100
2026-05-07 15:00:00,43.85,43.85,43.85,43.85,200
2026-05-07 15:05:00,43.87,43.87,43.87,43.87,200
2026-05-07 15:15:00,43.87,43.87,43.86,43.86,200
2026-05-07 15:20:00,43.835,43.835,43.83,43.83,305
2026-05-07 15:25:00,43.82,43.82,43.82,43.82,354
2026-05-07 15:30:00,43.791,43.819,43.79,43.81,1001
2026-05-07 15:35:00,43.8198,43.87,43.81,43.87,1595
2026-05-07 15:40:00,43.86,43.86,43.81,43.81,700
2026-05-07 15:45:00,43.81,43.81,43.81,43.81,200
2026-05-07 15:50:00,43.81,43.81,43.76,43.78,800
2026-05-07 15:55:00,43.78,43.825,43.78,43.8,2432
2026-05-07 16:00:00,43.81,43.81,43.81,43.81,623
2026-05-08 09:30:00,43.8,43.8,43.77,43.77,938
2026-05-08 09:35:00,43.79,43.81,43.7631,43.805,3833
2026-05-08 09:40:00,43.76,43.79,43.76,43.79,841
2026-05-08 09:45:00,43.7801,43.7801,43.7801,43.7801,300
2026-05-08 09:50:00,43.78,43.78,43.765,43.765,200
2026-05-08 09:55:00,43.75,43.78,43.7106,43.7106,3737
2026-05-08 10:00:00,43.79,43.79,43.79,43.79,436
2026-05-08 10:10:00,43.6915,43.7,43.685,43.7,600
2026-05-08 10:15:00,43.7,43.72,43.7,43.72,1100
2026-05-08 10:20:00,43.71,43.74,43.71,43.72,1010
2026-05-08 10:25:00,43.72,43.74,43.715,43.715,1858
2026-05-08 10:30:00,43.68,43.7,43.68,43.68,1150
2026-05-08 10:35:00,43.67,43.71,43.67,43.71,626
2026-05-08 10:40:00,43.71,43.71,43.705,43.71,4224
2026-05-08 10:45:00,43.69,43.69,43.65,43.65,12993
2026-05-08 10:50:00,43.63,43.67,43.63,43.66,3377
2026-05-08 10:55:00,43.64,43.64,43.64,43.64,500
2026-05-08 11:00:00,43.66,43.66,43.66,43.66,200
2026-05-08 11:05:00,43.65,43.6799,43.65,43.665,6437
2026-05-08 11:10:00,43.65,43.65,43.64,43.64,411
2026-05-08 11:15:00,43.62,43.62,43.62,43.62,211
2026-05-08 11:20:00,43.64,43.64,43.63,43.63,200
2026-05-08 11:25:00,43.6399,43.64,43.6399,43.64,560
2026-05-08 11:30:00,43.62,43.63,43.62,43.63,400
2026-05-08 11:35:00,43.69,43.69,43.69,43.69,150
2026-05-08 11:40:00,43.68,43.68,43.65,43.65,787
2026-05-08 11:45:00,43.64,43.67,43.64,43.67,1100
2026-05-08 11:50:00,43.675,43.675,43.675,43.675,100
2026-05-08 11:55:00,43.69,43.69,43.685,43.685,300
2026-05-08 12:00:00,43.7,43.71,43.7,43.71,300
2026-05-08 12:10:00,43.69,43.71,43.69,43.69,1200
2026-05-08 12:15:00,43.69,43.69,43.68,43.6816,22314
2026-05-08 12:20:00,43.69,43.69,43.685,43.688,1620
2026-05-08 12:25:00,43.69,43.72,43.69,43.7,11988
2026-05-08 12:35:00,43.7,43.71,43.7,43.71,1470
2026-05-08 12:40:00,43.7118,43.7118,43.7118,43.7118,154
2026-05-08 12:45:00,43.69,43.71,43.69,43.71,1300
2026-05-08 12:50:00,43.69,43.69,43.69,43.69,300
2026-05-08 12:55:00,43.69,43.6901,43.69,43.6901,1592
2026-05-08 13:00:00,43.7,43.73,43.7,43.705,1750
2026-05-08 13:05:00,43.705,43.705,43.7,43.7,410
2026-05-08 13:10:00,43.705,43.705,43.695,43.695,200
2026-05-08 13:15:00,43.695,43.7,43.695,43.7,700
2026-05-08 13:20:00,43.7,43.705,43.7,43.705,200
2026-05-08 13:25:00,43.715,43.745,43.715,43.745,1784
2026-05-08 13:30:00,43.72,43.72,43.71,43.71,400
2026-05-08 13:35:00,43.71,43.71,43.71,43.71,300
2026-05-08 13:45:00,43.72,43.72,43.72,43.72,1408
2026-05-08 13:50:00,43.71,43.715,43.71,43.715,300
2026-05-08 13:55:00,43.72,43.725,43.71,43.71,1040
2026-05-08 14:00:00,43.71,43.76,43.71,43.7301,6501
2026-05-08 14:05:00,43.73,43.7498,43.73,43.735,600
2026-05-08 14:10:00,43.735,43.735,43.73,43.73,5962
2026-05-08 14:15:00,43.74,43.74,43.73,43.73,496
2026-05-08 14:20:00,43.74,43.74,43.74,43.74,400
2026-05-08 14:25:00,43.74,43.74,43.74,43.74,300
2026-05-08 14:30:00,43.74,43.74,43.735,43.735,200
2026-05-08 14:35:00,43.74,43.74,43.735,43.74,777
2026-05-08 14:45:00,43.72,43.73,43.71,43.71,600
2026-05-08 14:50:00,43.705,43.715,43.705,43.705,1876
2026-05-08 15:00:00,43.67,43.68,43.67,43.68,300
2026-05-08 15:05:00,43.66,43.68,43.66,43.68,400
2026-05-08 15:10:00,43.6999,43.7,43.68,43.69,906
2026-05-08 15:15:00,43.68,43.685,43.68,43.685,700
2026-05-08 15:20:00,43.69,43.69,43.68,43.68,300
2026-05-08 15:25:00,43.695,43.695,43.69,43.69,780
2026-05-08 15:30:00,43.68,43.69,43.68,43.69,800
2026-05-08 15:35:00,43.68,43.6999,43.68,43.6999,1100
2026-05-08 15:40:00,43.695,43.72,43.69,43.69,1050
2026-05-08 15:45:00,43.71,43.735,43.71,43.72,3059
2026-05-08 15:50:00,43.705,43.705,43.69,43.7,2123
2026-05-08 15:55:00,43.71,43.75,43.695,43.695,1890
2026-05-08 16:00:00,43.71,43.71,43.71,43.71,918
2026-05-11 04:00:00,43,43,43,43,255
2026-05-11 07:35:00,42.98,42.98,42.98,42.98,200
2026-05-11 09:30:00,42.84,42.9,42.82,42.9,18836
2026-05-11 09:35:00,42.88,42.89,42.84,42.86,19711
2026-05-11 09:40:00,42.87,42.88,42.85,42.855,1775
2026-05-11 09:45:00,42.87,42.8799,42.85,42.85,2957
2026-05-11 09:50:00,42.85,42.86,42.84,42.845,1826
2026-05-11 09:55:00,42.85,42.86,42.85,42.86,862
2026-05-11 10:00:00,42.825,42.825,42.775,42.775,606
2026-05-11 10:05:00,42.7725,42.7725,42.7725,42.7725,1750
2026-05-11 10:10:00,42.78,42.78,42.7502,42.78,2808
2026-05-11 10:15:00,42.79,42.82,42.79,42.82,300
2026-05-11 10:20:00,42.815,42.815,42.795,42.795,2571
2026-05-11 10:25:00,42.795,42.8,42.78,42.78,6430
2026-05-11 10:30:00,42.7858,42.7858,42.7,42.725,3814
2026-05-11 10:35:00,42.73,42.74,42.73,42.73,14473
2026-05-11 10:40:00,42.73,42.75,42.73,42.74,1507
2026-05-11 10:45:00,42.745,42.745,42.745,42.745,100
2026-05-11 10:50:00,42.7399,42.7399,42.71,42.71,457
2026-05-11 10:55:00,42.7299,42.7299,42.69,42.69,3853
2026-05-11 11:00:00,42.6972,42.7,42.685,42.685,683
2026-05-11 11:05:00,42.665,42.67,42.665,42.67,400
2026-05-11 11:10:00,42.68,42.685,42.66,42.66,2903
2026-05-11 11:15:00,42.67,42.67,42.67,42.67,400
2026-05-11 11:20:00,42.67,42.69,42.67,42.69,859
2026-05-11 11:25:00,42.71,42.71,42.71,42.71,100
2026-05-11 11:30:00,42.6964,42.7,42.6964,42.7,200
2026-05-11 11:35:00,42.695,42.7,42.6895,42.7,2523
2026-05-11 11:40:00,42.7,42.7,42.67,42.67,2160
2026-05-11 11:45:00,42.68,42.68,42.67,42.67,1600
2026-05-11 11:50:00,42.65,42.66,42.65,42.66,522
2026-05-11 11:55:00,42.655,42.655,42.65,42.65,218
2026-05-11 12:00:00,42.641,42.66,42.641,42.655,6938
2026-05-11 12:05:00,42.6599,42.6599,42.64,42.645,2000
2026-05-11 12:10:00,42.64,42.655,42.64,42.655,300
2026-05-11 12:15:00,42.655,42.655,42.6501,42.655,685
2026-05-11 12:20:00,42.65,42.655,42.64,42.65,1895
2026-05-11 12:25:00,42.64,42.64,42.64,42.64,100
2026-05-11 12:30:00,42.64,42.65,42.64,42.65,400
2026-05-11 12:35:00,42.63,42.65,42.63,42.65,314
2026-05-11 12:40:00,42.63,42.63,42.57,42.61,4101
2026-05-11 12:45:00,42.605,42.6399,42.605,42.6399,771
2026-05-11 12:55:00,42.59,42.59,42.59,42.59,100
2026-05-11 13:15:00,42.59,42.59,42.59,42.59,1409
2026-05-11 13:20:00,42.59,42.6,42.59,42.6,400
2026-05-11 13:25:00,42.6,42.6,42.6,42.6,200
2026-05-11 13:30:00,42.615,42.62,42.6,42.6,5431
2026-05-11 13:35:00,42.61,42.62,42.61,42.61,1501
2026-05-11 13:45:00,42.61,42.61,42.6,42.6,300
2026-05-11 13:50:00,42.59,42.6,42.59,42.59,1510
2026-05-11 14:00:00,42.5701,42.5899,42.57,42.585,1143
2026-05-11 14:05:00,42.58,42.59,42.58,42.59,600
2026-05-11 14:10:00,42.6,42.6,42.59,42.59,219
2026-05-11 14:15:00,42.585,42.59,42.5728,42.59,1717
2026-05-11 14:20:00,42.58,42.59,42.56,42.57,3018
2026-05-11 14:25:00,42.575,42.6,42.575,42.6,289
2026-05-11 14:35:00,42.575,42.575,42.575,42.575,149
2026-05-11 14:40:00,42.555,42.555,42.55,42.555,1665
2026-05-11 14:45:00,42.56,42.565,42.54,42.5501,1003
2026-05-11 14:50:00,42.5501,42.5501,42.55,42.55,640
2026-05-11 14:55:00,42.54,42.54,42.53,42.53,2244
2026-05-11 15:00:00,42.525,42.545,42.525,42.53,2891
2026-05-11 15:05:00,42.53,42.54,42.53,42.53,2900
2026-05-11 15:10:00,42.53,42.54,42.52,42.525,2980
2026-05-11 15:15:00,42.52,42.53,42.52,42.52,2200
2026-05-11 15:20:00,42.5251,42.53,42.52,42.53,1202
2026-05-11 15:25:00,42.53,42.53,42.52,42.52,840
2026-05-11 15:30:00,42.52,42.525,42.52,42.525,450
2026-05-11 15:35:00,42.53,42.53,42.525,42.53,1528
2026-05-11 15:40:00,42.54,42.54,42.525,42.53,2538
2026-05-11 15:45:00,42.53,42.545,42.53,42.545,600
2026-05-11 15:50:00,42.5581,42.5581,42.545,42.545,399
2026-05-11 15:55:00,42.54,42.545,42.53,42.54,4209
2026-05-11 16:00:00,42.54,42.54,42.54,42.54,403
2026-05-11 19:10:00,42.6,42.6,42.6,42.6,1001
2026-05-12 08:30:00,42.01,42.01,42,42,200
2026-05-12 09:25:00,41.99,42.01,41.99,41.99,1230
2026-05-12 09:30:00,41.99,41.99,41.89,41.92,22184
2026-05-12 09:35:00,41.92,41.94,41.88,41.94,6709
2026-05-12 09:40:00,41.94,41.97,41.88,41.91,4856
2026-05-12 09:45:00,41.92,41.95,41.88,41.91,4272
2026-05-12 09:50:00,41.8801,41.93,41.8801,41.93,4952
2026-05-12 09:55:00,41.885,41.91,41.875,41.89,1264
2026-05-12 10:00:00,41.89,41.895,41.885,41.89,4800
2026-05-12 10:05:00,41.8851,41.9,41.88,41.88,4778
2026-05-12 10:10:00,41.885,41.91,41.86,41.91,3503
2026-05-12 10:15:00,41.92,41.92,41.86,41.88,2500
2026-05-12 10:20:00,41.88,41.88,41.8395,41.8395,731
2026-05-12 10:25:00,41.84,41.84,41.83,41.83,2097
2026-05-12 10:30:00,41.83,41.83,41.77,41.77,5044
2026-05-12 10:35:00,41.78,41.81,41.77,41.79,2309
2026-05-12 10:40:00,41.79,41.81,41.7842,41.81,1776
2026-05-12 10:45:00,41.795,41.795,41.78,41.78,1560
2026-05-12 10:50:00,41.78,41.78,41.745,41.75,2962
2026-05-12 10:55:00,41.75,41.77,41.75,41.75,2590
2026-05-12 11:00:00,41.77,41.79,41.75,41.78,3218
2026-05-12 11:05:00,41.77,41.8,41.77,41.8,1020
2026-05-12 11:10:00,41.79,41.79,41.77,41.77,899
2026-05-12 11:15:00,41.77,41.77,41.76,41.76,700
2026-05-12 11:20:00,41.76,41.76,41.73,41.74,700
2026-05-12 11:25:00,41.74,41.76,41.74,41.76,5108
2026-05-12 11:30:00,41.8,41.84,41.8,41.84,900
2026-05-12 11:35:00,41.83,41.84,41.83,41.84,700
2026-05-12 11:40:00,41.85,41.86,41.84,41.86,1400
2026-05-12 11:45:00,41.86,41.86,41.86,41.86,600
2026-05-12 11:50:00,41.8499,41.8499,41.84,41.84,1723
2026-05-12 11:55:00,41.84,41.84,41.84,41.84,600
2026-05-12 12:00:00,41.81,41.85,41.81,41.84,3248
2026-05-12 12:05:00,41.83,41.83,41.81,41.82,1400
2026-05-12 12:10:00,41.82,41.84,41.82,41.84,1294
2026-05-12 12:15:00,41.84,41.84,41.8222,41.835,1925
2026-05-12 12:20:00,41.82,41.83,41.82,41.825,830
2026-05-12 12:25:00,41.83,41.84,41.83,41.84,700
2026-05-12 12:30:00,41.84,41.84,41.83,41.83,1532
2026-05-12 12:35:00,41.84,41.84,41.84,41.84,481
2026-05-12 12:40:00,41.83,41.83,41.83,41.83,300
2026-05-12 12:45:00,41.82,41.82,41.81,41.81,650
2026-05-12 12:50:00,41.81,41.835,41.81,41.81,5978
2026-05-12 12:55:00,41.82,41.83,41.82,41.83,500
2026-05-12 13:00:00,41.84,41.85,41.83,41.85,1034
2026-05-12 13:05:00,41.85,41.86,41.85,41.86,600
2026-05-12 13:10:00,41.85,41.85,41.85,41.85,400
2026-05-12 13:15:00,41.85,41.86,41.85,41.86,4500
2026-05-12 13:20:00,41.86,41.88,41.86,41.88,1066
2026-05-12 13:25:00,41.87,41.87,41.85,41.86,688
2026-05-12 13:30:00,41.85,41.86,41.85,41.85,1400
2026-05-12 13:35:00,41.86,41.86,41.84,41.85,5800
2026-05-12 13:40:00,41.85,41.85,41.85,41.85,900
2026-05-12 13:45:00,41.855,41.855,41.855,41.855,300
2026-05-12 13:50:00,41.86,41.87,41.85,41.87,4700
2026-05-12 13:55:00,41.88,41.8899,41.87,41.88,8596
2026-05-12 14:00:00,41.88,41.89,41.87,41.88,1025
2026-05-12 14:05:00,41.87,41.88,41.845,41.845,2043
2026-05-12 14:10:00,41.85,41.86,41.85,41.855,3129
2026-05-12 14:15:00,41.86,41.87,41.86,41.86,6318
2026-05-12 14:20:00,41.87,41.88,41.86,41.865,1936
2026-05-12 14:25:00,41.87,41.89,41.87,41.885,1106
2026-05-12 14:30:00,41.89,41.89,41.885,41.89,725
2026-05-12 14:35:00,41.89,41.89,41.88,41.89,900
2026-05-12 14:40:00,41.89,41.91,41.89,41.91,5788
2026-05-12 14:45:00,41.89,41.89,41.89,41.89,488
2026-05-12 14:50:00,41.895,41.9,41.895,41.9,1220
2026-05-12 14:55:00,41.9,41.91,41.9,41.91,600
2026-05-12 15:00:00,41.91,41.91,41.9,41.9,1753
2026-05-12 15:05:00,41.895,41.905,41.89,41.89,7183
2026-05-12 15:10:00,41.89,41.92,41.89,41.92,6880
2026-05-12 15:15:00,41.92,41.92,41.8942,41.8942,2981
2026-05-12 15:20:00,41.895,41.895,41.87,41.88,9552
2026-05-12 15:25:00,41.885,41.8946,41.87,41.88,5923
2026-05-12 15:30:00,41.88,41.91,41.88,41.91,2220
2026-05-12 15:35:00,41.91,41.93,41.91,41.92,1352
2026-05-12 15:40:00,41.91,41.91,41.9055,41.9055,5070
2026-05-12 15:45:00,41.91,41.915,41.9,41.91,9445
2026-05-12 15:50:00,41.91,41.94,41.91,41.93,13460
2026-05-12 15:55:00,41.93,41.99,41.92,41.99,14768
2026-05-12 16:00:00,41.96,41.96,41.96,41.96,1837
2026-05-13 08:55:00,42,42,42,42,100
2026-05-13 09:25:00,41.98,41.98,41.98,41.98,100
2026-05-13 09:30:00,41.98,42,41.98,41.99,3581
2026-05-13 09:35:00,41.965,41.965,41.95,41.95,300
2026-05-13 09:40:00,41.911,42.01,41.911,42,9720
2026-05-13 09:45:00,42,42.025,42,42.025,200
2026-05-13 09:50:00,42.02,42.035,42.02,42.035,785
2026-05-13 09:55:00,42.04,42.045,42.04,42.04,600
2026-05-13 10:00:00,42.065,42.065,42.06,42.06,311
2026-05-13 10:10:00,42.12,42.12,42.08,42.08,1200
2026-05-13 10:15:00,42.06,42.06,42.03,42.03,1550
2026-05-13 10:20:00,42.03,42.03,42.03,42.03,300
2026-05-13 10:30:00,42.08,42.08,42.08,42.08,326
2026-05-13 10:35:00,42.07,42.07,42.07,42.07,326
2026-05-13 10:45:00,42.045,42.045,42.045,42.045,100
2026-05-13 10:50:00,42.05,42.05,42.05,42.05,500
2026-05-13 10:55:00,42.0101,42.05,42.0101,42.04,524
2026-05-13 11:00:00,42.05,42.05,42.05,42.05,100
2026-05-13 11:05:00,42.05,42.05,42.039,42.05,1673
2026-05-13 11:10:00,42.08,42.08,42.08,42.08,300
2026-05-13 11:15:00,42.065,42.065,42.065,42.065,100
2026-05-13 11:25:00,42.07,42.07,42.07,42.07,200
2026-05-13 11:30:00,42.07,42.08,42.07,42.08,326
2026-05-13 11:40:00,42.14,42.165,42.14,42.16,758
2026-05-13 11:45:00,42.135,42.135,42.135,42.135,500
2026-05-13 12:00:00,42.105,42.105,42.105,42.105,107
2026-05-13 12:05:00,42.13,42.13,42.13,42.13,300
2026-05-13 12:10:00,42.13,42.135,42.13,42.135,200
2026-05-13 12:15:00,42.15,42.15,42.15,42.15,100
2026-05-13 12:20:00,42.16,42.2,42.16,42.2,500
2026-05-13 12:30:00,42.2,42.2,42.2,42.2,2900
2026-05-13 12:40:00,42.24,42.24,42.22,42.22,1036
2026-05-13 12:50:00,42.195,42.195,42.195,42.195,100
2026-05-13 13:10:00,42.24,42.25,42.24,42.24,3000
2026-05-13 13:15:00,42.27,42.27,42.26,42.26,397
2026-05-13 13:20:00,42.27,42.27,42.27,42.27,150
2026-05-13 13:25:00,42.25,42.25,42.25,42.25,200
2026-05-13 13:30:00,42.23,42.23,42.22,42.22,300
2026-05-13 13:35:00,42.21,42.22,42.195,42.22,1140
2026-05-13 13:45:00,42.22,42.238,42.22,42.23,800
2026-05-13 13:50:00,42.23,42.23,42.23,42.23,300
2026-05-13 13:55:00,42.21,42.21,42.205,42.205,1421
2026-05-13 14:00:00,42.2,42.2,42.2,42.2,400
2026-05-13 14:05:00,42.21,42.2201,42.21,42.2201,200
2026-05-13 14:15:00,42.23,42.23,42.23,42.23,1045
2026-05-13 14:20:00,42.27,42.27,42.27,42.27,100
2026-05-13 14:25:00,42.27,42.27,42.27,42.27,100
2026-05-13 14:40:00,42.275,42.275,42.275,42.275,250
2026-05-13 14:50:00,42.3,42.3,42.27,42.27,762
2026-05-13 15:10:00,42.25,42.25,42.25,42.25,720
2026-05-13 15:20:00,42.26,42.26,42.26,42.26,100
2026-05-13 15:25:00,42.225,42.225,42.21,42.21,400
2026-05-13 15:40:00,42.25,42.25,42.225,42.25,1374
2026-05-13 15:45:00,42.26,42.265,42.24,42.26,6415
2026-05-13 15:50:00,42.22,42.2201,42.22,42.2201,640
2026-05-13 15:55:00,42.25,42.25,42.22,42.22,903
2026-05-13 16:00:00,42.22,42.22,42.22,42.22,220
2026-05-14 09:30:00,42.43,42.5,42.41,42.5,6721
2026-05-14 09:40:00,42.46,42.5,42.43,42.46,4105
2026-05-14 09:45:00,42.475,42.4846,42.46,42.4801,3865
2026-05-14 09:50:00,42.4601,42.5192,42.4601,42.5192,3846
2026-05-14 09:55:00,42.49,42.5196,42.49,42.49,693
2026-05-14 10:00:00,42.5,42.5,42.5,42.5,200
2026-05-14 10:05:00,42.58,42.615,42.58,42.615,3212
2026-05-14 10:10:00,42.63,42.685,42.5701,42.59,12944
2026-05-14 10:15:00,42.62,42.6499,42.62,42.63,1098
2026-05-14 10:20:00,42.66,42.66,42.65,42.65,300
2026-05-14 10:25:00,42.62,42.63,42.59,42.62,2855
2026-05-14 10:30:00,42.65,42.65,42.63,42.63,300
2026-05-14 10:35:00,42.67,42.68,42.6656,42.675,1512
2026-05-14 10:40:00,42.67,42.67,42.66,42.66,600
2026-05-14 10:45:00,42.65,42.65,42.65,42.65,300
2026-05-14 10:50:00,42.66,42.67,42.66,42.67,400
2026-05-14 10:55:00,42.686,42.686,42.67,42.67,700
2026-05-14 11:00:00,42.66,42.67,42.66,42.67,200
2026-05-14 11:05:00,42.65,42.65,42.65,42.65,126
2026-05-14 11:10:00,42.62,42.62,42.62,42.62,100
2026-05-14 11:15:00,42.6334,42.675,42.6334,42.675,576
2026-05-14 11:20:00,42.64,42.645,42.64,42.645,669
2026-05-14 11:30:00,42.655,42.655,42.655,42.655,200
2026-05-14 11:45:00,42.645,42.66,42.645,42.66,300
2026-05-14 12:00:00,42.67,42.67,42.67,42.67,600
2026-05-14 12:05:00,42.68,42.68,42.665,42.665,550
2026-05-14 12:20:00,42.653,42.66,42.63,42.65,1579
2026-05-14 12:25:00,42.63,42.63,42.5801,42.62,1000
2026-05-14 12:30:00,42.59,42.615,42.59,42.615,769
2026-05-14 12:40:00,42.63,42.63,42.63,42.63,300
2026-05-14 12:55:00,42.625,42.63,42.625,42.63,975
2026-05-14 13:10:00,42.63,42.66,42.63,42.65,1821
2026-05-14 13:20:00,42.64,42.695,42.64,42.695,2229
2026-05-14 13:30:00,42.63,42.63,42.63,42.63,100
2026-05-14 13:35:00,42.67,42.68,42.67,42.68,200
2026-05-14 13:40:00,42.676,42.69,42.676,42.69,1206
2026-05-14 13:50:00,42.665,42.695,42.665,42.6943,1270
2026-05-14 14:00:00,42.66,42.66,42.62,42.62,244
2026-05-14 14:05:00,42.62,42.65,42.62,42.65,400
2026-05-14 14:15:00,42.655,42.655,42.655,42.655,100
2026-05-14 14:25:00,42.635,42.6499,42.635,42.6499,290
2026-05-14 14:30:00,42.65,42.67,42.65,42.67,242
2026-05-14 14:35:00,42.67,42.67,42.67,42.67,100
2026-05-14 14:40:00,42.675,42.675,42.675,42.675,100
2026-05-14 14:45:00,42.6731,42.69,42.6731,42.69,2686
2026-05-14 14:50:00,42.69,42.7,42.69,42.7,300
2026-05-14 14:55:00,42.685,42.685,42.68,42.68,901
2026-05-14 15:10:00,42.695,42.695,42.695,42.695,200
2026-05-14 15:30:00,42.68,42.6999,42.65,42.6999,1130
2026-05-14 15:35:00,42.68,42.69,42.68,42.69,389
2026-05-14 15:40:00,42.67,42.69,42.67,42.69,1500
2026-05-14 15:45:00,42.7197,42.7197,42.7,42.7,1090
2026-05-14 15:50:00,42.7,42.7,42.68,42.68,300
2026-05-14 15:55:00,42.68,42.71,42.68,42.71,3287
2026-05-14 16:00:00,42.69,42.69,42.69,42.69,282
2026-05-15 04:00:00,42.2293,42.2293,42.2293,42.2293,360
2026-05-15 07:45:00,42.31,42.31,42.31,42.31,353
2026-05-15 09:25:00,42.48,42.48,42.48,42.48,176
2026-05-15 09:30:00,42.435,42.47,42.4,42.4,3636
2026-05-15 09:35:00,42.3909,42.425,42.3909,42.42,1403
2026-05-15 09:45:00,42.335,42.37,42.33,42.37,1152
2026-05-15 09:50:00,42.345,42.36,42.33,42.33,4300
2026-05-15 09:55:00,42.42,42.44,42.39,42.41,2059
2026-05-15 10:00:00,42.38,42.38,42.33,42.35,3421
2026-05-15 10:05:00,42.37,42.38,42.37,42.37,1199
2026-05-15 10:10:00,42.38,42.43,42.38,42.41,4050
2026-05-15 10:15:00,42.43,42.48,42.43,42.48,1273
2026-05-15 10:20:00,42.49,42.49,42.48,42.48,400
2026-05-15 10:25:00,42.46,42.46,42.435,42.44,2488
2026-05-15 10:30:00,42.45,42.46,42.45,42.46,789
2026-05-15 10:45:00,42.485,42.485,42.46,42.46,500
2026-05-15 10:50:00,42.435,42.45,42.42,42.45,3267
2026-05-15 10:55:00,42.46,42.465,42.46,42.465,300
2026-05-15 11:00:00,42.45,42.45,42.45,42.45,100
2026-05-15 11:05:00,42.44,42.44,42.44,42.44,1200
2026-05-15 11:10:00,42.45,42.45,42.44,42.44,200
2026-05-15 11:15:00,42.43,42.43,42.43,42.43,200
2026-05-15 11:25:00,42.4231,42.4231,42.42,42.42,359
2026-05-15 11:30:00,42.43,42.45,42.43,42.44,1900
2026-05-15 11:35:00,42.42,42.42,42.42,42.42,200
2026-05-15 11:40:00,42.4,42.4,42.39,42.39,200
2026-05-15 11:45:00,42.4,42.405,42.39,42.405,6683
2026-05-15 12:05:00,42.43,42.43,42.43,42.43,237
2026-05-15 12:20:00,42.42,42.42,42.41,42.41,2812
2026-05-15 12:25:00,42.445,42.445,42.445,42.445,300
2026-05-15 12:30:00,42.4406,42.4406,42.4406,42.4406,108
2026-05-15 12:45:00,42.46,42.46,42.44,42.45,5120
2026-05-15 12:50:00,42.47,42.47,42.44,42.44,200
2026-05-15 13:05:00,42.47,42.47,42.43,42.43,700
2026-05-15 13:20:00,42.436,42.47,42.436,42.46,3038
2026-05-15 14:05:00,42.5,42.5,42.5,42.5,300
2026-05-15 14:10:00,42.5,42.5,42.485,42.485,1144
2026-05-15 14:20:00,42.46,42.46,42.45,42.46,1100
2026-05-15 14:30:00,42.45,42.45,42.45,42.45,100
2026-05-15 14:45:00,42.47,42.48,42.47,42.48,200
2026-05-15 14:55:00,42.4699,42.4699,42.45,42.4501,2916
2026-05-15 15:00:00,42.46,42.46,42.46,42.46,100
2026-05-15 15:05:00,42.44,42.44,42.44,42.44,300
2026-05-15 15:10:00,42.44,42.44,42.44,42.44,400
2026-05-15 15:15:00,42.445,42.445,42.44,42.44,2300
2026-05-15 15:20:00,42.4301,42.431,42.42,42.43,9545
2026-05-15 15:25:00,42.425,42.425,42.425,42.425,629
2026-05-15 15:35:00,42.4354,42.4354,42.4354,42.4354,357
2026-05-15 15:40:00,42.43,42.43,42.43,42.43,100
2026-05-15 15:45:00,42.425,42.425,42.385,42.385,345
2026-05-15 15:55:00,42.39,42.39,42.38,42.38,1060
2026-05-15 16:00:00,42.4,42.4,42.4,42.4,303
2026-05-15 16:20:00,42.24,42.24,42.24,42.24,985
2026-05-15 16:25:00,42.15,42.15,42.15,42.15,995
2026-05-18 09:00:00,42.4,42.4,42.4,42.4,245
2026-05-18 09:05:00,42.62,42.62,42.62,42.62,100
2026-05-18 09:30:00,42.34,42.34,42.34,42.34,1300
2026-05-18 09:35:00,42.3799,42.3799,42.345,42.3578,2850
2026-05-18 09:45:00,42.28,42.35,42.28,42.35,1243
2026-05-18 09:50:00,42.37,42.455,42.37,42.455,1968
2026-05-18 09:55:00,42.45,42.45,42.36,42.43,3211
2026-05-18 10:00:00,42.34,42.36,42.29,42.29,1742
2026-05-18 10:05:00,42.29,42.353,42.28,42.353,750
2026-05-18 10:10:00,42.37,42.37,42.33,42.33,975
2026-05-18 10:15:00,42.36,42.36,42.36,42.36,100
2026-05-18 10:25:00,42.33,42.33,42.33,42.33,200
2026-05-18 10:30:00,42.32,42.32,42.32,42.32,138
2026-05-18 10:35:00,42.26,42.26,42.26,42.26,100
2026-05-18 10:40:00,42.285,42.285,42.26,42.26,1878
2026-05-18 10:50:00,42.27,42.305,42.27,42.3,1369
2026-05-18 10:55:00,42.3144,42.3144,42.295,42.295,900
2026-05-18 11:00:00,42.3,42.3,42.18,42.2,5694
2026-05-18 11:05:00,42.2126,42.22,42.21,42.21,300
2026-05-18 11:10:00,42.195,42.21,42.195,42.21,410
2026-05-18 11:15:00,42.19,42.19,42.19,42.19,300
2026-05-18 11:20:00,42.184,42.184,42.184,42.184,123
2026-05-18 11:30:00,42.13,42.16,42.13,42.16,200
2026-05-18 11:35:00,42.1934,42.1934,42.1934,42.1934,222
2026-05-18 11:40:00,42.21,42.21,42.2,42.2,500
2026-05-18 11:50:00,42.185,42.2,42.15,42.16,1522
2026-05-18 11:55:00,42.1896,42.1896,42.1896,42.1896,350
2026-05-18 12:00:00,42.17,42.18,42.15,42.16,844
2026-05-18 12:15:00,42.25,42.25,42.22,42.225,1007
2026-05-18 12:20:00,42.23,42.23,42.23,42.23,400
2026-05-18 12:25:00,42.2,42.2,42.15,42.15,300
2026-05-18 12:35:00,42.18,42.18,42.18,42.18,400
2026-05-18 12:50:00,42.205,42.205,42.1966,42.1966,206
2026-05-18 12:55:00,42.21,42.21,42.21,42.21,400
2026-05-18 13:00:00,42.2,42.2,42.19,42.19,600
2026-05-18 13:05:00,42.23,42.23,42.21,42.21,700
2026-05-18 13:10:00,42.215,42.215,42.215,42.215,800
2026-05-18 13:15:00,42.23,42.23,42.23,42.23,333
2026-05-18 13:20:00,42.22,42.22,42.21,42.21,500
2026-05-18 13:30:00,42.21,42.21,42.21,42.21,100
2026-05-18 13:35:00,42.2,42.2,42.19,42.19,1404
2026-05-18 13:45:00,42.22,42.22,42.22,42.22,125
2026-05-18 14:00:00,42.21,42.21,42.16,42.17,2278
2026-05-18 14:05:00,42.16,42.16,42.14,42.14,400
2026-05-18 14:15:00,42.12,42.12,42.12,42.12,300
2026-05-18 14:20:00,42.115,42.115,42.115,42.115,100
2026-05-18 14:25:00,42.11,42.11,42.085,42.1,1035
2026-05-18 14:40:00,42.11,42.11,42.11,42.11,321
2026-05-18 14:45:00,42.1034,42.13,42.1034,42.11,504
2026-05-18 14:50:00,42.1,42.1,42.1,42.1,300
2026-05-18 14:55:00,42.115,42.115,42.085,42.085,741
2026-05-18 15:00:00,42.085,42.26,42.085,42.26,8680
2026-05-18 15:05:00,42.23,42.23,42.18,42.21,3247
2026-05-18 15:10:00,42.21,42.22,42.2,42.22,314
2026-05-18 15:15:00,42.2,42.2,42.1906,42.1906,570
2026-05-18 15:20:00,42.21,42.21,42.21,42.21,100
2026-05-18 15:25:00,42.19,42.19,42.19,42.19,200
2026-05-18 15:30:00,42.21,42.2286,42.2093,42.2286,2915
2026-05-18 15:35:00,42.24,42.25,42.23,42.245,1000
2026-05-18 15:40:00,42.26,42.29,42.26,42.29,861
2026-05-18 15:45:00,42.3,42.33,42.3,42.32,2500
2026-05-18 15:50:00,42.3,42.3205,42.3,42.3205,1254
2026-05-18 15:55:00,42.32,42.32,42.29,42.31,3233
2026-05-18 16:00:00,42.31,42.31,42.31,42.31,177
2026-05-19 04:20:00,42.3,42.3,42.3,42.3,100
2026-05-19 08:55:00,42.18,42.18,42.18,42.18,100
2026-05-19 09:30:00,41.71,41.72,41.7,41.71,3509
2026-05-19 09:35:00,41.73,41.775,41.73,41.775,563
2026-05-19 09:40:00,41.75,41.75,41.69,41.7266,8822
2026-05-19 09:45:00,41.71,41.71,41.71,41.71,200
2026-05-19 09:50:00,41.79,41.8,41.79,41.8,900
2026-05-19 09:55:00,41.8,41.8,41.8,41.8,239
2026-05-19 10:00:00,41.795,41.795,41.76,41.76,300
2026-05-19 10:10:00,41.73,41.735,41.73,41.73,1100
2026-05-19 10:15:00,41.74,41.74,41.74,41.74,200
2026-05-19 10:20:00,41.71,41.72,41.7,41.71,780
2026-05-19 10:25:00,41.72,41.72,41.72,41.72,100
2026-05-19 10:30:00,41.72,41.72,41.7,41.7,300
2026-05-19 10:35:00,41.69,41.735,41.69,41.735,4746
2026-05-19 10:40:00,41.72,41.72,41.72,41.72,100
2026-05-19 10:50:00,41.7,41.705,41.7,41.7,625
2026-05-19 10:55:00,41.7086,41.73,41.7,41.73,2607
2026-05-19 11:00:00,41.75,41.765,41.75,41.765,484
2026-05-19 11:05:00,41.76,41.76,41.76,41.76,200
2026-05-19 11:10:00,41.78,41.78,41.78,41.78,215
2026-05-19 11:15:00,41.785,41.785,41.785,41.785,100
2026-05-19 11:20:00,41.76,41.76,41.76,41.76,709
2026-05-19 11:25:00,41.715,41.715,41.7,41.7,600
2026-05-19 11:30:00,41.73,41.73,41.73,41.73,300
2026-05-19 11:40:00,41.76,41.76,41.76,41.76,200
2026-05-19 11:50:00,41.75,41.75,41.75,41.75,100
2026-05-19 11:55:00,41.74,41.77,41.74,41.76,1100
2026-05-19 12:00:00,41.78,41.83,41.78,41.83,1268
2026-05-19 12:05:00,41.79,41.79,41.79,41.79,900
2026-05-19 12:10:00,41.765,41.765,41.765,41.765,100
2026-05-19 12:15:00,41.775,41.775,41.775,41.775,225
2026-05-19 12:20:00,41.775,41.775,41.775,41.775,100
2026-05-19 12:25:00,41.8101,41.8101,41.8101,41.8101,158
2026-05-19 12:30:00,41.83,41.83,41.83,41.83,100
2026-05-19 12:40:00,41.82,41.84,41.82,41.84,300
2026-05-19 12:45:00,41.83,41.83,41.83,41.83,100
2026-05-19 12:50:00,41.84,41.86,41.84,41.86,690
2026-05-19 12:55:00,41.85,41.85,41.85,41.85,800
2026-05-19 13:00:00,41.84,41.84,41.84,41.84,100
2026-05-19 13:05:00,41.8401,41.85,41.84,41.85,784
2026-05-19 13:10:00,41.85,41.86,41.85,41.86,300
2026-05-19 13:15:00,41.8951,41.9,41.8951,41.9,300
2026-05-19 13:20:00,41.905,41.92,41.905,41.92,212
2026-05-19 13:30:00,41.92,41.92,41.92,41.92,100
2026-05-19 13:35:00,41.89,41.89,41.89,41.89,200
2026-05-19 13:40:00,41.91,41.91,41.87,41.885,450
2026-05-19 13:45:00,41.865,41.87,41.865,41.87,300
2026-05-19 13:50:00,41.88,41.88,41.88,41.88,200
2026-05-19 13:55:00,41.87,41.87,41.87,41.87,100
2026-05-19 14:05:00,41.9,41.91,41.88,41.89,1723
2026-05-19 14:10:00,41.87,41.87,41.87,41.87,100
2026-05-19 14:15:00,41.87,41.88,41.86,41.86,2519
2026-05-19 14:20:00,41.86,41.86,41.82,41.825,1600
2026-05-19 14:25:00,41.83,41.84,41.825,41.83,3081
2026-05-19 14:30:00,41.78,41.81,41.78,41.81,1020
2026-05-19 14:35:00,41.82,41.83,41.82,41.83,430
2026-05-19 14:40:00,41.8198,41.8198,41.8198,41.8198,556
2026-05-19 14:45:00,41.8,41.81,41.8,41.81,700
2026-05-19 14:50:00,41.79,41.795,41.76,41.76,1678
2026-05-19 14:55:00,41.77,41.785,41.77,41.785,774
2026-05-19 15:10:00,41.81,41.82,41.805,41.82,1782
2026-05-19 15:15:00,41.81,41.81,41.81,41.81,100
2026-05-19 15:20:00,41.8,41.8,41.77,41.78,2579
2026-05-19 15:25:00,41.77,41.77,41.77,41.77,500
2026-05-19 15:35:00,41.765,41.77,41.76,41.77,900
2026-05-19 15:40:00,41.765,41.765,41.74,41.745,1248
2026-05-19 15:45:00,41.74,41.74,41.695,41.735,808
2026-05-19 15:50:00,41.72,41.73,41.7,41.705,6817
2026-05-19 15:55:00,41.72,41.79,41.7,41.79,7715
2026-05-19 16:00:00,41.75,41.75,41.75,41.75,455
2026-05-20 09:30:00,41.89,41.92,41.88,41.92,54076
2026-05-20 09:35:00,41.82,41.86,41.82,41.86,558
2026-05-20 09:40:00,41.87,41.87,41.87,41.87,317
2026-05-20 09:50:00,41.87,41.87,41.87,41.87,108
2026-05-20 10:00:00,41.835,41.835,41.835,41.835,347
2026-05-20 10:05:00,41.825,41.825,41.8,41.8,1954
2026-05-20 10:10:00,41.75,41.8,41.75,41.79,912
2026-05-20 10:15:00,41.7701,41.92,41.7701,41.92,1400
2026-05-20 10:25:00,41.965,42,41.965,42,700
2026-05-20 10:30:00,42.04,42.16,42.04,42.16,400
2026-05-20 10:35:00,42.1301,42.1301,42.13,42.13,518
2026-05-20 10:45:00,42.165,42.165,42.1301,42.1301,1350
2026-05-20 10:55:00,42.25,42.26,42.25,42.25,914
2026-05-20 11:00:00,42.3,42.3,42.3,42.3,100
2026-05-20 11:05:00,42.27,42.27,42.22,42.22,2074
2026-05-20 11:15:00,42.18,42.23,42.18,42.23,2483
2026-05-20 11:20:00,42.395,42.395,42.395,42.395,113
2026-05-20 11:30:00,42.2701,42.2701,42.2701,42.2701,100
2026-05-20 11:35:00,42.375,42.375,42.36,42.37,6124
2026-05-20 11:50:00,42.32,42.32,42.3,42.3,1158
2026-05-20 12:00:00,42.27,42.27,42.27,42.27,147
2026-05-20 12:05:00,42.32,42.33,42.29,42.29,700
2026-05-20 12:10:00,42.28,42.31,42.28,42.31,643
2026-05-20 12:20:00,42.31,42.31,42.275,42.275,508
2026-05-20 12:35:00,42.2085,42.25,42.2085,42.25,210
2026-05-20 12:40:00,42.28,42.29,42.28,42.29,200
2026-05-20 12:45:00,42.305,42.31,42.265,42.265,438
2026-05-20 12:50:00,42.26,42.26,42.26,42.26,796
2026-05-20 12:55:00,42.255,42.255,42.255,42.255,300
2026-05-20 13:05:00,42.2554,42.2554,42.22,42.22,208
2026-05-20 13:10:00,42.225,42.26,42.225,42.26,304
2026-05-20 13:15:00,42.26,42.2813,42.26,42.2813,326
2026-05-20 13:25:00,42.24,42.24,42.24,42.24,228
2026-05-20 13:30:00,42.27,42.3001,42.27,42.3001,316
2026-05-20 13:35:00,42.31,42.31,42.31,42.31,100
2026-05-20 13:45:00,42.295,42.31,42.295,42.31,1500
2026-05-20 13:50:00,42.295,42.295,42.295,42.295,100
2026-05-20 13:55:00,42.28,42.28,42.25,42.25,1380
2026-05-20 14:00:00,42.26,42.32,42.26,42.305,2328
2026-05-20 14:05:00,42.295,42.32,42.295,42.32,328
2026-05-20 14:10:00,42.33,42.33,42.33,42.33,100
2026-05-20 14:15:00,42.34,42.35,42.32,42.34,2259
2026-05-20 14:20:00,42.35,42.36,42.35,42.35,1453
2026-05-20 14:25:00,42.33,42.36,42.33,42.35,3051
2026-05-20 14:30:00,42.34,42.37,42.34,42.37,2454
2026-05-20 14:35:00,42.35,42.35,42.35,42.35,300
2026-05-20 14:40:00,42.34,42.3436,42.33,42.3436,1292
2026-05-20 14:45:00,42.33,42.35,42.32,42.35,2443
2026-05-20 14:50:00,42.335,42.37,42.335,42.36,800
2026-05-20 14:55:00,42.38,42.38,42.35,42.35,1900
2026-05-20 15:00:00,42.38,42.38,42.38,42.38,300
2026-05-20 15:05:00,42.37,42.37,42.34,42.36,721
2026-05-20 15:10:00,42.335,42.36,42.335,42.345,803
2026-05-20 15:15:00,42.36,42.36,42.3599,42.36,1110
2026-05-20 15:20:00,42.345,42.36,42.345,42.3599,858
2026-05-20 15:25:00,42.345,42.36,42.34,42.36,1309
2026-05-20 15:35:00,42.35,42.35,42.345,42.345,1089
2026-05-20 15:40:00,42.345,42.345,42.34,42.34,200
2026-05-20 15:45:00,42.35,42.3699,42.335,42.3699,995
2026-05-20 15:50:00,42.37,42.37,42.34,42.36,953
2026-05-20 15:55:00,42.33,42.385,42.33,42.35,6350
2026-05-20 16:00:00,42.34,42.34,42.34,42.34,317
2026-05-21 04:00:00,42.0538,42.0538,42.0538,42.0538,365
2026-05-21 09:30:00,41.93,41.93,41.93,41.93,2396
2026-05-21 09:35:00,41.87,41.87,41.85,41.86,8300
2026-05-21 09:40:00,41.85,41.855,41.82,41.83,2566
2026-05-21 09:45:00,41.86,41.88,41.85,41.875,1000
2026-05-21 09:50:00,41.99,41.99,41.99,41.99,100
2026-05-21 09:55:00,41.995,42.005,41.995,42,825
2026-05-21 10:00:00,42,42,42,42,117
2026-05-21 10:05:00,41.975,41.99,41.97,41.97,525
2026-05-21 10:10:00,41.985,41.985,41.97,41.9775,2600
2026-05-21 10:15:00,41.96,41.96,41.9232,41.9232,525
2026-05-21 10:30:00,41.965,41.965,41.93,41.9501,800
2026-05-21 10:35:00,41.985,41.985,41.985,41.985,366
2026-05-21 10:40:00,41.95,41.95,41.87,41.87,708
2026-05-21 10:45:00,41.87,41.87,41.87,41.87,300
2026-05-21 10:50:00,41.87,41.87,41.87,41.87,133
2026-05-21 11:00:00,41.92,41.945,41.92,41.945,300
2026-05-21 11:05:00,41.92,41.92,41.92,41.92,100
2026-05-21 11:15:00,41.94,41.94,41.94,41.94,800
2026-05-21 11:20:00,41.935,41.95,41.935,41.95,586
2026-05-21 11:25:00,41.94,41.9413,41.94,41.9413,485
2026-05-21 11:35:00,41.96,41.98,41.9503,41.98,922
2026-05-21 11:45:00,42.045,42.045,42.0116,42.0116,318
2026-05-21 12:10:00,42.02,42.02,42.01,42.01,200
2026-05-21 12:20:00,42.005,42.005,42.005,42.005,100
2026-05-21 12:30:00,42.04,42.04,42.04,42.04,110
2026-05-21 12:35:00,42.05,42.05,42.05,42.05,125
2026-05-21 13:10:00,42.08,42.17,42.08,42.17,600
2026-05-21 13:15:00,42.1201,42.25,42.1201,42.22,1150
2026-05-21 13:20:00,42.31,42.33,42.25,42.2601,1633
2026-05-21 13:35:00,42.3551,42.38,42.3474,42.38,849
2026-05-21 13:40:00,42.4,42.405,42.39,42.39,644
2026-05-21 13:45:00,42.4,42.44,42.39,42.44,1100
2026-05-21 13:50:00,42.425,42.425,42.425,42.425,500
2026-05-21 13:55:00,42.46,42.46,42.44,42.44,1100
2026-05-21 14:10:00,42.45,42.45,42.45,42.45,100
2026-05-21 14:15:00,42.445,42.445,42.42,42.42,615
2026-05-21 14:20:00,42.43,42.445,42.42,42.445,1100
2026-05-21 14:25:00,42.49,42.49,42.46,42.4601,4985
2026-05-21 14:35:00,42.47,42.47,42.47,42.47,729
2026-05-21 14:40:00,42.465,42.48,42.465,42.48,245
2026-05-21 14:45:00,42.47,42.47,42.44,42.44,630
2026-05-21 14:50:00,42.31,42.31,42.31,42.31,300
2026-05-21 14:55:00,42.31,42.33,42.27,42.33,2800
2026-05-21 15:00:00,42.35,42.365,42.3,42.365,15485
2026-05-21 15:05:00,42.34,42.355,42.3,42.3451,4690
2026-05-21 15:10:00,42.37,42.37,42.37,42.37,100
2026-05-21 15:15:00,42.36,42.36,42.355,42.355,200
2026-05-21 15:20:00,42.38,42.385,42.38,42.385,45954
2026-05-21 15:25:00,42.37,42.38,42.37,42.38,449
2026-05-21 15:30:00,42.36,42.4,42.36,42.38,3422
2026-05-21 15:35:00,42.37,42.39,42.355,42.39,900
2026-05-21 15:40:00,42.37,42.37,42.36,42.37,515
2026-05-21 15:45:00,42.35,42.36,42.35,42.36,1100
2026-05-21 15:50:00,42.365,42.37,42.35,42.36,2450
2026-05-21 15:55:00,42.335,42.34,42.335,42.34,300
2026-05-21 16:00:00,42.34,42.34,42.34,42.34,3282
2026-05-21 16:05:00,42.34,42.34,42.34,42.34,6710
2026-05-22 04:00:00,42.4,42.4,42.4,42.4,100
2026-05-22 07:35:00,42.34,42.34,42.34,42.34,305
2026-05-22 09:25:00,42.59,42.59,42.59,42.59,300
2026-05-22 09:30:00,42.74,42.8,42.72,42.8,10837
2026-05-22 09:35:00,42.765,42.79,42.765,42.79,650
2026-05-22 09:40:00,42.79,42.79,42.73,42.76,5580
2026-05-22 09:45:00,42.74,42.74,42.72,42.73,2288
2026-05-22 09:50:00,42.71,42.72,42.69,42.72,1643
2026-05-22 09:55:00,42.71,42.71,42.7,42.7,610
2026-05-22 10:00:00,42.71,42.71,42.65,42.65,1474
2026-05-22 10:05:00,42.65,42.65,42.62,42.65,4226
2026-05-22 10:10:00,42.63,42.6301,42.61,42.615,3421
2026-05-22 10:15:00,42.61,42.62,42.61,42.61,1119
2026-05-22 10:20:00,42.61,42.61,42.6,42.6,540
2026-05-22 10:25:00,42.62,42.62,42.6,42.6,530
2026-05-22 10:30:00,42.63,42.64,42.63,42.64,200
2026-05-22 10:40:00,42.66,42.67,42.66,42.67,361
2026-05-22 10:45:00,42.66,42.67,42.66,42.67,261
2026-05-22 10:50:00,42.64,42.64,42.64,42.64,200
2026-05-22 10:55:00,42.66,42.67,42.66,42.67,240
2026-05-22 11:00:00,42.65,42.6501,42.65,42.6501,200
2026-05-22 11:05:00,42.66,42.66,42.66,42.66,100
2026-05-22 11:10:00,42.67,42.67,42.64,42.64,4309
2026-05-22 11:15:00,42.635,42.65,42.635,42.65,471
2026-05-22 11:20:00,42.655,42.67,42.655,42.67,319
2026-05-22 11:25:00,42.68,42.7,42.68,42.7,625
2026-05-22 11:30:00,42.73,42.73,42.73,42.73,100
2026-05-22 11:35:00,42.735,42.735,42.715,42.715,1039
2026-05-22 11:45:00,42.73,42.73,42.73,42.73,500
2026-05-22 12:00:00,42.6963,42.6963,42.6963,42.6963,531
2026-05-22 12:10:00,42.7,42.7,42.7,42.7,100
2026-05-22 12:15:00,42.7,42.7,42.685,42.685,1200
2026-05-22 12:20:00,42.69,42.69,42.69,42.69,635
2026-05-22 12:25:00,42.7,42.7,42.7,42.7,200
2026-05-22 12:45:00,42.72,42.72,42.72,42.72,300
2026-05-22 12:55:00,42.72,42.72,42.71,42.715,4980
2026-05-22 13:00:00,42.71,42.72,42.705,42.72,630
2026-05-22 13:10:00,42.7101,42.72,42.7101,42.72,800
2026-05-22 13:15:00,42.72,42.72,42.7,42.7,3578
2026-05-22 13:20:00,42.695,42.7,42.695,42.7,1578
2026-05-22 13:25:00,42.72,42.76,42.72,42.75,1691
2026-05-22 13:30:00,42.78,42.8,42.78,42.78,400
2026-05-22 13:35:00,42.76,42.76,42.76,42.76,200
2026-05-22 13:40:00,42.76,42.76,42.75,42.75,444
2026-05-22 13:45:00,42.74,42.74,42.74,42.74,300
2026-05-22 13:50:00,42.75,42.75,42.75,42.75,218
2026-05-22 13:55:00,42.75,42.75,42.74,42.75,11509
2026-05-22 14:00:00,42.74,42.745,42.71,42.71,1144
2026-05-22 14:05:00,42.725,42.725,42.725,42.725,100
2026-05-22 14:10:00,42.73,42.73,42.7,42.7,2557
2026-05-22 14:15:00,42.71,42.71,42.7,42.7,5929
2026-05-22 14:20:00,42.71,42.745,42.71,42.72,3141
2026-05-22 14:25:00,42.71,42.71,42.67,42.68,1685
2026-05-22 14:30:00,42.67,42.69,42.665,42.69,3600
2026-05-22 14:35:00,42.685,42.685,42.665,42.685,2657
2026-05-22 14:40:00,42.69,42.695,42.685,42.69,1972
2026-05-22 14:45:00,42.69,42.69,42.665,42.665,1400
2026-05-22 14:50:00,42.66,42.68,42.66,42.675,3115
2026-05-22 14:55:00,42.67,42.67,42.67,42.67,1688
2026-05-22 15:00:00,42.66,42.67,42.62,42.62,7446
2026-05-22 15:05:00,42.61,42.62,42.6,42.6,1700
2026-05-22 15:10:00,42.61,42.615,42.605,42.6055,2686
2026-05-22 15:15:00,42.605,42.63,42.605,42.625,5061
2026-05-22 15:20:00,42.625,42.625,42.6,42.605,2974
2026-05-22 15:25:00,42.6,42.6,42.585,42.585,2982
2026-05-22 15:30:00,42.58,42.58,42.57,42.57,7538
2026-05-22 15:35:00,42.575,42.59,42.57,42.575,5421
2026-05-22 15:40:00,42.58,42.58,42.55,42.56,4705
2026-05-22 15:45:00,42.555,42.57,42.55,42.55,6926
2026-05-22 15:50:00,42.55,42.55,42.535,42.55,9812
2026-05-22 15:55:00,42.545,42.63,42.535,42.63,18705
2026-05-22 16:00:00,42.55,42.55,42.55,42.55,697