2026-04-22 09:30:00,181.39,181.39,181.39,181.39,399
2026-04-22 09:35:00,182.0439,182.0439,182.0439,182.0439,360
2026-04-22 09:40:00,181.4,181.605,181.35,181.605,1114
2026-04-22 09:45:00,181.35,181.68,181.23,181.37,7176
2026-04-22 09:50:00,181.27,181.63,181.23,181.25,3100
2026-04-22 09:55:00,181.11,181.51,181.11,181.49,11000
2026-04-22 10:00:00,181.43,181.43,180.69,180.92,15320
2026-04-22 10:05:00,181.02,181.02,180.684,180.78,18994
2026-04-22 10:10:00,180.7501,181.13,180.7501,181.13,5150
2026-04-22 10:15:00,181.29,181.29,181.29,181.29,200
2026-04-22 10:20:00,181.12,181.12,181.12,181.12,100
2026-04-22 10:25:00,180.82,181,180.82,180.94,3000
2026-04-22 10:30:00,180.66,180.9,180.34,180.5,11074
2026-04-22 10:40:00,180.32,180.45,180.32,180.45,2000
2026-04-22 10:45:00,180.71,180.71,180.67,180.67,1000
2026-04-22 11:00:00,180.59,180.59,180.42,180.51,2564
2026-04-22 11:05:00,180.91,180.97,180.85,180.87,4000
2026-04-22 11:20:00,180.81,180.84,180.69,180.78,4812
2026-04-22 11:25:00,180.7,180.94,180.64,180.94,2700
2026-04-22 11:30:00,180.79,180.825,180.79,180.825,768
2026-04-22 11:35:00,180.6401,180.6401,180.6401,180.6401,2475
2026-04-22 11:45:00,180.13,180.61,180.13,180.54,12369
2026-04-22 11:50:00,180.37,180.39,180.3,180.34,4100
2026-04-22 11:55:00,180.62,180.62,180.6,180.6,500
2026-04-22 12:00:00,180.3954,180.3954,180.3954,180.3954,133
2026-04-22 12:05:00,180.675,180.675,180.675,180.675,553
2026-04-22 12:15:00,180.55,180.55,180.4,180.4,300
2026-04-22 12:30:00,180.195,180.195,180.195,180.195,140
2026-04-22 12:40:00,180.29,180.29,179.92,179.92,4100
2026-04-22 13:05:00,180.09,180.09,180.09,180.09,100
2026-04-22 13:10:00,179.87,179.87,179.87,179.87,724
2026-04-22 13:15:00,179.93,180.12,179.84,179.92,15088
2026-04-22 13:20:00,180.05,180.18,180.05,180.18,200
2026-04-22 13:25:00,180.39,180.39,180.315,180.315,293
2026-04-22 13:35:00,180.0601,180.0601,180.06,180.06,5100
2026-04-22 13:45:00,180.29,180.41,180.29,180.41,200
2026-04-22 13:55:00,180.37,180.37,180.33,180.33,400
2026-04-22 14:00:00,180.23,180.35,180.19,180.24,4500
2026-04-22 14:05:00,179.91,180.02,179.91,180.015,400
2026-04-22 14:10:00,180.25,180.35,180.25,180.2825,2900
2026-04-22 14:15:00,180.28,180.28,180.13,180.13,200
2026-04-22 14:25:00,180.1475,180.1475,180.1475,180.1475,100
2026-04-22 14:30:00,180.14,180.39,180.14,180.31,4200
2026-04-22 14:40:00,180.49,180.56,180.49,180.56,2100
2026-04-22 14:50:00,180.46,180.46,180.46,180.46,100
2026-04-22 14:55:00,180.42,180.42,180.285,180.285,200
2026-04-22 15:00:00,180.19,180.19,180.04,180.04,200
2026-04-22 15:05:00,180.15,180.21,180.15,180.21,200
2026-04-22 15:10:00,180.35,180.35,180.35,180.35,100
2026-04-22 15:15:00,180.52,180.52,180.34,180.34,385
2026-04-22 15:25:00,180.515,180.706,180.515,180.625,540
2026-04-22 15:30:00,180.6656,180.805,180.6656,180.805,340
2026-04-22 15:35:00,180.75,180.75,180.75,180.75,100
2026-04-22 15:45:00,180.45,180.84,180.45,180.84,238
2026-04-22 15:50:00,180.98,181.21,180.98,181.21,263
2026-04-22 15:55:00,180.99,181.3,180.99,181.3,2404
2026-04-22 16:00:00,181.06,181.06,181.06,181.06,101
2026-04-23 09:30:00,180.84,181.26,180.84,181,2854
2026-04-23 09:35:00,180.8,181.33,180.76,181.32,3869
2026-04-23 09:40:00,181.8,181.8,181.32,181.67,4564
2026-04-23 09:45:00,181.09,181.31,181.05,181.14,6766
2026-04-23 09:50:00,181.19,181.46,180.8,181.02,8000
2026-04-23 09:55:00,180.76,180.92,180.66,180.66,8392
2026-04-23 10:00:00,180.63,180.63,180.06,180.26,8500
2026-04-23 10:05:00,180.72,180.78,180.52,180.52,5913
2026-04-23 10:10:00,180.11,180.17,180.09,180.17,2825
2026-04-23 10:15:00,180.29,180.34,179.98,179.98,15950
2026-04-23 10:20:00,180.53,180.53,180.3264,180.3264,800
2026-04-23 10:25:00,180.59,180.59,180.55,180.55,2000
2026-04-23 10:30:00,180.65,180.81,180.605,180.67,6100
2026-04-23 10:35:00,180.79,180.79,180.33,180.43,6000
2026-04-23 10:40:00,180.45,180.45,180.39,180.39,993
2026-04-23 10:50:00,180.98,181.01,180.95,180.97,2100
2026-04-23 10:55:00,180.8,181.265,180.72,180.72,2412
2026-04-23 11:00:00,181,181,181,181,100
2026-04-23 11:10:00,181,181.1,181,181.1,2232
2026-04-23 11:15:00,181.14,181.14,181.12,181.12,400
2026-04-23 11:20:00,181.06,181.06,180.75,180.75,428
2026-04-23 11:25:00,180.92,180.9598,180.91,180.9598,800
2026-04-23 11:30:00,180.9,181.17,180.86,181.17,3316
2026-04-23 11:40:00,180.8675,180.8725,180.58,180.63,3209
2026-04-23 11:45:00,180.43,180.44,180.29,180.4,4435
2026-04-23 11:50:00,180.2,180.4799,180.11,180.4799,2184
2026-04-23 11:55:00,180.3773,180.3773,180.3773,180.3773,300
2026-04-23 12:10:00,180.26,180.4,180.26,180.32,2047
2026-04-23 12:20:00,180.05,180.07,180,180.07,2100
2026-04-23 12:25:00,180.33,180.35,180.33,180.34,2850
2026-04-23 12:35:00,180.4033,180.4033,180.4033,180.4033,221
2026-04-23 12:40:00,180.2815,180.2815,180.2815,180.2815,1322
2026-04-23 12:50:00,180.115,180.115,180.115,180.115,114
2026-04-23 13:05:00,179.12,179.41,179,179.01,4200
2026-04-23 13:10:00,178.49,178.5161,178.46,178.5161,400
2026-04-23 13:15:00,178.22,178.3,177.94,178.16,10352
2026-04-23 13:20:00,178.09,178.09,177.99,178.09,2750
2026-04-23 13:25:00,177.94,178.21,177.94,178.21,452
2026-04-23 13:30:00,178.21,178.26,178.17,178.26,1200
2026-04-23 13:35:00,178.365,178.7399,178.21,178.21,2123
2026-04-23 13:40:00,177.31,177.355,176.87,177.14,2307
2026-04-23 13:45:00,176.6,177.4819,176.58,177.296,8246
2026-04-23 13:50:00,177.42,177.46,177.42,177.46,300
2026-04-23 13:55:00,178.35,178.35,178.272,178.29,1959
2026-04-23 14:00:00,178.91,178.93,178.88,178.88,843
2026-04-23 14:05:00,178.89,178.93,178.62,178.62,1133
2026-04-23 14:10:00,178.855,178.855,178.855,178.855,101
2026-04-23 14:15:00,178.6783,178.6783,178.6783,178.6783,500
2026-04-23 14:35:00,178.83,178.83,178.83,178.83,100
2026-04-23 14:40:00,178.65,178.65,178.65,178.65,200
2026-04-23 14:45:00,178.42,178.42,178.42,178.42,100
2026-04-23 14:50:00,178.565,178.8899,178.565,178.5975,684
2026-04-23 14:55:00,178.14,178.14,178.14,178.14,550
2026-04-23 15:00:00,177.96,177.96,177.915,177.95,1452
2026-04-23 15:05:00,178.486,178.486,178.486,178.486,275
2026-04-23 15:15:00,178.46,178.46,178.46,178.46,280
2026-04-23 15:20:00,178.4,178.4,178.4,178.4,100
2026-04-23 15:25:00,178.385,178.61,178.385,178.55,2907
2026-04-23 15:30:00,178.53,178.53,178.33,178.33,4165
2026-04-23 15:35:00,178.13,178.39,177.99,178.27,7084
2026-04-23 15:40:00,178.51,178.51,178.29,178.29,6731
2026-04-23 15:45:00,178.47,178.4747,178.33,178.4747,6531
2026-04-23 15:50:00,178.3,178.38,178.3,178.38,2908
2026-04-23 15:55:00,178.79,178.79,178.79,178.79,100
2026-04-23 16:00:00,178.71,178.71,178.71,178.71,141
2026-04-24 09:30:00,180.11,180.11,178.79,178.86,8268
2026-04-24 09:35:00,178.86,178.94,178.3,178.94,11323
2026-04-24 09:40:00,178.505,179.32,178.505,179.32,250
2026-04-24 09:45:00,178.505,178.505,178.07,178.17,4500
2026-04-24 09:50:00,178.01,178.04,177.43,177.43,14279
2026-04-24 09:55:00,177.34,178.09,177.23,178.09,13927
2026-04-24 10:00:00,178.23,178.23,177.615,177.615,4528
2026-04-24 10:05:00,177.61,177.61,177.61,177.61,186
2026-04-24 10:10:00,178.18,178.7,178.1,178.6,11000
2026-04-24 10:15:00,178.7075,178.725,178.7075,178.725,300
2026-04-24 10:20:00,178.69,179.03,178.51,178.77,10143
2026-04-24 10:25:00,178.59,178.64,178.42,178.54,6700
2026-04-24 10:30:00,178.62,178.63,178.58,178.58,2354
2026-04-24 10:35:00,178.6,179.28,178.6,179.12,5789
2026-04-24 10:40:00,178.99,179.03,178.99,179.03,1500
2026-04-24 10:45:00,178.95,178.9773,178.73,178.8005,7904
2026-04-24 10:50:00,178.78,178.78,178.78,178.78,453
2026-04-24 10:55:00,178.84,178.84,178.8,178.8,2000
2026-04-24 11:00:00,179,179,179,179,465
2026-04-24 11:05:00,178.83,179,178.83,179,545
2026-04-24 11:10:00,179.12,179.12,179.1,179.1,2000
2026-04-24 11:15:00,179.0323,179.0323,178.63,178.81,12758
2026-04-24 11:20:00,178.885,179.25,178.69,179.25,10737
2026-04-24 11:25:00,178.955,178.955,178.91,178.945,2200
2026-04-24 11:30:00,179.31,179.38,179.16,179.23,6105
2026-04-24 11:40:00,179.335,179.335,179.335,179.335,1928
2026-04-24 11:45:00,180.03,180.59,180.03,180.4,3977
2026-04-24 11:50:00,180.76,180.82,180.325,180.82,4600
2026-04-24 11:55:00,180.68,180.68,180.54,180.6,2483
2026-04-24 12:00:00,180.44,180.6,180.4,180.59,5860
2026-04-24 12:05:00,180.64,180.64,180.55,180.55,499
2026-04-24 12:10:00,180.37,180.535,180.37,180.535,2108
2026-04-24 12:15:00,180.193,180.193,180.193,180.193,300
2026-04-24 12:20:00,180.03,180.03,180.03,180.03,100
2026-04-24 12:25:00,180.33,180.39,180.33,180.33,2100
2026-04-24 12:30:00,180.43,180.51,180.22,180.22,4626
2026-04-24 12:40:00,180.04,180.05,180.04,180.05,200
2026-04-24 13:00:00,180.09,180.09,180.09,180.09,100
2026-04-24 13:10:00,180.47,180.47,180.47,180.47,130
2026-04-24 13:15:00,180.19,180.24,180.0876,180.24,4117
2026-04-24 13:20:00,180.09,180.09,179.86,179.86,1025
2026-04-24 13:25:00,180.05,180.16,180.04,180.16,3880
2026-04-24 13:30:00,179.89,180.1599,179.89,180.1599,425
2026-04-24 13:35:00,180.06,180.16,180.06,180.16,2150
2026-04-24 13:40:00,180.05,180.06,180.05,180.06,2000
2026-04-24 13:45:00,180,180,180,180,100
2026-04-24 13:50:00,180.3999,180.3999,180.3999,180.3999,2116
2026-04-24 13:55:00,180.18,180.36,180.18,180.36,2046
2026-04-24 14:00:00,180.14,180.14,180.06,180.08,2200
2026-04-24 14:05:00,179.88,180.2,179.88,180.08,4037
2026-04-24 14:10:00,179.86,179.86,179.86,179.86,200
2026-04-24 14:20:00,180.1797,180.1797,180.02,180.02,200
2026-04-24 14:25:00,179.84,179.84,179.84,179.84,100
2026-04-24 14:45:00,180.35,180.35,180.1864,180.1866,600
2026-04-24 14:55:00,179.96,179.96,179.96,179.96,100
2026-04-24 15:10:00,179.86,179.86,179.86,179.86,100
2026-04-24 15:25:00,179.7,179.7,179.7,179.7,100
2026-04-24 15:30:00,179.6,179.6,179.6,179.6,261
2026-04-24 15:35:00,179.44,179.49,179.36,179.39,2645
2026-04-24 15:45:00,179.28,179.53,179.28,179.53,1324
2026-04-24 15:50:00,179.41,179.41,179.41,179.41,109
2026-04-24 15:55:00,179.84,179.84,179.84,179.84,100
2026-04-24 16:00:00,179.69,179.69,179.69,179.69,218
2026-04-27 09:30:00,179.83,180.69,179.41,180.69,6344
2026-04-27 09:35:00,180.63,180.9899,180.38,180.9899,7041
2026-04-27 09:40:00,180.85,180.87,180.51,180.65,6011
2026-04-27 09:45:00,180.89,180.89,180.31,180.335,15889
2026-04-27 09:50:00,180.21,181.08,179.73,180.94,25194
2026-04-27 09:55:00,181.11,181.26,180.95,181.24,11032
2026-04-27 10:00:00,181.01,181.25,180.89,181.09,6243
2026-04-27 10:05:00,180.3101,180.63,180.3101,180.63,2300
2026-04-27 10:10:00,180.83,180.83,180.3401,180.3401,17561
2026-04-27 10:20:00,180.1701,180.865,180.1701,180.865,326
2026-04-27 10:25:00,180.82,180.87,180.82,180.87,1000
2026-04-27 10:30:00,180.5,180.5,180.36,180.4,4274
2026-04-27 10:35:00,180.58,180.98,180.44,180.78,12000
2026-04-27 10:40:00,180.8,180.8,180.64,180.64,2042
2026-04-27 11:00:00,180.16,180.3,180.07,180.11,3904
2026-04-27 11:10:00,180.37,180.37,180,180,4154
2026-04-27 11:20:00,179.94,179.94,179.9,179.9,2000
2026-04-27 11:30:00,179.66,179.74,179.66,179.74,2000
2026-04-27 11:35:00,179.78,179.82,179.77,179.78,1934
2026-04-27 11:50:00,179.8,179.8,179.78,179.78,2000
2026-04-27 11:55:00,179.676,179.676,179.676,179.676,230
2026-04-27 12:05:00,179.76,179.76,179.6435,179.66,5993
2026-04-27 12:10:00,179.77,179.77,179.72,179.72,2000
2026-04-27 12:20:00,179.35,179.35,179.35,179.35,145
2026-04-27 12:25:00,179.45,179.54,179.45,179.45,2050
2026-04-27 12:35:00,179.675,179.8499,179.37,179.6244,7968
2026-04-27 12:50:00,179.31,179.31,179.31,179.31,100
2026-04-27 13:10:00,179.32,179.32,179.32,179.32,100
2026-04-27 13:20:00,179.5,179.5,179.5,179.5,100
2026-04-27 13:25:00,179.68,179.84,179.66,179.8,4600
2026-04-27 13:30:00,179.9,179.98,179.83,179.83,7708
2026-04-27 13:35:00,179.85,180.03,179.6201,179.75,12212
2026-04-27 13:40:00,179.48,179.6,179.48,179.48,1800
2026-04-27 13:45:00,179.64,179.64,179.58,179.6,381
2026-04-27 13:55:00,179.415,179.4211,179.415,179.4211,271
2026-04-27 14:15:00,179.6799,179.6799,179.6799,179.6799,100
2026-04-27 14:20:00,179.37,179.37,179.37,179.37,100
2026-04-27 14:30:00,179.72,179.72,179.33,179.33,300
2026-04-27 14:45:00,179.365,179.365,179.33,179.33,290
2026-04-27 15:05:00,179.33,179.33,179.33,179.33,100
2026-04-27 15:15:00,179.585,179.61,179.585,179.6,450
2026-04-27 15:20:00,179.655,179.655,179.655,179.655,140
2026-04-27 15:25:00,179.44,179.48,179.44,179.4701,2005
2026-04-27 15:30:00,179.41,179.61,179.41,179.44,4100
2026-04-27 15:35:00,179.46,179.5,179.295,179.5,5351
2026-04-27 15:40:00,179.51,179.55,179.49,179.55,3842
2026-04-27 15:45:00,179.53,179.69,179.49,179.54,7015
2026-04-27 15:50:00,179.53,179.55,179.51,179.535,954
2026-04-27 15:55:00,179.43,179.77,179.43,179.53,2286
2026-04-27 16:00:00,179.53,179.53,179.53,179.53,201
2026-04-28 09:30:00,178.58,178.72,178.04,178.6,10542
2026-04-28 09:35:00,178.72,179.41,178.72,179.17,8285
2026-04-28 09:40:00,179.57,179.62,179.5,179.5,4200
2026-04-28 09:45:00,179,179.54,178.84,178.98,12506
2026-04-28 09:50:00,178.72,178.7805,178.3801,178.3801,12522
2026-04-28 09:55:00,178.3,178.66,178.2,178.66,6600
2026-04-28 10:00:00,177.52,178.26,177.52,178.04,6580
2026-04-28 10:05:00,177.82,178.2,177.82,177.98,4100
2026-04-28 10:15:00,177.775,177.85,177.5101,177.63,8189
2026-04-28 10:20:00,177.63,177.67,177.45,177.53,5948
2026-04-28 10:25:00,177.455,177.64,177.1001,177.1001,4996
2026-04-28 10:30:00,177.04,177.06,176.98,177.06,4000
2026-04-28 10:35:00,176.95,176.95,176.665,176.665,5380
2026-04-28 10:40:00,176.59,177.07,176.59,177.05,4849
2026-04-28 10:45:00,177.21,177.21,176.67,176.77,11380
2026-04-28 10:50:00,176.71,176.74,176.11,176.56,10273
2026-04-28 10:55:00,176.69,176.99,176.56,176.99,5991
2026-04-28 11:05:00,177.33,177.3425,177.31,177.312,1127
2026-04-28 11:10:00,177.29,177.33,177.21,177.2975,6026
2026-04-28 11:15:00,177.55,177.55,177.32,177.3601,4800
2026-04-28 11:20:00,177.145,177.49,177.145,177.49,200
2026-04-28 11:25:00,176.94,177.44,176.94,177.44,200
2026-04-28 11:30:00,176.4701,176.4701,176.4701,176.4701,100
2026-04-28 11:35:00,176.89,176.89,176.77,176.77,200
2026-04-28 11:40:00,176.75,176.98,176.7301,176.93,6000
2026-04-28 11:45:00,176.96,176.9781,176.96,176.9781,2000
2026-04-28 12:00:00,176.94,176.98,176.94,176.98,225
2026-04-28 12:05:00,177.0758,177.0758,177.0758,177.0758,400
2026-04-28 12:10:00,176.88,176.88,176.88,176.88,800
2026-04-28 12:15:00,176.765,176.765,176.73,176.73,1275
2026-04-28 12:20:00,176.89,176.89,176.81,176.81,4000
2026-04-28 12:25:00,176.82,176.9299,176.685,176.855,5369
2026-04-28 12:40:00,176.71,176.71,176.65,176.65,2600
2026-04-28 12:45:00,176.53,176.614,176.53,176.614,2113
2026-04-28 12:50:00,176.78,177.14,176.7,177.14,4131
2026-04-28 12:55:00,177,177.08,177,177,3348
2026-04-28 13:00:00,176.955,177.14,176.7,176.765,7458
2026-04-28 13:05:00,176.69,176.82,176.61,176.755,2600
2026-04-28 13:15:00,176.635,176.635,176.635,176.635,100
2026-04-28 13:25:00,176.87,176.93,176.87,176.9,3578
2026-04-28 13:30:00,176.845,176.9,176.845,176.88,4100
2026-04-28 13:35:00,177.04,177.04,177.04,177.04,1000
2026-04-28 13:40:00,177.04,177.12,176.9475,176.9475,10157
2026-04-28 13:45:00,177.05,177.1,177.05,177.07,2229
2026-04-28 13:55:00,177.24,177.25,177.165,177.1675,4658
2026-04-28 14:00:00,177.3802,177.3802,177.09,177.0901,5473
2026-04-28 14:10:00,177.15,177.205,177.02,177.02,3344
2026-04-28 14:20:00,177.32,177.32,177.275,177.275,2900
2026-04-28 14:25:00,177.41,177.44,177.29,177.35,6393
2026-04-28 14:30:00,177.21,177.23,177.21,177.21,1948
2026-04-28 14:40:00,177.18,177.18,177.18,177.18,116
2026-04-28 14:45:00,177.1975,177.34,176.97,177.32,2472
2026-04-28 14:55:00,177.5,177.5,177.48,177.485,1924
2026-04-28 15:05:00,177.57,177.6425,177.5257,177.5257,1606
2026-04-28 15:15:00,177.31,177.4715,177.31,177.31,2305
2026-04-28 15:20:00,177.17,177.215,176.99,177.215,1154
2026-04-28 15:30:00,176.97,176.97,176.7875,176.7875,342
2026-04-28 15:35:00,176.923,176.9501,176.835,176.835,1197
2026-04-28 15:40:00,177.085,177.085,177.085,177.085,154
2026-04-28 15:50:00,177.09,177.09,177.09,177.09,930
2026-04-28 15:55:00,177.17,177.47,177.15,177.4,4333
2026-04-28 16:00:00,177.09,177.09,177.09,177.09,496
2026-04-28 17:30:00,179,179,179,179,135
2026-04-29 09:30:00,177.63,177.63,176.25,176.25,371
2026-04-29 09:35:00,176.24,176.39,175.83,176.13,5962
2026-04-29 09:40:00,176.21,176.21,175.55,175.55,12232
2026-04-29 09:45:00,175.61,175.61,175,175.35,13994
2026-04-29 09:50:00,175.47,175.88,175.43,175.72,17810
2026-04-29 09:55:00,175.48,176.03,175.44,175.945,11790
2026-04-29 10:00:00,175.09,175.81,174.79,175.21,14888
2026-04-29 10:05:00,175.205,175.205,175.205,175.205,400
2026-04-29 10:10:00,174.8,175.48,174.8,175.29,4801
2026-04-29 10:15:00,175.11,175.43,175.11,175.24,6600
2026-04-29 10:20:00,175.67,175.81,175.65,175.65,2100
2026-04-29 10:25:00,175.42,175.42,175.42,175.42,400
2026-04-29 10:30:00,175.14,175.44,175.08,175.37,8509
2026-04-29 10:35:00,175.76,175.76,175.46,175.46,3998
2026-04-29 10:40:00,175.5,175.5,175.49,175.49,512
2026-04-29 10:55:00,175.405,175.405,175.34,175.34,472
2026-04-29 11:00:00,175.24,175.24,174.91,175.15,9100
2026-04-29 11:05:00,175.34,175.34,174.88,174.88,2544
2026-04-29 11:10:00,174.88,174.88,174.64,174.87,3650
2026-04-29 11:15:00,175.15,175.22,175.13,175.15,2341
2026-04-29 11:20:00,175.4,175.4,175.4,175.4,141
2026-04-29 11:40:00,174.95,174.96,174.76,174.85,5986
2026-04-29 11:45:00,174.935,174.935,174.935,174.935,195
2026-04-29 11:50:00,174.7544,174.7544,174.06,174.12,3262
2026-04-29 11:55:00,174.48,174.48,174.44,174.44,500
2026-04-29 12:00:00,174.45,174.45,174.45,174.45,400
2026-04-29 12:05:00,174.54,174.54,174.54,174.54,400
2026-04-29 12:10:00,174.495,174.495,174.495,174.495,242
2026-04-29 12:15:00,174.61,174.7799,174.57,174.7799,3081
2026-04-29 12:30:00,174.06,174.14,174,174.02,2300
2026-04-29 12:35:00,174.085,174.085,173.8101,173.965,446
2026-04-29 12:40:00,174.19,174.27,174.19,174.27,1162
2026-04-29 12:50:00,173.935,174.23,173.935,174.21,2099
2026-04-29 12:55:00,173.83,173.83,173.825,173.825,200
2026-04-29 13:00:00,173.825,173.825,173.59,173.59,446
2026-04-29 13:05:00,173.875,173.875,173.875,173.875,385
2026-04-29 13:15:00,173.925,173.925,173.925,173.925,150
2026-04-29 13:20:00,174.21,174.21,174.21,174.21,152
2026-04-29 13:25:00,174.075,174.075,174.075,174.075,177
2026-04-29 13:30:00,174.21,174.21,174.085,174.09,750
2026-04-29 13:40:00,173.67,173.77,173.65,173.66,4300
2026-04-29 13:45:00,173.875,173.95,173.875,173.9225,398
2026-04-29 13:50:00,173.94,174.08,173.94,174.025,2352
2026-04-29 13:55:00,174.01,174.27,174.01,174.15,668
2026-04-29 14:00:00,173.98,173.98,173.645,173.645,2447
2026-04-29 14:05:00,173.605,173.79,173.28,173.31,5342
2026-04-29 14:10:00,173.09,173.32,173.09,173.28,2665
2026-04-29 14:15:00,173.64,173.65,173.535,173.535,439
2026-04-29 14:20:00,173.51,173.5175,173.49,173.51,432
2026-04-29 14:25:00,173.5,173.55,173.48,173.52,613
2026-04-29 14:30:00,173.675,173.675,173.11,173.39,5118
2026-04-29 14:35:00,173.52,173.89,173.52,173.69,3077
2026-04-29 14:40:00,173.67,173.67,173.37,173.56,4847
2026-04-29 14:45:00,173.38,173.6468,173.38,173.6468,543
2026-04-29 14:50:00,173.7951,173.815,173.7951,173.815,396
2026-04-29 14:55:00,174.23,174.23,174.03,174.03,521
2026-04-29 15:20:00,174.36,174.36,174.36,174.36,100
2026-04-29 15:25:00,174.55,174.55,174.55,174.55,100
2026-04-29 15:30:00,173.85,173.92,173.85,173.92,2650
2026-04-29 15:45:00,173.92,174.03,173.83,174.03,3707
2026-04-29 15:50:00,174.31,174.315,174.0301,174.0301,665
2026-04-29 15:55:00,174.32,174.32,174.18,174.32,1332
2026-04-29 16:00:00,174.18,174.18,174.18,174.18,207
2026-04-30 09:30:00,175.82,175.93,175.82,175.93,829
2026-04-30 09:35:00,175.925,175.98,175.42,175.94,23047
2026-04-30 09:40:00,175.94,176.36,175.94,176.36,2100
2026-04-30 09:45:00,176.42,176.72,175.8,175.86,10900
2026-04-30 09:50:00,175.92,176,175.73,175.77,4600
2026-04-30 09:55:00,175.59,176.01,175.59,175.93,3999
2026-04-30 10:00:00,176.13,176.45,176.03,176.39,15921
2026-04-30 10:05:00,176.48,176.48,176.27,176.33,6100
2026-04-30 10:10:00,176.23,176.61,176.045,176.53,6300
2026-04-30 10:15:00,175.91,176.05,175.91,176.01,4000
2026-04-30 10:20:00,176.77,176.77,176.63,176.63,2000
2026-04-30 10:25:00,176.83,176.83,176.83,176.83,1000
2026-04-30 10:30:00,176.71,176.97,176.25,176.43,6906
2026-04-30 10:40:00,176.57,176.57,176.57,176.57,100
2026-04-30 10:45:00,177.07,177.07,176.955,176.955,2200
2026-04-30 10:50:00,177.09,177.58,177.08,177.49,9920
2026-04-30 10:55:00,177.57,177.59,177.46,177.46,4000
2026-04-30 11:00:00,177.5,177.5,177.19,177.33,3281
2026-04-30 11:10:00,177.76,177.81,177.5,177.5,6828
2026-04-30 11:15:00,177.23,177.99,177.23,177.63,481
2026-04-30 11:20:00,177.848,177.848,177.848,177.848,433
2026-04-30 11:25:00,177.93,178.25,177.93,178.25,4500
2026-04-30 11:35:00,178.04,178.04,177.92,177.92,1500
2026-04-30 11:40:00,177.72,177.9,177.72,177.84,3974
2026-04-30 11:45:00,177.75,178.1865,177.67,177.67,700
2026-04-30 11:50:00,178.02,178.02,178.02,178.02,100
2026-04-30 11:55:00,178.19,178.235,178.065,178.1,4900
2026-04-30 12:00:00,177.98,178.29,177.98,178.29,4100
2026-04-30 12:10:00,178.25,178.61,178.24,178.36,8155
2026-04-30 12:25:00,178.3,178.3,178.3,178.3,100
2026-04-30 12:30:00,178.54,178.54,178.54,178.54,100
2026-04-30 12:40:00,178.16,178.63,178.16,178.63,200
2026-04-30 12:50:00,178.475,178.475,178.475,178.475,100
2026-04-30 12:55:00,178.34,178.49,178.33,178.45,7880
2026-04-30 13:00:00,178.49,178.79,178.49,178.6,7971
2026-04-30 13:05:00,178.73,178.73,178.63,178.6925,1174
2026-04-30 13:10:00,178.61,178.7125,178.575,178.71,2400
2026-04-30 13:15:00,178.62,178.705,178.59,178.705,1600
2026-04-30 13:20:00,178.71,178.71,178.71,178.71,100
2026-04-30 13:25:00,178.8924,178.8924,178.58,178.73,3465
2026-04-30 13:35:00,179.01,179.01,178.91,178.915,5114
2026-04-30 13:40:00,179.0633,179.0633,178.91,178.91,668
2026-04-30 13:45:00,179.14,179.165,178.99,179.14,18581
2026-04-30 13:50:00,179.04,179.04,179.04,179.04,120
2026-04-30 13:55:00,179.04,179.11,179.02,179.04,1860
2026-04-30 14:05:00,179.19,179.19,179.01,179.02,1010
2026-04-30 14:10:00,179.1279,179.1279,179.1279,179.1279,112
2026-04-30 14:15:00,179.07,179.07,178.96,178.98,300
2026-04-30 14:20:00,179.16,179.16,179.16,179.16,100
2026-04-30 14:25:00,178.8,178.8,178.8,178.8,100
2026-04-30 14:30:00,179.16,179.16,178.97,179.15,1328
2026-04-30 14:40:00,179.3,179.3299,179.3,179.3299,201
2026-04-30 14:50:00,179.13,179.28,179.01,179.01,9427
2026-04-30 15:10:00,178.92,179.4281,178.92,179.19,470
2026-04-30 15:15:00,179.215,179.47,179.18,179.47,600
2026-04-30 15:20:00,179.48,179.48,179.48,179.48,100
2026-04-30 15:25:00,179.08,179.08,179.08,179.08,100
2026-04-30 15:30:00,179.56,179.56,179.15,179.27,5225
2026-04-30 15:35:00,179.315,179.315,179.315,179.315,134
2026-04-30 15:45:00,179.57,179.66,179.365,179.66,300
2026-04-30 15:50:00,179.69,179.69,179.22,179.25,302
2026-04-30 15:55:00,179.64,179.69,179.28,179.3,3032
2026-04-30 16:00:00,179.12,179.12,179.12,179.12,5957
2026-05-01 09:30:00,179.66,180.15,178.84,180.15,7535
2026-05-01 09:35:00,180.495,180.495,179.51,179.51,8649
2026-05-01 09:40:00,179.5,179.79,179.29,179.59,8126
2026-05-01 09:45:00,179.01,179.21,179.01,179.12,4700
2026-05-01 09:50:00,179.52,179.7,179.44,179.6,6097
2026-05-01 09:55:00,179.8,180.245,179.8,180.02,2192
2026-05-01 10:00:00,180.33,180.48,180.25,180.38,6452
2026-05-01 10:05:00,180.38,180.48,180.12,180.1207,9975
2026-05-01 10:10:00,180.25,180.92,180.25,180.92,13415
2026-05-01 10:15:00,180.725,181.0124,180.51,180.81,8893
2026-05-01 10:20:00,181.055,181.055,180.951,180.951,257
2026-05-01 10:25:00,180.92,181.6599,180.89,181.6599,13501
2026-05-01 10:30:00,180.75,180.85,180.55,180.57,11745
2026-05-01 10:40:00,181.085,181.085,181.085,181.085,115
2026-05-01 10:45:00,180.755,180.755,180.755,180.755,381
2026-05-01 10:50:00,180.83,180.83,180.83,180.83,100
2026-05-01 10:55:00,180.92,181.22,180.92,181.22,1039
2026-05-01 11:00:00,180.67,180.67,180.67,180.67,200
2026-05-01 11:05:00,180.88,181.02,180.81,181.02,706
2026-05-01 11:10:00,181.03,181.4,181.03,181.3125,768
2026-05-01 11:15:00,181.315,181.5,181.29,181.3,2830
2026-05-01 11:20:00,181.25,181.46,181.1216,181.1216,1081
2026-05-01 11:25:00,181.265,181.265,181.265,181.265,100
2026-05-01 11:30:00,181.5,181.625,181.43,181.43,2011
2026-05-01 11:35:00,181.435,181.89,181.435,181.59,3298
2026-05-01 11:40:00,181.555,181.79,181.555,181.79,2252
2026-05-01 11:50:00,181.78,181.78,181.09,181.1401,9326
2026-05-01 11:55:00,181.48,181.5575,181.48,181.5575,330
2026-05-01 12:05:00,181.5,181.5,181.33,181.3625,5989
2026-05-01 12:10:00,181.37,181.37,181.345,181.345,1260
2026-05-01 12:15:00,181.57,181.615,181.4,181.615,3128
2026-05-01 12:20:00,181.785,181.785,181.0101,181.36,14168
2026-05-01 12:25:00,181.01,181.27,181.01,181.265,3130
2026-05-01 12:30:00,181.53,181.53,180.92,181,7230
2026-05-01 12:45:00,180.81,181.17,180.65,181.17,5247
2026-05-01 12:50:00,181.19,181.19,181.07,181.09,5853
2026-05-01 12:55:00,181.25,181.3,181.13,181.3,916
2026-05-01 13:00:00,181.305,181.51,181.305,181.51,314
2026-05-01 13:10:00,181.4,181.71,181.4,181.71,700
2026-05-01 13:20:00,181.72,181.8475,181.72,181.72,996
2026-05-01 13:30:00,182,182.09,182,182.0725,4166
2026-05-01 13:35:00,182,182,182,182,764
2026-05-01 13:40:00,181.92,181.92,181.92,181.92,639
2026-05-01 13:45:00,182.2099,182.2099,182.2099,182.2099,300
2026-05-01 13:50:00,181.9146,182.1,181.9146,181.9841,4840
2026-05-01 13:55:00,182.21,182.21,181.965,182.18,1113
2026-05-01 14:00:00,181.92,181.92,181.92,181.92,130
2026-05-01 14:05:00,181.72,181.72,181.4001,181.4401,3888
2026-05-01 14:20:00,182.05,182.05,181.88,181.88,11679
2026-05-01 14:30:00,182.04,182.0525,181.99,182.05,7974
2026-05-01 14:35:00,181.76,181.805,181.67,181.67,2400
2026-05-01 14:40:00,181.67,181.67,181.52,181.63,2500
2026-05-01 14:45:00,181.595,181.595,181.595,181.595,232
2026-05-01 14:50:00,181.59,181.59,181.59,181.59,2362
2026-05-01 14:55:00,181.704,181.704,181.62,181.62,651
2026-05-01 15:00:00,181.69,181.69,181.505,181.6433,1620
2026-05-01 15:05:00,181.5484,182.04,181.5484,181.95,12315
2026-05-01 15:10:00,181.97,181.97,181.93,181.93,1899
2026-05-01 15:15:00,181.99,181.99,181.99,181.99,200
2026-05-01 15:25:00,182.12,182.12,182.12,182.12,200
2026-05-01 15:40:00,182.015,182.1,181.8401,181.8401,3246
2026-05-01 15:45:00,182.1825,182.1825,182.1825,182.1825,100
2026-05-01 15:50:00,182,182,181.5901,181.5901,42795
2026-05-01 15:55:00,181.885,182.15,181.82,181.855,1153
2026-05-01 16:00:00,181.97,181.97,181.97,181.97,986
2026-05-04 09:30:00,182.27,182.5549,180.863,182.46,6315
2026-05-04 09:35:00,182.55,182.95,182.13,182.31,10051
2026-05-04 09:40:00,182.25,182.51,181.83,181.83,15087
2026-05-04 09:45:00,181.69,182.59,181.565,182.12,16592
2026-05-04 09:50:00,181.99,182.82,181.99,182.5,10392
2026-05-04 09:55:00,182.42,183.52,182.41,183.1,19776
2026-05-04 10:00:00,183.135,183.15,182.9,183,4543
2026-05-04 10:05:00,183,183,182.5,182.5,4506
2026-05-04 10:10:00,182.58,183.19,182.57,182.765,12321
2026-05-04 10:15:00,183.23,183.23,183.23,183.23,200
2026-05-04 10:20:00,183.45,183.45,182.69,182.74,17072
2026-05-04 10:25:00,182.8,183.035,182.8,183.01,6225
2026-05-04 10:30:00,183.29,183.29,183.29,183.29,100
2026-05-04 10:35:00,183.4,183.76,183.1054,183.66,13992
2026-05-04 10:40:00,183.28,183.59,183.28,183.59,213
2026-05-04 10:45:00,183.49,183.55,183.43,183.545,28633
2026-05-04 10:50:00,183.57,183.72,183.535,183.69,1600
2026-05-04 10:55:00,183.7201,183.86,183.25,183.455,17019
2026-05-04 11:00:00,183.27,183.72,182.88,183.53,10773
2026-05-04 11:05:00,183.51,183.665,183.51,183.665,277
2026-05-04 11:10:00,183.54,183.5751,183.29,183.29,3219
2026-05-04 11:15:00,183.55,183.55,182.85,182.86,9258
2026-05-04 11:20:00,182.63,182.63,181.95,182.19,11098
2026-05-04 11:25:00,182.56,182.69,182.5,182.5,675
2026-05-04 11:30:00,182.21,182.285,182.17,182.265,2631
2026-05-04 11:35:00,182.15,182.15,182.15,182.15,350
2026-05-04 11:40:00,181.48,182.07,181.48,182.07,6050
2026-05-04 11:45:00,182.03,182.045,182.03,182.045,1125
2026-05-04 11:50:00,181.57,181.865,181.3,181.47,11567
2026-05-04 11:55:00,181.77,181.89,181.77,181.81,4325
2026-05-04 12:00:00,181.7,181.7,181.7,181.7,130
2026-05-04 12:05:00,181.43,181.43,180.73,180.74,4824
2026-05-04 12:10:00,180.86,180.86,180.86,180.86,100
2026-05-04 12:15:00,180.62,180.68,180.61,180.68,4092
2026-05-04 12:30:00,181.1,181.25,181.1,181.19,8160
2026-05-04 12:35:00,180.98,181.18,180.98,181.06,4400
2026-05-04 12:40:00,181.0475,181.2518,181.045,181.2518,483
2026-05-04 12:45:00,181.2,181.355,181.13,181.24,4300
2026-05-04 13:00:00,181.01,181.01,180.76,180.76,1509
2026-05-04 13:05:00,181.06,181.18,181.06,181.11,8621
2026-05-04 13:10:00,181.085,181.28,180.9401,181.28,1405
2026-05-04 13:15:00,181.595,181.74,181.59,181.74,2874
2026-05-04 13:20:00,181.68,181.78,181.68,181.78,500
2026-05-04 13:30:00,181.735,181.735,181.735,181.735,123
2026-05-04 13:35:00,181.55,181.63,181.29,181.63,9251
2026-05-04 13:40:00,181.66,181.72,181.65,181.7,2400
2026-05-04 13:50:00,181.98,181.98,181.83,181.925,4888
2026-05-04 14:05:00,182.195,182.205,182.195,182.205,371
2026-05-04 14:10:00,182.42,182.42,182.42,182.42,100
2026-05-04 14:15:00,182.22,182.28,182.06,182.16,10724
2026-05-04 14:20:00,182.1396,182.1396,182.02,182.02,2335
2026-05-04 14:25:00,182.07,182.36,181.98,182.26,2485
2026-05-04 14:30:00,182.16,182.16,182.15,182.15,265
2026-05-04 14:35:00,182.02,182.02,182.02,182.02,145
2026-05-04 14:40:00,182.14,182.14,182.14,182.14,119
2026-05-04 14:45:00,181.992,181.992,181.992,181.992,2264
2026-05-04 14:55:00,181.7,181.7,181.7,181.7,100
2026-05-04 15:00:00,181.83,181.85,181.83,181.84,1138
2026-05-04 15:05:00,181.98,182.07,181.98,182.07,600
2026-05-04 15:10:00,181.94,182.225,181.94,182.07,5700
2026-05-04 15:15:00,181.95,181.95,181.95,181.95,100
2026-05-04 15:20:00,181.73,181.755,181.73,181.755,223
2026-05-04 15:30:00,181.64,181.785,181.64,181.785,472
2026-05-04 15:35:00,181.69,181.69,181.69,181.69,100
2026-05-04 15:40:00,181.87,181.97,181.77,181.97,948
2026-05-04 15:45:00,181.81,181.81,181.81,181.81,100
2026-05-04 15:50:00,181.67,181.815,181.67,181.815,484
2026-05-04 15:55:00,181.79,181.87,181.79,181.87,420
2026-05-04 16:00:00,182.08,182.08,182.08,182.08,947
2026-05-05 09:30:00,182.7,182.7,182.7,182.7,1522
2026-05-05 09:35:00,183.48,183.71,183.11,183.666,1680
2026-05-05 09:40:00,183.51,183.75,183.37,183.45,5298
2026-05-05 09:45:00,182.61,183.55,182.61,182.84,4164
2026-05-05 09:50:00,183.13,183.21,183.05,183.21,3949
2026-05-05 09:55:00,182.58,183.22,182.58,182.71,2300
2026-05-05 10:00:00,181.66,183.24,181.66,183.14,6350
2026-05-05 10:05:00,182.51,183.72,182.51,183.68,3122
2026-05-05 10:10:00,183.02,184.5799,183.02,183.325,15799
2026-05-05 10:15:00,183.22,184,182.9,183.62,17039
2026-05-05 10:20:00,183.94,184.385,183.94,184.385,2300
2026-05-05 10:25:00,184.45,184.76,184.44,184.68,7629
2026-05-05 10:30:00,184.02,184.61,184.02,184.43,8655
2026-05-05 10:40:00,184.41,184.43,184.23,184.31,4000
2026-05-05 10:45:00,184.35,184.9699,184.35,184.43,2180
2026-05-05 10:50:00,184.01,184.62,184.01,184.62,2305
2026-05-05 10:55:00,184.48,184.48,184.48,184.48,173
2026-05-05 11:00:00,184.39,184.575,184.39,184.57,1176
2026-05-05 11:05:00,185,185,184.57,184.61,2353
2026-05-05 11:10:00,184.69,184.69,184.59,184.66,4749
2026-05-05 11:15:00,184.86,184.86,184.74,184.74,2376
2026-05-05 11:20:00,184.28,184.75,184.02,184.43,7117
2026-05-05 11:25:00,184.27,184.6892,184.27,184.47,9202
2026-05-05 11:30:00,184.49,184.51,184.15,184.31,7160
2026-05-05 11:35:00,184.175,184.36,184.175,184.36,3200
2026-05-05 11:40:00,184.46,184.53,184.155,184.53,1807
2026-05-05 11:45:00,184.4807,184.9899,184.465,184.5,2700
2026-05-05 11:50:00,184.3,184.3,183.9501,183.9501,3611
2026-05-05 12:05:00,184.57,184.57,184.425,184.425,550
2026-05-05 12:10:00,184.425,184.425,184.425,184.425,100
2026-05-05 12:15:00,184.425,184.425,184.425,184.425,100
2026-05-05 12:20:00,184.17,184.84,184.17,184.84,8501
2026-05-05 12:25:00,184.65,184.66,184.25,184.35,4626
2026-05-05 12:30:00,184.46,184.46,184.44,184.44,225
2026-05-05 12:35:00,184.54,184.54,184.14,184.29,736
2026-05-05 12:40:00,184.37,184.37,184.37,184.37,125
2026-05-05 12:45:00,184.57,184.57,184.57,184.57,100
2026-05-05 12:50:00,184.555,184.59,184.35,184.59,3214
2026-05-05 12:55:00,184.09,184.18,183.995,184.09,4940
2026-05-05 13:00:00,184.07,184.315,183.4801,183.4801,11574
2026-05-05 13:05:00,184.13,184.22,184.13,184.17,2000
2026-05-05 13:10:00,184.16,184.23,184.16,184.23,1700
2026-05-05 13:25:00,184.025,184.025,184.025,184.025,200
2026-05-05 13:30:00,184.21,184.25,183.98,184.25,300
2026-05-05 13:35:00,184.33,184.34,184.33,184.34,501
2026-05-05 13:45:00,184.07,184.07,184.07,184.07,100
2026-05-05 13:50:00,184.315,184.57,184.28,184.57,2980
2026-05-05 13:55:00,184.48,184.48,184.48,184.48,100
2026-05-05 14:00:00,184.16,184.3575,184.16,184.3575,300
2026-05-05 14:05:00,184.535,184.535,184.535,184.535,161
2026-05-05 14:15:00,184.15,184.15,184.12,184.12,200
2026-05-05 14:30:00,184.84,184.84,184.84,184.84,100
2026-05-05 14:35:00,184.74,184.75,184.74,184.74,1000
2026-05-05 14:40:00,184.9101,184.9101,184.77,184.77,1527
2026-05-05 14:45:00,184.9028,184.9028,184.9028,184.9028,212
2026-05-05 14:50:00,185.1051,185.24,184.92,185.165,4992
2026-05-05 14:55:00,185.06,185.28,184.86,185.09,5753
2026-05-05 15:00:00,185.13,185.13,185.13,185.13,143
2026-05-05 15:05:00,185.14,185.32,185.14,185.31,7143
2026-05-05 15:10:00,185.315,185.39,185.315,185.33,1799
2026-05-05 15:15:00,185.27,185.2995,185.27,185.2995,200
2026-05-05 15:20:00,185.2662,185.2662,185.24,185.2617,2110
2026-05-05 15:25:00,185.07,185.07,184.92,184.92,210
2026-05-05 15:30:00,184.7508,184.7508,184.7508,184.7508,249
2026-05-05 15:35:00,184.955,185.27,184.8,185.27,1227
2026-05-05 15:40:00,185.7,185.7,185,185.6152,1453
2026-05-05 15:45:00,185.0001,185.47,185.0001,185.47,405
2026-05-05 15:50:00,185.32,185.4496,185.15,185.39,5244
2026-05-05 15:55:00,185.34,185.98,185.34,185.75,4940
2026-05-05 16:00:00,185.98,185.98,185.98,185.98,100
2026-05-05 16:05:00,184.2,184.2,184.2,184.2,3000
2026-05-06 04:00:00,186.58,186.58,186.58,186.58,3000
2026-05-06 07:30:00,191.5,191.5,191.5,191.5,260
2026-05-06 09:10:00,186,186,186,186,400
2026-05-06 09:30:00,187.94,187.94,186.01,186.59,5067
2026-05-06 09:35:00,186.89,186.93,186.42,186.6,14005
2026-05-06 09:40:00,186.885,186.885,186.1901,186.49,9213
2026-05-06 09:45:00,186.3429,186.3429,185.74,185.82,7721
2026-05-06 09:50:00,185.62,186.47,185.54,185.885,6931
2026-05-06 10:00:00,185.5,185.7,185.01,185.58,6100
2026-05-06 10:05:00,185.31,185.6731,185.16,185.6731,6575
2026-05-06 10:10:00,185.745,185.98,185.64,185.69,9417
2026-05-06 10:15:00,185.78,185.78,185.78,185.78,100
2026-05-06 10:20:00,186.2,186.2,185.61,185.98,10817
2026-05-06 10:25:00,186.0606,186.2,185.87,185.93,1219
2026-05-06 10:30:00,185.79,186.1,185.78,186.08,2987
2026-05-06 10:40:00,186.3,186.54,186.3,186.395,5439
2026-05-06 10:45:00,186.61,186.89,186.61,186.795,5147
2026-05-06 10:50:00,186.805,186.9,186.805,186.9,600
2026-05-06 10:55:00,187.07,187.175,186.6801,186.6801,3559
2026-05-06 11:00:00,186.98,186.985,186.6801,186.985,600
2026-05-06 11:05:00,186.975,186.975,186.975,186.975,100
2026-05-06 11:10:00,186.97,187.005,186.9,186.9,1200
2026-05-06 11:15:00,187.28,187.28,187.13,187.17,4208
2026-05-06 11:20:00,187.34,187.34,187.3,187.3,2000
2026-05-06 11:25:00,187.25,187.44,187.25,187.2851,965
2026-05-06 11:30:00,187.19,187.39,187.1475,187.17,11640
2026-05-06 11:35:00,187.21,187.21,186.84,186.91,19256
2026-05-06 11:40:00,186.9,187.03,186.53,186.85,13423
2026-05-06 11:45:00,186.89,187.13,186.75,187.11,7553
2026-05-06 11:50:00,187.11,187.2299,187.035,187.035,6981
2026-05-06 11:55:00,187.29,187.29,186.9101,187,6491
2026-05-06 12:00:00,186.92,186.94,186.85,186.9,6484
2026-05-06 12:05:00,186.69,186.8158,186.605,186.63,2300
2026-05-06 12:10:00,187.04,187.04,186.84,186.84,2200
2026-05-06 12:15:00,186.86,186.86,186.74,186.78,2180
2026-05-06 12:20:00,186.47,187.06,186.47,187.06,2549
2026-05-06 12:25:00,187.08,187.145,186.95,186.95,2400
2026-05-06 12:30:00,186.9108,186.9108,186.9108,186.9108,123
2026-05-06 12:35:00,186.8475,186.8475,186.8475,186.8475,131
2026-05-06 12:40:00,186.9188,186.9188,186.9188,186.9188,238
2026-05-06 12:50:00,186.74,186.74,186.74,186.74,200
2026-05-06 12:55:00,186.75,186.77,186.61,186.77,2073
2026-05-06 13:00:00,186.875,187.26,186.875,187.23,2956
2026-05-06 13:05:00,187.2,187.41,187.2,187.255,3572
2026-05-06 13:10:00,187.46,187.54,187.275,187.4399,15200
2026-05-06 13:15:00,187.32,187.32,187.32,187.32,100
2026-05-06 13:20:00,187.365,187.57,187.28,187.28,300
2026-05-06 13:40:00,187.47,187.84,187.47,187.74,5300
2026-05-06 13:45:00,187.8,187.8,187.7999,187.7999,2000
2026-05-06 13:55:00,187.495,187.495,187.495,187.495,1000
2026-05-06 14:10:00,187.8696,187.8696,187.8696,187.8696,286
2026-05-06 14:15:00,187.72,187.76,187.72,187.76,300
2026-05-06 14:20:00,187.81,187.83,187.81,187.83,2200
2026-05-06 14:30:00,187.93,187.94,187.835,187.835,2640
2026-05-06 14:35:00,188.015,188.015,187.99,187.99,600
2026-05-06 14:45:00,187.56,187.62,187.54,187.62,2300
2026-05-06 14:55:00,187.745,187.745,187.745,187.745,121
2026-05-06 15:00:00,187.74,187.74,187.74,187.74,400
2026-05-06 15:05:00,187.89,187.89,187.84,187.84,288
2026-05-06 15:15:00,187.55,188.005,187.55,187.95,520
2026-05-06 15:20:00,188.06,188.06,188.06,188.06,400
2026-05-06 15:45:00,188.39,188.39,188.075,188.075,358
2026-05-06 15:50:00,188.105,188.105,188.105,188.105,200
2026-05-06 15:55:00,188.24,188.42,188.16,188.42,684
2026-05-06 16:00:00,188.49,188.49,188.49,188.49,100
2026-05-07 09:30:00,188.73,188.73,186.6301,186.6301,23625
2026-05-07 09:35:00,186.72,187.24,186.42,186.45,40640
2026-05-07 09:40:00,186.43,186.43,185.89,186.01,5600
2026-05-07 09:45:00,185.97,186.18,185.1776,185.54,22469
2026-05-07 09:50:00,185.72,186.17,185.7,185.94,7111
2026-05-07 09:55:00,186.23,186.23,185.17,185.48,14807
2026-05-07 10:00:00,185.78,185.885,185.5,185.55,14598
2026-05-07 10:05:00,185.57,185.8577,185.55,185.59,4793
2026-05-07 10:10:00,185.87,186.455,185.83,186.4,13759
2026-05-07 10:15:00,186.395,186.58,185.89,186.235,5050
2026-05-07 10:20:00,185.91,186.21,185.905,186.105,5532
2026-05-07 10:25:00,185.95,186.26,185.95,186.16,2800
2026-05-07 10:30:00,186.25,186.53,186.23,186.48,6757
2026-05-07 10:35:00,186.54,186.79,186.3,186.79,4300
2026-05-07 10:45:00,186.275,186.275,186.25,186.27,2395
2026-05-07 10:55:00,186.7,186.7,186.455,186.49,3912
2026-05-07 11:10:00,186.225,186.5,186,186.5,2900
2026-05-07 11:15:00,186.1953,186.1953,186.1953,186.1953,107
2026-05-07 11:20:00,185.88,186.06,185.615,185.795,5380
2026-05-07 11:25:00,185.51,185.76,185.51,185.71,5093
2026-05-07 11:30:00,185.8,186.2,185.78,185.8275,9500
2026-05-07 11:35:00,185.57,185.9,185.57,185.6,3234
2026-05-07 11:40:00,185.795,185.82,185.64,185.82,912
2026-05-07 11:45:00,185.605,185.605,185.605,185.605,300
2026-05-07 11:50:00,185.22,185.355,185.02,185.3,9924
2026-05-07 11:55:00,185.14,185.18,184.62,184.64,8234
2026-05-07 12:00:00,184.495,184.76,184.495,184.75,4157
2026-05-07 12:05:00,184.18,184.38,184.16,184.38,700
2026-05-07 12:15:00,183.8,183.96,183.66,183.72,12000
2026-05-07 12:20:00,183.51,183.87,183.51,183.71,5900
2026-05-07 12:25:00,184.05,184.16,183.855,184.16,10883
2026-05-07 12:30:00,184.24,184.24,184.165,184.17,900
2026-05-07 12:35:00,184.11,184.29,183.73,183.73,9242
2026-05-07 12:40:00,183.71,183.71,183.65,183.65,1100
2026-05-07 12:45:00,183.83,183.83,183.3,183.37,2351
2026-05-07 12:55:00,183.53,183.53,183.53,183.53,151
2026-05-07 13:05:00,183.69,183.875,183.63,183.7,6841
2026-05-07 13:10:00,183.235,183.35,182.8736,183.35,4843
2026-05-07 13:15:00,183.28,183.285,182.89,182.89,1200
2026-05-07 13:20:00,182.87,183.46,182.5,183.28,7873
2026-05-07 13:25:00,183.37,183.37,182.58,182.92,3395
2026-05-07 13:30:00,182.34,182.47,182.34,182.47,3700
2026-05-07 13:35:00,182.99,183.32,182.99,183.18,2882
2026-05-07 13:55:00,183.155,183.165,183.155,183.165,200
2026-05-07 14:05:00,184.1,184.29,183.96,184.22,8528
2026-05-07 14:10:00,183.93,183.93,183.93,183.93,450
2026-05-07 14:15:00,184.27,184.45,184.19,184.36,13211
2026-05-07 14:20:00,184.19,184.39,184.07,184.33,8576
2026-05-07 14:25:00,184.07,184.07,184.07,184.07,150
2026-05-07 14:30:00,184.37,184.37,184.16,184.16,200
2026-05-07 14:35:00,184.07,184.16,183.94,183.96,2452
2026-05-07 14:40:00,183.42,183.46,183.42,183.46,2000
2026-05-07 14:45:00,183.695,183.695,183.57,183.57,2164
2026-05-07 14:55:00,183.81,183.85,183.65,183.77,4250
2026-05-07 15:00:00,183.4752,183.82,183.4752,183.82,400
2026-05-07 15:05:00,183.59,183.59,183.585,183.585,200
2026-05-07 15:15:00,183.7,183.7,183.7,183.7,100
2026-05-07 15:25:00,183.35,183.35,183.35,183.35,100
2026-05-07 15:35:00,183.87,183.87,183.59,183.59,278
2026-05-07 15:40:00,184.29,184.29,184.075,184.075,459
2026-05-07 15:45:00,184.055,184.1799,184.04,184.1799,938
2026-05-07 15:50:00,184.03,184.05,183.9,183.9,1377
2026-05-07 15:55:00,184.055,184.28,183.91,184.26,1781
2026-05-07 16:00:00,183.84,183.84,183.84,183.84,435
2026-05-08 07:00:00,186,186,186,186,100
2026-05-08 08:45:00,188.26,188.26,188.26,188.26,500
2026-05-08 09:30:00,185.71,185.71,185.03,185.19,6191
2026-05-08 09:35:00,185.13,185.13,184.67,184.79,4400
2026-05-08 09:40:00,185.55,185.55,184.9401,185.3,2500
2026-05-08 09:45:00,185.36,185.4,185.14,185.16,6000
2026-05-08 09:50:00,185.035,185.035,184.915,184.985,4375
2026-05-08 09:55:00,185.015,185.03,184.46,184.46,5571
2026-05-08 10:00:00,184.86,185.04,184.86,184.9,6000
2026-05-08 10:05:00,184.91,185.14,184.91,185.02,2270
2026-05-08 10:10:00,184.53,184.53,184.53,184.53,216
2026-05-08 10:15:00,185.13,185.55,185.13,185.55,14906
2026-05-08 10:30:00,184.53,185.11,184.53,185.07,7121
2026-05-08 10:35:00,185.13,185.13,185.05,185.08,4100
2026-05-08 10:40:00,184.93,185.32,184.93,185.32,594
2026-05-08 10:55:00,185.53,185.53,185.19,185.25,3924
2026-05-08 11:00:00,185.1,185.1,185.1,185.1,1942
2026-05-08 11:10:00,184.84,184.84,184.47,184.47,260
2026-05-08 11:15:00,184.29,184.39,184.26,184.31,4600
2026-05-08 11:20:00,184.4,184.445,184.35,184.445,420
2026-05-08 11:30:00,184.255,184.66,184.255,184.66,1712
2026-05-08 11:35:00,184.49,184.63,184.45,184.59,5100
2026-05-08 11:40:00,184.44,184.44,184.44,184.44,13891
2026-05-08 11:45:00,184.13,184.41,184.13,184.36,8000
2026-05-08 11:50:00,184.285,184.62,184.285,184.62,2200
2026-05-08 11:55:00,184.7,184.7,184.31,184.31,5756
2026-05-08 12:00:00,184.67,184.67,184.61,184.61,4000
2026-05-08 12:05:00,184.54,184.54,184.54,184.54,155
2026-05-08 12:15:00,184.06,184.1,184.06,184.1,2000
2026-05-08 12:20:00,184.34,184.34,184.21,184.22,3482
2026-05-08 12:25:00,184.45,184.53,184.36,184.47,5930
2026-05-08 12:30:00,184.5,184.5,184.4486,184.4486,225
2026-05-08 12:35:00,184.61,184.61,184.57,184.57,200
2026-05-08 12:40:00,184.53,184.585,184.23,184.35,4507
2026-05-08 12:50:00,184.3512,184.3512,184.01,184.01,2665
2026-05-08 12:55:00,184.17,184.25,184.09,184.1,5550
2026-05-08 13:00:00,183.96,184,183.7827,183.9,4462
2026-05-08 13:05:00,183.87,183.965,183.6367,183.6367,2600
2026-05-08 13:10:00,184,184.14,184,184.1,5975
2026-05-08 13:20:00,184.0686,184.57,184.0686,184.57,4034
2026-05-08 13:25:00,184.65,184.83,184.63,184.68,13182
2026-05-08 13:40:00,184.64,184.72,184.64,184.7,1924
2026-05-08 14:00:00,185.135,185.135,184.87,184.87,749
2026-05-08 14:05:00,185.37,185.57,185.3,185.57,4741
2026-05-08 14:10:00,185.75,185.75,185.65,185.71,1864
2026-05-08 14:15:00,185.72,185.72,185.57,185.58,18816
2026-05-08 14:20:00,185.58,185.67,185.58,185.67,362
2026-05-08 14:30:00,185.36,185.43,185.33,185.39,1910
2026-05-08 14:35:00,185.27,185.31,185.23,185.29,12676
2026-05-08 14:40:00,185.22,185.44,185.05,185.05,1118
2026-05-08 14:45:00,184.92,184.92,184.92,184.92,106
2026-05-08 14:50:00,185.29,185.29,185.24,185.24,2000
2026-05-08 15:00:00,184.48,184.48,184.48,184.48,119
2026-05-08 15:05:00,184.915,185.21,184.915,185.15,6298
2026-05-08 15:10:00,185.15,185.28,185.08,185.28,700
2026-05-08 15:15:00,185.155,185.28,185.155,185.2,2190
2026-05-08 15:45:00,185.215,185.3,185.215,185.3,480
2026-05-08 15:50:00,185.3,185.3,185.3,185.3,316
2026-05-08 15:55:00,185.56,185.59,185.4,185.4,611
2026-05-08 16:00:00,185.68,185.68,185.68,185.68,147
2026-05-11 07:20:00,181.9894,181.9894,181.9894,181.9894,300
2026-05-11 09:30:00,185.98,186.44,185.98,186.34,2866
2026-05-11 09:35:00,186.06,186.88,186.06,186.7,9084
2026-05-11 09:40:00,186.78,187.28,186.66,187.17,10200
2026-05-11 09:45:00,187.51,187.73,187.29,187.71,8322
2026-05-11 09:50:00,187.87,188.41,187.85,188.2676,6361
2026-05-11 09:55:00,188.35,188.56,188.35,188.45,4450
2026-05-11 10:00:00,188.57,188.73,188.45,188.73,6300
2026-05-11 10:05:00,188.9699,188.9699,188.4901,188.4901,2600
2026-05-11 10:10:00,188.845,189.09,188.795,189.09,2600
2026-05-11 10:15:00,189.345,189.36,189.14,189.3,5546
2026-05-11 10:20:00,189.3,189.42,189.3,189.405,3600
2026-05-11 10:25:00,189.5,189.5,189.225,189.28,2200
2026-05-11 10:30:00,188.94,189.1,188.4,188.87,10108
2026-05-11 10:35:00,189.29,189.29,189.11,189.13,1966
2026-05-11 10:45:00,189.125,189.125,188.71,188.9,4192
2026-05-11 10:50:00,189.18,189.22,189.18,189.22,200
2026-05-11 10:55:00,189.34,189.34,188.5901,189.08,2908
2026-05-11 11:00:00,189.085,189.42,189.085,189.27,800
2026-05-11 11:10:00,189.28,189.28,188.9501,188.9501,2100
2026-05-11 11:15:00,189.165,189.165,188.88,188.88,2900
2026-05-11 11:20:00,189,189.265,189,189.05,10888
2026-05-11 11:25:00,189.25,189.25,189.12,189.12,2200
2026-05-11 11:30:00,189.25,189.25,189.25,189.25,100
2026-05-11 11:35:00,189.27,189.27,188.86,188.8625,1022
2026-05-11 11:40:00,188.85,188.85,188.84,188.84,200
2026-05-11 11:45:00,188.83,188.83,188.83,188.83,200
2026-05-11 11:50:00,188.815,188.815,188.815,188.815,416
2026-05-11 11:55:00,188.58,188.58,188.455,188.455,200
2026-05-11 12:00:00,188.46,188.65,188.46,188.65,500
2026-05-11 12:05:00,188.7,188.7,188.335,188.335,1000
2026-05-11 12:10:00,188.25,188.6,188.19,188.445,7428
2026-05-11 12:15:00,188.62,188.67,188.3301,188.345,3053
2026-05-11 12:20:00,188.56,188.56,188.235,188.405,700
2026-05-11 12:25:00,188.41,188.5,188.4,188.41,600
2026-05-11 12:30:00,188.41,188.5,188.41,188.5,500
2026-05-11 12:35:00,188.61,188.63,188.425,188.49,4826
2026-05-11 12:40:00,188.35,188.35,187.68,187.87,3496
2026-05-11 12:45:00,187.97,188.33,187.965,188.025,5780
2026-05-11 12:50:00,188.2,188.285,187.81,187.86,3200
2026-05-11 12:55:00,188.07,188.19,187.875,187.935,2829
2026-05-11 13:00:00,187.965,188.125,187.91,188.02,1200
2026-05-11 13:05:00,187.865,187.97,187.79,187.97,600
2026-05-11 13:10:00,187.98,188.19,187.86,187.995,800
2026-05-11 13:15:00,188.19,188.33,188,188.24,1753
2026-05-11 13:20:00,187.99,188.63,187.99,188.6,4621
2026-05-11 13:25:00,188.615,188.74,188.615,188.71,3060
2026-05-11 13:30:00,188.68,188.92,188.68,188.725,3000
2026-05-11 13:35:00,188.725,189.19,188.725,188.87,1721
2026-05-11 13:40:00,188.685,189.2,188.685,189.09,2890
2026-05-11 13:45:00,188.875,189.1,188.765,188.765,1400
2026-05-11 13:50:00,188.76,188.85,188.55,188.55,7566
2026-05-11 13:55:00,188.57,188.57,188.33,188.41,3173
2026-05-11 14:00:00,188.64,188.64,188.305,188.575,4590
2026-05-11 14:05:00,188.345,188.69,188.345,188.69,600
2026-05-11 14:10:00,188.665,188.665,188.49,188.59,1207
2026-05-11 14:15:00,188.49,188.665,188.44,188.61,1146
2026-05-11 14:20:00,188.5,188.785,188.5,188.785,708
2026-05-11 14:25:00,188.67,188.735,188.605,188.73,1200
2026-05-11 14:30:00,188.74,188.74,188.56,188.615,500
2026-05-11 14:35:00,188.63,188.76,188.62,188.76,500
2026-05-11 14:40:00,188.38,188.56,188.33,188.43,1880
2026-05-11 14:45:00,188.5,188.57,188.5,188.57,900
2026-05-11 14:50:00,188.545,188.79,188.2401,188.63,2221
2026-05-11 14:55:00,188.585,188.585,188.09,188.09,2108
2026-05-11 15:00:00,188.06,188.26,188.06,188.175,552
2026-05-11 15:05:00,188.16,188.55,188.16,188.41,1617
2026-05-11 15:10:00,188.265,188.34,187.97,188.34,1382
2026-05-11 15:20:00,187.76,187.87,187.76,187.8,713
2026-05-11 15:25:00,187.44,187.67,187.23,187.33,22716
2026-05-11 15:30:00,187.3,187.57,187.3,187.56,353
2026-05-11 15:35:00,187.43,187.45,187.43,187.45,600
2026-05-11 15:40:00,187.82,187.82,187.565,187.565,450
2026-05-11 15:45:00,187.465,187.49,187.23,187.23,400
2026-05-11 15:50:00,187.11,187.23,187.11,187.205,709
2026-05-11 15:55:00,187.345,187.55,187.345,187.55,661
2026-05-11 16:00:00,187.21,187.21,187.21,187.21,371
2026-05-12 09:30:00,186.19,186.585,185.4607,186.05,12397
2026-05-12 09:35:00,185.97,186.33,185.67,186.07,8643
2026-05-12 09:40:00,186.1,186.1,186.1,186.1,100
2026-05-12 09:45:00,186.32,186.32,185.6,185.64,4100
2026-05-12 09:50:00,184.81,185.48,184.81,185.48,6776
2026-05-12 09:55:00,184.65,184.88,184.62,184.69,6133
2026-05-12 10:00:00,184.53,184.65,184.45,184.47,5985
2026-05-12 10:05:00,185.43,185.72,185.18,185.72,7894
2026-05-12 10:10:00,185.76,185.76,185.76,185.76,868
2026-05-12 10:15:00,185.46,185.46,185.34,185.34,2400
2026-05-12 10:25:00,184.22,184.5,183.99,184.38,6451
2026-05-12 10:30:00,184.01,184.01,183.4,183.64,4720
2026-05-12 10:35:00,183.26,183.98,183.26,183.84,6139
2026-05-12 10:40:00,184.28,184.28,184.12,184.14,1989
2026-05-12 10:45:00,183.62,183.91,183.62,183.91,4100
2026-05-12 10:50:00,183.07,183.64,183.07,183.64,3816
2026-05-12 10:55:00,183.69,183.69,183.46,183.46,427
2026-05-12 11:00:00,183.44,183.47,183.44,183.47,1560
2026-05-12 11:10:00,183.14,183.14,183.14,183.14,100
2026-05-12 11:15:00,182.89,182.89,182.54,182.72,6986
2026-05-12 11:20:00,182.45,182.45,182.45,182.45,280
2026-05-12 11:25:00,182.097,182.66,182.097,182.17,437
2026-05-12 11:30:00,182.43,182.79,182.32,182.7,7880
2026-05-12 11:35:00,182.83,182.83,182.83,182.83,252
2026-05-12 11:40:00,183.27,183.27,182.66,182.87,900
2026-05-12 11:45:00,183.09,183.11,182.865,182.985,5400
2026-05-12 11:50:00,182.595,182.595,182.595,182.595,366
2026-05-12 11:55:00,182.09,182.19,181.89,182.01,6612
2026-05-12 12:00:00,182,182.63,182,182.41,9113
2026-05-12 12:05:00,182.0201,182.42,182.0201,182.42,600
2026-05-12 12:10:00,182.3,182.3,182.24,182.24,373
2026-05-12 12:15:00,182.7,182.7,182.52,182.52,2000
2026-05-12 12:20:00,182.13,182.13,182.13,182.13,100
2026-05-12 12:25:00,182.3,182.3,181.965,182.145,5055
2026-05-12 12:35:00,182.23,182.23,181.817,181.91,4610
2026-05-12 12:40:00,181.49,181.9078,181.49,181.9078,2520
2026-05-12 12:45:00,181.65,181.71,181.65,181.71,2200
2026-05-12 12:50:00,181.51,181.55,181.51,181.53,2332
2026-05-12 12:55:00,181.77,181.81,181.69,181.81,886
2026-05-12 13:00:00,182.31,182.31,182.07,182.19,1945
2026-05-12 13:05:00,182.375,182.75,182.375,182.65,3625
2026-05-12 13:10:00,182.74,183.3,182.71,183.16,10709
2026-05-12 13:15:00,182.9601,183.456,182.9601,183.456,640
2026-05-12 13:25:00,183.84,183.93,183.695,183.93,2902
2026-05-12 13:30:00,184.04,184.2,184.03,184.2,2098
2026-05-12 13:35:00,184.005,184.005,184.005,184.005,100
2026-05-12 13:40:00,184.1799,184.1799,183.71,183.79,6248
2026-05-12 13:45:00,183.99,184.005,183.99,184.005,300
2026-05-12 13:55:00,184.15,184.15,184.15,184.15,339
2026-05-12 14:00:00,184.38,184.38,184.24,184.24,2550
2026-05-12 14:05:00,184.38,184.38,184.38,184.38,200
2026-05-12 14:10:00,184.3,184.3,184.3,184.3,238
2026-05-12 14:15:00,184.41,184.41,184.41,184.41,600
2026-05-12 14:20:00,184.35,184.62,184.35,184.62,1614
2026-05-12 14:25:00,184.76,184.76,184.5,184.5,200
2026-05-12 14:35:00,184.79,184.805,184.6184,184.6184,1400
2026-05-12 14:40:00,184.3901,184.3901,184.3901,184.3901,181
2026-05-12 14:55:00,184.46,184.46,184.46,184.46,100
2026-05-12 15:00:00,183.7401,183.98,183.7401,183.98,318
2026-05-12 15:05:00,184.32,184.32,184.32,184.32,167
2026-05-12 15:15:00,184.67,184.67,184.67,184.67,325
2026-05-12 15:25:00,184.35,184.35,184.35,184.35,1600
2026-05-12 15:35:00,185.35,185.35,185.33,185.33,1931
2026-05-12 15:45:00,185.49,185.49,185.49,185.49,211
2026-05-12 15:50:00,185.395,185.395,185.395,185.395,100
2026-05-12 15:55:00,185.43,185.43,185.43,185.43,100
2026-05-12 16:00:00,185.25,185.25,185.25,185.25,227
2026-05-12 19:45:00,182.3502,182.3502,182.3502,182.3502,300
2026-05-13 09:30:00,186.02,186.02,185,185.32,2780
2026-05-13 09:35:00,185.16,185.55,184.58,184.605,13011
2026-05-13 09:40:00,184.5,184.83,184,184,7525
2026-05-13 09:45:00,183.96,184.1,183.6,183.84,10237
2026-05-13 09:50:00,183.6,184.404,183.6,184.404,2432
2026-05-13 09:55:00,184.8,184.8,184.07,184.22,4435
2026-05-13 10:00:00,184.28,184.28,184.28,184.28,200
2026-05-13 10:05:00,184.365,184.365,183.75,184.08,5419
2026-05-13 10:10:00,184.31,184.31,184.17,184.17,209
2026-05-13 10:15:00,184.19,184.19,184.19,184.19,200
2026-05-13 10:20:00,184.12,184.65,184.12,184.53,2617
2026-05-13 10:25:00,184.87,184.87,184.6,184.77,2000
2026-05-13 10:30:00,184.61,185.18,184.61,185.06,6288
2026-05-13 10:35:00,184.64,185.1,184.52,184.725,4822
2026-05-13 10:40:00,184.9,184.91,184.82,184.82,2100
2026-05-13 10:45:00,184.84,184.855,184.84,184.855,319
2026-05-13 10:50:00,184.71,185.22,184.61,185.16,6000
2026-05-13 10:55:00,185.38,185.4,185.05,185.05,730
2026-05-13 11:00:00,184.8752,185,184.8752,185,351
2026-05-13 11:05:00,184.73,184.73,184.73,184.73,100
2026-05-13 11:15:00,184.98,185.08,184.98,185.06,2594
2026-05-13 11:25:00,184.86,185.1,184.76,185.08,7909
2026-05-13 11:35:00,185.1,185.3,185.1,185.18,2300
2026-05-13 11:45:00,185.08,185.08,185.06,185.06,2000
2026-05-13 11:50:00,185.105,185.105,185.105,185.105,150
2026-05-13 11:55:00,184.49,184.725,184.49,184.725,1915
2026-05-13 12:10:00,185.13,185.13,185.13,185.13,887
2026-05-13 12:15:00,185.35,185.43,185.35,185.43,500
2026-05-13 12:20:00,185.47,185.98,185.47,185.9725,2187
2026-05-13 12:25:00,185.9,185.9,185.9,185.9,1000
2026-05-13 12:30:00,185.79,186.24,185.75,186.24,5977
2026-05-13 12:35:00,186.27,186.27,186.03,186.03,250
2026-05-13 12:40:00,186.31,186.31,186.11,186.11,2200
2026-05-13 13:00:00,186.13,186.15,186.13,186.15,300
2026-05-13 13:25:00,186.035,186.27,186.035,186.27,200
2026-05-13 13:30:00,186.235,186.235,186.235,186.235,200
2026-05-13 13:35:00,186.4499,186.4499,186.4499,186.4499,100
2026-05-13 13:50:00,186.54,186.55,186.39,186.55,2100
2026-05-13 13:55:00,186.545,186.545,186.545,186.545,100
2026-05-13 14:00:00,186.535,186.535,186.405,186.405,260
2026-05-13 14:05:00,186.65,186.65,186.65,186.65,109
2026-05-13 14:15:00,186.88,187.06,186.88,186.9,2200
2026-05-13 14:20:00,186.985,187.15,186.985,187.15,707
2026-05-13 14:30:00,186.88,186.88,186.88,186.88,100
2026-05-13 14:35:00,186.8,186.8,186.8,186.8,100
2026-05-13 14:45:00,186.96,186.96,186.96,186.96,218
2026-05-13 14:50:00,187.13,187.13,187.13,187.13,100
2026-05-13 14:55:00,186.975,186.9751,186.975,186.9751,363
2026-05-13 15:00:00,186.95,186.95,186.75,186.75,2000
2026-05-13 15:05:00,186.8,186.8,186.8,186.8,175
2026-05-13 15:10:00,187.22,187.22,187.22,187.22,1940
2026-05-13 15:15:00,187.3333,187.3333,187.3333,187.3333,400
2026-05-13 15:20:00,187.235,187.235,187.235,187.235,125
2026-05-13 15:25:00,187.04,187.04,186.8518,186.8518,315
2026-05-13 15:30:00,187.155,187.16,187.135,187.135,580
2026-05-13 15:35:00,187.255,187.255,187.255,187.255,106
2026-05-13 15:50:00,186.59,186.59,186.59,186.59,134
2026-05-13 15:55:00,186.72,186.76,186.72,186.76,973
2026-05-13 16:00:00,186.67,186.67,186.67,186.67,231
2026-05-13 17:05:00,189.3399,189.3399,189.3399,189.3399,250
2026-05-14 09:25:00,187.91,187.91,187.91,187.91,100
2026-05-14 09:30:00,186.86,186.86,185.84,186.17,14595
2026-05-14 09:35:00,186,186,185.64,185.78,10018
2026-05-14 09:40:00,185.95,185.95,185.08,185.15,17701
2026-05-14 09:45:00,185.35,185.86,185.35,185.6,4000
2026-05-14 09:50:00,185.9,185.9,185.56,185.8,2403
2026-05-14 09:55:00,185.82,185.92,185,185,11656
2026-05-14 10:00:00,185.32,185.89,185.3,185.79,9041
2026-05-14 10:05:00,186.295,186.575,186.295,186.56,1600
2026-05-14 10:10:00,186.53,186.71,186.31,186.49,4910
2026-05-14 10:15:00,186.66,186.66,186.66,186.66,100
2026-05-14 10:20:00,186.44,186.45,186.28,186.28,500
2026-05-14 10:25:00,186.435,186.435,186.435,186.435,100
2026-05-14 10:30:00,186.32,186.32,185.94,185.96,744
2026-05-14 10:35:00,186.54,186.54,186.42,186.43,2900
2026-05-14 10:40:00,186.5,186.5,186.5,186.5,100
2026-05-14 10:45:00,186.52,186.97,186.4,186.97,3100
2026-05-14 10:50:00,186.92,187.175,186.89,187.13,5918
2026-05-14 10:55:00,187.29,187.39,186.94,186.9525,3527
2026-05-14 11:00:00,187.01,187.0425,186.71,187.0425,500
2026-05-14 11:05:00,186.94,187.08,186.855,187.05,726
2026-05-14 11:10:00,187.12,187.255,187.12,187.24,1000
2026-05-14 11:15:00,187.17,187.43,187.16,187.43,1516
2026-05-14 11:20:00,187.7999,187.7999,187.7999,187.7999,117
2026-05-14 11:30:00,187.3,187.335,187.03,187.03,387
2026-05-14 11:35:00,187.335,187.6099,187.07,187.17,553
2026-05-14 11:40:00,187.165,187.165,187.165,187.165,200
2026-05-14 11:45:00,187.34,187.34,187.34,187.34,100
2026-05-14 11:50:00,187.51,187.51,187.44,187.44,400
2026-05-14 11:55:00,187.45,187.45,187.36,187.36,425
2026-05-14 12:00:00,187.58,187.8,187.39,187.8,600
2026-05-14 12:05:00,188.12,188.12,188.12,188.12,100
2026-05-14 12:10:00,188.14,188.32,188.14,188.32,230
2026-05-14 12:15:00,188.45,188.45,188.45,188.45,100
2026-05-14 12:20:00,188.09,188.09,188,188,400
2026-05-14 12:25:00,187.905,187.905,187.66,187.66,400
2026-05-14 12:40:00,187.52,187.52,187.5,187.5,800
2026-05-14 12:45:00,187.4,187.7,187.4,187.7,4620
2026-05-14 12:50:00,187.4,187.48,187.15,187.33,8434
2026-05-14 12:55:00,187.23,187.8,187.23,187.8,2200
2026-05-14 13:00:00,187.59,187.94,187.59,187.94,10831
2026-05-14 13:05:00,187.79,187.79,187.53,187.53,1400
2026-05-14 13:10:00,187.53,187.55,187.53,187.55,400
2026-05-14 13:15:00,187.05,187.22,187.05,187.22,281
2026-05-14 13:20:00,186.47,186.47,186.47,186.47,100
2026-05-14 13:25:00,186.4,186.59,186.4,186.59,407
2026-05-14 13:30:00,186.6,186.6,186.6,186.6,100
2026-05-14 14:00:00,187.08,187.19,186.45,186.45,633
2026-05-14 14:05:00,186.93,187.005,186.815,186.8275,3900
2026-05-14 14:15:00,187.33,187.685,187.33,187.685,1371
2026-05-14 14:20:00,187.69,187.69,187.62,187.63,2700
2026-05-14 14:25:00,187.28,187.28,187.18,187.18,200
2026-05-14 14:35:00,187.5,187.5,187.5,187.5,300
2026-05-14 14:45:00,187.2,187.2,187.2,187.2,100
2026-05-14 14:55:00,186.9,186.9,186.875,186.885,900
2026-05-14 15:10:00,186.985,186.985,186.86,186.87,1250
2026-05-14 15:20:00,186.91,187.195,186.91,187.195,261
2026-05-14 15:25:00,186.93,187.1,186.84,187.06,3893
2026-05-14 15:30:00,186.96,186.96,186.96,186.96,429
2026-05-14 15:40:00,187.47,187.595,186.98,187.2,6411
2026-05-14 15:50:00,187.165,187.256,187.0665,187.145,744
2026-05-14 15:55:00,187.15,187.29,186.975,187.1,3061
2026-05-14 16:00:00,186.88,186.88,186.88,186.88,254
2026-05-15 07:15:00,182.51,182.51,182.51,182.51,200
2026-05-15 09:30:00,183.54,183.54,182.49,182.63,958
2026-05-15 09:35:00,182.77,182.91,182.61,182.77,8390
2026-05-15 09:40:00,182.97,182.97,182.35,182.47,8536
2026-05-15 09:45:00,182,182.79,181.54,182.63,9385
2026-05-15 09:50:00,182.77,182.79,182.6,182.79,2200
2026-05-15 09:55:00,182.895,182.895,181.9738,181.9738,754
2026-05-15 10:00:00,182.13,182.13,182.13,182.13,109
2026-05-15 10:10:00,183.25,183.41,183.25,183.35,3022
2026-05-15 10:15:00,183.65,183.65,183.41,183.41,6000
2026-05-15 10:20:00,183.6301,183.6301,183.25,183.25,549
2026-05-15 10:30:00,182.5501,182.935,182.5501,182.935,324
2026-05-15 10:35:00,182.81,182.81,182.55,182.55,300
2026-05-15 10:40:00,182.89,182.89,182.89,182.89,109
2026-05-15 10:45:00,182.65,182.65,182.17,182.19,1768
2026-05-15 10:50:00,181.83,182.08,181.77,181.92,8200
2026-05-15 10:55:00,182.12,182.33,181.95,182.32,7266
2026-05-15 11:00:00,181.955,181.955,181.955,181.955,110
2026-05-15 11:05:00,181.5701,182.06,181.5701,182.06,3352
2026-05-15 11:10:00,182.06,182.1,181.8794,182.04,3907
2026-05-15 11:15:00,181.75,181.75,181.72,181.72,378
2026-05-15 11:25:00,181.7,181.7,181.55,181.55,400
2026-05-15 11:30:00,181.79,182.075,181.79,181.97,4017
2026-05-15 11:50:00,181.59,181.59,181.295,181.43,2705
2026-05-15 11:55:00,181.45,181.59,181.43,181.43,400
2026-05-15 12:05:00,181.25,181.597,181.25,181.597,210
2026-05-15 12:10:00,181.22,181.41,181.22,181.41,500
2026-05-15 12:15:00,181.22,181.22,181.22,181.22,200
2026-05-15 12:20:00,181.53,181.685,181.53,181.685,1700
2026-05-15 12:25:00,181.5,181.5,181.5,181.5,200
2026-05-15 12:35:00,181.53,181.53,181.5,181.5,300
2026-05-15 12:40:00,181.47,181.47,181.47,181.47,111
2026-05-15 12:50:00,181.3,181.3,181.3,181.3,100
2026-05-15 12:55:00,181.0901,181.0901,181.0901,181.0901,100
2026-05-15 13:00:00,181.23,181.23,181.23,181.23,200
2026-05-15 13:05:00,181.49,181.69,181.3,181.465,2642
2026-05-15 13:10:00,181.6,181.6,181.6,181.6,550
2026-05-15 13:15:00,181.48,181.48,181.48,181.48,100
2026-05-15 13:20:00,181.8,181.93,181.8,181.93,325
2026-05-15 13:25:00,182.14,182.17,182.14,182.17,2000
2026-05-15 13:30:00,182.4891,182.4891,182.28,182.28,810
2026-05-15 13:40:00,182.06,182.06,182.06,182.06,100
2026-05-15 13:45:00,182.03,182.03,182.03,182.03,750
2026-05-15 13:50:00,182.0569,182.11,181.97,181.97,2215
2026-05-15 14:00:00,181.9701,182.48,181.9701,182.46,2136
2026-05-15 14:05:00,182.45,182.45,182.45,182.45,100
2026-05-15 14:15:00,182.13,182.13,181.85,181.85,3100
2026-05-15 14:20:00,182.03,182.2,181.96,182.2,3188
2026-05-15 14:35:00,181.85,182.05,181.85,182.02,2149
2026-05-15 14:40:00,181.98,182.275,181.98,182.275,3170
2026-05-15 14:50:00,182.575,182.575,182.575,182.575,235
2026-05-15 15:00:00,182.44,182.44,182.44,182.44,100
2026-05-15 15:05:00,182.03,182.0797,182.02,182.0797,516
2026-05-15 15:20:00,182.29,182.29,182.29,182.29,100
2026-05-15 15:35:00,182.3199,182.5,182.3199,182.5,5878
2026-05-15 15:40:00,182.525,182.525,182.45,182.45,534
2026-05-15 15:45:00,182.22,182.22,181.935,181.935,735
2026-05-15 15:50:00,181.9913,181.9913,181.845,181.845,1165
2026-05-15 16:00:00,181.94,181.94,181.94,181.94,257
2026-05-15 17:05:00,181.94,181.94,181.94,181.94,138
2026-05-15 18:55:00,181.7,181.7,181.7,181.7,100
2026-05-18 09:30:00,181.88,182.09,181.34,181.64,6830
2026-05-18 09:35:00,181.84,181.84,180.37,180.55,4599
2026-05-18 09:40:00,180.68,180.68,180.01,180.07,4312
2026-05-18 09:45:00,179.78,180.9,179.7619,180.59,21399
2026-05-18 09:50:00,180.64,181.76,180.64,181.515,5404
2026-05-18 09:55:00,181.01,181.02,180.96,181.02,3910
2026-05-18 10:00:00,180.32,180.48,180.32,180.48,2000
2026-05-18 10:05:00,180.57,180.83,180.57,180.76,300
2026-05-18 10:10:00,180.66,180.66,180.62,180.63,400
2026-05-18 10:15:00,180.32,181.06,180.08,180.16,738
2026-05-18 10:20:00,180.1,180.14,180,180.14,300
2026-05-18 10:25:00,179.9401,180.24,179.55,179.61,2818
2026-05-18 10:30:00,179.72,179.72,178.92,178.94,6461
2026-05-18 10:35:00,179.065,179.66,179.065,179.66,2998
2026-05-18 10:40:00,179.7,179.94,179.7,179.78,1730
2026-05-18 10:45:00,179.3,179.315,179.175,179.22,2289
2026-05-18 10:50:00,179.0952,179.79,179.0952,179.66,5020
2026-05-18 10:55:00,179.23,179.5592,179.09,179.45,8815
2026-05-18 11:00:00,179.69,179.69,179.22,179.37,4880
2026-05-18 11:05:00,179.51,179.51,179.02,179.165,400
2026-05-18 11:10:00,178.785,179.49,178.785,179.49,500
2026-05-18 11:15:00,178.995,178.995,178.36,178.52,4325
2026-05-18 11:20:00,178.36,178.665,178.345,178.4,1000
2026-05-18 11:25:00,178.69,178.94,178.58,178.74,1245
2026-05-18 11:30:00,178.3101,178.64,178.125,178.125,19208
2026-05-18 11:35:00,178.205,178.7,178.205,178.49,1200
2026-05-18 11:40:00,178.48,178.69,178.36,178.36,4958
2026-05-18 11:45:00,178.36,178.475,178.02,178.475,400
2026-05-18 11:50:00,178.305,178.44,178.15,178.315,2800
2026-05-18 11:55:00,178.2501,178.73,178.21,178.43,4420
2026-05-18 12:00:00,178.13,178.36,178.13,178.21,4300
2026-05-18 12:05:00,178.08,178.11,178.08,178.11,400
2026-05-18 12:10:00,178.365,178.65,178.365,178.535,3200
2026-05-18 12:15:00,178.59,178.675,178.59,178.675,639
2026-05-18 12:20:00,178.92,179.29,178.54,178.54,900
2026-05-18 12:25:00,178.36,178.36,177.745,177.745,1800
2026-05-18 12:30:00,177.605,178.02,177.605,178.02,300
2026-05-18 12:35:00,177.745,178.23,177.745,178.23,400
2026-05-18 12:40:00,178.025,178.24,178.005,178.005,300
2026-05-18 12:45:00,178.045,178.25,178.015,178.0392,618
2026-05-18 12:50:00,178.095,178.685,178.095,178.685,400
2026-05-18 12:55:00,179.03,179.26,178.6564,178.6564,3100
2026-05-18 13:00:00,178.66,178.66,178.38,178.655,2400
2026-05-18 13:05:00,178.685,178.78,178.685,178.75,637
2026-05-18 13:10:00,178.52,178.75,178.39,178.39,493
2026-05-18 13:15:00,178.66,178.66,178.66,178.66,325
2026-05-18 13:25:00,178.37,178.37,178.08,178.105,696
2026-05-18 13:30:00,178.4,178.4273,178.4,178.4273,600
2026-05-18 13:35:00,178.39,178.39,178.015,178.015,735
2026-05-18 13:40:00,178.215,178.23,178.215,178.23,659
2026-05-18 13:45:00,177.99,177.99,177.97,177.97,400
2026-05-18 13:50:00,177.8,177.98,177.795,177.98,600
2026-05-18 13:55:00,178.2,178.2,178.2,178.2,100
2026-05-18 14:00:00,177.6,177.77,177.6,177.6,800
2026-05-18 14:10:00,177.82,177.82,177.6,177.6,400
2026-05-18 14:15:00,177.57,177.78,177.28,177.28,14775
2026-05-18 14:20:00,177.2,177.2,177.16,177.16,200
2026-05-18 14:25:00,176.92,177.17,176.92,177.16,625
2026-05-18 14:30:00,177.3,177.49,177.24,177.49,950
2026-05-18 14:35:00,177.195,177.195,177.11,177.11,300
2026-05-18 14:45:00,177.15,177.15,177.145,177.15,900
2026-05-18 14:50:00,177.07,177.17,177.07,177.17,500
2026-05-18 14:55:00,177.03,177.065,177.03,177.065,300
2026-05-18 15:00:00,177.31,178.555,177.31,178.555,925
2026-05-18 15:05:00,177.94,177.94,177.94,177.94,100
2026-05-18 15:10:00,178.16,178.235,178.16,178.235,250
2026-05-18 15:15:00,178.08,178.19,177.741,177.741,7066
2026-05-18 15:20:00,177.895,177.985,177.895,177.985,999
2026-05-18 15:25:00,177.33,177.61,177.33,177.59,1056
2026-05-18 15:30:00,177.615,177.68,177.615,177.66,600
2026-05-18 15:35:00,178.03,178.24,178.03,178.24,450
2026-05-18 15:40:00,178.5,178.59,178.5,178.59,600
2026-05-18 15:45:00,178.8,178.85,178.59,178.59,688
2026-05-18 15:50:00,178.795,178.87,178.78,178.86,712
2026-05-18 15:55:00,178.77,178.77,178.6,178.76,500
2026-05-18 16:00:00,178.55,178.55,178.55,178.55,258
2026-05-18 17:35:00,176.6529,176.6529,176.6529,176.6529,250
2026-05-18 19:55:00,176.65,176.65,176.65,176.65,113
2026-05-19 09:30:00,177.45,177.45,175.44,176.17,5156
2026-05-19 09:35:00,176.19,177.09,176.18,177.09,536
2026-05-19 09:40:00,176.45,176.45,176.25,176.33,4183
2026-05-19 09:45:00,175.92,176.12,175.92,176.11,845
2026-05-19 09:50:00,176.045,176.045,176.045,176.045,275
2026-05-19 09:55:00,176,176,175.64,175.64,2143
2026-05-19 10:00:00,175.69,175.71,175.69,175.71,309
2026-05-19 10:10:00,174.76,175.06,174.44,175.03,7880
2026-05-19 10:15:00,174.71,175,174.58,174.89,850
2026-05-19 10:20:00,174.655,174.655,174.655,174.655,100
2026-05-19 10:30:00,175.41,175.41,175.41,175.41,545
2026-05-19 10:35:00,175.21,175.49,175.21,175.315,1844
2026-05-19 10:40:00,175.535,175.535,174.94,174.94,1149
2026-05-19 10:45:00,175.25,175.25,175.22,175.22,200
2026-05-19 10:50:00,175.165,175.2,175.165,175.175,335
2026-05-19 10:55:00,175.17,175.17,175.17,175.17,100
2026-05-19 11:00:00,175.66,176.1887,175.66,176.1887,829
2026-05-19 11:05:00,175.425,175.425,175.425,175.425,376
2026-05-19 11:10:00,175.87,176.2,175.74,176.12,13491
2026-05-19 11:15:00,176.32,176.4099,175.94,175.94,4300
2026-05-19 11:20:00,175.81,175.815,175.81,175.81,780
2026-05-19 11:25:00,175.41,176.02,175.41,175.56,5843
2026-05-19 11:30:00,175.8,175.98,175.8,175.89,2200
2026-05-19 11:35:00,175.82,176.24,175.72,176.12,15985
2026-05-19 11:50:00,176.25,176.4298,176.25,176.27,4571
2026-05-19 11:55:00,176.2068,176.5,176.2068,176.5,287
2026-05-19 12:00:00,176.35,176.76,176.35,176.69,2694
2026-05-19 12:05:00,176.4975,176.4975,176.4975,176.4975,100
2026-05-19 12:25:00,176.72,176.72,176.72,176.72,100
2026-05-19 12:35:00,176.975,176.975,176.71,176.895,500
2026-05-19 12:40:00,177.03,177.03,177.03,177.03,100
2026-05-19 12:50:00,177.05,177.29,177.01,177.29,1161
2026-05-19 12:55:00,177.375,177.39,177.375,177.39,800
2026-05-19 13:00:00,177.4,177.53,177.4,177.53,200
2026-05-19 13:05:00,177.77,177.77,177.35,177.35,200
2026-05-19 13:10:00,177.82,177.82,177.82,177.82,564
2026-05-19 13:15:00,177.955,178.35,177.955,178.35,300
2026-05-19 13:20:00,178.31,178.31,178.29,178.29,225
2026-05-19 13:25:00,178.01,178.01,177.99,177.99,400
2026-05-19 13:35:00,177.81,177.81,177.81,177.81,100
2026-05-19 13:40:00,178.005,178.005,177.885,177.885,200
2026-05-19 13:45:00,177.84,177.84,177.84,177.84,300
2026-05-19 13:50:00,177.27,177.27,177.27,177.27,933
2026-05-19 13:55:00,177.25,177.55,177.25,177.55,200
2026-05-19 14:05:00,177.89,177.89,177.89,177.89,100
2026-05-19 14:10:00,178.235,178.235,177.85,177.99,400
2026-05-19 14:15:00,177.97,177.97,177.97,177.97,150
2026-05-19 14:20:00,177.7175,177.72,177.56,177.72,3310
2026-05-19 14:25:00,177.49,177.49,177.32,177.32,200
2026-05-19 14:30:00,177.33,177.33,177.33,177.33,100
2026-05-19 14:35:00,177.445,177.445,177.445,177.445,109
2026-05-19 14:40:00,177.41,177.41,177.41,177.41,100
2026-05-19 14:45:00,177.17,177.17,177.17,177.17,100
2026-05-19 14:55:00,176.63,176.73,176.63,176.73,520
2026-05-19 15:00:00,176.91,176.91,176.71,176.71,878
2026-05-19 15:05:00,176.71,176.71,176.71,176.71,100
2026-05-19 15:10:00,177.24,177.38,177.22,177.38,500
2026-05-19 15:20:00,177,177,176.85,176.85,200
2026-05-19 15:25:00,176.72,176.72,176.72,176.72,100
2026-05-19 15:30:00,176.87,176.87,176.87,176.87,847
2026-05-19 15:40:00,176.69,176.86,176.69,176.8,1910
2026-05-19 15:55:00,176.615,176.79,176.61,176.79,2157
2026-05-19 16:00:00,176.56,176.56,176.56,176.56,335
2026-05-20 09:30:00,177.47,178.05,177.47,178.04,472
2026-05-20 09:35:00,177.7,177.7,177.26,177.36,2236
2026-05-20 09:40:00,177.8,178.13,177.8,178.09,2465
2026-05-20 09:45:00,178.91,178.91,178.74,178.75,1338
2026-05-20 09:50:00,178.16,178.62,178.16,178.56,2100
2026-05-20 10:00:00,178.29,178.6,178.29,178.54,535
2026-05-20 10:05:00,178.56,178.56,178.33,178.55,1100
2026-05-20 10:10:00,178.12,178.12,178.07,178.09,1000
2026-05-20 10:15:00,178.58,179.43,178.58,179.43,3300
2026-05-20 10:20:00,179.315,180.25,179.315,180.23,2409
2026-05-20 10:25:00,179.97,179.97,179.97,179.97,200
2026-05-20 10:30:00,180.39,180.41,180.23,180.23,427
2026-05-20 10:40:00,180.08,180.16,180.08,180.16,200
2026-05-20 10:45:00,180.34,180.34,180.235,180.245,512
2026-05-20 10:50:00,179.89,180.19,179.8201,179.8201,2100
2026-05-20 10:55:00,180.47,180.7021,180.44,180.7021,2706
2026-05-20 11:00:00,180.76,180.76,180.2,180.28,2081
2026-05-20 11:05:00,180,180,180,180,100
2026-05-20 11:10:00,179.99,179.99,179.99,179.99,100
2026-05-20 11:15:00,180.21,181.25,180.21,180.92,5399
2026-05-20 11:25:00,179.83,179.97,179.81,179.83,4502
2026-05-20 11:30:00,180.25,180.3,180.25,180.25,2234
2026-05-20 11:35:00,180.6999,180.6999,180.6999,180.6999,172
2026-05-20 11:40:00,180.575,180.575,180.575,180.575,100
2026-05-20 12:00:00,181.04,181.04,181.04,181.04,100
2026-05-20 12:10:00,181.19,181.21,181.19,181.19,17109
2026-05-20 12:15:00,181.04,181.04,180.985,180.985,210
2026-05-20 12:20:00,180.63,180.63,180.41,180.53,3800
2026-05-20 12:30:00,180.45,180.45,180.39,180.39,700
2026-05-20 12:45:00,180.9349,180.9349,180.9349,180.9349,100
2026-05-20 13:10:00,180.84,180.86,180.69,180.7,670
2026-05-20 13:15:00,180.86,180.86,180.86,180.86,110
2026-05-20 13:50:00,180.64,180.9875,180.64,180.9875,1666
2026-05-20 14:05:00,181.2,181.25,181.2,181.25,540
2026-05-20 14:25:00,180.67,181.01,180.67,180.81,300
2026-05-20 14:30:00,180.95,180.95,180.95,180.95,200
2026-05-20 14:55:00,180.52,180.52,180.4,180.48,1600
2026-05-20 15:25:00,180.99,180.99,180.99,180.99,1000
2026-05-20 15:30:00,181.395,181.395,181.395,181.395,100
2026-05-20 15:50:00,181.245,181.245,181.245,181.245,141
2026-05-20 15:55:00,181.43,181.57,181.43,181.57,1124
2026-05-20 16:00:00,181.42,181.42,181.42,181.42,316
2026-05-20 18:30:00,180.3578,180.3578,180.3578,180.3578,400
2026-05-21 09:30:00,180.71,180.75,180.085,180.75,3507
2026-05-21 09:35:00,180.49,181.075,180.49,180.81,1385
2026-05-21 09:40:00,181.03,181.03,180.82,180.82,722
2026-05-21 09:50:00,181.1157,182.575,181.1157,182.575,4835
2026-05-21 09:55:00,182.57,182.625,182.24,182.25,3210
2026-05-21 10:00:00,182.79,183.15,182.67,183.125,2956
2026-05-21 10:15:00,182.88,183.195,182.88,183.195,745
2026-05-21 10:20:00,182.24,182.24,182.24,182.24,218
2026-05-21 10:30:00,183.21,183.21,183.21,183.21,19900
2026-05-21 10:45:00,182.21,182.21,182.21,182.21,100
2026-05-21 10:55:00,183.01,183.01,183.01,183.01,136
2026-05-21 11:10:00,182.03,182.03,182.03,182.03,100
2026-05-21 11:20:00,183.13,183.13,183.13,183.13,165
2026-05-21 11:25:00,182.7651,182.7651,182.7651,182.7651,100
2026-05-21 11:40:00,182.615,182.615,182.615,182.615,100
2026-05-21 11:45:00,182.56,183.11,182.56,183.035,780
2026-05-21 11:55:00,182.81,182.81,182.81,182.81,135
2026-05-21 12:00:00,182.9501,182.9501,182.9501,182.9501,112
2026-05-21 12:05:00,183.37,183.515,183.305,183.515,511
2026-05-21 12:20:00,183.19,183.4299,183.19,183.3,727
2026-05-21 12:30:00,183.07,183.24,183.07,183.24,200
2026-05-21 13:05:00,183.01,183.175,183.01,183.175,377
2026-05-21 13:10:00,183.25,183.25,183.25,183.25,125
2026-05-21 13:15:00,183.87,184.125,183.87,184.05,927
2026-05-21 13:20:00,184.48,184.57,184.48,184.49,400
2026-05-21 13:30:00,184.42,184.775,184.42,184.7725,1760
2026-05-21 13:40:00,184.805,184.805,184.805,184.805,100
2026-05-21 13:45:00,185.23,185.315,185.23,185.315,500
2026-05-21 13:55:00,185.655,185.97,185.625,185.64,1331
2026-05-21 14:00:00,185.04,185.5568,185.04,185.5568,846
2026-05-21 14:05:00,185.03,185.085,185.03,185.085,352
2026-05-21 14:10:00,185.08,185.32,185.08,185.08,800
2026-05-21 14:15:00,184.9,185.095,184.8501,184.8501,310
2026-05-21 14:25:00,185.3086,185.3086,185.3086,185.3086,300
2026-05-21 14:30:00,185.75,185.75,185.75,185.75,110
2026-05-21 14:40:00,185.76,185.76,185.76,185.76,100
2026-05-21 14:45:00,185.44,185.44,185.44,185.44,100
2026-05-21 14:50:00,184.91,185.035,184.54,184.54,1818
2026-05-21 15:05:00,184.985,185.26,184.915,185.11,2968
2026-05-21 15:10:00,185.11,185.525,185.11,185.525,600
2026-05-21 15:15:00,185.4,185.58,185.4,185.53,1820
2026-05-21 15:25:00,185.315,185.315,185.315,185.315,171
2026-05-21 15:30:00,185.4,185.46,185.28,185.28,13412
2026-05-21 15:35:00,185.48,185.56,185.34,185.56,390
2026-05-21 15:45:00,185.35,185.355,185.23,185.355,1600
2026-05-21 15:50:00,185.41,185.42,185.26,185.26,400
2026-05-21 16:00:00,185.31,185.31,185.31,185.31,367
2026-05-22 07:00:00,187.41,187.41,187.41,187.41,1000
2026-05-22 07:10:00,180.3445,180.3445,180.3445,180.3445,555
2026-05-22 07:50:00,180.4634,180.4634,180.4634,180.4634,445
2026-05-22 09:30:00,186.43,186.93,186.4,186.93,1238
2026-05-22 09:35:00,186.31,187.31,186.31,186.805,6050
2026-05-22 09:40:00,186.74,186.74,186.6,186.6,536
2026-05-22 09:50:00,186.16,186.98,186.16,186.98,3397
2026-05-22 09:55:00,186.92,187,186.8,186.8,3102
2026-05-22 10:00:00,187.52,187.52,187.52,187.52,100
2026-05-22 10:05:00,186.92,186.92,186.92,186.92,120
2026-05-22 10:10:00,186.55,186.92,186.55,186.565,483
2026-05-22 10:25:00,185.8851,185.8851,185.8851,185.8851,188
2026-05-22 10:35:00,186.9,186.935,186.84,186.87,2400
2026-05-22 10:45:00,186.835,186.835,186.8225,186.8225,500
2026-05-22 10:50:00,186.1401,186.93,186.1401,186.93,546
2026-05-22 10:55:00,187.01,187.035,186.69,186.99,2400
2026-05-22 11:05:00,186.68,186.68,186.28,186.495,2500
2026-05-22 11:10:00,186.51,186.51,186.51,186.51,100
2026-05-22 11:25:00,186.705,186.705,186.705,186.705,100
2026-05-22 11:45:00,186.895,186.895,186.895,186.895,114
2026-05-22 12:10:00,187,187,186.975,186.975,300
2026-05-22 12:15:00,186.74,186.74,186.74,186.74,100
2026-05-22 12:40:00,187,187.25,186.84,187,28273
2026-05-22 12:45:00,187,187.305,187,187.16,11421
2026-05-22 12:50:00,187.165,187.37,187.12,187.37,1500
2026-05-22 12:55:00,187.08,187.19,187.07,187.185,400
2026-05-22 13:05:00,187.085,187.29,187.085,187.29,1300
2026-05-22 13:10:00,187.19,187.435,187.19,187.435,318
2026-05-22 13:15:00,186.97,187.28,186.97,187.28,838
2026-05-22 13:25:00,187.22,187.54,187.22,187.54,1944
2026-05-22 13:30:00,187.57,187.57,187.57,187.57,200
2026-05-22 14:10:00,186.9501,186.9501,186.9501,186.9501,100
2026-05-22 14:20:00,187.375,187.565,187.375,187.565,473
2026-05-22 14:25:00,187.37,187.37,187.37,187.37,400
2026-05-22 14:35:00,187.31,187.31,187.31,187.31,533
2026-05-22 14:45:00,187.4,187.4,187.4,187.4,118
2026-05-22 15:00:00,187.32,187.345,187.05,187.075,745
2026-05-22 15:05:00,187.13,187.13,187.1,187.1,376
2026-05-22 15:10:00,187.41,187.41,187.16,187.16,1307
2026-05-22 15:15:00,187.18,187.18,187.18,187.18,100
2026-05-22 15:20:00,187,187.07,186.8452,186.91,1364
2026-05-22 15:30:00,186.81,186.81,186.63,186.63,26500
2026-05-22 15:45:00,186.5201,186.5201,186.5201,186.5201,165
2026-05-22 16:00:00,186.76,186.76,186.76,186.76,305