2026-04-07 08:50:00,75.7,75.7,75.7,75.7,396
2026-04-07 09:30:00,75.26,75.65,75.19,75.6,3523
2026-04-07 09:35:00,75.52,75.52,75.07,75.1,11963
2026-04-07 09:40:00,75.1,75.105,74.92,75.06,10678
2026-04-07 09:45:00,75.075,75.115,74.97,75.05,6752
2026-04-07 09:50:00,75.07,75.33,75.07,75.3,7600
2026-04-07 09:55:00,75.36,75.44,75.13,75.18,11496
2026-04-07 10:00:00,75.19,75.205,75.07,75.14,3300
2026-04-07 10:05:00,75.16,75.1999,74.88,74.95,19406
2026-04-07 10:10:00,74.94,75.14,74.93,75.1,9982
2026-04-07 10:15:00,75.1383,75.215,75.07,75.205,11316
2026-04-07 10:20:00,75.17,75.51,75.13,75.51,6091
2026-04-07 10:25:00,75.5,75.535,75.38,75.38,3388
2026-04-07 10:30:00,75.42,75.555,75.37,75.54,7920
2026-04-07 10:35:00,75.5,75.5,75.38,75.435,5722
2026-04-07 10:40:00,75.41,75.41,75.33,75.33,2000
2026-04-07 10:45:00,75.31,75.52,75.28,75.32,8085
2026-04-07 10:50:00,75.3188,75.32,75.2,75.28,2604
2026-04-07 10:55:00,75.27,75.29,75.23,75.23,6760
2026-04-07 11:00:00,75.18,75.22,75.08,75.15,4630
2026-04-07 11:05:00,75.15,75.16,74.95,75.02,5600
2026-04-07 11:10:00,75.0234,75.17,75,75.09,6825
2026-04-07 11:15:00,75.09,75.24,75,75.2,5247
2026-04-07 11:20:00,75.21,75.215,75.14,75.14,6379
2026-04-07 11:25:00,75.14,75.18,75.12,75.14,1667
2026-04-07 11:30:00,75.22,75.28,75.2,75.23,1533
2026-04-07 11:35:00,75.25,75.27,75.195,75.26,2008
2026-04-07 11:40:00,75.27,75.27,75.16,75.19,1513
2026-04-07 11:45:00,75.2,75.2,75.09,75.14,1504
2026-04-07 11:50:00,75.11,75.18,75.11,75.17,3038
2026-04-07 11:55:00,75.225,75.33,75.17,75.17,2630
2026-04-07 12:00:00,75.21,75.88,75.21,75.58,24464
2026-04-07 12:05:00,75.52,75.56,75.32,75.35,9072
2026-04-07 12:10:00,75.35,75.43,75.34,75.39,2860
2026-04-07 12:15:00,75.43,75.45,75.37,75.45,3990
2026-04-07 12:20:00,75.44,75.58,75.355,75.42,8133
2026-04-07 12:25:00,75.43,75.52,75.43,75.46,2450
2026-04-07 12:30:00,75.45,75.48,75.4,75.48,2275
2026-04-07 12:35:00,75.5,75.52,75.48,75.48,3110
2026-04-07 12:40:00,75.46,75.51,75.43,75.47,3604
2026-04-07 12:45:00,75.49,75.63,75.49,75.61,2871
2026-04-07 12:50:00,75.605,75.66,75.58,75.65,3224
2026-04-07 12:55:00,75.65,75.65,75.57,75.6101,2042
2026-04-07 13:00:00,75.61,75.63,75.5,75.63,9528
2026-04-07 13:05:00,75.61,75.61,75.54,75.57,1900
2026-04-07 13:10:00,75.55,75.58,75.52,75.55,4325
2026-04-07 13:15:00,75.54,75.54,75.44,75.44,9342
2026-04-07 13:20:00,75.455,75.46,75.41,75.45,2843
2026-04-07 13:25:00,75.45,75.45,75.38,75.41,3815
2026-04-07 13:30:00,75.41,75.485,75.41,75.48,2500
2026-04-07 13:35:00,75.52,75.78,75.52,75.68,11745
2026-04-07 13:40:00,75.65,75.65,75.56,75.56,1710
2026-04-07 13:45:00,75.54,75.54,75.37,75.37,2600
2026-04-07 13:50:00,75.39,75.47,75.39,75.46,720
2026-04-07 13:55:00,75.45,75.45,75.4,75.43,6816
2026-04-07 14:00:00,75.42,75.48,75.39,75.48,4268
2026-04-07 14:05:00,75.48,75.48,75.39,75.4,3104
2026-04-07 14:10:00,75.38,75.385,75.35,75.37,2261
2026-04-07 14:15:00,75.39,75.39,75.34,75.37,1744
2026-04-07 14:20:00,75.41,75.41,75.32,75.32,4549
2026-04-07 14:25:00,75.31,75.32,75.28,75.295,13111
2026-04-07 14:30:00,75.29,75.3125,75.27,75.305,5572
2026-04-07 14:35:00,75.31,75.31,75.19,75.21,4648
2026-04-07 14:40:00,75.21,75.23,75.15,75.17,7290
2026-04-07 14:45:00,75.19,75.2,75.09,75.1601,5767
2026-04-07 14:50:00,75.16,75.16,75.09,75.1,6243
2026-04-07 14:55:00,75.08,75.08,74.92,75.01,4600
2026-04-07 15:00:00,75,75.04,74.97,74.99,2856
2026-04-07 15:05:00,74.97,74.97,74.82,74.84,7160
2026-04-07 15:10:00,74.84,74.975,74.84,74.975,3790
2026-04-07 15:15:00,74.99,75.25,74.99,75.24,5627
2026-04-07 15:20:00,75.21,75.49,75.21,75.31,18105
2026-04-07 15:25:00,75.275,75.33,75.27,75.32,4050
2026-04-07 15:30:00,75.33,75.33,75.22,75.26,2362
2026-04-07 15:35:00,75.23,75.23,75.1601,75.17,3834
2026-04-07 15:40:00,75.15,75.19,75.13,75.15,3800
2026-04-07 15:45:00,75.15,75.7,75.15,75.49,31243
2026-04-07 15:50:00,75.51,75.58,75.49,75.515,6298
2026-04-07 15:55:00,75.52,75.52,75.39,75.39,9231
2026-04-07 16:00:00,75.39,75.58,75.38,75.58,8221
2026-04-07 18:30:00,75.72,75.95,75.64,75.95,4012
2026-04-07 18:45:00,77.21,77.21,77.21,77.21,125
2026-04-07 18:50:00,77.15,77.21,77.15,77.21,1272
2026-04-07 18:55:00,77.15,77.57,77.15,77.53,7329
2026-04-07 19:00:00,77.48,77.63,77.48,77.63,2260
2026-04-08 04:00:00,77.6,77.6,77.6,77.6,100
2026-04-08 06:25:00,78,78,78,78,100
2026-04-08 07:25:00,78.45,78.63,78.45,78.61,696
2026-04-08 07:35:00,78.6,78.6,78.5,78.5,983
2026-04-08 07:40:00,78.5,78.5,78.5,78.5,107
2026-04-08 08:10:00,78.62,78.62,78.62,78.62,100
2026-04-08 08:20:00,78.25,78.25,78.25,78.25,100
2026-04-08 08:45:00,78.8772,78.8772,78.8772,78.8772,100
2026-04-08 09:00:00,78.77,78.77,78.77,78.77,100
2026-04-08 09:10:00,78.74,78.74,78.74,78.74,200
2026-04-08 09:30:00,78.32,79.15,78.32,79.04,55562
2026-04-08 09:35:00,79.07,79.38,78.95,79.34,28835
2026-04-08 09:40:00,79.345,79.35,78.83,78.86,28094
2026-04-08 09:45:00,78.87,79.17,78.84,78.98,16165
2026-04-08 09:50:00,78.96,79,78.68,78.68,4730
2026-04-08 09:55:00,78.7,78.74,78.622,78.68,7112
2026-04-08 10:00:00,78.68,78.76,78.57,78.675,7067
2026-04-08 10:05:00,78.7,78.77,78.58,78.67,7077
2026-04-08 10:10:00,78.665,78.75,78.62,78.64,7298
2026-04-08 10:15:00,78.625,78.69,78.54,78.57,11484
2026-04-08 10:20:00,78.55,78.56,78.33,78.39,32531
2026-04-08 10:25:00,78.38,78.4,78.16,78.16,10611
2026-04-08 10:30:00,78.19,78.19,77.83,77.99,23354
2026-04-08 10:35:00,78.01,78.055,77.845,77.97,21280
2026-04-08 10:40:00,77.96,78.07,77.93,77.93,4000
2026-04-08 10:45:00,77.95,78,77.84,77.96,3200
2026-04-08 10:50:00,77.9,77.9,77.83,77.88,1059
2026-04-08 10:55:00,77.86,77.95,77.77,77.94,6976
2026-04-08 11:00:00,77.96,78.07,77.96,78.07,2724
2026-04-08 11:05:00,78.05,78.05,77.97,77.97,1481
2026-04-08 11:10:00,77.96,78.05,77.92,78.03,5330
2026-04-08 11:15:00,77.99,78.07,77.96,78.0299,1850
2026-04-08 11:20:00,78.05,78.1,77.99,78.02,2321
2026-04-08 11:25:00,78.02,78.05,77.94,77.95,1623
2026-04-08 11:30:00,77.93,77.95,77.865,77.95,4763
2026-04-08 11:35:00,77.94,78.02,77.9319,78,3578
2026-04-08 11:40:00,78.01,78.03,78,78.02,1000
2026-04-08 11:45:00,77.95,77.972,77.925,77.97,2502
2026-04-08 11:50:00,77.98,78.02,77.92,77.92,2680
2026-04-08 11:55:00,77.94,78.0401,77.94,77.98,1973
2026-04-08 12:00:00,77.97,78.07,77.97,77.99,2265
2026-04-08 12:05:00,77.99,78.01,77.96,77.97,2150
2026-04-08 12:10:00,77.98,77.99,77.93,77.94,2333
2026-04-08 12:15:00,77.96,77.97,77.885,77.92,3736
2026-04-08 12:20:00,77.91,77.915,77.82,77.82,3000
2026-04-08 12:25:00,77.82,77.86,77.82,77.86,400
2026-04-08 12:30:00,77.84,77.92,77.84,77.91,2065
2026-04-08 12:35:00,77.92,77.92,77.88,77.9,1100
2026-04-08 12:40:00,77.92,77.99,77.92,77.99,1660
2026-04-08 12:45:00,77.99,78.01,77.99,78,3181
2026-04-08 12:50:00,78.04,78.09,78.025,78.025,1278
2026-04-08 12:55:00,78,78,77.96,77.9807,1539
2026-04-08 13:00:00,77.98,77.98,77.94,77.94,1660
2026-04-08 13:05:00,77.93,77.9399,77.83,77.88,4649
2026-04-08 13:10:00,77.86,77.93,77.85,77.92,1950
2026-04-08 13:15:00,77.93,77.94,77.895,77.91,1500
2026-04-08 13:20:00,77.89,77.9,77.87,77.87,500
2026-04-08 13:25:00,77.82,77.8301,77.8,77.83,784
2026-04-08 13:30:00,77.865,77.865,77.83,77.83,1200
2026-04-08 13:35:00,77.79,77.87,77.74,77.81,39117
2026-04-08 13:40:00,77.82,77.9,77.82,77.9,1501
2026-04-08 13:45:00,77.92,78.01,77.92,78,3200
2026-04-08 13:50:00,77.99,78.015,77.98,78.01,2189
2026-04-08 13:55:00,78,78.01,77.99,78,900
2026-04-08 14:00:00,77.99,78.03,77.97,78.03,1600
2026-04-08 14:05:00,78.04,78.09,78.04,78.06,2081
2026-04-08 14:10:00,78.04,78.04,78.01,78.02,1800
2026-04-08 14:15:00,78.03,78.06,77.75,77.81,10504
2026-04-08 14:20:00,77.8,77.8,77.52,77.76,25610
2026-04-08 14:25:00,77.77,77.905,77.76,77.905,93141
2026-04-08 14:30:00,77.89,77.91,77.79,77.79,4325
2026-04-08 14:35:00,77.8,77.825,77.695,77.74,4162
2026-04-08 14:40:00,77.74,77.74,77.68,77.68,2334
2026-04-08 14:45:00,77.68,77.73,77.67,77.69,4357
2026-04-08 14:50:00,77.69,77.72,77.64,77.64,2266
2026-04-08 14:55:00,77.7,77.7,77.62,77.64,2600
2026-04-08 15:00:00,77.6,77.62,77.57,77.6,2603
2026-04-08 15:05:00,77.59,77.64,77.58,77.64,4099
2026-04-08 15:10:00,77.645,77.76,77.64,77.72,6334
2026-04-08 15:15:00,77.71,77.73,77.61,77.625,3389
2026-04-08 15:20:00,77.63,77.64,77.55,77.6,6243
2026-04-08 15:25:00,77.63,77.65,77.555,77.555,2883
2026-04-08 15:30:00,77.58,77.7,77.57,77.68,2502
2026-04-08 15:35:00,77.67,77.75,77.67,77.67,5501
2026-04-08 15:40:00,77.66,77.69,77.64,77.66,1632
2026-04-08 15:45:00,77.67,77.72,77.65,77.65,7978
2026-04-08 15:50:00,77.63,77.695,77.63,77.69,12085
2026-04-08 15:55:00,77.71,77.765,77.675,77.725,22769
2026-04-08 16:00:00,77.73,77.78,77.73,77.78,8124
2026-04-08 16:15:00,77.74,77.74,77.73,77.73,300
2026-04-08 17:40:00,78.3434,78.3434,78.3434,78.3434,100
2026-04-08 18:15:00,78.1469,78.1469,78.1469,78.1469,100
2026-04-09 04:00:00,77.64,77.64,77.64,77.64,100
2026-04-09 07:05:00,77.79,77.79,77.79,77.79,642
2026-04-09 07:55:00,77.135,77.135,77.135,77.135,1000
2026-04-09 09:30:00,77.5,77.57,77.47,77.5,4248
2026-04-09 09:35:00,77.485,77.75,77.441,77.67,7388
2026-04-09 09:40:00,77.69,77.95,77.69,77.93,5313
2026-04-09 09:45:00,77.92,78,77.73,77.86,6543
2026-04-09 09:50:00,77.84,77.9,77.805,77.87,5934
2026-04-09 09:55:00,77.86,77.87,77.75,77.84,7719
2026-04-09 10:00:00,77.82,77.83,77.6,77.64,7285
2026-04-09 10:05:00,77.62,77.69,77.6,77.65,4070
2026-04-09 10:10:00,77.65,77.65,77.37,77.38,2900
2026-04-09 10:15:00,77.4,77.43,77.24,77.26,3929
2026-04-09 10:20:00,77.23,77.37,77.22,77.308,7025
2026-04-09 10:25:00,77.32,77.32,77.24,77.25,2742
2026-04-09 10:30:00,77.245,77.33,77.17,77.21,16095
2026-04-09 10:35:00,77.24,77.25,77.17,77.18,2500
2026-04-09 10:40:00,77.21,77.24,77.14,77.14,2238
2026-04-09 10:45:00,77.13,77.15,77.1,77.1,10312
2026-04-09 10:50:00,77.08,77.1342,76.9,77.1342,12369
2026-04-09 10:55:00,77.14,77.2,77.13,77.14,6235
2026-04-09 11:00:00,77.14,77.15,76.96,76.96,7248
2026-04-09 11:05:00,76.935,77.03,76.88,77.02,10461
2026-04-09 11:10:00,77.05,77.09,77.01,77.08,1200
2026-04-09 11:15:00,77.17,77.2,77.1,77.13,2200
2026-04-09 11:20:00,77.17,77.17,77.04,77.08,3119
2026-04-09 11:25:00,77.13,77.14,77.11,77.14,1488
2026-04-09 11:30:00,77.13,77.6,77.11,77.55,56736
2026-04-09 11:35:00,77.57,77.63,77.29,77.32,28290
2026-04-09 11:40:00,77.32,77.48,77.32,77.46,4069
2026-04-09 11:45:00,77.51,77.63,77.51,77.61,16549
2026-04-09 11:50:00,77.575,77.62,77.57,77.62,1108
2026-04-09 11:55:00,77.64,77.68,77.64,77.68,962
2026-04-09 12:00:00,77.65,77.794,77.63,77.76,5460
2026-04-09 12:05:00,77.77,77.77,77.65,77.75,8709
2026-04-09 12:10:00,77.7,77.72,77.67,77.7,1359
2026-04-09 12:15:00,77.665,77.73,77.665,77.73,1748
2026-04-09 12:20:00,77.78,77.785,77.72,77.72,2246
2026-04-09 12:25:00,77.72,77.775,77.71,77.775,4619
2026-04-09 12:30:00,77.77,77.77,77.71,77.71,1460
2026-04-09 12:35:00,77.715,77.74,77.7,77.71,2338
2026-04-09 12:40:00,77.7,77.72,77.69,77.7,1185
2026-04-09 12:45:00,77.69,77.7,77.64,77.64,1244
2026-04-09 12:50:00,77.67,77.75,77.67,77.75,2319
2026-04-09 12:55:00,77.78,77.84,77.78,77.84,700
2026-04-09 13:00:00,77.83,77.9,77.83,77.9,900
2026-04-09 13:05:00,77.91,77.985,77.91,77.985,614
2026-04-09 13:10:00,78.025,78.03,77.97,78.015,1530
2026-04-09 13:15:00,78.005,78.05,77.9814,78.03,2564
2026-04-09 13:20:00,78.05,78.065,78.02,78.045,2113
2026-04-09 13:25:00,78.05,78.06,78.02,78.03,16091
2026-04-09 13:30:00,78,78,77.95,77.95,400
2026-04-09 13:35:00,78,78.05,78,78.01,2440
2026-04-09 13:40:00,78.06,78.075,78.02,78.02,1800
2026-04-09 13:45:00,78.06,78.06,78,78.01,1940
2026-04-09 13:50:00,78.03,78.03,77.96,78,1050
2026-04-09 13:55:00,78.0136,78.02,77.9488,77.9488,6543
2026-04-09 14:00:00,77.965,77.965,77.8,77.8,1954
2026-04-09 14:05:00,77.77,77.83,77.69,77.78,6807
2026-04-09 14:10:00,77.72,77.79,77.715,77.74,3607
2026-04-09 14:15:00,77.775,77.775,77.775,77.775,102
2026-04-09 14:20:00,77.84,77.84,77.72,77.74,4472
2026-04-09 14:25:00,77.72,77.72,77.6,77.695,7514
2026-04-09 14:30:00,77.69,77.6976,77.64,77.65,2410
2026-04-09 14:35:00,77.66,77.7,77.66,77.67,800
2026-04-09 14:40:00,77.71,77.72,77.71,77.72,200
2026-04-09 14:45:00,77.69,77.73,77.685,77.73,908
2026-04-09 14:50:00,77.71,77.73,77.71,77.73,5375
2026-04-09 14:55:00,77.69,77.745,77.69,77.745,10531
2026-04-09 15:00:00,77.78,77.83,77.77,77.81,1410
2026-04-09 15:05:00,77.81,77.91,77.81,77.87,2701
2026-04-09 15:10:00,77.91,77.98,77.91,77.98,520
2026-04-09 15:15:00,77.99,78.01,77.96,77.96,2312
2026-04-09 15:20:00,77.957,77.98,77.94,77.98,5309
2026-04-09 15:25:00,77.98,77.99,77.94,77.95,4683
2026-04-09 15:30:00,77.95,78.01,77.94,77.94,17863
2026-04-09 15:35:00,77.89,77.92,77.85,77.92,5606
2026-04-09 15:40:00,77.9,77.9,77.84,77.87,2049
2026-04-09 15:45:00,77.86,77.9,77.86,77.87,4730
2026-04-09 15:50:00,77.86,77.9,77.85,77.88,12751
2026-04-09 15:55:00,77.88,77.925,77.86,77.92,6842
2026-04-09 16:00:00,77.93,77.93,77.87,77.87,9440
2026-04-09 18:30:00,77.94,77.94,77.94,77.94,641
2026-04-10 09:30:00,77.96,78.23,77.78,77.88,19226
2026-04-10 09:35:00,77.87,77.9496,77.77,77.9,23435
2026-04-10 09:40:00,77.91,78.04,77.91,77.915,39221
2026-04-10 09:45:00,77.89,77.89,77.665,77.73,4545
2026-04-10 09:50:00,77.71,77.71,77.62,77.65,4000
2026-04-10 09:55:00,77.68,77.69,77.56,77.67,4593
2026-04-10 10:00:00,77.715,77.73,77.6,77.73,7141
2026-04-10 10:05:00,77.7514,77.86,77.745,77.78,5626
2026-04-10 10:10:00,77.79,77.915,77.75,77.915,3750
2026-04-10 10:15:00,77.925,77.925,77.825,77.89,7950
2026-04-10 10:20:00,77.88,78.03,77.86,78.005,20142
2026-04-10 10:25:00,77.99,78.07,77.99,78,2754
2026-04-10 10:30:00,77.9884,78.09,77.885,77.92,7474
2026-04-10 10:35:00,77.91,77.97,77.9,77.9,3942
2026-04-10 10:40:00,77.88,77.91,77.76,77.88,10450
2026-04-10 10:45:00,77.94,77.97,77.84,77.84,3513
2026-04-10 10:50:00,77.84,77.84,77.78,77.82,1500
2026-04-10 10:55:00,77.815,77.85,77.79,77.85,11107
2026-04-10 11:00:00,77.835,77.87,77.82,77.82,1920
2026-04-10 11:05:00,77.84,77.91,77.83,77.91,1963
2026-04-10 11:10:00,77.91,77.96,77.91,77.95,2306
2026-04-10 11:15:00,77.93,77.95,77.86,77.9,4250
2026-04-10 11:20:00,77.92,77.92,77.88,77.89,1900
2026-04-10 11:25:00,77.91,77.92,77.89,77.9,1776
2026-04-10 11:30:00,77.895,77.9,77.84,77.87,3604
2026-04-10 11:35:00,77.87,77.91,77.82,77.82,4926
2026-04-10 11:40:00,77.85,77.85,77.8,77.8,1434
2026-04-10 11:45:00,77.8,77.81,77.5309,77.54,18177
2026-04-10 11:50:00,77.535,77.56,77.48,77.495,13514
2026-04-10 11:55:00,77.505,77.505,77.42,77.49,12176
2026-04-10 12:00:00,77.495,77.495,77.44,77.47,6367
2026-04-10 12:05:00,77.5,77.5,77.375,77.48,15683
2026-04-10 12:10:00,77.475,77.49,77.42,77.46,3620
2026-04-10 12:15:00,77.44,77.44,77.385,77.385,1420
2026-04-10 12:20:00,77.3701,77.38,77.37,77.38,1677
2026-04-10 12:25:00,77.37,77.41,77.3625,77.405,3094
2026-04-10 12:30:00,77.42,77.42,77.39,77.39,300
2026-04-10 12:35:00,77.38,77.38,77.33,77.33,1797
2026-04-10 12:40:00,77.31,77.31,77.27,77.295,2193
2026-04-10 12:45:00,77.29,77.31,77.27,77.3,1634
2026-04-10 12:50:00,77.32,77.43,77.31,77.37,12187
2026-04-10 12:55:00,77.36,77.37,77.31,77.31,2070
2026-04-10 13:00:00,77.3117,77.32,77.18,77.22,7269
2026-04-10 13:05:00,77.24,77.26,77.21,77.25,1800
2026-04-10 13:10:00,77.26,77.29,77.235,77.29,990
2026-04-10 13:15:00,77.3,77.3,77.27,77.29,1222
2026-04-10 13:20:00,77.29,77.32,77.29,77.32,300
2026-04-10 13:25:00,77.31,77.31,77.3,77.3,1150
2026-04-10 13:30:00,77.29,77.34,77.29,77.33,1316
2026-04-10 13:35:00,77.3198,77.34,77.29,77.34,1138
2026-04-10 13:40:00,77.35,77.36,77.32,77.34,3674
2026-04-10 13:45:00,77.34,77.34,77.3023,77.333,1426
2026-04-10 13:50:00,77.33,77.34,77.33,77.34,913
2026-04-10 13:55:00,77.33,77.34,77.33,77.33,1838
2026-04-10 14:00:00,77.33,77.33,77.24,77.25,1312
2026-04-10 14:05:00,77.22,77.27,77.22,77.27,2104
2026-04-10 14:10:00,77.26,77.26,77.19,77.24,929
2026-04-10 14:15:00,77.23,77.285,77.23,77.285,2687
2026-04-10 14:20:00,77.2802,77.3,77.25,77.25,2582
2026-04-10 14:25:00,77.26,77.26,77.22,77.25,2150
2026-04-10 14:30:00,77.24,77.25,77.22,77.24,900
2026-04-10 14:35:00,77.23,77.24,77.2,77.23,1335
2026-04-10 14:40:00,77.22,77.22,77.19,77.19,1136
2026-04-10 14:45:00,77.2,77.21,77.19,77.21,1100
2026-04-10 14:50:00,77.22,77.22,77.19,77.22,788
2026-04-10 14:55:00,77.23,77.23,77.195,77.2099,2461
2026-04-10 15:00:00,77.22,77.27,77.22,77.24,7300
2026-04-10 15:05:00,77.22,77.23,77.2,77.22,3273
2026-04-10 15:10:00,77.22,77.255,77.215,77.255,2311
2026-04-10 15:15:00,77.256,77.256,77.23,77.24,11905
2026-04-10 15:20:00,77.22,77.22,77.21,77.21,1227
2026-04-10 15:25:00,77.23,77.28,77.23,77.28,964
2026-04-10 15:30:00,77.28,77.31,77.27,77.29,2651
2026-04-10 15:35:00,77.305,77.31,77.22,77.24,2080
2026-04-10 15:40:00,77.2375,77.238,77.2,77.22,4410
2026-04-10 15:45:00,77.23,77.24,77.22,77.22,2300
2026-04-10 15:50:00,77.22,77.33,77.21,77.32,3330
2026-04-10 15:55:00,77.32,77.43,77.295,77.43,4154
2026-04-10 16:00:00,77.42,77.43,77.35,77.4,4394
2026-04-13 04:00:00,77,77,77,77,100
2026-04-13 07:00:00,76.98,77,76.98,77,329
2026-04-13 08:10:00,76.05,76.05,76.05,76.05,150
2026-04-13 09:30:00,76.71,76.84,76.71,76.77,2101
2026-04-13 09:35:00,76.83,76.84,76.68,76.7,2495
2026-04-13 09:40:00,76.6925,76.695,76.62,76.64,1310
2026-04-13 09:45:00,76.68,76.74,76.6,76.74,4269
2026-04-13 09:50:00,77.03,77.18,76.83,76.96,12916
2026-04-13 09:55:00,76.97,76.97,76.9,76.96,927
2026-04-13 10:00:00,77.05,77.05,76.82,76.91,1538
2026-04-13 10:05:00,76.95,77.16,76.95,77.12,1381
2026-04-13 10:10:00,77.1,77.11,77.06,77.11,21984
2026-04-13 10:15:00,77.08,77.08,76.95,77.05,6310
2026-04-13 10:20:00,77.055,77.13,77.02,77.02,4274
2026-04-13 10:25:00,77.08,77.1199,77.08,77.1,1135
2026-04-13 10:30:00,77.12,77.13,77.08,77.08,3205
2026-04-13 10:35:00,77.08,77.1,77.01,77.05,4108
2026-04-13 10:40:00,77.01,77.02,76.99,77,2670
2026-04-13 10:45:00,76.98,76.98,76.87,76.88,1501
2026-04-13 10:50:00,76.88,76.88,76.69,76.76,10057
2026-04-13 10:55:00,76.79,76.92,76.79,76.92,13578
2026-04-13 11:00:00,76.9,76.9,76.7,76.81,9933
2026-04-13 11:05:00,76.83,76.83,76.62,76.72,29988
2026-04-13 11:10:00,76.71,76.84,76.71,76.83,2216
2026-04-13 11:15:00,76.85,76.85,76.825,76.835,840
2026-04-13 11:20:00,76.835,76.835,76.81,76.825,2077
2026-04-13 11:25:00,76.78,76.78,76.73,76.73,6755
2026-04-13 11:30:00,76.75,76.775,76.71,76.775,3680
2026-04-13 11:35:00,76.79,76.81,76.74,76.81,5252
2026-04-13 11:40:00,76.81,76.825,76.8,76.825,13772
2026-04-13 11:45:00,76.846,76.846,76.825,76.825,391
2026-04-13 11:50:00,76.84,76.86,76.83,76.855,1544
2026-04-13 11:55:00,76.8301,76.845,76.83,76.83,551
2026-04-13 12:00:00,76.8,76.86,76.8,76.84,1562
2026-04-13 12:05:00,76.92,77.1,76.9095,76.99,12911
2026-04-13 12:10:00,77.04,77.06,77.02,77.06,860
2026-04-13 12:15:00,77.1,77.1,77.09,77.09,300
2026-04-13 12:20:00,77.1,77.17,77.1,77.12,4059
2026-04-13 12:25:00,77.12,77.205,77.12,77.205,1298
2026-04-13 12:30:00,77.21,77.39,77.21,77.33,9305
2026-04-13 12:35:00,77.32,77.44,77.31,77.315,5966
2026-04-13 12:40:00,77.3,77.355,77.23,77.23,1560
2026-04-13 12:45:00,77.31,77.46,77.29,77.46,5804
2026-04-13 12:50:00,77.42,77.5,77.415,77.47,6028
2026-04-13 12:55:00,77.46,77.46,77.4,77.43,1695
2026-04-13 13:00:00,77.49,77.49,77.475,77.475,500
2026-04-13 13:05:00,77.5,77.5,77.5,77.5,340
2026-04-13 13:10:00,77.53,77.53,77.51,77.51,340
2026-04-13 13:15:00,77.53,77.53,77.53,77.53,200
2026-04-13 13:20:00,77.58,77.58,77.55,77.56,640
2026-04-13 13:25:00,77.55,77.55,77.53,77.5351,1349
2026-04-13 13:30:00,77.57,77.57,77.5477,77.5477,1518
2026-04-13 13:35:00,77.535,77.535,77.51,77.53,1680
2026-04-13 13:40:00,77.5,77.52,77.49,77.49,3849
2026-04-13 13:45:00,77.495,77.51,77.48,77.49,3200
2026-04-13 13:50:00,77.51,77.53,77.51,77.52,482
2026-04-13 13:55:00,77.54,77.54,77.5,77.51,83091
2026-04-13 14:00:00,77.52,77.55,77.5,77.51,3082
2026-04-13 14:05:00,77.5033,77.5051,77.46,77.47,1229
2026-04-13 14:10:00,77.515,77.54,77.515,77.54,769
2026-04-13 14:15:00,77.54,77.57,77.53,77.56,9949
2026-04-13 14:20:00,77.55,77.58,77.54,77.54,3294
2026-04-13 14:25:00,77.55,77.55,77.54,77.54,700
2026-04-13 14:30:00,77.55,77.55,77.485,77.53,1201
2026-04-13 14:35:00,77.54,77.54,77.51,77.51,8089
2026-04-13 14:40:00,77.54,77.54,77.5201,77.5301,1965
2026-04-13 14:45:00,77.53,77.58,77.53,77.58,1212
2026-04-13 14:50:00,77.57,77.59,77.5522,77.5522,989
2026-04-13 14:55:00,77.555,77.59,77.55,77.57,7421
2026-04-13 15:00:00,77.58,77.64,77.57,77.64,1300
2026-04-13 15:05:00,77.63,77.63,77.565,77.57,6031
2026-04-13 15:10:00,77.58,77.6502,77.58,77.64,4107
2026-04-13 15:15:00,77.62,77.68,77.62,77.68,690
2026-04-13 15:20:00,77.67,77.6875,77.6407,77.68,4232
2026-04-13 15:25:00,77.67,77.67,77.66,77.66,1686
2026-04-13 15:30:00,77.66,77.68,77.6,77.6,3402
2026-04-13 15:35:00,77.593,77.68,77.593,77.65,965
2026-04-13 15:40:00,77.63,77.68,77.63,77.65,22067
2026-04-13 15:45:00,77.68,77.68,77.65,77.65,8330
2026-04-13 15:50:00,77.62,77.8,77.62,77.8,3735
2026-04-13 15:55:00,77.78,77.8102,77.78,77.8,3283
2026-04-13 16:00:00,77.79,77.85,77.79,77.83,18594
2026-04-14 06:40:00,77.99,78,77.85,78,4534
2026-04-14 07:05:00,78.22,78.22,78.2,78.2,700
2026-04-14 09:30:00,78.27,78.33,77.85,77.97,29367
2026-04-14 09:35:00,78.04,78.27,77.86,78.27,13687
2026-04-14 09:40:00,78.25,78.4,78.18,78.28,13907
2026-04-14 09:45:00,78.245,78.245,78,78.08,41243
2026-04-14 09:50:00,78.07,78.0775,77.97,77.98,19512
2026-04-14 09:55:00,77.95,78.24,77.95,78.24,17017
2026-04-14 10:00:00,78.29,78.5,78.29,78.48,12563
2026-04-14 10:05:00,78.475,78.475,78.345,78.4,2840
2026-04-14 10:10:00,78.43,78.52,78.39,78.4,5668
2026-04-14 10:15:00,78.41,78.49,78.39,78.46,4366
2026-04-14 10:20:00,78.54,78.5599,78.47,78.47,2625
2026-04-14 10:25:00,78.48,78.55,78.48,78.49,1813
2026-04-14 10:30:00,78.455,78.48,78.405,78.48,3473
2026-04-14 10:35:00,78.53,78.61,78.53,78.58,1300
2026-04-14 10:40:00,78.545,78.575,78.545,78.575,468
2026-04-14 10:45:00,78.58,78.64,78.58,78.625,2634
2026-04-14 10:50:00,78.64,78.69,78.635,78.68,3258
2026-04-14 10:55:00,78.67,78.67,78.62,78.63,886
2026-04-14 11:00:00,78.6589,78.6589,78.59,78.6,791
2026-04-14 11:05:00,78.55,78.6,78.55,78.59,400
2026-04-14 11:10:00,78.57,78.57,78.55,78.55,280
2026-04-14 11:15:00,78.545,78.58,78.545,78.58,344
2026-04-14 11:20:00,78.55,78.79,78.55,78.79,21600
2026-04-14 11:25:00,78.77,78.9,78.765,78.87,3477
2026-04-14 11:30:00,78.87,78.95,78.84,78.91,7469
2026-04-14 11:35:00,78.9,78.9,78.8432,78.8432,1642
2026-04-14 11:40:00,78.87,78.91,78.83,78.85,3438
2026-04-14 11:45:00,78.8001,78.91,78.8001,78.86,489
2026-04-14 11:50:00,78.81,78.855,78.81,78.82,1155
2026-04-14 11:55:00,78.825,78.83,78.82,78.82,1585
2026-04-14 12:00:00,78.81,78.81,78.764,78.79,10403
2026-04-14 12:05:00,78.795,78.825,78.77,78.82,2182
2026-04-14 12:10:00,78.82,78.82,78.79,78.79,350
2026-04-14 12:15:00,78.78,78.7986,78.74,78.76,1711
2026-04-14 12:20:00,78.74,78.75,78.73,78.75,440
2026-04-14 12:25:00,78.73,78.73,78.72,78.73,920
2026-04-14 12:30:00,78.72,78.73,78.72,78.73,419
2026-04-14 12:35:00,78.7397,78.7397,78.7,78.7,499
2026-04-14 12:40:00,78.69,78.705,78.69,78.705,425
2026-04-14 12:45:00,78.71,78.71,78.71,78.71,228
2026-04-14 12:50:00,78.72,78.73,78.71,78.73,766
2026-04-14 12:55:00,78.705,78.705,78.64,78.64,819
2026-04-14 13:00:00,78.69,78.7499,78.67,78.7218,2759
2026-04-14 13:05:00,78.725,78.735,78.715,78.715,704
2026-04-14 13:10:00,78.7201,78.7201,78.7201,78.7201,330
2026-04-14 13:20:00,78.8,78.81,78.79,78.81,310
2026-04-14 13:25:00,78.82,78.85,78.82,78.85,1976
2026-04-14 13:30:00,78.865,78.88,78.865,78.88,338
2026-04-14 13:40:00,78.8489,78.8489,78.8489,78.8489,133
2026-04-14 13:45:00,78.88,78.88,78.88,78.88,340
2026-04-14 13:50:00,78.88,78.89,78.83,78.83,1160
2026-04-14 13:55:00,78.8207,78.8207,78.82,78.82,600
2026-04-14 14:00:00,78.8,78.85,78.8,78.84,780
2026-04-14 14:05:00,78.77,78.82,78.77,78.79,1040
2026-04-14 14:10:00,78.79,78.79,78.76,78.76,380
2026-04-14 14:15:00,78.75,78.75,78.71,78.71,515
2026-04-14 14:20:00,78.69,78.69,78.58,78.61,2195
2026-04-14 14:25:00,78.55,78.68,78.55,78.68,640
2026-04-14 14:30:00,78.64,78.66,78.63,78.65,15759
2026-04-14 14:35:00,78.66,78.675,78.66,78.675,733
2026-04-14 14:40:00,78.6642,78.6999,78.65,78.6603,5065
2026-04-14 14:45:00,78.662,78.662,78.62,78.62,1744
2026-04-14 14:50:00,78.63,78.655,78.63,78.655,1144
2026-04-14 14:55:00,78.67,78.68,78.67,78.68,300
2026-04-14 15:00:00,78.7,78.72,78.69,78.72,7166
2026-04-14 15:05:00,78.72,78.76,78.71,78.71,3628
2026-04-14 15:10:00,78.69,78.71,78.69,78.69,444
2026-04-14 15:15:00,78.69,78.7,78.69,78.7,340
2026-04-14 15:20:00,78.675,78.68,78.675,78.68,2836
2026-04-14 15:25:00,78.71,78.73,78.71,78.73,754
2026-04-14 15:30:00,78.72,78.75,78.72,78.75,709
2026-04-14 15:35:00,78.76,78.78,78.73,78.78,1267
2026-04-14 15:40:00,78.7685,78.805,78.7685,78.795,2512
2026-04-14 15:45:00,78.815,78.85,78.815,78.83,1120
2026-04-14 15:50:00,78.83,78.88,78.82,78.86,16005
2026-04-14 15:55:00,78.84,78.95,78.81,78.94,28871
2026-04-14 16:00:00,78.94,78.965,78.86,78.86,17285
2026-04-14 17:10:00,78.241,78.241,78.241,78.241,1000
2026-04-15 08:35:00,79,79,79,79,100
2026-04-15 09:30:00,78.81,79.04,78.66,78.685,5828
2026-04-15 09:35:00,78.72,79.04,78.67,79.04,27352
2026-04-15 09:40:00,79,79.1,78.95,78.97,12068
2026-04-15 09:45:00,78.9384,78.9384,78.53,78.735,34218
2026-04-15 09:50:00,78.735,78.79,78.61,78.72,14419
2026-04-15 09:55:00,78.72,78.9,78.72,78.885,4400
2026-04-15 10:00:00,78.885,78.885,78.69,78.74,5693
2026-04-15 10:05:00,78.785,78.87,78.775,78.87,2399
2026-04-15 10:10:00,78.92,79.025,78.9,78.935,1702
2026-04-15 10:15:00,78.91,78.91,78.7,78.725,11835
2026-04-15 10:20:00,78.73,78.83,78.725,78.75,3180
2026-04-15 10:25:00,78.76,78.93,78.76,78.93,7646
2026-04-15 10:30:00,78.94,78.955,78.86,78.94,3270
2026-04-15 10:35:00,78.86,78.86,78.77,78.77,3800
2026-04-15 10:40:00,78.73,78.8499,78.73,78.765,744
2026-04-15 10:45:00,78.75,78.76,78.7275,78.76,400
2026-04-15 10:50:00,78.79,78.82,78.6901,78.71,817
2026-04-15 10:55:00,78.75,78.75,78.61,78.66,2050
2026-04-15 11:00:00,78.67,78.67,78.53,78.57,3187
2026-04-15 11:05:00,78.565,78.66,78.565,78.625,3293
2026-04-15 11:10:00,78.62,78.8,78.62,78.79,2889
2026-04-15 11:15:00,78.775,78.86,78.775,78.85,1940
2026-04-15 11:20:00,78.86,78.93,78.855,78.89,1500
2026-04-15 11:25:00,78.86,78.865,78.86,78.865,317
2026-04-15 11:30:00,78.815,78.83,78.71,78.71,1000
2026-04-15 11:35:00,78.68,78.71,78.68,78.705,685
2026-04-15 11:40:00,78.75,78.795,78.74,78.775,1928
2026-04-15 11:45:00,78.79,78.8292,78.79,78.82,400
2026-04-15 11:50:00,78.79,78.86,78.79,78.8,14936
2026-04-15 11:55:00,78.8,78.8,78.755,78.755,1832
2026-04-15 12:00:00,78.77,78.78,78.72,78.78,723
2026-04-15 12:05:00,78.76,78.76,78.745,78.76,700
2026-04-15 12:10:00,78.78,78.78,78.76,78.76,300
2026-04-15 12:15:00,78.825,78.825,78.8,78.8,685
2026-04-15 12:20:00,78.84,78.84,78.84,78.84,200
2026-04-15 12:25:00,78.86,78.91,78.84,78.89,1567
2026-04-15 12:30:00,78.92,79.01,78.92,79,1464
2026-04-15 12:35:00,78.96,78.96,78.86,78.89,1234
2026-04-15 12:40:00,78.8872,78.8872,78.79,78.79,820
2026-04-15 12:45:00,78.79,78.815,78.72,78.75,798
2026-04-15 12:50:00,78.79,78.82,78.7701,78.78,997
2026-04-15 12:55:00,78.78,78.78,78.78,78.78,100
2026-04-15 13:00:00,78.8,78.87,78.78,78.87,789
2026-04-15 13:05:00,78.91,78.96,78.91,78.95,1350
2026-04-15 13:10:00,78.94,78.945,78.905,78.91,1049
2026-04-15 13:15:00,78.95,78.975,78.95,78.975,1100
2026-04-15 13:20:00,79,79,78.965,78.99,926
2026-04-15 13:25:00,79.02,79.07,79,79.07,2127
2026-04-15 13:30:00,79.0934,79.0934,79.09,79.09,463
2026-04-15 13:35:00,79.15,79.18,79.15,79.18,702
2026-04-15 13:40:00,79.1786,79.19,79.13,79.13,733
2026-04-15 13:45:00,79.115,79.16,79.115,79.1386,488
2026-04-15 13:50:00,79.135,79.16,79.13,79.13,1166
2026-04-15 13:55:00,79.14,79.1867,79.14,79.165,708
2026-04-15 14:00:00,79.155,79.29,79.115,79.16,5621
2026-04-15 14:05:00,79.165,79.23,79.165,79.18,2972
2026-04-15 14:10:00,79.1,79.15,79.04,79.076,16775
2026-04-15 14:15:00,79.08,79.095,79.04,79.07,2345
2026-04-15 14:20:00,79.02,79.03,79.015,79.03,1352
2026-04-15 14:25:00,79.065,79.07,79,79,1526
2026-04-15 14:30:00,78.98,79.04,78.98,79.0348,600
2026-04-15 14:35:00,79.05,79.0991,79.05,79.08,557
2026-04-15 14:40:00,79.09,79.09,79.07,79.07,300
2026-04-15 14:45:00,79.05,79.09,78.985,79.09,1912
2026-04-15 14:50:00,79.07,79.11,79.05,79.085,19307
2026-04-15 14:55:00,79.09,79.09,79.03,79.08,2411
2026-04-15 15:00:00,79.04,79.095,79.04,79.095,1089
2026-04-15 15:05:00,79.095,79.14,79.09,79.095,10013
2026-04-15 15:10:00,79.1,79.115,79.06,79.06,8098
2026-04-15 15:15:00,79.05,79.07,79.02,79.03,4436
2026-04-15 15:20:00,79.04,79.115,79.04,79.08,3449
2026-04-15 15:25:00,79.0835,79.09,79.055,79.09,2818
2026-04-15 15:30:00,79.0703,79.12,79.0703,79.12,12338
2026-04-15 15:35:00,79.13,79.16,78.98,78.98,4930
2026-04-15 15:40:00,78.96,79.005,78.96,79,3235
2026-04-15 15:45:00,79.01,79.05,78.97,79.05,1916
2026-04-15 15:50:00,79.03,79.07,79,79,37334
2026-04-15 15:55:00,79.01,79.07,78.992,79,9080
2026-04-15 16:00:00,79.01,79.01,78.97,79,10259
2026-04-16 09:30:00,79.05,79.78,79.05,79.78,12351
2026-04-16 09:35:00,79.79,80.25,79.79,80.16,109487
2026-04-16 09:40:00,80.1627,80.18,79.86,79.9,5663
2026-04-16 09:45:00,79.92,80.2,79.92,79.94,4450
2026-04-16 09:50:00,79.96,79.96,79.79,79.79,10985
2026-04-16 09:55:00,79.78,79.81,79.61,79.72,8150
2026-04-16 10:00:00,79.72,79.72,79.47,79.55,11224
2026-04-16 10:05:00,79.545,79.73,79.545,79.68,19205
2026-04-16 10:10:00,79.705,79.8,79.705,79.79,8280
2026-04-16 10:15:00,79.82,79.97,79.78,79.78,10460
2026-04-16 10:20:00,79.7565,79.8,79.73,79.735,2997
2026-04-16 10:25:00,79.67,79.7299,79.64,79.66,8434
2026-04-16 10:30:00,79.64,79.655,79.53,79.65,24315
2026-04-16 10:35:00,79.645,79.645,79.5,79.5,7358
2026-04-16 10:40:00,79.47,79.665,79.47,79.665,3472
2026-04-16 10:45:00,79.68,79.7,79.65,79.68,1886
2026-04-16 10:50:00,79.71,79.82,79.71,79.82,4992
2026-04-16 10:55:00,79.77,79.795,79.76,79.77,614
2026-04-16 11:00:00,79.82,79.95,79.82,79.95,1500
2026-04-16 11:05:00,79.94,80.01,79.94,80.005,1200
2026-04-16 11:10:00,80.02,80.17,80.02,80.16,4041
2026-04-16 11:15:00,80.19,80.325,80.19,80.285,9727
2026-04-16 11:20:00,80.26,80.38,80.2313,80.295,8443
2026-04-16 11:25:00,80.305,80.32,80.19,80.19,4227
2026-04-16 11:30:00,80.17,80.25,80.11,80.13,3465
2026-04-16 11:35:00,80.17,80.34,80.155,80.27,4057
2026-04-16 11:40:00,80.2672,80.31,80.2672,80.29,1544
2026-04-16 11:45:00,80.29,80.31,80.26,80.31,1410
2026-04-16 11:50:00,80.37,80.45,80.37,80.45,2204
2026-04-16 11:55:00,80.45,80.47,80.45,80.462,1050
2026-04-16 12:00:00,80.46,80.49,80.46,80.49,2301
2026-04-16 12:05:00,80.49,80.55,80.49,80.51,2818
2026-04-16 12:10:00,80.53,80.58,80.53,80.58,610
2026-04-16 12:15:00,80.61,80.7,80.61,80.7,2882
2026-04-16 12:20:00,80.705,80.705,80.66,80.66,2596
2026-04-16 12:25:00,80.67,80.69,80.615,80.615,7944
2026-04-16 12:30:00,80.6,80.62,80.43,80.52,4542
2026-04-16 12:35:00,80.53,80.53,80.465,80.495,5725
2026-04-16 12:40:00,80.51,80.52,80.44,80.45,2747
2026-04-16 12:45:00,80.45,80.47,80.41,80.46,2277
2026-04-16 12:50:00,80.46,80.463,80.44,80.44,865
2026-04-16 12:55:00,80.46,80.53,80.46,80.47,3924
2026-04-16 13:00:00,80.46,80.47,80.42,80.43,1869
2026-04-16 13:05:00,80.43,80.43,80.3,80.35,4814
2026-04-16 13:10:00,80.36,80.36,80.255,80.255,2922
2026-04-16 13:15:00,80.25,80.3,80.24,80.3,4804
2026-04-16 13:20:00,80.27,80.35,80.245,80.35,9584
2026-04-16 13:25:00,80.35,80.35,80.32,80.35,4242
2026-04-16 13:30:00,80.32,80.35,80.31,80.34,4490
2026-04-16 13:35:00,80.295,80.36,80.295,80.36,1250
2026-04-16 13:40:00,80.37,80.41,80.37,80.39,1532
2026-04-16 13:45:00,80.4,80.4,80.38,80.385,1674
2026-04-16 13:50:00,80.36,80.36,80.3,80.3425,9433
2026-04-16 13:55:00,80.225,80.23,80.195,80.23,3745
2026-04-16 14:00:00,80.22,80.3,80.22,80.3,1873
2026-04-16 14:05:00,80.27,80.28,80.2,80.25,1200
2026-04-16 14:10:00,80.245,80.33,80.245,80.33,1155
2026-04-16 14:15:00,80.34,80.38,80.34,80.38,1144
2026-04-16 14:20:00,80.36,80.39,80.28,80.28,1332
2026-04-16 14:25:00,80.27,80.27,80.2,80.22,9944
2026-04-16 14:30:00,80.23,80.28,80.2,80.28,2639
2026-04-16 14:35:00,80.27,80.28,80.25,80.269,5573
2026-04-16 14:40:00,80.26,80.26,80.26,80.26,1840
2026-04-16 14:45:00,80.225,80.25,80.225,80.23,5356
2026-04-16 14:50:00,80.22,80.22,80.18,80.2,3244
2026-04-16 14:55:00,80.19,80.21,80.19,80.2,4116
2026-04-16 15:00:00,80.22,80.29,80.22,80.29,5952
2026-04-16 15:05:00,80.3,80.33,80.28,80.33,3790
2026-04-16 15:10:00,80.32,80.32,80.2322,80.2322,10158
2026-04-16 15:15:00,80.245,80.315,80.24,80.3,5953
2026-04-16 15:20:00,80.31,80.31,80.24,80.24,18465
2026-04-16 15:25:00,80.25,80.26,80.21,80.21,5349
2026-04-16 15:30:00,80.21,80.32,80.1823,80.32,9788
2026-04-16 15:35:00,80.35,80.365,80.33,80.3599,7522
2026-04-16 15:40:00,80.37,80.38,80.28,80.28,8954
2026-04-16 15:45:00,80.29,80.35,80.29,80.31,6762
2026-04-16 15:50:00,80.32,80.39,80.32,80.38,19018
2026-04-16 15:55:00,80.38,80.38,80.3,80.34,23913
2026-04-16 16:00:00,80.34,80.34,80.34,80.34,831
2026-04-16 16:45:00,80.42,80.42,80.42,80.42,100
2026-04-16 16:50:00,80.4,80.4,80.4,80.4,300
2026-04-16 17:30:00,80.34,80.34,80.34,80.34,200
2026-04-16 17:35:00,80.3844,80.3998,80.37,80.3942,2111
2026-04-16 17:40:00,80.39,80.3947,80.39,80.3947,400
2026-04-16 18:35:00,80.3989,80.3989,80.3989,80.3989,958
2026-04-16 19:20:00,80.38,80.38,80.38,80.38,300
2026-04-17 07:00:00,80.94,80.97,80.94,80.97,499
2026-04-17 08:25:00,80.97,80.97,80.97,80.97,100
2026-04-17 08:30:00,80.91,80.91,80.84,80.84,500
2026-04-17 08:45:00,81,81,81,81,100
2026-04-17 09:15:00,81.81,81.82,81.81,81.82,1620
2026-04-17 09:30:00,81.88,82.13,81.8,82.04,44806
2026-04-17 09:35:00,82.04,82.16,81.84,81.93,6902
2026-04-17 09:40:00,81.91,81.93,81.62,81.7201,8929
2026-04-17 09:45:00,81.8,81.89,81.63,81.83,3750
2026-04-17 09:50:00,81.925,82.11,81.91,82.11,9622
2026-04-17 09:55:00,82.12,82.395,82.12,82.3,7503
2026-04-17 10:00:00,82.29,82.525,82.275,82.5,4334
2026-04-17 10:05:00,82.53,82.55,82.47,82.52,1900
2026-04-17 10:10:00,82.555,82.555,82.415,82.46,2406
2026-04-17 10:15:00,82.47,82.675,82.47,82.64,1718
2026-04-17 10:20:00,82.6104,82.83,82.6,82.81,9644
2026-04-17 10:25:00,82.82,82.86,82.75,82.762,2221
2026-04-17 10:30:00,82.745,83,82.69,82.985,18936
2026-04-17 10:35:00,82.97,82.97,82.86,82.93,3738
2026-04-17 10:40:00,82.94,83.04,82.93,83.0347,18413
2026-04-17 10:45:00,83.04,83.095,83.015,83.03,11386
2026-04-17 10:50:00,83.01,83.06,82.91,82.94,3175
2026-04-17 10:55:00,82.88,82.89,82.75,82.75,3091
2026-04-17 11:00:00,82.71,82.84,82.67,82.82,13291
2026-04-17 11:05:00,82.84,82.865,82.7701,82.8051,1400
2026-04-17 11:10:00,82.775,82.8,82.7,82.72,1600
2026-04-17 11:15:00,82.69,82.73,82.58,82.58,3066
2026-04-17 11:20:00,82.57,82.675,82.57,82.61,2989
2026-04-17 11:25:00,82.6,82.63,82.57,82.63,1500
2026-04-17 11:30:00,82.7,82.715,82.7,82.705,1133
2026-04-17 11:35:00,82.73,82.77,82.695,82.71,4487
2026-04-17 11:40:00,82.7,82.7,82.63,82.64,1004
2026-04-17 11:45:00,82.66,82.79,82.605,82.79,5561
2026-04-17 11:50:00,82.8,82.9,82.8,82.86,4005
2026-04-17 11:55:00,82.83,82.8999,82.83,82.885,1520
2026-04-17 12:00:00,82.875,82.96,82.86,82.93,2915
2026-04-17 12:05:00,82.92,82.9536,82.9,82.9,1800
2026-04-17 12:10:00,82.88,82.88,82.82,82.82,758
2026-04-17 12:15:00,82.81,82.83,82.79,82.8,1900
2026-04-17 12:20:00,82.795,82.819,82.765,82.77,1071
2026-04-17 12:25:00,82.71,82.71,82.66,82.67,1000
2026-04-17 12:30:00,82.68,82.72,82.67,82.72,1800
2026-04-17 12:35:00,82.75,82.76,82.72,82.73,1200
2026-04-17 12:40:00,82.73,82.74,82.72,82.72,2106
2026-04-17 12:45:00,82.73,82.74,82.66,82.66,2055
2026-04-17 12:50:00,82.66,82.68,82.59,82.59,2504
2026-04-17 12:55:00,82.58,82.58,82.51,82.52,850
2026-04-17 13:00:00,82.54,82.555,82.52,82.5435,1300
2026-04-17 13:05:00,82.54,82.54,82.18,82.385,25013
2026-04-17 13:10:00,82.37,82.4199,82.32,82.33,2504
2026-04-17 13:15:00,82.35,82.375,82.34,82.35,700
2026-04-17 13:20:00,82.34,82.34,82.12,82.12,2789
2026-04-17 13:25:00,82.12,82.23,82.12,82.22,900
2026-04-17 13:30:00,82.19,82.22,82.14,82.14,2811
2026-04-17 13:35:00,82.11,82.11,82,82.03,4080
2026-04-17 13:40:00,82.03,82.0347,81.97,81.97,1700
2026-04-17 13:45:00,82.02,82.06,82.01,82.06,1550
2026-04-17 13:50:00,82.07,82.14,82.06,82.14,2614
2026-04-17 13:55:00,82.15,82.15,82.1,82.11,824
2026-04-17 14:00:00,82.11,82.12,82.08,82.08,1424
2026-04-17 14:05:00,82.075,82.08,82.03,82.03,1100
2026-04-17 14:10:00,82.03,82.05,81.89,81.89,1024
2026-04-17 14:15:00,81.9301,81.97,81.92,81.97,919
2026-04-17 14:20:00,81.99,82.09,81.99,82.08,2420
2026-04-17 14:25:00,82.09,82.17,82.09,82.115,1500
2026-04-17 14:30:00,82.17,82.25,82.17,82.25,1043
2026-04-17 14:35:00,82.23,82.23,82.21,82.21,1020
2026-04-17 14:40:00,82.19,82.2,82.16,82.19,1494
2026-04-17 14:45:00,82.18,82.18,82.17,82.17,624
2026-04-17 14:50:00,82.14,82.14,82.045,82.08,2095
2026-04-17 14:55:00,82.12,82.12,82.08,82.12,993
2026-04-17 15:00:00,82.09,82.09,82.04,82.045,1500
2026-04-17 15:05:00,82.06,82.06,81.97,81.97,746
2026-04-17 15:10:00,81.96,81.96,81.88,81.88,2952
2026-04-17 15:15:00,81.875,81.894,81.82,81.82,800
2026-04-17 15:20:00,81.87,81.87,81.79,81.87,2412
2026-04-17 15:25:00,81.9,81.9,81.86,81.865,1321
2026-04-17 15:30:00,81.9,82,81.9,81.95,1432
2026-04-17 15:35:00,81.95,82.025,81.95,82.025,3236
2026-04-17 15:40:00,82.01,82.08,81.99,82.02,6263
2026-04-17 15:45:00,82.02,82.02,81.91,81.92,2387
2026-04-17 15:50:00,81.94,81.97,81.84,81.84,3970
2026-04-17 15:55:00,81.82,81.88,81.79,81.84,30235
2026-04-17 16:00:00,81.87,81.87,81.87,81.87,1435
2026-04-17 19:45:00,81.6833,81.6833,81.6833,81.6833,238
2026-04-20 04:00:00,82.91,82.91,82.91,82.91,860
2026-04-20 07:00:00,81,81,80.99,81,3750
2026-04-20 07:40:00,81.2,81.2,81.2,81.2,250
2026-04-20 07:45:00,80.01,80.01,80.01,80.01,300
2026-04-20 08:50:00,81,81.0362,81,81.0362,301
2026-04-20 09:05:00,81.14,81.14,81.14,81.14,956
2026-04-20 09:25:00,81.36,81.36,81.36,81.36,100
2026-04-20 09:30:00,81.38,81.56,81.16,81.355,3874
2026-04-20 09:35:00,81.28,81.28,81.07,81.09,2577
2026-04-20 09:40:00,81.11,81.35,81.11,81.35,2664
2026-04-20 09:45:00,81.32,81.47,81.29,81.46,1841
2026-04-20 09:50:00,81.435,81.56,81.39,81.54,6741
2026-04-20 09:55:00,81.585,81.66,81.57,81.61,7998
2026-04-20 10:00:00,81.54,81.72,81.54,81.72,200
2026-04-20 10:05:00,81.705,81.77,81.705,81.76,1595
2026-04-20 10:10:00,81.75,81.88,81.67,81.88,6779
2026-04-20 10:15:00,81.88,82.005,81.865,81.92,2246
2026-04-20 10:20:00,81.88,81.88,81.82,81.82,1615
2026-04-20 10:25:00,81.815,81.88,81.81,81.88,3263
2026-04-20 10:30:00,81.83,81.935,81.83,81.865,5799
2026-04-20 10:35:00,81.87,81.962,81.865,81.93,1612
2026-04-20 10:40:00,81.9218,81.93,81.77,81.81,6427
2026-04-20 10:45:00,81.8405,81.93,81.825,81.93,1990
2026-04-20 10:50:00,81.9,81.9,81.56,81.73,9665
2026-04-20 10:55:00,81.73,81.74,81.63,81.74,5850
2026-04-20 11:00:00,81.8,81.83,81.72,81.72,2513
2026-04-20 11:05:00,81.762,81.762,81.66,81.68,3501
2026-04-20 11:10:00,81.675,81.725,81.675,81.725,1596
2026-04-20 11:15:00,81.75,81.845,81.75,81.845,1535
2026-04-20 11:20:00,81.91,82.09,81.89,82.035,8510
2026-04-20 11:25:00,82.02,82.08,81.945,82.02,2844
2026-04-20 11:30:00,82.0299,82.03,81.97,81.97,971
2026-04-20 11:35:00,81.97,81.97,81.95,81.97,390
2026-04-20 11:40:00,82.01,82.0299,82.01,82.02,1071
2026-04-20 11:50:00,82.05,82.065,82.05,82.065,433
2026-04-20 11:55:00,82.0799,82.095,82.0799,82.095,1360
2026-04-20 12:00:00,82.115,82.115,82.0704,82.075,1108
2026-04-20 12:05:00,82.13,82.13,82.08,82.08,2748
2026-04-20 12:10:00,82.09,82.09,82.09,82.09,283
2026-04-20 12:15:00,82.05,82.05,82.03,82.03,563
2026-04-20 12:20:00,82.06,82.065,82.05,82.06,1410
2026-04-20 12:25:00,82.04,82.06,82.03,82.06,637
2026-04-20 12:30:00,82.03,82.1,82.03,82.07,1030
2026-04-20 12:35:00,82.04,82.04,81.99,82.02,1508
2026-04-20 12:40:00,82,82.06,82,82.03,1222
2026-04-20 12:45:00,82.07,82.07,82.07,82.07,100
2026-04-20 12:50:00,82.08,82.08,82.08,82.08,160
2026-04-20 12:55:00,82.1279,82.15,82.12,82.15,652
2026-04-20 13:00:00,82.17,82.21,82.17,82.19,2225
2026-04-20 13:05:00,82.18,82.23,82.18,82.22,1550
2026-04-20 13:10:00,82.24,82.24,82.24,82.24,100
2026-04-20 13:15:00,82.24,82.26,82.24,82.26,340
2026-04-20 13:20:00,82.24,82.27,82.22,82.27,843
2026-04-20 13:25:00,82.25,82.2648,82.24,82.2431,660
2026-04-20 13:30:00,82.25,82.25,82.25,82.25,100
2026-04-20 13:35:00,82.21,82.215,82.2,82.2,1845
2026-04-20 13:40:00,82.23,82.255,82.23,82.255,432
2026-04-20 13:45:00,82.1983,82.1983,82.18,82.18,1966
2026-04-20 13:50:00,82.18,82.2,82.15,82.16,19171
2026-04-20 13:55:00,82.16,82.17,82.15,82.15,754
2026-04-20 14:00:00,82.17,82.17,82.14,82.17,818
2026-04-20 14:05:00,82.21,82.3,82.21,82.28,3999
2026-04-20 14:10:00,82.255,82.255,82.17,82.2195,2205
2026-04-20 14:15:00,82.28,82.33,82.255,82.33,3707
2026-04-20 14:20:00,82.3399,82.35,82.31,82.31,2597
2026-04-20 14:25:00,82.31,82.31,82.23,82.28,1770
2026-04-20 14:30:00,82.295,82.32,82.27,82.295,3394
2026-04-20 14:35:00,82.29,82.32,82.27,82.28,1075
2026-04-20 14:40:00,82.285,82.285,82.285,82.285,100
2026-04-20 14:45:00,82.3,82.31,82.29,82.29,1684
2026-04-20 14:50:00,82.3,82.385,82.3,82.385,1930
2026-04-20 14:55:00,82.4,82.42,82.365,82.365,2442
2026-04-20 15:00:00,82.345,82.345,82.33,82.33,1934
2026-04-20 15:05:00,82.36,82.38,82.36,82.38,700
2026-04-20 15:10:00,82.3999,82.3999,82.37,82.39,1926
2026-04-20 15:15:00,82.3903,82.42,82.39,82.39,1012
2026-04-20 15:20:00,82.39,82.41,82.37,82.39,1054
2026-04-20 15:25:00,82.395,82.43,82.38,82.4,2490
2026-04-20 15:30:00,82.41,82.47,82.39,82.39,13257
2026-04-20 15:35:00,82.39,82.4,82.35,82.35,1280
2026-04-20 15:40:00,82.36,82.36,82.275,82.275,3280
2026-04-20 15:45:00,82.29,82.35,82.25,82.33,4576
2026-04-20 15:50:00,82.35,82.42,82.35,82.4,5936
2026-04-20 15:55:00,82.39,82.44,82.38,82.43,12898
2026-04-20 16:00:00,82.41,82.41,82.41,82.41,664
2026-04-20 16:45:00,82.234,82.234,82.234,82.234,100
2026-04-20 19:25:00,82.02,82.02,82.02,82.02,125
2026-04-21 09:30:00,82.56,82.8,82.29,82.78,5919
2026-04-21 09:35:00,82.81,82.9006,82.71,82.71,545
2026-04-21 09:40:00,82.93,83,82.8951,82.93,1680
2026-04-21 09:45:00,83.07,83.24,83.03,83.16,3200
2026-04-21 09:50:00,83.165,83.22,82.99,83.04,4379
2026-04-21 09:55:00,83.005,83.005,82.85,82.86,2313
2026-04-21 10:00:00,82.82,83.02,82.82,82.9993,2094
2026-04-21 10:05:00,83.01,83.01,82.87,82.88,5784
2026-04-21 10:10:00,82.8893,83.0899,82.85,83.02,3650
2026-04-21 10:15:00,83,83.12,82.9336,83.065,4600
2026-04-21 10:20:00,82.95,83.01,82.86,82.86,1077
2026-04-21 10:25:00,82.89,82.97,82.88,82.97,1100
2026-04-21 10:30:00,82.95,82.95,82.815,82.815,2948
2026-04-21 10:35:00,82.86,82.89,82.86,82.881,1574
2026-04-21 10:40:00,82.85,82.85,82.615,82.615,3240
2026-04-21 10:45:00,82.6,82.705,82.5,82.5,2802
2026-04-21 10:50:00,82.49,82.52,82.4501,82.5,1527
2026-04-21 10:55:00,82.42,82.44,82.13,82.16,4398
2026-04-21 11:00:00,82.05,82.05,81.83,81.88,9256
2026-04-21 11:05:00,81.87,82.06,81.75,82.06,6567
2026-04-21 11:10:00,82.09,82.12,82.05,82.05,1170
2026-04-21 11:15:00,82.0501,82.0501,81.86,81.89,3497
2026-04-21 11:20:00,81.9,81.93,81.86,81.86,3466
2026-04-21 11:25:00,81.81,81.81,81.74,81.77,1258
2026-04-21 11:30:00,81.8,81.895,81.75,81.765,11097
2026-04-21 11:35:00,81.74,81.82,81.65,81.82,24417
2026-04-21 11:40:00,81.84,81.99,81.82,81.99,2283
2026-04-21 11:45:00,81.97,82.02,81.97,82.02,800
2026-04-21 11:50:00,81.92,81.925,81.675,81.675,14320
2026-04-21 11:55:00,81.635,81.76,81.635,81.6715,4121
2026-04-21 12:00:00,81.71,81.88,81.71,81.76,7268
2026-04-21 12:05:00,81.75,81.8707,81.75,81.8707,2020
2026-04-21 12:10:00,81.87,81.95,81.86,81.95,1767
2026-04-21 12:15:00,81.955,81.955,81.8391,81.84,1799
2026-04-21 12:20:00,81.8,81.88,81.79,81.86,1980
2026-04-21 12:25:00,81.873,81.98,81.873,81.98,1175
2026-04-21 12:30:00,82,82.1,82,82.06,1300
2026-04-21 12:35:00,82.07,82.08,81.98,82,2130
2026-04-21 12:40:00,82.01,82.01,81.98,81.98,200
2026-04-21 12:45:00,81.99,82.13,81.98,82.13,1470
2026-04-21 12:50:00,82.13,82.16,82.05,82.05,2365
2026-04-21 12:55:00,82.01,82.01,81.94,81.94,6684
2026-04-21 13:00:00,81.97,82.02,81.97,82.02,2264
2026-04-21 13:05:00,81.95,81.954,81.7,81.87,31396
2026-04-21 13:10:00,81.8,81.81,81.68,81.69,2163
2026-04-21 13:15:00,81.73,81.73,81.545,81.56,5486
2026-04-21 13:20:00,81.56,81.68,81.505,81.68,14096
2026-04-21 13:25:00,81.68,81.77,81.67,81.675,2290
2026-04-21 13:30:00,81.71,81.85,81.71,81.85,3200
2026-04-21 13:35:00,81.84,82.11,81.835,82.05,4583
2026-04-21 13:40:00,82.03,82.16,82.03,82.16,4911
2026-04-21 13:45:00,82.13,82.13,82.07,82.07,838
2026-04-21 13:50:00,82.13,82.17,82.07,82.07,4055
2026-04-21 13:55:00,82.03,82.03,82.02,82.02,480
2026-04-21 14:00:00,82.08,82.125,82.06,82.06,2381
2026-04-21 14:05:00,82.05,82.11,82.02,82.07,2002
2026-04-21 14:10:00,82.075,82.09,82.04,82.05,8473
2026-04-21 14:15:00,82.1,82.1,81.87,81.87,5256
2026-04-21 14:20:00,81.86,81.9,81.83,81.9,4164
2026-04-21 14:25:00,81.89,81.95,81.89,81.95,900
2026-04-21 14:30:00,81.9816,82.09,81.97,82.09,1964
2026-04-21 14:35:00,82.08,82.08,82.01,82.015,2072
2026-04-21 14:40:00,82.03,82.04,82.02,82.04,1579
2026-04-21 14:45:00,82.05,82.05,82.02,82.04,937
2026-04-21 14:50:00,82,82.33,82,82.31,4848
2026-04-21 14:55:00,82.27,82.37,82.22,82.31,20223
2026-04-21 15:00:00,82.34,82.359,82.29,82.359,3144
2026-04-21 15:05:00,82.33,82.358,82.32,82.35,1772
2026-04-21 15:10:00,82.36,82.49,82.32,82.39,9231
2026-04-21 15:15:00,82.34,82.49,82.34,82.41,1938
2026-04-21 15:20:00,82.46,82.67,82.46,82.67,4171
2026-04-21 15:25:00,82.66,82.7,82.62,82.65,8286
2026-04-21 15:30:00,82.64,82.69,82.57,82.585,4194
2026-04-21 15:35:00,82.5501,82.56,82.3599,82.38,20833
2026-04-21 15:40:00,82.37,82.375,81.815,81.84,27881
2026-04-21 15:45:00,81.865,81.99,81.83,81.91,3450
2026-04-21 15:50:00,81.975,82.05,81.86,82.01,24538
2026-04-21 15:55:00,82.02,82.19,82.015,82.17,33287
2026-04-21 16:00:00,82.13,82.18,82.13,82.18,781
2026-04-21 16:55:00,82,82,82,82,400
2026-04-22 08:20:00,82.39,82.39,82.39,82.39,100
2026-04-22 08:30:00,82.98,82.99,82.98,82.99,521
2026-04-22 09:30:00,82.63,82.86,82.375,82.38,29254
2026-04-22 09:35:00,82.33,82.42,82.2,82.29,6164
2026-04-22 09:40:00,82.25,82.25,82,82,1450
2026-04-22 09:45:00,81.94,82.37,81.94,82.12,12507
2026-04-22 09:50:00,82.06,82.12,81.97,82.1,20733
2026-04-22 09:55:00,82.09,82.1,81.97,82.055,10492
2026-04-22 10:00:00,82,82.17,81.955,82,8347
2026-04-22 10:05:00,81.975,82.11,81.975,82.11,16144
2026-04-22 10:10:00,82.09,82.1,82,82.07,14945
2026-04-22 10:15:00,82.08,82.09,81.89,81.89,9943
2026-04-22 10:20:00,81.9,81.91,81.78,81.78,11840
2026-04-22 10:25:00,81.77,81.85,81.63,81.63,6760
2026-04-22 10:30:00,81.62,81.62,81.46,81.48,8966
2026-04-22 10:35:00,81.47,81.65,81.4,81.65,5840
2026-04-22 10:40:00,81.645,81.65,81.38,81.4,6071
2026-04-22 10:45:00,81.42,81.5,81.35,81.49,5818
2026-04-22 10:50:00,81.525,81.525,81.25,81.265,3609
2026-04-22 10:55:00,81.27,81.45,81.26,81.45,3565
2026-04-22 11:00:00,81.465,81.465,81.25,81.25,3972
2026-04-22 11:05:00,81.23,81.4,81.2077,81.34,6434
2026-04-22 11:10:00,81.37,81.37,81.28,81.33,1140
2026-04-22 11:15:00,81.3,81.3,81.23,81.29,1480
2026-04-22 11:20:00,81.31,81.34,81.29,81.29,860
2026-04-22 11:25:00,81.25,81.25,81.14,81.24,4830
2026-04-22 11:30:00,81.23,81.25,81.17,81.18,3127
2026-04-22 11:35:00,81.17,81.17,80.97,80.98,6004
2026-04-22 11:40:00,80.98,80.98,80.86,80.89,5260
2026-04-22 11:45:00,80.94,81.0562,80.94,80.99,3707
2026-04-22 11:50:00,81,81,80.805,80.805,2333
2026-04-22 11:55:00,80.82,80.95,80.82,80.91,3020
2026-04-22 12:00:00,80.92,80.98,80.9,80.97,2176
2026-04-22 12:05:00,80.97,80.98,80.95,80.95,3049
2026-04-22 12:10:00,80.92,80.95,80.92,80.95,440
2026-04-22 12:15:00,80.94,80.94,80.84,80.86,7217
2026-04-22 12:20:00,80.85,80.85,80.7883,80.84,4000
2026-04-22 12:25:00,80.81,80.81,80.72,80.72,1500
2026-04-22 12:30:00,80.7,80.76,80.7,80.76,2713
2026-04-22 12:35:00,80.76,80.81,80.76,80.78,5093
2026-04-22 12:40:00,80.79,80.79,80.66,80.67,8709
2026-04-22 12:45:00,80.655,80.75,80.63,80.75,5483
2026-04-22 12:50:00,80.765,80.765,80.72,80.73,2427
2026-04-22 12:55:00,80.74,80.74,80.71,80.72,1620
2026-04-22 13:00:00,80.73,80.8,80.69,80.695,4567
2026-04-22 13:05:00,80.685,80.685,80.64,80.64,1720
2026-04-22 13:10:00,80.66,80.74,80.66,80.665,5215
2026-04-22 13:15:00,80.65,80.68,80.57,80.58,5260
2026-04-22 13:20:00,80.6,80.68,80.6,80.67,2248
2026-04-22 13:25:00,80.655,80.71,80.655,80.71,980
2026-04-22 13:30:00,80.74,80.755,80.56,80.57,4644
2026-04-22 13:35:00,80.57,80.59,80.52,80.55,1700
2026-04-22 13:40:00,80.51,80.59,80.51,80.56,4113
2026-04-22 13:45:00,80.57,80.57,80.5,80.52,1852
2026-04-22 13:50:00,80.51,80.51,80.465,80.465,2434
2026-04-22 13:55:00,80.46,80.47,80.44,80.45,5643
2026-04-22 14:00:00,80.45,80.4649,80.44,80.46,2590
2026-04-22 14:05:00,80.45,80.54,80.45,80.54,5792
2026-04-22 14:10:00,80.54,80.545,80.51,80.52,5785
2026-04-22 14:15:00,80.52,80.52,80.39,80.39,4555
2026-04-22 14:20:00,80.37,80.37,80.24,80.29,10085
2026-04-22 14:25:00,80.33,80.33,80.3,80.31,3426
2026-04-22 14:30:00,80.34,80.36,80.29,80.29,3224
2026-04-22 14:35:00,80.275,80.275,80.235,80.26,2429
2026-04-22 14:40:00,80.27,80.31,80.2599,80.2599,7538
2026-04-22 14:45:00,80.27,80.32,80.25,80.32,8737
2026-04-22 14:50:00,80.32,80.355,80.32,80.32,4737
2026-04-22 14:55:00,80.31,80.32,80.29,80.3,2342
2026-04-22 15:00:00,80.29,80.3,80.26,80.28,10608
2026-04-22 15:05:00,80.29,80.35,80.28,80.35,4002
2026-04-22 15:10:00,80.35,80.36,80.29,80.3,9810
2026-04-22 15:15:00,80.29,80.33,80.28,80.31,6833
2026-04-22 15:20:00,80.325,80.325,80.28,80.285,5677
2026-04-22 15:25:00,80.27,80.32,80.27,80.31,3626
2026-04-22 15:30:00,80.33,80.335,80.13,80.15,58444
2026-04-22 15:35:00,80.14,80.18,80.09,80.11,63823
2026-04-22 15:40:00,80.14,80.175,80.12,80.15,76363
2026-04-22 15:45:00,80.145,80.195,80.135,80.195,18314
2026-04-22 15:50:00,80.205,80.23,80.07,80.15,67220
2026-04-22 15:55:00,80.17,80.26,80.14,80.19,104237
2026-04-22 16:00:00,80.22,80.39,80.22,80.39,1737
2026-04-23 07:35:00,80.2,80.2,80.2,80.2,100
2026-04-23 08:10:00,80.25,80.25,80.25,80.25,300
2026-04-23 08:35:00,81.4658,81.4658,81.4658,81.4658,200
2026-04-23 09:25:00,81.14,81.2,80.88,81.19,10167
2026-04-23 09:30:00,81.12,81.69,80.68,81.59,39722
2026-04-23 09:35:00,81.65,81.85,81.52,81.525,29705
2026-04-23 09:40:00,81.64,81.74,81.35,81.5,10804
2026-04-23 09:45:00,81.39,81.555,81.26,81.5,24406
2026-04-23 09:50:00,81.38,81.425,81.25,81.25,12259
2026-04-23 09:55:00,81.25,81.54,81.19,81.53,15194
2026-04-23 10:00:00,81.46,81.65,81.34,81.55,19907
2026-04-23 10:05:00,81.48,81.63,81.475,81.6025,22629
2026-04-23 10:10:00,81.585,81.78,81.585,81.68,10969
2026-04-23 10:15:00,81.6747,81.76,81.65,81.7299,18687
2026-04-23 10:20:00,81.745,81.7799,81.6,81.67,14747
2026-04-23 10:25:00,81.67,81.68,81.55,81.67,2221
2026-04-23 10:30:00,81.675,81.895,81.675,81.74,7445
2026-04-23 10:35:00,81.7,81.81,81.645,81.645,5378
2026-04-23 10:40:00,81.79,81.79,81.73,81.78,6084
2026-04-23 10:45:00,81.795,81.795,81.635,81.72,3119
2026-04-23 10:50:00,81.75,81.76,81.66,81.66,1440
2026-04-23 10:55:00,81.63,81.73,81.6,81.72,6432
2026-04-23 11:00:00,81.68,81.69,81.54,81.54,4431
2026-04-23 11:05:00,81.48,81.51,81.4,81.4,13082
2026-04-23 11:10:00,81.43,81.49,81.43,81.44,2897
2026-04-23 11:15:00,81.44,81.57,81.42,81.44,2982
2026-04-23 11:20:00,81.44,81.4499,81.37,81.41,16351
2026-04-23 11:25:00,81.43,81.57,81.4151,81.56,13856
2026-04-23 11:30:00,81.54,81.6,81.54,81.555,12257
2026-04-23 11:35:00,81.57,81.695,81.57,81.635,22781
2026-04-23 11:40:00,81.62,81.65,81.615,81.64,1000
2026-04-23 11:45:00,81.64,81.64,81.49,81.61,2700
2026-04-23 11:50:00,81.59,81.63,81.57,81.61,2528
2026-04-23 11:55:00,81.64,81.795,81.64,81.75,1859
2026-04-23 12:00:00,81.75,81.7699,81.73,81.73,500
2026-04-23 12:05:00,81.71,81.74,81.69,81.74,6387
2026-04-23 12:10:00,81.745,81.76,81.745,81.76,450
2026-04-23 12:15:00,81.7445,81.76,81.73,81.73,4419
2026-04-23 12:20:00,81.67,81.69,81.635,81.69,1948
2026-04-23 12:25:00,81.76,81.81,81.76,81.81,1031
2026-04-23 12:30:00,81.8,81.85,81.7799,81.85,1654
2026-04-23 12:35:00,81.93,81.94,81.89,81.89,998
2026-04-23 12:40:00,81.9,82.03,81.885,82.03,2088
2026-04-23 12:45:00,82.0399,82.115,82.0399,82.06,16870
2026-04-23 12:50:00,82.07,82.08,82.06,82.08,1507
2026-04-23 12:55:00,82.13,82.19,82.115,82.19,7537
2026-04-23 13:00:00,82.16,82.16,81.815,81.815,9110
2026-04-23 13:05:00,81.86,81.89,81.67,81.68,11464
2026-04-23 13:10:00,81.63,81.66,81.57,81.61,8903
2026-04-23 13:15:00,81.59,81.59,81.44,81.47,12208
2026-04-23 13:20:00,81.46,81.48,81.4,81.41,4482
2026-04-23 13:25:00,81.43,81.58,81.3101,81.36,3540
2026-04-23 13:30:00,81.39,81.49,81.3,81.48,122973
2026-04-23 13:35:00,81.47,81.51,81.24,81.26,28439
2026-04-23 13:40:00,81.2,81.2,80.85,80.86,8840
2026-04-23 13:45:00,80.78,80.95,80.71,80.71,21227
2026-04-23 13:50:00,80.73,81.21,80.69,81.15,27666
2026-04-23 13:55:00,81.14,81.31,81.135,81.2,10043
2026-04-23 14:00:00,81.18,81.35,81.17,81.28,13336
2026-04-23 14:05:00,81.28,81.425,81.23,81.3,42842
2026-04-23 14:10:00,81.29,81.39,81.25,81.36,13287
2026-04-23 14:15:00,81.36,81.48,81.36,81.45,15664
2026-04-23 14:20:00,81.46,81.47,81.395,81.46,2759
2026-04-23 14:25:00,81.47,81.47,81.425,81.44,799
2026-04-23 14:30:00,81.52,81.53,81.5,81.515,1032
2026-04-23 14:35:00,81.51,81.56,81.46,81.46,2480
2026-04-23 14:40:00,81.44,81.63,81.3506,81.4,1346376
2026-04-23 14:45:00,81.4,81.44,81.38,81.44,1803
2026-04-23 14:50:00,81.4099,81.5,81.39,81.47,3997
2026-04-23 14:55:00,81.47,81.485,81.23,81.24,2409
2026-04-23 15:00:00,81.27,81.28,81.22,81.245,1711
2026-04-23 15:05:00,81.27,81.32,81.27,81.315,2346
2026-04-23 15:10:00,81.31,81.3192,81.21,81.26,15616
2026-04-23 15:15:00,81.265,81.31,81.25,81.29,1829
2026-04-23 15:20:00,81.29,81.32,81.28,81.32,1858
2026-04-23 15:25:00,81.31,81.32,81.28,81.31,2854
2026-04-23 15:30:00,81.315,81.43,81.31,81.31,3640
2026-04-23 15:35:00,81.3,81.315,81.225,81.31,12219
2026-04-23 15:40:00,81.28,81.365,81.25,81.25,13145
2026-04-23 15:45:00,81.26,81.39,81.26,81.37,4196
2026-04-23 15:50:00,81.355,81.45,81.2,81.45,11305
2026-04-23 15:55:00,81.48,81.665,81.455,81.615,45600
2026-04-23 16:00:00,81.6,81.6,81.6,81.6,4190
2026-04-24 09:30:00,81.63,81.91,81.17,81.17,8097
2026-04-24 09:35:00,81.17,81.49,81.16,81.34,13347
2026-04-24 09:40:00,81.35,81.48,81.28,81.38,10275
2026-04-24 09:45:00,81.38,81.38,81.16,81.16,7511
2026-04-24 09:50:00,81.18,81.34,81.14,81.21,31553
2026-04-24 09:55:00,81.21,81.42,81.19,81.36,14821
2026-04-24 10:00:00,81.36,81.36,81,81.23,61366
2026-04-24 10:05:00,81.23,81.235,81.1,81.1,11474
2026-04-24 10:10:00,81.11,81.17,81.035,81.08,4171
2026-04-24 10:15:00,81.05,81.13,80.96,81.13,7060
2026-04-24 10:20:00,81.13,81.13,81.05,81.1,3146
2026-04-24 10:25:00,81.11,81.14,81.04,81.11,10043
2026-04-24 10:30:00,81.11,81.24,81.03,81.23,1886
2026-04-24 10:35:00,81.23,81.23,81.095,81.115,5077
2026-04-24 10:40:00,81.13,81.15,81.01,81.03,2873
2026-04-24 10:45:00,81,81.08,80.99,81.08,3096
2026-04-24 10:50:00,81.05,81.12,81.05,81.095,3224
2026-04-24 10:55:00,81.12,81.145,81.06,81.09,4376
2026-04-24 11:00:00,81.08,81.15,81.065,81.065,3503
2026-04-24 11:05:00,81.05,81.115,80.98,81.115,7194
2026-04-24 11:10:00,81.115,81.16,81.11,81.135,3423
2026-04-24 11:15:00,81.14,81.24,81.13,81.2,14728
2026-04-24 11:20:00,81.22,81.27,81.22,81.27,2914
2026-04-24 11:25:00,81.26,81.275,81.2347,81.26,2956
2026-04-24 11:30:00,81.25,81.25,81.17,81.235,1114
2026-04-24 11:35:00,81.21,81.275,81.18,81.26,5800
2026-04-24 11:40:00,81.28,81.62,81.28,81.62,5416
2026-04-24 11:45:00,81.63,81.77,81.6,81.74,22388
2026-04-24 11:50:00,81.78,81.83,81.75,81.8,3835
2026-04-24 11:55:00,81.8,81.82,81.74,81.74,7917
2026-04-24 12:00:00,81.74,81.77,81.71,81.72,1312
2026-04-24 12:05:00,81.73,81.77,81.71,81.71,27234
2026-04-24 12:10:00,81.73,81.81,81.73,81.74,10920
2026-04-24 12:15:00,81.73,81.76,81.635,81.635,17089
2026-04-24 12:20:00,81.63,81.63,81.59,81.59,2440
2026-04-24 12:25:00,81.62,81.63,81.57,81.58,1548
2026-04-24 12:30:00,81.6,81.62,81.57,81.59,3540
2026-04-24 12:35:00,81.57,81.58,81.54,81.57,1012
2026-04-24 12:40:00,81.56,81.57,81.53,81.56,13207
2026-04-24 12:45:00,81.615,81.62,81.59,81.62,9926
2026-04-24 12:50:00,81.63,81.7,81.63,81.7,2836
2026-04-24 12:55:00,81.7,81.7,81.67,81.68,1723
2026-04-24 13:00:00,81.66,81.68,81.66,81.68,550
2026-04-24 13:05:00,81.61,81.62,81.58,81.58,1608
2026-04-24 13:10:00,81.59,81.61,81.59,81.59,782
2026-04-24 13:15:00,81.57,81.57,81.53,81.54,676
2026-04-24 13:20:00,81.5,81.52,81.4701,81.52,6307
2026-04-24 13:25:00,81.515,81.53,81.5,81.51,1840
2026-04-24 13:30:00,81.51,81.53,81.47,81.48,24034
2026-04-24 13:35:00,81.47,81.48,81.43,81.43,2451
2026-04-24 13:40:00,81.42,81.44,81.42,81.43,1802
2026-04-24 13:45:00,81.42,81.42,81.4,81.4,2983
2026-04-24 13:50:00,81.405,81.545,81.405,81.46,14759
2026-04-24 13:55:00,81.47,81.47,81.39,81.43,2468
2026-04-24 14:00:00,81.43,81.49,81.43,81.49,1825
2026-04-24 14:05:00,81.48,81.54,81.48,81.495,2129
2026-04-24 14:10:00,81.48,81.5,81.47,81.47,6234
2026-04-24 14:15:00,81.51,81.51,81.47,81.49,1628
2026-04-24 14:20:00,81.5,81.52,81.49,81.51,3418
2026-04-24 14:25:00,81.51,81.52,81.47,81.49,2122
2026-04-24 14:30:00,81.48,81.53,81.47,81.53,2670
2026-04-24 14:35:00,81.53,81.56,81.52,81.545,1797
2026-04-24 14:40:00,81.55,81.61,81.495,81.5,422803
2026-04-24 14:45:00,81.48,81.54,81.465,81.525,5217
2026-04-24 14:50:00,81.52,81.52,81.49,81.505,3014
2026-04-24 14:55:00,81.5,81.51,81.49,81.51,2601
2026-04-24 15:00:00,81.51,81.53,81.48,81.48,2721
2026-04-24 15:05:00,81.48,81.485,81.45,81.46,1949
2026-04-24 15:10:00,81.47,81.47,81.43,81.43,3286
2026-04-24 15:15:00,81.4,81.41,81.35,81.3801,1950
2026-04-24 15:20:00,81.39,81.395,81.355,81.36,4508
2026-04-24 15:25:00,81.35,81.35,81.27,81.33,6360
2026-04-24 15:30:00,81.32,81.35,81.2301,81.26,19807
2026-04-24 15:35:00,81.2475,81.35,81.24,81.33,38011
2026-04-24 15:40:00,81.34,81.4,81.34,81.4,17046
2026-04-24 15:45:00,81.39,81.395,81.34,81.385,74427
2026-04-24 15:50:00,81.39,81.395,81.305,81.345,76737
2026-04-24 15:55:00,81.35,81.4,81.2901,81.33,149300
2026-04-24 16:00:00,81.35,81.5,81.35,81.5,6954
2026-04-27 08:40:00,81.38,81.38,81.38,81.38,100
2026-04-27 09:30:00,81.27,82.2299,81.27,82.11,31457
2026-04-27 09:35:00,82.0491,82.32,81.98,82.01,54186
2026-04-27 09:40:00,82.23,82.23,81.82,81.82,4147
2026-04-27 09:45:00,81.81,81.85,81.5,81.54,18372
2026-04-27 09:50:00,81.5,81.865,81.48,81.74,15308
2026-04-27 09:55:00,81.705,81.75,81.6,81.6,2600
2026-04-27 10:00:00,81.47,81.5,81.44,81.49,2497
2026-04-27 10:05:00,81.57,81.68,81.5,81.5,13254
2026-04-27 10:10:00,81.48,81.61,81.48,81.54,2603
2026-04-27 10:15:00,81.54,81.57,81.46,81.475,6210
2026-04-27 10:20:00,81.51,81.53,81.41,81.5,1374
2026-04-27 10:25:00,81.47,81.49,81.4,81.4,22002
2026-04-27 10:30:00,81.41,81.46,81.34,81.405,21997
2026-04-27 10:35:00,81.39,81.52,81.37,81.44,8479
2026-04-27 10:40:00,81.43,81.525,81.37,81.47,7334
2026-04-27 10:45:00,81.43,81.55,81.43,81.51,2528
2026-04-27 10:50:00,81.52,81.585,81.52,81.565,4892
2026-04-27 10:55:00,81.57,81.57,81.52,81.55,1955
2026-04-27 11:00:00,81.53,81.54,81.46,81.47,2757
2026-04-27 11:05:00,81.46,81.46,81.39,81.42,849
2026-04-27 11:10:00,81.46,81.53,81.46,81.505,8636
2026-04-27 11:15:00,81.52,81.58,81.5,81.55,4210
2026-04-27 11:20:00,81.575,81.58,81.48,81.48,1357
2026-04-27 11:25:00,81.5,81.5,81.46,81.46,1286
2026-04-27 11:30:00,81.45,81.45,81.37,81.43,1789
2026-04-27 11:35:00,81.43,81.44,81.39,81.4,2000
2026-04-27 11:40:00,81.39,81.41,81.38,81.41,1423
2026-04-27 11:45:00,81.44,81.47,81.44,81.45,2777
2026-04-27 11:50:00,81.44,81.51,81.4382,81.5,3877
2026-04-27 11:55:00,81.5,81.53,81.4775,81.52,2825
2026-04-27 12:00:00,81.51,81.53,81.49,81.525,2801
2026-04-27 12:05:00,81.55,81.56,81.54,81.55,1866
2026-04-27 12:10:00,81.54,81.54,81.51,81.52,1813
2026-04-27 12:15:00,81.527,81.527,81.505,81.52,1008
2026-04-27 12:20:00,81.5,81.505,81.475,81.505,3053
2026-04-27 12:25:00,81.5,81.51,81.5,81.5,516
2026-04-27 12:30:00,81.51,81.51,81.41,81.41,1292
2026-04-27 12:35:00,81.41,81.44,81.4,81.425,15850
2026-04-27 12:40:00,81.42,81.425,81.41,81.41,2837
2026-04-27 12:45:00,81.415,81.415,81.4,81.415,2590
2026-04-27 12:50:00,81.405,81.46,81.4,81.46,6952
2026-04-27 12:55:00,81.455,81.49,81.45,81.48,1492
2026-04-27 13:00:00,81.49,81.52,81.48,81.485,1039
2026-04-27 13:05:00,81.49,81.49,81.45,81.46,1450
2026-04-27 13:10:00,81.435,81.45,81.4099,81.42,3132
2026-04-27 13:15:00,81.41,81.41,81.38,81.405,1251
2026-04-27 13:20:00,81.42,81.46,81.41,81.46,3357
2026-04-27 13:25:00,81.45,81.505,81.45,81.5,2929
2026-04-27 13:30:00,81.51,81.57,81.51,81.56,2637
2026-04-27 13:35:00,81.56,81.6,81.51,81.51,4403
2026-04-27 13:40:00,81.51,81.525,81.5,81.525,1618
2026-04-27 13:45:00,81.495,81.53,81.495,81.52,3042
2026-04-27 13:50:00,81.51,81.51,81.46,81.46,712
2026-04-27 13:55:00,81.49,81.54,81.49,81.52,1228
2026-04-27 14:00:00,81.51,81.53,81.46,81.53,1268
2026-04-27 14:05:00,81.5,81.52,81.5,81.52,572
2026-04-27 14:10:00,81.53,81.59,81.52,81.57,2222
2026-04-27 14:15:00,81.56,81.57,81.54,81.56,4305
2026-04-27 14:20:00,81.57,81.5954,81.55,81.5954,1473
2026-04-27 14:25:00,81.59,81.625,81.58,81.625,1749
2026-04-27 14:30:00,81.64,81.65,81.64,81.6422,1336
2026-04-27 14:35:00,81.64,81.69,81.63,81.68,2584
2026-04-27 14:40:00,81.68,81.685,81.66,81.66,1108
2026-04-27 14:45:00,81.68,81.705,81.68,81.705,428
2026-04-27 14:50:00,81.74,81.745,81.72,81.72,1094
2026-04-27 14:55:00,81.69,81.705,81.68,81.68,708
2026-04-27 15:00:00,81.67,81.71,81.67,81.68,3829
2026-04-27 15:05:00,81.675,81.6877,81.65,81.67,1165
2026-04-27 15:10:00,81.68,81.685,81.67,81.67,1194
2026-04-27 15:15:00,81.665,81.76,81.665,81.76,2858
2026-04-27 15:20:00,81.74,81.75,81.72,81.72,2244
2026-04-27 15:25:00,81.73,81.775,81.73,81.76,2994
2026-04-27 15:30:00,81.77,81.77,81.71,81.71,5909
2026-04-27 15:35:00,81.71,81.76,81.71,81.74,3607
2026-04-27 15:40:00,81.71,81.72,81.68,81.7,2774
2026-04-27 15:45:00,81.69,81.705,81.645,81.655,1795
2026-04-27 15:50:00,81.67,81.68,81.6,81.63,19556
2026-04-27 15:55:00,81.65,81.66,81.57,81.58,42239
2026-04-27 16:00:00,81.6,81.6,81.6,81.6,4452
2026-04-27 17:25:00,81.6,81.6,81.6,81.6,120
2026-04-28 07:00:00,81.61,81.61,81.6,81.6,500
2026-04-28 08:35:00,81.33,81.34,81.33,81.34,1800
2026-04-28 09:15:00,81.32,81.32,81.32,81.32,100
2026-04-28 09:30:00,81.74,81.74,81.19,81.48,4080
2026-04-28 09:35:00,81.38,81.38,81.38,81.38,100
2026-04-28 09:40:00,81.55,81.55,81.43,81.46,8577
2026-04-28 09:45:00,81.43,81.54,81.25,81.31,11697
2026-04-28 09:50:00,81.29,81.3,81.15,81.24,4665
2026-04-28 09:55:00,81.22,81.26,81.06,81.06,3670
2026-04-28 10:00:00,81.03,81.04,80.94,81.02,11171
2026-04-28 10:05:00,81.02,81.09,81.01,81.03,6057
2026-04-28 10:10:00,81.02,81.04,80.95,80.95,1312
2026-04-28 10:15:00,80.93,80.94,80.85,80.88,4060
2026-04-28 10:20:00,80.86,80.93,80.85,80.92,6218
2026-04-28 10:25:00,81.03,81.03,80.85,80.85,3120
2026-04-28 10:30:00,80.85,80.88,80.76,80.76,1074
2026-04-28 10:35:00,80.81,80.87,80.78,80.84,4698
2026-04-28 10:40:00,80.82,80.93,80.8,80.88,2011
2026-04-28 10:45:00,80.85,80.94,80.81,80.9,4586
2026-04-28 10:50:00,80.87,81.04,80.87,81.04,5853
2026-04-28 10:55:00,81.04,81.08,80.95,81.01,10932
2026-04-28 11:00:00,81.0562,81.13,81.05,81.07,6020
2026-04-28 11:05:00,81.11,81.135,81.07,81.135,2660
2026-04-28 11:10:00,81.16,81.165,81.1,81.14,2564
2026-04-28 11:15:00,81.1,81.14,81.06,81.1,3016
2026-04-28 11:20:00,81.08,81.105,81.06,81.08,1811
2026-04-28 11:25:00,81.07,81.07,81.07,81.07,737
2026-04-28 11:30:00,81.05,81.09,81.04,81.059,1875
2026-04-28 11:35:00,81.04,81.115,81.04,81.09,766
2026-04-28 11:40:00,81.08,81.1,81.04,81.04,1051
2026-04-28 11:45:00,81.05,81.105,81.05,81.075,677
2026-04-28 11:50:00,81.09,81.115,81.0581,81.115,1249
2026-04-28 11:55:00,81.105,81.11,81.09,81.09,1054
2026-04-28 12:00:00,81.03,81.09,81.03,81.04,1737
2026-04-28 12:05:00,81.05,81.08,81.04,81.065,7163
2026-04-28 12:10:00,81.02,81.06,81.02,81.06,749
2026-04-28 12:15:00,81.08,81.08,81.05,81.05,5062
2026-04-28 12:20:00,81.04,81.07,81.035,81.07,5594
2026-04-28 12:25:00,81.065,81.08,81.06,81.065,1933
2026-04-28 12:30:00,81.06,81.06,81.04,81.055,569
2026-04-28 12:35:00,81.01,81.08,81.005,81.06,6611
2026-04-28 12:40:00,81.015,81.03,81.0021,81.02,1029
2026-04-28 12:45:00,81.02,81.05,81.02,81.03,2381
2026-04-28 12:50:00,81.07,81.09,81.04,81.09,4835
2026-04-28 12:55:00,81.065,81.095,81.05,81.095,1182
2026-04-28 13:00:00,81.11,81.11,81.09,81.09,436
2026-04-28 13:05:00,81.06,81.06,81.04,81.06,351
2026-04-28 13:10:00,81.105,81.16,81.06,81.06,366537
2026-04-28 13:15:00,81.08,81.08,81.03,81.04,4032
2026-04-28 13:20:00,81.06,81.06,81.01,81.03,2719
2026-04-28 13:25:00,81.04,81.07,81.04,81.06,17868
2026-04-28 13:30:00,81.06,81.135,81.05,81.135,3086
2026-04-28 13:35:00,81.15,81.18,81.15,81.15,1016
2026-04-28 13:40:00,81.17,81.22,81.17,81.18,1222
2026-04-28 13:45:00,81.22,81.24,81.21,81.21,891
2026-04-28 13:50:00,81.2299,81.26,81.2,81.26,1225
2026-04-28 13:55:00,81.25,81.28,81.24,81.28,1265
2026-04-28 14:00:00,81.31,81.33,81.27,81.27,471
2026-04-28 14:05:00,81.28,81.32,81.28,81.3,704
2026-04-28 14:10:00,81.305,81.305,81.275,81.275,925
2026-04-28 14:15:00,81.27,81.33,81.27,81.33,1439
2026-04-28 14:20:00,81.32,81.32,81.27,81.28,5685
2026-04-28 14:25:00,81.28,81.29,81.23,81.23,2070
2026-04-28 14:30:00,81.23,81.23,81.15,81.16,1625
2026-04-28 14:35:00,81.16,81.19,81.14,81.19,2285
2026-04-28 14:40:00,81.16,81.19,81.15,81.19,909
2026-04-28 14:45:00,81.23,81.23,81.19,81.19,952
2026-04-28 14:50:00,81.18,81.21,81.15,81.21,1259
2026-04-28 14:55:00,81.21,81.23,81.21,81.22,1234
2026-04-28 15:00:00,81.17,81.17,81.11,81.13,1325
2026-04-28 15:05:00,81.1243,81.16,81.12,81.14,1963
2026-04-28 15:10:00,81.13,81.13,81.07,81.08,2617
2026-04-28 15:15:00,81.085,81.085,81.015,81.05,2355
2026-04-28 15:20:00,81.03,81.06,80.96,80.96,3054
2026-04-28 15:25:00,80.95,80.95,80.84,80.84,2572
2026-04-28 15:30:00,80.84,80.88,80.74,80.77,5158
2026-04-28 15:35:00,80.79,80.83,80.77,80.78,4049
2026-04-28 15:40:00,80.81,80.83,80.805,80.83,1775
2026-04-28 15:45:00,80.86,80.89,80.85,80.89,2725
2026-04-28 15:50:00,80.87,80.88,80.83,80.88,11571
2026-04-28 15:55:00,80.89,80.95,80.86,80.89,23893
2026-04-28 16:00:00,80.89,81.07,80.89,81.07,1576
2026-04-29 05:55:00,80.75,80.75,80.75,80.75,100
2026-04-29 09:30:00,80.56,80.72,80.39,80.665,7233
2026-04-29 09:35:00,80.49,80.505,80.44,80.5,768
2026-04-29 09:40:00,80.4,80.4,80.265,80.265,1644
2026-04-29 09:45:00,80.33,80.33,80.33,80.33,225
2026-04-29 09:50:00,80.37,80.47,80.36,80.41,902
2026-04-29 09:55:00,80.37,80.56,80.37,80.52,4343
2026-04-29 10:00:00,80.49,80.65,80.49,80.65,3508
2026-04-29 10:05:00,80.62,80.81,80.56,80.77,5927
2026-04-29 10:10:00,80.85,81.1,80.85,80.93,11163
2026-04-29 10:15:00,80.89,80.96,80.76,80.8,6359
2026-04-29 10:20:00,80.76,80.8,80.69,80.75,8699
2026-04-29 10:25:00,80.74,80.74,80.53,80.57,7778
2026-04-29 10:30:00,80.52,80.53,80.32,80.37,10553
2026-04-29 10:35:00,80.38,80.44,80.28,80.28,9177
2026-04-29 10:40:00,80.34,80.41,80.31,80.41,3354
2026-04-29 10:45:00,80.29,80.35,80.26,80.28,9049
2026-04-29 10:50:00,80.26,80.31,80.24,80.25,2380
2026-04-29 10:55:00,80.23,80.27,80.21,80.21,2248
2026-04-29 11:00:00,80.185,80.23,80.185,80.22,2582
2026-04-29 11:05:00,80.22,80.26,80.19,80.21,5099
2026-04-29 11:10:00,80.21,80.23,80.115,80.16,3484
2026-04-29 11:15:00,80.16,80.24,80.15,80.15,1722
2026-04-29 11:20:00,80.14,80.22,80.115,80.15,3107
2026-04-29 11:25:00,80.11,80.15,80.1,80.13,3182
2026-04-29 11:30:00,80.1,80.14,80.03,80.04,7135
2026-04-29 11:35:00,80.1,80.1,79.99,80.02,2874
2026-04-29 11:40:00,80.03,80.06,80.02,80.05,2200
2026-04-29 11:45:00,80.06,80.11,80.05,80.07,4396
2026-04-29 11:50:00,80.08,80.16,79.95,79.95,6185
2026-04-29 11:55:00,79.94,80.02,79.92,79.92,3614
2026-04-29 12:00:00,79.89,80.01,79.88,80,2584
2026-04-29 12:05:00,80.015,80.015,79.925,79.925,1838
2026-04-29 12:10:00,79.94,79.95,79.9,79.9,1745
2026-04-29 12:15:00,79.9,79.94,79.87,79.87,1893
2026-04-29 12:20:00,79.88,79.93,79.87,79.93,1256
2026-04-29 12:25:00,79.94,79.94,79.78,79.78,1832
2026-04-29 12:30:00,79.77,79.77,79.62,79.62,2416
2026-04-29 12:35:00,79.645,79.75,79.64,79.69,12893
2026-04-29 12:40:00,79.7,79.79,79.69,79.79,2818
2026-04-29 12:45:00,79.78,79.84,79.75,79.84,1590
2026-04-29 12:50:00,79.83,79.85,79.82,79.84,1663
2026-04-29 12:55:00,79.88,79.89,79.83,79.83,2219
2026-04-29 13:00:00,79.85,79.85,79.79,79.79,2299
2026-04-29 13:05:00,79.81,79.84,79.785,79.785,6864
2026-04-29 13:10:00,79.78,79.8,79.76,79.8,2023
2026-04-29 13:15:00,79.79,79.88,79.79,79.82,1109
2026-04-29 13:20:00,79.83,79.92,79.82,79.865,3449
2026-04-29 13:25:00,79.85,79.94,79.83,79.94,950
2026-04-29 13:30:00,79.92,79.98,79.915,79.93,2748
2026-04-29 13:35:00,79.91,80.015,79.9,79.995,1693
2026-04-29 13:40:00,80,80.01,79.97,79.97,2017
2026-04-29 13:45:00,79.99,80.07,79.95,80.04,3415
2026-04-29 13:50:00,80.05,80.11,80.05,80.05,2129
2026-04-29 13:55:00,80.03,80.04,80.02,80.02,669
2026-04-29 14:00:00,80.01,80.01,79.91,79.93,14961
2026-04-29 14:05:00,79.95,79.954,79.8,79.8,2374
2026-04-29 14:10:00,79.81,79.84,79.75,79.75,2342
2026-04-29 14:15:00,79.76,79.89,79.76,79.79,4492
2026-04-29 14:20:00,79.79,79.83,79.77,79.77,3457
2026-04-29 14:25:00,79.76,79.84,79.7,79.705,3815
2026-04-29 14:30:00,79.71,79.71,79.59,79.6,6736
2026-04-29 14:35:00,79.64,79.76,79.63,79.6622,10078
2026-04-29 14:40:00,79.66,79.73,79.6121,79.6121,4833
2026-04-29 14:45:00,79.67,79.71,79.62,79.65,2144
2026-04-29 14:50:00,79.74,79.765,79.68,79.7,6652
2026-04-29 14:55:00,79.66,79.79,79.66,79.79,12129
2026-04-29 15:00:00,79.81,79.86,79.79,79.83,19910
2026-04-29 15:05:00,79.79,79.88,79.76,79.79,11914
2026-04-29 15:10:00,79.79,79.9,79.77,79.885,12607
2026-04-29 15:15:00,79.89,79.89,79.82,79.82,10484
2026-04-29 15:20:00,79.8201,79.89,79.82,79.87,12185
2026-04-29 15:25:00,79.86,79.87,79.72,79.72,15997
2026-04-29 15:30:00,79.72,79.73,79.66,79.67,13527
2026-04-29 15:35:00,79.7,79.92,79.7,79.92,17028
2026-04-29 15:40:00,79.93,79.94,79.89,79.925,8592
2026-04-29 15:45:00,79.925,80,79.915,79.99,12131
2026-04-29 15:50:00,79.97,80.09,79.97,80.05,24038
2026-04-29 15:55:00,80.05,80.07,79.965,80.02,51762
2026-04-29 16:00:00,79.99,80.2,79.99,80.2,3955
2026-04-30 09:30:00,79.95,80.58,79.95,80.41,17963
2026-04-30 09:35:00,80.28,80.395,80.14,80.14,2050
2026-04-30 09:40:00,80.23,80.37,80.17,80.17,2393
2026-04-30 09:45:00,80.14,80.18,79.97,79.97,7288
2026-04-30 09:50:00,79.92,80.12,79.92,80.08,14169
2026-04-30 09:55:00,80.06,80.16,80.03,80.08,11299
2026-04-30 10:00:00,80.08,80.12,80,80.05,6000
2026-04-30 10:05:00,80.09,80.26,80.085,80.26,36522
2026-04-30 10:10:00,80.26,80.34,80.14,80.15,9201
2026-04-30 10:15:00,80.16,80.45,80.16,80.45,43819
2026-04-30 10:20:00,80.5,80.6,80.48,80.57,4732
2026-04-30 10:25:00,80.61,80.63,80.52,80.63,9097
2026-04-30 10:30:00,80.65,80.8,80.62,80.78,20443
2026-04-30 10:35:00,80.77,80.85,80.7,80.825,12704
2026-04-30 10:40:00,80.83,80.83,80.71,80.73,1342
2026-04-30 10:45:00,80.75,80.86,80.73,80.81,8992
2026-04-30 10:50:00,80.8,80.88,80.8,80.83,6445
2026-04-30 10:55:00,80.8,80.86,80.76,80.86,3466
2026-04-30 11:00:00,80.83,80.83,80.675,80.68,3009
2026-04-30 11:05:00,80.67,80.76,80.66,80.69,1678
2026-04-30 11:10:00,80.7,80.73,80.63,80.63,6375
2026-04-30 11:15:00,80.61,80.65,80.58,80.64,1926
2026-04-30 11:20:00,80.65,80.655,80.63,80.63,1977
2026-04-30 11:25:00,80.65,80.7,80.65,80.66,3389
2026-04-30 11:30:00,80.68,80.68,80.54,80.54,2558
2026-04-30 11:35:00,80.54,80.59,80.51,80.59,1936
2026-04-30 11:40:00,80.58,80.63,80.54,80.55,3709
2026-04-30 11:45:00,80.53,80.545,80.5299,80.54,964
2026-04-30 11:50:00,80.56,80.59,80.545,80.58,3545
2026-04-30 11:55:00,80.5599,80.59,80.54,80.59,8040
2026-04-30 12:00:00,80.58,80.59,80.54,80.59,2855
2026-04-30 12:05:00,80.56,80.625,80.5503,80.625,4193
2026-04-30 12:10:00,80.62,80.64,80.605,80.63,1839
2026-04-30 12:15:00,80.6,80.61,80.5899,80.5899,1542
2026-04-30 12:20:00,80.55,80.59,80.54,80.59,3765
2026-04-30 12:25:00,80.6,80.6,80.57,80.6,1681
2026-04-30 12:30:00,80.58,80.58,80.52,80.54,2334
2026-04-30 12:35:00,80.51,80.57,80.51,80.51,3266
2026-04-30 12:40:00,80.51,80.52,80.475,80.475,2370
2026-04-30 12:45:00,80.46,80.52,80.44,80.5,1945
2026-04-30 12:50:00,80.47,80.49,80.44,80.47,3124
2026-04-30 12:55:00,80.46,80.47,80.41,80.47,800
2026-04-30 13:00:00,80.465,80.47,80.39,80.41,3420
2026-04-30 13:05:00,80.41,80.4987,80.41,80.47,1434
2026-04-30 13:10:00,80.49,80.51,80.48,80.51,1000
2026-04-30 13:15:00,80.52,80.54,80.485,80.51,5880
2026-04-30 13:20:00,80.52,80.54,80.51,80.52,1182
2026-04-30 13:25:00,80.53,80.53,80.5,80.5,1123
2026-04-30 13:30:00,80.56,80.65,80.56,80.63,6799
2026-04-30 13:35:00,80.65,80.69,80.62,80.635,808
2026-04-30 13:40:00,80.63,80.685,80.63,80.64,4020
2026-04-30 13:45:00,80.64,80.695,80.64,80.66,2340
2026-04-30 13:50:00,80.66,80.66,80.625,80.64,5024
2026-04-30 13:55:00,80.62,80.64,80.6,80.6,1206
2026-04-30 14:00:00,80.64,80.695,80.64,80.64,2235
2026-04-30 14:05:00,80.6599,80.66,80.61,80.62,3193
2026-04-30 14:10:00,80.64,80.7,80.64,80.68,2004
2026-04-30 14:15:00,80.65,80.74,80.65,80.73,2593
2026-04-30 14:20:00,80.74,80.77,80.71,80.76,2151
2026-04-30 14:25:00,80.75,80.75,80.6992,80.74,1197
2026-04-30 14:30:00,80.76,80.82,80.7501,80.82,1779
2026-04-30 14:35:00,80.85,80.89,80.85,80.87,1162
2026-04-30 14:40:00,80.89,80.89,80.83,80.83,1671
2026-04-30 14:45:00,80.83,80.84,80.8,80.82,1588
2026-04-30 14:50:00,80.83,80.87,80.82,80.87,3692
2026-04-30 14:55:00,80.8703,80.9,80.86,80.88,3029
2026-04-30 15:00:00,80.88,81.02,80.88,81.02,3850
2026-04-30 15:05:00,81,81.03,80.98,81.03,1339
2026-04-30 15:10:00,81.05,81.075,81.01,81.03,3146
2026-04-30 15:15:00,81.03,81.06,81.01,81.03,2732
2026-04-30 15:20:00,81.04,81.08,81.01,81.08,4893
2026-04-30 15:25:00,81.075,81.17,81.06,81.13,3129
2026-04-30 15:30:00,81.13,81.145,81.02,81.04,8616
2026-04-30 15:35:00,81.05,81.08,80.99,81.06,5186
2026-04-30 15:40:00,81.04,81.11,81.01,81.1,3874
2026-04-30 15:45:00,81.15,81.23,81.13,81.22,8388
2026-04-30 15:50:00,81.25,81.36,81.25,81.325,8756
2026-04-30 15:55:00,81.31,81.35,81.245,81.245,19115
2026-04-30 16:00:00,81.27,81.3,81.27,81.3,4339
2026-04-30 18:15:00,81.9984,81.9984,81.9984,81.9984,200
2026-05-01 08:10:00,81.43,81.43,81.43,81.43,200
2026-05-01 09:30:00,81.62,81.74,81.21,81.21,13444
2026-05-01 09:35:00,81.41,81.46,81.2,81.2,1310
2026-05-01 09:40:00,80.95,81.095,80.91,81.09,4100
2026-05-01 09:45:00,81.14,81.22,80.99,81.06,7848
2026-05-01 09:50:00,81,81.03,80.89,81.03,4991
2026-05-01 09:55:00,81.145,81.41,81.14,81.36,6740
2026-05-01 10:00:00,81.38,81.43,81.22,81.26,7406
2026-05-01 10:05:00,81.27,81.375,81.17,81.2,36285
2026-05-01 10:10:00,81.26,81.27,81.1,81.14,3892
2026-05-01 10:15:00,81.17,81.32,81.17,81.24,7018
2026-05-01 10:20:00,81.26,81.3,81.24,81.28,8386
2026-05-01 10:25:00,81.28,81.28,81.11,81.13,7655
2026-05-01 10:30:00,81.11,81.1699,81.11,81.12,4462
2026-05-01 10:35:00,81.11,81.11,81,81.09,5449
2026-05-01 10:40:00,81,81.11,81,81.06,5202
2026-05-01 10:45:00,81.05,81.06,80.93,80.93,940
2026-05-01 10:50:00,80.93,81.01,80.92,80.96,18439
2026-05-01 10:55:00,80.94,81.15,80.94,81.02,11959
2026-05-01 11:00:00,81.005,81.165,81,81.14,15044
2026-05-01 11:05:00,81.1,81.26,81.1,81.21,15229
2026-05-01 11:10:00,81.21,81.31,81.16,81.17,8684
2026-05-01 11:15:00,81.17,81.21,81.08,81.08,3050
2026-05-01 11:20:00,81.08,81.18,81.05,81.17,2415
2026-05-01 11:25:00,81.21,81.25,81.2,81.2,2000
2026-05-01 11:30:00,81.2,81.29,81.2,81.23,2230
2026-05-01 11:35:00,81.23,81.295,81.18,81.19,4803
2026-05-01 11:40:00,81.2,81.26,81.2,81.26,1556
2026-05-01 11:45:00,81.25,81.27,81.21,81.21,1410
2026-05-01 11:50:00,81.23,81.23,81.09,81.19,8986
2026-05-01 11:55:00,81.21,81.21,81.15,81.15,418
2026-05-01 12:00:00,81.1,81.1,81.02,81.07,1409
2026-05-01 12:05:00,81.07,81.07,81.01,81.045,2110
2026-05-01 12:10:00,81.03,81.06,81,81.0032,1868
2026-05-01 12:15:00,81,81.04,81,81.04,1260
2026-05-01 12:20:00,81.07,81.08,80.96,80.97,2675
2026-05-01 12:25:00,80.93,80.97,80.93,80.94,1508
2026-05-01 12:30:00,80.9,80.9,80.83,80.87,12257
2026-05-01 12:35:00,80.88,80.9,80.87,80.885,5043
2026-05-01 12:40:00,80.91,80.93,80.9,80.9,1334
2026-05-01 12:45:00,80.88,80.93,80.87,80.89,2975
2026-05-01 12:50:00,80.89,80.89,80.87,80.89,300
2026-05-01 12:55:00,80.86,80.88,80.86,80.88,500
2026-05-01 13:00:00,80.97,80.98,80.97,80.98,300
2026-05-01 13:05:00,81.0099,81.02,81.0099,81.02,667
2026-05-01 13:10:00,80.985,80.99,80.97,80.97,300
2026-05-01 13:15:00,81.02,81.03,81,81,540
2026-05-01 13:20:00,81.01,81.04,81.01,81.04,1109
2026-05-01 13:25:00,81.035,81.08,81.02,81.04,5797
2026-05-01 13:30:00,81.05,81.09,81.05,81.08,1084
2026-05-01 13:35:00,81.06,81.06,80.965,80.965,450
2026-05-01 13:40:00,81,81.01,80.98,81,1908
2026-05-01 13:45:00,81,81.005,80.98,80.98,1021
2026-05-01 13:50:00,81,81.12,81,81.11,1150
2026-05-01 13:55:00,81.1,81.1,81.06,81.06,1609
2026-05-01 14:00:00,81.0301,81.0301,80.98,81.0199,978
2026-05-01 14:05:00,80.99,80.99,80.91,80.91,3092
2026-05-01 14:10:00,80.9,80.98,80.88,80.97,900
2026-05-01 14:15:00,80.91,81,80.91,80.98,6937
2026-05-01 14:20:00,80.97,80.975,80.935,80.95,3430
2026-05-01 14:25:00,80.95,81.08,80.95,81.08,1466
2026-05-01 14:30:00,81.11,81.12,81.02,81.02,1844
2026-05-01 14:35:00,80.99,81,80.98,81,640
2026-05-01 14:40:00,81,81.07,80.99,81.05,1016
2026-05-01 14:45:00,81.04,81.07,81.02,81.02,1140
2026-05-01 14:50:00,81.03,81.03,81,81,1021
2026-05-01 14:55:00,80.97,80.97,80.94,80.9401,1330
2026-05-01 15:00:00,80.93,80.98,80.9,80.9,1262
2026-05-01 15:05:00,80.89,80.8999,80.85,80.86,1100
2026-05-01 15:10:00,80.88,80.92,80.87,80.885,2606
2026-05-01 15:15:00,80.86,80.88,80.83,80.88,4363
2026-05-01 15:20:00,80.875,80.92,80.84,80.84,3610
2026-05-01 15:25:00,80.83,80.86,80.79,80.8,1200
2026-05-01 15:30:00,80.83,80.84,80.76,80.78,3152
2026-05-01 15:35:00,80.79,80.83,80.79,80.83,2854
2026-05-01 15:40:00,80.84,80.84,80.81,80.81,2033
2026-05-01 15:45:00,80.795,80.81,80.78,80.78,2639
2026-05-01 15:50:00,80.79,80.83,80.72,80.78,14503
2026-05-01 15:55:00,80.785,80.835,80.77,80.785,16326
2026-05-01 16:00:00,80.8,80.96,80.8,80.96,2955
2026-05-01 17:15:00,81,81,81,81,100
2026-05-04 09:25:00,79.67,79.67,79.67,79.67,100
2026-05-04 09:30:00,79.75,79.75,78.83,78.87,41473
2026-05-04 09:35:00,78.94,79.1,78.85,78.85,11647
2026-05-04 09:40:00,78.8,78.8,78.49,78.5,7627
2026-05-04 09:45:00,78.66,78.8,78.59,78.79,17750
2026-05-04 09:50:00,78.84,79.14,78.75,79.05,7050
2026-05-04 09:55:00,79.05,79.05,78.8,78.8,9572
2026-05-04 10:00:00,78.795,78.83,78.71,78.71,5887
2026-05-04 10:05:00,78.68,78.765,78.57,78.57,5049
2026-05-04 10:10:00,78.605,78.875,78.605,78.805,5236
2026-05-04 10:15:00,78.78,78.9,78.74,78.89,5341
2026-05-04 10:20:00,78.86,78.91,78.74,78.74,2879
2026-05-04 10:25:00,78.7,78.87,78.7,78.86,5616
2026-05-04 10:30:00,78.85,79.055,78.85,79,9231
2026-05-04 10:35:00,79.02,79.02,78.885,78.885,1500
2026-05-04 10:40:00,78.89,78.92,78.785,78.79,3567
2026-05-04 10:45:00,78.79,78.81,78.69,78.69,5415
2026-05-04 10:50:00,78.68,78.86,78.68,78.83,3544
2026-05-04 10:55:00,78.835,78.85,78.63,78.64,5073
2026-05-04 11:00:00,78.59,78.71,78.55,78.7,6577
2026-05-04 11:05:00,78.67,78.728,78.63,78.63,5404
2026-05-04 11:10:00,78.635,78.7,78.625,78.65,3208
2026-05-04 11:15:00,78.64,78.69,78.5,78.5,5773
2026-05-04 11:20:00,78.49,78.49,78.25,78.2805,4432
2026-05-04 11:25:00,78.31,78.385,78.25,78.3,3321
2026-05-04 11:30:00,78.325,78.34,78.22,78.255,5369
2026-05-04 11:35:00,78.26,78.26,78.1,78.105,5948
2026-05-04 11:40:00,78.09,78.1801,78.06,78.18,6708
2026-05-04 11:45:00,78.15,78.175,78.11,78.11,7934
2026-05-04 11:50:00,78.09,78.18,77.99,78.175,10007
2026-05-04 11:55:00,78.18,78.18,78.035,78.035,30124
2026-05-04 12:00:00,78.035,78.08,77.94,77.94,9503
2026-05-04 12:05:00,77.91,77.96,77.68,77.735,6682
2026-05-04 12:10:00,77.76,77.81,77.72,77.725,165494
2026-05-04 12:15:00,77.72,78.09,77.7018,78.09,9711
2026-05-04 12:20:00,78.065,78.16,78.065,78.1,5994
2026-05-04 12:25:00,78.13,78.17,78.07,78.075,2000
2026-05-04 12:30:00,78.06,78.19,78.06,78.085,6183
2026-05-04 12:35:00,78.09,78.09,77.99,78.039,5237
2026-05-04 12:40:00,78,78.03,77.98,77.99,1554
2026-05-04 12:45:00,77.92,77.9307,77.88,77.89,1500
2026-05-04 12:50:00,77.87,77.92,77.85,77.91,2050
2026-05-04 12:55:00,77.88,77.91,77.865,77.91,1534
2026-05-04 13:00:00,77.92,77.98,77.92,77.98,2150
2026-05-04 13:05:00,78.005,78.06,77.995,77.995,1369
2026-05-04 13:10:00,77.99,77.995,77.945,77.945,900
2026-05-04 13:15:00,77.93,78.08,77.9,78.0596,4200
2026-05-04 13:20:00,78.075,78.15,78.075,78.11,7262
2026-05-04 13:25:00,78.1,78.12,78.065,78.07,1900
2026-05-04 13:30:00,78.045,78.05,77.97,77.97,1000
2026-05-04 13:35:00,77.96,77.96,77.91,77.93,1484
2026-05-04 13:40:00,77.955,78.05,77.955,78.05,1602
2026-05-04 13:45:00,78.05,78.09,78.035,78.09,1518
2026-05-04 13:50:00,78.085,78.1,78.05,78.07,1512
2026-05-04 13:55:00,78.06,78.08,78.02,78.06,3429
2026-05-04 14:00:00,78.05,78.12,78.03,78.12,2360
2026-05-04 14:05:00,78.09,78.1,78.04,78.04,1165
2026-05-04 14:10:00,78.04,78.05,78.01,78.01,1900
2026-05-04 14:15:00,77.99,77.99,77.955,77.965,1380
2026-05-04 14:20:00,77.94,77.96,77.895,77.895,1878
2026-05-04 14:25:00,77.895,77.925,77.835,77.835,2750
2026-05-04 14:30:00,77.82,77.82,77.725,77.725,4491
2026-05-04 14:35:00,77.71,77.72,77.68,77.68,1558
2026-05-04 14:40:00,77.67,77.71,77.65,77.665,4834
2026-05-04 14:45:00,77.665,77.72,77.6601,77.69,3118
2026-05-04 14:50:00,77.71,77.71,77.63,77.655,4162
2026-05-04 14:55:00,77.655,77.725,77.655,77.69,3848
2026-05-04 15:00:00,77.69,77.69,77.6,77.6,4970
2026-05-04 15:05:00,77.595,77.78,77.59,77.76,8368
2026-05-04 15:10:00,77.74,77.77,77.69,77.715,4938
2026-05-04 15:15:00,77.7299,77.7299,77.62,77.63,8120
2026-05-04 15:20:00,77.61,77.69,77.61,77.64,7600
2026-05-04 15:25:00,77.645,77.66,77.53,77.54,9600
2026-05-04 15:30:00,77.54,77.6,77.52,77.6,18843
2026-05-04 15:35:00,77.62,77.63,77.53,77.56,15282
2026-05-04 15:40:00,77.6,77.62,77.535,77.57,10108
2026-05-04 15:45:00,77.55,77.64,77.55,77.59,6710
2026-05-04 15:50:00,77.58,77.6,77.51,77.58,13623
2026-05-04 15:55:00,77.59,77.65,77.52,77.65,26824
2026-05-04 16:00:00,77.61,77.61,77.61,77.61,2644
2026-05-04 17:25:00,77.3089,77.3089,77.3089,77.3089,100
2026-05-05 09:15:00,77.731,77.731,77.731,77.731,100
2026-05-05 09:30:00,78.01,78.38,78.01,78.33,11949
2026-05-05 09:35:00,78.27,78.32,78.055,78.18,6856
2026-05-05 09:40:00,78.185,78.2,78.03,78.15,1969
2026-05-05 09:45:00,78.14,78.22,78.13,78.19,2925
2026-05-05 09:50:00,78.2,78.39,78.2,78.39,3736
2026-05-05 09:55:00,78.44,78.5919,78.44,78.5919,8113
2026-05-05 10:00:00,78.68,78.79,78.66,78.71,4440
2026-05-05 10:05:00,78.695,78.9,78.695,78.9,2594
2026-05-05 10:10:00,78.93,78.985,78.86,78.9,4805
2026-05-05 10:15:00,78.88,78.98,78.88,78.89,1561
2026-05-05 10:20:00,78.83,78.93,78.83,78.88,1555
2026-05-05 10:25:00,78.91,78.91,78.81,78.83,1716
2026-05-05 10:30:00,78.8,78.8,78.71,78.73,904
2026-05-05 10:35:00,78.71,78.71,78.6384,78.6384,1067
2026-05-05 10:40:00,78.61,78.68,78.61,78.66,2650
2026-05-05 10:45:00,78.67,78.67,78.56,78.575,3905
2026-05-05 10:50:00,78.56,78.62,78.56,78.62,506
2026-05-05 10:55:00,78.63,78.695,78.62,78.695,1234
2026-05-05 11:00:00,78.71,78.74,78.71,78.73,1013
2026-05-05 11:05:00,78.69,78.73,78.69,78.7269,1938
2026-05-05 11:10:00,78.7401,78.76,78.725,78.7599,940
2026-05-05 11:15:00,78.71,78.71,78.67,78.67,3718
2026-05-05 11:20:00,78.69,78.69,78.64,78.66,643
2026-05-05 11:25:00,78.67,78.705,78.6619,78.705,476
2026-05-05 11:30:00,78.71,78.72,78.65,78.675,2285
2026-05-05 11:35:00,78.6543,78.6543,78.51,78.52,716
2026-05-05 11:40:00,78.515,78.52,78.49,78.51,3060
2026-05-05 11:45:00,78.5171,78.525,78.495,78.51,1019
2026-05-05 11:50:00,78.5,78.55,78.5,78.535,1661
2026-05-05 11:55:00,78.56,78.6,78.56,78.57,1706
2026-05-05 12:00:00,78.58,78.58,78.51,78.53,13838
2026-05-05 12:05:00,78.515,78.5799,78.515,78.555,3682
2026-05-05 12:10:00,78.57,78.645,78.57,78.645,550
2026-05-05 12:15:00,78.66,78.66,78.61,78.6201,2867
2026-05-05 12:20:00,78.635,78.655,78.62,78.635,2623
2026-05-05 12:25:00,78.64,78.66,78.6,78.655,2774
2026-05-05 12:30:00,78.67,78.67,78.62,78.62,1562
2026-05-05 12:35:00,78.635,78.6401,78.62,78.64,1370
2026-05-05 12:40:00,78.64,78.64,78.59,78.595,1883
2026-05-05 12:45:00,78.59,78.62,78.59,78.62,207
2026-05-05 12:50:00,78.595,78.595,78.58,78.59,2091
2026-05-05 12:55:00,78.61,78.63,78.6,78.61,902
2026-05-05 13:00:00,78.61,78.61,78.61,78.61,100
2026-05-05 13:05:00,78.61,78.61,78.54,78.54,666
2026-05-05 13:10:00,78.55,78.5699,78.54,78.54,2618
2026-05-05 13:15:00,78.535,78.59,78.535,78.59,500
2026-05-05 13:20:00,78.64,78.655,78.61,78.61,2880
2026-05-05 13:25:00,78.59,78.6,78.565,78.57,1216
2026-05-05 13:30:00,78.57,78.66,78.57,78.66,5304
2026-05-05 13:35:00,78.67,78.67,78.64,78.67,1550
2026-05-05 13:40:00,78.675,78.7,78.675,78.7,1300
2026-05-05 13:45:00,78.68,78.71,78.675,78.675,2868
2026-05-05 13:50:00,78.67,78.67,78.64,78.66,1657
2026-05-05 13:55:00,78.66,78.6799,78.64,78.67,3910
2026-05-05 14:00:00,78.69,78.74,78.69,78.74,1783
2026-05-05 14:05:00,78.74,78.84,78.74,78.83,2539
2026-05-05 14:10:00,78.86,78.92,78.84,78.92,1953
2026-05-05 14:15:00,78.935,78.935,78.9,78.92,2202
2026-05-05 14:20:00,78.88,78.88,78.82,78.83,4111
2026-05-05 14:25:00,78.82,78.82,78.78,78.78,700
2026-05-05 14:30:00,78.795,78.83,78.785,78.79,2405
2026-05-05 14:35:00,78.81,78.84,78.81,78.84,474
2026-05-05 14:40:00,78.83,78.84,78.815,78.835,1150
2026-05-05 14:45:00,78.83,78.86,78.83,78.86,636
2026-05-05 14:50:00,78.885,78.89,78.85,78.87,2093
2026-05-05 14:55:00,78.895,78.9,78.88,78.9,650
2026-05-05 15:00:00,78.885,78.93,78.885,78.93,1259
2026-05-05 15:05:00,78.91,78.97,78.9001,78.97,1285
2026-05-05 15:10:00,78.965,78.995,78.96,78.985,5065
2026-05-05 15:15:00,79,79.025,78.97,79.02,2869
2026-05-05 15:20:00,79.02,79.06,79.01,79.01,4022
2026-05-05 15:25:00,79.01,79.03,78.98,78.985,1910
2026-05-05 15:30:00,78.98,78.9868,78.92,78.92,3660
2026-05-05 15:35:00,78.92,78.93,78.88,78.88,3050
2026-05-05 15:40:00,78.87,78.93,78.86,78.92,11624
2026-05-05 15:45:00,78.92,78.94,78.85,78.87,3455
2026-05-05 15:50:00,78.88,78.88,78.81,78.81,7210
2026-05-05 15:55:00,78.78,78.82,78.74,78.79,12494
2026-05-05 16:00:00,78.81,78.99,78.81,78.99,3547
2026-05-05 18:50:00,79.14,79.15,79.14,79.15,2290
2026-05-06 06:55:00,80.15,80.73,80.15,80.73,658
2026-05-06 07:00:00,80.23,80.23,80.23,80.23,100
2026-05-06 07:10:00,81.2,81.42,81.2,81.42,452
2026-05-06 07:50:00,80.66,80.923,80.66,80.923,258
2026-05-06 07:55:00,80.66,80.66,80.64,80.64,256
2026-05-06 08:10:00,80.71,80.71,80.71,80.71,1841
2026-05-06 08:15:00,80.78,80.78,80.73,80.73,382
2026-05-06 08:30:00,80.67,80.67,80.67,80.67,1600
2026-05-06 08:35:00,80.67,80.67,80.64,80.64,1400
2026-05-06 08:45:00,80.5,80.5,80.5,80.5,100
2026-05-06 09:00:00,79.5534,79.5534,79.5534,79.5534,129
2026-05-06 09:30:00,80.41,81.16,80.41,80.69,7439
2026-05-06 09:35:00,80.82,81.25,80.82,81.25,12133
2026-05-06 09:40:00,81.19,81.19,80.9,80.9,2599
2026-05-06 09:45:00,80.95,81,80.795,80.8,6696
2026-05-06 09:50:00,80.78,80.78,80.52,80.66,4100
2026-05-06 09:55:00,80.68,80.785,80.59,80.74,5825
2026-05-06 10:00:00,80.75,80.81,80.68,80.79,5310
2026-05-06 10:05:00,80.81,80.95,80.77,80.94,5866
2026-05-06 10:10:00,80.97,81.1,80.88,81.075,5036
2026-05-06 10:15:00,81.155,81.3,81.05,81.28,4412
2026-05-06 10:20:00,81.23,81.32,81.15,81.32,2982
2026-05-06 10:25:00,81.31,81.36,81.17,81.18,6145
2026-05-06 10:30:00,81.21,81.315,81.18,81.29,7182
2026-05-06 10:35:00,81.2,81.29,81.2,81.23,13858
2026-05-06 10:40:00,81.24,81.34,81.21,81.34,9302
2026-05-06 10:45:00,81.34,81.34,81.24,81.31,1825
2026-05-06 10:50:00,81.335,81.39,81.315,81.39,2057
2026-05-06 10:55:00,81.39,81.515,81.39,81.51,2065
2026-05-06 11:00:00,81.58,81.58,81.515,81.56,4093
2026-05-06 11:05:00,81.54,81.5699,81.43,81.46,3993
2026-05-06 11:10:00,81.445,81.56,81.445,81.56,67678
2026-05-06 11:15:00,81.54,81.55,81.46,81.55,2896
2026-05-06 11:20:00,81.55,81.56,81.52,81.54,3789
2026-05-06 11:25:00,81.5,81.5,81.46,81.465,1000
2026-05-06 11:30:00,81.465,81.465,81.38,81.4,9214
2026-05-06 11:35:00,81.4,81.4,81.21,81.21,1800
2026-05-06 11:40:00,81.2,81.265,81.15,81.19,9009
2026-05-06 11:45:00,81.185,81.21,81.13,81.16,2863
2026-05-06 11:50:00,81.22,81.27,81.22,81.27,2084
2026-05-06 11:55:00,81.33,81.35,81.26,81.29,1839
2026-05-06 12:00:00,81.28,81.31,81.215,81.215,2156
2026-05-06 12:05:00,81.23,81.23,81.13,81.13,1450
2026-05-06 12:10:00,81.095,81.115,81.07,81.11,800
2026-05-06 12:15:00,81.15,81.19,81.11,81.145,1359
2026-05-06 12:20:00,81.2,81.26,81.1864,81.25,3517
2026-05-06 12:25:00,81.28,81.3,81.27,81.29,2000
2026-05-06 12:30:00,81.32,81.355,81.32,81.35,2119
2026-05-06 12:35:00,81.38,81.435,81.38,81.435,816
2026-05-06 12:40:00,81.45,81.46,81.39,81.39,1600
2026-05-06 12:45:00,81.37,81.38,81.31,81.38,1700
2026-05-06 12:50:00,81.35,81.35,81.292,81.31,6396
2026-05-06 12:55:00,81.31,81.36,81.31,81.355,1957
2026-05-06 13:00:00,81.355,81.355,81.28,81.34,4483
2026-05-06 13:05:00,81.34,81.43,81.33,81.395,1700
2026-05-06 13:10:00,81.39,81.39,81.295,81.325,1271
2026-05-06 13:15:00,81.31,81.31,81.26,81.29,1785
2026-05-06 13:20:00,81.29,81.36,81.29,81.32,12200
2026-05-06 13:25:00,81.365,81.405,81.35,81.405,1783
2026-05-06 13:30:00,81.4,81.435,81.38,81.42,1500
2026-05-06 13:35:00,81.41,81.42,81.31,81.32,2450
2026-05-06 13:40:00,81.31,81.31,81.26,81.29,1315
2026-05-06 13:45:00,81.31,81.32,81.28,81.29,1932
2026-05-06 13:50:00,81.3,81.35,81.3,81.345,2800
2026-05-06 13:55:00,81.35,81.4,81.34,81.4,1475
2026-05-06 14:00:00,81.42,81.43,81.38,81.41,1000
2026-05-06 14:05:00,81.42,81.42,81.33,81.38,2520
2026-05-06 14:10:00,81.36,81.39,81.355,81.385,2607
2026-05-06 14:15:00,81.42,81.49,81.42,81.475,3354
2026-05-06 14:20:00,81.51,81.55,81.5,81.55,1610
2026-05-06 14:25:00,81.535,81.54,81.52,81.54,1507
2026-05-06 14:30:00,81.55,81.63,81.55,81.62,3132
2026-05-06 14:35:00,81.65,81.655,81.64,81.65,1300
2026-05-06 14:40:00,81.62,81.63,81.5391,81.58,4414
2026-05-06 14:45:00,81.555,81.61,81.55,81.61,2200
2026-05-06 14:50:00,81.59,81.71,81.555,81.585,934559
2026-05-06 14:55:00,81.59,81.69,81.59,81.67,4100
2026-05-06 15:00:00,81.68,81.73,81.67,81.71,101515
2026-05-06 15:05:00,81.71,81.79,81.71,81.74,4903
2026-05-06 15:10:00,81.75,81.83,81.75,81.795,4128
2026-05-06 15:15:00,81.83,82.025,81.81,82.01,4378
2026-05-06 15:20:00,82,82.06,81.955,82.06,4984
2026-05-06 15:25:00,82.04,82.06,81.96,81.99,10521
2026-05-06 15:30:00,81.96,81.9945,81.91,81.91,7195
2026-05-06 15:35:00,81.93,82.01,81.89,81.91,3422
2026-05-06 15:40:00,81.9,81.92,81.79,81.79,7570
2026-05-06 15:45:00,81.8,81.91,81.71,81.73,5620
2026-05-06 15:50:00,81.74,81.8,81.72,81.76,15586
2026-05-06 15:55:00,81.77,81.805,81.61,81.61,17546
2026-05-06 16:00:00,81.61,81.61,81.39,81.39,5622
2026-05-07 09:30:00,81.88,82.37,81.88,82.2514,13168
2026-05-07 09:35:00,82.19,82.21,82.1,82.1,3800
2026-05-07 09:40:00,82.01,82.01,81.88,82,9680
2026-05-07 09:45:00,82.03,82.08,81.91,81.91,3413
2026-05-07 09:50:00,81.95,81.95,81.83,81.83,3006
2026-05-07 09:55:00,81.7628,81.79,81.685,81.685,4098
2026-05-07 10:00:00,81.735,81.735,81.6606,81.715,1905
2026-05-07 10:05:00,81.7473,81.755,81.57,81.57,4346
2026-05-07 10:10:00,81.455,81.54,81.45,81.45,2692
2026-05-07 10:15:00,81.47,81.51,81.36,81.36,4071
2026-05-07 10:20:00,81.37,81.37,81.27,81.27,1155
2026-05-07 10:25:00,81.27,81.32,81.27,81.32,921
2026-05-07 10:30:00,81.305,81.45,81.305,81.44,1600
2026-05-07 10:35:00,81.425,81.45,81.425,81.45,487
2026-05-07 10:40:00,81.4001,81.4001,81.4001,81.4001,153
2026-05-07 10:45:00,81.42,81.45,81.42,81.45,300
2026-05-07 10:50:00,81.45,81.45,81.29,81.29,620
2026-05-07 10:55:00,81.32,81.32,81.25,81.25,78647
2026-05-07 11:00:00,81.38,81.43,81.37,81.37,3800
2026-05-07 11:05:00,81.425,81.57,81.41,81.52,8629
2026-05-07 11:10:00,81.6,81.62,81.57,81.615,2801
2026-05-07 11:15:00,81.62,81.64,81.6,81.61,4063
2026-05-07 11:20:00,81.58,81.58,81.5,81.5,1385
2026-05-07 11:25:00,81.455,81.48,81.41,81.445,1450
2026-05-07 11:30:00,81.49,81.56,81.47,81.55,5134
2026-05-07 11:35:00,81.54,81.56,81.52,81.525,3558
2026-05-07 11:40:00,81.545,81.56,81.525,81.56,6955
2026-05-07 11:45:00,81.66,81.66,81.59,81.59,2560
2026-05-07 11:50:00,81.605,81.65,81.58,81.58,1864
2026-05-07 11:55:00,81.54,81.56,81.39,81.42,3577
2026-05-07 12:00:00,81.41,81.435,81.375,81.41,2348
2026-05-07 12:05:00,81.4,81.4,81.325,81.345,2353
2026-05-07 12:10:00,81.335,81.35,81.295,81.295,1920
2026-05-07 12:15:00,81.22,81.22,81.17,81.17,2197
2026-05-07 12:20:00,81.155,81.25,81.155,81.22,2581
2026-05-07 12:25:00,81.25,81.325,81.25,81.325,923
2026-05-07 12:30:00,81.35,81.425,81.35,81.405,1369
2026-05-07 12:35:00,81.395,81.4,81.3,81.3,1232
2026-05-07 12:40:00,81.2899,81.295,81.26,81.26,3362
2026-05-07 12:45:00,81.28,81.28,81.2,81.21,1064
2026-05-07 12:50:00,81.19,81.21,81.08,81.095,5253
2026-05-07 12:55:00,81.16,81.16,81.06,81.06,1428
2026-05-07 13:00:00,81.05,81.12,81.0266,81.12,1347
2026-05-07 13:05:00,81.09,81.2132,81.09,81.2,1578
2026-05-07 13:10:00,81.15,81.15,81.11,81.15,1528
2026-05-07 13:15:00,81.175,81.175,81.115,81.115,1410
2026-05-07 13:20:00,81.12,81.14,81.07,81.14,1936
2026-05-07 13:25:00,81.19,81.19,80.82,80.87,8963
2026-05-07 13:30:00,80.82,80.91,80.76,80.9,5305
2026-05-07 13:35:00,80.87,80.91,80.84,80.84,1539
2026-05-07 13:40:00,80.83,80.83,80.72,80.72,1669
2026-05-07 13:45:00,80.73,80.78,80.725,80.74,1793
2026-05-07 13:50:00,80.75,80.8,80.71,80.8,2725
2026-05-07 13:55:00,80.85,80.935,80.835,80.935,2482
2026-05-07 14:00:00,80.94,80.95,80.86,80.86,1295
2026-05-07 14:05:00,80.8721,80.94,80.8721,80.88,3240
2026-05-07 14:10:00,80.87,80.94,80.86,80.94,1122
2026-05-07 14:15:00,80.94,81.01,80.93,81.01,1160
2026-05-07 14:20:00,80.96,81.01,80.95,80.965,1249
2026-05-07 14:25:00,80.93,80.97,80.895,80.9165,4414
2026-05-07 14:30:00,80.95,81.02,80.95,80.99,997
2026-05-07 14:35:00,80.94,80.96,80.89,80.95,1766
2026-05-07 14:40:00,80.925,80.955,80.78,80.82,2440
2026-05-07 14:45:00,80.785,80.86,80.785,80.84,1800
2026-05-07 14:50:00,80.84,80.87,80.79,80.85,1667
2026-05-07 14:55:00,80.84,80.88,80.82,80.85,3332
2026-05-07 15:00:00,80.895,80.905,80.81,80.87,2881
2026-05-07 15:05:00,80.88,80.96,80.88,80.95,3505
2026-05-07 15:10:00,80.96,81,80.925,80.925,4017
2026-05-07 15:15:00,80.98,80.98,80.86,80.93,3146
2026-05-07 15:20:00,80.9,80.95,80.86,80.86,3068
2026-05-07 15:25:00,80.85,80.89,80.83,80.845,2291
2026-05-07 15:30:00,80.855,80.855,80.81,80.81,2209
2026-05-07 15:35:00,80.8,80.8,80.72,80.76,3018
2026-05-07 15:40:00,80.77,80.81,80.71,80.79,7671
2026-05-07 15:45:00,80.76,80.79,80.74,80.78,2384
2026-05-07 15:50:00,80.8,80.875,80.72,80.8,11913
2026-05-07 15:55:00,80.77,80.84,80.7,80.77,32928
2026-05-07 16:00:00,80.77,80.81,80.77,80.81,3158
2026-05-08 07:05:00,81.65,81.65,81.65,81.65,100
2026-05-08 09:30:00,80.95,81,80.55,80.55,11954
2026-05-08 09:35:00,80.51,80.69,80.51,80.675,9303
2026-05-08 09:40:00,80.64,80.815,80.5725,80.76,12584
2026-05-08 09:45:00,80.76,80.835,80.69,80.835,6157
2026-05-08 09:50:00,80.83,80.84,80.67,80.71,2269
2026-05-08 09:55:00,80.66,80.75,80.63,80.63,1291
2026-05-08 10:00:00,80.63,80.74,80.57,80.74,4350
2026-05-08 10:05:00,80.75,80.85,80.75,80.85,200
2026-05-08 10:10:00,80.84,80.88,80.76,80.83,6784
2026-05-08 10:15:00,80.82,80.9,80.82,80.84,4819
2026-05-08 10:20:00,80.88,80.91,80.84,80.89,700
2026-05-08 10:25:00,81.01,81.01,80.97,81,1500
2026-05-08 10:30:00,80.93,80.93,80.89,80.89,1000
2026-05-08 10:35:00,80.93,81.04,80.93,81.04,400
2026-05-08 10:40:00,80.99,80.99,80.9,80.9,2173
2026-05-08 10:45:00,80.92,80.95,80.855,80.855,526
2026-05-08 10:50:00,80.79,80.84,80.79,80.815,917
2026-05-08 10:55:00,80.82,80.85,80.82,80.85,500
2026-05-08 11:00:00,80.825,80.84,80.8,80.8,1300
2026-05-08 11:05:00,80.8,80.805,80.78,80.78,750
2026-05-08 11:10:00,80.73,80.73,80.69,80.69,560
2026-05-08 11:15:00,80.72,80.74,80.66,80.74,4356
2026-05-08 11:20:00,80.77,80.78,80.77,80.78,200
2026-05-08 11:25:00,80.71,80.744,80.69,80.73,5360
2026-05-08 11:30:00,80.715,80.73,80.715,80.73,1119
2026-05-08 11:35:00,80.74,80.745,80.73,80.73,350
2026-05-08 11:40:00,80.845,80.86,80.8,80.82,2603
2026-05-08 11:45:00,80.8,80.88,80.8,80.87,2449
2026-05-08 11:50:00,80.86,80.86,80.835,80.84,849
2026-05-08 11:55:00,80.84,80.865,80.83,80.83,1273
2026-05-08 12:00:00,80.9112,80.9112,80.9112,80.9112,259
2026-05-08 12:05:00,80.915,80.96,80.9,80.9,1512
2026-05-08 12:10:00,80.885,80.885,80.885,80.885,150
2026-05-08 12:15:00,80.89,80.9,80.89,80.9,550
2026-05-08 12:20:00,80.89,80.89,80.865,80.865,600
2026-05-08 12:25:00,80.85,80.86,80.775,80.86,5357
2026-05-08 12:30:00,80.83,80.8388,80.82,80.835,1200
2026-05-08 12:35:00,80.89,80.89,80.86,80.86,501
2026-05-08 12:40:00,80.83,80.89,80.83,80.89,2655
2026-05-08 12:45:00,80.93,80.93,80.91,80.91,200
2026-05-08 12:50:00,80.905,80.905,80.86,80.86,300
2026-05-08 12:55:00,80.82,80.84,80.82,80.84,999
2026-05-08 13:00:00,80.83,80.895,80.83,80.89,1235
2026-05-08 13:05:00,80.895,80.895,80.895,80.895,700
2026-05-08 13:10:00,80.825,80.825,80.8,80.8,1099
2026-05-08 13:15:00,80.8,80.82,80.8,80.82,420
2026-05-08 13:20:00,80.85,80.85,80.78,80.78,1736
2026-05-08 13:25:00,80.775,80.82,80.775,80.82,3673
2026-05-08 13:30:00,80.83,80.83,80.755,80.755,16827
2026-05-08 13:35:00,80.77,80.79,80.76,80.76,980
2026-05-08 13:40:00,80.75,80.77,80.735,80.735,1266
2026-05-08 13:45:00,80.7519,80.8,80.7501,80.7501,2633
2026-05-08 13:50:00,80.78,80.785,80.77,80.785,1234
2026-05-08 13:55:00,80.765,80.765,80.73,80.73,1180
2026-05-08 14:00:00,80.74,80.86,80.73,80.75,5254
2026-05-08 14:05:00,80.725,80.795,80.725,80.78,2256
2026-05-08 14:10:00,80.79,80.85,80.79,80.85,1500
2026-05-08 14:15:00,80.83,80.83,80.82,80.825,1488
2026-05-08 14:20:00,80.81,80.82,80.81,80.815,1061
2026-05-08 14:25:00,80.79,80.828,80.79,80.82,900
2026-05-08 14:30:00,80.82,80.82,80.81,80.81,1206
2026-05-08 14:35:00,80.77,80.77,80.71,80.71,350
2026-05-08 14:40:00,80.67,80.6898,80.65,80.66,3558
2026-05-08 14:45:00,80.65,80.65,80.492,80.515,2650
2026-05-08 14:50:00,80.51,80.52,80.51,80.51,508
2026-05-08 14:55:00,80.45,80.48,80.425,80.435,1317
2026-05-08 15:00:00,80.47,80.5,80.47,80.5,230
2026-05-08 15:05:00,80.49,80.505,80.48,80.49,2080
2026-05-08 15:10:00,80.5,80.51,80.43,80.43,1300
2026-05-08 15:15:00,80.45,80.5,80.44,80.5,1696
2026-05-08 15:20:00,80.55,80.625,80.55,80.625,4698
2026-05-08 15:25:00,80.62,80.7,80.62,80.67,7049
2026-05-08 15:30:00,80.66,80.685,80.66,80.67,2264
2026-05-08 15:35:00,80.68,80.68,80.6,80.6,1611
2026-05-08 15:40:00,80.61,80.685,80.61,80.66,6346
2026-05-08 15:45:00,80.715,80.715,80.68,80.69,2422
2026-05-08 15:50:00,80.69,80.71,80.66,80.66,9025
2026-05-08 15:55:00,80.68,80.805,80.68,80.77,20580
2026-05-08 16:00:00,80.78,80.94,80.78,80.94,1258