2026-04-07 09:45:00,52.245,52.548,52.245,52.548,727
2026-04-07 10:10:00,51.9544,51.9544,51.9544,51.9544,103
2026-04-07 11:30:00,51.72,51.72,51.72,51.72,1000
2026-04-07 11:45:00,52.205,52.205,52.205,52.205,1710
2026-04-07 11:55:00,52.54,52.54,52.54,52.54,200
2026-04-07 12:10:00,53.49,53.49,53.49,53.49,100
2026-04-07 13:35:00,52.69,52.69,52.69,52.69,100
2026-04-07 14:40:00,52.69,52.69,52.35,52.69,3215
2026-04-08 11:15:00,53.47,53.47,53.47,53.47,200
2026-04-08 11:40:00,52.74,52.74,52.74,52.74,100
2026-04-08 12:25:00,52.71,52.71,52.6901,52.6901,286
2026-04-08 15:00:00,52.995,52.995,52.995,52.995,250
2026-04-08 15:10:00,52.995,52.995,52.995,52.995,150
2026-04-08 15:35:00,53.025,53.34,53.025,53.34,846
2026-04-08 15:50:00,52.53,52.53,52.53,52.53,139
2026-04-09 09:45:00,52.39,52.39,52.39,52.39,189
2026-04-09 10:25:00,52.39,52.39,52.39,52.39,537
2026-04-09 11:20:00,52.46,52.46,52.46,52.46,175
2026-04-09 12:25:00,52.8499,52.85,52.8499,52.85,391
2026-04-09 13:25:00,53.26,53.27,53.22,53.24,500
2026-04-10 09:50:00,53.27,53.27,53.27,53.27,219
2026-04-10 09:55:00,53.27,53.27,53.27,53.27,681
2026-04-10 11:30:00,53.73,53.73,53.73,53.73,208
2026-04-10 12:25:00,53.21,53.21,53.21,53.21,142
2026-04-10 12:50:00,53.21,53.21,53.21,53.21,250
2026-04-10 14:35:00,53.205,53.21,53.205,53.205,664
2026-04-10 15:25:00,53.68,53.68,53.68,53.68,200
2026-04-13 09:40:00,53.26,53.26,53.26,53.26,153
2026-04-14 10:05:00,53.59,53.59,53.59,53.59,200
2026-04-14 11:25:00,54.12,54.12,53.17,53.17,593
2026-04-14 13:25:00,54,54,54,54,185
2026-04-14 15:00:00,53.985,54.08,53.6,54.08,964
2026-04-15 12:05:00,53.9161,53.9161,53.9161,53.9161,101
2026-04-15 13:10:00,53.21,53.21,53.21,53.21,206
2026-04-15 13:15:00,53.49,53.49,53.49,53.49,207
2026-04-15 15:40:00,53.49,53.49,53.49,53.49,255
2026-04-15 15:55:00,53.71,54.16,53.295,53.71,3900
2026-04-15 16:00:00,53.71,53.71,53.71,53.71,400
2026-04-16 10:00:00,53.1,53.1,53.1,53.1,1834
2026-04-16 10:20:00,53.99,53.99,53.7,53.99,611
2026-04-16 10:30:00,53.16,53.26,53.1,53.25,600
2026-04-16 10:35:00,53.625,54.15,53.16,53.625,2596
2026-04-16 10:40:00,53.625,53.625,53.625,53.625,100
2026-04-16 10:45:00,53.625,53.625,53.14,53.14,432
2026-04-16 11:15:00,53.99,54.14,53.1,53.1,1472
2026-04-16 11:30:00,56.385,56.385,53.99,53.99,1238
2026-04-16 11:35:00,54.085,54.085,54.085,54.085,300
2026-04-16 11:40:00,53.96,54.13,53.09,53.09,1123
2026-04-16 11:50:00,53.615,53.615,53.09,53.09,830
2026-04-16 12:05:00,53.615,54.08,53.615,54.08,6100
2026-04-16 12:10:00,53.9165,53.9165,53.9165,53.9165,358
2026-04-16 13:20:00,53.515,53.515,53.515,53.515,115
2026-04-16 14:40:00,53.03,53.03,53.03,53.03,655
2026-04-16 15:15:00,54.73,54.73,54.73,54.73,200
2026-04-16 15:20:00,54.55,54.7,53,53,7960
2026-04-16 15:55:00,54.08,54.08,54.08,54.08,178
2026-04-17 10:10:00,54.46,54.46,54.09,54.09,600
2026-04-17 11:30:00,53.73,53.73,53.73,53.73,100
2026-04-17 13:35:00,54.4899,54.4899,53.65,53.65,987
2026-04-17 13:45:00,54.2,54.2,54.2,54.2,100
2026-04-17 15:55:00,53.77,53.77,53.77,53.77,100
2026-04-20 10:10:00,54.1168,54.44,54.1168,54.44,1754
2026-04-20 10:15:00,54.35,54.35,54.35,54.35,100
2026-04-20 10:35:00,54.4182,54.4182,54.4182,54.4182,225
2026-04-20 11:05:00,54.206,54.206,54.206,54.206,814
2026-04-20 11:15:00,54.206,54.206,54.206,54.206,164
2026-04-20 12:55:00,53.945,53.945,53.945,53.945,1000
2026-04-20 13:10:00,53.47,53.47,53.47,53.47,248
2026-04-20 13:15:00,53.84,53.84,53.84,53.84,100
2026-04-20 14:40:00,54.1168,54.1168,54.1168,54.1168,100
2026-04-20 14:55:00,54.44,54.44,54.44,54.44,102
2026-04-20 15:30:00,53.84,53.84,53.84,53.84,200
2026-04-21 09:45:00,53.88,53.88,53.88,53.88,109
2026-04-21 10:10:00,54.4,54.4,53.35,54.25,765
2026-04-21 11:45:00,54.25,54.25,54.25,54.25,317
2026-04-21 11:55:00,53.59,53.59,53.59,53.59,1014
2026-04-21 12:25:00,53.72,53.72,53.72,53.72,100
2026-04-21 13:40:00,54.09,54.09,54.09,54.09,100
2026-04-22 09:40:00,54.015,54.015,54.015,54.015,267
2026-04-22 10:05:00,54.2479,54.2479,54.2479,54.2479,134
2026-04-22 10:20:00,53.61,53.61,53.61,53.61,100
2026-04-22 12:00:00,54.38,54.38,53.8,53.8,300
2026-04-22 15:35:00,53.8,53.8,53.8,53.8,100
2026-04-23 09:30:00,54.23,54.23,54.23,54.23,100
2026-04-23 10:10:00,53.983,53.983,53.983,53.983,200
2026-04-23 11:45:00,54.25,54.25,54.1,54.1,200
2026-04-23 12:20:00,53.83,53.83,53.83,53.83,200
2026-04-23 13:45:00,53.66,53.66,53.66,53.66,1190
2026-04-23 15:30:00,53.88,53.88,53.88,53.88,440
2026-04-24 10:25:00,54.08,54.08,54.08,54.08,100
2026-04-24 10:30:00,53.775,53.775,53.775,53.775,1227
2026-04-27 09:30:00,53.46,53.46,53.46,53.46,200
2026-04-27 10:10:00,54.077,54.077,54.077,54.077,346
2026-04-27 11:55:00,53.635,53.635,53.635,53.635,100
2026-04-27 12:35:00,54,54.15,53.635,53.635,2548
2026-04-27 14:10:00,53.665,53.665,53.665,53.665,100
2026-04-27 15:10:00,53.675,53.675,53.675,53.675,100
2026-04-28 11:35:00,53.75,53.75,53.75,53.75,21069
2026-04-28 12:55:00,53.93,54.0899,53.05,53.65,13711
2026-04-28 13:05:00,53.9706,53.9706,53.9706,53.9706,100
2026-04-28 14:25:00,53.52,53.52,53.52,53.52,360
2026-04-28 14:30:00,53,53.88,53,53.416,1685
2026-04-29 09:55:00,53.36,53.36,53.36,53.36,121
2026-04-29 10:00:00,53.36,53.36,53.36,53.36,813
2026-04-30 09:55:00,53.68,53.68,53.68,53.68,100
2026-04-30 10:20:00,53.632,53.632,53.632,53.632,187
2026-04-30 11:10:00,53.8399,53.8399,53.3,53.3,10047
2026-04-30 12:35:00,53.12,53.12,53.07,53.07,253
2026-04-30 15:45:00,53.43,53.43,53.43,53.43,100
2026-05-01 09:40:00,53.93,53.93,53.93,53.93,756
2026-05-01 10:00:00,53.77,53.77,53.77,53.77,200
2026-05-01 10:40:00,53.86,53.86,53.86,53.86,100
2026-05-01 11:20:00,53.48,53.48,53.23,53.25,6893
2026-05-01 12:45:00,52.98,53.06,52.975,53,400
2026-05-01 14:45:00,53.425,53.425,53.425,53.425,936
2026-05-04 09:40:00,53.4,53.712,53.4,53.712,519
2026-05-04 09:45:00,53.76,53.76,53.76,53.76,100
2026-05-04 10:40:00,52.94,52.94,52.94,52.94,132
2026-05-04 11:10:00,53.674,53.674,53.674,53.674,819
2026-05-04 12:55:00,53.62,53.62,52.91,53.26,3500
2026-05-04 14:20:00,53.25,53.25,53.25,53.25,980
2026-05-04 15:00:00,53.4432,53.4432,53.4432,53.4432,140
2026-05-05 09:50:00,53.79,53.79,53.445,53.445,207
2026-05-05 11:20:00,53.05,53.05,53.05,53.05,4328
2026-05-05 11:30:00,53.49,53.49,53.49,53.49,183
2026-05-05 11:35:00,53.7,53.7,53.7,53.7,11148
2026-05-05 11:40:00,53.66,53.66,53.66,53.66,3100
2026-05-05 12:20:00,53.6,53.6,53.6,53.6,100
2026-05-05 14:45:00,53.7,53.7,53.7,53.7,100
2026-05-05 15:10:00,53.7,53.7,53.7,53.7,575
2026-05-05 15:50:00,53.96,53.98,53.96,53.98,200
2026-05-06 09:55:00,53.81,53.81,53.81,53.81,143
2026-05-06 11:00:00,53.39,53.8199,53.3801,53.3801,1151
2026-05-06 11:50:00,53.9107,53.9107,53.9107,53.9107,104
2026-05-06 12:30:00,53.3801,53.3801,53.3801,53.3801,525
2026-05-06 12:50:00,53.908,53.908,53.52,53.52,1470
2026-05-06 13:35:00,53.82,53.82,53.82,53.82,374
2026-05-06 14:15:00,53.84,53.84,53.84,53.84,819
2026-05-07 12:50:00,53.68,53.68,53.68,53.68,1585
2026-05-07 13:35:00,53.35,53.35,53.35,53.35,100
2026-05-07 13:55:00,53.35,53.645,53.35,53.645,900
2026-05-07 14:00:00,53.65,53.65,53.65,53.65,430
2026-05-07 14:45:00,53.65,53.65,53.65,53.65,186
2026-05-07 14:55:00,53.65,53.65,53.65,53.65,483
2026-05-07 15:05:00,53.65,53.65,53.65,53.65,120
2026-05-08 12:10:00,53.59,53.59,53.59,53.59,1300
2026-05-08 12:25:00,53.865,53.865,53.865,53.865,100
2026-05-08 13:10:00,53.865,53.865,53.865,53.865,325
2026-05-08 13:50:00,53.89,53.89,53.89,53.89,100