2026-04-22 11:00:00,38.225,38.225,38.225,38.225,150
2026-04-22 12:25:00,38.185,38.185,38.185,38.185,653
2026-04-22 14:35:00,38.18,38.18,38.18,38.18,655
2026-04-22 14:50:00,38.24,38.24,38.24,38.24,218
2026-04-22 14:55:00,38.23,38.23,38.23,38.23,400
2026-04-22 15:05:00,38.185,38.185,38.185,38.185,117
2026-04-22 15:10:00,38.185,38.185,38.185,38.185,530
2026-04-22 15:15:00,38.19,38.19,38.14,38.14,1127
2026-04-22 15:30:00,38.16,38.16,38.16,38.16,209
2026-04-23 09:50:00,38.31,38.31,38.31,38.31,438
2026-04-23 10:15:00,38.26,38.31,38.26,38.31,35196
2026-04-23 11:15:00,38.3,38.3,38.3,38.3,398
2026-04-23 13:35:00,38.05,38.06,38.03,38.05,11734
2026-04-23 13:40:00,38.005,38.005,38.005,38.005,421
2026-04-23 15:35:00,38.08,38.08,38.07,38.07,922
2026-04-23 15:45:00,38.171,38.171,38.171,38.171,110
2026-04-24 10:10:00,38.215,38.215,38.215,38.215,125
2026-04-24 10:25:00,38.27,38.27,38.27,38.27,133
2026-04-24 11:05:00,38.265,38.265,38.265,38.265,265
2026-04-24 11:35:00,38.25,38.25,38.25,38.25,141
2026-04-24 11:40:00,38.31,38.31,38.31,38.31,184
2026-04-24 11:45:00,38.2849,38.2849,38.2849,38.2849,143
2026-04-24 11:55:00,38.345,38.345,38.345,38.345,169
2026-04-24 12:25:00,38.32,38.32,38.32,38.32,138
2026-04-24 12:45:00,38.33,38.33,38.33,38.33,5999
2026-04-24 13:45:00,38.2801,38.315,38.24,38.3038,3147
2026-04-24 14:35:00,38.24,38.25,38.24,38.25,1500
2026-04-24 15:00:00,38.29,38.29,38.25,38.25,224
2026-04-24 15:05:00,38.29,38.29,38.24,38.24,2070
2026-04-24 15:55:00,38.22,38.22,38.22,38.22,100
2026-04-27 09:45:00,38.26,38.265,38.21,38.265,2600
2026-04-27 10:20:00,38.338,38.34,38.295,38.34,10100
2026-04-27 10:35:00,38.33,38.33,38.33,38.33,100
2026-04-27 11:55:00,38.32,38.32,38.32,38.32,100
2026-04-27 12:20:00,38.24,38.24,38.23,38.23,900
2026-04-27 12:45:00,38.275,38.275,38.275,38.275,700
2026-04-27 13:00:00,38.32,38.32,38.32,38.32,100
2026-04-27 13:10:00,38.265,38.265,38.265,38.265,300
2026-04-27 13:45:00,38.31,38.31,38.31,38.31,100
2026-04-27 15:20:00,38.33,38.33,38.33,38.33,100
2026-04-27 15:45:00,38.295,38.295,38.295,38.295,283
2026-04-28 09:35:00,38.23,38.28,38.222,38.28,10000
2026-04-28 10:00:00,38.22,38.22,38.22,38.22,100
2026-04-28 10:25:00,38.115,38.115,38.115,38.115,753
2026-04-28 10:55:00,38.065,38.065,38.065,38.065,526
2026-04-28 12:30:00,38.05,38.0501,38.05,38.0501,300
2026-04-28 12:50:00,38.095,38.095,38.059,38.059,650
2026-04-28 13:00:00,38.095,38.095,38.095,38.095,111
2026-04-28 13:20:00,38.0301,38.0301,38.0301,38.0301,940
2026-04-28 14:00:00,38.17,38.17,38.17,38.17,124
2026-04-28 14:35:00,38.12,38.12,38.12,38.12,100
2026-04-28 15:05:00,38.16,38.16,38.16,38.16,627
2026-04-28 15:20:00,38.12,38.1449,38.12,38.1449,200
2026-04-28 15:25:00,38.12,38.1201,38.12,38.1201,673
2026-04-28 15:55:00,38.16,38.16,38.16,38.16,321
2026-04-29 10:35:00,38.05,38.05,38.05,38.05,400
2026-04-29 10:40:00,38.13,38.13,38.13,38.13,100
2026-04-29 10:50:00,38.09,38.1047,38.09,38.1047,728
2026-04-29 11:00:00,37.995,37.9951,37.995,37.9951,566
2026-04-29 11:45:00,38.01,38.02,37.97,37.97,4471
2026-04-29 13:10:00,37.963,37.963,37.963,37.963,264
2026-04-29 14:30:00,37.9591,37.9591,37.9591,37.9591,200
2026-04-29 15:00:00,37.975,37.975,37.975,37.975,105
2026-04-29 15:35:00,37.96,37.96,37.96,37.96,222
2026-04-29 15:50:00,38.04,38.04,38.04,38.04,200
2026-04-30 09:30:00,38.16,38.16,38.12,38.15,15662
2026-04-30 09:40:00,38.12,38.13,38.105,38.13,1900
2026-04-30 09:45:00,38.13,38.13,38.13,38.13,600
2026-04-30 09:50:00,38.1,38.1,38.1,38.1,402
2026-04-30 11:00:00,38.19,38.24,38.19,38.19,2500
2026-04-30 12:25:00,38.26,38.26,38.26,38.26,402
2026-04-30 14:35:00,38.29,38.36,38.29,38.36,2200
2026-04-30 14:40:00,38.38,38.38,38.373,38.373,1660
2026-04-30 14:55:00,38.335,38.335,38.335,38.335,198
2026-04-30 15:40:00,38.3399,38.3399,38.3399,38.3399,190
2026-04-30 15:50:00,38.365,38.365,38.365,38.365,191
2026-04-30 15:55:00,38.42,38.42,38.41,38.42,2195
2026-04-30 16:00:00,38.42,38.42,38.42,38.42,510
2026-05-01 09:30:00,38.45,38.45,38.45,38.45,1171
2026-05-01 10:45:00,38.425,38.47,38.425,38.47,1486
2026-05-01 11:05:00,38.4,38.41,38.4,38.41,800
2026-05-01 11:10:00,38.38,38.38,38.38,38.38,2000
2026-05-01 11:35:00,38.46,38.4799,38.46,38.46,1161
2026-05-01 12:35:00,38.44,38.45,38.44,38.44,1000
2026-05-01 12:55:00,38.42,38.42,38.42,38.42,175
2026-05-01 14:00:00,38.43,38.43,38.43,38.43,2000
2026-05-01 14:05:00,38.455,38.455,38.455,38.455,165
2026-05-01 15:05:00,38.42,38.42,38.41,38.41,900
2026-05-01 15:10:00,38.445,38.445,38.445,38.445,3054
2026-05-01 15:45:00,38.47,38.47,38.47,38.47,199
2026-05-01 15:50:00,38.49,38.49,38.49,38.49,147
2026-05-01 15:55:00,38.4,38.4,38.4,38.4,200
2026-05-04 09:30:00,38.42,38.42,38.42,38.42,104
2026-05-04 10:20:00,38.47,38.48,38.47,38.47,1500
2026-05-04 11:05:00,38.52,38.52,38.52,38.52,526
2026-05-04 13:05:00,38.24,38.3199,38.24,38.3199,1590
2026-05-04 13:50:00,38.35,38.365,38.35,38.365,876
2026-05-04 14:05:00,38.3831,38.3831,38.3558,38.3558,459
2026-05-04 15:55:00,38.33,38.33,38.33,38.33,1733
2026-05-05 10:20:00,38.6,38.61,38.51,38.56,2330
2026-05-05 11:05:00,38.57,38.57,38.57,38.57,4271
2026-05-05 13:25:00,38.58,38.58,38.58,38.58,238
2026-05-05 14:05:00,38.59,38.59,38.59,38.59,359
2026-05-05 15:00:00,38.6493,38.6493,38.6493,38.6493,166
2026-05-05 15:05:00,38.6036,38.6036,38.6036,38.6036,131
2026-05-05 15:25:00,38.59,38.59,38.58,38.58,200
2026-05-06 09:30:00,38.755,38.755,38.755,38.755,255
2026-05-06 09:45:00,38.76,38.76,38.76,38.76,148
2026-05-06 10:25:00,38.74,38.74,38.74,38.74,100
2026-05-06 11:05:00,38.75,38.75,38.75,38.75,2700
2026-05-06 12:25:00,38.77,38.77,38.77,38.77,629
2026-05-06 13:30:00,38.79,38.79,38.79,38.79,515
2026-05-06 15:00:00,38.76,38.76,38.76,38.76,2400
2026-05-06 15:25:00,38.85,38.85,38.85,38.85,164
2026-05-07 10:10:00,38.72,38.7201,38.72,38.7201,400
2026-05-07 10:15:00,38.727,38.727,38.7001,38.71,419
2026-05-07 12:40:00,38.58,38.58,38.58,38.58,115
2026-05-07 14:20:00,38.5901,38.5901,38.5901,38.5901,355
2026-05-07 14:55:00,38.63,38.63,38.63,38.63,600
2026-05-07 15:25:00,38.55,38.55,38.55,38.55,1160
2026-05-07 15:55:00,38.53,38.53,38.53,38.53,1131
2026-05-08 10:20:00,38.64,38.64,38.64,38.64,1100
2026-05-08 10:30:00,38.63,38.63,38.63,38.63,807
2026-05-08 10:35:00,38.63,38.63,38.63,38.63,2546
2026-05-08 11:00:00,38.69,38.7,38.69,38.7,1721
2026-05-08 11:05:00,38.6637,38.6637,38.6637,38.6637,410
2026-05-08 11:30:00,38.6202,38.6202,38.6202,38.6202,418
2026-05-08 12:05:00,38.66,38.66,38.66,38.66,2100
2026-05-08 12:50:00,38.74,38.74,38.7399,38.74,947
2026-05-08 14:10:00,38.78,38.78,38.78,38.78,100
2026-05-08 15:00:00,38.67,38.68,38.67,38.67,2900
2026-05-11 09:30:00,38.72,38.72,38.72,38.72,151
2026-05-11 09:55:00,38.855,38.855,38.8029,38.8029,650
2026-05-11 10:30:00,38.85,38.85,38.85,38.85,100
2026-05-11 11:10:00,38.83,38.83,38.83,38.83,400
2026-05-11 11:15:00,38.79,38.79,38.79,38.79,500
2026-05-11 11:20:00,38.83,38.83,38.83,38.83,100
2026-05-11 11:55:00,38.88,38.88,38.88,38.88,284
2026-05-11 12:10:00,38.86,38.86,38.86,38.86,119
2026-05-11 13:30:00,38.875,38.875,38.86,38.86,1045
2026-05-11 13:50:00,38.88,38.88,38.88,38.88,130
2026-05-11 14:25:00,38.89,38.9,38.82,38.82,5476
2026-05-11 14:30:00,38.8999,38.8999,38.8999,38.8999,102
2026-05-11 15:20:00,38.805,38.805,38.805,38.805,746
2026-05-11 15:35:00,38.82,38.82,38.82,38.82,103
2026-05-11 15:40:00,38.75,38.75,38.75,38.75,100
2026-05-11 15:55:00,38.775,38.775,38.775,38.775,1328
2026-05-12 09:30:00,38.61,38.61,38.61,38.61,437
2026-05-12 11:15:00,38.45,38.46,38.45,38.46,2500
2026-05-12 12:15:00,38.4131,38.4131,38.4131,38.4131,115
2026-05-12 12:30:00,38.426,38.426,38.426,38.426,100
2026-05-12 12:45:00,38.385,38.385,38.385,38.385,200
2026-05-12 12:50:00,38.36,38.36,38.36,38.36,100
2026-05-12 13:50:00,38.55,38.55,38.55,38.55,3000
2026-05-12 14:10:00,38.5135,38.5135,38.5135,38.5135,220
2026-05-12 14:15:00,38.4809,38.4809,38.4809,38.4809,198
2026-05-12 14:25:00,38.5699,38.5699,38.56,38.56,3868
2026-05-12 15:40:00,38.59,38.59,38.59,38.59,300
2026-05-12 15:45:00,38.58,38.5801,38.575,38.5801,300
2026-05-13 09:30:00,38.57,38.57,38.57,38.57,100
2026-05-13 10:10:00,38.56,38.56,38.5599,38.56,2506
2026-05-13 10:15:00,38.51,38.54,38.51,38.5228,1336
2026-05-13 10:45:00,38.51,38.52,38.51,38.51,800
2026-05-13 12:15:00,38.56,38.56,38.56,38.56,100
2026-05-13 12:20:00,38.59,38.59,38.59,38.59,300
2026-05-13 12:45:00,38.605,38.605,38.605,38.605,128
2026-05-13 13:35:00,38.57,38.57,38.57,38.57,336
2026-05-13 14:10:00,38.63,38.63,38.63,38.63,1851
2026-05-13 14:50:00,38.635,38.635,38.635,38.635,152
2026-05-13 14:55:00,38.67,38.67,38.59,38.59,4200
2026-05-13 15:30:00,38.61,38.61,38.61,38.61,300
2026-05-13 15:35:00,38.64,38.64,38.64,38.64,194
2026-05-13 15:40:00,38.6,38.6,38.6,38.6,100
2026-05-13 15:55:00,38.56,38.56,38.56,38.56,186
2026-05-14 10:20:00,38.67,38.67,38.67,38.67,394
2026-05-14 10:40:00,38.63,38.63,38.63,38.63,646
2026-05-14 10:50:00,38.62,38.645,38.62,38.645,1828
2026-05-14 11:10:00,38.74,38.74,38.74,38.74,1540
2026-05-14 11:50:00,38.75,38.75,38.75,38.75,392
2026-05-14 12:20:00,38.73,38.73,38.73,38.73,100
2026-05-14 12:25:00,38.73,38.73,38.73,38.73,100
2026-05-14 14:25:00,38.7072,38.7072,38.68,38.68,1030
2026-05-14 15:10:00,38.71,38.77,38.71,38.71,636
2026-05-14 15:55:00,38.71,38.71,38.68,38.68,1729
2026-05-15 09:45:00,38.4,38.4,38.4,38.4,1056
2026-05-15 09:50:00,38.33,38.33,38.33,38.33,664
2026-05-15 09:55:00,38.46,38.46,38.46,38.46,158
2026-05-15 10:15:00,38.425,38.425,38.41,38.41,2600
2026-05-15 10:30:00,38.38,38.38,38.38,38.38,800
2026-05-15 10:55:00,38.38,38.38,38.38,38.38,308
2026-05-15 11:00:00,38.37,38.37,38.37,38.37,111
2026-05-15 11:20:00,38.36,38.36,38.36,38.36,165
2026-05-15 12:10:00,38.31,38.34,38.31,38.34,2296
2026-05-15 12:15:00,38.34,38.34,38.34,38.34,100
2026-05-15 12:20:00,38.38,38.38,38.37,38.37,1600
2026-05-15 12:45:00,38.33,38.33,38.33,38.33,100
2026-05-15 15:10:00,38.39,38.4,38.39,38.39,4105
2026-05-15 15:25:00,38.43,38.43,38.4299,38.43,6200
2026-05-15 15:55:00,38.39,38.39,38.39,38.39,1061
2026-05-18 09:30:00,38.4,38.4,38.4,38.4,616
2026-05-18 10:05:00,38.3692,38.3692,38.3692,38.3692,196
2026-05-18 10:15:00,38.405,38.405,38.405,38.405,878
2026-05-18 11:00:00,38.37,38.37,38.37,38.37,2716
2026-05-18 11:20:00,38.25,38.2682,38.25,38.25,552
2026-05-18 11:35:00,38.27,38.2701,38.27,38.2701,206
2026-05-18 12:45:00,38.28,38.28,38.28,38.28,400
2026-05-18 12:55:00,38.325,38.325,38.325,38.325,200
2026-05-18 13:30:00,38.33,38.33,38.326,38.326,786
2026-05-18 13:35:00,38.285,38.285,38.285,38.285,420
2026-05-18 14:00:00,38.2665,38.2665,38.2665,38.2665,421
2026-05-18 14:40:00,38.1701,38.1701,38.1701,38.1701,780
2026-05-18 15:10:00,38.3155,38.3155,38.3155,38.3155,434
2026-05-18 15:15:00,38.293,38.293,38.293,38.293,109
2026-05-18 15:50:00,38.33,38.33,38.33,38.33,807
2026-05-18 15:55:00,38.27,38.27,38.27,38.27,595
2026-05-19 09:30:00,38.12,38.12,38.12,38.12,300
2026-05-19 10:20:00,38.039,38.039,38.039,38.039,100
2026-05-19 10:25:00,38.055,38.055,38.055,38.055,132
2026-05-19 11:05:00,38.065,38.065,38.065,38.065,590
2026-05-19 11:25:00,38.08,38.08,38.08,38.08,114
2026-05-19 11:50:00,38.13,38.13,38.13,38.13,400
2026-05-19 12:05:00,38.12,38.12,38.12,38.12,1000
2026-05-19 12:10:00,38.121,38.121,38.121,38.121,354
2026-05-19 13:25:00,38.2501,38.2739,38.2501,38.2739,691
2026-05-19 14:25:00,38.23,38.23,38.23,38.23,784
2026-05-19 14:30:00,38.21,38.21,38.21,38.21,100
2026-05-19 14:40:00,38.2141,38.2141,38.2141,38.2141,845
2026-05-19 14:50:00,38.1901,38.1901,38.1901,38.1901,100
2026-05-19 15:00:00,38.14,38.1698,38.14,38.1696,1200
2026-05-19 15:10:00,38.16,38.17,38.16,38.17,600
2026-05-19 15:30:00,38.165,38.165,38.12,38.12,2184
2026-05-20 09:35:00,38.2,38.2,38.2,38.2,1600
2026-05-20 09:45:00,38.3,38.3,38.3,38.3,100
2026-05-20 10:15:00,38.315,38.315,38.26,38.26,300
2026-05-20 10:40:00,38.49,38.49,38.49,38.49,200
2026-05-20 11:35:00,38.49,38.49,38.49,38.49,923
2026-05-20 11:40:00,38.49,38.49,38.49,38.49,745
2026-05-20 12:35:00,38.45,38.45,38.45,38.45,200
2026-05-20 13:40:00,38.525,38.525,38.525,38.525,442
2026-05-20 14:35:00,38.53,38.53,38.53,38.53,198
2026-05-20 14:40:00,38.545,38.545,38.545,38.545,375
2026-05-20 14:45:00,38.535,38.535,38.535,38.535,558
2026-05-20 15:00:00,38.52,38.52,38.52,38.52,176
2026-05-20 15:10:00,38.5355,38.5355,38.5355,38.5355,128
2026-05-20 15:20:00,38.49,38.49,38.49,38.49,200
2026-05-20 15:35:00,38.59,38.59,38.59,38.59,334
2026-05-20 15:40:00,38.5573,38.5573,38.5573,38.5573,375
2026-05-20 15:45:00,38.5,38.5,38.5,38.5,137
2026-05-20 15:50:00,38.58,38.58,38.5648,38.5648,1026
2026-05-21 09:30:00,38.45,38.45,38.45,38.45,1052
2026-05-21 09:50:00,38.47,38.47,38.47,38.47,100
2026-05-21 10:25:00,38.575,38.575,38.575,38.575,1000
2026-05-21 10:45:00,38.49,38.49,38.49,38.49,100
2026-05-21 11:40:00,38.55,38.55,38.55,38.55,252
2026-05-21 14:00:00,38.7599,38.7599,38.7599,38.7599,135
2026-05-21 14:55:00,38.63,38.63,38.63,38.63,400
2026-05-21 15:10:00,38.71,38.725,38.71,38.725,585
2026-05-22 10:15:00,38.77,38.77,38.77,38.77,600
2026-05-22 11:35:00,38.8,38.8332,38.8,38.8332,1700
2026-05-22 11:40:00,38.8,38.8,38.8,38.8,500
2026-05-22 13:25:00,38.905,38.905,38.905,38.905,127
2026-05-22 13:30:00,38.93,38.93,38.93,38.93,150
2026-05-22 14:15:00,38.82,38.84,38.82,38.84,900
2026-05-22 14:40:00,38.9099,38.9099,38.9099,38.9099,359
2026-05-22 15:10:00,38.81,38.81,38.81,38.81,300
2026-05-22 15:15:00,38.8001,38.8001,38.8001,38.8001,215
2026-05-22 15:55:00,38.79,38.8,38.79,38.795,1600