2026-04-22 10:15:00,38.68,38.68,38.68,38.68,100
2026-04-22 12:10:00,38.7,38.7,38.7,38.7,100
2026-04-22 14:55:00,38.69,38.69,38.69,38.69,100
2026-04-22 16:00:00,38.51,38.51,38.51,38.51,142
2026-04-23 09:30:00,38.7,38.7,38.45,38.57,456
2026-04-23 10:50:00,38.595,38.595,38.472,38.472,350
2026-04-23 11:45:00,38.72,38.72,38.72,38.72,100
2026-04-23 11:50:00,38.72,38.72,38.72,38.72,145
2026-04-23 11:55:00,38.72,38.74,38.72,38.74,268
2026-04-23 12:00:00,38.74,38.74,38.74,38.74,263
2026-04-23 12:05:00,38.74,38.74,38.74,38.74,135
2026-04-23 12:10:00,38.74,38.76,38.74,38.76,265
2026-04-23 12:15:00,38.76,38.76,38.76,38.76,131
2026-04-23 12:20:00,38.76,38.76,38.76,38.76,128
2026-04-23 16:00:00,38.57,38.57,38.57,38.57,185
2026-04-24 11:25:00,38.797,38.797,38.797,38.797,100
2026-04-24 11:45:00,38.715,38.715,38.715,38.715,100
2026-04-24 12:05:00,38.83,38.83,38.83,38.83,100
2026-04-24 13:30:00,38.85,38.85,38.85,38.85,100
2026-04-24 14:40:00,38.835,38.835,38.835,38.835,100
2026-04-24 15:40:00,38.845,38.845,38.845,38.845,100
2026-04-24 16:00:00,38.87,38.87,38.87,38.87,100
2026-04-27 09:30:00,38.928,38.928,38.928,38.928,118
2026-04-27 09:50:00,38.93,38.93,38.93,38.93,100
2026-04-27 10:10:00,38.94,38.94,38.94,38.94,100
2026-04-27 10:30:00,38.94,38.94,38.94,38.94,513
2026-04-28 11:35:00,38.5,38.54,38.34,38.34,7647
2026-04-28 16:00:00,38.47,38.47,38.47,38.47,265
2026-05-01 10:00:00,38.76,38.76,38.76,38.76,100
2026-05-04 11:20:00,38.75,38.75,38.75,38.75,248
2026-05-04 11:55:00,38.47,38.47,38.4,38.45,1399
2026-05-04 12:00:00,38.43,38.43,37.572,38.33,5362
2026-05-04 12:10:00,38.04,38.19,37.362,37.362,7776
2026-05-04 12:20:00,38,38.2,38,38.2,200
2026-05-04 14:45:00,38.36,38.36,38.36,38.36,160
2026-05-04 15:00:00,38.12,38.14,38.11,38.12,780
2026-05-06 10:20:00,38.84,38.84,38.84,38.84,100
2026-05-06 13:35:00,38.75,38.75,38.75,38.75,300
2026-05-07 11:00:00,38.72,38.72,38.72,38.72,513
2026-05-07 14:10:00,38.68,38.68,38.68,38.68,325
2026-05-08 14:55:00,38.74,38.74,38.74,38.74,200
2026-05-11 09:30:00,38.21,38.21,38.21,38.21,294
2026-05-11 09:50:00,38.21,38.21,38.21,38.21,100
2026-05-11 14:40:00,38.355,38.355,38.23,38.23,300
2026-05-11 14:50:00,38.25,38.25,38.25,38.25,100
2026-05-12 09:30:00,37.97,37.97,37.97,37.97,152
2026-05-13 11:15:00,38.03,38.03,38.03,38.03,100
2026-05-13 13:10:00,38.31,38.33,38.31,38.32,830
2026-05-13 16:10:00,38.5,38.5,38.5,38.5,100
2026-05-14 09:30:00,38.15,38.15,38.15,38.15,100
2026-05-14 10:35:00,38.045,38.045,38.045,38.045,100
2026-05-14 11:10:00,37.94,37.94,37.94,37.94,100
2026-05-15 09:30:00,38.38,38.38,38.38,38.38,1100
2026-05-15 10:20:00,37.98,37.98,37.98,37.98,100
2026-05-15 11:20:00,37.85,37.85,37.85,37.85,100
2026-05-15 12:10:00,38.07,38.07,37.955,37.955,272
2026-05-18 09:30:00,37.63,37.63,37.63,37.63,184
2026-05-18 11:10:00,37.475,37.59,37.475,37.59,200
2026-05-18 11:15:00,37.35,37.35,37.35,37.35,100
2026-05-19 11:10:00,37.16,37.16,37.16,37.16,100
2026-05-20 12:00:00,37.22,37.22,37.22,37.22,100
2026-05-20 12:25:00,37.25,37.25,37.25,37.25,100
2026-05-21 11:05:00,37.4201,37.4201,37.4201,37.4201,100
2026-05-22 09:30:00,37.77,37.78,37.75,37.78,550
2026-05-22 09:45:00,37.8,37.81,37.8,37.81,2482
2026-05-22 13:50:00,37.695,37.82,37.695,37.82,1994