2026-04-22 04:00:00,84.5,84.5,84.5,84.5,300
2026-04-22 07:00:00,84.11,84.11,84.11,84.11,300
2026-04-22 08:55:00,84.5,84.5,84.5,84.5,590
2026-04-22 09:30:00,84.36,84.5,84.2306,84.43,10264
2026-04-22 09:35:00,84.42,84.64,84.305,84.57,3530
2026-04-22 09:40:00,84.56,84.75,84.45,84.74,8103
2026-04-22 09:45:00,84.7,84.82,84.6485,84.7,9693
2026-04-22 09:50:00,84.61,84.8299,84.585,84.77,4600
2026-04-22 09:55:00,84.72,84.77,84.67,84.76,3963
2026-04-22 10:00:00,84.77,84.86,84.715,84.7175,3499
2026-04-22 10:05:00,84.7325,84.78,84.725,84.78,1575
2026-04-22 10:10:00,84.795,84.895,84.67,84.81,10338
2026-04-22 10:15:00,84.9097,84.9097,84.79,84.81,1622
2026-04-22 10:20:00,84.83,84.93,84.8,84.8,9321
2026-04-22 10:25:00,84.835,84.95,84.74,84.82,5673
2026-04-22 10:30:00,84.9,84.915,84.725,84.84,2390
2026-04-22 10:35:00,84.825,84.84,84.72,84.73,2700
2026-04-22 10:40:00,84.73,84.835,84.57,84.62,2943
2026-04-22 10:45:00,84.625,84.73,84.5301,84.63,2101
2026-04-22 10:50:00,84.55,84.65,84.4,84.49,2464
2026-04-22 10:55:00,84.4558,84.56,84.4558,84.55,4943
2026-04-22 11:00:00,84.61,84.61,84.47,84.49,5075
2026-04-22 11:05:00,84.44,84.585,84.44,84.585,1008
2026-04-22 11:10:00,84.55,84.63,84.55,84.555,1500
2026-04-22 11:15:00,84.535,84.535,84.5,84.5,700
2026-04-22 11:20:00,84.58,84.63,84.505,84.57,1450
2026-04-22 11:25:00,84.63,84.68,84.57,84.68,1984
2026-04-22 11:30:00,84.65,84.76,84.65,84.668,3612
2026-04-22 11:35:00,84.71,84.72,84.6,84.61,2445
2026-04-22 11:40:00,84.565,84.575,84.495,84.495,4982
2026-04-22 11:45:00,84.605,84.62,84.54,84.59,2588
2026-04-22 11:50:00,84.61,84.64,84.56,84.59,3556
2026-04-22 11:55:00,84.58,84.67,84.58,84.595,6976
2026-04-22 12:00:00,84.59,84.61,84.45,84.59,18811
2026-04-22 12:05:00,84.61,84.645,84.5501,84.645,3418
2026-04-22 12:10:00,84.645,84.665,84.4101,84.5,4969
2026-04-22 12:15:00,84.55,84.56,84.41,84.5,5663
2026-04-22 12:20:00,84.43,84.58,84.4,84.5,2306
2026-04-22 12:25:00,84.4901,84.4978,84.4,84.4,1904
2026-04-22 12:30:00,84.4,84.45,84.365,84.45,1436
2026-04-22 12:35:00,84.5666,84.5787,84.47,84.56,2109
2026-04-22 12:40:00,84.53,84.5799,84.425,84.445,8873
2026-04-22 12:45:00,84.485,84.58,84.44,84.58,1165
2026-04-22 12:50:00,84.47,84.5799,84.453,84.46,4054
2026-04-22 12:55:00,84.46,84.5431,84.37,84.41,1831
2026-04-22 13:00:00,84.395,84.565,84.395,84.42,3249
2026-04-22 13:05:00,84.45,84.615,84.45,84.57,1750
2026-04-22 13:10:00,84.64,84.67,84.57,84.57,1900
2026-04-22 13:15:00,84.61,84.61,84.59,84.59,600
2026-04-22 13:20:00,84.545,84.6872,84.545,84.61,1192
2026-04-22 13:25:00,84.63,84.7,84.63,84.64,1400
2026-04-22 13:30:00,84.72,84.72,84.64,84.64,1000
2026-04-22 13:35:00,84.66,84.66,84.61,84.61,900
2026-04-22 13:40:00,84.6625,84.73,84.61,84.625,1200
2026-04-22 13:45:00,84.68,84.74,84.59,84.6722,33936
2026-04-22 13:50:00,84.71,84.71,84.595,84.662,2422
2026-04-22 13:55:00,84.58,84.65,84.58,84.61,1465
2026-04-22 14:00:00,84.63,84.63,84.58,84.6,1094
2026-04-22 14:05:00,84.6,84.66,84.6,84.66,4097
2026-04-22 14:10:00,84.65,84.7,84.6,84.665,1700
2026-04-22 14:15:00,84.67,84.72,84.63,84.6301,4496
2026-04-22 14:20:00,84.7,84.73,84.57,84.57,6030
2026-04-22 14:25:00,84.67,84.685,84.61,84.685,1713
2026-04-22 14:30:00,84.7,84.75,84.67,84.71,6426
2026-04-22 14:35:00,84.73,84.76,84.73,84.76,1740
2026-04-22 14:40:00,84.75,84.815,84.75,84.78,1710
2026-04-22 14:45:00,84.7827,84.8634,84.78,84.8634,3017
2026-04-22 14:50:00,84.825,84.86,84.81,84.825,2466
2026-04-22 14:55:00,84.77,84.815,84.75,84.76,1048
2026-04-22 15:00:00,84.76,84.76,84.605,84.64,8020
2026-04-22 15:05:00,84.61,84.76,84.61,84.73,3619
2026-04-22 15:10:00,84.78,84.8,84.735,84.745,3107
2026-04-22 15:15:00,84.745,84.81,84.745,84.81,1985
2026-04-22 15:20:00,84.82,84.82,84.745,84.745,2493
2026-04-22 15:25:00,84.755,84.84,84.72,84.826,5490
2026-04-22 15:30:00,84.85,84.9,84.815,84.86,6865
2026-04-22 15:35:00,84.835,84.9,84.835,84.9,1314
2026-04-22 15:40:00,84.84,84.89,84.8,84.85,3323
2026-04-22 15:45:00,84.805,84.85,84.76,84.785,4246
2026-04-22 15:50:00,84.81,84.86,84.7,84.73,10042
2026-04-22 15:55:00,84.73,84.81,84.685,84.75,18302
2026-04-22 16:00:00,84.77,84.77,84.77,84.77,2354
2026-04-22 16:05:00,84.7,84.7,84.7,84.7,100
2026-04-23 04:00:00,82.9,82.9,82.9,82.9,140
2026-04-23 04:05:00,83.09,83.09,83.09,83.09,200
2026-04-23 06:35:00,82.48,82.48,82.44,82.44,200
2026-04-23 07:00:00,82.6271,82.6271,82.6271,82.6271,100
2026-04-23 07:40:00,82.75,82.75,82.75,82.75,100
2026-04-23 08:15:00,82.1064,82.1064,82.1064,82.1064,278
2026-04-23 09:20:00,82.3,82.3,82.3,82.3,700
2026-04-23 09:30:00,82.81,83.15,82.5,82.99,18078
2026-04-23 09:35:00,82.9725,83.14,82.9101,82.95,4291
2026-04-23 09:40:00,83.035,83.3,83.035,83.19,5348
2026-04-23 09:45:00,83.28,83.28,82.95,83.11,3677
2026-04-23 09:50:00,83.07,83.22,83.005,83.01,6035
2026-04-23 09:55:00,83.01,83.01,82.7416,82.825,4153
2026-04-23 10:00:00,82.91,82.91,82.635,82.865,6105
2026-04-23 10:05:00,82.835,82.835,82.7,82.71,1812
2026-04-23 10:10:00,82.71,82.765,82.66,82.705,3416
2026-04-23 10:15:00,82.705,82.8,82.65,82.6887,2367
2026-04-23 10:20:00,82.8,82.825,82.6911,82.825,1971
2026-04-23 10:25:00,82.825,82.98,82.825,82.86,5972
2026-04-23 10:30:00,82.9,83.05,82.9,82.94,2767
2026-04-23 10:35:00,82.93,83.02,82.9,82.9,2946
2026-04-23 10:40:00,82.94,82.94,82.85,82.91,1803
2026-04-23 10:45:00,82.93,82.95,82.85,82.9,2101
2026-04-23 10:50:00,82.89,83.03,82.87,82.945,3409
2026-04-23 10:55:00,82.94,83.055,82.94,83.055,1520
2026-04-23 11:00:00,83.04,83.075,82.96,82.96,2320
2026-04-23 11:05:00,82.95,82.96,82.87,82.9,5534
2026-04-23 11:10:00,82.89,82.96,82.89,82.9,3418
2026-04-23 11:15:00,82.87,83.005,82.85,83.005,3187
2026-04-23 11:20:00,83,83.0327,82.96,83.0327,3619
2026-04-23 11:25:00,83.01,83.02,82.945,82.945,2087
2026-04-23 11:30:00,82.95,82.99,82.89,82.905,4145
2026-04-23 11:35:00,82.9,82.92,82.86,82.86,8025
2026-04-23 11:40:00,82.84,82.89,82.8,82.81,5073
2026-04-23 11:45:00,82.74,82.74,82.58,82.665,2034
2026-04-23 11:50:00,82.63,82.65,82.58,82.62,1301
2026-04-23 11:55:00,82.65,82.72,82.64,82.71,1108
2026-04-23 12:00:00,82.68,82.775,82.62,82.63,2450
2026-04-23 12:05:00,82.62,82.655,82.6,82.6,1463
2026-04-23 12:10:00,82.61,82.67,82.6,82.65,5477
2026-04-23 12:15:00,82.63,82.69,82.63,82.67,2379
2026-04-23 12:20:00,82.66,82.67,82.6,82.66,2688
2026-04-23 12:25:00,82.685,82.71,82.66,82.67,1760
2026-04-23 12:30:00,82.67,82.72,82.655,82.72,1348
2026-04-23 12:35:00,82.73,82.77,82.675,82.725,3175
2026-04-23 12:40:00,82.725,82.78,82.67,82.78,1100
2026-04-23 12:45:00,82.72,82.79,82.6801,82.7057,4300
2026-04-23 12:50:00,82.78,82.78,82.67,82.73,2078
2026-04-23 12:55:00,82.68,82.7559,82.6,82.645,2602
2026-04-23 13:00:00,82.66,82.66,82.39,82.44,7715
2026-04-23 13:05:00,82.36,82.375,82.22,82.22,7228
2026-04-23 13:10:00,82.13,82.16,82.005,82.02,7739
2026-04-23 13:15:00,82.016,82.05,81.77,81.81,9158
2026-04-23 13:20:00,81.79,81.89,81.755,81.8,2110
2026-04-23 13:25:00,81.77,81.915,81.7,81.725,4595
2026-04-23 13:30:00,81.77,81.94,81.74,81.94,5201
2026-04-23 13:35:00,81.925,82.01,81.69,81.69,5892
2026-04-23 13:40:00,81.7,81.7,81.38,81.38,12293
2026-04-23 13:45:00,81.42,81.55,81.27,81.47,5751
2026-04-23 13:50:00,81.496,82.16,81.36,82.01,11044
2026-04-23 13:55:00,81.92,82.24,81.92,82.24,9779
2026-04-23 14:00:00,82.22,82.335,82.15,82.18,4323
2026-04-23 14:05:00,82.23,82.38,82.225,82.235,1800
2026-04-23 14:10:00,82.19,82.33,82.16,82.17,1471
2026-04-23 14:15:00,82.227,82.265,82.1616,82.22,1492
2026-04-23 14:20:00,82.23,82.35,82.19,82.35,29219
2026-04-23 14:25:00,82.3,82.325,82.24,82.31,1548
2026-04-23 14:30:00,82.33,82.51,82.31,82.31,1721
2026-04-23 14:35:00,82.305,82.305,82.23,82.23,1270
2026-04-23 14:40:00,82.275,82.31,82.14,82.19,1799
2026-04-23 14:45:00,82.21,82.225,82.14,82.14,2110
2026-04-23 14:50:00,82.14,82.25,82.135,82.135,1580
2026-04-23 14:55:00,82.14,82.14,81.96,81.96,1941
2026-04-23 15:00:00,82.07,82.07,81.895,81.9,4334
2026-04-23 15:05:00,81.91,81.98,81.91,81.94,2145
2026-04-23 15:10:00,81.95,81.98,81.9,81.96,4147
2026-04-23 15:15:00,81.915,82.1097,81.915,81.97,2503
2026-04-23 15:20:00,81.96,82.06,81.89,81.89,1775
2026-04-23 15:25:00,81.945,82.035,81.89,82.035,4107
2026-04-23 15:30:00,81.98,82.16,81.89,81.95,8856
2026-04-23 15:35:00,81.95,81.99,81.81,81.92,6220
2026-04-23 15:40:00,81.945,81.99,81.87,81.87,3627
2026-04-23 15:45:00,81.87,81.99,81.87,81.99,6785
2026-04-23 15:50:00,82,82.16,81.89,82.05,11220
2026-04-23 15:55:00,82.12,82.28,82.02,82.12,65064
2026-04-23 16:00:00,82.15,82.15,82.15,82.15,1508
2026-04-23 16:35:00,81.1694,81.1694,81.1694,81.1694,400
2026-04-23 17:30:00,81.49,81.49,81.49,81.49,135
2026-04-23 18:20:00,82.4088,82.4088,82.4088,82.4088,100
2026-04-24 07:55:00,84.2284,84.2284,84.2284,84.2284,118
2026-04-24 08:00:00,83.39,83.39,83.29,83.29,930
2026-04-24 09:10:00,83.1388,83.1388,83.1388,83.1388,118
2026-04-24 09:25:00,83.33,83.33,83.33,83.33,423
2026-04-24 09:30:00,83.47,83.9,83.15,83.3101,9322
2026-04-24 09:35:00,83.23,83.4,82.99,83.4,4371
2026-04-24 09:40:00,83.39,83.55,83.385,83.55,1697
2026-04-24 09:45:00,83.48,83.52,83.31,83.48,10062
2026-04-24 09:50:00,83.4,83.6099,83.125,83.125,7643
2026-04-24 09:55:00,82.99,83.26,82.9301,83.22,3300
2026-04-24 10:00:00,83.275,83.38,83.185,83.28,1890
2026-04-24 10:05:00,83.3,83.57,83.3,83.55,2200
2026-04-24 10:10:00,83.55,83.8,83.5,83.73,3050
2026-04-24 10:15:00,83.79,83.96,83.74,83.96,8440
2026-04-24 10:20:00,83.6501,83.85,83.6501,83.74,1859
2026-04-24 10:25:00,83.76,83.8,83.61,83.61,2220
2026-04-24 10:30:00,83.64,83.89,83.64,83.79,4158
2026-04-24 10:35:00,83.83,83.83,83.66,83.665,2088
2026-04-24 10:40:00,83.745,83.8682,83.745,83.81,735
2026-04-24 10:45:00,83.89,83.89,83.73,83.75,700
2026-04-24 10:50:00,83.62,83.68,83.61,83.62,852
2026-04-24 10:55:00,83.695,83.7,83.61,83.67,843
2026-04-24 11:00:00,83.6564,83.67,83.6,83.67,1801
2026-04-24 11:05:00,83.64,83.66,83.6,83.64,2982
2026-04-24 11:10:00,83.64,83.6901,83.53,83.54,4351
2026-04-24 11:15:00,83.47,83.5,83.36,83.42,1700
2026-04-24 11:20:00,83.35,83.525,83.35,83.47,2260
2026-04-24 11:25:00,83.44,83.48,83.4,83.42,600
2026-04-24 11:30:00,83.51,83.51,83.47,83.4751,829
2026-04-24 11:35:00,83.42,83.43,83.4,83.4,651
2026-04-24 11:40:00,83.434,83.77,83.29,83.72,2237
2026-04-24 11:45:00,83.84,83.8857,83.78,83.845,939
2026-04-24 11:50:00,83.81,83.875,83.745,83.76,1178
2026-04-24 11:55:00,83.815,83.865,83.815,83.865,276
2026-04-24 12:00:00,83.89,83.89,83.76,83.76,600
2026-04-24 12:05:00,83.78,83.78,83.63,83.665,1437
2026-04-24 12:10:00,83.67,83.745,83.625,83.625,1065
2026-04-24 12:15:00,83.61,83.67,83.61,83.61,300
2026-04-24 12:20:00,83.64,83.774,83.64,83.7,1500
2026-04-24 12:25:00,83.72,83.755,83.71,83.71,600
2026-04-24 12:30:00,83.8,83.805,83.72,83.72,2266
2026-04-24 12:35:00,83.65,83.68,83.65,83.68,200
2026-04-24 12:40:00,83.58,83.62,83.51,83.51,806
2026-04-24 12:45:00,83.7034,83.7034,83.57,83.6,740
2026-04-24 12:50:00,83.68,83.68,83.5,83.62,1102
2026-04-24 12:55:00,83.69,83.69,83.52,83.6,38923
2026-04-24 13:00:00,83.61,83.63,83.58,83.63,1005
2026-04-24 13:05:00,83.63,83.63,83.57,83.59,700
2026-04-24 13:10:00,83.59,83.6,83.56,83.56,700
2026-04-24 13:15:00,83.565,83.565,83.5,83.53,300
2026-04-24 13:20:00,83.5,83.5,83.44,83.44,700
2026-04-24 13:25:00,83.5257,83.61,83.5257,83.59,3376
2026-04-24 13:30:00,83.57,83.599,83.47,83.47,419
2026-04-24 13:35:00,83.655,83.655,83.53,83.53,200
2026-04-24 13:40:00,83.55,83.615,83.52,83.615,1200
2026-04-24 13:45:00,83.6,83.6,83.56,83.6,800
2026-04-24 13:50:00,83.6011,83.68,83.57,83.68,1881
2026-04-24 13:55:00,83.69,83.75,83.65,83.65,1269
2026-04-24 14:00:00,83.66,83.8099,83.66,83.67,500
2026-04-24 14:05:00,83.67,83.7,83.67,83.7,844
2026-04-24 14:10:00,83.67,83.72,83.66,83.66,732
2026-04-24 14:15:00,83.69,83.7153,83.62,83.67,1562
2026-04-24 14:20:00,83.64,83.73,83.64,83.68,706
2026-04-24 14:25:00,83.63,83.67,83.61,83.65,1405
2026-04-24 14:30:00,83.6,83.705,83.6,83.655,1400
2026-04-24 14:35:00,83.645,83.698,83.61,83.698,1554
2026-04-24 14:40:00,83.65,83.69,83.65,83.66,900
2026-04-24 14:45:00,83.61,83.635,83.61,83.62,958
2026-04-24 14:50:00,83.61,83.67,83.61,83.66,1252
2026-04-24 14:55:00,83.67,83.68,83.62,83.6654,1595
2026-04-24 15:00:00,83.69,83.69,83.61,83.61,534
2026-04-24 15:05:00,83.63,83.63,83.58,83.58,600
2026-04-24 15:10:00,83.58,83.6,83.54,83.57,4622
2026-04-24 15:15:00,83.57,83.62,83.57,83.62,6595
2026-04-24 15:20:00,83.58,83.58,83.41,83.43,53528
2026-04-24 15:25:00,83.41,83.475,83.385,83.475,5110
2026-04-24 15:30:00,83.49,83.56,83.46,83.5,7368
2026-04-24 15:35:00,83.5,83.502,83.45,83.48,2499
2026-04-24 15:40:00,83.47,83.53,83.47,83.53,1329
2026-04-24 15:45:00,83.51,83.535,83.49,83.51,3117
2026-04-24 15:50:00,83.52,83.59,83.515,83.565,2453
2026-04-24 15:55:00,83.58,83.8,83.5417,83.71,17320
2026-04-24 16:00:00,83.79,83.79,83.79,83.79,15048
2026-04-24 17:20:00,83.4116,83.4116,83.4116,83.4116,123
2026-04-24 19:10:00,83.57,83.57,83.57,83.57,190
2026-04-27 04:00:00,84.02,84.02,84.02,84.02,157
2026-04-27 05:30:00,84.5,84.5,84.5,84.5,125
2026-04-27 05:55:00,84.71,84.71,84.71,84.71,470
2026-04-27 07:00:00,84.67,84.74,84.14,84.14,483
2026-04-27 08:45:00,84.37,84.37,84.31,84.31,400
2026-04-27 08:55:00,84.17,84.17,84.17,84.17,200
2026-04-27 09:25:00,83.83,84,83.83,84,8900
2026-04-27 09:30:00,84.16,84.4353,83.95,84.2346,35822
2026-04-27 09:35:00,84.16,84.43,84.05,84.2616,7805
2026-04-27 09:40:00,84.17,84.24,83.975,84.09,4959
2026-04-27 09:45:00,84,84,83.74,83.745,5949
2026-04-27 09:50:00,83.735,83.8975,83.6175,83.8975,4728
2026-04-27 09:55:00,84.06,84.15,84,84.15,1847
2026-04-27 10:00:00,84.11,84.27,84.015,84.27,7036
2026-04-27 10:05:00,84.27,84.3168,84.06,84.06,3130
2026-04-27 10:10:00,84.04,84.2,84.04,84.2,600
2026-04-27 10:15:00,84.18,84.2,84,84.2,2800
2026-04-27 10:20:00,84.215,84.32,84.1817,84.32,1074
2026-04-27 10:25:00,84.3403,84.4,84.26,84.29,1782
2026-04-27 10:30:00,84.17,84.17,84.05,84.07,900
2026-04-27 10:35:00,84.285,84.415,84.19,84.19,4060
2026-04-27 10:40:00,84.22,84.29,84.22,84.28,2153
2026-04-27 10:45:00,84.31,84.3199,84.2,84.25,5124
2026-04-27 10:50:00,84.255,84.29,84.195,84.195,7210
2026-04-27 10:55:00,84.2,84.2783,84.17,84.2299,5755
2026-04-27 11:00:00,84.1875,84.22,84.095,84.095,2447
2026-04-27 11:05:00,84.095,84.095,83.921,84.02,1840
2026-04-27 11:10:00,84.07,84.12,83.92,84.001,800
2026-04-27 11:15:00,84.07,84.2,84.07,84.17,319
2026-04-27 11:20:00,84.2,84.2099,84.04,84.08,7367
2026-04-27 11:25:00,84.17,84.17,84.16,84.16,751
2026-04-27 11:30:00,84.2,84.31,84.2,84.28,5675
2026-04-27 11:35:00,84.255,84.37,84.255,84.35,1444
2026-04-27 11:40:00,84.38,84.425,84.36,84.39,3215
2026-04-27 11:45:00,84.37,84.375,84.3001,84.3001,1625
2026-04-27 11:50:00,84.385,84.39,84.385,84.39,1331
2026-04-27 11:55:00,84.33,84.395,84.25,84.395,1127
2026-04-27 12:00:00,84.409,84.409,84.32,84.35,701
2026-04-27 12:05:00,84.39,84.48,84.36,84.42,2528
2026-04-27 12:10:00,84.425,84.425,84.415,84.415,827
2026-04-27 12:15:00,84.47,84.5,84.44,84.47,14203
2026-04-27 12:20:00,84.44,84.44,84.41,84.4225,900
2026-04-27 12:25:00,84.4143,84.45,84.4,84.45,370
2026-04-27 12:30:00,84.44,84.5,84.44,84.49,500
2026-04-27 12:35:00,84.49,84.5,84.405,84.405,3605
2026-04-27 12:45:00,84.43,84.43,84.43,84.43,175
2026-04-27 12:50:00,84.44,84.44,84.44,84.44,353
2026-04-27 12:55:00,84.44,84.5,84.44,84.49,1981
2026-04-27 13:00:00,84.49,84.6999,84.49,84.595,14764
2026-04-27 13:05:00,84.62,84.635,84.62,84.635,729
2026-04-27 13:10:00,84.58,84.63,84.56,84.63,2868
2026-04-27 13:15:00,84.56,84.6051,84.46,84.47,1887
2026-04-27 13:20:00,84.48,84.59,84.48,84.5,1532
2026-04-27 13:30:00,84.69,84.75,84.69,84.749,1525
2026-04-27 13:35:00,84.715,84.715,84.68,84.68,900
2026-04-27 13:40:00,84.675,84.68,84.62,84.63,700
2026-04-27 13:45:00,84.685,84.685,84.64,84.64,2253
2026-04-27 13:50:00,84.63,84.67,84.581,84.581,750
2026-04-27 13:55:00,84.63,84.675,84.63,84.635,300
2026-04-27 14:00:00,84.6499,84.6499,84.6499,84.6499,665
2026-04-27 14:05:00,84.69,84.69,84.68,84.68,200
2026-04-27 14:10:00,84.69,84.715,84.69,84.715,400
2026-04-27 14:15:00,84.71,84.71,84.71,84.71,525
2026-04-27 14:20:00,84.71,84.74,84.671,84.74,2250
2026-04-27 14:25:00,84.75,84.77,84.75,84.77,600
2026-04-27 14:30:00,84.77,84.77,84.74,84.765,700
2026-04-27 14:35:00,84.76,84.7701,84.75,84.7701,645
2026-04-27 14:40:00,84.77,84.77,84.74,84.77,720
2026-04-27 14:45:00,84.74,84.74,84.71,84.72,1257
2026-04-27 14:50:00,84.76,84.76,84.7185,84.745,525
2026-04-27 14:55:00,84.745,84.77,84.74,84.77,515
2026-04-27 15:00:00,84.745,84.81,84.7395,84.81,1802
2026-04-27 15:05:00,84.805,84.82,84.79,84.8199,3273
2026-04-27 15:10:00,84.81,84.9,84.81,84.9,2805
2026-04-27 15:15:00,84.89,84.9,84.865,84.9,955
2026-04-27 15:20:00,84.95,84.985,84.91,84.985,4256
2026-04-27 15:25:00,84.9999,85.03,84.94,85,12185
2026-04-27 15:30:00,85,85.1098,84.9817,85.065,1408
2026-04-27 15:35:00,85.02,85.06,84.95,85.06,3898
2026-04-27 15:40:00,85.015,85.02,84.96,85.02,4529
2026-04-27 15:45:00,84.98,85.04,84.97,84.98,7582
2026-04-27 15:50:00,84.985,85.04,84.97,84.985,7394
2026-04-27 15:55:00,84.98,85,84.925,84.975,39131
2026-04-27 16:00:00,84.94,84.95,84.94,84.95,2404
2026-04-27 19:45:00,85.14,85.14,85.14,85.14,120
2026-04-28 07:40:00,83.92,83.92,83.92,83.92,137
2026-04-28 07:45:00,84,84,84,84,550
2026-04-28 08:10:00,83.98,84,82.83,82.83,1500
2026-04-28 08:20:00,84,84,84,84,300
2026-04-28 08:45:00,84,84,84,84,200
2026-04-28 09:30:00,84.38,84.87,83.7212,84.175,8981
2026-04-28 09:35:00,84.22,84.4,84.1,84.31,6057
2026-04-28 09:40:00,84.3839,84.69,84.2669,84.575,3888
2026-04-28 09:45:00,84.5,84.535,84.37,84.37,3957
2026-04-28 09:50:00,84.2,84.23,84.12,84.14,2100
2026-04-28 09:55:00,84.2,84.2,84,84.1,2156
2026-04-28 10:00:00,84.06,84.12,83.88,83.88,2774
2026-04-28 10:05:00,83.94,84.005,83.94,83.985,1498
2026-04-28 10:10:00,83.98,84.05,83.895,84,2150
2026-04-28 10:15:00,83.89,83.97,83.8,83.96,2128
2026-04-28 10:20:00,83.86,83.87,83.67,83.86,2750
2026-04-28 10:25:00,83.75,83.81,83.73,83.74,1300
2026-04-28 10:30:00,83.69,83.76,83.67,83.679,3371
2026-04-28 10:35:00,83.55,83.595,83.355,83.43,4042
2026-04-28 10:40:00,83.2701,83.52,83.2701,83.52,2943
2026-04-28 10:45:00,83.515,83.515,83.39,83.39,6032
2026-04-28 10:50:00,83.29,83.315,83.15,83.315,13913
2026-04-28 10:55:00,83.21,83.51,83.21,83.48,4579
2026-04-28 11:00:00,83.55,83.68,83.55,83.59,8103
2026-04-28 11:05:00,83.595,83.595,83.44,83.48,2837
2026-04-28 11:10:00,83.475,83.62,83.38,83.538,4664
2026-04-28 11:15:00,83.55,83.68,83.55,83.62,2789
2026-04-28 11:20:00,83.64,83.665,83.6,83.625,1556
2026-04-28 11:25:00,83.58,83.71,83.58,83.705,3975
2026-04-28 11:30:00,83.65,83.68,83.65,83.68,2000
2026-04-28 11:35:00,83.64,83.725,83.64,83.725,740
2026-04-28 11:40:00,83.735,83.745,83.68,83.68,1015
2026-04-28 11:45:00,83.71,83.81,83.63,83.75,2573
2026-04-28 11:50:00,83.66,83.91,83.66,83.86,2098
2026-04-28 11:55:00,83.8,83.8342,83.78,83.83,1300
2026-04-28 12:00:00,83.8,83.82,83.73,83.82,1800
2026-04-28 12:05:00,83.84,83.9109,83.83,83.83,1575
2026-04-28 12:10:00,83.8,83.8,83.7524,83.7524,1200
2026-04-28 12:15:00,83.72,83.785,83.72,83.72,775
2026-04-28 12:20:00,83.74,83.8,83.74,83.8,373
2026-04-28 12:25:00,83.8,83.8001,83.75,83.77,2032
2026-04-28 12:30:00,83.72,83.72,83.72,83.72,400
2026-04-28 12:35:00,83.65,83.74,83.61,83.67,1300
2026-04-28 12:40:00,83.7,83.76,83.57,83.67,30122
2026-04-28 12:45:00,83.7093,83.71,83.65,83.69,1792
2026-04-28 12:50:00,83.72,83.8,83.67,83.8,2277
2026-04-28 12:55:00,83.805,83.805,83.75,83.76,3691
2026-04-28 13:00:00,83.76,83.76,83.67,83.67,700
2026-04-28 13:05:00,83.745,83.755,83.7449,83.7449,1108
2026-04-28 13:10:00,83.71,83.73,83.68,83.73,500
2026-04-28 13:15:00,83.72,83.7867,83.62,83.675,1599
2026-04-28 13:20:00,83.68,83.76,83.68,83.76,934
2026-04-28 13:25:00,83.82,83.83,83.82,83.83,1218
2026-04-28 13:30:00,83.83,83.89,83.83,83.83,800
2026-04-28 13:35:00,83.9,83.9,83.88,83.88,789
2026-04-28 13:40:00,84.01,84.01,84.005,84.005,200
2026-04-28 13:45:00,84.005,84.03,83.94,84,2116
2026-04-28 13:50:00,83.94,84.0699,83.93,83.95,604
2026-04-28 13:55:00,84.005,84.005,84,84,212
2026-04-28 14:00:00,83.96,84.025,83.96,84.025,2020
2026-04-28 14:05:00,84.02,84.02,83.95,84,1100
2026-04-28 14:10:00,84.03,84.06,84.03,84.0587,3496
2026-04-28 14:15:00,84.05,84.085,84.05,84.06,640
2026-04-28 14:20:00,84.15,84.3073,84.15,84.2172,5451
2026-04-28 14:25:00,84.16,84.18,84.16,84.18,400
2026-04-28 14:30:00,84.18,84.18,84.16,84.165,2200
2026-04-28 14:35:00,84.16,84.2,84.02,84.11,5279
2026-04-28 14:40:00,84.08,84.08,84.0395,84.08,1917
2026-04-28 14:45:00,84.08,84.25,84.08,84.15,1923
2026-04-28 14:50:00,84.12,84.2399,84.12,84.13,2819
2026-04-28 14:55:00,84.06,84.18,84.02,84.105,6477
2026-04-28 15:00:00,84.07,84.115,84.065,84.07,917
2026-04-28 15:05:00,84.11,84.17,84.08,84.08,2128
2026-04-28 15:10:00,84.07,84.1599,84,84,2470
2026-04-28 15:15:00,84.02,84.05,83.98,83.98,2423
2026-04-28 15:20:00,84,84.02,83.93,84.02,2570
2026-04-28 15:25:00,84.01,84.07,83.9001,83.95,5035
2026-04-28 15:30:00,83.93,83.93,83.84,83.85,2154
2026-04-28 15:35:00,83.78,83.93,83.78,83.82,1666
2026-04-28 15:40:00,83.88,83.93,83.81,83.84,1963
2026-04-28 15:45:00,83.845,83.91,83.83,83.845,1796
2026-04-28 15:50:00,83.85,83.9,83.79,83.88,3551
2026-04-28 15:55:00,83.815,83.875,83.76,83.865,16969
2026-04-28 16:00:00,83.77,83.77,83.77,83.77,2389
2026-04-29 04:00:00,85.72,85.72,84.9,84.9,993
2026-04-29 08:25:00,85.674,85.674,85.674,85.674,100
2026-04-29 08:40:00,85.32,85.32,85.32,85.32,100
2026-04-29 09:30:00,85.36,85.5,84.87,84.8701,10211
2026-04-29 09:35:00,85.29,85.44,85.2,85.2,21061
2026-04-29 09:40:00,85.16,85.27,85.16,85.18,1203
2026-04-29 09:45:00,85.17,85.27,85,85,4407
2026-04-29 09:50:00,84.87,84.99,84.845,84.935,1803
2026-04-29 09:55:00,85.025,85.025,85.025,85.025,250
2026-04-29 10:00:00,84.72,84.99,84.69,84.99,818
2026-04-29 10:05:00,84.99,84.99,84.99,84.99,100
2026-04-29 10:10:00,84.815,84.95,84.815,84.95,200
2026-04-29 10:15:00,85.0797,85.1221,85.0101,85.0101,643
2026-04-29 10:20:00,85.05,85.05,85.05,85.05,200
2026-04-29 10:25:00,85.08,85.15,85.0716,85.0716,414
2026-04-29 10:30:00,85.12,85.2,85.085,85.18,3178
2026-04-29 10:35:00,85.295,85.4,85.295,85.4,1000
2026-04-29 10:40:00,85.325,85.325,85.28,85.29,710
2026-04-29 10:45:00,85.37,85.4,85.335,85.4,1304
2026-04-29 10:50:00,85.405,85.54,85.4,85.54,7396
2026-04-29 10:55:00,85.53,85.53,85.47,85.47,2476
2026-04-29 11:00:00,85.4774,85.51,85.33,85.39,2565
2026-04-29 11:05:00,85.39,85.39,85.3801,85.3801,380
2026-04-29 11:10:00,85.32,85.32,85.09,85.09,650
2026-04-29 11:15:00,85.23,85.32,85.23,85.32,300
2026-04-29 11:20:00,85.33,85.398,85.33,85.33,400
2026-04-29 11:25:00,85.33,85.33,85.23,85.23,1385
2026-04-29 11:30:00,85.3799,85.3799,85.255,85.255,700
2026-04-29 11:35:00,85.21,85.25,85.21,85.25,1500
2026-04-29 11:40:00,85.2579,85.2579,85.23,85.24,2256
2026-04-29 11:45:00,85.2401,85.2401,85.12,85.12,862
2026-04-29 11:50:00,85.27,85.36,85,85.01,1186
2026-04-29 11:55:00,84.95,84.95,84.9445,84.9445,700
2026-04-29 12:05:00,85.1898,85.1898,85.04,85.04,1065
2026-04-29 12:10:00,85.1135,85.115,85.02,85.02,1178
2026-04-29 12:25:00,85.0844,85.0844,85.01,85.02,412
2026-04-29 12:35:00,84.89,84.89,84.84,84.84,1719
2026-04-29 12:40:00,84.98,84.98,84.8,84.942,1527
2026-04-29 12:45:00,84.905,84.905,84.82,84.82,900
2026-04-29 12:50:00,85,85,85,85,175
2026-04-29 12:55:00,85.03,85.03,84.92,84.92,871
2026-04-29 13:05:00,84.9086,85.079,84.9086,85.079,793
2026-04-29 13:10:00,85.04,85.04,85.04,85.04,129
2026-04-29 13:15:00,84.965,85.04,84.965,85.03,1384
2026-04-29 13:20:00,85.04,85.0475,85.04,85.04,300
2026-04-29 13:25:00,85.08,85.2099,84.96,85.2099,1282
2026-04-29 13:30:00,85.08,85.12,85.08,85.08,500
2026-04-29 13:35:00,85.06,85.14,85.06,85.14,300
2026-04-29 13:40:00,85.04,85.08,85.01,85.08,317
2026-04-29 13:45:00,85.12,85.13,85.03,85.13,760
2026-04-29 13:50:00,85.1417,85.18,85.14,85.14,2200
2026-04-29 13:55:00,85.145,85.2,85.145,85.2,535
2026-04-29 14:00:00,85.11,85.15,85.038,85.15,3816
2026-04-29 14:05:00,85.04,85.04,84.93,85.034,665
2026-04-29 14:20:00,85.09,85.09,85.031,85.031,230
2026-04-29 14:25:00,85.08,85.08,85.03,85.03,1302
2026-04-29 14:30:00,84.99,85.03,84.97,84.97,2758
2026-04-29 14:35:00,85.09,85.1,84.99,85.045,1100
2026-04-29 14:40:00,85.04,85.045,84.85,84.85,1594
2026-04-29 14:45:00,84.85,84.935,84.83,84.935,1300
2026-04-29 14:50:00,84.96,84.96,84.88,84.88,295
2026-04-29 14:55:00,85.1,85.1,84.9562,85.0363,3341
2026-04-29 15:00:00,85.1,85.105,85.1,85.105,1050
2026-04-29 15:05:00,85.105,85.192,85.081,85.17,1643
2026-04-29 15:10:00,85.2,85.36,85.2,85.36,1409
2026-04-29 15:15:00,85.365,85.37,85.3,85.34,1274
2026-04-29 15:20:00,85.3,85.3,85.24,85.24,1646
2026-04-29 15:30:00,85.2,85.2,85.03,85.105,1654
2026-04-29 15:35:00,85.11,85.11,85.06,85.06,225
2026-04-29 15:40:00,85.145,85.145,85.145,85.145,100
2026-04-29 15:45:00,85.145,85.145,85.085,85.1429,3466
2026-04-29 15:50:00,85.05,85.1998,85.05,85.07,2102
2026-04-29 15:55:00,85.135,85.14,85.03,85.08,3385
2026-04-29 16:00:00,85.07,85.07,85.07,85.07,1312
2026-04-29 17:00:00,85.5196,85.5196,85.5196,85.5196,233
2026-04-29 18:40:00,85.07,85.07,85.07,85.07,100
2026-04-29 18:55:00,85.07,85.07,85.07,85.07,100
2026-04-29 19:40:00,85.01,85.04,85.01,85.04,200
2026-04-30 04:05:00,85.07,85.07,85.07,85.07,100
2026-04-30 05:35:00,85.7,85.7,85.7,85.7,150
2026-04-30 06:20:00,85.66,85.7,85.66,85.7,600
2026-04-30 07:10:00,85.8915,85.8915,85.8915,85.8915,500
2026-04-30 07:30:00,86.0833,86.0833,86.0833,86.0833,700
2026-04-30 08:15:00,86.07,86.1,86.07,86.1,592
2026-04-30 09:20:00,86.07,86.07,86.07,86.07,100
2026-04-30 09:25:00,86.01,86.01,86.01,86.01,320
2026-04-30 09:30:00,86.01,87.0778,86.01,86.96,32251
2026-04-30 09:35:00,86.8944,86.965,86.83,86.895,12150
2026-04-30 09:40:00,86.9,87.021,86.83,86.955,13841
2026-04-30 09:45:00,86.97,86.98,86.865,86.89,2392
2026-04-30 09:50:00,86.83,86.95,86.66,86.69,6165
2026-04-30 09:55:00,86.68,86.725,86.645,86.6558,1266
2026-04-30 10:00:00,86.65,86.82,86.61,86.68,1667
2026-04-30 10:05:00,86.7,86.7,86.4875,86.49,1786
2026-04-30 10:10:00,86.52,86.64,86.52,86.64,1446
2026-04-30 10:15:00,86.7383,86.8035,86.61,86.8035,8099
2026-04-30 10:20:00,86.855,87,86.8,86.97,5730
2026-04-30 10:25:00,86.93,87.089,86.93,87.06,1958
2026-04-30 10:30:00,87.02,87.185,87.02,87.035,9285
2026-04-30 10:35:00,87.07,87.07,86.9,86.9,4046
2026-04-30 10:40:00,86.95,87.0025,86.8733,87.0025,1000
2026-04-30 10:45:00,87.02,87.1,86.93,87.1,4254
2026-04-30 10:50:00,87.135,87.2699,87.1219,87.255,16032
2026-04-30 10:55:00,87.255,87.31,87.25,87.275,9695
2026-04-30 11:00:00,87.31,87.36,87.28,87.28,6095
2026-04-30 11:05:00,87.275,87.42,87.24,87.42,12024
2026-04-30 11:10:00,87.44,87.53,87.44,87.5,6583
2026-04-30 11:15:00,87.55,87.57,87.51,87.56,1964
2026-04-30 11:20:00,87.5799,87.5799,87.45,87.45,3762
2026-04-30 11:25:00,87.575,87.63,87.53,87.63,3842
2026-04-30 11:30:00,87.62,87.63,87.6,87.6,1400
2026-04-30 11:35:00,87.6,87.635,87.59,87.6,2641
2026-04-30 11:40:00,87.58,87.61,87.56,87.585,1500
2026-04-30 11:45:00,87.56,87.57,87.47,87.505,2820
2026-04-30 11:50:00,87.4932,87.58,87.4932,87.58,332
2026-04-30 11:55:00,87.6,87.65,87.585,87.63,4177
2026-04-30 12:00:00,87.63,87.63,87.52,87.53,2915
2026-04-30 12:05:00,87.565,87.65,87.565,87.63,3804
2026-04-30 12:10:00,87.659,87.68,87.659,87.68,1000
2026-04-30 12:15:00,87.66,87.66,87.57,87.625,2643
2026-04-30 12:20:00,87.68,87.68,87.62,87.6509,1278
2026-04-30 12:25:00,87.62,87.65,87.59,87.61,4253
2026-04-30 12:30:00,87.61,87.61,87.6,87.6,2082
2026-04-30 12:35:00,87.61,87.61,87.58,87.595,1395
2026-04-30 12:40:00,87.61,87.61,87.57,87.57,1544
2026-04-30 12:45:00,87.53,87.595,87.53,87.595,3909
2026-04-30 12:50:00,87.6,87.61,87.51,87.54,12112
2026-04-30 12:55:00,87.5,87.56,87.5,87.56,3900
2026-04-30 13:00:00,87.6,87.66,87.6,87.635,1220
2026-04-30 13:05:00,87.65,87.66,87.64,87.65,2220
2026-04-30 13:10:00,87.68,87.715,87.665,87.715,1900
2026-04-30 13:15:00,87.7427,87.7427,87.68,87.68,1984
2026-04-30 13:20:00,87.7,87.705,87.66,87.66,1273
2026-04-30 13:25:00,87.72,87.73,87.69,87.71,2121
2026-04-30 13:30:00,87.74,87.88,87.74,87.7601,5607
2026-04-30 13:35:00,87.78,87.805,87.78,87.805,1200
2026-04-30 13:40:00,87.82,87.88,87.82,87.82,755
2026-04-30 13:45:00,87.89,87.9,87.85,87.89,1200
2026-04-30 13:50:00,87.88,87.89,87.855,87.88,2584
2026-04-30 13:55:00,87.88,87.9,87.8383,87.9,3155
2026-04-30 14:00:00,87.8442,87.97,87.8442,87.93,3785
2026-04-30 14:05:00,87.92,87.98,87.92,87.95,1627
2026-04-30 14:10:00,87.9245,87.945,87.9245,87.945,749
2026-04-30 14:15:00,87.9474,88.03,87.945,87.9901,9399
2026-04-30 14:20:00,87.99,88.045,87.99,88.03,2897
2026-04-30 14:25:00,88.0589,88.0589,88,88.035,2855
2026-04-30 14:30:00,88.0712,88.0712,88.0712,88.0712,100
2026-04-30 14:35:00,88.125,88.18,88.1,88.18,1052
2026-04-30 14:40:00,88.13,88.14,88.1,88.1,3250
2026-04-30 14:45:00,88.17,88.17,88.12,88.13,1189
2026-04-30 14:50:00,88.17,88.18,88.1229,88.165,1310
2026-04-30 14:55:00,88.17,88.19,88.165,88.165,698
2026-04-30 15:00:00,88.165,88.235,88.16,88.205,11250
2026-04-30 15:05:00,88.24,88.2625,88.18,88.24,23840
2026-04-30 15:10:00,88.2,88.27,88.2,88.2,7760
2026-04-30 15:15:00,88.2,88.28,88.19,88.19,3939
2026-04-30 15:20:00,88.18,88.2056,88.16,88.2,3848
2026-04-30 15:25:00,88.1894,88.27,88.1894,88.19,2498
2026-04-30 15:30:00,88.205,88.2299,88.15,88.2299,2381
2026-04-30 15:35:00,88.19,88.2293,88.16,88.17,13452
2026-04-30 15:40:00,88.175,88.195,88.15,88.195,6659
2026-04-30 15:45:00,88.19,88.26,88.165,88.24,10890
2026-04-30 15:50:00,88.24,88.27,88.15,88.26,15724
2026-04-30 15:55:00,88.28,88.3399,88.12,88.12,26523
2026-04-30 16:00:00,88.24,88.24,88.24,88.24,6699
2026-04-30 16:20:00,88.01,88.01,88.01,88.01,100
2026-05-01 08:20:00,88.2,88.2,88.2,88.2,335
2026-05-01 08:25:00,88.5181,88.5181,88.5181,88.5181,230
2026-05-01 08:45:00,88.4,88.4,88.4,88.4,348
2026-05-01 09:25:00,88.3,88.3,88.3,88.3,120
2026-05-01 09:30:00,88.06,88.06,87.52,87.76,7195
2026-05-01 09:35:00,87.67,87.83,87.67,87.76,11507
2026-05-01 09:40:00,87.66,87.99,87.66,87.99,564
2026-05-01 09:45:00,87.985,88.15,87.83,87.94,2751
2026-05-01 09:50:00,87.88,88.09,87.86,88.09,600
2026-05-01 09:55:00,88.0115,88.32,88.0115,88.32,1712
2026-05-01 10:00:00,88.3201,88.5,88.3201,88.49,11169
2026-05-01 10:05:00,88.48,88.485,88.335,88.42,1914
2026-05-01 10:10:00,88.36,88.5,88.36,88.47,9582
2026-05-01 10:15:00,88.52,88.65,88.48,88.505,7684
2026-05-01 10:20:00,88.59,88.59,88.59,88.59,551
2026-05-01 10:25:00,88.57,88.6299,88.43,88.5,1295
2026-05-01 10:30:00,88.365,88.365,88.21,88.21,2508
2026-05-01 10:35:00,88.135,88.2,88.135,88.2,1376
2026-05-01 10:40:00,88.14,88.2676,88.1316,88.21,1668
2026-05-01 10:45:00,88.26,88.2624,88.215,88.24,853
2026-05-01 10:50:00,88.23,88.35,88.23,88.35,700
2026-05-01 10:55:00,88.325,88.38,88.325,88.36,1969
2026-05-01 11:00:00,88.28,88.31,88.17,88.3,2522
2026-05-01 11:05:00,88.26,88.37,88.26,88.37,2271
2026-05-01 11:10:00,88.38,88.43,88.34,88.43,2400
2026-05-01 11:15:00,88.4,88.44,88.39,88.44,1413
2026-05-01 11:20:00,88.44,88.57,88.44,88.57,13385
2026-05-01 11:25:00,88.5464,88.5464,88.44,88.5,1180
2026-05-01 11:30:00,88.54,88.55,88.51,88.51,620
2026-05-01 11:35:00,88.5,88.61,88.5,88.605,3578
2026-05-01 11:40:00,88.585,88.6,88.53,88.6,2973
2026-05-01 11:45:00,88.605,88.66,88.6,88.63,7348
2026-05-01 11:50:00,88.64,88.64,88.43,88.55,4511
2026-05-01 11:55:00,88.59,88.6,88.51,88.51,1458
2026-05-01 12:00:00,88.51,88.512,88.46,88.512,949
2026-05-01 12:05:00,88.535,88.535,88.31,88.31,1865
2026-05-01 12:10:00,88.47,88.55,88.47,88.525,1190
2026-05-01 12:15:00,88.55,88.6,88.55,88.555,1488
2026-05-01 12:20:00,88.58,88.6,88.38,88.43,3900
2026-05-01 12:25:00,88.37,88.37,88.37,88.37,100
2026-05-01 12:30:00,88.4699,88.4699,88.4699,88.4699,1400
2026-05-01 12:35:00,88.4376,88.4376,88.4376,88.4376,739
2026-05-01 12:40:00,88.44,88.44,88.32,88.3858,8906
2026-05-01 12:45:00,88.355,88.38,88.31,88.34,4677
2026-05-01 12:50:00,88.34,88.37,88.33,88.35,2268
2026-05-01 12:55:00,88.42,88.42,88.42,88.42,600
2026-05-01 13:00:00,88.42,88.4985,88.42,88.42,1020
2026-05-01 13:05:00,88.43,88.46,88.42,88.45,1717
2026-05-01 13:10:00,88.48,88.5499,88.48,88.5499,380
2026-05-01 13:15:00,88.515,88.55,88.515,88.55,3153
2026-05-01 13:20:00,88.555,88.6,88.52,88.57,4380
2026-05-01 13:25:00,88.57,88.66,88.57,88.66,2758
2026-05-01 13:30:00,88.7,88.82,88.7,88.82,1254
2026-05-01 13:35:00,88.8,88.8,88.8,88.8,100
2026-05-01 13:40:00,88.79,88.79,88.75,88.75,1000
2026-05-01 13:45:00,88.73,88.745,88.73,88.735,480
2026-05-01 13:50:00,88.72,88.815,88.695,88.79,13117
2026-05-01 13:55:00,88.7986,88.8399,88.79,88.795,1530
2026-05-01 14:00:00,88.795,88.795,88.72,88.72,1220
2026-05-01 14:05:00,88.7,88.7,88.67,88.67,347
2026-05-01 14:10:00,88.7,88.7,88.65,88.655,931
2026-05-01 14:15:00,88.6,88.6,88.55,88.5501,1961
2026-05-01 14:20:00,88.615,88.645,88.615,88.645,541
2026-05-01 14:25:00,88.7075,88.735,88.7075,88.735,200
2026-05-01 14:30:00,88.73,88.7755,88.67,88.72,9270
2026-05-01 14:35:00,88.67,88.7,88.67,88.6927,415
2026-05-01 14:40:00,88.69,88.72,88.66,88.66,7085
2026-05-01 14:45:00,88.66,88.68,88.63,88.645,2869
2026-05-01 14:50:00,88.6799,88.6799,88.61,88.61,712
2026-05-01 14:55:00,88.6699,88.6889,88.62,88.6889,4682
2026-05-01 15:00:00,88.7,88.7,88.66,88.66,300
2026-05-01 15:05:00,88.705,88.705,88.678,88.678,1495
2026-05-01 15:10:00,88.78,88.81,88.765,88.81,1619
2026-05-01 15:15:00,88.81,88.86,88.81,88.8588,7432
2026-05-01 15:20:00,88.845,88.88,88.83,88.83,6524
2026-05-01 15:25:00,88.87,88.9,88.85,88.88,6721
2026-05-01 15:30:00,88.83,88.83,88.77,88.8,3780
2026-05-01 15:35:00,88.8001,88.83,88.71,88.74,15260
2026-05-01 15:40:00,88.7514,88.775,88.71,88.7209,1990
2026-05-01 15:45:00,88.7101,88.82,88.71,88.79,3248
2026-05-01 15:50:00,88.825,88.825,88.68,88.74,1339
2026-05-01 15:55:00,88.75,88.765,88.68,88.765,4743
2026-05-01 16:00:00,88.72,88.72,88.72,88.72,1456
2026-05-01 17:20:00,88.72,88.72,88.72,88.72,150
2026-05-01 18:50:00,88.7,88.7,88.7,88.7,130
2026-05-04 05:35:00,88.09,88.09,88.09,88.09,100
2026-05-04 06:40:00,87.52,87.52,87.52,87.52,100
2026-05-04 07:00:00,88.12,88.42,88.12,88.38,1133
2026-05-04 09:00:00,88,88,88,88,166
2026-05-04 09:30:00,88.09,88.09,87.7,87.915,15773
2026-05-04 09:35:00,87.985,87.985,87.765,87.825,2323
2026-05-04 09:40:00,87.805,87.87,87.745,87.75,4717
2026-05-04 09:45:00,87.76,87.85,87.73,87.735,5320
2026-05-04 09:50:00,87.73,87.8155,87.5601,87.8155,9258
2026-05-04 09:55:00,87.72,87.81,87.6777,87.81,5800
2026-05-04 10:00:00,87.835,87.835,87.79,87.79,1100
2026-05-04 10:05:00,87.79,87.89,87.7,87.7,7056
2026-05-04 10:10:00,87.71,88.035,87.71,87.98,1955
2026-05-04 10:15:00,88,88.11,88,88.11,2514
2026-05-04 10:20:00,88.14,88.25,88.13,88.14,1034
2026-05-04 10:25:00,88.16,88.16,88.1,88.1,300
2026-05-04 10:30:00,88.125,88.23,88.125,88.155,2732
2026-05-04 10:35:00,88.165,88.26,88.1112,88.26,3013
2026-05-04 10:40:00,88.22,88.235,88.16,88.23,2958
2026-05-04 10:45:00,88.23,88.24,88.12,88.12,4048
2026-05-04 10:50:00,88.11,88.11,88.11,88.11,300
2026-05-04 10:55:00,88.17,88.17,88,88.11,1548
2026-05-04 11:00:00,87.9,87.9,87.76,87.87,600
2026-05-04 11:05:00,87.86,87.86,87.85,87.85,300
2026-05-04 11:10:00,87.95,88.0299,87.89,87.89,1150
2026-05-04 11:15:00,87.92,87.9423,87.61,87.61,3840
2026-05-04 11:20:00,87.51,87.51,87.34,87.39,3654
2026-05-04 11:25:00,87.37,87.66,87.37,87.66,4794
2026-05-04 11:30:00,87.53,87.53,87.45,87.525,4078
2026-05-04 11:35:00,87.54,87.55,87.48,87.48,2961
2026-05-04 11:40:00,87.47,87.505,87.35,87.505,2210
2026-05-04 11:45:00,87.49,87.49,87.46,87.46,1036
2026-05-04 11:50:00,87.365,87.39,87.16,87.255,2246
2026-05-04 11:55:00,87.4199,87.4199,87.3051,87.3051,373
2026-05-04 12:00:00,87.23,87.27,87.149,87.149,974
2026-05-04 12:05:00,87.14,87.14,86.79,86.8407,1956
2026-05-04 12:10:00,86.79,86.79,86.61,86.77,10915
2026-05-04 12:15:00,86.77,87.025,86.68,87.01,7020
2026-05-04 12:20:00,87.01,87.0659,86.8861,86.8861,2082
2026-05-04 12:25:00,87.05,87.05,86.895,86.93,615
2026-05-04 12:30:00,87,87,86.9114,86.9114,951
2026-05-04 12:35:00,86.88,86.88,86.845,86.845,723
2026-05-04 12:45:00,86.85,86.885,86.82,86.8201,1592
2026-05-04 12:50:00,86.8476,86.91,86.7601,86.7601,1410
2026-05-04 12:55:00,86.84,86.89,86.84,86.89,700
2026-05-04 13:00:00,86.8801,86.94,86.8801,86.94,610
2026-05-04 13:05:00,87.005,87.005,86.9289,86.9539,1674
2026-05-04 13:10:00,87.0051,87.1,87.0051,87.1,1008
2026-05-04 13:20:00,87.2799,87.2799,87.18,87.18,200
2026-05-04 13:30:00,87.1,87.225,87.1,87.18,3904
2026-05-04 13:35:00,87.1,87.26,87.04,87.12,1114
2026-05-04 13:40:00,87.06,87.166,87.06,87.166,300
2026-05-04 13:45:00,87.17,87.17,87.1,87.1,402
2026-05-04 13:50:00,87.17,87.17,87.15,87.15,200
2026-05-04 14:00:00,87.145,87.145,87.145,87.145,862
2026-05-04 14:05:00,87.155,87.155,87.085,87.085,715
2026-05-04 14:10:00,87.1,87.155,87,87.06,4795
2026-05-04 14:15:00,87.01,87.045,87.01,87.045,463
2026-05-04 14:20:00,87.0581,87.09,86.945,87.01,1256
2026-05-04 14:25:00,87.0573,87.08,86.96,86.98,1792
2026-05-04 14:30:00,87.1,87.1,87.035,87.035,261
2026-05-04 14:35:00,87.035,87.035,87.035,87.035,200
2026-05-04 14:40:00,87.01,87.01,86.8288,86.8288,1664
2026-05-04 14:45:00,86.855,86.855,86.765,86.78,765
2026-05-04 14:50:00,86.89,86.89,86.81,86.81,1037
2026-05-04 14:55:00,86.82,86.97,86.82,86.905,1813
2026-05-04 15:00:00,86.91,86.9899,86.85,86.92,1477
2026-05-04 15:05:00,86.925,87.05,86.925,87.005,633
2026-05-04 15:10:00,86.98,86.9999,86.9046,86.9999,911
2026-05-04 15:15:00,86.99,87.01,86.99,87.01,700
2026-05-04 15:20:00,86.95,87.01,86.9301,86.9839,602
2026-05-04 15:25:00,86.94,86.94,86.905,86.925,1895
2026-05-04 15:30:00,87.0299,87.0299,86.92,86.92,300
2026-05-04 15:35:00,86.915,87.03,86.915,86.93,1458
2026-05-04 15:40:00,87.01,87.04,86.98,86.985,2310
2026-05-04 15:45:00,87.02,87.0299,86.97,87.0299,8370
2026-05-04 15:50:00,87.0571,87.09,87.02,87.02,1320
2026-05-04 15:55:00,87.06,87.14,87.02,87.12,8513
2026-05-04 16:00:00,87.12,87.12,87.12,87.12,2041
2026-05-04 16:10:00,87.2091,87.2091,87.2091,87.2091,180
2026-05-04 16:35:00,87.15,87.15,87.15,87.15,115
2026-05-04 16:45:00,87.18,87.18,87.18,87.18,115
2026-05-04 17:05:00,85.7471,85.7471,85.7471,85.7471,500
2026-05-04 17:35:00,87.1972,87.1972,87.1972,87.1972,100
2026-05-04 17:40:00,87.17,87.17,87.17,87.17,100
2026-05-04 17:50:00,87.17,87.17,87.17,87.17,100
2026-05-04 18:35:00,86.748,86.748,86.748,86.748,401
2026-05-05 05:10:00,87.23,87.23,87.23,87.23,100
2026-05-05 06:40:00,87.99,87.99,87.99,87.99,100
2026-05-05 07:00:00,88.01,88.01,88.01,88.01,916
2026-05-05 09:30:00,87.99,88.0787,87.49,87.923,8218
2026-05-05 09:35:00,88,88.21,88,88.13,8495
2026-05-05 09:40:00,88.165,88.21,88.08,88.08,9278
2026-05-05 09:45:00,88.07,88.105,87.97,88,7345
2026-05-05 09:50:00,88.08,88.25,88.075,88.2,6777
2026-05-05 09:55:00,88.23,88.29,88.2,88.2,5486
2026-05-05 10:00:00,88.21,88.246,88.165,88.19,3030
2026-05-05 10:05:00,88.25,88.4,88.25,88.4,1598
2026-05-05 10:10:00,88.41,88.447,88.23,88.29,2573
2026-05-05 10:15:00,88.1829,88.24,88.1,88.18,1594
2026-05-05 10:20:00,88.095,88.295,88.095,88.28,1200
2026-05-05 10:25:00,88.3539,88.48,88.3539,88.47,4171
2026-05-05 10:30:00,88.39,88.39,88.31,88.31,911
2026-05-05 10:35:00,88.34,88.35,88.2119,88.28,2651
2026-05-05 10:40:00,88.24,88.35,88.24,88.29,3149
2026-05-05 10:45:00,88.29,88.29,88.23,88.26,2566
2026-05-05 10:50:00,88.22,88.26,88.17,88.26,1210
2026-05-05 10:55:00,88.25,88.29,88.2307,88.26,3423
2026-05-05 11:00:00,88.26,88.32,88.2286,88.32,2548
2026-05-05 11:05:00,88.34,88.38,88.34,88.35,1405
2026-05-05 11:10:00,88.36,88.3999,88.35,88.37,2382
2026-05-05 11:15:00,88.37,88.42,88.37,88.41,600
2026-05-05 11:20:00,88.43,88.465,88.43,88.465,836
2026-05-05 11:25:00,88.46,88.48,88.44,88.47,3858
2026-05-05 11:30:00,88.52,88.52,88.47,88.4886,2049
2026-05-05 11:35:00,88.49,88.595,88.49,88.58,8260
2026-05-05 11:40:00,88.6,88.625,88.58,88.58,1498
2026-05-05 11:45:00,88.631,88.6347,88.58,88.6347,1248
2026-05-05 11:50:00,88.6,88.6,88.525,88.55,1588
2026-05-05 11:55:00,88.56,88.56,88.5,88.54,1439
2026-05-05 12:00:00,88.535,88.54,88.49,88.51,1980
2026-05-05 12:05:00,88.57,88.57,88.525,88.525,2734
2026-05-05 12:10:00,88.515,88.52,88.48,88.49,1895
2026-05-05 12:15:00,88.49,88.49,88.455,88.455,966
2026-05-05 12:20:00,88.495,88.495,88.495,88.495,100
2026-05-05 12:25:00,88.47,88.47,88.285,88.3651,4187
2026-05-05 12:30:00,88.38,88.38,88.275,88.37,1213
2026-05-05 12:35:00,88.325,88.37,88.325,88.35,2100
2026-05-05 12:40:00,88.345,88.36,88.315,88.315,1226
2026-05-05 12:45:00,88.36,88.43,88.36,88.41,700
2026-05-05 12:50:00,88.44,88.44,88.345,88.3616,887
2026-05-05 12:55:00,88.345,88.36,88.32,88.32,1730
2026-05-05 13:00:00,88.335,88.335,88.335,88.335,100
2026-05-05 13:05:00,88.365,88.375,88.34,88.34,2466
2026-05-05 13:10:00,88.32,88.34,88.305,88.305,763
2026-05-05 13:15:00,88.275,88.405,88.275,88.405,1226
2026-05-05 13:20:00,88.385,88.39,88.38,88.38,300
2026-05-05 13:25:00,88.35,88.41,88.35,88.41,1070
2026-05-05 13:30:00,88.37,88.43,88.365,88.365,2268
2026-05-05 13:35:00,88.375,88.38,88.33,88.33,2335
2026-05-05 13:40:00,88.295,88.4,88.295,88.36,1345
2026-05-05 13:45:00,88.36,88.39,88.35,88.37,2122
2026-05-05 13:50:00,88.345,88.375,88.345,88.375,500
2026-05-05 13:55:00,88.375,88.375,88.345,88.36,600
2026-05-05 14:00:00,88.37,88.4,88.36,88.4,2071
2026-05-05 14:05:00,88.41,88.455,88.41,88.455,855
2026-05-05 14:10:00,88.4491,88.4491,88.445,88.445,346
2026-05-05 14:15:00,88.41,88.47,88.4,88.47,942
2026-05-05 14:20:00,88.4601,88.4601,88.46,88.46,2049
2026-05-05 14:25:00,88.48,88.545,88.48,88.545,969
2026-05-05 14:30:00,88.52,88.5549,88.495,88.5,625
2026-05-05 14:35:00,88.52,88.5366,88.52,88.5366,600
2026-05-05 14:45:00,88.52,88.55,88.515,88.55,1676
2026-05-05 14:50:00,88.5775,88.5775,88.52,88.52,878
2026-05-05 14:55:00,88.55,88.63,88.53,88.63,12598
2026-05-05 15:00:00,88.64,88.66,88.585,88.61,3646
2026-05-05 15:05:00,88.63,88.64,88.57,88.57,1273
2026-05-05 15:10:00,88.64,88.64,88.625,88.625,366
2026-05-05 15:15:00,88.62,88.62,88.475,88.525,1000
2026-05-05 15:20:00,88.52,88.58,88.52,88.58,1350
2026-05-05 15:25:00,88.59,88.59,88.54,88.555,576
2026-05-05 15:30:00,88.4969,88.505,88.44,88.4799,3390
2026-05-05 15:35:00,88.47,88.49,88.45,88.49,1200
2026-05-05 15:40:00,88.48,88.48,88.47,88.47,1045
2026-05-05 15:45:00,88.485,88.56,88.405,88.41,3086
2026-05-05 15:50:00,88.41,88.41,88.355,88.4,1747
2026-05-05 15:55:00,88.41,88.51,88.41,88.485,2546
2026-05-05 16:00:00,88.45,88.45,88.45,88.45,2895
2026-05-05 17:20:00,88.49,88.49,88.49,88.49,100
2026-05-05 18:00:00,88.49,88.49,88.49,88.49,174
2026-05-05 18:15:00,88.5,88.5,88.5,88.5,100
2026-05-05 18:50:00,88.49,88.49,88.49,88.49,133
2026-05-05 19:15:00,88.5,88.5,88.5,88.5,100
2026-05-06 04:00:00,87.8843,89.47,87.87,89.47,2486
2026-05-06 04:40:00,89.95,89.9597,89.95,89.9597,200
2026-05-06 08:40:00,90.06,90.06,90.06,90.06,168
2026-05-06 09:25:00,90.08,90.08,90.08,90.08,110
2026-05-06 09:30:00,90.04,90.23,90.02,90.205,17484
2026-05-06 09:35:00,90.39,90.44,90.29,90.395,2595
2026-05-06 09:40:00,90.37,90.44,90.2549,90.35,4881
2026-05-06 09:45:00,90.385,90.45,90.351,90.3675,2939
2026-05-06 09:50:00,90.35,90.6695,90.29,90.6695,7662
2026-05-06 09:55:00,90.705,90.705,90.575,90.635,3793
2026-05-06 10:00:00,90.58,90.75,90.5535,90.665,11620
2026-05-06 10:05:00,90.665,90.6699,90.4,90.49,8637
2026-05-06 10:10:00,90.64,90.675,90.55,90.55,1400
2026-05-06 10:15:00,90.71,90.71,90.47,90.53,1526
2026-05-06 10:20:00,90.57,90.6709,90.51,90.53,5865
2026-05-06 10:25:00,90.57,90.58,90.45,90.45,4287
2026-05-06 10:30:00,90.485,90.65,90.43,90.61,1174
2026-05-06 10:35:00,90.68,90.8,90.62,90.8,19670
2026-05-06 10:40:00,90.825,90.96,90.825,90.95,3908
2026-05-06 10:45:00,90.995,91,90.95,90.95,3004
2026-05-06 10:50:00,90.94,90.97,90.91,90.9451,3700
2026-05-06 10:55:00,90.93,90.98,90.88,90.88,1889
2026-05-06 11:00:00,90.8101,90.98,90.8101,90.98,2969
2026-05-06 11:05:00,91,91.095,90.995,91.085,6349
2026-05-06 11:10:00,91.085,91.1699,91.07,91.1,5515
2026-05-06 11:15:00,91.12,91.24,91.0201,91.24,1596
2026-05-06 11:20:00,91.28,91.2999,91.16,91.18,1944
2026-05-06 11:25:00,91.17,91.2888,91.165,91.23,3711
2026-05-06 11:30:00,91.23,91.29,91.17,91.24,2553
2026-05-06 11:35:00,91.242,91.285,91.242,91.25,2639
2026-05-06 11:40:00,91.24,91.24,91.13,91.2,711
2026-05-06 11:45:00,91.175,91.34,91.175,91.28,4959
2026-05-06 11:50:00,91.315,91.41,91.31,91.365,25635
2026-05-06 11:55:00,91.365,91.365,91.28,91.28,4783
2026-05-06 12:00:00,91.2291,91.2551,91.1201,91.22,2433
2026-05-06 12:05:00,91.27,91.28,91.15,91.15,3096
2026-05-06 12:10:00,91.19,91.3,91.19,91.3,1691
2026-05-06 12:15:00,91.26,91.2993,91.2248,91.2993,1654
2026-05-06 12:20:00,91.25,91.25,91.2,91.22,1515
2026-05-06 12:25:00,91.2802,91.3,91.27,91.27,668
2026-05-06 12:30:00,91.21,91.33,91.21,91.29,5181
2026-05-06 12:35:00,91.27,91.3277,91.27,91.325,910
2026-05-06 12:40:00,91.33,91.33,91.33,91.33,942
2026-05-06 12:45:00,91.29,91.36,91.2,91.205,4097
2026-05-06 12:50:00,91.27,91.27,91.1529,91.1529,577
2026-05-06 12:55:00,91.2,91.24,91.13,91.13,1090
2026-05-06 13:00:00,91.19,91.26,91.14,91.26,620
2026-05-06 13:05:00,91.295,91.36,91.27,91.36,2100
2026-05-06 13:10:00,91.3941,91.3941,91.33,91.35,1040
2026-05-06 13:15:00,91.3699,91.3699,91.23,91.34,1008
2026-05-06 13:20:00,91.35,91.35,91.35,91.35,547
2026-05-06 13:25:00,91.32,91.35,91.315,91.3315,918
2026-05-06 13:30:00,91.32,91.35,91.29,91.29,3465
2026-05-06 13:35:00,91.27,91.3,91.23,91.25,2164
2026-05-06 13:40:00,91.23,91.29,91.23,91.29,6640
2026-05-06 13:45:00,91.29,91.29,91.245,91.25,14889
2026-05-06 13:50:00,91.25,91.29,91.23,91.29,2690
2026-05-06 13:55:00,91.26,91.295,91.26,91.295,2251
2026-05-06 14:00:00,91.29,91.29,91.25,91.25,500
2026-05-06 14:05:00,91.23,91.255,91.1824,91.1824,1803
2026-05-06 14:10:00,91.27,91.27,91.25,91.25,300
2026-05-06 14:15:00,91.3,91.3,91.29,91.29,200
2026-05-06 14:20:00,91.35,91.35,91.305,91.305,640
2026-05-06 14:25:00,91.3599,91.36,91.28,91.28,3608
2026-05-06 14:30:00,91.33,91.37,91.29,91.37,1200
2026-05-06 14:35:00,91.37,91.39,91.34,91.34,1260
2026-05-06 14:40:00,91.295,91.33,91.26,91.33,1302
2026-05-06 14:45:00,91.28,91.34,91.28,91.34,1062
2026-05-06 14:50:00,91.34,91.35,91.32,91.33,1116
2026-05-06 14:55:00,91.33,91.415,91.325,91.415,3527
2026-05-06 15:00:00,91.435,91.58,91.435,91.58,739
2026-05-06 15:05:00,91.57,91.57,91.5148,91.5425,2416
2026-05-06 15:10:00,91.54,91.58,91.5197,91.5295,2244
2026-05-06 15:15:00,91.535,91.575,91.5,91.5,2894
2026-05-06 15:20:00,91.54,91.63,91.54,91.58,3513
2026-05-06 15:25:00,91.57,91.61,91.57,91.59,1732
2026-05-06 15:30:00,91.54,91.54,91.47,91.47,2509
2026-05-06 15:35:00,91.465,91.51,91.465,91.51,830
2026-05-06 15:40:00,91.5098,91.5098,91.41,91.435,4185
2026-05-06 15:45:00,91.4,91.47,91.395,91.435,5944
2026-05-06 15:50:00,91.46,91.59,91.46,91.52,14753
2026-05-06 15:55:00,91.52,91.63,91.48,91.52,22068
2026-05-06 16:00:00,91.52,91.52,91.52,91.52,3660
2026-05-06 16:10:00,91.3615,91.3615,91.3615,91.3615,506
2026-05-06 17:15:00,91.87,91.87,91.87,91.87,100
2026-05-06 17:55:00,91.69,91.69,91.69,91.69,163
2026-05-07 04:00:00,91.36,91.36,90.68,90.68,419
2026-05-07 05:45:00,90.7,90.7,90.7,90.7,560
2026-05-07 06:00:00,90.67,90.67,90.67,90.67,500
2026-05-07 07:00:00,90.64,90.64,90.64,90.64,100
2026-05-07 08:55:00,90.64,90.64,90.64,90.64,133
2026-05-07 09:10:00,90.58,90.58,90.58,90.58,700
2026-05-07 09:15:00,90.56,90.56,90.56,90.56,100
2026-05-07 09:20:00,90.55,90.55,90.55,90.55,100
2026-05-07 09:30:00,90.51,90.93,90.1,90.8,22750
2026-05-07 09:35:00,90.82,91.09,90.63,91.07,38858
2026-05-07 09:40:00,91.08,91.09,90.655,90.77,18443
2026-05-07 09:45:00,90.77,90.77,90.52,90.7561,7714
2026-05-07 09:50:00,90.84,91.05,90.715,91.05,12921
2026-05-07 09:55:00,91.06,91.06,90.7601,90.855,3624
2026-05-07 10:00:00,90.81,90.98,90.75,90.76,5938
2026-05-07 10:05:00,90.72,90.9,90.665,90.8608,5488
2026-05-07 10:10:00,90.7905,91.125,90.7905,91.125,14544
2026-05-07 10:15:00,91.185,91.185,91.06,91.06,3642
2026-05-07 10:20:00,91.15,91.225,91.115,91.225,3803
2026-05-07 10:25:00,91.2,91.22,91.1576,91.205,2731
2026-05-07 10:30:00,91.205,91.32,91.15,91.28,5597
2026-05-07 10:35:00,91.2,91.33,91.18,91.18,10588
2026-05-07 10:40:00,91.26,91.32,91.2149,91.31,2897
2026-05-07 10:45:00,91.26,91.32,91.11,91.23,8894
2026-05-07 10:50:00,91.22,91.24,91.165,91.22,5381
2026-05-07 10:55:00,91.17,91.24,91.165,91.2,4728
2026-05-07 11:00:00,91.21,91.22,90.9,90.93,11104
2026-05-07 11:05:00,90.93,90.96,90.8001,90.88,3767
2026-05-07 11:10:00,90.93,90.93,90.74,90.815,6548
2026-05-07 11:15:00,90.85,90.915,90.82,90.87,4420
2026-05-07 11:20:00,90.82,90.88,90.74,90.74,4125
2026-05-07 11:25:00,90.79,90.79,90.565,90.67,5645
2026-05-07 11:30:00,90.71,90.91,90.71,90.88,5121
2026-05-07 11:35:00,90.875,90.875,90.71,90.775,5119
2026-05-07 11:40:00,90.775,90.85,90.67,90.745,4049
2026-05-07 11:45:00,90.68,90.74,90.63,90.63,7105
2026-05-07 11:50:00,90.645,90.665,90.58,90.6,3187
2026-05-07 11:55:00,90.64,90.64,90.44,90.44,3198
2026-05-07 12:00:00,90.41,90.59,90.32,90.58,4837
2026-05-07 12:05:00,90.43,90.495,90.31,90.34,7848
2026-05-07 12:10:00,90.34,90.4,90.18,90.21,7418
2026-05-07 12:15:00,90.235,90.235,90.0003,90.07,12574
2026-05-07 12:20:00,90.07,90.23,90.07,90.1725,2958
2026-05-07 12:25:00,90.17,90.35,90.1625,90.23,6624
2026-05-07 12:30:00,90.24,90.42,90.17,90.42,2990
2026-05-07 12:35:00,90.4,90.4,90.17,90.17,7835
2026-05-07 12:40:00,90.17,90.245,90.16,90.16,3457
2026-05-07 12:45:00,90.22,90.22,90.1,90.1,5950
2026-05-07 12:50:00,90.09,90.135,90.03,90.135,5627
2026-05-07 12:55:00,90.12,90.12,89.92,89.975,17522
2026-05-07 13:00:00,90.03,90.13,90.01,90.12,4945
2026-05-07 13:05:00,90.12,90.32,90.08,90.08,6588
2026-05-07 13:10:00,90.095,90.095,90.01,90.08,3069
2026-05-07 13:15:00,90.04,90.06,89.8026,89.98,6430
2026-05-07 13:20:00,89.85,89.99,89.8,89.92,6981
2026-05-07 13:25:00,89.94,89.96,89.37,89.465,20599
2026-05-07 13:30:00,89.47,89.62,89.41,89.62,3365
2026-05-07 13:35:00,89.65,89.8,89.65,89.75,3483
2026-05-07 13:40:00,89.6101,89.87,89.6101,89.73,3526
2026-05-07 13:45:00,89.775,89.85,89.71,89.82,3775
2026-05-07 13:50:00,89.82,89.83,89.62,89.695,6508
2026-05-07 13:55:00,89.73,89.92,89.72,89.84,3862
2026-05-07 14:00:00,89.93,90.08,89.825,90.08,8791
2026-05-07 14:05:00,90.055,90.165,89.92,89.93,6240
2026-05-07 14:10:00,89.92,90.04,89.895,90.01,2750
2026-05-07 14:15:00,90.03,90.08,89.86,89.86,4008
2026-05-07 14:20:00,89.965,90.05,89.8601,90.04,4219
2026-05-07 14:25:00,89.96,90.02,89.85,89.86,2357
2026-05-07 14:30:00,89.82,90.02,89.82,89.98,3095
2026-05-07 14:35:00,89.91,90,89.825,89.92,7298
2026-05-07 14:40:00,89.9075,89.96,89.675,89.675,5040
2026-05-07 14:45:00,89.62,89.77,89.62,89.7,3455
2026-05-07 14:50:00,89.685,89.69,89.4677,89.5625,5020
2026-05-07 14:55:00,89.55,89.8,89.55,89.79,3010
2026-05-07 15:00:00,89.79,89.86,89.68,89.715,6500
2026-05-07 15:05:00,89.79,89.86,89.63,89.83,8033
2026-05-07 15:10:00,89.85,89.91,89.765,89.81,9003
2026-05-07 15:15:00,89.82,89.85,89.55,89.55,6964
2026-05-07 15:20:00,89.575,89.7,89.55,89.69,3790
2026-05-07 15:25:00,89.61,89.71,89.51,89.6325,16332
2026-05-07 15:30:00,89.6325,89.84,89.625,89.745,4477
2026-05-07 15:35:00,89.84,89.88,89.65,89.82,6270
2026-05-07 15:40:00,89.765,89.83,89.6633,89.715,3866
2026-05-07 15:45:00,89.715,89.74,89.64,89.64,4653
2026-05-07 15:50:00,89.68,89.72,89.43,89.72,16258
2026-05-07 15:55:00,89.72,89.72,89.3,89.3,13474
2026-05-07 16:00:00,89.35,89.35,89.35,89.35,3215
2026-05-07 16:55:00,88.5947,88.5947,88.5947,88.5947,1115
2026-05-07 18:35:00,88.42,88.42,88.42,88.42,250
2026-05-07 19:20:00,89.8516,89.8516,89.8516,89.8516,100
2026-05-07 19:45:00,88.57,88.57,88.57,88.57,124
2026-05-07 19:55:00,88.4608,88.4608,88.4608,88.4608,234
2026-05-08 05:10:00,89.07,89.08,89.07,89.08,202
2026-05-08 07:30:00,88.6728,88.6728,88.6728,88.6728,240
2026-05-08 08:50:00,88.99,88.99,88.99,88.99,100
2026-05-08 09:30:00,89.03,89.67,88.995,89.67,45317
2026-05-08 09:35:00,89.67,89.75,89.63,89.67,18025
2026-05-08 09:40:00,89.68,89.7,89.4812,89.64,12517
2026-05-08 09:45:00,89.68,89.88,89.6,89.88,12499
2026-05-08 09:50:00,89.88,89.935,89.71,89.71,12081
2026-05-08 09:55:00,89.71,89.82,89.66,89.82,8251
2026-05-08 10:00:00,89.8,89.94,89.6901,89.88,10295
2026-05-08 10:05:00,89.88,89.9099,89.57,89.57,8495
2026-05-08 10:10:00,89.58,89.59,89.335,89.47,7367
2026-05-08 10:15:00,89.47,89.5,89.345,89.38,5639
2026-05-08 10:20:00,89.41,89.41,89.238,89.39,7893
2026-05-08 10:25:00,89.395,89.4,89.2122,89.26,6935
2026-05-08 10:30:00,89.1622,89.3,89.16,89.245,6050
2026-05-08 10:35:00,89.17,89.3,89.12,89.3,3792
2026-05-08 10:40:00,89.31,89.31,89.19,89.31,4418
2026-05-08 10:45:00,89.31,89.43,89.29,89.43,4641
2026-05-08 10:50:00,89.42,89.55,89.41,89.5,6232
2026-05-08 10:55:00,89.49,89.53,89.43,89.49,8070
2026-05-08 11:00:00,89.5,89.52,89.42,89.44,8112
2026-05-08 11:05:00,89.45,89.62,89.41,89.56,7915
2026-05-08 11:10:00,89.57,89.62,89.445,89.46,5637
2026-05-08 11:15:00,89.45,89.47,89.36,89.36,11688
2026-05-08 11:20:00,89.365,89.44,89.32,89.41,3110
2026-05-08 11:25:00,89.41,89.46,89.3437,89.46,9372
2026-05-08 11:30:00,89.46,89.6,89.32,89.52,4240
2026-05-08 11:35:00,89.59,89.74,89.59,89.655,4380
2026-05-08 11:40:00,89.68,89.7499,89.48,89.505,4135
2026-05-08 11:45:00,89.495,89.6,89.45,89.59,3864
2026-05-08 11:50:00,89.5169,89.59,89.4613,89.59,4428
2026-05-08 11:55:00,89.59,89.67,89.56,89.65,3545
2026-05-08 12:00:00,89.63,89.67,89.6,89.66,7613
2026-05-08 12:05:00,89.615,89.67,89.59,89.61,13095
2026-05-08 12:10:00,89.5205,89.76,89.5205,89.71,3903
2026-05-08 12:15:00,89.71,89.71,89.5617,89.6799,3999
2026-05-08 12:20:00,89.66,89.68,89.565,89.65,4598
2026-05-08 12:25:00,89.67,89.79,89.6113,89.79,4346
2026-05-08 12:30:00,89.78,89.79,89.71,89.73,5341
2026-05-08 12:35:00,89.68,89.77,89.67,89.76,2300
2026-05-08 12:40:00,89.75,89.76,89.52,89.52,4886
2026-05-08 12:45:00,89.67,89.76,89.67,89.69,3886
2026-05-08 12:50:00,89.67,89.74,89.62,89.72,1940
2026-05-08 12:55:00,89.71,89.76,89.685,89.76,4313
2026-05-08 13:00:00,89.74,89.79,89.6609,89.685,7872
2026-05-08 13:05:00,89.74,89.74,89.69,89.69,2545
2026-05-08 13:10:00,89.69,89.73,89.66,89.69,4721
2026-05-08 13:15:00,89.73,89.85,89.7086,89.85,2701
2026-05-08 13:20:00,89.78,89.91,89.78,89.9,6283
2026-05-08 13:25:00,89.9,90.04,89.88,90.02,9405
2026-05-08 13:30:00,90.06,90.06,89.97,90.04,2945
2026-05-08 13:35:00,90.02,90.04,89.97,90.04,4529
2026-05-08 13:40:00,90,90.09,89.96,90.09,3056
2026-05-08 13:45:00,90.09,90.175,90.01,90.07,6957
2026-05-08 13:50:00,90.04,90.12,89.93,90.12,3444
2026-05-08 13:55:00,90.12,90.14,90.04,90.0525,3982
2026-05-08 14:00:00,90.1,90.23,90.085,90.2,4669
2026-05-08 14:05:00,90.2,90.23,90.11,90.13,5126
2026-05-08 14:10:00,90.105,90.21,90.105,90.18,6778
2026-05-08 14:15:00,90.18,90.21,90.14,90.21,9235
2026-05-08 14:20:00,90.17,90.21,90.17,90.17,5170
2026-05-08 14:25:00,90.21,90.21,90.15,90.2,9184
2026-05-08 14:30:00,90.2,90.21,90.15,90.2,7628
2026-05-08 14:35:00,90.2,90.2,90.07,90.09,8334
2026-05-08 14:40:00,90.07,90.09,90.01,90.01,8618
2026-05-08 14:45:00,90.02,90.09,89.9501,90.015,4143
2026-05-08 14:50:00,90.07,90.09,90,90.02,10927
2026-05-08 14:55:00,89.98,90.05,89.89,89.98,6035
2026-05-08 15:00:00,89.99,90.05,89.945,90.0299,11549
2026-05-08 15:05:00,90.05,90.12,90.025,90.12,10698
2026-05-08 15:10:00,90.12,90.19,90.0962,90.17,7184
2026-05-08 15:15:00,90.16,90.17,90.11,90.17,6873
2026-05-08 15:20:00,90.16,90.17,90.11,90.14,9286
2026-05-08 15:25:00,90.14,90.15,90.04,90.1,12613
2026-05-08 15:30:00,90.05,90.1,90.03,90.08,12668
2026-05-08 15:35:00,90.08,90.15,90.055,90.14,14796
2026-05-08 15:40:00,90.13,90.15,90.11,90.14,11037
2026-05-08 15:45:00,90.13,90.15,90.015,90.015,14788
2026-05-08 15:50:00,90.015,90.015,89.9524,89.99,5741
2026-05-08 15:55:00,90.01,90.18,90.01,90.12,11590
2026-05-08 16:00:00,90.17,90.17,90.17,90.17,2769
2026-05-08 16:20:00,90.4359,90.4359,90.4359,90.4359,100
2026-05-11 04:00:00,89,89,89,89,691
2026-05-11 04:05:00,88.91,88.91,88.91,88.91,100
2026-05-11 07:00:00,89.19,89.82,89.17,89.81,3025
2026-05-11 07:30:00,89.75,89.75,89.75,89.75,100
2026-05-11 09:25:00,90.06,90.5,90.06,90.5,9978
2026-05-11 09:30:00,90.42,91.31,90.1,91.26,38023
2026-05-11 09:35:00,91.26,91.34,90.96,90.97,26912
2026-05-11 09:40:00,90.97,91.245,90.96,91.175,13278
2026-05-11 09:45:00,91.26,91.44,91.26,91.365,9215
2026-05-11 09:50:00,91.36,91.38,91.26,91.37,11772
2026-05-11 09:55:00,91.38,91.38,91.225,91.25,7488
2026-05-11 10:00:00,91.26,91.35,91.155,91.155,9515
2026-05-11 10:05:00,91.19,91.28,91.13,91.215,23137
2026-05-11 10:10:00,91.12,91.23,91,91.23,4311
2026-05-11 10:15:00,91.23,91.35,91.2024,91.325,5204
2026-05-11 10:20:00,91.37,91.4,91.325,91.325,3185
2026-05-11 10:25:00,91.3,91.33,91.12,91.12,7489
2026-05-11 10:30:00,91.105,91.26,91,91.09,7811
2026-05-11 10:35:00,91.19,91.3,91.19,91.3,3259
2026-05-11 10:40:00,91.34,91.39,91.3,91.39,6889
2026-05-11 10:45:00,91.39,91.44,91.31,91.345,7262
2026-05-11 10:50:00,91.39,91.46,91.36,91.45,3521
2026-05-11 10:55:00,91.44,91.45,91.38,91.38,7874
2026-05-11 11:00:00,91.385,91.49,91.37,91.49,5424
2026-05-11 11:05:00,91.48,91.54,91.47,91.505,9022
2026-05-11 11:10:00,91.54,91.625,91.535,91.54,7892
2026-05-11 11:15:00,91.54,91.65,91.52,91.595,6675
2026-05-11 11:20:00,91.595,91.71,91.58,91.71,2077
2026-05-11 11:25:00,91.72,91.79,91.682,91.76,8514
2026-05-11 11:30:00,91.78,91.87,91.78,91.87,6295
2026-05-11 11:35:00,91.89,91.93,91.8625,91.93,3686
2026-05-11 11:40:00,91.93,91.94,91.87,91.87,3261
2026-05-11 11:45:00,91.845,91.9,91.83,91.88,4868
2026-05-11 11:50:00,91.88,91.9,91.805,91.9,3767
2026-05-11 11:55:00,91.9,91.91,91.845,91.88,4446
2026-05-11 12:00:00,91.89,91.9,91.85,91.9,5677
2026-05-11 12:05:00,91.9,91.96,91.9,91.94,5413
2026-05-11 12:10:00,91.95,91.98,91.925,91.97,5449
2026-05-11 12:15:00,91.97,91.97,91.9,91.9,4875
2026-05-11 12:20:00,91.8982,91.8982,91.83,91.83,12367
2026-05-11 12:25:00,91.87,91.94,91.84,91.86,4364
2026-05-11 12:30:00,91.8982,91.9,91.865,91.89,1760
2026-05-11 12:35:00,91.9,91.9,91.76,91.76,3564
2026-05-11 12:40:00,91.75,91.78,91.52,91.555,4306
2026-05-11 12:45:00,91.6,91.675,91.555,91.67,2404
2026-05-11 12:50:00,91.67,91.68,91.6,91.6,2200
2026-05-11 12:55:00,91.63,91.69,91.63,91.69,2131
2026-05-11 13:00:00,91.68,91.69,91.6,91.64,2666
2026-05-11 13:05:00,91.64,91.66,91.5501,91.66,7914
2026-05-11 13:10:00,91.65,91.65,91.59,91.62,2146
2026-05-11 13:15:00,91.6599,91.7399,91.64,91.65,2368
2026-05-11 13:20:00,91.645,91.7341,91.645,91.7341,5039
2026-05-11 13:25:00,91.75,91.75,91.715,91.75,1175
2026-05-11 13:30:00,91.79,91.84,91.7611,91.825,2137
2026-05-11 13:35:00,91.84,91.9,91.8,91.87,2013
2026-05-11 13:40:00,91.88,91.9,91.84,91.89,2086
2026-05-11 13:45:00,91.88,91.9,91.84,91.84,3472
2026-05-11 13:50:00,91.81,91.84,91.7201,91.785,3220
2026-05-11 13:55:00,91.79,91.83,91.71,91.72,6257
2026-05-11 14:00:00,91.74,91.78,91.74,91.78,1422
2026-05-11 14:05:00,91.78,91.89,91.78,91.89,2772
2026-05-11 14:10:00,91.855,91.88,91.7601,91.79,4922
2026-05-11 14:15:00,91.8,91.8314,91.8,91.82,10199
2026-05-11 14:20:00,91.82,91.83,91.7227,91.8,2891
2026-05-11 14:25:00,91.84,91.89,91.79,91.88,4316
2026-05-11 14:30:00,91.88,91.9,91.84,91.88,2851
2026-05-11 14:35:00,91.89,91.95,91.85,91.92,4648
2026-05-11 14:40:00,91.92,91.92,91.87,91.89,1429
2026-05-11 14:45:00,91.865,91.88,91.82,91.84,3652
2026-05-11 14:50:00,91.86,91.92,91.845,91.9,6530
2026-05-11 14:55:00,91.9,91.91,91.785,91.785,4245
2026-05-11 15:00:00,91.755,91.87,91.755,91.835,5205
2026-05-11 15:05:00,91.86,91.93,91.835,91.92,3716
2026-05-11 15:10:00,91.92,91.9299,91.83,91.87,6376
2026-05-11 15:15:00,91.81,91.89,91.8,91.85,6985
2026-05-11 15:20:00,91.81,91.81,91.73,91.775,2304
2026-05-11 15:25:00,91.775,91.775,91.6,91.62,6108
2026-05-11 15:30:00,91.55,91.69,91.55,91.65,3617
2026-05-11 15:35:00,91.64,91.6672,91.59,91.6,4926
2026-05-11 15:40:00,91.605,91.63,91.58,91.62,3802
2026-05-11 15:45:00,91.62,91.66,91.52,91.65,6878
2026-05-11 15:50:00,91.65,91.68,91.5709,91.575,16740
2026-05-11 15:55:00,91.64,91.65,91.51,91.56,29770
2026-05-11 16:00:00,91.62,91.62,91.62,91.62,2527
2026-05-11 17:55:00,91.8,91.8,91.8,91.8,200
2026-05-12 07:00:00,89.46,89.46,89.46,89.46,1109
2026-05-12 08:50:00,89,89,89,89,1674
2026-05-12 09:15:00,88.9,88.9,88.9,88.9,108
2026-05-12 09:30:00,88.86,88.9999,88.24,88.78,49783
2026-05-12 09:35:00,88.74,89.22,88.74,89.22,29156
2026-05-12 09:40:00,89.22,89.39,89.085,89.21,15268
2026-05-12 09:45:00,89.19,89.39,88.92,89,9721
2026-05-12 09:50:00,89.01,89.16,88.8917,89.02,11871
2026-05-12 09:55:00,88.99,89.005,88.5353,88.5394,13247
2026-05-12 10:00:00,88.61,88.95,88.61,88.92,9830
2026-05-12 10:05:00,88.975,89.07,88.87,89.07,26625
2026-05-12 10:10:00,89.17,89.27,88.99,89.27,8611
2026-05-12 10:15:00,89.28,89.3,89.09,89.24,9849
2026-05-12 10:20:00,89.24,89.3,89.125,89.125,9911
2026-05-12 10:25:00,89.15,89.21,88.985,89.0055,13455
2026-05-12 10:30:00,88.98,89.03,88.56,88.68,8069
2026-05-12 10:35:00,88.71,88.93,88.63,88.86,4984
2026-05-12 10:40:00,88.9,89.12,88.9,89.005,8355
2026-05-12 10:45:00,88.86,88.92,88.62,88.755,9037
2026-05-12 10:50:00,88.65,88.76,88.55,88.7,7707
2026-05-12 10:55:00,88.665,88.74,88.5,88.51,15063
2026-05-12 11:00:00,88.54,88.74,88.42,88.57,22596
2026-05-12 11:05:00,88.51,88.67,88.48,88.5462,14213
2026-05-12 11:10:00,88.56,88.615,88.35,88.419,11350
2026-05-12 11:15:00,88.32,88.32,88.0001,88.15,6313
2026-05-12 11:20:00,88.15,88.35,87.87,87.9,17416
2026-05-12 11:25:00,87.995,88.11,87.87,87.98,7161
2026-05-12 11:30:00,87.97,88.2,87.97,88.095,11632
2026-05-12 11:35:00,88.2,88.345,88.0851,88.34,24983
2026-05-12 11:40:00,88.32,88.385,88.18,88.37,9302
2026-05-12 11:45:00,88.32,88.41,88.255,88.28,6599
2026-05-12 11:50:00,88.2,88.28,88.2,88.2524,5795
2026-05-12 11:55:00,88.215,88.26,88.04,88.115,11395
2026-05-12 12:00:00,88.14,88.32,88.03,88.28,7732
2026-05-12 12:05:00,88.3,88.345,88.17,88.26,11726
2026-05-12 12:10:00,88.235,88.46,88.18,88.33,8297
2026-05-12 12:15:00,88.33,88.41,88.305,88.31,6548
2026-05-12 12:20:00,88.32,88.39,88.19,88.265,7879
2026-05-12 12:25:00,88.24,88.29,88.1812,88.2,12172
2026-05-12 12:30:00,88.2,88.27,88.18,88.19,5966
2026-05-12 12:35:00,88.25,88.41,88.1844,88.2,7201
2026-05-12 12:40:00,88.205,88.24,88.05,88.205,8389
2026-05-12 12:45:00,88.145,88.23,88.05,88.05,70573
2026-05-12 12:50:00,88.12,88.28,87.91,87.91,20526
2026-05-12 12:55:00,88.03,88.15,87.98,88.15,6167
2026-05-12 13:00:00,88.31,88.37,88.16,88.37,4755
2026-05-12 13:05:00,88.2,88.5,88.2,88.38,7599
2026-05-12 13:10:00,88.41,88.58,88.33,88.52,7581
2026-05-12 13:15:00,88.55,88.73,88.55,88.7,8134
2026-05-12 13:20:00,88.5334,88.84,88.5334,88.74,7136
2026-05-12 13:25:00,88.735,88.78,88.6,88.64,10586
2026-05-12 13:30:00,88.71,88.85,88.68,88.85,8119
2026-05-12 13:35:00,88.78,88.84,88.7088,88.76,6436
2026-05-12 13:40:00,88.76,88.86,88.76,88.84,6657
2026-05-12 13:45:00,88.835,88.93,88.72,88.835,7615
2026-05-12 13:50:00,88.84,88.94,88.785,88.84,9319
2026-05-12 13:55:00,88.88,88.99,88.81,88.9787,9509
2026-05-12 14:00:00,88.92,89,88.91,88.97,11191
2026-05-12 14:05:00,88.99,89.07,88.97,89.07,7114
2026-05-12 14:10:00,89.02,89.18,89.02,89.18,8521
2026-05-12 14:15:00,89.15,89.19,89.07,89.11,9634
2026-05-12 14:20:00,89.16,89.24,89.15,89.16,10303
2026-05-12 14:25:00,89.14,89.31,89.13,89.25,9705
2026-05-12 14:30:00,89.31,89.36,89.235,89.36,8458
2026-05-12 14:35:00,89.31,89.39,89.3,89.33,9672
2026-05-12 14:40:00,89.34,89.4,89.33,89.35,5565
2026-05-12 14:45:00,89.35,89.4,89.1701,89.3597,8889
2026-05-12 14:50:00,89.33,89.36,89.28,89.33,8566
2026-05-12 14:55:00,89.34,89.415,89.24,89.27,11900
2026-05-12 15:00:00,89.26,89.33,89.26,89.26,4398
2026-05-12 15:05:00,89.285,89.36,89.285,89.36,18203
2026-05-12 15:10:00,89.36,89.575,89.36,89.575,11458
2026-05-12 15:15:00,89.61,89.68,89.51,89.535,7789
2026-05-12 15:20:00,89.535,89.58,89.44,89.51,9210
2026-05-12 15:25:00,89.515,89.58,89.49,89.49,5467
2026-05-12 15:30:00,89.49,89.68,89.455,89.68,12817
2026-05-12 15:35:00,89.64,89.7,89.64,89.64,6505
2026-05-12 15:40:00,89.6339,89.73,89.6339,89.67,9387
2026-05-12 15:45:00,89.68,89.71,89.58,89.7,10437
2026-05-12 15:50:00,89.71,89.71,89.61,89.64,8732
2026-05-12 15:55:00,89.635,89.64,89.4,89.4,22935
2026-05-12 16:00:00,89.47,89.47,89.47,89.47,2121
2026-05-13 04:00:00,89.34,89.34,89.34,89.34,100
2026-05-13 09:30:00,88.82,88.9799,88.5,88.845,24009
2026-05-13 09:35:00,88.8595,88.865,88.6,88.635,12944
2026-05-13 09:40:00,88.665,88.9,88.65,88.85,26483
2026-05-13 09:45:00,88.855,88.855,88.49,88.65,19026
2026-05-13 09:50:00,88.66,88.86,88.54,88.86,16852
2026-05-13 09:55:00,88.85,88.91,88.72,88.91,8666
2026-05-13 10:00:00,88.91,89.06,88.89,89.01,22939
2026-05-13 10:05:00,89.01,89.05,88.91,89,11054
2026-05-13 10:10:00,89.015,89.12,88.97,89.08,9219
2026-05-13 10:15:00,89.08,89.13,88.86,88.86,8573
2026-05-13 10:20:00,89.03,89.265,88.97,89.265,6471
2026-05-13 10:25:00,89.265,89.38,89.265,89.375,8430
2026-05-13 10:30:00,89.375,89.53,89.375,89.52,8437
2026-05-13 10:35:00,89.52,89.56,89.44,89.45,6480
2026-05-13 10:40:00,89.46,89.5,89.45,89.485,9797
2026-05-13 10:45:00,89.495,89.52,89.42,89.46,10006
2026-05-13 10:50:00,89.46,89.65,89.46,89.65,9217
2026-05-13 10:55:00,89.625,89.7,89.62,89.65,7122
2026-05-13 11:00:00,89.67,89.7,89.65,89.7,2427
2026-05-13 11:05:00,89.665,89.73,89.595,89.73,6834
2026-05-13 11:10:00,89.73,89.76,89.625,89.625,10854
2026-05-13 11:15:00,89.63,89.71,89.61,89.71,15928
2026-05-13 11:20:00,89.695,89.75,89.6925,89.695,5651
2026-05-13 11:25:00,89.69,89.74,89.65,89.74,6142
2026-05-13 11:30:00,89.7,89.8198,89.685,89.77,9618
2026-05-13 11:35:00,89.745,89.84,89.745,89.75,999
2026-05-13 11:40:00,89.8,89.87,89.72,89.81,8569
2026-05-13 11:45:00,89.815,89.815,89.7,89.7,7142
2026-05-13 11:50:00,89.675,89.68,89.5899,89.63,5696
2026-05-13 11:55:00,89.62,89.62,89.43,89.48,21598
2026-05-13 12:00:00,89.4754,89.57,89.4754,89.5,10313
2026-05-13 12:05:00,89.495,89.59,89.495,89.59,1297
2026-05-13 12:10:00,89.62,89.63,89.55,89.63,805
2026-05-13 12:15:00,89.67,89.71,89.645,89.71,4319
2026-05-13 12:20:00,89.74,89.845,89.685,89.81,3669
2026-05-13 12:25:00,89.84,89.84,89.775,89.8,16796
2026-05-13 12:30:00,89.84,89.84,89.75,89.76,2371
2026-05-13 12:35:00,89.795,89.8294,89.79,89.79,5379
2026-05-13 12:40:00,89.78,89.78,89.7357,89.745,3991
2026-05-13 12:45:00,89.76,89.7696,89.68,89.705,8967
2026-05-13 12:50:00,89.715,89.725,89.695,89.695,1325
2026-05-13 12:55:00,89.695,89.695,89.61,89.6325,7020
2026-05-13 13:00:00,89.66,89.76,89.66,89.68,8079
2026-05-13 13:05:00,89.69,89.71,89.685,89.71,4429
2026-05-13 13:10:00,89.705,89.71,89.695,89.695,1600
2026-05-13 13:15:00,89.73,89.73,89.7,89.715,6131
2026-05-13 13:20:00,89.72,89.72,89.72,89.72,6573
2026-05-13 13:25:00,89.72,89.785,89.72,89.78,6829
2026-05-13 13:30:00,89.78,89.8,89.71,89.72,5937
2026-05-13 13:35:00,89.69,89.715,89.65,89.695,1786
2026-05-13 13:40:00,89.68,89.68,89.675,89.675,3415
2026-05-13 13:45:00,89.675,89.68,89.64,89.665,5304
2026-05-13 13:50:00,89.665,89.67,89.625,89.66,4410
2026-05-13 13:55:00,89.66,89.66,89.575,89.575,6449
2026-05-13 14:00:00,89.57,89.61,89.565,89.61,2725
2026-05-13 14:10:00,89.61,89.64,89.6,89.64,600
2026-05-13 14:15:00,89.64,89.695,89.64,89.66,14842
2026-05-13 14:20:00,89.66,89.7168,89.66,89.665,3655
2026-05-13 14:25:00,89.68,89.705,89.655,89.66,6677
2026-05-13 14:30:00,89.655,89.69,89.601,89.645,900
2026-05-13 14:35:00,89.645,89.66,89.6,89.64,6454
2026-05-13 14:40:00,89.65,89.68,89.61,89.63,9058
2026-05-13 14:45:00,89.605,89.605,89.515,89.515,3574
2026-05-13 14:50:00,89.54,89.59,89.52,89.59,2052
2026-05-13 14:55:00,89.595,89.595,89.51,89.51,5538
2026-05-13 15:00:00,89.51,89.61,89.51,89.61,4200
2026-05-13 15:05:00,89.62,89.63,89.59,89.62,12284
2026-05-13 15:10:00,89.57,89.645,89.57,89.64,4300
2026-05-13 15:15:00,89.64,89.73,89.63,89.71,11140
2026-05-13 15:20:00,89.71,89.71,89.64,89.67,4575
2026-05-13 15:25:00,89.65,89.68,89.64,89.68,4354
2026-05-13 15:30:00,89.695,89.705,89.58,89.67,9007
2026-05-13 15:35:00,89.67,89.695,89.625,89.68,10462
2026-05-13 15:40:00,89.7,89.74,89.64,89.665,11147
2026-05-13 15:45:00,89.665,89.665,89.585,89.585,3327
2026-05-13 15:50:00,89.57,89.6,89.5,89.555,8825
2026-05-13 15:55:00,89.535,89.6395,89.4,89.42,24358
2026-05-13 16:00:00,89.58,89.58,89.58,89.58,3860
2026-05-13 17:10:00,88.5,88.5,88.5,88.5,100
2026-05-13 18:05:00,89.8219,89.8219,89.8219,89.8219,222
2026-05-14 07:00:00,88.79,88.79,88.79,88.79,100
2026-05-14 09:10:00,88.5,88.5,88.5,88.5,100
2026-05-14 09:20:00,88.58,88.58,88.5045,88.5045,200
2026-05-14 09:30:00,88.2,88.363,87.185,87.19,33675
2026-05-14 09:35:00,87.24,87.5438,87.215,87.54,5333
2026-05-14 09:40:00,87.39,87.43,87.21,87.31,5672
2026-05-14 09:45:00,87.355,87.5,87.205,87.5,4715
2026-05-14 09:50:00,87.49,87.49,87.18,87.2,6053
2026-05-14 09:55:00,87.33,87.3649,86.92,86.96,21222
2026-05-14 10:00:00,86.872,87.18,86.87,87.06,2411
2026-05-14 10:05:00,87.115,87.12,86.91,86.91,3704
2026-05-14 10:10:00,86.89,87.1947,86.855,87.1947,3265
2026-05-14 10:15:00,87.18,87.45,87.18,87.23,789
2026-05-14 10:20:00,87.2921,87.45,87.255,87.27,2733
2026-05-14 10:25:00,87.22,87.27,87.16,87.16,930
2026-05-14 10:30:00,87.21,87.38,87.21,87.23,1981
2026-05-14 10:35:00,87.4,87.4866,87.37,87.37,1138
2026-05-14 10:40:00,87.37,87.4925,87.37,87.3907,2691
2026-05-14 10:45:00,87.46,87.48,87.28,87.28,6005
2026-05-14 10:50:00,87.255,87.35,87.2,87.2,2648
2026-05-14 10:55:00,87.16,87.275,87.0651,87.115,2245
2026-05-14 11:00:00,87.055,87.2599,87.055,87.2599,600
2026-05-14 11:05:00,87.08,87.21,87.08,87.1301,1653
2026-05-14 11:10:00,87.14,87.27,87.13,87.15,2835
2026-05-14 11:15:00,87.235,87.32,87.15,87.265,2817
2026-05-14 11:20:00,87.325,87.37,87.27,87.285,1300
2026-05-14 11:25:00,87.22,87.34,87.21,87.27,2127
2026-05-14 11:30:00,87.23,87.38,87.23,87.3,1946
2026-05-14 11:35:00,87.3,87.38,87.26,87.35,1422
2026-05-14 11:40:00,87.31,87.37,87.3,87.3,1772
2026-05-14 11:45:00,87.28,87.34,87.28,87.34,960
2026-05-14 11:50:00,87.32,87.37,87.31,87.33,729
2026-05-14 11:55:00,87.36,87.4266,87.36,87.36,1098
2026-05-14 12:00:00,87.41,87.41,87.28,87.405,1515
2026-05-14 12:05:00,87.46,87.46,87.36,87.36,668
2026-05-14 12:10:00,87.375,87.465,87.375,87.465,542
2026-05-14 12:15:00,87.44,87.4999,87.44,87.45,2872
2026-05-14 12:20:00,87.4629,87.5,87.43,87.45,1935
2026-05-14 12:25:00,87.42,87.42,87.29,87.31,1849
2026-05-14 12:30:00,87.38,87.44,87.38,87.44,200
2026-05-14 12:35:00,87.365,87.365,87.2912,87.3,2294
2026-05-14 12:40:00,87.38,87.49,87.35,87.35,2010
2026-05-14 12:45:00,87.35,87.4399,87.26,87.28,3898
2026-05-14 12:50:00,87.29,87.34,87.28,87.34,400
2026-05-14 12:55:00,87.29,87.38,87.27,87.38,2451
2026-05-14 13:00:00,87.3703,87.5,87.3703,87.485,2546
2026-05-14 13:05:00,87.46,87.465,87.385,87.385,14362
2026-05-14 13:10:00,87.33,87.42,87.24,87.24,2039
2026-05-14 13:15:00,87.25,87.25,87.155,87.185,1486
2026-05-14 13:20:00,87.15,87.1501,87.14,87.14,600
2026-05-14 13:25:00,87.13,87.2404,87.07,87.2404,6950
2026-05-14 13:30:00,87.14,87.215,87.14,87.21,3040
2026-05-14 13:35:00,87.25,87.31,87.22,87.31,6235
2026-05-14 13:40:00,87.27,87.3899,87.27,87.3899,1187
2026-05-14 13:45:00,87.35,87.36,87.32,87.32,360
2026-05-14 13:50:00,87.37,87.37,87.32,87.32,2048
2026-05-14 13:55:00,87.32,87.3399,87.28,87.2801,3969
2026-05-14 14:00:00,87.32,87.32,87.12,87.15,8442
2026-05-14 14:05:00,87.15,87.255,87.15,87.22,6130
2026-05-14 14:10:00,87.22,87.35,87.21,87.35,2278
2026-05-14 14:15:00,87.385,87.41,87.33,87.41,1775
2026-05-14 14:20:00,87.39,87.39,87.3,87.3,500
2026-05-14 14:25:00,87.355,87.36,87.3,87.36,550
2026-05-14 14:30:00,87.3285,87.43,87.2801,87.29,1113
2026-05-14 14:35:00,87.4,87.5,87.4,87.41,528
2026-05-14 14:40:00,87.33,87.4499,87.27,87.31,9826
2026-05-14 14:45:00,87.31,87.36,87.29,87.36,2030
2026-05-14 14:50:00,87.33,87.43,87.33,87.33,740
2026-05-14 14:55:00,87.335,87.35,87.33,87.35,450
2026-05-14 15:00:00,87.33,87.355,87.32,87.355,835
2026-05-14 15:05:00,87.37,87.39,87.3476,87.3476,1434
2026-05-14 15:10:00,87.39,87.41,87.36,87.375,4668
2026-05-14 15:15:00,87.375,87.41,87.36,87.375,3747
2026-05-14 15:20:00,87.375,87.39,87.36,87.37,1679
2026-05-14 15:25:00,87.375,87.38,87.28,87.295,3718
2026-05-14 15:30:00,87.27,87.38,87.27,87.35,1422
2026-05-14 15:35:00,87.32,87.32,87.22,87.22,7045
2026-05-14 15:40:00,87.25,87.25,87.14,87.15,27973
2026-05-14 15:45:00,87.16,87.19,87.07,87.1,22388
2026-05-14 15:50:00,87.08,87.1,86.95,86.96,19728
2026-05-14 15:55:00,86.95,86.99,86.91,86.95,24331
2026-05-14 16:00:00,86.95,86.95,86.95,86.95,2701
2026-05-14 16:50:00,86.7927,86.7927,86.7927,86.7927,420
2026-05-14 18:25:00,86.8089,86.8089,86.8089,86.8089,126
2026-05-15 04:00:00,85.07,86,85.07,86,200
2026-05-15 06:10:00,84.51,84.51,84.51,84.51,120
2026-05-15 06:35:00,84.48,84.48,84.47,84.48,3475
2026-05-15 07:00:00,84.98,84.98,84.98,84.98,319
2026-05-15 07:25:00,84.97,84.97,84.9284,84.9284,200
2026-05-15 07:45:00,84.2356,84.2356,84.2356,84.2356,100
2026-05-15 08:00:00,84.26,84.26,84.26,84.26,363
2026-05-15 08:05:00,84.093,84.093,84.093,84.093,200
2026-05-15 08:15:00,84.4,84.4,84.1,84.1,800
2026-05-15 08:25:00,84.43,84.43,84.43,84.43,100
2026-05-15 08:45:00,84,84,84,84,100
2026-05-15 09:05:00,83.97,83.97,83.97,83.97,100
2026-05-15 09:15:00,84.92,84.92,84.92,84.92,100
2026-05-15 09:30:00,84.43,84.43,83.72,83.9,71304
2026-05-15 09:35:00,83.965,84.12,83.95,83.995,8413
2026-05-15 09:40:00,83.96,84.04,83.8098,83.83,16537
2026-05-15 09:45:00,83.83,83.9,83.68,83.9,13082
2026-05-15 09:50:00,83.96,84.33,83.835,84.21,5796
2026-05-15 09:55:00,84.23,84.28,83.88,83.88,3957
2026-05-15 10:00:00,83.91,83.9899,83.84,83.87,14485
2026-05-15 10:05:00,83.89,84.02,83.89,84.02,2051
2026-05-15 10:10:00,84.03,84.38,84.03,84.38,1346
2026-05-15 10:15:00,84.385,84.6,84.31,84.6,4620
2026-05-15 10:20:00,84.47,84.57,84.47,84.5,2679
2026-05-15 10:25:00,84.46,84.46,84.2,84.2,2317
2026-05-15 10:30:00,84.28,84.395,84.26,84.37,1833
2026-05-15 10:35:00,84.32,84.385,84.32,84.37,1260
2026-05-15 10:40:00,84.275,84.365,84.16,84.16,3055
2026-05-15 10:45:00,84.295,84.3,84.15,84.17,1792
2026-05-15 10:50:00,84.18,84.18,84.01,84.15,4344
2026-05-15 10:55:00,84.13,84.195,84.07,84.07,871
2026-05-15 11:00:00,84.135,84.15,84.0201,84.0201,1650
2026-05-15 11:05:00,84.11,84.18,84.0201,84.18,4171
2026-05-15 11:10:00,84.275,84.2876,84.2,84.2,1903
2026-05-15 11:15:00,84.21,84.21,84.12,84.15,2000
2026-05-15 11:20:00,84.2,84.24,84.16,84.2,1433
2026-05-15 11:25:00,84.19,84.19,84.14,84.175,500
2026-05-15 11:30:00,84.26,84.365,84.24,84.32,1647
2026-05-15 11:35:00,84.27,84.37,84.27,84.33,1609
2026-05-15 11:40:00,84.305,84.31,84.17,84.17,1861
2026-05-15 11:45:00,84.18,84.18,84.1,84.1,2061
2026-05-15 11:50:00,84.1099,84.1099,84,84.01,4924
2026-05-15 11:55:00,84,84.1599,83.98,84.1599,2521
2026-05-15 12:00:00,84.145,84.1451,84.08,84.08,2423
2026-05-15 12:05:00,83.9901,84.05,83.97,84.05,1029
2026-05-15 12:10:00,84.01,84.01,83.92,83.985,1534
2026-05-15 12:15:00,84.04,84.055,84.04,84.055,668
2026-05-15 12:20:00,84.06,84.06,84.05,84.055,1385
2026-05-15 12:25:00,84.07,84.07,84.07,84.07,102
2026-05-15 12:30:00,84.17,84.25,84.07,84.095,1926
2026-05-15 12:35:00,84.06,84.17,84.05,84.17,702
2026-05-15 12:40:00,84.14,84.14,84.1,84.1,300
2026-05-15 12:45:00,84.11,84.22,84.11,84.22,467
2026-05-15 12:50:00,84.21,84.225,84.08,84.095,4147
2026-05-15 12:55:00,84.12,84.17,84.11,84.17,1678
2026-05-15 13:00:00,84.13,84.17,84.13,84.17,300
2026-05-15 13:05:00,84.1613,84.29,84.1613,84.24,1588
2026-05-15 13:10:00,84.3,84.33,84.265,84.32,4364
2026-05-15 13:15:00,84.33,84.37,84.2501,84.3,10417
2026-05-15 13:20:00,84.29,84.34,84.285,84.32,1004
2026-05-15 13:25:00,84.32,84.44,84.32,84.4,1600
2026-05-15 13:30:00,84.35,84.35,84.33,84.35,925
2026-05-15 13:35:00,84.345,84.39,84.31,84.385,2540
2026-05-15 13:40:00,84.3619,84.38,84.3,84.38,1900
2026-05-15 13:45:00,84.32,84.325,84.28,84.3,4654
2026-05-15 13:50:00,84.27,84.32,84.27,84.32,800
2026-05-15 13:55:00,84.32,84.3699,84.25,84.3,2916
2026-05-15 14:00:00,84.23,84.365,84.23,84.365,1550
2026-05-15 14:05:00,84.31,84.37,84.27,84.29,4146
2026-05-15 14:10:00,84.2,84.24,84.2,84.24,300
2026-05-15 14:15:00,84.24,84.28,84.14,84.14,8242
2026-05-15 14:20:00,84.17,84.37,84.17,84.265,1047
2026-05-15 14:25:00,84.18,84.25,84.18,84.25,2000
2026-05-15 14:30:00,84.19,84.19,84.1,84.17,3360
2026-05-15 14:35:00,84.19,84.26,84.19,84.26,300
2026-05-15 14:40:00,84.2275,84.305,84.13,84.305,56006
2026-05-15 14:45:00,84.295,84.295,84.24,84.295,5767
2026-05-15 14:50:00,84.2501,84.39,84.2501,84.39,13419
2026-05-15 14:55:00,84.395,84.395,84.27,84.27,3553
2026-05-15 15:00:00,84.26,84.3,84.25,84.25,12640
2026-05-15 15:05:00,84.22,84.24,84.2,84.22,2460
2026-05-15 15:10:00,84.19,84.23,84.19,84.225,2907
2026-05-15 15:15:00,84.22,84.27,84.21,84.27,2540
2026-05-15 15:20:00,84.27,84.3,84.24,84.25,4211
2026-05-15 15:25:00,84.23,84.25,84.2,84.22,1437
2026-05-15 15:30:00,84.22,84.27,84.2,84.23,3480
2026-05-15 15:35:00,84.205,84.26,84.19,84.24,2111
2026-05-15 15:40:00,84.24,84.265,84.11,84.13,8665
2026-05-15 15:45:00,84.155,84.19,84.11,84.19,3505
2026-05-15 15:50:00,84.17,84.21,84.05,84.09,7731
2026-05-15 15:55:00,84.1,84.1,84.01,84.03,8364
2026-05-15 16:00:00,84.08,84.08,84.08,84.08,7815
2026-05-15 16:05:00,83.91,83.91,83.91,83.91,100
2026-05-15 16:55:00,83.84,83.84,83.84,83.84,100
2026-05-15 17:15:00,83.72,83.72,83.72,83.72,100
2026-05-15 17:45:00,83.5994,83.5994,83.5994,83.5994,100
2026-05-15 17:50:00,83.82,83.82,83.82,83.82,120
2026-05-15 18:10:00,83.66,83.66,83.66,83.66,100
2026-05-15 19:25:00,83.7855,83.7855,83.7855,83.7855,114
2026-05-18 08:55:00,84.04,84.04,84.04,84.04,151
2026-05-18 09:25:00,84.59,84.59,84.59,84.59,1182
2026-05-18 09:30:00,84.35,84.8076,84.27,84.435,20330
2026-05-18 09:35:00,84.375,84.375,83.98,83.99,4677
2026-05-18 09:40:00,83.9913,84.07,83.8201,83.91,3499
2026-05-18 09:45:00,83.81,84.29,83.81,84.29,4520
2026-05-18 09:50:00,84.47,84.5047,84.31,84.34,1991
2026-05-18 09:55:00,84.4,84.4,84.165,84.26,2837
2026-05-18 10:00:00,84.14,84.14,83.8595,83.9,2300
2026-05-18 10:05:00,83.76,83.91,83.72,83.91,11508
2026-05-18 10:10:00,83.86,83.9044,83.7659,83.7659,4596
2026-05-18 10:15:00,83.88,83.9,83.8,83.845,2119
2026-05-18 10:20:00,83.8,83.86,83.56,83.62,2704
2026-05-18 10:25:00,83.65,83.75,83.41,83.52,5140
2026-05-18 10:30:00,83.565,83.565,83.14,83.1475,5872
2026-05-18 10:35:00,83.17,83.51,83.1014,83.51,4358
2026-05-18 10:40:00,83.4,83.49,83.31,83.44,3823
2026-05-18 10:45:00,83.435,83.435,83.29,83.365,4292
2026-05-18 10:50:00,83.375,83.58,83.32,83.49,3035
2026-05-18 10:55:00,83.43,83.52,83.43,83.5,1400
2026-05-18 11:00:00,83.5,83.58,83.2504,83.2504,3222
2026-05-18 11:05:00,83.295,83.33,83.21,83.29,2816
2026-05-18 11:10:00,83.21,83.355,83.21,83.25,2733
2026-05-18 11:15:00,83.29,83.305,83.13,83.13,1000
2026-05-18 11:20:00,83.16,83.2,83.1229,83.16,1550
2026-05-18 11:25:00,83.17,83.27,83.04,83.04,3200
2026-05-18 11:30:00,83.032,83.22,83.0201,83.22,1940
2026-05-18 11:35:00,83.35,83.5,83.35,83.5,1388
2026-05-18 11:40:00,83.4478,83.4478,83.355,83.355,1562
2026-05-18 11:45:00,83.34,83.42,83.34,83.36,308
2026-05-18 11:50:00,83.36,83.4009,83.28,83.4009,3639
2026-05-18 11:55:00,83.37,83.43,83.34,83.34,1193
2026-05-18 12:00:00,83.36,83.36,83.24,83.2577,2743
2026-05-18 12:05:00,83.235,83.3231,83.235,83.28,1492
2026-05-18 12:10:00,83.31,83.385,83.31,83.323,1060
2026-05-18 12:15:00,83.375,83.43,83.3661,83.3661,500
2026-05-18 12:20:00,83.41,83.41,83.385,83.385,3676
2026-05-18 12:25:00,83.28,83.28,82.93,82.93,2433
2026-05-18 12:30:00,82.95,83.18,82.95,83.18,1856
2026-05-18 12:35:00,83.2,83.2751,83.15,83.15,1062
2026-05-18 12:40:00,83.16,83.16,83.0885,83.11,2309
2026-05-18 12:45:00,83.13,83.1901,83.08,83.08,3347
2026-05-18 12:50:00,83.0901,83.355,83.0901,83.31,3720
2026-05-18 12:55:00,83.375,83.3999,83.22,83.22,3223
2026-05-18 13:00:00,83.14,83.22,83.11,83.16,2485
2026-05-18 13:05:00,83.25,83.4,83.22,83.4,1907
2026-05-18 13:10:00,83.25,83.25,83.155,83.16,780
2026-05-18 13:15:00,83.13,83.255,83.13,83.255,1060
2026-05-18 13:20:00,83.235,83.235,83.15,83.19,800
2026-05-18 13:25:00,83.14,83.18,83.14,83.18,700
2026-05-18 13:30:00,83.23,83.23,83.11,83.11,700
2026-05-18 13:35:00,83.06,83.115,82.99,82.99,4346
2026-05-18 13:40:00,83.045,83.11,83.04,83.11,2036
2026-05-18 13:45:00,83.1,83.1001,83.05,83.05,1813
2026-05-18 13:50:00,83.06,83.165,83.04,83.16,1701
2026-05-18 13:55:00,83.11,83.11,83.065,83.065,2035
2026-05-18 14:00:00,83.09,83.09,82.95,83,4063
2026-05-18 14:05:00,82.995,82.995,82.925,82.925,4827
2026-05-18 14:10:00,82.89,82.93,82.87,82.87,5141
2026-05-18 14:15:00,82.86,82.86,82.69,82.745,7794
2026-05-18 14:20:00,82.76,82.76,82.7,82.71,1200
2026-05-18 14:25:00,82.69,82.69,82.56,82.62,725
2026-05-18 14:30:00,82.67,82.72,82.605,82.65,1917
2026-05-18 14:35:00,82.67,82.68,82.585,82.585,1338
2026-05-18 14:40:00,82.575,82.62,82.53,82.62,1425
2026-05-18 14:45:00,82.68,82.745,82.64,82.64,14519
2026-05-18 14:50:00,82.6167,82.7053,82.5812,82.61,7025
2026-05-18 14:55:00,82.595,82.715,82.55,82.58,3689
2026-05-18 15:00:00,82.55,83.28,82.55,83.0649,4269
2026-05-18 15:05:00,83.065,83.065,82.88,83,3195
2026-05-18 15:10:00,83.015,83.1,83.015,83.035,2786
2026-05-18 15:15:00,83.035,83.05,82.96,82.98,3503
2026-05-18 15:20:00,83,83.06,82.9,82.9,2529
2026-05-18 15:25:00,82.9,82.9,82.8,82.84,1359
2026-05-18 15:30:00,82.84,83.095,82.84,83,3700
2026-05-18 15:35:00,83,83.1,83,83.0644,1941
2026-05-18 15:40:00,83.16,83.23,83.13,83.22,2119
2026-05-18 15:45:00,83.16,83.23,83.14,83.2,3177
2026-05-18 15:50:00,83.18,83.23,83.13,83.23,5342
2026-05-18 15:55:00,83.26,83.26,83,83.06,49684
2026-05-18 16:00:00,83.03,83.03,83.03,83.03,53659
2026-05-18 16:15:00,82.97,83,82.97,83,996
2026-05-18 19:25:00,82.62,82.62,82.62,82.62,968
2026-05-19 04:00:00,81.6085,82.45,81.6085,82.45,488
2026-05-19 07:40:00,81.727,81.727,81.727,81.727,174
2026-05-19 09:05:00,82.21,82.21,82.21,82.21,320
2026-05-19 09:30:00,81.67,81.67,81.01,81.29,24679
2026-05-19 09:35:00,81.39,81.96,81.37,81.78,5292
2026-05-19 09:40:00,81.77,81.77,81.5,81.5,6397
2026-05-19 09:45:00,81.4742,81.4742,81.2401,81.33,3050
2026-05-19 09:50:00,81.395,81.48,81.39,81.435,1728
2026-05-19 09:55:00,81.63,81.66,81.07,81.17,52255
2026-05-19 10:00:00,81.37,81.37,80.92,80.995,11062
2026-05-19 10:05:00,81.15,81.17,80.855,80.855,7833
2026-05-19 10:10:00,80.87,81.1401,80.865,80.96,11166
2026-05-19 10:15:00,80.95,80.97,80.81,80.8519,5284
2026-05-19 10:20:00,80.88,80.88,80.57,80.6615,5980
2026-05-19 10:25:00,80.7595,80.95,80.7595,80.83,5952
2026-05-19 10:30:00,80.8325,81,80.76,80.8,4468
2026-05-19 10:35:00,80.815,81.09,80.815,81.065,7488
2026-05-19 10:40:00,80.98,81.03,80.935,80.935,1426
2026-05-19 10:45:00,80.9401,80.9401,80.78,80.82,1900
2026-05-19 10:50:00,80.88,80.93,80.88,80.885,1000
2026-05-19 10:55:00,80.875,80.99,80.83,80.99,2262
2026-05-19 11:00:00,80.99,81.135,80.99,81.135,2461
2026-05-19 11:05:00,81.08,81.09,81.01,81.04,1933
2026-05-19 11:10:00,81.19,81.245,81.13,81.245,11342
2026-05-19 11:15:00,81.3,81.45,81.3,81.36,3353
2026-05-19 11:20:00,81.31,81.31,81.21,81.24,400
2026-05-19 11:25:00,81.14,81.27,81.14,81.23,1400
2026-05-19 11:30:00,81.255,81.37,81.255,81.3299,1300
2026-05-19 11:35:00,81.29,81.5,81.18,81.5,1422
2026-05-19 11:40:00,81.49,81.505,81.41,81.49,2521
2026-05-19 11:45:00,81.5,81.58,81.47,81.58,1726
2026-05-19 11:50:00,81.55,81.57,81.47,81.52,2531
2026-05-19 11:55:00,81.46,81.6,81.46,81.6,2310
2026-05-19 12:00:00,81.64,81.71,81.64,81.7,4025
2026-05-19 12:05:00,81.67,81.67,81.5001,81.57,5519
2026-05-19 12:10:00,81.57,81.62,81.56,81.56,1003
2026-05-19 12:15:00,81.61,81.6651,81.555,81.66,5939
2026-05-19 12:20:00,81.63,81.7,81.6,81.7,12969
2026-05-19 12:25:00,81.7787,81.8843,81.75,81.85,7317
2026-05-19 12:30:00,81.85,82.02,81.85,81.9901,3105
2026-05-19 12:35:00,81.985,82.065,81.95,82.065,2314
2026-05-19 12:40:00,82.08,82.09,82.0301,82.07,5051
2026-05-19 12:45:00,82.07,82.13,82.07,82.09,1486
2026-05-19 12:50:00,82.09,82.21,82.09,82.17,2810
2026-05-19 12:55:00,82.18,82.2682,82.18,82.21,894
2026-05-19 13:00:00,82.21,82.31,82.21,82.31,1500
2026-05-19 13:05:00,82.31,82.32,82.26,82.285,5761
2026-05-19 13:10:00,82.32,82.385,82.32,82.37,1285
2026-05-19 13:15:00,82.42,82.43,82.37,82.37,630
2026-05-19 13:20:00,82.42,82.42,82.34,82.35,2000
2026-05-19 13:25:00,82.225,82.28,82.225,82.27,1304
2026-05-19 13:30:00,82.32,82.4,82.285,82.285,6607
2026-05-19 13:35:00,82.23,82.26,82.1601,82.25,2408
2026-05-19 13:40:00,82.245,82.3,82.18,82.18,1600
2026-05-19 13:45:00,82.16,82.17,82.0101,82.1613,2565
2026-05-19 13:50:00,82.12,82.19,82.09,82.09,1977
2026-05-19 13:55:00,82.15,82.25,82.15,82.25,400
2026-05-19 14:00:00,82.25,82.32,82.235,82.32,3142
2026-05-19 14:05:00,82.3,82.31,82.22,82.31,2643
2026-05-19 14:10:00,82.3,82.37,82.2201,82.345,1275
2026-05-19 14:15:00,82.345,82.355,82.26,82.26,2300
2026-05-19 14:20:00,82.27,82.27,82.11,82.19,2761
2026-05-19 14:25:00,82.16,82.27,82.04,82.16,3010
2026-05-19 14:30:00,82.14,82.16,82.0191,82.14,6536
2026-05-19 14:35:00,82.16,82.16,82.14,82.16,600
2026-05-19 14:40:00,82.12,82.18,82.12,82.16,2699
2026-05-19 14:45:00,82.14,82.17,82.11,82.17,2693
2026-05-19 14:50:00,82.12,82.155,82.04,82.04,1222
2026-05-19 14:55:00,81.98,81.98,81.96,81.96,611
2026-05-19 15:00:00,82.02,82.08,81.96,82.08,2048
2026-05-19 15:05:00,82.03,82.12,81.99,82.09,1935
2026-05-19 15:10:00,82.09,82.22,82.09,82.2101,1954
2026-05-19 15:15:00,82.215,82.215,82.04,82.05,4200
2026-05-19 15:20:00,82.065,82.07,81.909,81.99,3585
2026-05-19 15:25:00,81.91,81.995,81.91,81.99,1983
2026-05-19 15:30:00,82.01,82.03,81.96,81.96,2151
2026-05-19 15:35:00,81.92,82.0299,81.89,81.98,2621
2026-05-19 15:40:00,81.93,81.97,81.93,81.97,1644
2026-05-19 15:45:00,81.95,82,81.93,82,7553
2026-05-19 15:50:00,81.92,81.935,81.72,81.72,5690
2026-05-19 15:55:00,81.77,81.83,81.73,81.81,10163
2026-05-19 16:00:00,81.78,81.78,81.78,81.78,3201
2026-05-19 18:25:00,80.65,80.65,80.65,80.65,500
2026-05-19 18:30:00,81.3,81.3,81.3,81.3,382
2026-05-20 04:00:00,81.78,81.78,81.78,81.78,250
2026-05-20 09:30:00,82.5,82.94,82.44,82.49,9809
2026-05-20 09:35:00,82.51,82.51,82.31,82.4,4350
2026-05-20 09:40:00,82.45,82.55,82.371,82.49,6084
2026-05-20 09:45:00,82.54,82.62,82.485,82.545,1000
2026-05-20 09:50:00,82.42,82.52,82.4,82.49,1883
2026-05-20 09:55:00,82.44,82.49,82.41,82.49,3687
2026-05-20 10:00:00,82.54,82.6,82.52,82.55,13127
2026-05-20 10:05:00,82.51,82.5156,82.36,82.36,2013
2026-05-20 10:10:00,82.31,82.47,82.2,82.47,2703
2026-05-20 10:15:00,82.56,83,82.56,82.8053,6702
2026-05-20 10:20:00,82.89,83.01,82.79,82.79,2809
2026-05-20 10:25:00,82.81,82.9,82.79,82.845,1420
2026-05-20 10:30:00,82.97,83.05,82.91,82.91,2639
2026-05-20 10:35:00,82.9251,83.09,82.745,82.745,1287
2026-05-20 10:40:00,82.81,82.88,82.81,82.825,1361
2026-05-20 10:45:00,82.9,82.9338,82.89,82.9338,2544
2026-05-20 10:50:00,82.79,82.91,82.79,82.91,1320
2026-05-20 10:55:00,83,83.06,82.99,82.99,700
2026-05-20 11:00:00,83.09,83.11,82.95,83.1056,1800
2026-05-20 11:05:00,83.015,83.015,82.97,82.97,823
2026-05-20 11:10:00,82.98,83.005,82.91,82.945,3136
2026-05-20 11:15:00,82.955,83.56,82.955,83.36,5178
2026-05-20 11:20:00,83.26,83.42,83.2,83.29,2783
2026-05-20 11:25:00,83.21,83.2703,83.07,83.08,1620
2026-05-20 11:30:00,83.0973,83.295,83.06,83.245,2649
2026-05-20 11:35:00,83.25,83.2719,83.2,83.2719,420
2026-05-20 11:40:00,83.24,83.31,83.1693,83.2001,974
2026-05-20 11:45:00,83.21,83.2915,83.21,83.275,602
2026-05-20 11:50:00,83.275,83.33,83.205,83.205,1586
2026-05-20 11:55:00,83.2299,83.2299,83.06,83.17,4710
2026-05-20 12:00:00,83.17,83.18,83.105,83.14,3767
2026-05-20 12:05:00,83.25,83.265,83.21,83.21,900
2026-05-20 12:10:00,83.2,83.24,83.17,83.24,1400
2026-05-20 12:15:00,83.21,83.25,83.11,83.16,1470
2026-05-20 12:20:00,83.205,83.205,82.99,83.07,1635
2026-05-20 12:25:00,83.005,83.015,82.95,83.015,700
2026-05-20 12:30:00,83.08,83.09,82.985,82.995,1965
2026-05-20 12:35:00,83.01,83.1651,83.01,83.015,2113
2026-05-20 12:40:00,83.03,83.19,83.03,83.16,932
2026-05-20 12:45:00,83.21,83.27,83.165,83.21,2565
2026-05-20 12:50:00,83.095,83.17,83.095,83.17,300
2026-05-20 12:55:00,83.1856,83.1856,83.08,83.17,2020
2026-05-20 13:00:00,83.17,83.22,83.08,83.17,1948
2026-05-20 13:05:00,83.14,83.2,83.11,83.18,2320
2026-05-20 13:10:00,83.18,83.25,83.16,83.215,2720
2026-05-20 13:15:00,83.21,83.21,83.21,83.21,507
2026-05-20 13:20:00,83.13,83.1766,83.1275,83.1766,885
2026-05-20 13:25:00,83.115,83.185,83.06,83.18,2032
2026-05-20 13:30:00,83.2,83.215,83.18,83.215,869
2026-05-20 13:35:00,83.11,83.25,83.11,83.25,400
2026-05-20 13:40:00,83.195,83.34,83.13,83.13,1325
2026-05-20 13:45:00,83.14,83.22,83.11,83.145,3866
2026-05-20 13:50:00,83.145,83.18,83.095,83.18,4240
2026-05-20 13:55:00,83.15,83.23,83.11,83.185,1299
2026-05-20 14:00:00,83.175,83.31,83.175,83.27,2122
2026-05-20 14:05:00,83.27,83.37,83.25,83.36,2108
2026-05-20 14:10:00,83.35,83.38,83.315,83.33,1452
2026-05-20 14:15:00,83.3,83.3322,83.28,83.28,1444
2026-05-20 14:20:00,83.27,83.27,83.2,83.2,500
2026-05-20 14:25:00,83.307,83.307,83.21,83.265,1361
2026-05-20 14:30:00,83.3,83.325,83.28,83.28,1914
2026-05-20 14:35:00,83.33,83.3531,83.33,83.3531,1939
2026-05-20 14:40:00,83.3492,83.3492,83.3,83.3,617
2026-05-20 14:45:00,83.27,83.31,83.27,83.31,600
2026-05-20 14:50:00,83.31,83.37,83.27,83.37,1054
2026-05-20 14:55:00,83.345,83.355,83.314,83.314,811
2026-05-20 15:00:00,83.315,83.4,83.315,83.38,1400
2026-05-20 15:05:00,83.33,83.38,83.33,83.35,1042
2026-05-20 15:10:00,83.33,83.38,83.33,83.35,3115
2026-05-20 15:15:00,83.37,83.435,83.36,83.42,3145
2026-05-20 15:20:00,83.421,83.45,83.42,83.4499,6077
2026-05-20 15:25:00,83.44,83.45,83.39,83.446,9673
2026-05-20 15:30:00,83.37,83.43,83.34,83.4,1988
2026-05-20 15:35:00,83.34,83.495,83.34,83.495,1439
2026-05-20 15:40:00,83.41,83.44,83.37,83.37,500
2026-05-20 15:45:00,83.35,83.3799,83.345,83.37,1274
2026-05-20 15:50:00,83.37,83.43,83.29,83.39,11602
2026-05-20 15:55:00,83.385,83.57,83.385,83.57,21829
2026-05-20 16:00:00,83.49,83.49,83.49,83.49,3136
2026-05-21 04:00:00,83.47,83.48,83.47,83.48,1381
2026-05-21 04:15:00,83.56,83.56,83.56,83.56,308
2026-05-21 07:05:00,83.48,83.48,83.48,83.48,100
2026-05-21 08:40:00,83.68,83.68,83.68,83.68,100
2026-05-21 09:30:00,83.25,83.99,83.25,83.41,17866
2026-05-21 09:35:00,83.38,83.495,83.35,83.38,700
2026-05-21 09:40:00,83.35,83.465,83.27,83.46,2742
2026-05-21 09:45:00,83.46,83.5,83.36,83.5,2056
2026-05-21 09:50:00,83.68,84,83.68,84,1551
2026-05-21 09:55:00,84.005,84.005,83.995,84,1092
2026-05-21 10:00:00,84.0587,84.078,83.965,84.04,2221
2026-05-21 10:05:00,84,84.04,83.7018,83.85,1711
2026-05-21 10:10:00,83.9,83.91,83.68,83.78,6020
2026-05-21 10:15:00,83.58,83.7921,83.57,83.585,1742
2026-05-21 10:20:00,83.51,83.57,83.44,83.57,1411
2026-05-21 10:25:00,83.4078,83.78,83.4078,83.78,1628
2026-05-21 10:30:00,83.71,83.77,83.64,83.64,900
2026-05-21 10:35:00,83.67,83.79,83.67,83.79,300
2026-05-21 10:40:00,83.69,83.79,83.69,83.69,1705
2026-05-21 10:45:00,83.81,83.81,83.675,83.675,400
2026-05-21 10:50:00,83.67,83.67,83.59,83.61,600
2026-05-21 10:55:00,83.69,83.78,83.69,83.77,1020
2026-05-21 11:00:00,83.84,83.84,83.73,83.73,700
2026-05-21 11:05:00,83.7114,83.7114,83.54,83.55,1710
2026-05-21 11:10:00,83.49,83.71,83.49,83.71,1737
2026-05-21 11:15:00,83.93,83.93,83.93,83.93,943
2026-05-21 11:20:00,83.88,83.93,83.855,83.89,892
2026-05-21 11:25:00,83.85,83.87,83.81,83.87,1078
2026-05-21 11:30:00,83.89,83.89,83.75,83.75,500
2026-05-21 11:35:00,83.72,83.87,83.72,83.87,1212
2026-05-21 11:40:00,83.84,83.92,83.84,83.9,2099
2026-05-21 11:45:00,83.875,83.89,83.875,83.89,500
2026-05-21 11:50:00,83.92,83.92,83.885,83.91,600
2026-05-21 11:55:00,83.89,83.89,83.81,83.81,1435
2026-05-21 12:00:00,83.81,83.96,83.81,83.96,2000
2026-05-21 12:05:00,83.96,84,83.91,83.99,1485
2026-05-21 12:10:00,83.89,83.9,83.82,83.82,346
2026-05-21 12:15:00,83.9444,83.96,83.77,83.96,416
2026-05-21 12:20:00,83.9101,83.96,83.9,83.9,1803
2026-05-21 12:25:00,83.84,83.84,83.84,83.84,475
2026-05-21 12:30:00,83.88,83.98,83.84,83.98,1078
2026-05-21 12:35:00,83.9,83.95,83.8,83.8,820
2026-05-21 12:40:00,83.815,83.91,83.81,83.91,500
2026-05-21 12:45:00,83.87,83.89,83.8051,83.89,400
2026-05-21 12:50:00,83.795,83.9,83.77,83.9,851
2026-05-21 12:55:00,83.9,83.9,83.9,83.9,200
2026-05-21 13:00:00,83.9,83.9,83.8,83.8,1843
2026-05-21 13:05:00,83.9,83.9,83.87,83.87,1375
2026-05-21 13:10:00,83.87,84.185,83.87,84.015,2670
2026-05-21 13:15:00,84.11,84.37,84.11,84.265,1800
2026-05-21 13:20:00,84.39,84.52,84.22,84.385,5927
2026-05-21 13:25:00,84.38,84.46,84.37,84.46,2350
2026-05-21 13:30:00,84.47,84.533,84.41,84.43,3174
2026-05-21 13:35:00,84.52,84.55,84.51,84.51,725
2026-05-21 13:40:00,84.55,84.625,84.55,84.625,365
2026-05-21 13:45:00,84.61,84.66,84.575,84.66,1093
2026-05-21 13:50:00,84.71,84.79,84.67,84.765,2131
2026-05-21 13:55:00,84.77,84.83,84.695,84.695,700
2026-05-21 14:00:00,84.73,84.81,84.555,84.555,3700
2026-05-21 14:05:00,84.55,84.585,84.51,84.57,2652
2026-05-21 14:10:00,84.57,84.57,84.47,84.55,7089
2026-05-21 14:15:00,84.505,84.55,84.48,84.55,1744
2026-05-21 14:20:00,84.62,84.62,84.535,84.55,700
2026-05-21 14:30:00,84.595,84.6,84.525,84.5699,800
2026-05-21 14:35:00,84.57,84.57,84.505,84.51,435
2026-05-21 14:40:00,84.535,84.59,84.535,84.59,878
2026-05-21 14:45:00,84.51,84.58,84.31,84.31,3142
2026-05-21 14:50:00,84.32,84.38,84.1,84.12,4125
2026-05-21 14:55:00,84.02,84.09,84.02,84.06,2076
2026-05-21 15:00:00,84.16,84.28,84.1,84.28,625
2026-05-21 15:05:00,84.23,84.27,84.19,84.22,850
2026-05-21 15:10:00,84.31,84.36,84.2,84.29,2361
2026-05-21 15:15:00,84.34,84.46,84.34,84.4,1434
2026-05-21 15:20:00,84.4,84.43,84.34,84.365,803
2026-05-21 15:25:00,84.38,84.38,84.3,84.32,3323
2026-05-21 15:30:00,84.335,84.3899,84.3,84.32,3346
2026-05-21 15:35:00,84.34,84.37,84.27,84.37,549
2026-05-21 15:40:00,84.38,84.38,84.29,84.34,1016
2026-05-21 15:45:00,84.315,84.4,84.28,84.38,773
2026-05-21 15:50:00,84.3,84.38,84.24,84.26,1824
2026-05-21 15:55:00,84.27,84.44,84.27,84.4,9898
2026-05-21 16:00:00,84.38,84.38,84.38,84.38,4059
2026-05-21 17:15:00,83.1436,83.1436,83.1436,83.1436,178
2026-05-21 17:55:00,83.9,83.9,83.9,83.9,100
2026-05-21 19:35:00,83.9,83.9,83.9,83.9,100
2026-05-22 04:00:00,84.98,84.98,84.98,84.98,210
2026-05-22 08:30:00,84.9574,84.9574,84.9574,84.9574,610
2026-05-22 09:25:00,84.75,84.75,84.75,84.75,1100
2026-05-22 09:30:00,85.07,85.07,84.6865,84.95,17137
2026-05-22 09:35:00,84.96,85.16,84.84,85.09,8115
2026-05-22 09:40:00,85.095,85.095,84.97,85,8186
2026-05-22 09:45:00,85.005,85.11,84.92,84.92,8415
2026-05-22 09:50:00,84.955,85.1,84.815,84.965,5375
2026-05-22 09:55:00,84.965,85.1,84.965,85.1,4740
2026-05-22 10:00:00,84.995,85.01,84.8601,84.864,4256
2026-05-22 10:05:00,84.94,85,84.84,84.875,9304
2026-05-22 10:10:00,84.895,84.94,84.725,84.745,6140
2026-05-22 10:15:00,84.745,84.8,84.555,84.665,3801
2026-05-22 10:20:00,84.75,84.8,84.6,84.64,4645
2026-05-22 10:25:00,84.5832,84.83,84.5832,84.83,2886
2026-05-22 10:30:00,84.83,84.99,84.8,84.99,3978
2026-05-22 10:35:00,85,85.07,84.945,85.07,5762
2026-05-22 10:40:00,85.04,85.07,84.995,85.07,2797
2026-05-22 10:45:00,85.06,85.14,85.03,85.08,9501
2026-05-22 10:50:00,85.14,85.14,84.93,85.07,29456
2026-05-22 10:55:00,85.07,85.14,85.01,85.14,3389
2026-05-22 11:00:00,85.11,85.13,85.02,85.05,5040
2026-05-22 11:05:00,85.12,85.26,85.12,85.195,4100
2026-05-22 11:10:00,85.19,85.25,85.17,85.24,4805
2026-05-22 11:15:00,85.2365,85.27,85.19,85.225,3446
2026-05-22 11:20:00,85.26,85.31,85.2,85.31,4273
2026-05-22 11:25:00,85.17,85.33,85.17,85.32,3847
2026-05-22 11:30:00,85.31,85.37,85.27,85.31,6695
2026-05-22 11:35:00,85.3099,85.34,85.29,85.3,3238
2026-05-22 11:40:00,85.29,85.34,85.25,85.32,3497
2026-05-22 11:45:00,85.31,85.32,85.215,85.25,3980
2026-05-22 11:50:00,85.23,85.33,85.2,85.32,13848
2026-05-22 11:55:00,85.32,85.33,85.23,85.27,3804
2026-05-22 12:00:00,85.265,85.33,85.23,85.3,4893
2026-05-22 12:05:00,85.31,85.33,85.23,85.28,4144
2026-05-22 12:10:00,85.32,85.33,85.23,85.33,4700
2026-05-22 12:15:00,85.32,85.33,85.23,85.26,5432
2026-05-22 12:20:00,85.27,85.31,85.24,85.3,3241
2026-05-22 12:25:00,85.3,85.37,85.2272,85.36,5069
2026-05-22 12:30:00,85.35,85.37,85.29,85.34,12738
2026-05-22 12:35:00,85.32,85.37,85.265,85.33,6570
2026-05-22 12:40:00,85.29,85.37,85.29,85.335,5541
2026-05-22 12:45:00,85.36,85.37,85.33,85.33,20866
2026-05-22 12:50:00,85.36,85.36,85.3,85.345,5434
2026-05-22 12:55:00,85.34,85.35,85.2836,85.34,6054
2026-05-22 13:00:00,85.35,85.3812,85.3,85.35,8912
2026-05-22 13:05:00,85.35,85.365,85.33,85.33,2740
2026-05-22 13:10:00,85.365,85.365,85.285,85.35,3570
2026-05-22 13:15:00,85.38,85.38,85.285,85.295,4194
2026-05-22 13:20:00,85.29,85.36,85.29,85.34,5949
2026-05-22 13:25:00,85.34,85.57,85.33,85.57,24746
2026-05-22 13:30:00,85.57,85.644,85.35,85.475,15253
2026-05-22 13:35:00,85.355,85.59,85.355,85.46,4320
2026-05-22 13:40:00,85.46,85.59,85.37,85.57,2808
2026-05-22 13:45:00,85.465,85.53,85.38,85.53,4200
2026-05-22 13:50:00,85.475,85.52,85.4,85.4,3800
2026-05-22 13:55:00,85.375,85.46,85.37,85.375,5925
2026-05-22 14:00:00,85.4,85.49,85.3454,85.43,9415
2026-05-22 14:05:00,85.5,85.5,85.35,85.49,5497
2026-05-22 14:10:00,85.48,85.49,85.41,85.44,4870
2026-05-22 14:15:00,85.45,85.53,85.435,85.48,6624
2026-05-22 14:20:00,85.48,85.53,85.48,85.52,3146
2026-05-22 14:25:00,85.52,85.56,85.485,85.52,3868
2026-05-22 14:30:00,85.55,85.57,85.505,85.56,3338
2026-05-22 14:35:00,85.57,85.58,85.47,85.53,9669
2026-05-22 14:40:00,85.59,85.59,85.49,85.53,6421
2026-05-22 14:45:00,85.53,85.53,85.44,85.505,5962
2026-05-22 14:50:00,85.47,85.53,85.47,85.495,6471
2026-05-22 14:55:00,85.497,85.57,85.47,85.55,4624
2026-05-22 15:00:00,85.515,85.55,85.35,85.35,6188
2026-05-22 15:05:00,85.37,85.46,85.36,85.43,106257
2026-05-22 15:10:00,85.43,85.49,85.4,85.49,3910
2026-05-22 15:15:00,85.47,85.48,85.4,85.46,4756
2026-05-22 15:20:00,85.39,85.45,85.3,85.45,3776
2026-05-22 15:25:00,85.42,85.45,85.31,85.31,5795
2026-05-22 15:30:00,85.29,85.4,85.2,85.39,5203
2026-05-22 15:35:00,85.38,85.41,85.25,85.37,4911
2026-05-22 15:40:00,85.39,85.39,85.25,85.35,5147
2026-05-22 15:45:00,85.285,85.35,85.23,85.26,6738
2026-05-22 15:50:00,85.285,85.31,85.14,85.16,12685
2026-05-22 15:55:00,85.18,85.38,85.15,85.21,22560
2026-05-22 16:00:00,85.28,85.28,85.28,85.28,5046
2026-05-22 16:25:00,85.05,85.05,85.05,85.05,100
2026-05-22 19:25:00,85.0691,85.0691,85.0691,85.0691,100