2026-04-22 09:30:00,20.43,20.43,20.43,20.43,100
2026-04-23 09:30:00,20.41,20.41,20.41,20.41,100
2026-04-23 13:15:00,20.4,20.4,20.4,20.4,100
2026-04-23 13:45:00,20.37,20.37,20.37,20.37,100
2026-04-23 15:00:00,20.38,20.3801,20.38,20.3801,200
2026-04-24 12:00:00,20.405,20.41,20.405,20.41,900
2026-04-24 12:35:00,20.4,20.4,20.4,20.4,1305
2026-04-24 13:00:00,20.42,20.42,20.42,20.42,1771
2026-04-27 09:45:00,20.39,20.39,20.39,20.39,100
2026-04-27 11:30:00,20.39,20.39,20.3866,20.3899,439
2026-04-27 12:25:00,20.385,20.385,20.385,20.385,359
2026-04-27 12:30:00,20.385,20.3899,20.385,20.3899,740
2026-04-27 14:05:00,20.37,20.3701,20.37,20.3701,524
2026-04-27 14:25:00,20.38,20.38,20.38,20.38,100
2026-04-27 15:00:00,20.38,20.38,20.38,20.38,284
2026-04-27 15:15:00,20.38,20.419,20.3757,20.41,5132
2026-04-27 15:20:00,20.3921,20.3921,20.3921,20.3921,125
2026-04-28 14:25:00,20.2701,20.2701,20.2701,20.2701,4758
2026-04-29 09:30:00,20.25,20.25,20.25,20.25,100
2026-04-30 10:45:00,20.215,20.215,20.215,20.215,182
2026-04-30 11:35:00,20.215,20.215,20.215,20.215,130
2026-05-01 09:30:00,20.24,20.24,20.24,20.24,100
2026-05-01 11:40:00,20.2598,20.2598,20.2598,20.2598,396
2026-05-01 11:45:00,20.26,20.26,20.26,20.26,4197
2026-05-01 14:15:00,20.25,20.25,20.25,20.25,518
2026-05-01 14:35:00,20.26,20.26,20.26,20.26,3948
2026-05-04 10:35:00,20.21,20.21,20.21,20.21,290
2026-05-04 13:05:00,20.16,20.16,20.16,20.16,891
2026-05-04 13:10:00,20.18,20.18,20.18,20.18,100
2026-05-04 13:20:00,20.19,20.19,20.19,20.19,100
2026-05-04 13:40:00,20.19,20.19,20.19,20.19,100
2026-05-04 13:50:00,20.19,20.19,20.19,20.19,100
2026-05-04 14:00:00,20.19,20.19,20.19,20.19,200
2026-05-04 14:10:00,20.19,20.22,20.1899,20.1899,800
2026-05-04 14:20:00,20.19,20.19,20.19,20.19,100
2026-05-04 14:25:00,20.19,20.19,20.1899,20.19,300
2026-05-04 14:35:00,20.19,20.19,20.19,20.19,100
2026-05-04 14:45:00,20.2,20.2,20.2,20.2,100
2026-05-04 14:55:00,20.2,20.2,20.2,20.2,200
2026-05-04 15:05:00,20.2,20.2,20.2,20.2,100
2026-05-04 15:15:00,20.21,20.21,20.21,20.21,100
2026-05-04 15:25:00,20.21,20.21,20.21,20.21,200
2026-05-04 15:35:00,20.21,20.21,20.21,20.21,100
2026-05-04 15:40:00,20.21,20.21,20.21,20.21,100
2026-05-04 15:45:00,20.21,20.21,20.21,20.21,100
2026-05-04 15:55:00,20.21,20.21,20.21,20.21,100
2026-05-05 15:10:00,20.21,20.21,20.21,20.21,928
2026-05-06 14:15:00,20.28,20.28,20.28,20.28,1666
2026-05-08 10:00:00,20.32,20.32,20.32,20.32,648
2026-05-08 11:40:00,20.3,20.31,20.3,20.3001,1136
2026-05-08 14:35:00,20.31,20.3156,20.31,20.3156,713
2026-05-12 15:35:00,20.21,20.22,20.21,20.2132,1683
2026-05-12 15:40:00,20.2,20.2,20.2,20.2,606
2026-05-12 15:50:00,20.22,20.22,20.22,20.22,1187
2026-05-13 09:30:00,20.21,20.21,20.21,20.21,100
2026-05-13 13:50:00,20.185,20.185,20.185,20.185,100
2026-05-13 13:55:00,20.18,20.18,20.18,20.18,173
2026-05-14 09:55:00,20.26,20.26,20.26,20.26,100
2026-05-14 11:15:00,20.24,20.24,20.24,20.24,2456
2026-05-14 11:20:00,20.235,20.235,20.235,20.235,100
2026-05-14 13:10:00,20.25,20.25,20.25,20.25,100
2026-05-14 14:50:00,20.23,20.23,20.23,20.23,200
2026-05-14 15:10:00,20.24,20.24,20.24,20.24,100
2026-05-14 15:25:00,20.226,20.226,20.22,20.22,459
2026-05-14 15:35:00,20.24,20.24,20.24,20.24,100
2026-05-14 15:45:00,20.23,20.23,20.23,20.23,100
2026-05-14 15:50:00,20.23,20.23,20.23,20.23,100
2026-05-14 15:55:00,20.22,20.22,20.22,20.22,200
2026-05-15 10:10:00,20.13,20.13,20.13,20.13,100
2026-05-15 12:15:00,20.11,20.1101,20.11,20.1101,486
2026-05-15 15:25:00,20.11,20.11,20.11,20.11,559
2026-05-18 09:45:00,20.11,20.11,20.11,20.11,100
2026-05-18 11:45:00,20.08,20.0801,20.08,20.0801,200
2026-05-18 13:30:00,20.07,20.07,20.07,20.07,618
2026-05-19 10:10:00,20,20,20,20,100
2026-05-19 14:25:00,19.99,19.9902,19.99,19.9902,1136
2026-05-20 10:55:00,20,20,20,20,200
2026-05-20 13:45:00,20.075,20.075,20.07,20.0701,2688
2026-05-20 14:45:00,20.075,20.075,20.05,20.05,7970
2026-05-20 14:55:00,20.065,20.065,20.065,20.065,320
2026-05-20 15:25:00,20.07,20.07,20.07,20.07,1147
2026-05-20 16:00:00,20.09,20.09,20.09,20.09,300
2026-05-21 14:15:00,20.13,20.16,20.1299,20.1299,600
2026-05-21 14:55:00,20.1,20.1,20.1,20.1,174
2026-05-22 11:10:00,20.1201,20.1201,20.1201,20.1201,1961
2026-05-22 13:15:00,20.1211,20.1211,20.115,20.115,4793
2026-05-22 13:40:00,20.15,20.15,20.15,20.15,638
2026-05-22 13:45:00,20.1401,20.1468,20.14,20.1468,785
2026-05-22 13:50:00,20.13,20.1301,20.13,20.1301,1000
2026-05-22 14:00:00,20.125,20.125,20.12,20.12,7700