2026-04-22 09:30:00,53.83,53.83,53.83,53.83,114
2026-04-22 09:45:00,53.98,53.98,53.98,53.98,1000
2026-04-22 10:05:00,53.855,53.855,53.855,53.855,300
2026-04-22 10:15:00,53.99,53.99,53.98,53.98,900
2026-04-22 10:20:00,53.98,53.99,53.98,53.98,800
2026-04-22 10:25:00,54.43,54.43,54.43,54.43,100
2026-04-22 10:40:00,54.42,54.515,54.42,54.515,200
2026-04-22 10:45:00,54.42,54.44,54.42,54.42,1500
2026-04-22 10:50:00,54.37,54.37,54.37,54.37,100
2026-04-22 10:55:00,54.26,54.26,54.26,54.26,484
2026-04-22 11:05:00,54.28,54.28,54.28,54.28,400
2026-04-22 11:15:00,54.335,54.335,54.335,54.335,100
2026-04-22 11:30:00,54.45,54.45,54.45,54.45,100
2026-04-22 11:35:00,54.4501,54.4501,54.4501,54.4501,800
2026-04-22 12:25:00,54.415,54.415,54.415,54.415,100
2026-04-22 13:00:00,54.525,54.525,54.525,54.525,250
2026-04-22 13:45:00,54.76,54.76,54.76,54.76,14594
2026-04-22 13:50:00,54.72,54.72,54.72,54.72,500
2026-04-22 14:30:00,54.8,54.8,54.76,54.79,1097
2026-04-22 14:50:00,54.88,54.9,54.78,54.78,1492
2026-04-22 15:30:00,54.89,54.94,54.89,54.9399,729
2026-04-22 15:45:00,54.94,54.94,54.94,54.94,100
2026-04-23 09:30:00,54.56,54.56,54.56,54.56,695
2026-04-23 09:35:00,54.25,54.25,54.25,54.25,200
2026-04-23 09:40:00,54.45,54.45,54.34,54.35,450
2026-04-23 10:00:00,54.15,54.15,54.15,54.15,588
2026-04-23 10:05:00,54.205,54.205,54.205,54.205,100
2026-04-23 10:50:00,54.4401,54.4401,54.4401,54.4401,495
2026-04-23 11:00:00,54.535,54.535,54.535,54.535,391
2026-04-23 11:05:00,54.525,54.525,54.525,54.525,1265
2026-04-23 12:05:00,54.125,54.125,54.125,54.125,184
2026-04-23 12:50:00,54.3,54.3,54.3,54.3,800
2026-04-23 12:55:00,54.25,54.25,54.25,54.25,100
2026-04-23 13:00:00,54.03,54.03,53.92,53.92,300
2026-04-23 13:05:00,53.7,53.7,53.7,53.7,100
2026-04-23 13:55:00,53.4694,53.4694,53.17,53.17,1328
2026-04-23 14:05:00,53.43,53.43,53.43,53.43,100
2026-04-23 14:25:00,53.415,53.415,53.415,53.415,400
2026-04-23 14:55:00,53.19,53.19,53.19,53.19,100
2026-04-23 15:10:00,53.1654,53.1654,53.1654,53.1654,100
2026-04-23 15:35:00,53.12,53.12,53.12,53.12,100
2026-04-23 15:55:00,53.37,53.37,53.37,53.37,181
2026-04-23 16:15:00,54,54,54,54,100
2026-04-24 09:30:00,54.58,54.58,54.58,54.58,377
2026-04-24 09:45:00,54.71,54.71,54.7,54.7,300
2026-04-24 09:50:00,54.63,54.63,54.62,54.62,400
2026-04-24 09:55:00,54.4,54.4,54.4,54.4,625
2026-04-24 10:05:00,54.81,54.81,54.81,54.81,150
2026-04-24 10:10:00,54.8961,54.8961,54.76,54.8,800
2026-04-24 10:30:00,54.59,54.59,54.58,54.58,800
2026-04-24 10:35:00,54.71,54.71,54.7,54.7,1649
2026-04-24 11:00:00,54.79,54.79,54.79,54.79,746
2026-04-24 11:05:00,54.88,54.88,54.88,54.88,218
2026-04-24 11:35:00,54.95,54.95,54.8468,54.8468,640
2026-04-24 12:05:00,55.255,55.26,55.194,55.26,500
2026-04-24 12:20:00,55.2,55.28,55.2,55.2,505
2026-04-24 12:40:00,55.21,55.21,55.12,55.12,594
2026-04-24 13:05:00,55.205,55.205,55.205,55.205,533
2026-04-24 13:30:00,55.1,55.1,55.1,55.1,804
2026-04-24 14:15:00,55.01,55.01,55.01,55.01,200
2026-04-24 14:25:00,54.92,54.92,54.92,54.92,100
2026-04-24 14:55:00,55.08,55.16,55.08,55.16,1249
2026-04-24 15:15:00,55.07,55.07,55.07,55.07,400
2026-04-24 15:20:00,54.9,54.9,54.73,54.7301,6400
2026-04-24 15:30:00,54.825,54.825,54.825,54.825,182
2026-04-24 15:40:00,54.765,54.765,54.765,54.765,193
2026-04-24 15:55:00,54.92,54.92,54.92,54.92,100
2026-04-27 09:25:00,55.52,55.54,55.52,55.54,379
2026-04-27 09:30:00,56.3,56.3,55.44,55.44,2408
2026-04-27 09:35:00,55.55,55.6799,55.55,55.6799,200
2026-04-27 09:45:00,55.284,55.301,55.284,55.301,550
2026-04-27 09:50:00,55.26,55.26,55.24,55.24,713
2026-04-27 10:00:00,55.78,55.78,55.78,55.78,401
2026-04-27 10:05:00,55.715,55.715,55.715,55.715,200
2026-04-27 10:10:00,55.7265,55.735,55.67,55.67,1981
2026-04-27 10:20:00,55.67,55.67,55.67,55.67,100
2026-04-27 10:30:00,55.505,55.505,55.505,55.505,100
2026-04-27 10:45:00,55.605,55.605,55.605,55.605,100
2026-04-27 10:50:00,55.59,55.59,55.59,55.59,100
2026-04-27 10:55:00,55.5786,55.5786,55.5786,55.5786,100
2026-04-27 11:00:00,55.505,55.505,55.375,55.375,514
2026-04-27 11:20:00,55.28,55.29,55.28,55.29,200
2026-04-27 11:25:00,55.276,55.34,55.27,55.34,1240
2026-04-27 11:50:00,55.38,55.5584,55.38,55.5584,831
2026-04-27 12:05:00,55.46,55.46,55.46,55.46,146
2026-04-27 13:45:00,55.43,55.43,55.43,55.43,180
2026-04-27 14:05:00,55.38,55.38,55.31,55.31,1040
2026-04-27 14:30:00,55.45,55.5,55.34,55.34,2784
2026-04-27 14:40:00,55.42,55.42,55.42,55.42,107
2026-04-27 15:35:00,55.55,55.55,55.55,55.55,209
2026-04-27 15:40:00,55.55,55.55,55.55,55.55,180
2026-04-27 15:50:00,55.53,55.53,55.53,55.53,659
2026-04-28 09:30:00,54.68,54.68,54.68,54.68,476
2026-04-28 09:45:00,55.045,55.045,54.9806,54.9806,300
2026-04-28 09:50:00,55.035,55.035,55.035,55.035,100
2026-04-28 10:00:00,54.83,54.83,54.83,54.83,248
2026-04-28 10:40:00,54.39,54.39,54.39,54.39,150
2026-04-28 10:45:00,54.41,54.41,54.4,54.4,400
2026-04-28 10:55:00,54.28,54.35,54.28,54.35,300
2026-04-28 11:20:00,54.54,54.5499,54.54,54.5499,1835
2026-04-28 11:25:00,54.39,54.39,54.39,54.39,586
2026-04-28 12:00:00,54.545,54.545,54.545,54.545,207
2026-04-28 12:20:00,54.6,54.6,54.6,54.6,368
2026-04-28 12:45:00,54.58,54.58,54.5,54.5,1567
2026-04-28 13:05:00,54.6664,54.6664,54.6664,54.6664,920
2026-04-28 13:25:00,54.69,54.69,54.69,54.69,116
2026-04-28 13:40:00,54.89,54.89,54.89,54.89,914
2026-04-28 13:45:00,54.845,54.845,54.845,54.845,186
2026-04-28 14:20:00,54.9,54.9,54.9,54.9,100
2026-04-28 16:25:00,55,55,55,55,250
2026-04-29 09:30:00,55.46,55.46,55.46,55.46,450
2026-04-29 09:35:00,55.27,55.4415,55.27,55.42,400
2026-04-29 09:40:00,55.46,55.46,55.36,55.36,400
2026-04-29 09:55:00,55.27,55.27,55.27,55.27,200
2026-04-29 10:10:00,55.43,55.43,55.43,55.43,100
2026-04-29 10:15:00,55.44,55.44,55.44,55.44,100
2026-04-29 10:20:00,55.485,55.485,55.485,55.485,110
2026-04-29 10:25:00,55.6299,55.6299,55.52,55.52,900
2026-04-29 10:35:00,55.54,55.54,55.54,55.54,200
2026-04-29 11:00:00,55.38,55.38,55.38,55.38,200
2026-04-29 11:05:00,55.34,55.34,55.34,55.34,200
2026-04-29 11:10:00,55.24,55.24,55.16,55.16,300
2026-04-29 11:15:00,55.23,55.25,55.23,55.23,900
2026-04-29 11:20:00,55.26,55.26,55.26,55.26,1264
2026-04-29 11:40:00,55.195,55.195,55.195,55.195,100
2026-04-29 11:45:00,55.09,55.09,55.09,55.09,200
2026-04-29 11:55:00,54.74,54.74,54.74,54.74,400
2026-04-29 12:05:00,55.09,55.09,55.09,55.09,200
2026-04-29 13:00:00,54.85,54.85,54.85,54.85,100
2026-04-29 13:10:00,54.8707,54.8707,54.8707,54.8707,170
2026-04-29 13:15:00,54.7113,54.7113,54.7113,54.7113,100
2026-04-29 14:15:00,54.7,54.7,54.7,54.7,6737
2026-04-29 17:35:00,53.41,53.41,53.41,53.41,389
2026-04-30 09:30:00,55.89,55.89,55.89,55.89,202
2026-04-30 10:15:00,55.42,55.42,55.42,55.42,180
2026-04-30 10:20:00,55.67,55.67,55.67,55.67,170
2026-04-30 10:45:00,55.75,55.75,55.75,55.75,500
2026-04-30 10:50:00,55.784,55.784,55.784,55.784,128
2026-04-30 13:05:00,56.045,56.045,56.045,56.045,1064
2026-04-30 13:15:00,56,56,56,56,213
2026-04-30 14:05:00,56.405,56.405,56.405,56.405,290
2026-04-30 14:45:00,56.55,56.55,56.5499,56.5499,200
2026-04-30 14:50:00,56.5499,56.5499,56.5499,56.5499,115
2026-04-30 15:10:00,56.53,56.53,56.53,56.53,200
2026-04-30 15:35:00,56.702,56.702,56.702,56.702,389
2026-04-30 15:40:00,56.89,56.89,56.8899,56.8899,400
2026-04-30 15:50:00,57.085,57.31,57.0849,57.31,2746
2026-04-30 15:55:00,57.32,57.32,57.02,57.02,1344
2026-04-30 16:00:00,57.02,57.02,57.02,57.02,124
2026-04-30 16:15:00,54.48,54.48,53.67,54.48,630
2026-04-30 16:20:00,55.27,55.27,55.27,55.27,300
2026-05-01 08:00:00,58.08,58.08,57.9,57.9,500
2026-05-01 09:30:00,56.68,56.68,56.68,56.68,468
2026-05-01 09:35:00,57.24,57.24,57.24,57.24,281
2026-05-01 09:55:00,57.85,57.85,57.67,57.67,1600
2026-05-01 10:00:00,58.07,58.07,57.985,57.995,710
2026-05-01 10:05:00,58,58,57.965,57.965,600
2026-05-01 10:10:00,57.99,57.99,57.9398,57.9398,400
2026-05-01 10:15:00,58.09,58.09,58.09,58.09,200
2026-05-01 10:25:00,58.15,58.15,58,58,1136
2026-05-01 10:30:00,58,58,58,58,989
2026-05-01 10:40:00,57.81,57.81,57.81,57.81,100
2026-05-01 10:45:00,57.81,57.81,57.81,57.81,172
2026-05-01 11:05:00,57.5701,57.5701,57.5701,57.5701,100
2026-05-01 11:25:00,57.655,57.7099,57.655,57.7099,900
2026-05-01 11:30:00,57.81,57.81,57.81,57.81,700
2026-05-01 11:50:00,57.82,57.82,57.4,57.4,900
2026-05-01 11:55:00,57.825,57.825,57.825,57.825,100
2026-05-01 12:15:00,57.69,57.69,57.69,57.69,100
2026-05-01 13:05:00,57.46,57.46,57.46,57.46,7407
2026-05-01 13:25:00,57.52,57.52,57.52,57.52,118
2026-05-01 13:55:00,57.54,57.54,57.54,57.54,100
2026-05-01 14:00:00,57.564,57.564,57.564,57.564,500
2026-05-01 14:10:00,57.54,57.54,57.54,57.54,1000
2026-05-01 14:15:00,57.48,57.48,57.39,57.43,1190
2026-05-01 14:20:00,57.34,57.42,57.34,57.42,300
2026-05-01 14:30:00,57.52,57.52,57.52,57.52,500
2026-05-01 14:40:00,57.52,57.52,57.52,57.52,100
2026-05-01 15:55:00,57.42,57.42,57.42,57.42,1700
2026-05-01 17:10:00,54.97,54.97,54.49,54.49,400
2026-05-04 06:45:00,59.04,59.04,59.04,59.04,130
2026-05-04 06:55:00,60.22,61.75,60.22,61.75,250
2026-05-04 09:25:00,58.83,58.83,58.83,58.83,100
2026-05-04 09:30:00,59.06,59.06,58.41,58.47,4644
2026-05-04 09:35:00,58.55,58.55,58.5499,58.55,1316
2026-05-04 09:45:00,58.885,58.885,58.88,58.88,227
2026-05-04 09:50:00,58.74,58.81,58.74,58.81,1233
2026-05-04 09:55:00,58.83,58.85,58.735,58.735,739
2026-05-04 10:10:00,58.96,58.96,58.96,58.96,150
2026-05-04 10:20:00,58.975,58.975,58.975,58.975,300
2026-05-04 10:45:00,58.8901,58.8901,58.8901,58.8901,108
2026-05-04 10:50:00,58.92,58.92,58.91,58.91,300
2026-05-04 10:55:00,58.89,58.89,58.76,58.83,600
2026-05-04 11:10:00,58.55,58.55,58.55,58.55,600
2026-05-04 11:15:00,58.5,58.5,58.5,58.5,200
2026-05-04 11:20:00,58.13,58.18,58.13,58.13,7000
2026-05-04 11:50:00,57.907,57.907,57.76,57.76,999
2026-05-04 12:05:00,57.72,57.72,57.72,57.72,400
2026-05-04 12:10:00,57.7389,57.7389,57.7389,57.7389,400
2026-05-04 12:15:00,57.5174,57.8583,57.5174,57.8583,530
2026-05-04 13:05:00,57.665,57.665,57.665,57.665,312
2026-05-04 13:10:00,57.63,57.63,57.63,57.63,200
2026-05-04 13:35:00,57.83,57.83,57.83,57.83,100
2026-05-04 13:40:00,57.805,57.805,57.73,57.73,213
2026-05-04 14:20:00,57.6651,57.6651,57.6651,57.6651,500
2026-05-04 14:35:00,57.689,57.689,57.689,57.689,867
2026-05-04 14:50:00,57.635,57.659,57.635,57.635,796
2026-05-04 15:30:00,57.835,57.835,57.835,57.835,110
2026-05-04 15:40:00,57.8991,57.8991,57.8991,57.8991,105
2026-05-04 15:45:00,57.8889,57.8889,57.8889,57.8889,150
2026-05-04 15:55:00,57.855,57.98,57.855,57.98,1150
2026-05-04 16:15:00,59,59,59,59,400
2026-05-05 09:30:00,59.43,59.6295,59.41,59.62,2558
2026-05-05 09:35:00,59.61,59.88,59.59,59.88,1000
2026-05-05 09:40:00,59.83,59.85,59.77,59.77,860
2026-05-05 09:45:00,59.85,59.85,59.85,59.85,350
2026-05-05 09:55:00,59.93,59.93,59.93,59.93,131
2026-05-05 10:10:00,60.11,60.11,60.07,60.11,1521
2026-05-05 10:20:00,60.2679,60.3889,60.2679,60.3889,200
2026-05-05 10:30:00,60.41,60.41,60.41,60.41,100
2026-05-05 10:35:00,60.39,60.39,60.37,60.37,1424
2026-05-05 10:40:00,60.4,60.4,60.4,60.4,100
2026-05-05 10:45:00,60.23,60.23,60.23,60.23,148
2026-05-05 11:00:00,60.43,60.43,60.43,60.43,200
2026-05-05 11:10:00,60.6299,60.6299,60.56,60.625,300
2026-05-05 11:15:00,60.585,60.62,60.56,60.62,500
2026-05-05 11:20:00,60.63,60.63,60.565,60.59,300
2026-05-05 11:30:00,60.78,60.78,60.71,60.75,400
2026-05-05 11:35:00,60.85,60.85,60.825,60.825,200
2026-05-05 11:50:00,60.845,60.845,60.845,60.845,100
2026-05-05 12:00:00,60.75,60.75,60.75,60.75,100
2026-05-05 12:05:00,60.88,60.88,60.88,60.88,100
2026-05-05 12:25:00,60.76,60.77,60.47,60.5101,6300
2026-05-05 12:35:00,60.57,60.57,60.57,60.57,2200
2026-05-05 13:00:00,60.96,60.96,60.95,60.95,1000
2026-05-05 13:10:00,61.045,61.045,61.045,61.045,185
2026-05-05 13:15:00,61.11,61.11,61.095,61.095,200
2026-05-05 13:25:00,61.11,61.11,61.11,61.11,999
2026-05-05 13:35:00,61.11,61.11,61.055,61.055,276
2026-05-05 13:55:00,61.11,61.11,61.11,61.11,1000
2026-05-05 14:10:00,60.85,60.93,60.85,60.93,545
2026-05-05 14:15:00,60.99,60.99,60.9334,60.99,3713
2026-05-05 14:20:00,61.11,61.1299,61.0747,61.1299,3272
2026-05-05 14:25:00,61.11,61.1299,61.075,61.1299,1200
2026-05-05 14:30:00,61.11,61.11,61.11,61.11,100
2026-05-05 14:35:00,61.0579,61.0579,61.0579,61.0579,185
2026-05-05 14:40:00,61.1,61.1,61.1,61.1,250
2026-05-05 14:45:00,61.035,61.1197,61.03,61.1,1000
2026-05-05 14:50:00,61.1,61.12,61.1,61.105,800
2026-05-05 15:00:00,61.07,61.07,61.07,61.07,100
2026-05-05 15:05:00,60.925,60.925,60.925,60.925,710
2026-05-05 15:15:00,60.8,60.8,60.8,60.8,162
2026-05-05 15:20:00,60.7,60.81,60.57,60.6822,1048
2026-05-05 15:35:00,60.73,60.79,60.73,60.79,200
2026-05-05 15:45:00,60.78,60.78,60.6638,60.6638,500
2026-05-05 15:50:00,60.67,60.67,60.596,60.596,500
2026-05-05 15:55:00,60.59,60.61,60.52,60.59,1117
2026-05-05 16:00:00,60.43,60.43,60.43,60.43,5064
2026-05-05 19:30:00,61.97,61.97,61.97,61.97,299
2026-05-06 07:35:00,62.44,62.44,62.44,62.44,218
2026-05-06 09:00:00,63,63,63,63,100
2026-05-06 09:15:00,62.45,62.45,62.45,62.45,169
2026-05-06 09:30:00,62.88,62.88,62.585,62.585,1202
2026-05-06 09:35:00,62.59,62.59,62.46,62.55,1900
2026-05-06 09:40:00,62.67,62.67,62.67,62.67,200
2026-05-06 09:45:00,62.68,62.68,62.68,62.68,850
2026-05-06 09:50:00,62.76,62.76,62.71,62.71,1400
2026-05-06 09:55:00,62.82,62.84,62.82,62.84,1500
2026-05-06 10:00:00,62.68,62.68,62.49,62.49,1815
2026-05-06 10:05:00,62.19,62.19,62.06,62.15,900
2026-05-06 10:15:00,62.055,62.055,62.055,62.055,100
2026-05-06 10:20:00,62.055,62.055,62.055,62.055,100
2026-05-06 10:25:00,61.915,62.06,61.915,61.92,700
2026-05-06 10:30:00,61.97,61.97,61.97,61.97,100
2026-05-06 10:35:00,62.03,62.03,62.03,62.03,200
2026-05-06 10:45:00,62.6099,62.6099,62.6099,62.6099,330
2026-05-06 11:00:00,62.52,62.52,62.52,62.52,200
2026-05-06 11:10:00,62.6,62.6,62.6,62.6,114
2026-05-06 11:15:00,62.55,62.55,62.55,62.55,100
2026-05-06 11:30:00,62.905,62.91,62.905,62.91,965
2026-05-06 11:35:00,62.79,62.79,62.7,62.7,400
2026-05-06 11:40:00,62.78,62.7899,62.78,62.7899,200
2026-05-06 11:45:00,62.81,62.8899,62.81,62.8899,300
2026-05-06 11:50:00,62.805,62.88,62.805,62.88,200
2026-05-06 11:55:00,62.9099,62.9099,62.86,62.86,200
2026-05-06 12:00:00,62.82,62.82,62.815,62.815,400
2026-05-06 12:05:00,62.875,62.875,62.875,62.875,115
2026-05-06 12:15:00,63.17,63.17,62.775,62.775,330
2026-05-06 12:40:00,62.95,62.95,62.78,62.78,1100
2026-05-06 12:45:00,62.85,62.85,62.63,62.63,300
2026-05-06 12:50:00,62.78,62.79,62.68,62.68,300
2026-05-06 12:55:00,62.78,62.78,62.62,62.62,500
2026-05-06 13:00:00,62.78,62.78,62.78,62.78,174
2026-05-06 13:05:00,62.75,62.77,62.75,62.77,500
2026-05-06 13:15:00,62.67,62.67,62.67,62.67,300
2026-05-06 13:50:00,62.77,62.88,62.77,62.79,500
2026-05-06 13:55:00,62.79,62.79,62.79,62.79,700
2026-05-06 14:10:00,62.93,62.93,62.905,62.905,200
2026-05-06 14:15:00,63.025,63.1,63.005,63.025,700
2026-05-06 14:20:00,63.015,63.015,63.015,63.015,266
2026-05-06 14:25:00,63.1299,63.1299,63.1299,63.1299,166
2026-05-06 14:35:00,63.2594,63.2594,63.205,63.205,352
2026-05-06 14:40:00,63.165,63.165,63.15,63.15,493
2026-05-06 14:45:00,63.175,63.175,63.155,63.155,1700
2026-05-06 14:55:00,63.06,63.189,62.97,63.189,995
2026-05-06 15:00:00,63.17,63.17,63.17,63.17,105
2026-05-06 15:05:00,63.16,63.175,63.135,63.175,2630
2026-05-06 15:10:00,63.175,63.27,63.165,63.185,1336
2026-05-06 15:15:00,63.32,63.32,63.2,63.2,1312
2026-05-06 15:20:00,63.34,63.34,63.34,63.34,126
2026-05-06 15:30:00,63.31,63.32,63.31,63.31,4168
2026-05-06 15:40:00,63.285,63.285,63.22,63.22,285
2026-05-06 15:45:00,63.16,63.16,63.16,63.16,158
2026-05-06 15:50:00,63.235,63.28,63.235,63.28,200
2026-05-06 15:55:00,63.22,63.22,63.21,63.21,547
2026-05-07 07:25:00,63.9,64.5,63.79,64.5,1500
2026-05-07 09:00:00,63.24,63.24,63.21,63.21,400
2026-05-07 09:05:00,63.01,63.01,63,63,200
2026-05-07 09:30:00,62.95,62.95,62.66,62.66,723
2026-05-07 09:35:00,62.61,62.61,62.61,62.61,200
2026-05-07 09:40:00,62.65,62.7046,62.54,62.54,7820
2026-05-07 09:55:00,62.69,62.69,62.69,62.69,300
2026-05-07 10:05:00,62.625,62.625,62.625,62.625,430
2026-05-07 10:10:00,62.61,62.61,62.6,62.6,200
2026-05-07 10:15:00,62.65,62.65,62.65,62.65,100
2026-05-07 10:45:00,62.67,62.67,62.67,62.67,200
2026-05-07 10:55:00,62.8,62.8,62.8,62.8,100
2026-05-07 11:00:00,62.85,62.86,62.755,62.755,1607
2026-05-07 11:05:00,62.675,62.675,62.675,62.675,100
2026-05-07 11:20:00,62.62,62.62,62.62,62.62,100
2026-05-07 11:30:00,62.32,62.36,62.32,62.36,900
2026-05-07 11:40:00,62.513,62.513,62.513,62.513,150
2026-05-07 11:45:00,62.25,62.25,62.25,62.25,100
2026-05-07 12:15:00,62,62,62,62,131
2026-05-07 12:20:00,61.815,61.8201,61.815,61.8201,1100
2026-05-07 12:30:00,62.06,62.06,62.06,62.06,100
2026-05-07 12:55:00,61.72,61.72,61.7,61.7,500
2026-05-07 13:00:00,61.825,61.825,61.825,61.825,100
2026-05-07 13:05:00,61.76,61.7601,61.76,61.7601,1000
2026-05-07 13:10:00,61.6201,61.6201,61.6201,61.6201,400
2026-05-07 13:20:00,61.64,61.64,61.64,61.64,100
2026-05-07 13:25:00,61.5,61.5,61.5,61.5,134
2026-05-07 13:30:00,61.425,61.425,61.425,61.425,162
2026-05-07 13:55:00,61.45,61.45,61.45,61.45,2852
2026-05-07 14:25:00,61.64,61.64,61.64,61.64,500
2026-05-07 14:45:00,61.45,61.45,61.355,61.355,250
2026-05-07 14:50:00,61.2908,61.2908,61.2908,61.2908,200
2026-05-07 14:55:00,61.65,61.65,61.565,61.565,327
2026-05-07 15:10:00,61.68,61.68,61.68,61.68,404
2026-05-07 15:30:00,61.44,61.525,61.43,61.43,500
2026-05-07 15:35:00,61.47,61.49,61.47,61.49,400
2026-05-07 15:50:00,61.465,61.465,61.465,61.465,150
2026-05-07 15:55:00,61.45,61.45,61.45,61.45,100
2026-05-07 16:00:00,61.36,61.36,61.36,61.36,219
2026-05-08 09:25:00,63.1,63.12,63.1,63.12,1400
2026-05-08 09:30:00,63.96,63.96,63.255,63.45,1168
2026-05-08 09:35:00,63.7651,63.7651,63.7651,63.7651,156
2026-05-08 09:40:00,63.628,64.01,63.628,63.775,3000
2026-05-08 09:45:00,63.97,64,63.97,64,400
2026-05-08 09:50:00,63.825,63.97,63.825,63.97,350
2026-05-08 09:55:00,64,64,64,64,100
2026-05-08 10:00:00,64,64,64,64,200
2026-05-08 10:05:00,63.77,63.77,63.77,63.77,300
2026-05-08 10:10:00,63.85,63.85,63.71,63.71,3100
2026-05-08 10:30:00,64.0365,64.04,64.0365,64.04,334
2026-05-08 10:40:00,63.96,64.055,63.96,64.055,606
2026-05-08 10:45:00,64.065,64.065,64.065,64.065,100
2026-05-08 10:50:00,64.11,64.11,64.01,64.08,2400
2026-05-08 10:55:00,63.9079,63.9079,63.9079,63.9079,150
2026-05-08 11:00:00,64.01,64.01,64.01,64.01,117
2026-05-08 11:05:00,64.32,64.33,64.32,64.325,5029
2026-05-08 11:10:00,64.195,64.195,64.195,64.195,100
2026-05-08 11:15:00,63.7,63.7,63.7,63.7,500
2026-05-08 11:20:00,64.17,64.22,64.17,64.22,3200
2026-05-08 11:35:00,64.15,64.26,64.15,64.2299,2000
2026-05-08 11:40:00,64.27,64.29,64.12,64.12,500
2026-05-08 11:45:00,64.11,64.11,64.11,64.11,200
2026-05-08 12:05:00,64.46,64.46,64.46,64.46,100
2026-05-08 12:30:00,64.645,64.645,64.645,64.645,150
2026-05-08 13:45:00,64.83,64.83,64.83,64.83,100
2026-05-08 14:00:00,64.62,64.62,64.62,64.62,100
2026-05-08 14:25:00,64.875,64.875,64.875,64.875,100
2026-05-08 14:35:00,64.875,64.875,64.75,64.75,350
2026-05-08 14:55:00,64.9,64.919,64.9,64.919,1400
2026-05-08 15:05:00,64.99,64.99,64.99,64.99,100
2026-05-08 15:10:00,65.05,65.05,65.05,65.05,500
2026-05-08 15:35:00,64.99,64.99,64.845,64.845,300
2026-05-08 15:40:00,64.87,64.87,64.87,64.87,232
2026-05-08 15:45:00,64.8,64.8,64.8,64.8,123
2026-05-08 15:50:00,64.758,64.758,64.758,64.758,154
2026-05-08 15:55:00,64.7001,64.7001,64.7001,64.7001,300
2026-05-08 16:00:00,65.03,65.03,65.03,65.03,134
2026-05-08 17:30:00,66,66,66,66,297
2026-05-08 17:45:00,66.57,66.57,66.57,66.57,500
2026-05-11 07:15:00,67.9,67.9,67.9,67.9,100
2026-05-11 09:30:00,64.45,64.96,64.45,64.875,2600
2026-05-11 09:35:00,64.9,64.9,64.9,64.9,100
2026-05-11 09:40:00,64.655,65.04,64.655,65.04,712
2026-05-11 09:45:00,64.87,65.07,64.87,65.01,600
2026-05-11 09:50:00,64.69,64.69,64.69,64.69,571
2026-05-11 09:55:00,64.62,64.62,64.56,64.56,1400
2026-05-11 10:00:00,64.5,64.5,64.5,64.5,154
2026-05-11 10:05:00,64.6211,64.8,64.6211,64.72,1040
2026-05-11 10:25:00,64.665,64.665,64.665,64.665,100
2026-05-11 10:30:00,64.51,64.51,64.51,64.51,200
2026-05-11 10:35:00,64.74,64.88,64.65,64.8799,1400
2026-05-11 10:40:00,64.86,64.86,64.86,64.86,165
2026-05-11 10:50:00,64.98,65.01,64.97,64.97,469
2026-05-11 10:55:00,65.1,65.1,65.1,65.1,125
2026-05-11 11:05:00,65,65,64.985,64.985,300
2026-05-11 11:10:00,64.875,64.875,64.875,64.875,100
2026-05-11 11:15:00,64.865,64.95,64.865,64.95,300
2026-05-11 11:20:00,65.025,65.025,65.025,65.025,100
2026-05-11 11:25:00,65.22,65.22,65.22,65.22,153
2026-05-11 11:30:00,65.1301,65.1301,65.1301,65.1301,271
2026-05-11 11:40:00,65.26,65.26,65.26,65.26,200
2026-05-11 11:45:00,65.27,65.27,65.175,65.175,300
2026-05-11 11:50:00,65.35,65.35,65.35,65.35,100
2026-05-11 12:00:00,65.39,65.39,65.39,65.39,1200
2026-05-11 12:05:00,65.42,65.42,65.36,65.36,300
2026-05-11 12:10:00,65.47,65.47,65.43,65.45,600
2026-05-11 12:15:00,65.33,65.33,65.31,65.31,200
2026-05-11 12:20:00,65.3,65.3,65.26,65.26,1096
2026-05-11 12:25:00,65.16,65.16,65.16,65.16,100
2026-05-11 12:35:00,65.1,65.1,65.1,65.1,232
2026-05-11 12:40:00,65.04,65.05,64.725,64.725,700
2026-05-11 12:45:00,64.97,65.17,64.97,65.06,2417
2026-05-11 13:00:00,65.07,65.15,64.905,64.9396,1872
2026-05-11 13:05:00,65.03,65.03,65.01,65.01,800
2026-05-11 13:10:00,65.01,65.01,65.01,65.01,100
2026-05-11 13:25:00,65.03,65.03,65.03,65.03,2200
2026-05-11 13:35:00,65.22,65.22,65.22,65.22,101
2026-05-11 13:40:00,64.9501,64.9501,64.9501,64.9501,100
2026-05-11 13:45:00,65.29,65.31,65.1629,65.3,1000
2026-05-11 14:00:00,65.17,65.2,65.16,65.16,2600
2026-05-11 14:25:00,65.17,65.25,65.17,65.25,300
2026-05-11 14:35:00,65.25,65.265,65.12,65.13,5147
2026-05-11 14:40:00,65.1,65.12,65.1,65.11,800
2026-05-11 14:50:00,65.15,65.25,65.15,65.25,3559
2026-05-11 15:00:00,65.01,65.01,65.01,65.01,100
2026-05-11 15:05:00,65.16,65.16,65.13,65.13,1320
2026-05-11 15:10:00,65.01,65.01,65.01,65.01,100
2026-05-11 15:20:00,65.05,65.05,65.05,65.05,100
2026-05-11 15:25:00,65.01,65.01,64.87,64.885,6400
2026-05-11 15:30:00,64.88,65.01,64.8,64.97,5903
2026-05-11 15:35:00,64.93,64.93,64.93,64.93,26733
2026-05-11 15:40:00,64.83,64.83,64.8,64.8,500
2026-05-11 15:55:00,65.01,65.01,65.01,65.01,100
2026-05-11 16:00:00,65.01,65.01,65.01,65.01,103
2026-05-11 16:20:00,65.06,65.06,64,64,1545
2026-05-11 16:35:00,64.05,64.05,64.05,64.05,600
2026-05-11 16:50:00,63,64.5,63,64.5,2926
2026-05-11 17:05:00,64.3,64.3,64.3,64.3,975
2026-05-12 04:00:00,62,62,62,62,100
2026-05-12 04:55:00,60.18,60.18,60.18,60.18,200
2026-05-12 05:00:00,60.54,60.54,60.54,60.54,200
2026-05-12 09:30:00,61.59,61.64,61.3,61.555,6831
2026-05-12 09:40:00,62.26,62.26,62.26,62.26,214
2026-05-12 09:50:00,61.88,61.88,61.695,61.695,464
2026-05-12 09:55:00,61.509,61.509,60.53,60.98,20896
2026-05-12 10:00:00,61.24,61.24,61.24,61.24,100
2026-05-12 10:05:00,61.1,61.1,61.07,61.07,14582
2026-05-12 10:10:00,61.18,61.35,61.18,61.33,1200
2026-05-12 10:20:00,61.05,61.05,61.04,61.04,400
2026-05-12 10:30:00,60.6,60.7,60.47,60.48,1324
2026-05-12 10:35:00,60.4087,60.6,60.4087,60.59,1652
2026-05-12 10:40:00,61,61.03,60.92,60.92,600
2026-05-12 10:45:00,60.76,60.76,60.76,60.76,200
2026-05-12 10:50:00,60.46,60.55,60.46,60.55,1500
2026-05-12 10:55:00,60.42,60.42,60.15,60.15,4721
2026-05-12 11:00:00,60.16,60.16,60.01,60.01,2100
2026-05-12 11:10:00,60.14,60.14,60.005,60.01,10538
2026-05-12 11:15:00,59.855,59.855,59.655,59.655,4108
2026-05-12 11:20:00,59.73,59.73,59.63,59.63,5995
2026-05-12 11:25:00,59.54,59.54,59.45,59.46,1719
2026-05-12 11:30:00,59.5,59.67,59.5,59.67,300
2026-05-12 11:35:00,59.6,59.6,59.6,59.6,117
2026-05-12 11:55:00,59.5,59.52,59.5,59.5,3800
2026-05-12 12:20:00,59.58,59.58,59.57,59.57,600
2026-05-12 12:50:00,59.02,59.0699,59.01,59.01,420
2026-05-12 13:00:00,59.19,59.19,59.19,59.19,180
2026-05-12 13:10:00,59.42,59.42,59.42,59.42,117
2026-05-12 13:25:00,59.81,59.81,59.81,59.81,100
2026-05-12 13:30:00,59.77,59.77,59.77,59.77,300
2026-05-12 13:50:00,59.91,59.91,59.91,59.91,274
2026-05-12 14:15:00,60.0899,60.0899,60.0899,60.0899,150
2026-05-12 14:45:00,60.0734,60.0734,60.0734,60.0734,415
2026-05-12 14:55:00,60.15,60.15,60.15,60.15,100
2026-05-12 15:20:00,60.32,60.32,60.32,60.32,200
2026-05-12 15:25:00,60.305,60.305,60.2,60.2,6571
2026-05-12 15:40:00,60.38,60.38,60.38,60.38,300
2026-05-12 15:45:00,60.416,60.416,60.416,60.416,150
2026-05-12 15:55:00,60.4,60.475,60.3,60.3,1000
2026-05-13 05:30:00,62.26,62.26,62.26,62.26,109
2026-05-13 09:30:00,62.34,62.3599,62.03,62.03,1803
2026-05-13 09:35:00,62,62,61.43,61.43,579
2026-05-13 09:40:00,61.93,62.07,61.93,62.07,600
2026-05-13 09:45:00,61.9,61.91,61.5384,61.5384,1342
2026-05-13 09:50:00,62.09,62.09,62.09,62.09,147
2026-05-13 09:55:00,61.92,61.92,61.92,61.92,193
2026-05-13 10:05:00,61.995,61.995,61.995,61.995,135
2026-05-13 10:10:00,62.05,62.05,62.05,62.05,105
2026-05-13 10:15:00,62.05,62.06,62.02,62.02,2408
2026-05-13 10:20:00,62.37,62.37,62.37,62.37,322
2026-05-13 10:30:00,62.5858,62.5858,62.5858,62.5858,100
2026-05-13 10:35:00,62.65,62.665,62.65,62.665,300
2026-05-13 10:40:00,62.695,62.695,62.695,62.695,100
2026-05-13 11:25:00,62.575,62.575,62.55,62.55,420
2026-05-13 11:40:00,62.855,62.855,62.855,62.855,303
2026-05-13 11:50:00,62.81,62.81,62.81,62.81,200
2026-05-13 12:10:00,62.93,62.93,62.93,62.93,7946
2026-05-13 12:45:00,63.0199,63.0199,62.935,62.935,2500
2026-05-13 12:55:00,62.9701,62.9701,62.9701,62.9701,177
2026-05-13 13:30:00,63.335,63.335,63.25,63.25,200
2026-05-13 13:45:00,63.02,63.02,63.02,63.02,1430
2026-05-13 13:55:00,63.1,63.1,62.9401,62.9401,1093
2026-05-13 14:20:00,63.21,63.21,63.21,63.21,1589
2026-05-13 14:25:00,63.225,63.225,63.225,63.225,158
2026-05-13 14:35:00,63.14,63.14,63.14,63.14,100
2026-05-13 14:45:00,62.92,62.95,62.86,62.93,1300
2026-05-13 14:55:00,63,63,63,63,150
2026-05-13 15:20:00,63.12,63.12,63.12,63.12,400
2026-05-13 15:25:00,63.2,63.2,63.2,63.2,600
2026-05-13 15:35:00,63.26,63.3199,63.2,63.2,4160
2026-05-13 15:40:00,63.2,63.2,63.2,63.2,400
2026-05-13 15:55:00,63.245,63.245,63.11,63.13,900
2026-05-13 16:00:00,63.28,63.28,63.12,63.12,314
2026-05-14 09:25:00,63.35,63.35,63.35,63.35,141
2026-05-14 09:30:00,63.28,63.28,63.24,63.24,1713
2026-05-14 09:35:00,63.55,63.61,63.55,63.61,261
2026-05-14 09:45:00,63.86,63.86,63.85,63.855,500
2026-05-14 09:50:00,63.62,63.655,63.6144,63.655,760
2026-05-14 09:55:00,63.53,63.64,63.44,63.44,2049
2026-05-14 10:25:00,63.52,63.52,63.52,63.52,200
2026-05-14 10:30:00,63.68,63.68,63.68,63.68,200
2026-05-14 10:40:00,63.685,63.685,63.685,63.685,100
2026-05-14 10:50:00,63.68,63.68,63.68,63.68,100
2026-05-14 11:55:00,63.78,63.84,63.78,63.84,800
2026-05-14 12:15:00,63.98,63.98,63.98,63.98,150
2026-05-14 12:25:00,63.9,63.9,63.74,63.74,400
2026-05-14 12:35:00,63.8,63.8,63.74,63.74,389
2026-05-14 12:50:00,63.86,63.86,63.86,63.86,400
2026-05-14 13:00:00,63.8995,63.8995,63.88,63.88,2545
2026-05-14 13:15:00,63.61,63.61,63.61,63.61,100
2026-05-14 13:30:00,63.735,63.735,63.735,63.735,150
2026-05-14 15:10:00,63.9,63.9,63.9,63.9,150
2026-05-14 15:35:00,63.83,63.83,63.83,63.83,250
2026-05-14 16:00:00,63.73,63.73,63.73,63.73,199
2026-05-15 09:25:00,60.17,60.17,60.16,60.16,400
2026-05-15 09:30:00,59.77,59.78,59.5,59.65,3115
2026-05-15 09:55:00,59.37,59.44,59.37,59.44,343
2026-05-15 10:00:00,59.33,59.33,59.33,59.33,200
2026-05-15 10:10:00,59.495,59.865,59.47,59.865,3766
2026-05-15 10:20:00,60.185,60.185,60.185,60.185,140
2026-05-15 12:45:00,60.215,60.215,60.215,60.215,100
2026-05-15 13:45:00,60.26,60.26,60.26,60.26,149
2026-05-15 14:10:00,60.42,60.42,60.42,60.42,100
2026-05-15 14:35:00,60.08,60.12,60.075,60.12,750
2026-05-15 15:15:00,59.94,60.02,59.94,59.94,1809
2026-05-15 15:50:00,59.89,59.92,59.89,59.9199,2562
2026-05-15 15:55:00,59.76,59.76,59.7,59.7,741
2026-05-15 16:30:00,62.59,62.59,62.59,62.59,100
2026-05-18 09:30:00,60.89,60.94,60.8,60.82,4028
2026-05-18 09:35:00,60.68,60.7,60.44,60.44,2343
2026-05-18 09:40:00,60.26,60.26,60.25,60.26,1224
2026-05-18 09:45:00,59.955,60.2,59.955,60.2,767
2026-05-18 09:50:00,60.42,60.44,60.42,60.44,600
2026-05-18 10:00:00,60.0064,60.0064,60.0064,60.0064,150
2026-05-18 10:05:00,59.83,60.12,59.83,60.12,3302
2026-05-18 10:30:00,59.71,59.71,59.71,59.71,100
2026-05-18 10:45:00,59.71,59.71,59.47,59.47,367
2026-05-18 10:55:00,59.58,59.72,59.55,59.72,407
2026-05-18 11:20:00,59.5,59.5,59.4,59.45,800
2026-05-18 11:30:00,59.34,59.34,59.31,59.31,200
2026-05-18 11:45:00,59.62,59.62,59.62,59.62,490
2026-05-18 11:55:00,59.58,59.58,59.58,59.58,400
2026-05-18 12:00:00,59.48,59.48,59.48,59.48,100
2026-05-18 12:25:00,59.42,59.42,59.22,59.22,300
2026-05-18 12:35:00,58.96,58.96,58.96,58.96,1487
2026-05-18 12:40:00,59.19,59.19,58.94,58.96,2586
2026-05-18 12:45:00,59.025,59.03,58.95,58.9601,1900
2026-05-18 12:50:00,59.1118,59.1118,59.1118,59.1118,100
2026-05-18 12:55:00,59.2101,59.2101,59.2101,59.2101,200
2026-05-18 13:20:00,59.05,59.05,59.05,59.05,200
2026-05-18 13:25:00,59.16,59.16,59.16,59.16,100
2026-05-18 14:00:00,58.95,58.95,58.95,58.95,300
2026-05-18 14:05:00,58.95,58.95,58.915,58.915,2800
2026-05-18 14:10:00,58.905,58.95,58.905,58.95,550
2026-05-18 14:15:00,58.95,58.95,58.94,58.94,2700
2026-05-18 14:25:00,58.81,58.81,58.64,58.64,7150
2026-05-18 14:40:00,58.59,58.665,58.59,58.59,1800
2026-05-18 14:45:00,58.62,58.63,58.615,58.615,5400
2026-05-18 14:55:00,58.59,58.59,58.58,58.58,800
2026-05-18 15:00:00,58.96,59.32,58.96,59.32,2900
2026-05-18 15:05:00,59.22,59.22,59.07,59.07,2300
2026-05-18 15:15:00,59.08,59.08,59.08,59.08,2010
2026-05-18 15:50:00,59.7,59.7,59.7,59.7,100
2026-05-18 16:00:00,59.56,59.56,59.56,59.56,153
2026-05-19 09:25:00,56.88,56.88,56.88,56.88,152
2026-05-19 09:30:00,56.87,57.2606,56.87,57.2606,4153
2026-05-19 09:35:00,57.76,57.76,57.76,57.76,200
2026-05-19 09:40:00,57.77,57.77,57.62,57.66,900
2026-05-19 09:45:00,57.46,57.5144,57.46,57.5144,200
2026-05-19 09:55:00,57.87,57.87,57.87,57.87,125
2026-05-19 10:00:00,57.27,57.27,57.27,57.27,200
2026-05-19 10:05:00,57.11,57.1999,56.8,56.85,1098
2026-05-19 10:10:00,56.97,56.97,56.95,56.95,250
2026-05-19 10:15:00,56.61,56.61,56.61,56.61,100
2026-05-19 10:20:00,56.74,56.74,56.74,56.74,200
2026-05-19 10:30:00,56.96,56.96,56.96,56.96,100
2026-05-19 10:40:00,57.175,57.175,57.13,57.13,300
2026-05-19 10:45:00,56.97,57.0394,56.97,57.0394,600
2026-05-19 10:55:00,57.2674,57.585,57.2674,57.585,1766
2026-05-19 11:00:00,57.566,57.77,57.566,57.77,573
2026-05-19 11:15:00,57.9955,58.0001,57.9955,58.0001,307
2026-05-19 11:40:00,58.13,58.13,58.13,58.13,493
2026-05-19 12:00:00,58.37,58.37,58.34,58.36,400
2026-05-19 12:05:00,58.23,58.23,58.23,58.23,100
2026-05-19 12:40:00,59.095,59.095,59.095,59.095,500
2026-05-19 12:45:00,59.085,59.085,59.085,59.085,169
2026-05-19 13:10:00,59.5,59.5,59.5,59.5,100
2026-05-19 13:35:00,59.31,59.31,59.28,59.28,200
2026-05-19 13:40:00,59.34,59.34,59.28,59.295,400
2026-05-19 13:45:00,59.05,59.051,59.05,59.0501,1699
2026-05-19 14:00:00,59.27,59.27,59.27,59.27,175
2026-05-19 14:05:00,59.4,59.4,59.4,59.4,200
2026-05-19 14:15:00,59.482,59.482,59.482,59.482,100
2026-05-19 14:25:00,59.3211,59.3211,59.3211,59.3211,100
2026-05-19 14:35:00,59.32,59.32,59.32,59.32,100
2026-05-19 15:05:00,58.93,58.93,58.93,58.93,200
2026-05-19 15:10:00,59,59,59,59,100
2026-05-19 15:55:00,58.54,58.55,58.54,58.55,200
2026-05-19 16:00:00,58.33,58.33,58.33,58.33,548
2026-05-20 09:30:00,58.62,58.62,58.62,58.62,553
2026-05-20 09:40:00,58.82,58.93,58.82,58.85,1052
2026-05-20 09:45:00,59.09,59.09,59.09,59.09,200
2026-05-20 10:00:00,58.95,58.95,58.95,58.95,169
2026-05-20 10:05:00,59.46,59.46,59.46,59.46,308
2026-05-20 10:10:00,59.29,59.29,59.25,59.28,600
2026-05-20 10:25:00,59.7509,59.7509,59.7509,59.7509,140
2026-05-20 10:35:00,59.87,60.0899,59.87,60.0899,328
2026-05-20 11:00:00,60.2399,60.2399,60.2399,60.2399,300
2026-05-20 11:15:00,59.98,60.5,59.97,60.5,1157
2026-05-20 11:45:00,60.3101,60.4,60.19,60.2649,5313
2026-05-20 12:25:00,59.95,59.95,59.95,59.95,416
2026-05-20 12:40:00,59.85,60.075,59.85,60.075,200
2026-05-20 13:35:00,60.0847,60.0847,60.0847,60.0847,670
2026-05-20 14:25:00,60.11,60.11,60.11,60.11,100
2026-05-20 15:00:00,60.21,60.21,60.21,60.21,200
2026-05-20 15:20:00,60.28,60.28,60.21,60.21,450
2026-05-20 15:45:00,60.28,60.28,60.278,60.278,1100
2026-05-20 15:55:00,60.305,60.305,60.26,60.29,707
2026-05-20 16:00:00,60.52,60.52,60.52,60.52,126
2026-05-21 05:20:00,62.48,63.98,62.48,63.98,250
2026-05-21 09:25:00,61.36,61.36,61.18,61.2,1300
2026-05-21 09:30:00,62.38,62.38,61.025,61.25,3514
2026-05-21 09:35:00,61.46,61.46,61.29,61.29,699
2026-05-21 09:45:00,61.345,61.345,61.345,61.345,100
2026-05-21 10:05:00,61.55,61.55,61.55,61.55,890
2026-05-21 10:50:00,61.3385,61.3385,61.07,61.07,507
2026-05-21 11:10:00,61.24,61.24,61.24,61.24,100
2026-05-21 11:30:00,61.25,61.25,61.24,61.24,300
2026-05-21 12:00:00,61.28,61.28,61.28,61.28,100
2026-05-21 12:05:00,61.33,61.33,61.3,61.3,400
2026-05-21 12:25:00,61.3299,61.3299,61.3299,61.3299,652
2026-05-21 13:15:00,61.95,61.95,61.95,61.95,370
2026-05-21 13:25:00,61.98,61.98,61.98,61.98,150
2026-05-21 14:15:00,62.3,62.3,62.3,62.3,450
2026-05-21 15:05:00,61.9,61.9,61.85,61.88,700
2026-05-21 15:25:00,62.39,62.39,62.37,62.37,400
2026-05-21 15:45:00,62.0901,62.0901,62.0901,62.0901,553
2026-05-21 16:00:00,62.31,62.31,62.31,62.31,109
2026-05-22 09:30:00,62.98,62.98,62.98,62.98,139
2026-05-22 09:50:00,62.355,62.355,62.355,62.355,100
2026-05-22 10:50:00,62.74,62.74,62.74,62.74,100
2026-05-22 11:10:00,62.67,62.67,62.67,62.67,200
2026-05-22 11:20:00,62.5501,62.58,62.47,62.47,4496
2026-05-22 11:25:00,62.483,62.483,62.483,62.483,127
2026-05-22 11:30:00,62.655,62.655,62.655,62.655,2626
2026-05-22 11:45:00,62.625,62.625,62.625,62.625,1498
2026-05-22 12:00:00,62.48,62.48,62.48,62.48,100
2026-05-22 12:05:00,62.49,62.49,62.4801,62.4801,435
2026-05-22 12:10:00,62.545,62.545,62.545,62.545,798
2026-05-22 12:15:00,62.49,62.49,62.49,62.49,100
2026-05-22 13:35:00,62.55,62.55,62.55,62.55,435
2026-05-22 14:15:00,62.5,62.5,62.5,62.5,100
2026-05-22 15:20:00,62.16,62.16,62.16,62.16,700
2026-05-22 15:30:00,61.93,61.93,61.93,61.93,386
2026-05-22 15:40:00,61.815,61.815,61.7001,61.7001,1500
2026-05-22 15:55:00,61.74,61.74,61.7,61.7,400