2026-04-22 05:40:00,30.6,30.6,30.6,30.6,306
2026-04-22 07:00:00,32.1893,32.1893,32.1893,32.1893,300
2026-04-22 09:15:00,31.23,31.23,31.23,31.23,163
2026-04-22 09:30:00,30.79,30.86,29.7,30,2673
2026-04-22 09:40:00,29.5,29.5,29.2736,29.315,337
2026-04-22 09:45:00,29.3,29.44,29,29,861
2026-04-22 09:55:00,28,28.4299,28,28,362
2026-04-22 10:05:00,28.37,28.37,28.32,28.32,290
2026-04-22 10:25:00,28.755,28.8,28.755,28.8,870
2026-04-22 10:35:00,29.52,29.52,29.52,29.52,100
2026-04-22 11:50:00,28.65,28.65,28.65,28.65,106
2026-04-22 11:55:00,28.77,28.77,28.77,28.77,131
2026-04-22 12:05:00,28.8285,28.8285,28.8285,28.8285,230
2026-04-22 12:35:00,29.16,29.38,29.16,29.38,500
2026-04-22 13:05:00,30.14,30.2199,30.055,30.2199,500
2026-04-22 13:10:00,29.63,29.89,29.51,29.51,1049
2026-04-22 13:20:00,29.71,29.71,29.71,29.71,153
2026-04-22 13:45:00,29.765,29.765,29.765,29.765,230
2026-04-22 15:00:00,29.41,29.41,29.41,29.41,200
2026-04-22 15:55:00,28.88,29.12,28.82,29.12,3411
2026-04-22 16:20:00,28.8301,28.88,28.8301,28.88,770
2026-04-23 04:00:00,30.55,30.55,30.55,30.55,100
2026-04-23 09:30:00,29.72,29.72,29.72,29.72,200
2026-04-23 09:40:00,29.96,29.96,29.96,29.96,197
2026-04-23 10:00:00,30.73,30.755,30.65,30.65,1550
2026-04-23 10:05:00,30.19,30.19,30.19,30.19,601
2026-04-23 10:55:00,28.97,28.97,28.97,28.97,880
2026-04-23 11:05:00,29.19,29.19,29.1301,29.1301,200
2026-04-23 11:45:00,28.93,28.93,28.93,28.93,300
2026-04-23 13:30:00,30.3,30.33,30,30.33,500
2026-04-23 13:40:00,30.82,30.82,30.82,30.82,291
2026-04-23 15:55:00,31.29,31.29,31.29,31.29,100
2026-04-24 04:00:00,30.13,30.62,30.13,30.62,1400
2026-04-24 04:20:00,30,30,30,30,100
2026-04-24 09:30:00,29.6098,29.6098,29.6098,29.6098,100
2026-04-24 09:45:00,30.315,30.315,30.315,30.315,114
2026-04-24 09:55:00,31.29,31.29,31.29,31.29,100
2026-04-24 10:00:00,31.29,31.29,31.29,31.29,200
2026-04-24 10:35:00,31.77,31.77,31.77,31.77,100
2026-04-24 14:50:00,31.8083,31.8083,31.8083,31.8083,100
2026-04-24 15:35:00,31.805,31.805,31.805,31.805,150
2026-04-27 04:00:00,31.61,31.61,31.55,31.55,340
2026-04-27 04:10:00,31.61,31.61,31.61,31.61,100
2026-04-27 09:35:00,31.9,31.9,31.9,31.9,300
2026-04-27 09:50:00,32.18,32.18,32.1216,32.1216,1090
2026-04-27 10:25:00,31.19,31.19,31.19,31.19,100
2026-04-27 10:45:00,30.165,30.165,30.165,30.165,100
2026-04-27 11:15:00,32.3393,32.3393,32.33,32.33,1217
2026-04-27 11:30:00,32.2907,32.3,32.29,32.3,1117
2026-04-27 11:35:00,32.5,32.5,32.5,32.5,200
2026-04-27 12:00:00,32.83,32.83,32.83,32.83,111
2026-04-27 12:20:00,32.485,32.8,32.485,32.8,1212
2026-04-27 13:00:00,32.32,32.32,32.32,32.32,1100
2026-04-27 13:30:00,31.665,31.665,31.665,31.665,100
2026-04-27 13:35:00,31.9,31.9,31.9,31.9,500
2026-04-27 13:45:00,31.75,31.89,31.75,31.89,700
2026-04-27 13:50:00,31.81,31.81,31.81,31.81,300
2026-04-28 07:15:00,34,34,34,34,100
2026-04-28 08:40:00,34.16,34.16,34.16,34.16,100
2026-04-28 09:10:00,34.46,34.46,34.46,34.46,100
2026-04-28 09:30:00,34.89,34.89,34.89,34.89,320
2026-04-28 09:35:00,34.26,34.26,34.26,34.26,200
2026-04-28 10:50:00,36,36,36,36,150
2026-04-28 10:55:00,35.89,35.89,35.89,35.89,160
2026-04-28 11:05:00,35.5,35.71,35.5,35.71,700
2026-04-28 11:20:00,34.58,34.58,34.58,34.58,700
2026-04-28 12:10:00,34.675,34.675,34.675,34.675,100
2026-04-28 15:05:00,33.75,33.75,33.75,33.75,150
2026-04-29 08:10:00,33,33,33,33,100
2026-04-29 09:30:00,33.71,33.71,33.71,33.71,270
2026-04-29 09:50:00,35.08,35.08,35.08,35.08,100
2026-04-29 11:55:00,36.47,36.47,36.47,36.47,123
2026-04-29 12:00:00,36.6,36.6,36.6,36.6,177
2026-04-29 14:20:00,37.53,37.53,37.53,37.53,180
2026-04-29 15:40:00,37.35,37.35,37.35,37.35,1000
2026-04-30 10:40:00,35.17,35.17,35.17,35.17,100
2026-04-30 11:00:00,34.2,34.2,34.2,34.2,100
2026-04-30 11:20:00,33.37,33.37,33.37,33.37,100
2026-04-30 12:10:00,33.37,33.37,33.37,33.37,140
2026-04-30 15:20:00,33.36,33.36,33.36,33.36,500
2026-04-30 15:30:00,33.34,33.34,33.34,33.34,500
2026-05-01 09:30:00,31.6688,31.6688,31.66,31.66,1100
2026-05-01 09:35:00,30.68,30.68,30.68,30.68,700
2026-05-01 09:45:00,30.68,30.68,30.68,30.68,300
2026-05-01 09:50:00,30.57,30.57,29.88,29.91,1260
2026-05-01 10:05:00,29.825,29.825,29.825,29.825,100
2026-05-01 10:10:00,29.82,29.82,29.4552,29.4552,1300
2026-05-01 10:15:00,29,29,29,29,100
2026-05-01 10:20:00,29,29,29,29,100
2026-05-01 10:25:00,29.535,29.535,29.535,29.535,500
2026-05-01 10:35:00,29,29,29,29,232
2026-05-01 10:45:00,29,29,29,29,100
2026-05-01 10:50:00,28.892,28.892,28.78,28.78,2000
2026-05-01 11:10:00,28.64,28.64,28.64,28.64,250
2026-05-01 11:35:00,28.29,28.3723,28.29,28.3723,1100
2026-05-01 12:20:00,29.37,29.37,29.37,29.37,100
2026-05-01 12:55:00,28.69,28.99,28.69,28.905,700
2026-05-01 13:15:00,28.41,28.42,28.41,28.415,3406
2026-05-01 13:20:00,28.41,28.435,28.41,28.41,700
2026-05-01 13:55:00,28,28,28,28,1500
2026-05-01 14:00:00,28.17,28.17,28.17,28.17,100
2026-05-01 15:30:00,28.705,28.705,28.705,28.705,1000
2026-05-01 15:35:00,28.61,28.673,28.61,28.673,850
2026-05-01 15:45:00,28.86,28.86,28.85,28.85,700
2026-05-01 15:50:00,28.54,28.6031,28.54,28.6031,1000
2026-05-01 15:55:00,28.5,28.5,28.5,28.5,1000
2026-05-04 04:00:00,26.32,26.32,26.32,26.32,100
2026-05-04 07:45:00,27.82,27.82,27.76,27.76,200
2026-05-04 08:20:00,27.09,27.11,27.09,27.11,200
2026-05-04 08:45:00,27.1,27.1,27.1,27.1,246
2026-05-04 09:30:00,26.82,26.82,26.82,26.82,500
2026-05-04 09:40:00,27.52,27.52,27.52,27.52,100
2026-05-04 10:15:00,27.77,27.77,27.77,27.77,100
2026-05-04 10:50:00,26.46,26.46,26.46,26.46,3600
2026-05-04 11:00:00,26.78,26.78,26.78,26.78,130
2026-05-04 11:15:00,26.05,26.05,26.05,26.05,100
2026-05-04 12:45:00,26.5218,26.5218,26.5218,26.5218,100
2026-05-04 13:15:00,25.921,26.2,25.921,26.1115,3082
2026-05-04 15:35:00,27.11,27.11,26.76,26.76,3000
2026-05-04 15:45:00,26.65,26.65,26.65,26.65,3000
2026-05-05 04:00:00,25.93,25.93,25.32,25.5,406
2026-05-05 09:25:00,24.84,24.9,24.84,24.9,600
2026-05-05 10:00:00,25.32,25.32,25.32,25.32,250
2026-05-05 10:05:00,25.4301,25.4301,25.4301,25.4301,100
2026-05-05 10:45:00,25.93,25.95,25.83,25.83,953
2026-05-05 15:25:00,25.58,25.5801,25.58,25.5801,296
2026-05-06 04:00:00,26.62,26.62,26.62,26.62,422
2026-05-06 04:55:00,25.58,25.58,25.58,25.58,301
2026-05-06 08:25:00,25.23,25.23,25.23,25.23,662
2026-05-06 09:30:00,26.08,26.08,25.99,25.99,358
2026-05-06 10:05:00,27,27,27,27,145
2026-05-06 10:10:00,26.925,26.925,26.925,26.925,100
2026-05-06 10:15:00,26.87,26.87,26.87,26.87,100
2026-05-06 10:55:00,25.89,25.89,25.89,25.89,100
2026-05-06 11:00:00,26.45,26.45,26.45,26.45,500
2026-05-06 14:05:00,26.51,26.51,26.51,26.51,100
2026-05-07 04:00:00,25.55,25.55,25.55,25.55,168
2026-05-07 09:45:00,26.8,26.8,26.8,26.8,100
2026-05-07 09:50:00,26.93,26.93,26.93,26.93,551
2026-05-07 12:20:00,28.31,28.31,28.31,28.31,1600
2026-05-07 13:35:00,28.5132,28.5132,28.5132,28.5132,251
2026-05-07 14:00:00,27.85,27.85,27.75,27.77,3588
2026-05-07 15:00:00,27.96,27.96,27.96,27.96,100
2026-05-07 17:55:00,28.3,28.3,28.3,28.3,200
2026-05-08 04:00:00,27.98,27.98,27.98,27.98,375
2026-05-08 06:00:00,27.11,27.12,27.11,27.12,375
2026-05-08 06:35:00,27.07,27.07,27.07,27.07,100
2026-05-08 07:25:00,27,27,27,27,139
2026-05-08 09:30:00,27.88,27.88,27.88,27.88,331
2026-05-08 09:50:00,28.2708,28.2708,28.2708,28.2708,100
2026-05-08 10:30:00,26.86,26.86,26.86,26.86,200
2026-05-08 11:00:00,26.645,26.645,26.645,26.645,100
2026-05-08 13:35:00,26.15,26.15,26.15,26.15,400
2026-05-11 07:50:00,24.78,24.78,24.78,24.78,400
2026-05-11 09:35:00,26.59,26.59,26.59,26.59,100
2026-05-11 10:20:00,25.246,25.38,25.246,25.38,1587
2026-05-11 10:35:00,25.48,25.48,25.48,25.48,2480
2026-05-11 10:40:00,25.29,25.29,25.29,25.29,113
2026-05-11 10:55:00,25.232,25.6,25.23,25.59,3333
2026-05-11 11:10:00,24.9907,25.05,24.99,25.05,1563
2026-05-11 12:10:00,23.965,23.965,23.965,23.965,100
2026-05-11 12:35:00,23.97,23.97,23.97,23.97,200
2026-05-11 12:40:00,24.3795,24.3795,24.33,24.33,1714
2026-05-11 13:10:00,23.7507,23.83,23.75,23.79,1716
2026-05-11 14:15:00,23.285,23.45,23.285,23.4,1710
2026-05-11 14:20:00,23.21,23.21,23.2,23.2,837
2026-05-11 14:30:00,23.005,23.05,23.005,23.03,1666
2026-05-11 14:45:00,23,23,23,23,100
2026-05-12 04:15:00,24.3,24.3,24.3,24.3,100
2026-05-12 05:30:00,24,24,24,24,100
2026-05-12 09:40:00,24.49,24.49,24.49,24.49,100
2026-05-12 09:55:00,24.629,24.64,24.6204,24.64,500
2026-05-12 10:40:00,24.75,24.75,24.75,24.75,260
2026-05-12 10:45:00,25.04,25.04,25.04,25.04,2100
2026-05-12 11:00:00,25.26,25.26,25.26,25.26,1000
2026-05-12 11:05:00,25.26,25.26,25.26,25.26,1128
2026-05-12 11:20:00,25.65,25.68,25.55,25.55,1500
2026-05-12 11:30:00,25.832,25.832,25.83,25.83,1400
2026-05-12 11:50:00,25.9894,26.03,25.9894,26.03,1498
2026-05-12 12:00:00,25.922,25.98,25.92,25.98,1307
2026-05-12 12:50:00,26.665,26.81,26.665,26.81,1169
2026-05-12 12:55:00,26.565,26.565,26.565,26.565,100
2026-05-12 13:00:00,26.64,26.64,26.48,26.48,1200
2026-05-12 13:10:00,26.36,26.36,26.3007,26.3007,850
2026-05-13 08:30:00,26,26,26,26,100
2026-05-13 09:30:00,26.55,26.55,26.55,26.55,1280
2026-05-13 09:45:00,27.66,27.66,27.66,27.66,100
2026-05-13 09:50:00,27.75,27.75,27.75,27.75,900
2026-05-13 09:55:00,27.43,27.43,27.43,27.43,100
2026-05-13 10:00:00,27.55,27.55,27.5,27.5,247
2026-05-13 10:05:00,27.45,27.5,27.44,27.499,9000
2026-05-13 10:15:00,27,27,27,27,100
2026-05-13 10:25:00,26.9,27.03,26.875,26.875,992
2026-05-13 11:15:00,27.3662,27.39,27.3662,27.39,1208
2026-05-13 11:40:00,27.1307,27.132,27.13,27.13,1200
2026-05-13 11:45:00,27.62,27.62,27.475,27.62,1101
2026-05-13 11:55:00,27.87,28.015,27.87,27.87,1100
2026-05-13 12:15:00,27.565,27.6178,27.565,27.6178,1440
2026-05-13 16:00:00,27.6,27.6,27.6,27.6,301
2026-05-13 16:25:00,27.33,27.33,27.33,27.33,121
2026-05-14 04:00:00,27.26,27.27,27.26,27.27,481
2026-05-14 04:05:00,27.27,27.27,27.27,27.27,100
2026-05-14 09:35:00,28.0518,28.0518,28.0518,28.0518,1200
2026-05-14 10:55:00,25.79,25.79,25.62,25.62,200
2026-05-14 11:10:00,25.5,25.5,25.5,25.5,104
2026-05-14 12:10:00,23.9357,23.9357,23.9357,23.9357,100
2026-05-14 13:10:00,23.67,23.67,23.67,23.67,150
2026-05-14 14:50:00,23.9076,23.9076,23.9076,23.9076,100
2026-05-14 18:35:00,25.09,25.09,25.09,25.09,563
2026-05-15 06:15:00,25.74,25.74,25.71,25.71,643
2026-05-15 09:30:00,26.32,26.9,26.32,26.63,600
2026-05-15 09:40:00,27.2,27.2,27.2,27.2,163
2026-05-15 09:45:00,27.5,27.5,27.5,27.5,104
2026-05-15 09:50:00,27.79,27.79,27.79,27.79,480
2026-05-15 10:10:00,27.46,27.46,27.46,27.46,102
2026-05-15 10:45:00,27.44,27.44,27.44,27.44,500
2026-05-15 12:10:00,28.05,28.05,28.05,28.05,100
2026-05-15 12:15:00,28.21,28.21,28.21,28.21,500
2026-05-15 12:40:00,27.885,27.885,27.885,27.885,180
2026-05-15 14:00:00,27.03,27.03,27.03,27.03,100
2026-05-15 15:05:00,27.03,27.03,27.03,27.03,144
2026-05-15 15:55:00,27.14,27.14,27.14,27.14,200
2026-05-18 08:20:00,28.46,28.46,28.46,28.46,100
2026-05-18 09:25:00,29.18,29.25,29.18,29.25,500
2026-05-18 09:30:00,29.6,30.74,29.6,30.465,1814
2026-05-18 09:35:00,31.05,31.05,31.05,31.05,211
2026-05-18 09:45:00,31.37,31.37,31.14,31.19,1200
2026-05-18 09:50:00,30.46,30.46,30.46,30.46,305
2026-05-18 09:55:00,30.3,30.3,30.3,30.3,232
2026-05-18 10:05:00,30.295,30.295,30.295,30.295,200
2026-05-18 10:30:00,31.09,31.3,31.09,31.3,416
2026-05-18 10:35:00,31.7,31.7,31.14,31.23,2300
2026-05-18 10:45:00,31.5,31.61,31.5,31.61,6565
2026-05-18 11:00:00,31.36,31.53,31.36,31.53,300
2026-05-18 12:25:00,31.5,31.665,31.5,31.665,400
2026-05-18 12:35:00,31.85,31.85,31.85,31.85,325
2026-05-18 12:50:00,31.27,31.27,31.27,31.27,325
2026-05-18 13:15:00,31.33,31.33,31.33,31.33,149
2026-05-18 13:30:00,31.0995,31.0995,31.0995,31.0995,180
2026-05-18 15:10:00,30.81,30.81,30.81,30.81,100
2026-05-18 15:50:00,30.52,30.52,30.51,30.51,404
2026-05-18 16:10:00,29.91,29.91,29.91,29.91,500
2026-05-19 09:25:00,31.769,31.769,31.769,31.769,100
2026-05-19 09:30:00,32.02,32.02,30.53,31.18,900
2026-05-19 09:35:00,30.989,30.989,30.989,30.989,100
2026-05-19 09:45:00,30.69,30.69,30.64,30.64,493
2026-05-19 09:50:00,30.47,30.47,30.47,30.47,327
2026-05-19 10:00:00,30.28,30.28,30.13,30.13,427
2026-05-19 10:05:00,30.4,30.4,30.4,30.4,300
2026-05-19 10:10:00,30.74,30.74,30.74,30.74,327
2026-05-19 10:20:00,31.44,31.53,31.44,31.472,1000
2026-05-19 10:40:00,30.88,30.88,30.88,30.88,327
2026-05-19 10:55:00,30.9301,31.13,30.9301,31.13,1000
2026-05-19 11:05:00,31.02,31.02,31.02,31.02,200
2026-05-19 11:40:00,30.83,30.83,30.83,30.83,3000
2026-05-19 12:00:00,31.17,31.17,31.17,31.17,204
2026-05-19 12:10:00,31.4,31.4,31.4,31.4,176
2026-05-19 12:15:00,31.18,31.18,31.18,31.18,1000
2026-05-19 12:25:00,31.19,31.19,30.95,30.95,1425
2026-05-19 13:50:00,30.61,30.61,30.61,30.61,125
2026-05-19 16:25:00,30.869,30.869,30.869,30.869,2000
2026-05-19 16:45:00,31.48,31.76,31.48,31.76,1000
2026-05-20 08:25:00,29.84,29.84,29.84,29.84,1000
2026-05-20 09:40:00,31.06,31.06,31.06,31.06,200
2026-05-20 10:20:00,30.82,30.82,30.82,30.82,100
2026-05-20 12:55:00,30.33,30.33,30.33,30.33,700
2026-05-20 14:00:00,29.58,29.58,29.58,29.58,226
2026-05-20 15:00:00,30.56,30.56,30.56,30.56,200
2026-05-20 15:55:00,31.08,31.08,31.08,31.08,100
2026-05-21 04:00:00,30.35,30.44,30.35,30.43,1200
2026-05-21 09:45:00,31.69,31.69,31.52,31.52,1560
2026-05-21 09:55:00,30.9,31.05,30.9,31.05,353
2026-05-21 10:20:00,31.92,31.92,31.92,31.92,300
2026-05-21 10:35:00,31.73,31.73,31.69,31.7,300
2026-05-21 10:45:00,31.93,31.93,31.93,31.93,100
2026-05-21 10:50:00,31.88,31.88,31.88,31.88,100
2026-05-21 11:05:00,31.7,31.7,31.7,31.7,200
2026-05-21 12:50:00,30.9,30.9,30.9,30.9,200
2026-05-21 13:10:00,30.69,30.69,30.45,30.45,358
2026-05-21 15:00:00,31.23,31.23,31.23,31.23,330
2026-05-21 15:30:00,31.35,31.36,31.35,31.36,2540
2026-05-21 15:55:00,31.39,31.39,31.39,31.39,100
2026-05-22 09:30:00,31.14,31.14,31.14,31.14,243
2026-05-22 14:00:00,32.27,32.27,32.27,32.27,100