2026-04-08 11:40:00,20.49,20.49,20.49,20.49,247
2026-04-09 10:10:00,20.46,20.4601,20.46,20.4601,200
2026-04-10 09:30:00,20.51,20.57,20.38,20.38,5785
2026-04-13 09:30:00,20.52,20.52,20.52,20.52,301
2026-04-13 15:30:00,20.5,20.5,20.5,20.5,195
2026-04-14 15:25:00,20.51,20.51,20.45,20.51,100000
2026-04-15 15:15:00,20.465,20.465,20.465,20.465,1470
2026-04-17 11:50:00,20.51,20.56,20.5099,20.56,765
2026-04-17 11:55:00,20.51,20.51,20.51,20.51,531
2026-04-20 09:30:00,20.4801,20.4801,20.48,20.48,200
2026-04-20 09:50:00,20.495,20.495,20.495,20.495,164
2026-04-20 12:30:00,20.49,20.49,20.49,20.49,500
2026-04-20 15:00:00,20.4957,20.4957,20.4957,20.4957,267
2026-04-20 15:20:00,20.5,20.5,20.4932,20.4932,400
2026-04-21 09:25:00,20.36,20.36,20.36,20.36,288
2026-04-21 09:50:00,20.49,20.49,20.49,20.49,100
2026-04-21 12:05:00,20.47,20.47,20.47,20.47,2674
2026-04-22 15:25:00,20.47,20.47,20.47,20.47,100000
2026-04-23 10:15:00,20.49,20.49,20.49,20.49,100
2026-04-24 12:00:00,20.49,20.53,20.49,20.4932,1910
2026-04-24 12:35:00,20.4801,20.4801,20.4801,20.4801,397
2026-04-24 13:20:00,20.49,20.49,20.49,20.49,1961
2026-04-27 10:15:00,20.5,20.5,20.5,20.5,5187
2026-04-27 10:55:00,20.499,20.499,20.499,20.499,100
2026-04-27 11:00:00,20.5,20.5,20.5,20.5,4710
2026-04-27 11:20:00,20.485,20.485,20.485,20.485,1006
2026-04-27 11:30:00,20.49,20.53,20.4899,20.4899,800
2026-04-27 12:25:00,20.4999,20.4999,20.4999,20.4999,464
2026-04-27 12:30:00,20.47,20.55,20.47,20.4999,4152
2026-04-27 15:00:00,20.5,20.6,20.485,20.485,1600
2026-04-28 09:30:00,20.38,20.38,20.38,20.38,100
2026-04-29 13:20:00,20.36,20.36,20.36,20.36,100
2026-04-30 10:45:00,20.35,20.47,20.34,20.34,4200
2026-04-30 15:15:00,20.3699,20.3699,20.3699,20.3699,1595
2026-05-01 09:30:00,20.38,20.38,20.38,20.38,101
2026-05-01 09:35:00,20.351,20.351,20.29,20.3501,3082
2026-05-01 11:40:00,20.37,20.37,20.37,20.37,208
2026-05-01 12:00:00,20.38,20.38,20.38,20.38,100
2026-05-01 12:20:00,20.39,20.39,20.39,20.39,100
2026-05-01 12:30:00,20.39,20.4,20.39,20.4,200
2026-05-01 12:35:00,20.39,20.39,20.39,20.39,100
2026-05-01 12:45:00,20.4,20.4,20.4,20.4,100
2026-05-01 12:50:00,20.4,20.4,20.4,20.4,100
2026-05-01 12:55:00,20.4,20.4,20.4,20.4,100
2026-05-01 13:05:00,20.4,20.4,20.4,20.4,100
2026-05-01 13:10:00,20.4,20.4,20.4,20.4,100
2026-05-01 13:15:00,20.4,20.4,20.4,20.4,100
2026-05-01 13:25:00,20.4,20.4,20.4,20.4,100
2026-05-01 13:30:00,20.4,20.4,20.4,20.4,100
2026-05-01 13:40:00,20.4,20.4,20.4,20.4,100
2026-05-01 13:45:00,20.4,20.4,20.4,20.4,100
2026-05-01 13:55:00,20.4,20.4,20.4,20.4,100
2026-05-01 14:00:00,20.41,20.41,20.41,20.41,100
2026-05-01 14:10:00,20.4,20.4,20.4,20.4,100
2026-05-01 14:15:00,20.4,20.4,20.4,20.4,100
2026-05-01 14:20:00,20.4,20.4,20.4,20.4,100
2026-05-01 14:30:00,20.41,20.41,20.41,20.41,100
2026-05-01 14:35:00,20.41,20.41,20.41,20.41,200
2026-05-01 14:40:00,20.41,20.41,20.41,20.41,100
2026-05-01 14:50:00,20.41,20.41,20.41,20.41,100
2026-05-01 14:55:00,20.41,20.41,20.41,20.41,100
2026-05-01 15:00:00,20.41,20.41,20.41,20.41,100
2026-05-01 15:05:00,20.41,20.41,20.41,20.41,100
2026-05-01 15:10:00,20.38,20.395,20.35,20.35,50000
2026-05-01 15:20:00,20.41,20.41,20.41,20.41,100
2026-05-01 15:25:00,20.42,20.42,20.42,20.42,100
2026-05-01 15:30:00,20.41,20.41,20.41,20.41,100
2026-05-01 15:35:00,20.41,20.41,20.41,20.41,100
2026-05-01 15:40:00,20.41,20.425,20.41,20.425,300
2026-05-01 15:45:00,20.42,20.42,20.42,20.42,200
2026-05-01 15:50:00,20.42,20.42,20.42,20.42,100
2026-05-01 15:55:00,20.42,20.42,20.42,20.42,400
2026-05-04 09:50:00,20.35,20.35,20.35,20.35,100
2026-05-04 12:05:00,20.33,20.33,20.33,20.33,100
2026-05-05 11:50:00,20.35,20.35,20.35,20.35,100
2026-05-05 15:05:00,20.34,20.34,20.34,20.34,283
2026-05-06 10:20:00,20.39,20.39,20.39,20.39,100
2026-05-06 10:25:00,20.375,20.39,20.375,20.3798,571
2026-05-07 05:50:00,19.79,19.79,19.79,19.79,100
2026-05-07 10:00:00,20.41,20.41,20.41,20.41,100
2026-05-08 10:00:00,20.375,20.375,20.375,20.375,628
2026-05-08 10:15:00,20.39,20.39,20.39,20.39,100
2026-05-08 15:40:00,20.372,20.372,20.372,20.372,250