2026-04-07 09:30:00,40.79,40.79,40.79,40.79,112
2026-04-07 09:45:00,40.58,40.58,40.58,40.58,2058
2026-04-07 09:50:00,40.59,40.59,40.59,40.59,400
2026-04-07 10:00:00,40.47,40.47,40.47,40.47,100
2026-04-07 11:40:00,40.39,40.39,40.39,40.39,344
2026-04-07 11:50:00,40.39,40.39,40.39,40.39,173
2026-04-07 14:00:00,40.71,40.71,40.6901,40.6901,1000
2026-04-07 14:20:00,40.685,40.685,40.685,40.685,358
2026-04-07 15:00:00,40.539,40.539,40.539,40.539,360
2026-04-07 15:25:00,40.67,40.67,40.67,40.67,146
2026-04-07 15:30:00,40.7,40.7,40.7,40.7,1005
2026-04-07 15:50:00,40.86,40.86,40.86,40.86,102
2026-04-07 15:55:00,40.895,40.895,40.895,40.895,102
2026-04-08 12:35:00,42.17,42.17,42.17,42.17,516
2026-04-08 13:35:00,42.1177,42.1177,42.1177,42.1177,650
2026-04-08 15:10:00,42.04,42.04,42.0298,42.0298,1352
2026-04-08 15:50:00,42.045,42.045,42.045,42.045,898
2026-04-09 09:30:00,42.06,42.06,42.06,42.06,234
2026-04-09 10:05:00,42.02,42.0201,41.97,41.9701,11198
2026-04-09 10:25:00,41.96,41.96,41.96,41.96,100
2026-04-09 11:05:00,42.08,42.08,42.08,42.08,312
2026-04-09 11:15:00,42.18,42.2,42.18,42.2,2000
2026-04-09 11:40:00,42.25,42.25,42.25,42.25,246
2026-04-09 11:50:00,42.35,42.35,42.35,42.35,100
2026-04-09 12:05:00,42.5,42.5,42.5,42.5,363
2026-04-09 12:45:00,42.4062,42.4062,42.4062,42.4062,107
2026-04-09 13:00:00,42.48,42.48,42.4699,42.48,651
2026-04-09 13:10:00,42.54,42.54,42.54,42.54,100
2026-04-09 14:35:00,42.335,42.335,42.335,42.335,585
2026-04-09 14:55:00,42.3997,42.3997,42.3997,42.3997,1279
2026-04-09 15:30:00,42.45,42.45,42.45,42.45,685
2026-04-09 15:35:00,42.44,42.45,42.425,42.45,1321
2026-04-09 15:55:00,42.3956,42.51,42.36,42.36,1608
2026-04-10 09:30:00,42.51,42.51,42.51,42.51,2501
2026-04-10 09:50:00,42.71,42.71,42.71,42.71,100
2026-04-10 10:00:00,42.6407,42.6407,42.6407,42.6407,234
2026-04-10 11:20:00,42.8502,42.87,42.8501,42.87,1255
2026-04-10 11:55:00,42.64,42.64,42.64,42.64,126
2026-04-10 13:10:00,42.6299,42.6299,42.6299,42.6299,545
2026-04-10 13:20:00,42.63,42.63,42.63,42.63,299
2026-04-10 13:45:00,42.64,42.64,42.64,42.64,100
2026-04-10 13:55:00,42.67,42.69,42.67,42.69,1476
2026-04-10 14:00:00,42.675,42.675,42.675,42.675,140
2026-04-10 14:35:00,42.655,42.655,42.655,42.655,191
2026-04-10 15:10:00,42.72,42.72,42.7199,42.7199,1522
2026-04-10 15:45:00,42.66,42.6674,42.65,42.6674,1366
2026-04-13 09:40:00,42.5293,42.5293,42.5293,42.5293,120
2026-04-13 09:55:00,42.7099,42.7099,42.7099,42.7099,256
2026-04-13 10:00:00,42.77,42.77,42.77,42.77,100
2026-04-13 11:05:00,42.7701,42.79,42.7701,42.79,690
2026-04-13 11:20:00,42.8,42.8,42.8,42.8,480
2026-04-13 12:05:00,42.77,42.77,42.77,42.77,100
2026-04-13 12:25:00,42.918,42.918,42.918,42.918,179
2026-04-13 12:30:00,42.895,42.9,42.895,42.8975,404
2026-04-13 12:55:00,42.9596,42.9596,42.9596,42.9596,537
2026-04-13 13:15:00,42.9534,42.9534,42.9534,42.9534,586
2026-04-13 13:35:00,42.96,42.98,42.96,42.98,1288
2026-04-13 13:45:00,42.9683,42.9683,42.9683,42.9683,210
2026-04-13 14:00:00,42.96,42.96,42.96,42.96,100
2026-04-13 14:35:00,42.99,42.99,42.99,42.99,200
2026-04-13 15:10:00,43.01,43.01,43.01,43.01,774
2026-04-13 15:25:00,43.05,43.05,43.05,43.05,100
2026-04-13 15:45:00,43.045,43.045,43.045,43.045,108
2026-04-14 09:30:00,43.51,43.51,43.51,43.51,454
2026-04-14 09:40:00,43.635,43.635,43.635,43.635,108
2026-04-14 09:55:00,43.62,43.62,43.595,43.595,1718
2026-04-14 10:40:00,43.74,43.74,43.74,43.74,100
2026-04-14 10:55:00,43.79,43.79,43.78,43.78,1110
2026-04-14 11:20:00,43.76,43.76,43.76,43.76,102
2026-04-14 11:45:00,43.9,43.9,43.9,43.9,122
2026-04-14 11:55:00,43.93,43.93,43.93,43.93,1231
2026-04-14 12:05:00,43.95,43.95,43.92,43.92,1662
2026-04-14 12:35:00,43.99,43.99,43.99,43.99,483
2026-04-14 12:50:00,43.98,43.98,43.98,43.98,200
2026-04-14 13:00:00,43.95,43.95,43.95,43.95,717
2026-04-14 13:20:00,43.99,43.99,43.99,43.99,1100
2026-04-14 13:25:00,43.955,43.955,43.955,43.955,694
2026-04-14 13:40:00,44.01,44.01,44.01,44.01,250
2026-04-14 13:50:00,43.99,43.99,43.99,43.99,100
2026-04-14 15:05:00,43.885,43.885,43.885,43.885,158
2026-04-14 15:35:00,43.96,43.96,43.9599,43.9599,986
2026-04-14 15:45:00,43.95,43.95,43.9499,43.9499,1742
2026-04-15 09:30:00,44.18,44.18,44.18,44.18,197
2026-04-15 11:05:00,44.5,44.5,44.5,44.5,117
2026-04-15 12:50:00,44.41,44.41,44.41,44.41,691
2026-04-15 13:35:00,44.48,44.48,44.46,44.46,1348
2026-04-15 13:55:00,44.45,44.45,44.45,44.45,1296
2026-04-15 14:00:00,44.45,44.45,44.45,44.45,225
2026-04-15 14:25:00,44.55,44.55,44.5499,44.5499,5600
2026-04-15 15:50:00,44.65,44.65,44.6499,44.6499,262
2026-04-16 09:30:00,44.85,44.85,44.85,44.85,549
2026-04-16 09:40:00,44.67,44.67,44.67,44.67,137
2026-04-16 10:45:00,44.63,44.63,44.63,44.63,100
2026-04-16 11:05:00,44.71,44.71,44.71,44.71,100
2026-04-16 11:25:00,44.73,44.73,44.73,44.73,172
2026-04-16 11:35:00,44.78,44.78,44.78,44.78,131
2026-04-16 12:35:00,44.725,44.75,44.725,44.74,1017
2026-04-16 14:00:00,44.73,44.73,44.711,44.711,447
2026-04-16 14:55:00,44.69,44.69,44.69,44.69,125
2026-04-16 15:20:00,44.71,44.71,44.71,44.71,192
2026-04-16 15:50:00,44.78,44.78,44.78,44.78,172
2026-04-17 09:30:00,45.17,45.17,45.085,45.085,493
2026-04-17 09:50:00,45.28,45.28,45.2587,45.2587,2900
2026-04-17 09:55:00,45.29,45.29,45.29,45.29,832
2026-04-17 10:25:00,45.31,45.31,45.31,45.31,100
2026-04-17 10:45:00,45.5,45.5,45.5,45.5,100
2026-04-17 11:45:00,45.45,45.45,45.45,45.45,132
2026-04-17 13:05:00,45.42,45.42,45.42,45.42,100
2026-04-17 15:10:00,45.28,45.28,45.24,45.24,775
2026-04-20 09:30:00,45.2,45.2,45.2,45.2,118
2026-04-20 10:05:00,45.18,45.18,45.18,45.18,100
2026-04-20 11:05:00,44.93,44.93,44.93,44.93,428
2026-04-20 11:45:00,45.02,45.02,45.02,45.02,1125
2026-04-20 12:35:00,45.04,45.04,45.035,45.035,802
2026-04-20 14:00:00,45.05,45.05,45.0499,45.0499,484
2026-04-20 14:35:00,45.06,45.06,45.06,45.06,167
2026-04-20 14:50:00,45.11,45.11,45.11,45.11,497
2026-04-20 15:10:00,45.1,45.1,45.08,45.1,536
2026-04-20 15:35:00,45.09,45.09,45.0899,45.0899,1300
2026-04-20 15:50:00,45.15,45.15,45.0956,45.0956,364
2026-04-21 09:30:00,45.13,45.13,45.13,45.13,691
2026-04-21 09:50:00,45.135,45.135,45.135,45.135,220
2026-04-21 10:40:00,45.24,45.24,45.24,45.24,332
2026-04-21 12:20:00,45.03,45.03,45.03,45.03,141
2026-04-21 12:30:00,44.96,44.96,44.96,44.96,700000
2026-04-21 13:35:00,44.88,44.88,44.88,44.88,157
2026-04-21 14:00:00,44.97,44.97,44.9504,44.9504,611
2026-04-21 14:15:00,44.93,44.93,44.9299,44.9299,560
2026-04-21 15:30:00,45.1,45.1,45.075,45.075,1696
2026-04-21 15:40:00,44.97,44.97,44.785,44.785,219
2026-04-22 09:40:00,45.32,45.32,45.32,45.32,305
2026-04-22 10:30:00,45.535,45.535,45.535,45.535,245
2026-04-22 11:00:00,45.525,45.525,45.525,45.525,497
2026-04-22 11:05:00,45.58,45.58,45.58,45.58,744
2026-04-22 11:55:00,45.63,45.63,45.63,45.63,328
2026-04-22 12:15:00,45.62,45.62,45.62,45.62,800
2026-04-22 12:30:00,45.585,45.585,45.585,45.585,162
2026-04-22 12:35:00,45.61,45.61,45.61,45.61,245
2026-04-22 12:45:00,45.6,45.6,45.6,45.6,157
2026-04-22 12:50:00,45.57,45.57,45.57,45.57,117
2026-04-22 12:55:00,45.55,45.55,45.55,45.55,500
2026-04-22 13:00:00,45.59,45.59,45.59,45.59,497
2026-04-22 13:40:00,45.69,45.69,45.69,45.69,142
2026-04-22 13:55:00,45.68,45.68,45.68,45.68,129
2026-04-22 14:05:00,45.68,45.68,45.68,45.68,1889
2026-04-22 14:15:00,45.66,45.66,45.66,45.66,400
2026-04-22 14:25:00,45.66,45.66,45.6599,45.6599,508
2026-04-22 14:30:00,45.6599,45.6599,45.6599,45.6599,926
2026-04-22 15:10:00,45.6797,45.6797,45.6797,45.6797,772
2026-04-23 09:30:00,45.67,45.67,45.52,45.5791,1338
2026-04-23 10:10:00,45.4501,45.4501,45.4501,45.4501,260
2026-04-23 10:20:00,45.52,45.52,45.52,45.52,392
2026-04-23 10:30:00,45.56,45.56,45.56,45.56,469
2026-04-23 11:10:00,45.6682,45.6682,45.6682,45.6682,837
2026-04-23 11:20:00,45.7,45.7,45.7,45.7,261
2026-04-23 11:25:00,45.68,45.68,45.68,45.68,1000
2026-04-23 12:50:00,45.535,45.535,45.535,45.535,431
2026-04-23 13:00:00,45.5,45.5,45.5,45.5,120
2026-04-23 13:10:00,45.2921,45.2921,45.2921,45.2921,161
2026-04-23 13:35:00,45.23,45.23,45.23,45.23,751
2026-04-23 14:15:00,45.27,45.27,45.27,45.27,1717
2026-04-23 15:10:00,45.22,45.22,45.22,45.22,287
2026-04-23 15:45:00,45.2,45.2,45.2,45.2,800
2026-04-23 16:00:00,45.18,45.18,45.18,45.18,180
2026-04-24 09:30:00,45.54,45.54,45.54,45.54,326
2026-04-24 10:10:00,45.5,45.5,45.4999,45.4999,1286
2026-04-24 10:35:00,45.435,45.435,45.435,45.435,1816
2026-04-24 11:40:00,45.77,45.77,45.77,45.77,100
2026-04-24 12:50:00,45.92,45.92,45.92,45.92,157
2026-04-24 15:00:00,45.9364,45.9364,45.9364,45.9364,126
2026-04-27 10:20:00,45.76,45.76,45.74,45.74,524
2026-04-27 10:35:00,45.77,45.77,45.77,45.77,100
2026-04-27 12:25:00,45.85,45.85,45.85,45.85,1553
2026-04-27 12:30:00,45.88,45.88,45.88,45.88,355
2026-04-27 12:35:00,45.94,45.94,45.92,45.92,200
2026-04-27 12:45:00,45.93,45.93,45.9299,45.9299,472
2026-04-27 12:50:00,45.91,45.92,45.91,45.92,3738
2026-04-27 12:55:00,45.89,45.89,45.89,45.89,154
2026-04-27 15:10:00,45.95,45.99,45.95,45.99,1413
2026-04-27 15:45:00,46.0493,46.0493,46.0493,46.0493,727
2026-04-28 09:30:00,45.32,45.38,45.32,45.38,211
2026-04-28 10:40:00,45.37,45.37,45.37,45.37,701
2026-04-28 11:35:00,45.21,45.21,45.21,45.21,2705
2026-04-28 11:50:00,45.23,45.23,45.23,45.23,195
2026-04-28 12:20:00,45.32,45.32,45.27,45.27,792
2026-04-28 12:35:00,45.25,45.25,45.25,45.25,265
2026-04-28 15:10:00,45.55,45.55,45.55,45.55,100
2026-04-28 15:50:00,45.5,45.5,45.5,45.5,100
2026-04-29 09:30:00,45.41,45.41,45.41,45.41,230
2026-04-29 10:00:00,45.323,45.323,45.323,45.323,375
2026-04-29 12:10:00,45.34,45.34,45.34,45.34,147
2026-04-29 12:15:00,45.3,45.3,45.3,45.3,677
2026-04-29 12:30:00,45.25,45.26,45.24,45.24,961
2026-04-29 13:15:00,45.29,45.3,45.29,45.2999,2121
2026-04-29 14:30:00,45.26,45.26,45.2599,45.2599,362
2026-04-29 15:20:00,45.48,45.48,45.4799,45.4799,394
2026-04-29 15:45:00,45.42,45.42,45.42,45.42,700
2026-04-30 09:55:00,45.27,45.27,45.27,45.27,100
2026-04-30 10:15:00,45.11,45.11,45.11,45.11,100
2026-04-30 10:25:00,45.15,45.15,45.15,45.15,100
2026-04-30 11:45:00,45.315,45.315,45.315,45.315,133
2026-04-30 11:50:00,45.41,45.41,45.41,45.41,179
2026-04-30 12:55:00,45.34,45.34,45.34,45.34,134
2026-04-30 13:20:00,45.4897,45.4897,45.4897,45.4897,130
2026-04-30 13:35:00,45.57,45.57,45.57,45.57,339
2026-04-30 13:45:00,45.605,45.605,45.605,45.605,287
2026-04-30 14:00:00,45.7,45.7,45.7,45.7,700
2026-04-30 15:30:00,45.75,45.75,45.75,45.75,287
2026-05-01 10:30:00,46.1,46.1,46.1,46.1,179
2026-05-01 10:35:00,45.98,45.98,45.98,45.98,150
2026-05-01 11:00:00,46.04,46.04,46.04,46.04,106
2026-05-01 11:30:00,46.12,46.12,46.12,46.12,109
2026-05-01 12:35:00,46.03,46.03,46.03,46.03,212
2026-05-01 12:45:00,46.04,46.04,46.04,46.04,721
2026-05-01 13:00:00,46.08,46.08,46.08,46.08,136
2026-05-01 13:05:00,46.09,46.09,46.09,46.09,390
2026-05-04 10:10:00,45.95,45.95,45.95,45.95,100
2026-05-04 11:45:00,45.71,45.71,45.71,45.71,123
2026-05-04 12:30:00,45.74,45.74,45.74,45.74,1200
2026-05-04 13:15:00,45.835,45.835,45.835,45.835,655
2026-05-04 13:40:00,45.815,45.815,45.815,45.815,278
2026-05-04 14:00:00,45.9,45.9,45.9,45.9,100
2026-05-04 14:15:00,45.88,45.88,45.8799,45.8799,200
2026-05-04 14:30:00,45.83,45.83,45.83,45.83,100
2026-05-04 14:45:00,45.76,45.76,45.76,45.76,100
2026-05-04 14:55:00,45.81,45.81,45.81,45.81,100
2026-05-04 15:25:00,45.8498,45.8498,45.8498,45.8498,100
2026-05-04 15:30:00,45.88,45.88,45.88,45.88,100
2026-05-05 11:00:00,46.13,46.13,46.13,46.13,202
2026-05-05 11:35:00,46.11,46.11,46.11,46.11,100
2026-05-05 12:25:00,46.17,46.17,46.0901,46.0901,918
2026-05-05 15:10:00,46.1969,46.1969,46.1969,46.1969,584
2026-05-05 15:30:00,46.16,46.16,46.16,46.16,800
2026-05-05 15:40:00,46.19,46.19,46.1899,46.1899,372
2026-05-06 10:50:00,46.93,46.93,46.93,46.93,219
2026-05-06 12:35:00,46.89,46.89,46.8899,46.8899,706
2026-05-06 12:45:00,46.875,46.875,46.875,46.875,460
2026-05-06 14:15:00,47.015,47.015,47.015,47.015,1225
2026-05-07 09:40:00,47.28,47.28,47.28,47.28,105
2026-05-07 11:10:00,47.335,47.335,47.335,47.335,165
2026-05-07 11:25:00,47.38,47.38,47.38,47.38,100
2026-05-07 12:35:00,47.215,47.215,47.215,47.215,1020
2026-05-07 15:15:00,47.025,47.025,47.025,47.025,735
2026-05-07 15:40:00,47.015,47.015,47.015,47.015,170
2026-05-07 15:55:00,47.08,47.08,47.08,47.08,160
2026-05-08 09:30:00,47.32,47.32,47.32,47.32,468
2026-05-08 10:25:00,47.48,47.48,47.48,47.48,300
2026-05-08 10:35:00,47.36,47.36,47.36,47.36,694
2026-05-08 10:50:00,47.395,47.395,47.395,47.395,190
2026-05-08 11:45:00,47.43,47.43,47.43,47.43,100
2026-05-08 11:55:00,47.3401,47.3401,47.3401,47.3401,128
2026-05-08 12:45:00,47.4326,47.4326,47.4326,47.4326,100
2026-05-08 13:00:00,47.43,47.43,47.43,47.43,190
2026-05-08 13:40:00,47.42,47.42,47.4199,47.4199,220
2026-05-08 13:55:00,47.43,47.43,47.43,47.43,978
2026-05-08 15:05:00,47.43,47.43,47.43,47.43,112
2026-05-08 15:45:00,47.39,47.39,47.39,47.39,217