2026-04-22 11:15:00,34.5967,34.5967,34.5967,34.5967,214
2026-04-22 11:30:00,34.5701,34.5701,34.5701,34.5701,121
2026-04-22 11:45:00,34.5676,34.5676,34.5676,34.5676,295
2026-04-22 11:50:00,34.575,34.575,34.5401,34.5401,695
2026-04-22 12:15:00,34.62,34.62,34.62,34.62,100
2026-04-22 12:25:00,34.615,34.615,34.615,34.615,249
2026-04-22 12:30:00,34.62,34.62,34.62,34.62,100
2026-04-22 12:35:00,34.615,34.615,34.615,34.615,109
2026-04-22 13:50:00,34.65,34.7,34.6499,34.695,5326
2026-04-22 14:00:00,34.67,34.67,34.67,34.67,161
2026-04-22 14:15:00,34.67,34.67,34.67,34.67,100
2026-04-22 14:20:00,34.66,34.66,34.64,34.64,300
2026-04-22 14:30:00,34.66,34.66,34.6277,34.6285,1166
2026-04-22 15:00:00,34.62,34.62,34.565,34.565,1331
2026-04-23 09:30:00,34.5,34.5,34.5,34.5,105
2026-04-23 09:50:00,34.623,34.623,34.623,34.623,1179
2026-04-23 10:00:00,34.55,34.55,34.55,34.55,100
2026-04-23 10:10:00,34.56,34.56,34.56,34.56,300
2026-04-23 11:45:00,34.57,34.57,34.57,34.57,100
2026-04-23 12:15:00,34.575,34.575,34.575,34.575,218
2026-04-23 12:40:00,34.595,34.595,34.595,34.595,281
2026-04-23 13:00:00,34.56,34.56,34.56,34.56,100
2026-04-23 13:40:00,34.05,34.0501,34.05,34.0501,1000
2026-04-23 13:45:00,34.13,34.13,34.08,34.08,867
2026-04-23 13:50:00,34.08,34.26,34.08,34.26,200
2026-04-23 14:10:00,34.38,34.38,34.38,34.38,500
2026-04-23 14:55:00,34.36,34.36,34.36,34.36,100
2026-04-23 15:35:00,34.2301,34.308,34.23,34.308,14876
2026-04-23 15:40:00,34.3,34.3,34.3,34.3,100
2026-04-24 09:30:00,34.58,34.58,34.58,34.58,557
2026-04-24 09:50:00,34.4,34.4,34.4,34.4,100
2026-04-24 09:55:00,34.37,34.37,34.37,34.37,200
2026-04-24 10:00:00,34.355,34.43,34.355,34.43,1262
2026-04-24 11:15:00,34.4109,34.4109,34.4109,34.4109,155
2026-04-24 11:45:00,34.63,34.63,34.56,34.56,366
2026-04-24 11:50:00,34.56,34.56,34.56,34.56,431
2026-04-24 12:05:00,34.599,34.599,34.599,34.599,249
2026-04-24 12:10:00,34.59,34.59,34.5899,34.5899,400
2026-04-24 12:30:00,34.53,34.53,34.38,34.38,1566
2026-04-24 13:25:00,34.535,34.535,34.535,34.535,143
2026-04-24 13:30:00,34.4814,34.57,34.4814,34.5699,550
2026-04-24 14:20:00,34.51,34.51,34.51,34.51,163
2026-04-24 14:40:00,34.5251,34.5251,34.5251,34.5251,500
2026-04-24 15:05:00,34.51,34.51,34.51,34.51,200
2026-04-24 15:15:00,34.51,34.51,34.51,34.51,300
2026-04-24 15:25:00,34.535,34.535,34.535,34.535,500
2026-04-27 09:30:00,34.59,34.6,34.59,34.59,988
2026-04-27 09:35:00,34.6,34.6,34.6,34.6,3160
2026-04-27 09:40:00,34.6468,34.6468,34.6468,34.6468,491
2026-04-27 10:10:00,34.66,34.66,34.66,34.66,185
2026-04-27 10:30:00,34.585,34.585,34.58,34.58,259
2026-04-27 10:55:00,34.55,34.55,34.55,34.55,750
2026-04-27 11:00:00,34.516,34.516,34.516,34.516,127
2026-04-27 11:05:00,34.529,34.529,34.5282,34.5282,1000
2026-04-27 14:00:00,34.5099,34.5099,34.5099,34.5099,200
2026-04-27 14:35:00,34.53,34.53,34.5021,34.5021,461
2026-04-27 15:25:00,34.545,34.545,34.545,34.545,463
2026-04-27 15:50:00,34.55,34.55,34.55,34.55,100
2026-04-27 15:55:00,34.53,34.53,34.53,34.53,100
2026-04-28 10:05:00,34.305,34.305,34.305,34.305,1956
2026-04-28 11:45:00,34.2357,34.2357,34.2357,34.2357,257
2026-04-28 12:15:00,34.29,34.29,34.29,34.29,263
2026-04-28 12:40:00,34.231,34.3,34.231,34.3,547
2026-04-28 15:05:00,34.32,34.32,34.32,34.32,332
2026-04-28 15:10:00,34.3,34.3001,34.3,34.3001,806
2026-04-28 15:30:00,34.31,34.31,34.28,34.28,1673
2026-04-28 15:50:00,34.2502,34.2502,34.2502,34.2502,1326
2026-04-29 09:50:00,34.1087,34.1087,34.1087,34.1087,136
2026-04-29 09:55:00,34.14,34.14,34.14,34.14,216
2026-04-29 11:15:00,34.12,34.12,34.12,34.12,128
2026-04-29 11:35:00,34.13,34.13,34.13,34.13,436
2026-04-29 11:55:00,34.03,34.03,34.03,34.03,1100
2026-04-29 14:20:00,33.995,33.995,33.995,33.995,494
2026-04-29 15:10:00,34.04,34.04,34.04,34.04,100
2026-04-29 15:40:00,33.995,33.995,33.995,33.995,198
2026-04-29 15:50:00,33.9847,33.99,33.9847,33.99,447
2026-04-29 15:55:00,33.99,33.99,33.95,33.95,200
2026-04-30 09:45:00,34.45,34.45,34.45,34.45,100
2026-04-30 09:55:00,34.445,34.445,34.445,34.445,129
2026-04-30 10:50:00,34.68,34.68,34.68,34.68,368
2026-04-30 12:25:00,34.7656,34.7656,34.7656,34.7656,331
2026-04-30 13:45:00,34.8061,34.8061,34.8061,34.8061,609
2026-04-30 14:55:00,34.9199,34.9199,34.9199,34.9199,232
2026-04-30 15:00:00,34.92,34.92,34.885,34.885,419
2026-04-30 15:10:00,34.9146,34.9146,34.9146,34.9146,292
2026-04-30 15:35:00,34.88,34.88,34.88,34.88,252
2026-04-30 16:00:00,34.97,34.97,34.97,34.97,100
2026-05-01 09:35:00,34.89,34.89,34.8899,34.8899,739
2026-05-01 10:55:00,34.96,34.96,34.96,34.96,143
2026-05-01 11:05:00,34.945,34.945,34.945,34.945,200
2026-05-01 12:45:00,34.885,34.885,34.885,34.885,159
2026-05-01 14:05:00,34.895,34.895,34.88,34.88,2979
2026-05-01 14:30:00,34.88,34.88,34.88,34.88,100
2026-05-01 15:00:00,34.8857,34.8857,34.8857,34.8857,286
2026-05-01 15:45:00,34.91,34.92,34.895,34.91,3046
2026-05-01 15:50:00,34.92,34.92,34.895,34.895,670
2026-05-04 09:30:00,34.65,34.65,34.65,34.65,1403
2026-05-04 09:45:00,34.7668,34.7668,34.7668,34.7668,290
2026-05-04 09:55:00,34.78,34.78,34.779,34.779,200
2026-05-04 10:00:00,34.7301,34.7301,34.7301,34.7301,219
2026-05-04 10:30:00,34.78,34.78,34.78,34.78,560
2026-05-04 10:50:00,34.79,34.79,34.79,34.79,100
2026-05-04 11:10:00,34.72,34.72,34.72,34.72,100
2026-05-04 11:15:00,34.72,34.72,34.72,34.72,100
2026-05-04 12:30:00,34.721,34.721,34.721,34.721,307
2026-05-04 13:20:00,34.72,34.7201,34.42,34.7201,568
2026-05-04 14:05:00,34.46,34.48,34.46,34.46,9866
2026-05-04 14:15:00,34.465,34.465,34.465,34.465,330
2026-05-04 14:20:00,34.44,34.44,34.44,34.44,100
2026-05-04 15:25:00,34.46,34.4667,34.46,34.4667,304
2026-05-04 15:45:00,34.4301,34.4301,34.4301,34.4301,146
2026-05-04 15:55:00,34.455,34.455,34.455,34.455,100
2026-05-04 16:00:00,34.34,34.34,34.34,34.34,161
2026-05-05 09:30:00,34.8,34.8,34.8,34.8,184
2026-05-05 10:15:00,34.75,34.75,34.75,34.75,100
2026-05-05 10:25:00,34.865,34.865,34.8418,34.8418,205
2026-05-05 11:05:00,34.93,34.93,34.9299,34.9299,800
2026-05-05 11:30:00,35,35,35,35,3130
2026-05-05 11:50:00,35.02,35.02,35.02,35.02,348
2026-05-05 12:10:00,34.98,34.98,34.98,34.98,240
2026-05-05 13:50:00,35.035,35.035,35.035,35.035,333
2026-05-05 13:55:00,35.035,35.035,35.035,35.035,351
2026-05-05 14:25:00,35.0001,35.0001,35.0001,35.0001,131
2026-05-05 14:40:00,35.0101,35.0101,35.0101,35.0101,148
2026-05-05 14:45:00,35.0117,35.0117,35.0117,35.0117,255
2026-05-05 14:50:00,35.08,35.1,35.05,35.05,3086
2026-05-05 14:55:00,35.01,35.01,34.99,35,951
2026-05-05 15:00:00,34.99,34.99,34.975,34.975,2800
2026-05-05 15:05:00,34.98,34.98,34.94,34.94,3187
2026-05-05 15:35:00,35.04,35.06,34.93,35.04,444
2026-05-06 09:35:00,35.86,35.86,35.86,35.86,100
2026-05-06 09:55:00,35.94,35.94,35.94,35.94,163
2026-05-06 10:00:00,35.875,35.875,35.875,35.875,494
2026-05-06 11:50:00,35.945,35.945,35.945,35.945,1158
2026-05-06 13:30:00,35.9585,35.9585,35.9585,35.9585,139
2026-05-06 13:45:00,35.959,35.959,35.959,35.959,446
2026-05-06 14:05:00,35.925,35.925,35.925,35.925,257
2026-05-06 14:45:00,35.96,35.96,35.96,35.96,109
2026-05-06 15:45:00,36,36,36,36,125
2026-05-06 15:50:00,36,36,35.98,35.98,520
2026-05-06 15:55:00,36.03,36.03,36.015,36.015,248
2026-05-07 09:35:00,35.9,35.9,35.9,35.9,100
2026-05-07 09:40:00,35.881,35.881,35.881,35.881,154
2026-05-07 10:25:00,35.815,35.815,35.815,35.815,124
2026-05-07 10:35:00,35.82,35.82,35.78,35.7801,720
2026-05-07 10:40:00,35.78,35.78,35.78,35.78,100
2026-05-07 10:45:00,35.7919,35.7919,35.7919,35.7919,241
2026-05-07 11:25:00,35.7899,35.7899,35.7899,35.7899,111
2026-05-07 12:50:00,35.56,35.56,35.56,35.56,1369
2026-05-07 13:45:00,35.45,35.45,35.45,35.45,100
2026-05-07 15:25:00,35.44,35.44,35.39,35.39,582
2026-05-07 15:50:00,35.42,35.44,35.42,35.43,300
2026-05-08 12:30:00,35.815,35.815,35.815,35.815,118
2026-05-08 13:20:00,35.83,35.83,35.83,35.83,100
2026-05-08 13:35:00,35.865,35.865,35.865,35.865,600
2026-05-08 14:05:00,35.9,35.9,35.9,35.9,149
2026-05-08 14:20:00,35.91,35.91,35.91,35.91,134
2026-05-11 09:45:00,36.02,36.02,36.02,36.02,1301
2026-05-11 10:15:00,35.99,35.99,35.99,35.99,100
2026-05-11 11:15:00,36,36,36,36,334
2026-05-11 12:00:00,36.025,36.025,36.025,36.025,1664
2026-05-11 12:20:00,36.01,36.0399,36.01,36.01,8646
2026-05-11 12:25:00,36.015,36.015,36.015,36.015,148
2026-05-11 12:40:00,35.98,35.98,35.98,35.98,200
2026-05-11 13:30:00,35.98,36.0191,35.98,36.0191,2112
2026-05-11 13:35:00,36.0299,36.0299,36.0299,36.0299,611
2026-05-11 14:10:00,36.06,36.06,36.06,36.06,214
2026-05-11 14:20:00,36.03,36.03,36.025,36.025,200
2026-05-11 15:05:00,36.03,36.03,35.9501,35.995,552
2026-05-11 15:25:00,35.96,35.965,35.96,35.965,1107
2026-05-11 15:45:00,35.94,35.95,35.9,35.95,690
2026-05-11 15:55:00,35.93,35.9994,35.93,35.9994,700
2026-05-12 10:40:00,35.46,35.46,35.46,35.46,105
2026-05-12 10:50:00,35.42,35.42,35.42,35.42,100
2026-05-12 11:00:00,35.3828,35.3828,35.3828,35.3828,110
2026-05-12 11:15:00,35.27,35.27,35.27,35.27,5564
2026-05-12 11:35:00,35.315,35.315,35.315,35.315,1382
2026-05-12 12:10:00,35.33,35.33,35.3299,35.3299,1364
2026-05-12 12:25:00,35.33,35.33,35.315,35.315,565
2026-05-12 12:35:00,35.2731,35.2731,35.2731,35.2731,114
2026-05-12 13:00:00,35.275,35.275,35.275,35.275,261
2026-05-12 13:05:00,35.305,35.305,35.305,35.305,142
2026-05-12 14:40:00,35.52,35.52,35.52,35.52,149
2026-05-12 15:30:00,35.525,35.525,35.525,35.525,1203
2026-05-12 15:45:00,35.5899,35.5899,35.5899,35.5899,278
2026-05-13 11:50:00,35.86,35.86,35.86,35.86,100
2026-05-13 11:55:00,35.8307,35.8307,35.8307,35.8307,447
2026-05-13 12:55:00,35.9,35.9,35.9,35.9,587
2026-05-13 14:20:00,35.9399,35.9399,35.939,35.9399,616
2026-05-13 14:45:00,35.89,35.89,35.89,35.89,400
2026-05-13 15:25:00,35.95,35.95,35.95,35.95,127
2026-05-14 09:30:00,35.865,35.865,35.865,35.865,139
2026-05-14 10:20:00,36,36,35.9999,35.9999,356
2026-05-14 11:35:00,35.985,35.985,35.985,35.985,325
2026-05-14 11:45:00,35.98,35.98,35.98,35.98,110
2026-05-14 12:55:00,35.95,35.95,35.95,35.95,200
2026-05-14 13:55:00,35.96,35.96,35.96,35.96,200
2026-05-14 14:05:00,35.9,35.9,35.9,35.9,293
2026-05-14 14:45:00,35.9005,35.92,35.891,35.9,906
2026-05-14 14:55:00,35.95,35.95,35.9499,35.9499,384
2026-05-14 15:25:00,35.9358,35.9358,35.9358,35.9358,431
2026-05-14 15:45:00,35.92,35.92,35.92,35.92,100
2026-05-15 12:05:00,35.17,35.17,35.17,35.17,377
2026-05-15 13:05:00,35.23,35.23,35.23,35.23,294
2026-05-15 14:00:00,35.2717,35.2717,35.2717,35.2717,262
2026-05-15 15:35:00,35.205,35.205,35.205,35.205,145
2026-05-15 15:55:00,35.165,35.165,35.165,35.165,100
2026-05-18 10:45:00,35.375,35.375,35.375,35.375,500
2026-05-18 11:00:00,35.36,35.36,35.36,35.36,100
2026-05-18 11:05:00,35.26,35.26,35.2577,35.2577,202
2026-05-18 12:25:00,35.25,35.25,35.25,35.25,300
2026-05-18 14:40:00,35.18,35.18,35.18,35.18,369
2026-05-18 15:05:00,35.3717,35.3717,35.3717,35.3717,571
2026-05-19 09:30:00,35.16,35.16,35.16,35.16,312
2026-05-19 09:40:00,35.1185,35.1185,35.1185,35.1185,112
2026-05-19 09:45:00,35.155,35.155,35.155,35.155,175
2026-05-19 10:50:00,35.0301,35.0301,35.0301,35.0301,117
2026-05-19 12:10:00,35.19,35.19,35.165,35.165,1415
2026-05-19 14:20:00,35.38,35.38,35.38,35.38,100
2026-05-19 14:30:00,35.34,35.34,35.34,35.34,483
2026-05-19 14:35:00,35.31,35.335,35.31,35.335,322
2026-05-19 15:05:00,35.275,35.275,35.275,35.275,100
2026-05-19 15:25:00,35.3,35.3,35.3,35.3,999
2026-05-20 09:45:00,35.36,35.36,35.36,35.36,282
2026-05-20 10:15:00,35.53,35.53,35.47,35.47,728
2026-05-20 10:30:00,35.98,35.98,35.98,35.98,100
2026-05-20 10:35:00,35.59,35.59,35.59,35.59,195
2026-05-20 10:40:00,35.59,35.59,35.59,35.59,350
2026-05-20 10:45:00,35.58,35.58,35.58,35.58,100
2026-05-20 12:50:00,35.69,35.69,35.69,35.69,866
2026-05-20 13:40:00,35.72,35.748,35.72,35.7479,972
2026-05-20 15:10:00,35.78,35.7843,35.78,35.784,707
2026-05-20 15:20:00,35.79,35.79,35.79,35.79,100
2026-05-20 15:55:00,35.835,35.835,35.835,35.835,200
2026-05-21 09:50:00,35.63,35.64,35.63,35.64,249
2026-05-21 10:05:00,35.8401,35.8401,35.8401,35.8401,266
2026-05-21 10:15:00,35.77,35.77,35.77,35.77,100
2026-05-21 10:30:00,35.7617,35.7617,35.7617,35.7617,485
2026-05-21 12:15:00,35.83,35.83,35.8172,35.8172,200
2026-05-21 12:20:00,35.79,35.79,35.79,35.79,100
2026-05-21 13:10:00,35.935,35.935,35.928,35.928,646
2026-05-21 13:15:00,36.01,36.04,36.01,36.04,256
2026-05-21 14:00:00,36.19,36.19,36.19,36.19,100
2026-05-21 14:15:00,36.2,36.2,36.2,36.2,100
2026-05-21 14:55:00,36.025,36.025,36.025,36.025,120
2026-05-21 15:10:00,36.04,36.04,36.04,36.04,638
2026-05-21 15:20:00,36.115,36.115,36.115,36.115,123
2026-05-21 15:25:00,36.08,36.08,36.08,36.08,100
2026-05-21 15:30:00,36.07,36.07,36.07,36.07,103
2026-05-22 09:40:00,36.025,36.025,36.025,36.025,1147
2026-05-22 12:00:00,36.03,36.03,36.03,36.03,200
2026-05-22 12:05:00,36.044,36.044,36.044,36.044,178
2026-05-22 12:45:00,36.03,36.0393,36.03,36.0392,593
2026-05-22 13:10:00,36.065,36.065,36.065,36.065,275
2026-05-22 13:30:00,36.1,36.1,36.1,36.1,1355
2026-05-22 13:35:00,36.1492,36.1492,36.1492,36.1492,208
2026-05-22 15:00:00,36.05,36.05,36.05,36.05,300
2026-05-22 15:20:00,35.97,35.97,35.97,35.97,142
2026-05-22 15:45:00,35.91,35.9101,35.901,35.9011,1600