2026-04-07 10:50:00,26.25,26.25,26.25,26.25,380
2026-04-07 10:55:00,26.22,26.23,26.22,26.23,532
2026-04-07 11:10:00,26.21,26.21,26.21,26.21,228
2026-04-07 13:35:00,26.24,26.24,26.24,26.24,3045
2026-04-07 14:05:00,26.27,26.27,26.27,26.27,300
2026-04-07 14:10:00,26.245,26.26,26.24,26.24,3819
2026-04-07 14:35:00,26.24,26.24,26.24,26.24,14736
2026-04-07 15:15:00,26.24,26.24,26.24,26.24,100
2026-04-07 15:25:00,26.27,26.27,26.27,26.27,1940
2026-04-07 15:45:00,26.27,26.27,26.27,26.27,100
2026-04-08 12:10:00,26.45,26.45,26.45,26.45,100
2026-04-08 12:25:00,26.415,26.415,26.415,26.415,100
2026-04-08 13:30:00,26.46,26.46,26.46,26.46,110
2026-04-08 14:30:00,26.45,26.45,26.45,26.45,200
2026-04-08 14:35:00,26.45,26.45,26.45,26.45,100
2026-04-08 14:40:00,26.45,26.45,26.44,26.44,300
2026-04-08 14:45:00,26.425,26.425,26.425,26.425,150
2026-04-08 14:50:00,26.44,26.44,26.44,26.44,300
2026-04-08 14:55:00,26.43,26.43,26.43,26.43,200
2026-04-08 15:00:00,26.44,26.44,26.44,26.44,100
2026-04-08 15:55:00,26.38,26.38,26.38,26.38,187
2026-04-08 16:00:00,26.44,26.44,26.44,26.44,200
2026-04-09 09:30:00,26.46,26.46,26.46,26.46,756
2026-04-09 09:40:00,26.45,26.45,26.45,26.45,100
2026-04-09 11:25:00,26.42,26.42,26.42,26.42,334
2026-04-09 11:45:00,26.44,26.44,26.44,26.44,300
2026-04-09 14:10:00,26.44,26.44,26.44,26.44,2102
2026-04-09 14:20:00,26.47,26.47,26.47,26.47,25627
2026-04-09 14:30:00,26.47,26.47,26.47,26.47,505
2026-04-09 14:35:00,26.48,26.48,26.48,26.48,100
2026-04-09 14:45:00,26.46,26.46,26.46,26.46,25351
2026-04-09 15:15:00,26.43,26.43,26.43,26.43,756
2026-04-09 15:25:00,26.46,26.46,26.46,26.46,160
2026-04-10 10:00:00,26.49,26.49,26.49,26.49,100
2026-04-13 09:45:00,26.48,26.48,26.48,26.48,100
2026-04-13 10:35:00,26.49,26.49,26.49,26.49,603
2026-04-13 11:25:00,26.475,26.475,26.475,26.475,177
2026-04-13 11:35:00,26.49,26.49,26.49,26.49,100
2026-04-13 11:50:00,26.4419,26.4419,26.4419,26.4419,226
2026-04-13 14:15:00,26.49,26.49,26.49,26.49,162
2026-04-13 14:30:00,26.5,26.5,26.5,26.5,829
2026-04-13 14:35:00,26.49,26.49,26.49,26.49,152
2026-04-13 15:15:00,26.485,26.4851,26.485,26.4851,1290
2026-04-13 15:20:00,26.5,26.5,26.5,26.5,100
2026-04-14 10:15:00,26.51,26.55,26.51,26.55,500
2026-04-14 10:55:00,26.51,26.51,26.51,26.51,621
2026-04-14 11:05:00,26.545,26.545,26.545,26.545,556
2026-04-14 11:10:00,26.55,26.57,26.55,26.5662,741
2026-04-14 11:35:00,26.57,26.57,26.57,26.57,100
2026-04-14 12:00:00,26.57,26.57,26.57,26.57,211
2026-04-14 12:25:00,26.5795,26.5795,26.5327,26.5327,292
2026-04-14 12:45:00,26.5798,26.5798,26.5798,26.5798,677
2026-04-14 13:20:00,26.5796,26.5796,26.5796,26.5796,192
2026-04-14 14:05:00,26.5597,26.5597,26.5597,26.5597,133
2026-04-14 14:10:00,26.57,26.57,26.57,26.57,500
2026-04-14 14:30:00,26.57,26.57,26.55,26.57,1700
2026-04-14 14:40:00,26.57,26.57,26.57,26.57,653
2026-04-14 15:00:00,26.57,26.57,26.57,26.57,302
2026-04-15 11:50:00,26.565,26.565,26.565,26.565,300
2026-04-15 11:55:00,26.58,26.58,26.58,26.58,100
2026-04-15 14:05:00,26.58,26.59,26.58,26.585,300
2026-04-15 14:20:00,26.59,26.59,26.59,26.59,100
2026-04-15 14:25:00,26.59,26.59,26.59,26.59,400
2026-04-16 09:35:00,26.62,26.62,26.62,26.62,100
2026-04-16 13:00:00,26.575,26.575,26.575,26.575,225
2026-04-16 13:15:00,26.59,26.6,26.59,26.6,500
2026-04-16 13:35:00,26.575,26.575,26.575,26.575,741
2026-04-16 13:50:00,26.6,26.6,26.6,26.6,100
2026-04-17 09:35:00,26.66,26.66,26.66,26.66,100
2026-04-17 12:45:00,26.66,26.66,26.66,26.66,100
2026-04-20 10:25:00,26.61,26.6101,26.5829,26.5829,1600
2026-04-20 13:15:00,26.616,26.616,26.616,26.616,380
2026-04-20 13:25:00,26.62,26.62,26.62,26.62,470
2026-04-20 14:50:00,26.64,26.64,26.64,26.64,100
2026-04-20 15:25:00,26.62,26.62,26.62,26.62,3755
2026-04-20 15:40:00,26.63,26.64,26.63,26.64,410
2026-04-20 15:55:00,26.63,26.63,26.57,26.63,3300
2026-04-21 09:30:00,26.68,26.68,26.68,26.68,740
2026-04-21 09:45:00,26.67,26.67,26.67,26.67,100
2026-04-21 11:15:00,26.6699,26.6699,26.6699,26.6699,200
2026-04-21 11:20:00,26.64,26.65,26.64,26.65,200
2026-04-21 12:35:00,26.58,26.58,26.58,26.58,965
2026-04-21 13:55:00,26.61,26.61,26.61,26.61,2591
2026-04-21 14:10:00,26.61,26.61,26.61,26.61,564
2026-04-22 12:00:00,26.635,26.635,26.635,26.635,200
2026-04-22 13:45:00,26.65,26.65,26.65,26.65,100
2026-04-22 14:05:00,26.63,26.63,26.63,26.63,375
2026-04-23 12:05:00,26.66,26.67,26.66,26.67,450
2026-04-23 13:35:00,26.63,26.64,26.63,26.64,478
2026-04-23 15:05:00,26.62,26.62,26.62,26.62,2628
2026-04-24 09:30:00,26.65,26.65,26.65,26.65,300
2026-04-27 10:25:00,26.6394,26.6394,26.6394,26.6394,163
2026-04-27 11:00:00,26.64,26.64,26.64,26.64,166
2026-04-27 12:10:00,26.665,26.665,26.665,26.665,224
2026-04-27 12:45:00,26.71,26.71,26.71,26.71,238
2026-04-28 14:30:00,26.68,26.68,26.68,26.68,1625
2026-04-28 14:50:00,26.665,26.665,26.665,26.665,374
2026-04-29 10:30:00,26.64,26.64,26.64,26.64,2101
2026-04-29 11:15:00,26.675,26.675,26.675,26.675,260
2026-04-29 13:30:00,26.7,26.7,26.7,26.7,100
2026-04-30 10:25:00,26.68,26.68,26.68,26.68,150
2026-04-30 10:30:00,26.71,26.72,26.71,26.72,300
2026-04-30 11:10:00,26.64,26.64,26.64,26.64,200
2026-04-30 11:15:00,26.685,26.685,26.685,26.685,187
2026-04-30 11:35:00,26.72,26.72,26.72,26.72,100
2026-04-30 12:30:00,26.7,26.7,26.7,26.7,1646
2026-04-30 15:25:00,26.71,26.71,26.71,26.71,505
2026-04-30 15:55:00,26.7,26.7,26.7,26.7,2615
2026-05-01 10:45:00,26.68,26.68,26.68,26.68,749
2026-05-01 10:50:00,26.74,26.7699,26.68,26.74,1236
2026-05-01 12:00:00,26.7699,26.7699,26.7699,26.7699,750
2026-05-04 12:05:00,26.715,26.715,26.715,26.715,500
2026-05-04 14:15:00,26.74,26.74,26.74,26.74,100
2026-05-04 14:30:00,26.67,26.67,26.67,26.67,150
2026-05-05 10:10:00,26.73,26.73,26.73,26.73,224
2026-05-05 10:55:00,26.75,26.75,26.75,26.75,100
2026-05-05 14:10:00,26.75,26.75,26.75,26.75,300
2026-05-06 10:25:00,26.77,26.79,26.77,26.77,478
2026-05-06 11:45:00,26.78,26.79,26.78,26.78,1494
2026-05-06 15:20:00,26.755,26.79,26.755,26.755,4937
2026-05-07 11:35:00,26.76,26.78,26.76,26.78,659
2026-05-07 12:35:00,26.71,26.7101,26.71,26.7101,278
2026-05-07 12:50:00,26.78,26.78,26.78,26.78,100
2026-05-07 13:55:00,26.76,26.76,26.76,26.76,468