2026-04-22 09:30:00,60.91,60.91,60.78,60.78,1948
2026-04-22 09:35:00,60.869,60.869,60.85,60.85,255
2026-04-22 09:40:00,60.9,60.9,60.87,60.87,477
2026-04-22 09:45:00,60.9234,60.925,60.85,60.85,1695
2026-04-22 09:55:00,60.89,60.89,60.85,60.85,1846
2026-04-22 10:00:00,60.92,60.92,60.92,60.92,108
2026-04-22 10:10:00,60.99,60.999,60.965,60.985,5881
2026-04-22 10:15:00,61.06,61.0699,61.05,61.0693,1091
2026-04-22 10:20:00,61.11,61.14,61.11,61.125,2964
2026-04-22 10:30:00,61.16,61.16,61.11,61.15,1126
2026-04-22 10:35:00,61.11,61.19,61.11,61.19,1327
2026-04-22 10:40:00,61.21,61.21,61.11,61.12,2490
2026-04-22 10:45:00,61.13,61.17,61.13,61.17,1192
2026-04-22 10:55:00,61.115,61.115,61.115,61.115,241
2026-04-22 11:00:00,61.14,61.14,61.095,61.095,10155
2026-04-22 11:05:00,61.13,61.17,61.13,61.17,350
2026-04-22 11:10:00,61.1401,61.1401,61.1401,61.1401,220
2026-04-22 11:15:00,61.14,61.14,61.14,61.14,917
2026-04-22 11:20:00,61.17,61.21,61.17,61.21,400
2026-04-22 11:25:00,61.21,61.21,61.19,61.2,1418
2026-04-22 11:30:00,61.22,61.22,61.1722,61.1722,2598
2026-04-22 11:35:00,61.2,61.2,61.1999,61.1999,367
2026-04-22 11:40:00,61.2094,61.21,61.12,61.12,3278
2026-04-22 11:45:00,61.119,61.19,61.1108,61.19,1987
2026-04-22 11:50:00,61.1797,61.1798,61.14,61.1798,4325
2026-04-22 11:55:00,61.18,61.2195,61.18,61.2195,813
2026-04-22 12:00:00,61.18,61.2,61.18,61.2,2608
2026-04-22 12:05:00,61.22,61.22,61.2,61.2,338
2026-04-22 12:10:00,61.185,61.185,61.17,61.17,778
2026-04-22 12:15:00,61.2,61.2099,61.17,61.188,2672
2026-04-22 12:20:00,61.15,61.18,61.15,61.18,992
2026-04-22 12:25:00,61.169,61.169,61.1632,61.1632,500
2026-04-22 12:30:00,61.1295,61.155,61.1088,61.14,9451
2026-04-22 12:35:00,61.15,61.15,61.14,61.14,1335
2026-04-22 12:40:00,61.17,61.17,61.135,61.135,1350
2026-04-22 12:45:00,61.15,61.15,61.15,61.15,450
2026-04-22 12:50:00,61.14,61.14,61.14,61.14,100
2026-04-22 12:55:00,61.12,61.12,61.12,61.12,316
2026-04-22 13:00:00,61.1998,61.1998,61.1998,61.1998,125
2026-04-22 13:10:00,61.26,61.26,61.26,61.26,471
2026-04-22 13:15:00,61.22,61.24,61.22,61.24,269
2026-04-22 13:20:00,61.3,61.3,61.3,61.3,650
2026-04-22 13:25:00,61.2599,61.2599,61.2599,61.2599,652
2026-04-22 13:30:00,61.2724,61.2793,61.27,61.27,1023
2026-04-22 13:40:00,61.3029,61.3029,61.3029,61.3029,244
2026-04-22 13:45:00,61.25,61.29,61.2319,61.29,1359
2026-04-22 13:50:00,61.32,61.32,61.31,61.31,238
2026-04-22 13:55:00,61.31,61.31,61.2915,61.2915,928
2026-04-22 14:00:00,61.2899,61.31,61.2899,61.31,1885
2026-04-22 14:05:00,61.31,61.31,61.3,61.3,494
2026-04-22 14:20:00,61.25,61.27,61.248,61.248,2249
2026-04-22 14:25:00,61.26,61.26,61.25,61.25,274
2026-04-22 14:30:00,61.23,61.288,61.23,61.288,1086
2026-04-22 14:40:00,61.3,61.3,61.3,61.3,100
2026-04-22 14:45:00,61.3099,61.31,61.3,61.31,899
2026-04-22 14:50:00,61.315,61.315,61.315,61.315,135
2026-04-22 14:55:00,61.3,61.3,61.3,61.3,735
2026-04-22 15:00:00,61.27,61.27,61.265,61.265,391
2026-04-22 15:05:00,61.26,61.32,61.26,61.32,608
2026-04-22 15:10:00,61.33,61.33,61.31,61.32,6338
2026-04-22 15:15:00,61.33,61.34,61.33,61.34,8628
2026-04-22 15:20:00,61.38,61.39,61.36,61.36,974
2026-04-22 15:25:00,61.37,61.39,61.37,61.375,1178
2026-04-22 15:30:00,61.36,61.405,61.36,61.4,2632
2026-04-22 15:35:00,61.4,61.41,61.38,61.405,42534
2026-04-22 15:40:00,61.4015,61.41,61.4,61.4,2215
2026-04-22 15:45:00,61.41,61.41,61.41,61.41,550
2026-04-22 15:50:00,61.455,61.455,61.43,61.435,702
2026-04-22 15:55:00,61.46,61.49,61.46,61.49,5263
2026-04-23 09:30:00,61.14,61.14,60.97,60.97,3307
2026-04-23 09:45:00,61.1,61.21,61.1,61.15,2159
2026-04-23 09:50:00,61.08,61.08,61.065,61.065,200
2026-04-23 09:55:00,61.06,61.06,61.03,61.03,200
2026-04-23 10:00:00,60.91,60.9999,60.86,60.9999,2118
2026-04-23 10:05:00,60.89,60.9072,60.87,60.9072,991
2026-04-23 10:10:00,60.95,60.95,60.86,60.87,7609
2026-04-23 10:15:00,60.94,60.94,60.92,60.92,625
2026-04-23 10:20:00,60.88,60.91,60.88,60.91,464
2026-04-23 10:25:00,60.95,60.97,60.93,60.93,800
2026-04-23 10:30:00,60.965,61,60.965,60.99,400
2026-04-23 10:35:00,61.015,61.05,61.015,61.05,1225
2026-04-23 10:45:00,61.0593,61.0593,61.0593,61.0593,1244
2026-04-23 10:50:00,61.035,61.035,61.035,61.035,281
2026-04-23 10:55:00,61.17,61.19,61.1536,61.19,2039
2026-04-23 11:00:00,61.205,61.205,61.205,61.205,456
2026-04-23 11:05:00,61.1701,61.176,61.1677,61.1677,947
2026-04-23 11:10:00,61.225,61.225,61.225,61.225,1124
2026-04-23 11:15:00,61.27,61.27,61.27,61.27,350
2026-04-23 11:20:00,61.255,61.255,61.255,61.255,100
2026-04-23 11:25:00,61.2599,61.2599,61.24,61.24,2759
2026-04-23 11:30:00,61.235,61.235,61.235,61.235,200
2026-04-23 11:40:00,61.21,61.21,61.21,61.21,988
2026-04-23 11:50:00,61.0799,61.0799,61.0799,61.0799,537
2026-04-23 11:55:00,61.0634,61.0634,61.0634,61.0634,446
2026-04-23 12:00:00,61.08,61.08,61.0632,61.0632,788
2026-04-23 12:05:00,60.975,60.98,60.97,60.97,4955
2026-04-23 12:10:00,60.975,61.045,60.975,61.045,300
2026-04-23 12:20:00,61.03,61.035,61.03,61.035,387
2026-04-23 12:25:00,61.06,61.06,61.01,61.01,1864
2026-04-23 12:40:00,61.045,61.06,61.04,61.04,3424
2026-04-23 12:45:00,61.02,61.02,61.02,61.02,100
2026-04-23 12:50:00,61.03,61.05,61.03,61.045,762
2026-04-23 12:55:00,61.05,61.05,61.01,61.0276,342
2026-04-23 13:00:00,61.03,61.03,60.9,60.9,1497
2026-04-23 13:05:00,60.78,60.78,60.75,60.75,313
2026-04-23 13:10:00,60.67,60.68,60.67,60.68,431
2026-04-23 13:15:00,60.642,60.66,60.57,60.57,423
2026-04-23 13:20:00,60.56,60.56,60.48,60.48,2225
2026-04-23 13:25:00,60.475,60.475,60.47,60.47,325
2026-04-23 13:35:00,60.434,60.434,60.434,60.434,1394
2026-04-23 13:40:00,60.37,60.37,60.23,60.26,872
2026-04-23 13:45:00,60.06,60.19,60.03,60.19,1644
2026-04-23 13:50:00,60.1,60.45,60.1,60.4,3022
2026-04-23 13:55:00,60.38,60.52,60.38,60.5,13876
2026-04-23 14:00:00,60.52,60.64,60.47,60.57,51323
2026-04-23 14:05:00,60.55,60.66,60.5246,60.595,67579
2026-04-23 14:10:00,60.595,60.66,60.57,60.627,57293
2026-04-23 14:15:00,60.62,60.65,60.6,60.62,6898
2026-04-23 14:20:00,60.64,60.64,60.61,60.63,1700
2026-04-23 14:25:00,60.62,60.65,60.62,60.65,2549
2026-04-23 14:30:00,60.69,60.73,60.68,60.73,4650
2026-04-23 14:35:00,60.7351,60.769,60.71,60.71,4612
2026-04-23 14:40:00,60.718,60.72,60.63,60.69,5160
2026-04-23 14:45:00,60.68,60.68,60.64,60.64,4222
2026-04-23 14:50:00,60.6,60.62,60.57,60.62,813
2026-04-23 14:55:00,60.6,60.6,60.46,60.47,2013
2026-04-23 15:00:00,60.47,60.5,60.45,60.48,2172
2026-04-23 15:05:00,60.52,60.59,60.52,60.575,5118
2026-04-23 15:10:00,60.565,60.59,60.545,60.59,1996
2026-04-23 15:15:00,60.605,60.645,60.605,60.62,1495
2026-04-23 15:20:00,60.6,60.62,60.6,60.61,1347
2026-04-23 15:25:00,60.605,60.64,60.605,60.635,3997
2026-04-23 15:30:00,60.62,60.665,60.62,60.62,1378
2026-04-23 15:35:00,60.56,60.565,60.51,60.55,1375
2026-04-23 15:40:00,60.56,60.585,60.53,60.53,1408
2026-04-23 15:45:00,60.54,60.58,60.54,60.58,900
2026-04-23 15:50:00,60.59,60.63,60.54,60.625,4244
2026-04-23 15:55:00,60.62,60.71,60.615,60.67,10000
2026-04-23 16:00:00,60.67,60.67,60.67,60.67,246
2026-04-24 09:30:00,61.07,61.07,61.07,61.07,967
2026-04-24 09:35:00,60.995,61.09,60.995,61.09,618
2026-04-24 09:45:00,61.04,61.095,60.9933,61.06,4280
2026-04-24 09:50:00,61.135,61.135,61.11,61.11,1542
2026-04-24 10:00:00,60.92,60.96,60.895,60.96,2435
2026-04-24 10:05:00,60.975,61.0013,60.975,61.0013,995
2026-04-24 10:10:00,61.03,61.03,61.03,61.03,297
2026-04-24 10:15:00,61.0511,61.06,61,61,512
2026-04-24 10:30:00,60.94,60.94,60.875,60.875,500
2026-04-24 10:35:00,61.04,61.04,61.04,61.04,400
2026-04-24 10:40:00,61.08,61.14,61.074,61.135,651
2026-04-24 10:45:00,61.17,61.18,61.17,61.1799,911
2026-04-24 10:50:00,61.1501,61.195,61.1501,61.195,463
2026-04-24 10:55:00,61.21,61.28,61.21,61.28,452
2026-04-24 11:00:00,61.28,61.325,61.28,61.315,464
2026-04-24 11:05:00,61.3337,61.36,61.3,61.35,3442
2026-04-24 11:10:00,61.35,61.4,61.35,61.4,4242
2026-04-24 11:15:00,61.41,61.415,61.36,61.36,2538
2026-04-24 11:20:00,61.36,61.43,61.36,61.42,1042
2026-04-24 11:25:00,61.41,61.42,61.37,61.41,3506
2026-04-24 11:30:00,61.43,61.48,61.43,61.46,3259
2026-04-24 11:35:00,61.44,61.4499,61.405,61.405,5087
2026-04-24 11:40:00,61.43,61.53,61.415,61.53,1455
2026-04-24 11:45:00,61.61,61.61,61.52,61.5681,1083
2026-04-24 11:50:00,61.6,61.67,61.6,61.63,3047
2026-04-24 11:55:00,61.63,61.65,61.61,61.6221,3516
2026-04-24 12:00:00,61.64,61.64,61.61,61.61,2539
2026-04-24 12:05:00,61.64,61.64,61.63,61.6303,492
2026-04-24 12:10:00,61.585,61.585,61.585,61.585,220
2026-04-24 12:15:00,61.58,61.58,61.57,61.57,1759
2026-04-24 12:20:00,61.61,61.63,61.61,61.63,8895
2026-04-24 12:25:00,61.65,61.65,61.62,61.63,844
2026-04-24 12:30:00,61.68,61.7,61.66,61.66,25768
2026-04-24 12:35:00,61.69,61.7,61.69,61.7,1355
2026-04-24 12:45:00,61.64,61.65,61.64,61.65,1381
2026-04-24 12:55:00,61.645,61.68,61.645,61.68,320
2026-04-24 13:00:00,61.7,61.7,61.69,61.69,1537
2026-04-24 13:05:00,61.695,61.7099,61.68,61.68,636
2026-04-24 13:15:00,61.6999,61.6999,61.66,61.66,1198
2026-04-24 13:20:00,61.6343,61.6343,61.5903,61.6283,3885
2026-04-24 13:25:00,61.6002,61.6002,61.5955,61.5955,1430
2026-04-24 13:30:00,61.57,61.58,61.57,61.57,1257
2026-04-24 13:35:00,61.63,61.64,61.63,61.64,229
2026-04-24 13:40:00,61.6598,61.66,61.6598,61.66,284
2026-04-24 13:45:00,61.66,61.66,61.66,61.66,310
2026-04-24 13:50:00,61.73,61.78,61.73,61.74,1572
2026-04-24 13:55:00,61.7496,61.75,61.72,61.72,1641
2026-04-24 14:00:00,61.69,61.69,61.69,61.69,234
2026-04-24 14:05:00,61.66,61.66,61.66,61.66,152
2026-04-24 14:10:00,61.69,61.7,61.68,61.68,5588
2026-04-24 14:15:00,61.65,61.65,61.6438,61.6438,422
2026-04-24 14:20:00,61.63,61.63,61.63,61.63,162
2026-04-24 14:30:00,61.67,61.67,61.67,61.67,636
2026-04-24 14:40:00,61.7,61.7,61.69,61.69,902
2026-04-24 14:50:00,61.65,61.6794,61.65,61.6794,513
2026-04-24 14:55:00,61.68,61.68,61.68,61.68,141
2026-04-24 15:00:00,61.72,61.72,61.71,61.71,6131
2026-04-24 15:05:00,61.71,61.75,61.71,61.75,732
2026-04-24 15:15:00,61.83,61.83,61.82,61.82,727
2026-04-24 15:20:00,61.8099,61.8099,61.7901,61.798,4736
2026-04-24 15:25:00,61.78,61.79,61.77,61.78,2895
2026-04-24 15:35:00,61.74,61.74,61.7129,61.7129,469
2026-04-24 15:40:00,61.72,61.75,61.72,61.73,1034
2026-04-24 15:45:00,61.73,61.73,61.71,61.71,1850
2026-04-24 15:50:00,61.73,61.74,61.69,61.74,6245
2026-04-24 15:55:00,61.76,61.77,61.73,61.73,21039
2026-04-24 16:00:00,61.75,61.75,61.75,61.75,104
2026-04-27 07:05:00,61.04,61.04,61.04,61.04,100
2026-04-27 09:30:00,61.7,61.7,61.7,61.7,976
2026-04-27 09:35:00,61.6,61.6,61.6,61.6,350
2026-04-27 09:45:00,61.59,61.59,61.49,61.52,1984
2026-04-27 09:50:00,61.42,61.64,61.42,61.64,7216
2026-04-27 09:55:00,61.66,61.66,61.61,61.63,867
2026-04-27 10:00:00,61.63,61.63,61.63,61.63,158
2026-04-27 10:05:00,61.63,61.63,61.6,61.6,646
2026-04-27 10:10:00,61.62,61.62,61.62,61.62,500
2026-04-27 10:15:00,61.55,61.55,61.55,61.55,521
2026-04-27 10:20:00,61.57,61.57,61.57,61.57,100
2026-04-27 10:25:00,61.635,61.635,61.635,61.635,126
2026-04-27 10:30:00,61.59,61.59,61.55,61.559,1565
2026-04-27 10:35:00,61.62,61.7,61.62,61.66,3749
2026-04-27 10:40:00,61.67,61.67,61.63,61.67,1000
2026-04-27 10:45:00,61.66,61.66,61.62,61.62,1072
2026-04-27 10:50:00,61.65,61.65,61.65,61.65,1397
2026-04-27 10:55:00,61.67,61.6899,61.66,61.6899,6770
2026-04-27 11:00:00,61.65,61.65,61.6,61.6,1517
2026-04-27 11:05:00,61.63,61.665,61.63,61.665,499
2026-04-27 11:10:00,61.6699,61.67,61.66,61.66,894
2026-04-27 11:15:00,61.66,61.66,61.66,61.66,1146
2026-04-27 11:20:00,61.62,61.62,61.62,61.62,546
2026-04-27 11:25:00,61.64,61.64,61.64,61.64,480
2026-04-27 11:35:00,61.686,61.686,61.686,61.686,725
2026-04-27 11:40:00,61.72,61.72,61.72,61.72,100
2026-04-27 11:45:00,61.68,61.73,61.68,61.72,524
2026-04-27 11:50:00,61.71,61.71,61.6701,61.6701,800
2026-04-27 11:55:00,61.71,61.71,61.695,61.695,1200
2026-04-27 12:00:00,61.7201,61.73,61.7201,61.73,554
2026-04-27 12:05:00,61.76,61.76,61.76,61.76,111
2026-04-27 12:15:00,61.81,61.81,61.81,61.81,594
2026-04-27 12:20:00,61.79,61.79,61.78,61.78,504
2026-04-27 12:30:00,61.81,61.8499,61.81,61.8499,2823
2026-04-27 12:35:00,61.89,61.89,61.89,61.89,587
2026-04-27 12:40:00,61.9001,61.9001,61.88,61.9,1348
2026-04-27 12:45:00,61.9,61.9099,61.89,61.9099,598
2026-04-27 12:50:00,61.88,61.9,61.88,61.9,217
2026-04-27 12:55:00,61.86,61.86,61.85,61.86,6550
2026-04-27 13:00:00,61.9,61.9,61.9,61.9,450
2026-04-27 13:15:00,61.905,61.905,61.905,61.905,129
2026-04-27 13:20:00,61.89,61.96,61.89,61.94,1952
2026-04-27 13:25:00,61.9809,61.9809,61.98,61.98,1202
2026-04-27 13:30:00,62,62.0518,62,62.0518,1700
2026-04-27 13:35:00,62.04,62.06,62.04,62.06,537
2026-04-27 13:40:00,62.03,62.03,62.03,62.03,1148
2026-04-27 13:45:00,62.0412,62.08,62.0412,62.0799,2749
2026-04-27 13:50:00,62.065,62.065,62.05,62.05,1135
2026-04-27 13:55:00,62.0501,62.0501,62.0501,62.0501,3059
2026-04-27 14:00:00,62.0511,62.06,62.05,62.05,1263
2026-04-27 14:10:00,62.07,62.088,62.06,62.06,3128
2026-04-27 14:15:00,62.07,62.0957,62.07,62.0957,1280
2026-04-27 14:20:00,62.09,62.09,62.09,62.09,581
2026-04-27 14:35:00,62.07,62.07,62.05,62.05,876
2026-04-27 14:40:00,62.0301,62.04,62.0301,62.04,535
2026-04-27 14:45:00,62.02,62.03,62.02,62.0299,598
2026-04-27 14:50:00,62.0098,62.0098,61.98,61.98,790
2026-04-27 14:55:00,61.9901,62.01,61.9862,62.01,2707
2026-04-27 15:00:00,62.01,62.02,62,62,1005
2026-04-27 15:05:00,61.985,61.9899,61.985,61.9899,4875
2026-04-27 15:10:00,61.98,61.98,61.98,61.98,2470
2026-04-27 15:15:00,62.03,62.04,62.03,62.04,625
2026-04-27 15:20:00,62.04,62.0499,62.03,62.04,6052
2026-04-27 15:35:00,62.03,62.03,62.01,62.01,1105
2026-04-27 15:40:00,62.0486,62.0486,62.04,62.04,591
2026-04-27 15:45:00,62.05,62.07,62.05,62.07,1125
2026-04-27 15:50:00,62.09,62.1,62.07,62.07,934
2026-04-27 15:55:00,62.06,62.08,62.06,62.08,2308
2026-04-27 16:00:00,62.09,62.09,62.09,62.09,283
2026-04-28 09:30:00,61.31,61.31,61.22,61.22,938
2026-04-28 09:35:00,61.3,61.309,61.3,61.309,360
2026-04-28 09:40:00,61.3499,61.3499,61.33,61.33,326
2026-04-28 09:45:00,61.41,61.46,61.38,61.455,1033
2026-04-28 09:50:00,61.44,61.4661,61.44,61.4661,507
2026-04-28 09:55:00,61.35,61.375,61.35,61.375,1168
2026-04-28 10:05:00,61.49,61.49,61.46,61.47,34751
2026-04-28 10:10:00,61.46,61.4999,61.43,61.45,6245
2026-04-28 10:15:00,61.45,61.45,61.41,61.44,2625
2026-04-28 10:20:00,61.4499,61.4499,61.36,61.36,8701
2026-04-28 10:25:00,61.36,61.3751,61.32,61.3751,1496
2026-04-28 10:35:00,61.22,61.22,61.0991,61.0991,32210
2026-04-28 10:45:00,61.15,61.15,61.08,61.11,700
2026-04-28 10:50:00,61,61.0199,60.91,60.99,46396
2026-04-28 10:55:00,60.95,60.95,60.95,60.95,122
2026-04-28 11:05:00,60.99,61.017,60.95,61.005,3618
2026-04-28 11:15:00,61.09,61.09,61.085,61.085,1614
2026-04-28 11:20:00,61.1,61.1,61.1,61.1,1481
2026-04-28 11:25:00,60.96,61,60.96,61,1949
2026-04-28 11:30:00,60.94,60.94,60.925,60.925,260
2026-04-28 11:35:00,60.93,60.995,60.925,60.985,1859
2026-04-28 11:45:00,60.974,60.974,60.92,60.92,3301
2026-04-28 11:50:00,60.93,60.93,60.93,60.93,161
2026-04-28 11:55:00,60.98,60.985,60.98,60.985,329
2026-04-28 12:00:00,61.03,61.03,61.03,61.03,800
2026-04-28 12:05:00,61.05,61.05,61.05,61.05,100
2026-04-28 12:10:00,61.025,61.025,61.025,61.025,149
2026-04-28 12:15:00,61.05,61.06,61.03,61.06,1953
2026-04-28 12:20:00,61.08,61.08,61.06,61.06,1288
2026-04-28 12:25:00,61.0549,61.08,61.0549,61.08,437
2026-04-28 12:30:00,61.0691,61.0691,61.02,61.02,1681
2026-04-28 12:35:00,60.9964,61.015,60.9964,61.015,411
2026-04-28 12:45:00,61.0307,61.0307,61.0307,61.0307,191
2026-04-28 12:50:00,61.06,61.06,61.01,61.01,1804
2026-04-28 13:00:00,61.07,61.07,61.07,61.07,311
2026-04-28 13:10:00,61.0799,61.0799,61.0799,61.0799,1481
2026-04-28 13:15:00,61.06,61.06,61.06,61.06,100
2026-04-28 13:20:00,61.05,61.05,61.04,61.04,1119
2026-04-28 13:25:00,61.11,61.11,61.11,61.11,4249
2026-04-28 13:35:00,61.1789,61.1789,61.17,61.17,341
2026-04-28 13:40:00,61.185,61.185,61.185,61.185,100
2026-04-28 13:45:00,61.2199,61.2199,61.2199,61.2199,155
2026-04-28 13:50:00,61.2291,61.2291,61.2291,61.2291,392
2026-04-28 13:55:00,61.25,61.26,61.25,61.26,250
2026-04-28 14:00:00,61.2774,61.2774,61.26,61.26,500
2026-04-28 14:05:00,61.25,61.27,61.25,61.27,565
2026-04-28 14:10:00,61.25,61.27,61.25,61.27,750
2026-04-28 14:15:00,61.31,61.31,61.31,61.31,4374
2026-04-28 14:20:00,61.35,61.36,61.335,61.335,3921
2026-04-28 14:25:00,61.345,61.3477,61.34,61.34,4610
2026-04-28 14:30:00,61.3498,61.3498,61.3498,61.3498,408
2026-04-28 14:35:00,61.286,61.33,61.286,61.33,2437
2026-04-28 14:40:00,61.35,61.35,61.35,61.35,200
2026-04-28 14:45:00,61.37,61.37,61.3693,61.37,12619
2026-04-28 14:55:00,61.37,61.38,61.37,61.38,1000
2026-04-28 15:00:00,61.4,61.41,61.4,61.41,4073
2026-04-28 15:05:00,61.43,61.46,61.43,61.46,2325
2026-04-28 15:10:00,61.44,61.468,61.44,61.45,4026
2026-04-28 15:15:00,61.38,61.38,61.38,61.38,100
2026-04-28 15:20:00,61.4199,61.4199,61.4,61.4,510
2026-04-28 15:30:00,61.43,61.43,61.4,61.4,626
2026-04-28 15:35:00,61.39,61.39,61.39,61.39,951
2026-04-28 15:40:00,61.4196,61.4196,61.4,61.4,1147
2026-04-28 15:45:00,61.4,61.4,61.37,61.37,2061
2026-04-28 15:50:00,61.39,61.3956,61.33,61.33,958
2026-04-28 15:55:00,61.32,61.34,61.32,61.32,2830
2026-04-28 16:00:00,61.35,61.35,61.35,61.35,180
2026-04-29 09:30:00,61.44,61.44,61.17,61.17,2026
2026-04-29 09:35:00,61.12,61.204,61.12,61.204,225
2026-04-29 09:45:00,61.17,61.175,61.155,61.175,800
2026-04-29 09:50:00,61.21,61.21,61.21,61.21,100
2026-04-29 10:00:00,61.2699,61.2699,61.195,61.195,600
2026-04-29 10:05:00,61.19,61.19,61.16,61.16,570
2026-04-29 10:10:00,61.19,61.23,61.19,61.23,20201
2026-04-29 10:15:00,61.255,61.255,61.255,61.255,611
2026-04-29 10:20:00,61.29,61.29,61.29,61.29,100
2026-04-29 10:25:00,61.33,61.37,61.33,61.37,1197
2026-04-29 10:30:00,61.34,61.41,61.34,61.4098,1614
2026-04-29 10:35:00,61.42,61.43,61.41,61.41,928
2026-04-29 10:40:00,61.415,61.415,61.385,61.385,688
2026-04-29 10:45:00,61.37,61.37,61.37,61.37,100
2026-04-29 10:50:00,61.36,61.37,61.36,61.365,7790
2026-04-29 10:55:00,61.365,61.365,61.365,61.365,203
2026-04-29 11:05:00,61.275,61.275,61.275,61.275,114
2026-04-29 11:10:00,61.18,61.18,61.165,61.17,1400
2026-04-29 11:15:00,61.16,61.24,61.15,61.22,11259
2026-04-29 11:20:00,61.24,61.24,61.23,61.235,4758
2026-04-29 11:25:00,61.27,61.27,61.221,61.221,432
2026-04-29 11:30:00,61.26,61.26,61.26,61.26,100
2026-04-29 11:40:00,61.24,61.24,61.23,61.23,900
2026-04-29 11:45:00,61.29,61.29,61.26,61.28,1087
2026-04-29 11:50:00,61.275,61.275,61.085,61.085,3622
2026-04-29 11:55:00,61.1,61.1,61.09,61.09,200
2026-04-29 12:00:00,61.125,61.125,61.12,61.12,461
2026-04-29 12:05:00,61.1699,61.19,61.1699,61.19,446
2026-04-29 12:10:00,61.2,61.2,61.1412,61.1412,1387
2026-04-29 12:15:00,61.14,61.14,61.14,61.14,150
2026-04-29 12:20:00,61.07,61.1,61.07,61.1,1496
2026-04-29 12:25:00,61.04,61.04,61.02,61.02,410
2026-04-29 12:30:00,60.98,60.98,60.91,60.91,1325
2026-04-29 12:35:00,60.92,60.92,60.92,60.92,122
2026-04-29 12:40:00,61.01,61.01,61.01,61.01,269
2026-04-29 12:45:00,60.97,61,60.97,61,694
2026-04-29 12:55:00,60.97,60.97,60.97,60.97,100
2026-04-29 13:00:00,60.97,60.97,60.94,60.94,2345
2026-04-29 13:05:00,60.995,61.01,60.995,61.01,1148
2026-04-29 13:10:00,61.02,61.02,61,61.0099,532
2026-04-29 13:15:00,61.01,61.01,61,61,242
2026-04-29 13:20:00,61.02,61.06,61.02,61.05,1775
2026-04-29 13:30:00,61.09,61.09,61.09,61.09,225
2026-04-29 13:35:00,61.07,61.07,61.07,61.07,100
2026-04-29 13:40:00,61.06,61.06,61.06,61.06,110
2026-04-29 13:45:00,61.1,61.1,61.1,61.1,125
2026-04-29 13:50:00,61.16,61.16,61.16,61.16,928
2026-04-29 13:55:00,61.11,61.11,61.11,61.11,120
2026-04-29 14:00:00,61.03,61.03,61.03,61.03,3874
2026-04-29 14:05:00,61.04,61.04,61.04,61.04,345
2026-04-29 14:10:00,60.9,60.98,60.9,60.965,2078
2026-04-29 14:15:00,60.99,61.01,60.99,61.01,340
2026-04-29 14:20:00,61.08,61.08,61.08,61.08,100
2026-04-29 14:25:00,61.03,61.035,61.03,61.035,826
2026-04-29 14:30:00,60.98,60.99,60.98,60.99,500
2026-04-29 14:35:00,61.05,61.15,61.05,61.07,23167
2026-04-29 14:40:00,61.04,61.06,61,61,2500
2026-04-29 14:45:00,61,61.09,60.99,61.08,2570
2026-04-29 14:50:00,61.16,61.16,61.16,61.16,795
2026-04-29 14:55:00,61.15,61.19,61.15,61.19,940
2026-04-29 15:00:00,61.25,61.25,61.21,61.21,2062
2026-04-29 15:05:00,61.175,61.22,61.175,61.21,6243
2026-04-29 15:10:00,61.25,61.28,61.25,61.28,683
2026-04-29 15:15:00,61.31,61.32,61.29,61.32,2752
2026-04-29 15:20:00,61.3,61.3099,61.25,61.29,8871
2026-04-29 15:25:00,61.28,61.3,61.27,61.27,2749
2026-04-29 15:30:00,61.26,61.26,61.18,61.21,7637
2026-04-29 15:35:00,61.18,61.24,61.18,61.24,3067
2026-04-29 15:40:00,61.23,61.23,61.18,61.1899,8156
2026-04-29 15:45:00,61.19,61.21,61.19,61.19,4761
2026-04-29 15:50:00,61.17,61.24,61.17,61.23,7836
2026-04-29 15:55:00,61.22,61.27,61.19,61.27,18341
2026-04-29 16:00:00,61.31,61.31,61.31,61.31,484
2026-04-30 09:25:00,61.78,61.78,61.78,61.78,110
2026-04-30 09:30:00,61.7,61.7,61.44,61.44,13417
2026-04-30 09:35:00,61.24,61.24,61.24,61.24,100
2026-04-30 09:40:00,61.095,61.095,61.095,61.095,1223
2026-04-30 09:50:00,61.045,61.045,60.955,60.955,5129
2026-04-30 09:55:00,60.905,60.93,60.885,60.93,2817
2026-04-30 10:00:00,60.9,60.98,60.9,60.955,1523
2026-04-30 10:05:00,60.95,60.95,60.89,60.89,800
2026-04-30 10:10:00,60.85,60.85,60.85,60.85,200
2026-04-30 10:15:00,60.63,60.63,60.63,60.63,118
2026-04-30 10:20:00,60.725,60.725,60.71,60.71,1151
2026-04-30 10:25:00,60.64,60.73,60.63,60.73,600
2026-04-30 10:30:00,60.75,60.785,60.63,60.63,691
2026-04-30 10:35:00,60.6,60.6,60.6,60.6,513
2026-04-30 10:40:00,60.61,60.67,60.61,60.67,7596
2026-04-30 10:45:00,60.85,60.85,60.85,60.85,601
2026-04-30 10:50:00,60.9699,60.9699,60.9699,60.9699,3091
2026-04-30 10:55:00,60.99,61.02,60.99,61.02,2443
2026-04-30 11:00:00,61.09,61.1,61.05,61.05,3250
2026-04-30 11:05:00,61.085,61.11,61.085,61.11,742
2026-04-30 11:10:00,61.09,61.09,61.09,61.09,225
2026-04-30 11:15:00,61.0951,61.0951,61.0951,61.0951,155
2026-04-30 11:25:00,61.08,61.094,61.08,61.08,1768
2026-04-30 11:30:00,61.0801,61.17,61.0801,61.1,11182
2026-04-30 11:35:00,61.065,61.065,60.9989,61.0166,13078
2026-04-30 11:40:00,60.99,61.01,60.98,61.01,2571
2026-04-30 11:45:00,60.99,61.01,60.94,60.965,3315
2026-04-30 11:50:00,61.079,61.11,61.07,61.1095,4759
2026-04-30 11:55:00,61.14,61.14,61.115,61.115,1400
2026-04-30 12:00:00,61.06,61.089,61.06,61.08,1250
2026-04-30 12:05:00,61.11,61.13,61.1,61.11,1740
2026-04-30 12:10:00,61.11,61.11,61.11,61.11,300
2026-04-30 12:15:00,61.2,61.2,61.16,61.175,1891
2026-04-30 12:20:00,61.2,61.2,61.2,61.2,400
2026-04-30 12:25:00,61.12,61.12,61.12,61.12,587
2026-04-30 12:30:00,61.18,61.185,61.18,61.185,425
2026-04-30 12:35:00,61.14,61.15,61.14,61.15,767
2026-04-30 12:40:00,61.15,61.1599,61.12,61.12,1503
2026-04-30 12:45:00,61.078,61.1101,61.078,61.1101,2550
2026-04-30 12:50:00,61.12,61.12,61.0476,61.08,1105
2026-04-30 12:55:00,61.07,61.08,61.02,61.07,1704
2026-04-30 13:00:00,61.16,61.21,61.16,61.195,2767
2026-04-30 13:05:00,61.2,61.23,61.19,61.23,8430
2026-04-30 13:10:00,61.225,61.28,61.22,61.28,6984
2026-04-30 13:15:00,61.27,61.27,61.23,61.25,3981
2026-04-30 13:20:00,61.27,61.3,61.24,61.3,14340
2026-04-30 13:25:00,61.28,61.32,61.27,61.32,9277
2026-04-30 13:30:00,61.355,61.415,61.35,61.37,6760
2026-04-30 13:35:00,61.38,61.4,61.365,61.4,6813
2026-04-30 13:40:00,61.395,61.4,61.36,61.38,8046
2026-04-30 13:45:00,61.38,61.435,61.38,61.415,11223
2026-04-30 13:50:00,61.405,61.435,61.4015,61.42,12729
2026-04-30 13:55:00,61.42,61.5,61.415,61.5,13015
2026-04-30 14:00:00,61.54,61.62,61.54,61.58,11682
2026-04-30 14:05:00,61.59,61.6,61.535,61.54,12987
2026-04-30 14:10:00,61.54,61.56,61.52,61.56,4250
2026-04-30 14:15:00,61.56,61.595,61.55,61.55,9327
2026-04-30 14:20:00,61.54,61.55,61.52,61.52,9300
2026-04-30 14:25:00,61.53,61.54,61.51,61.54,10217
2026-04-30 14:30:00,61.54,61.58,61.535,61.55,10720
2026-04-30 14:35:00,61.56,61.6,61.56,61.575,43842
2026-04-30 14:40:00,61.58,61.6,61.57,61.585,6872
2026-04-30 14:45:00,61.59,61.61,61.585,61.6,8827
2026-04-30 14:50:00,61.585,61.6,61.57,61.585,10649
2026-04-30 14:55:00,61.585,61.6,61.55,61.58,11223
2026-04-30 15:00:00,61.575,61.62,61.56,61.6,12705
2026-04-30 15:05:00,61.595,61.635,61.59,61.62,14140
2026-04-30 15:10:00,61.62,61.66,61.62,61.66,36194
2026-04-30 15:15:00,61.65,61.66,61.625,61.64,37880
2026-04-30 15:20:00,61.635,61.65,61.61,61.64,17783
2026-04-30 15:25:00,61.65,61.65,61.625,61.625,15687
2026-04-30 15:30:00,61.625,61.625,61.6,61.61,21037
2026-04-30 15:35:00,61.61,61.62,61.59,61.61,21478
2026-04-30 15:40:00,61.61,61.65,61.57,61.65,34968
2026-04-30 15:45:00,61.645,61.645,61.59,61.61,39760
2026-04-30 15:50:00,61.62,61.63,61.52,61.56,52690
2026-04-30 15:55:00,61.58,61.64,61.52,61.56,91750
2026-04-30 16:00:00,61.52,61.5948,61.52,61.5948,287965
2026-05-01 09:30:00,61.92,62.1105,61.92,62.1105,4076
2026-05-01 09:45:00,62.11,62.11,62.05,62.06,3764
2026-05-01 09:50:00,62.005,62.095,61.99,62.095,15707
2026-05-01 09:55:00,62.22,62.23,62.22,62.23,750
2026-05-01 10:00:00,62.27,62.27,62.27,62.27,300
2026-05-01 10:10:00,62.205,62.26,62.205,62.25,1760
2026-05-01 10:15:00,62.21,62.21,62.19,62.19,2457
2026-05-01 10:20:00,62.245,62.26,62.245,62.255,695
2026-05-01 10:25:00,62.19,62.21,62.19,62.21,292
2026-05-01 10:30:00,62.16,62.16,62.11,62.11,406
2026-05-01 10:35:00,61.96,62,61.93,62,1460
2026-05-01 10:40:00,61.99,62.07,61.98,62.06,1042
2026-05-01 10:45:00,62.06,62.1196,62.06,62.1,1759
2026-05-01 10:50:00,62.03,62.115,62.03,62.115,84689
2026-05-01 10:55:00,62.1,62.12,62.08,62.09,1238
2026-05-01 11:00:00,62.04,62.04,61.99,62.01,4995
2026-05-01 11:05:00,62,62,61.985,61.985,366
2026-05-01 11:10:00,62.02,62.1,62.02,62.1,31260
2026-05-01 11:15:00,62.13,62.145,62.12,62.13,55511
2026-05-01 11:20:00,62.17,62.18,62.16,62.18,1500
2026-05-01 11:25:00,62.18,62.18,62.16,62.17,4706
2026-05-01 11:30:00,62.19,62.22,62.18,62.2,9173
2026-05-01 11:35:00,62.19,62.3,62.19,62.28,6486
2026-05-01 11:40:00,62.285,62.285,62.26,62.26,972
2026-05-01 11:45:00,62.3,62.31,62.3,62.3,2562
2026-05-01 11:50:00,62.3,62.3,62.15,62.19,6780
2026-05-01 11:55:00,62.2,62.24,62.2,62.21,3236
2026-05-01 12:00:00,62.215,62.215,62.2,62.201,600
2026-05-01 12:05:00,62.17,62.17,62.12,62.12,400
2026-05-01 12:10:00,62.085,62.16,62.085,62.16,5040
2026-05-01 12:15:00,62.16,62.18,62.16,62.18,6639
2026-05-01 12:20:00,62.18,62.21,62.11,62.15,1615
2026-05-01 12:30:00,62.115,62.13,62.07,62.07,4363
2026-05-01 12:35:00,62.11,62.13,62.11,62.13,59711
2026-05-01 12:40:00,62.14,62.14,62.08,62.08,8311
2026-05-01 12:45:00,62.085,62.11,62.07,62.08,7387
2026-05-01 12:50:00,62.12,62.12,62.1,62.11,2018
2026-05-01 12:55:00,62.17,62.17,62.15,62.15,3079
2026-05-01 13:00:00,62.15,62.17,62.15,62.17,377
2026-05-01 13:05:00,62.17,62.19,62.17,62.19,2746
2026-05-01 13:10:00,62.19,62.19,62.19,62.19,102
2026-05-01 13:15:00,62.22,62.23,62.22,62.23,936
2026-05-01 13:20:00,62.25,62.25,62.25,62.25,100
2026-05-01 13:30:00,62.238,62.2474,62.238,62.2474,4430
2026-05-01 13:35:00,62.24,62.24,62.23,62.2399,7463
2026-05-01 13:40:00,62.24,62.26,62.24,62.25,815
2026-05-01 13:45:00,62.26,62.26,62.235,62.24,2266
2026-05-01 13:50:00,62.25,62.26,62.25,62.26,200
2026-05-01 13:55:00,62.26,62.2699,62.25,62.2699,3425
2026-05-01 14:00:00,62.245,62.245,62.245,62.245,331
2026-05-01 14:05:00,62.21,62.21,62.17,62.21,1993
2026-05-01 14:10:00,62.225,62.225,62.2,62.2,3346
2026-05-01 14:15:00,62.17,62.17,62.138,62.138,1100
2026-05-01 14:20:00,62.16,62.16,62.16,62.16,300
2026-05-01 14:25:00,62.18,62.18,62.18,62.18,625
2026-05-01 14:30:00,62.17,62.18,62.15,62.155,4361
2026-05-01 14:35:00,62.1138,62.1138,62.1,62.1,1739
2026-05-01 14:40:00,62.1099,62.1099,62.08,62.08,945
2026-05-01 14:45:00,62.07,62.07,62.07,62.07,404
2026-05-01 14:50:00,62.04,62.04,62.04,62.04,100
2026-05-01 14:55:00,62.0472,62.05,62.0472,62.05,450
2026-05-01 15:05:00,62.09,62.1,62.09,62.1,1127
2026-05-01 15:10:00,62.1299,62.135,62.12,62.135,1496
2026-05-01 15:15:00,62.16,62.16,62.13,62.144,3071
2026-05-01 15:20:00,62.16,62.16,62.16,62.16,100
2026-05-01 15:25:00,62.1696,62.195,62.1696,62.195,9816
2026-05-01 15:30:00,62.19,62.19,62.16,62.19,2854
2026-05-01 15:35:00,62.175,62.19,62.175,62.19,600
2026-05-01 15:40:00,62.19,62.19,62.16,62.16,1472
2026-05-01 15:45:00,62.1365,62.14,62.13,62.14,635
2026-05-01 15:50:00,62.14,62.14,62.06,62.08,400
2026-05-01 15:55:00,62.04,62.04,62.03,62.035,1541
2026-05-01 16:00:00,62,62,62,62,330
2026-05-04 09:30:00,62.08,62.26,62.08,62.26,1138
2026-05-04 09:35:00,62.25,62.32,62.24,62.24,584
2026-05-04 09:40:00,62.26,62.34,62.26,62.29,510
2026-05-04 09:45:00,62.28,62.35,62.28,62.35,1270
2026-05-04 09:50:00,62.346,62.346,62.23,62.23,347
2026-05-04 09:55:00,62.24,62.2861,62.19,62.2861,1297
2026-05-04 10:00:00,62.22,62.22,62.22,62.22,500
2026-05-04 10:05:00,62.235,62.235,62.14,62.14,4637
2026-05-04 10:10:00,62.16,62.29,62.16,62.27,2426
2026-05-04 10:15:00,62.26,62.3096,62.26,62.295,6489
2026-05-04 10:25:00,62.275,62.275,62.275,62.275,833
2026-05-04 10:30:00,62.24,62.29,62.24,62.29,573
2026-05-04 10:35:00,62.29,62.32,62.29,62.32,842
2026-05-04 10:40:00,62.3629,62.3629,62.3629,62.3629,119
2026-05-04 10:45:00,62.38,62.4,62.38,62.4,3396
2026-05-04 10:50:00,62.41,62.41,62.41,62.41,200
2026-05-04 10:55:00,62.33,62.33,62.26,62.26,500
2026-05-04 11:00:00,62.22,62.31,62.22,62.3,2025
2026-05-04 11:05:00,62.3,62.3,62.24,62.285,3320
2026-05-04 11:10:00,62.22,62.22,62.22,62.22,642
2026-05-04 11:15:00,62.19,62.2,61.99,61.99,2086
2026-05-04 11:20:00,61.96,61.97,61.8,61.85,8272
2026-05-04 11:25:00,61.88,62.01,61.88,62.01,4666
2026-05-04 11:30:00,61.96,61.96,61.87,61.95,2459
2026-05-04 11:35:00,61.92,61.92,61.9,61.91,761
2026-05-04 11:40:00,61.8625,61.94,61.85,61.94,5051
2026-05-04 11:45:00,61.92,61.92,61.92,61.92,313
2026-05-04 11:50:00,61.92,61.92,61.86,61.92,688
2026-05-04 11:55:00,62.01,62.01,61.93,61.93,885
2026-05-04 12:00:00,61.892,61.895,61.892,61.895,1681
2026-05-04 12:05:00,61.9,61.9,61.73,61.73,1602
2026-05-04 12:10:00,61.7701,61.795,61.7701,61.78,4308
2026-05-04 12:15:00,61.72,61.93,61.675,61.91,1879
2026-05-04 12:20:00,61.9,61.945,61.9,61.94,4056
2026-05-04 12:25:00,61.96,61.965,61.9,61.936,2976
2026-05-04 12:30:00,61.915,61.985,61.915,61.985,2821
2026-05-04 12:35:00,61.98,61.98,61.89,61.91,7420
2026-05-04 12:40:00,61.93,61.99,61.92,61.96,3092
2026-05-04 12:45:00,61.95,61.95,61.925,61.94,1868
2026-05-04 12:50:00,61.94,61.96,61.9,61.92,1100
2026-05-04 12:55:00,61.96,61.96,61.94,61.95,992
2026-05-04 13:00:00,61.96,61.99,61.96,61.99,658
2026-05-04 13:05:00,62.0346,62.0499,62.0346,62.0499,415
2026-05-04 13:15:00,62.09,62.14,62.09,62.14,2014
2026-05-04 13:20:00,62.1798,62.1798,62.1798,62.1798,216
2026-05-04 13:25:00,62.1501,62.1501,62.1501,62.1501,1755
2026-05-04 13:35:00,62.07,62.0771,62.065,62.0771,1168
2026-05-04 13:40:00,62.1392,62.1392,62.1392,62.1392,468
2026-05-04 13:45:00,62.1197,62.1197,62.1197,62.1197,173
2026-05-04 13:55:00,62.1998,62.1998,62.19,62.19,1444
2026-05-04 14:00:00,62.1814,62.2288,62.1814,62.2288,1651
2026-05-04 14:05:00,62.215,62.215,62.215,62.215,248
2026-05-04 14:10:00,62.185,62.1857,62.16,62.16,911
2026-05-04 14:15:00,62.1558,62.1558,62.1499,62.1499,1410
2026-05-04 14:20:00,62.1399,62.1399,62.1099,62.1099,1760
2026-05-04 14:25:00,62.0499,62.0499,62.0499,62.0499,100
2026-05-04 14:30:00,62.087,62.09,62.08,62.08,956
2026-05-04 14:35:00,62.0601,62.0601,62.0601,62.0601,221
2026-05-04 14:40:00,62.01,62.01,62.01,62.01,225
2026-05-04 14:45:00,62,62,62,62,100
2026-05-04 14:50:00,62.0505,62.0505,62.01,62.03,2378
2026-05-04 14:55:00,62.07,62.092,62.06,62.09,3677
2026-05-04 15:00:00,62.1022,62.1022,62.07,62.0799,3085
2026-05-04 15:05:00,62.1,62.15,62.09,62.12,8032
2026-05-04 15:10:00,62.09,62.107,62.09,62.107,1613
2026-05-04 15:15:00,62.11,62.1299,62.095,62.095,2489
2026-05-04 15:20:00,62.09,62.09,62.09,62.09,1661
2026-05-04 15:25:00,62.085,62.135,62.085,62.135,710
2026-05-04 15:30:00,62.1395,62.17,62.1395,62.165,2240
2026-05-04 15:35:00,62.16,62.16,62.14,62.14,2003
2026-05-04 15:40:00,62.115,62.115,62.105,62.105,706
2026-05-04 15:45:00,62.1101,62.1399,62.105,62.135,5488
2026-05-04 15:50:00,62.13,62.13,62.07,62.07,5011
2026-05-04 15:55:00,62.08,62.1,62.08,62.1,5242
2026-05-04 16:00:00,62.11,62.11,62.11,62.11,277
2026-05-05 09:30:00,62.7,62.7,62.7,62.7,1793
2026-05-05 09:35:00,62.6,62.6,62.6,62.6,100
2026-05-05 09:40:00,62.6204,62.6204,62.6204,62.6204,325
2026-05-05 09:45:00,62.74,62.78,62.72,62.74,3887
2026-05-05 09:50:00,62.74,62.79,62.74,62.79,350
2026-05-05 09:55:00,62.695,62.7199,62.665,62.665,4296
2026-05-05 10:05:00,62.69,62.69,62.69,62.69,125
2026-05-05 10:10:00,62.65,62.67,62.58,62.58,2397
2026-05-05 10:15:00,62.4901,62.6,62.4901,62.593,2640
2026-05-05 10:20:00,62.54,62.6301,62.54,62.6301,1538
2026-05-05 10:30:00,62.7,62.705,62.7,62.705,446
2026-05-05 10:40:00,62.63,62.675,62.63,62.63,1967
2026-05-05 10:45:00,62.62,62.62,62.59,62.61,1556
2026-05-05 10:50:00,62.6101,62.6101,62.59,62.61,760
2026-05-05 10:55:00,62.67,62.6844,62.65,62.6844,1409
2026-05-05 11:05:00,62.7,62.7,62.68,62.68,1370
2026-05-05 11:10:00,62.7299,62.7299,62.7299,62.7299,175
2026-05-05 11:15:00,62.68,62.68,62.68,62.68,815
2026-05-05 11:20:00,62.67,62.69,62.67,62.69,1605
2026-05-05 11:30:00,62.685,62.685,62.64,62.64,4929
2026-05-05 11:35:00,62.69,62.69,62.69,62.69,699
2026-05-05 11:40:00,62.71,62.72,62.68,62.71,6949
2026-05-05 11:45:00,62.73,62.73,62.73,62.73,400
2026-05-05 11:50:00,62.725,62.725,62.71,62.715,2212
2026-05-05 11:55:00,62.695,62.695,62.65,62.65,549
2026-05-05 12:00:00,62.6651,62.68,62.66,62.67,7876
2026-05-05 12:05:00,62.685,62.69,62.685,62.69,436
2026-05-05 12:10:00,62.68,62.69,62.68,62.69,639
2026-05-05 12:15:00,62.688,62.714,62.688,62.714,260
2026-05-05 12:20:00,62.7443,62.7443,62.73,62.73,985
2026-05-05 12:25:00,62.71,62.71,62.62,62.66,3898
2026-05-05 12:30:00,62.665,62.665,62.65,62.66,1065
2026-05-05 12:35:00,62.66,62.67,62.645,62.645,1313
2026-05-05 12:40:00,62.63,62.65,62.62,62.62,1002
2026-05-05 12:45:00,62.68,62.69,62.68,62.69,2144
2026-05-05 12:50:00,62.68,62.68,62.67,62.67,1271
2026-05-05 13:00:00,62.66,62.68,62.66,62.68,1881
2026-05-05 13:05:00,62.6899,62.6899,62.66,62.66,866
2026-05-05 13:10:00,62.65,62.66,62.65,62.66,1226
2026-05-05 13:15:00,62.68,62.68,62.68,62.68,100
2026-05-05 13:20:00,62.675,62.675,62.67,62.67,1200
2026-05-05 13:25:00,62.69,62.7099,62.69,62.6999,4492
2026-05-05 13:30:00,62.71,62.71,62.685,62.69,1372
2026-05-05 13:35:00,62.685,62.71,62.685,62.69,774
2026-05-05 13:40:00,62.67,62.73,62.67,62.71,4685
2026-05-05 13:45:00,62.71,62.72,62.7,62.7,1949
2026-05-05 13:50:00,62.71,62.73,62.71,62.73,400
2026-05-05 13:55:00,62.75,62.75,62.75,62.75,107
2026-05-05 14:00:00,62.7,62.7,62.7,62.7,100
2026-05-05 14:10:00,62.74,62.76,62.74,62.76,2757
2026-05-05 14:25:00,62.74,62.755,62.74,62.745,3882
2026-05-05 14:30:00,62.73,62.73,62.73,62.73,2062
2026-05-05 14:35:00,62.739,62.739,62.739,62.739,100
2026-05-05 14:40:00,62.75,62.75,62.748,62.748,857
2026-05-05 14:45:00,62.73,62.755,62.73,62.75,1051
2026-05-05 14:50:00,62.73,62.73,62.665,62.67,2978
2026-05-05 14:55:00,62.68,62.7,62.68,62.7,480
2026-05-05 15:00:00,62.7,62.7,62.7,62.7,1225
2026-05-05 15:05:00,62.71,62.73,62.71,62.72,7881
2026-05-05 15:10:00,62.735,62.75,62.73,62.75,3093
2026-05-05 15:15:00,62.715,62.74,62.715,62.74,1502
2026-05-05 15:20:00,62.72,62.73,62.72,62.73,1087
2026-05-05 15:25:00,62.75,62.75,62.725,62.725,1253
2026-05-05 15:30:00,62.72,62.73,62.71,62.71,533
2026-05-05 15:35:00,62.69,62.73,62.69,62.73,2674
2026-05-05 15:40:00,62.7416,62.7416,62.7,62.7,67869
2026-05-05 15:45:00,62.73,62.7399,62.72,62.72,6484
2026-05-05 15:50:00,62.69,62.7,62.65,62.65,5946
2026-05-05 15:55:00,62.66,62.69,62.6101,62.68,9070
2026-05-05 16:00:00,62.69,62.69,62.69,62.69,226
2026-05-05 16:25:00,62.8,62.8,62.8,62.8,238
2026-05-06 09:30:00,63.23,63.23,63.0401,63.0401,539
2026-05-06 09:35:00,63.29,63.29,63.285,63.285,634
2026-05-06 09:40:00,63.25,63.26,63.25,63.26,239
2026-05-06 09:45:00,63.33,63.3475,63.315,63.315,1578
2026-05-06 09:50:00,63.23,63.38,63.22,63.38,63676
2026-05-06 09:55:00,63.38,63.4,63.335,63.39,2304
2026-05-06 10:00:00,63.38,63.42,63.3,63.3,2108
2026-05-06 10:05:00,63.34,63.45,63.3,63.45,2138
2026-05-06 10:10:00,63.495,63.55,63.47,63.55,2125
2026-05-06 10:15:00,63.56,63.56,63.41,63.41,1900
2026-05-06 10:20:00,63.43,63.49,63.42,63.44,2239
2026-05-06 10:25:00,63.49,63.59,63.47,63.47,3351
2026-05-06 10:30:00,63.48,63.6,63.48,63.6,2522
2026-05-06 10:35:00,63.67,63.67,63.63,63.665,23340
2026-05-06 10:40:00,63.68,63.72,63.68,63.72,4254
2026-05-06 10:45:00,63.71,63.74,63.705,63.74,1469
2026-05-06 10:50:00,63.75,63.76,63.725,63.76,6819
2026-05-06 10:55:00,63.745,63.745,63.725,63.725,2701
2026-05-06 11:00:00,63.735,63.755,63.7,63.71,1500
2026-05-06 11:05:00,63.715,63.74,63.68,63.68,1754
2026-05-06 11:10:00,63.68,63.7,63.61,63.64,2026
2026-05-06 11:15:00,63.645,63.735,63.645,63.735,1427
2026-05-06 11:20:00,63.745,63.76,63.745,63.755,1387
2026-05-06 11:25:00,63.78,63.7895,63.77,63.77,2133
2026-05-06 11:30:00,63.775,63.7899,63.745,63.78,1863
2026-05-06 11:35:00,63.785,63.785,63.705,63.705,1444
2026-05-06 11:40:00,63.705,63.73,63.635,63.7,6593
2026-05-06 11:45:00,63.69,63.72,63.69,63.7,3075
2026-05-06 11:50:00,63.71,63.725,63.685,63.725,5029
2026-05-06 11:55:00,63.735,63.735,63.71,63.73,1400
2026-05-06 12:00:00,63.715,63.7798,63.715,63.7798,3124
2026-05-06 12:05:00,63.765,63.775,63.735,63.7499,2121
2026-05-06 12:10:00,63.755,63.825,63.755,63.825,1967
2026-05-06 12:15:00,63.825,63.825,63.775,63.775,5050
2026-05-06 12:20:00,63.77,63.77,63.75,63.75,2621
2026-05-06 12:25:00,63.76,63.79,63.755,63.76,3890
2026-05-06 12:30:00,63.76,63.76,63.75,63.755,1344
2026-05-06 12:35:00,63.71,63.71,63.705,63.71,1400
2026-05-06 12:40:00,63.705,63.74,63.695,63.715,1813
2026-05-06 12:45:00,63.6998,63.6998,63.65,63.69,4621
2026-05-06 12:50:00,63.68,63.69,63.635,63.65,2339
2026-05-06 12:55:00,63.615,63.65,63.61,63.65,1996
2026-05-06 13:00:00,63.65,63.715,63.645,63.715,1532
2026-05-06 13:05:00,63.715,63.735,63.715,63.73,1832
2026-05-06 13:10:00,63.73,63.765,63.73,63.755,5658
2026-05-06 13:15:00,63.745,63.76,63.73,63.76,1200
2026-05-06 13:20:00,63.77,63.785,63.765,63.78,1000
2026-05-06 13:25:00,63.73,63.76,63.73,63.755,1400
2026-05-06 13:30:00,63.76,63.7816,63.76,63.7816,1414
2026-05-06 13:35:00,63.78,63.805,63.75,63.75,1897
2026-05-06 13:40:00,63.745,63.805,63.745,63.805,1341
2026-05-06 13:45:00,63.785,63.8,63.77,63.8,1338
2026-05-06 13:50:00,63.77,63.785,63.77,63.785,1440
2026-05-06 13:55:00,63.78,63.8,63.775,63.78,3419
2026-05-06 14:00:00,63.78,63.78,63.77,63.78,1400
2026-05-06 14:05:00,63.785,63.8473,63.785,63.8473,2147
2026-05-06 14:10:00,63.82,63.835,63.81,63.835,2505
2026-05-06 14:15:00,63.835,63.895,63.835,63.875,1784
2026-05-06 14:20:00,63.89,63.895,63.875,63.895,1746
2026-05-06 14:25:00,63.875,63.91,63.875,63.91,1863
2026-05-06 14:30:00,63.905,63.935,63.9,63.935,1900
2026-05-06 14:35:00,63.945,63.985,63.945,63.96,1800
2026-05-06 14:40:00,63.965,63.975,63.955,63.975,2071
2026-05-06 14:45:00,63.955,63.965,63.91,63.915,2919
2026-05-06 14:50:00,63.91,63.9398,63.9,63.9398,2084
2026-05-06 14:55:00,63.93,63.95,63.91,63.91,4099
2026-05-06 15:00:00,63.905,63.93,63.905,63.93,2520
2026-05-06 15:05:00,63.93,63.9585,63.925,63.9585,25816
2026-05-06 15:10:00,63.96,63.97,63.95,63.96,2324
2026-05-06 15:15:00,63.9601,63.975,63.9601,63.975,293
2026-05-06 15:20:00,63.97,63.995,63.965,63.98,2841
2026-05-06 15:25:00,63.98,64.015,63.97,64.015,4165
2026-05-06 15:30:00,63.985,63.995,63.97,63.975,2000
2026-05-06 15:35:00,63.975,64.01,63.965,64.01,2980
2026-05-06 15:40:00,64.01,64.015,63.975,63.985,3950
2026-05-06 15:45:00,63.97,64,63.97,63.985,2980
2026-05-06 15:50:00,63.99,64.08,63.99,64.075,3959
2026-05-06 15:55:00,64.08,64.12,64.08,64.08,18606
2026-05-06 16:00:00,64.07,64.07,64.07,64.07,249
2026-05-07 09:30:00,64.39,64.39,64.3868,64.3868,2258
2026-05-07 09:35:00,64.39,64.41,64.39,64.41,1900
2026-05-07 09:45:00,64.33,64.37,64.27,64.28,4714
2026-05-07 09:50:00,64.37,64.37,64.37,64.37,307
2026-05-07 09:55:00,64.345,64.345,64.3351,64.3351,374
2026-05-07 10:05:00,64.5,64.5901,64.485,64.58,1610
2026-05-07 10:10:00,64.6001,64.6301,64.58,64.6301,972
2026-05-07 10:15:00,64.625,64.65,64.59,64.62,4983
2026-05-07 10:20:00,64.67,64.7329,64.67,64.67,20501
2026-05-07 10:25:00,64.67,64.7551,64.67,64.7551,1833
2026-05-07 10:30:00,64.71,64.71,64.66,64.68,3039
2026-05-07 10:35:00,64.68,64.78,64.68,64.78,3395
2026-05-07 10:40:00,64.76,64.76,64.75,64.76,4811
2026-05-07 10:45:00,64.785,64.785,64.69,64.69,334
2026-05-07 10:50:00,64.7,64.76,64.7,64.76,2020
2026-05-07 10:55:00,64.795,64.795,64.795,64.795,1467
2026-05-07 11:00:00,64.75,64.75,64.7,64.7,612
2026-05-07 11:05:00,64.595,64.635,64.5668,64.635,1360
2026-05-07 11:10:00,64.625,64.625,64.625,64.625,693
2026-05-07 11:15:00,64.55,64.57,64.55,64.57,200
2026-05-07 11:20:00,64.54,64.57,64.52,64.57,1889
2026-05-07 11:25:00,64.56,64.56,64.5,64.51,1000
2026-05-07 11:30:00,64.59,64.59,64.59,64.59,100
2026-05-07 11:40:00,64.5893,64.5893,64.5893,64.5893,1044
2026-05-07 11:45:00,64.615,64.615,64.5535,64.5535,3600
2026-05-07 11:50:00,64.5317,64.565,64.49,64.5595,4835
2026-05-07 11:55:00,64.5,64.5,64.395,64.395,5273
2026-05-07 12:00:00,64.3955,64.3955,64.32,64.32,3921
2026-05-07 12:05:00,64.28,64.28,64.25,64.265,2720
2026-05-07 12:10:00,64.18,64.18,64.14,64.14,2182
2026-05-07 12:15:00,64.07,64.09,64.02,64.09,1730
2026-05-07 12:20:00,64.05,64.1799,64.05,64.1799,1058
2026-05-07 12:25:00,64.22,64.27,64.22,64.27,2491
2026-05-07 12:30:00,64.29,64.34,64.275,64.3323,6688
2026-05-07 12:35:00,64.29,64.29,64.29,64.29,245
2026-05-07 12:40:00,64.215,64.2899,64.2076,64.2216,1410
2026-05-07 12:45:00,64.22,64.22,64.21,64.21,2789
2026-05-07 12:50:00,64.165,64.1998,64.15,64.17,1663
2026-05-07 12:55:00,64.185,64.185,64.09,64.16,923
2026-05-07 13:00:00,64.14,64.1799,64.14,64.1799,2692
2026-05-07 13:05:00,64.1685,64.2,64.165,64.2,1091
2026-05-07 13:10:00,64.07,64.105,64.065,64.1036,1883
2026-05-07 13:15:00,64.095,64.095,64,64,1321
2026-05-07 13:20:00,64.13,64.13,64.125,64.125,858
2026-05-07 13:25:00,64.16,64.16,63.915,64.03,1500
2026-05-07 13:30:00,63.97,63.985,63.96,63.985,800
2026-05-07 13:35:00,64.06,64.12,64.06,64.105,2432
2026-05-07 13:40:00,64.16,64.16,64.11,64.11,46061
2026-05-07 13:45:00,64.03,64.05,64.02,64.02,625
2026-05-07 13:50:00,63.97,63.97,63.97,63.97,150
2026-05-07 13:55:00,64.02,64.15,64.01,64.145,2636
2026-05-07 14:00:00,64.16,64.1702,64.15,64.17,11144
2026-05-07 14:05:00,64.195,64.2,64.09,64.095,6323
2026-05-07 14:10:00,64.1,64.145,64.1,64.11,3183
2026-05-07 14:15:00,64.12,64.155,64.12,64.155,572
2026-05-07 14:20:00,64.17,64.17,64.09,64.09,4166
2026-05-07 14:25:00,64.09,64.09,64.06,64.06,2036
2026-05-07 14:30:00,64.14,64.17,64.14,64.17,304
2026-05-07 14:35:00,64.16,64.16,64.13,64.13,1851
2026-05-07 14:40:00,64.12,64.12,63.98,63.98,600
2026-05-07 14:45:00,64,64.045,64,64,21113
2026-05-07 14:50:00,63.97,64.03,63.96,64.02,5069
2026-05-07 14:55:00,64,64.095,64,64.095,2199
2026-05-07 15:00:00,64.1091,64.1091,64.04,64.04,901
2026-05-07 15:05:00,64.06,64.06,64.025,64.025,3734
2026-05-07 15:10:00,64.04,64.12,64.04,64.11,4583
2026-05-07 15:15:00,64.095,64.1099,64.06,64.06,512
2026-05-07 15:20:00,63.9903,64.005,63.96,63.96,1388
2026-05-07 15:25:00,63.94,64.01,63.94,63.99,7824
2026-05-07 15:30:00,64.015,64.06,64.015,64.05,4996
2026-05-07 15:35:00,64.05,64.115,64.05,64.11,5305
2026-05-07 15:40:00,64.11,64.1399,64.095,64.12,16058
2026-05-07 15:45:00,64.12,64.13,64.085,64.115,8264
2026-05-07 15:50:00,64.13,64.18,64.08,64.09,10885
2026-05-07 15:55:00,64.09,64.135,64.065,64.12,77283
2026-05-07 16:00:00,64.1,64.1,64.1,64.1,291
2026-05-08 09:25:00,64.41,64.41,64.41,64.41,400
2026-05-08 09:30:00,64.41,64.51,64.41,64.51,8529
2026-05-08 09:35:00,64.585,64.585,64.5525,64.5525,800
2026-05-08 09:40:00,64.535,64.54,64.52,64.52,451
2026-05-08 09:45:00,64.63,64.7,64.63,64.7,596
2026-05-08 09:50:00,64.705,64.705,64.68,64.68,267
2026-05-08 10:00:00,64.76,64.7799,64.73,64.73,432
2026-05-08 10:05:00,64.7195,64.7195,64.7195,64.7195,386
2026-05-08 10:10:00,64.69,64.7499,64.67,64.72,3225
2026-05-08 10:15:00,64.73,64.7699,64.71,64.71,993
2026-05-08 10:20:00,64.73,64.79,64.73,64.79,1851
2026-05-08 10:25:00,64.735,64.735,64.735,64.735,108
2026-05-08 10:30:00,64.68,64.68,64.64,64.66,894
2026-05-08 10:35:00,64.62,64.62,64.57,64.57,732
2026-05-08 10:40:00,64.66,64.67,64.64,64.67,851
2026-05-08 10:45:00,64.72,64.73,64.7,64.72,929
2026-05-08 10:55:00,64.77,64.8,64.77,64.78,1082
2026-05-08 11:00:00,64.77,64.79,64.75,64.78,11623
2026-05-08 11:05:00,64.78,64.8,64.78,64.78,5039
2026-05-08 11:10:00,64.77,64.79,64.77,64.77,2528
2026-05-08 11:15:00,64.75,64.75,64.68,64.7,3000
2026-05-08 11:20:00,64.71,64.77,64.71,64.75,6596
2026-05-08 11:25:00,64.74,64.77,64.73,64.77,600
2026-05-08 11:30:00,64.78,64.78,64.72,64.77,1819
2026-05-08 11:35:00,64.7784,64.835,64.7784,64.82,7150
2026-05-08 11:40:00,64.81,64.81,64.71,64.71,500
2026-05-08 11:45:00,64.72,64.78,64.718,64.77,6600
2026-05-08 11:50:00,64.77,64.77,64.73,64.7501,1926
2026-05-08 11:55:00,64.74,64.7401,64.695,64.695,4080
2026-05-08 12:00:00,64.73,64.76,64.7298,64.73,7992
2026-05-08 12:05:00,64.75,64.77,64.74,64.74,1346
2026-05-08 12:10:00,64.78,64.78,64.775,64.775,640
2026-05-08 12:15:00,64.81,64.81,64.81,64.81,9616
2026-05-08 12:20:00,64.83,64.83,64.83,64.83,100
2026-05-08 12:25:00,64.87,64.9,64.87,64.9,1550
2026-05-08 12:30:00,64.87,64.9,64.87,64.89,2418
2026-05-08 12:35:00,64.88,64.88,64.84,64.85,1533
2026-05-08 12:40:00,64.85,64.85,64.78,64.78,2500
2026-05-08 12:45:00,64.78,64.81,64.78,64.81,4798
2026-05-08 12:50:00,64.79,64.79,64.739,64.739,1759
2026-05-08 12:55:00,64.75,64.76,64.75,64.76,3128
2026-05-08 13:00:00,64.76,64.81,64.76,64.81,750
2026-05-08 13:05:00,64.79,64.79,64.78,64.78,1324
2026-05-08 13:10:00,64.81,64.81,64.8,64.8,1636
2026-05-08 13:20:00,64.86,64.92,64.86,64.92,2935
2026-05-08 13:30:00,64.92,64.9257,64.89,64.91,7478
2026-05-08 13:35:00,64.92,64.92,64.88,64.88,800
2026-05-08 13:40:00,64.87,64.87,64.83,64.83,2469
2026-05-08 13:45:00,64.85,64.85,64.825,64.825,5358
2026-05-08 13:50:00,64.82,64.82,64.795,64.81,1406
2026-05-08 13:55:00,64.84,64.85,64.82,64.82,7850
2026-05-08 14:00:00,64.81,64.8801,64.79,64.87,3102
2026-05-08 14:05:00,64.87,64.895,64.855,64.86,15956
2026-05-08 14:10:00,64.86,64.88,64.85,64.88,3181
2026-05-08 14:15:00,64.89,64.89,64.87,64.89,5360
2026-05-08 14:20:00,64.9,64.909,64.8999,64.9,1017
2026-05-08 14:25:00,64.91,64.915,64.9,64.91,7420
2026-05-08 14:30:00,64.91,64.91,64.9,64.9,1700
2026-05-08 14:35:00,64.89,64.89,64.875,64.88,2224
2026-05-08 14:40:00,64.87,64.885,64.87,64.87,10479
2026-05-08 14:45:00,64.84,64.84,64.835,64.84,2619
2026-05-08 14:50:00,64.845,64.86,64.84,64.84,6525
2026-05-08 14:55:00,64.82,64.84,64.77,64.79,8389
2026-05-08 15:00:00,64.79,64.82,64.79,64.815,4633
2026-05-08 15:05:00,64.8299,64.89,64.82,64.88,14347
2026-05-08 15:10:00,64.87,64.885,64.87,64.87,2512
2026-05-08 15:15:00,64.88,64.89,64.8701,64.8701,5244
2026-05-08 15:20:00,64.875,64.875,64.84,64.85,9681
2026-05-08 15:25:00,64.84,64.84,64.79,64.79,8837
2026-05-08 15:30:00,64.79,64.825,64.79,64.82,4908
2026-05-08 15:35:00,64.83,64.835,64.8,64.835,7158
2026-05-08 15:40:00,64.845,64.87,64.845,64.87,10584
2026-05-08 15:45:00,64.88,64.895,64.87,64.89,13595
2026-05-08 15:50:00,64.88,64.92,64.88,64.92,12830
2026-05-08 15:55:00,64.93,64.94,64.9,64.915,51148
2026-05-08 16:00:00,64.9,64.9,64.9,64.9,434
2026-05-08 16:05:00,64.8587,64.8587,64.8587,64.8587,190710
2026-05-11 09:25:00,64.57,64.57,64.57,64.57,363
2026-05-11 09:30:00,64.67,64.67,64.67,64.67,5171
2026-05-11 09:35:00,64.88,64.88,64.87,64.87,2646
2026-05-11 09:40:00,64.97,64.99,64.95,64.99,1716
2026-05-11 09:45:00,65.035,65.07,65.03,65.07,1861
2026-05-11 09:50:00,65.06,65.06,64.9344,64.9344,2677
2026-05-11 09:55:00,64.91,64.91,64.87,64.885,704
2026-05-11 10:00:00,64.92,64.99,64.92,64.99,2887
2026-05-11 10:05:00,65.02,65.04,64.995,64.995,2170
2026-05-11 10:10:00,65,65.085,65,65.085,1198
2026-05-11 10:15:00,65.08,65.08,65.05,65.08,2130
2026-05-11 10:20:00,65.085,65.1,65.085,65.1,1709
2026-05-11 10:25:00,65.0905,65.0905,64.91,64.91,550
2026-05-11 10:30:00,64.92,64.92,64.87,64.87,1534
2026-05-11 10:35:00,64.9799,65.0393,64.93,65.0393,2385
2026-05-11 10:40:00,65.07,65.09,65.04,65.09,3579
2026-05-11 10:45:00,65.1,65.11,65.06,65.11,1972
2026-05-11 10:50:00,65.17,65.25,65.17,65.25,2601
2026-05-11 10:55:00,65.27,65.27,65.27,65.27,225
2026-05-11 11:00:00,65.23,65.23,65.18,65.19,3975
2026-05-11 11:05:00,65.19,65.2,65.1699,65.2,59331
2026-05-11 11:10:00,65.2,65.2,65.15,65.15,1852
2026-05-11 11:15:00,65.15,65.15,65.15,65.15,525
2026-05-11 11:20:00,65.1801,65.226,65.1801,65.226,1653
2026-05-11 11:25:00,65.23,65.2799,65.22,65.2799,3794
2026-05-11 11:30:00,65.295,65.295,65.25,65.26,2833
2026-05-11 11:35:00,65.24,65.2899,65.24,65.2899,9598
2026-05-11 11:40:00,65.28,65.28,65.27,65.27,1352
2026-05-11 11:45:00,65.29,65.29,65.28,65.28,413
2026-05-11 11:50:00,65.29,65.36,65.29,65.36,2072
2026-05-11 11:55:00,65.37,65.38,65.35,65.35,3002
2026-05-11 12:00:00,65.37,65.37,65.36,65.37,666
2026-05-11 12:05:00,65.365,65.37,65.3516,65.36,2159
2026-05-11 12:10:00,65.375,65.39,65.375,65.39,2331
2026-05-11 12:15:00,65.38,65.38,65.34,65.3512,2704
2026-05-11 12:20:00,65.325,65.35,65.3201,65.35,3145
2026-05-11 12:25:00,65.36,65.38,65.36,65.38,1586
2026-05-11 12:30:00,65.4,65.4,65.38,65.3899,1003
2026-05-11 12:35:00,65.37,65.3898,65.36,65.36,1039
2026-05-11 12:40:00,65.32,65.32,65.17,65.25,6728
2026-05-11 12:45:00,65.27,65.27,65.2301,65.2301,1165
2026-05-11 12:50:00,65.26,65.26,65.2472,65.2472,462
2026-05-11 13:00:00,65.25,65.26,65.24,65.26,623
2026-05-11 13:05:00,65.23,65.23,65.23,65.23,207
2026-05-11 13:10:00,65.15,65.15,65.14,65.14,423
2026-05-11 13:15:00,65.15,65.15,65.12,65.12,2532
2026-05-11 13:20:00,65.16,65.19,65.16,65.19,797
2026-05-11 13:25:00,65.24,65.24,65.23,65.23,586
2026-05-11 13:30:00,65.25,65.25,65.2459,65.2459,605
2026-05-11 13:35:00,65.25,65.265,65.25,65.265,495
2026-05-11 13:40:00,65.28,65.3,65.28,65.3,671
2026-05-11 13:45:00,65.31,65.32,65.31,65.31,1240
2026-05-11 13:50:00,65.29,65.29,65.29,65.29,512
2026-05-11 13:55:00,65.25,65.2799,65.25,65.26,2946
2026-05-11 14:00:00,65.26,65.28,65.25,65.28,3029
2026-05-11 14:05:00,65.28,65.29,65.28,65.29,1200
2026-05-11 14:10:00,65.3,65.3,65.28,65.3,1575
2026-05-11 14:15:00,65.28,65.288,65.275,65.275,2245
2026-05-11 14:20:00,65.27,65.27,65.2641,65.2641,259
2026-05-11 14:25:00,65.28,65.3,65.28,65.3,1395
2026-05-11 14:30:00,65.29,65.29,65.26,65.2608,1325
2026-05-11 14:35:00,65.28,65.28,65.265,65.27,1749
2026-05-11 14:40:00,65.24,65.2499,65.24,65.2499,2336
2026-05-11 14:45:00,65.25,65.25,65.23,65.23,4138
2026-05-11 14:50:00,65.23,65.23,65.21,65.21,1225
2026-05-11 14:55:00,65.22,65.249,65.105,65.105,1778
2026-05-11 15:00:00,65.1,65.13,65.09,65.09,36281
2026-05-11 15:05:00,65.12,65.17,65.11,65.17,7599
2026-05-11 15:10:00,65.17,65.18,65.14,65.145,14234
2026-05-11 15:15:00,65.13,65.13,65.09,65.11,2975
2026-05-11 15:20:00,65.115,65.115,65.06,65.08,2685
2026-05-11 15:25:00,65.06,65.07,65.04,65.05,5267
2026-05-11 15:30:00,65.04,65.1,65.04,65.06,3937
2026-05-11 15:35:00,65.06,65.07,65.02,65.06,4062
2026-05-11 15:40:00,65.065,65.065,65.005,65.01,3476
2026-05-11 15:45:00,65,65.055,65,65.04,3289
2026-05-11 15:50:00,65.04,65.085,65.03,65.055,3922
2026-05-11 15:55:00,65.06,65.07,65.025,65.04,11565
2026-05-11 16:00:00,65.05,65.05,65.05,65.05,477
2026-05-12 09:25:00,64.66,64.66,64.66,64.66,134
2026-05-12 09:30:00,64.73,64.73,64.6499,64.6499,1562
2026-05-12 09:35:00,64.57,64.655,64.57,64.655,1708
2026-05-12 09:40:00,64.71,64.88,64.71,64.88,388
2026-05-12 09:45:00,64.87,64.87,64.75,64.75,1825
2026-05-12 09:50:00,64.68,64.7312,64.68,64.7312,1200
2026-05-12 09:55:00,64.78,64.78,64.57,64.61,2197
2026-05-12 10:00:00,64.55,64.56,64.55,64.56,875
2026-05-12 10:05:00,64.644,64.644,64.585,64.585,1938
2026-05-12 10:10:00,64.66,64.71,64.66,64.71,3970
2026-05-12 10:15:00,64.71,64.73,64.7,64.7,1825
2026-05-12 10:20:00,64.7599,64.76,64.6652,64.6652,3091
2026-05-12 10:25:00,64.659,64.659,64.51,64.51,6562
2026-05-12 10:30:00,64.4,64.4,64.37,64.37,1100
2026-05-12 10:35:00,64.535,64.551,64.535,64.54,1987
2026-05-12 10:45:00,64.435,64.45,64.42,64.4373,1758
2026-05-12 10:50:00,64.47,64.47,64.461,64.461,4210
2026-05-12 10:55:00,64.39,64.39,64.34,64.34,917
2026-05-12 11:00:00,64.34,64.34,64.3364,64.3364,1426
2026-05-12 11:05:00,64.265,64.35,64.265,64.33,816
2026-05-12 11:10:00,64.28,64.32,64.28,64.32,765
2026-05-12 11:15:00,64.2,64.22,64.13,64.16,3674
2026-05-12 11:20:00,64.185,64.185,64.14,64.14,1298
2026-05-12 11:25:00,64.04,64.06,64.04,64.06,930
2026-05-12 11:30:00,64.05,64.15,64.05,64.15,103736
2026-05-12 11:35:00,64.155,64.215,64.13,64.215,3791
2026-05-12 11:40:00,64.21,64.23,64.18,64.2299,6910
2026-05-12 11:45:00,64.2,64.2,64.18,64.18,3574
2026-05-12 11:50:00,64.15,64.18,64.135,64.1374,4823
2026-05-12 11:55:00,64.1,64.1,64.03,64.03,4124
2026-05-12 12:00:00,64.02,64.129,63.99,64.129,3850
2026-05-12 12:05:00,64.14,64.16,64.1,64.1,3009
2026-05-12 12:10:00,64.08,64.19,64.08,64.19,550
2026-05-12 12:15:00,64.12,64.1297,64.12,64.12,94311
2026-05-12 12:20:00,64.0911,64.13,64.04,64.05,12070
2026-05-12 12:25:00,64.08,64.08,64.08,64.08,164
2026-05-12 12:30:00,64.04,64.04,63.97,63.97,1294
2026-05-12 12:35:00,64,64,63.98,63.98,2025
2026-05-12 12:40:00,64.02,64.02,63.9,63.94,4529
2026-05-12 12:45:00,63.93,63.94,63.89,63.89,1938
2026-05-12 12:50:00,63.88,63.88,63.825,63.84,2250
2026-05-12 12:55:00,63.86,63.86,63.86,63.86,1100
2026-05-12 13:00:00,63.87,63.9094,63.835,63.9094,3914
2026-05-12 13:05:00,63.93,63.97,63.93,63.93,1329
2026-05-12 13:10:00,63.98,63.99,63.96,63.99,900
2026-05-12 13:15:00,64.02,64.09,64.015,64.09,538
2026-05-12 13:20:00,64.13,64.2,64.13,64.2,1775
2026-05-12 13:25:00,64.18,64.19,64.13,64.13,1930
2026-05-12 13:30:00,64.15,64.28,64.15,64.28,600
2026-05-12 13:35:00,64.26,64.26,64.2,64.2,200
2026-05-12 13:40:00,64.24,64.24,64.24,64.24,100
2026-05-12 13:45:00,64.25,64.25,64.24,64.24,1148
2026-05-12 13:50:00,64.22,64.28,64.22,64.28,2523
2026-05-12 13:55:00,64.24,64.26,64.24,64.25,510
2026-05-12 14:00:00,64.29,64.29,64.27,64.28,6600
2026-05-12 14:05:00,64.25,64.25,64.25,64.25,201
2026-05-12 14:10:00,64.25,64.27,64.25,64.27,930
2026-05-12 14:15:00,64.31,64.32,64.3,64.3,1303
2026-05-12 14:20:00,64.33,64.33,64.33,64.33,300
2026-05-12 14:25:00,64.42,64.45,64.385,64.385,1091
2026-05-12 14:30:00,64.4,64.45,64.4,64.45,673
2026-05-12 14:35:00,64.41,64.44,64.41,64.44,1008
2026-05-12 14:40:00,64.42,64.42,64.42,64.42,476
2026-05-12 14:45:00,64.4,64.4,64.35,64.38,2155
2026-05-12 14:50:00,64.3915,64.3915,64.3915,64.3915,100
2026-05-12 14:55:00,64.44,64.45,64.38,64.38,1038
2026-05-12 15:00:00,64.38,64.38,64.38,64.38,2800
2026-05-12 15:05:00,64.39,64.45,64.39,64.45,7424
2026-05-12 15:10:00,64.49,64.5,64.49,64.5,8879
2026-05-12 15:15:00,64.53,64.53,64.53,64.53,225
2026-05-12 15:20:00,64.52,64.52,64.5,64.51,3538
2026-05-12 15:25:00,64.54,64.55,64.5325,64.55,1710
2026-05-12 15:30:00,64.57,64.63,64.57,64.63,1752
2026-05-12 15:35:00,64.67,64.68,64.6499,64.6701,10375
2026-05-12 15:40:00,64.68,64.715,64.68,64.71,2989
2026-05-12 15:50:00,64.74,64.79,64.72,64.77,8466
2026-05-12 15:55:00,64.72,64.76,64.72,64.73,8459
2026-05-12 16:00:00,64.74,64.74,64.74,64.74,315
2026-05-13 09:30:00,65.09,65.09,64.9,64.9,3584
2026-05-13 09:40:00,64.814,64.814,64.74,64.74,957
2026-05-13 09:45:00,64.69,64.705,64.46,64.57,33752
2026-05-13 09:50:00,64.6199,64.76,64.6199,64.76,5228
2026-05-13 09:55:00,64.78,64.78,64.665,64.74,3800
2026-05-13 10:00:00,64.72,64.75,64.71,64.71,2690
2026-05-13 10:05:00,64.75,64.78,64.74,64.78,950
2026-05-13 10:10:00,64.81,64.81,64.81,64.81,530
2026-05-13 10:15:00,64.77,64.8269,64.77,64.8269,521
2026-05-13 10:20:00,64.85,64.92,64.85,64.92,743
2026-05-13 10:25:00,65,65.01,64.99,65.01,1000
2026-05-13 10:30:00,64.98,64.98,64.93,64.93,587
2026-05-13 10:35:00,65.02,65.02,64.92,64.92,5062
2026-05-13 10:40:00,65.006,65.02,65.006,65.02,784
2026-05-13 10:45:00,64.94,65.01,64.94,65.01,978
2026-05-13 10:50:00,65.01,65.06,65.01,65.06,628
2026-05-13 10:55:00,65.12,65.12,65.12,65.12,289
2026-05-13 11:00:00,65.15,65.17,65.15,65.17,325
2026-05-13 11:05:00,65.14,65.17,65.14,65.16,5598
2026-05-13 11:10:00,65.1735,65.1735,65.115,65.115,497
2026-05-13 11:15:00,65.15,65.177,65.15,65.177,645
2026-05-13 11:25:00,65.11,65.16,65.08,65.16,2983
2026-05-13 11:35:00,65.21,65.21,65.192,65.192,379
2026-05-13 11:40:00,65.22,65.3,65.22,65.3,475
2026-05-13 11:45:00,65.2899,65.2899,65.28,65.28,400
2026-05-13 11:50:00,65.225,65.225,65.19,65.19,508
2026-05-13 11:55:00,65.21,65.21,65.19,65.19,200
2026-05-13 12:05:00,65.285,65.285,65.285,65.285,101
2026-05-13 12:10:00,65.36,65.36,65.36,65.36,100
2026-05-13 12:15:00,65.375,65.39,65.33,65.33,4620
2026-05-13 12:20:00,65.385,65.385,65.385,65.385,466
2026-05-13 12:25:00,65.445,65.48,65.43,65.48,2103
2026-05-13 12:30:00,65.47,65.47,65.47,65.47,110
2026-05-13 12:35:00,65.48,65.48,65.46,65.46,2249
2026-05-13 12:40:00,65.48,65.48,65.475,65.475,267
2026-05-13 12:45:00,65.44,65.46,65.44,65.46,400
2026-05-13 12:50:00,65.44,65.46,65.44,65.46,1751
2026-05-13 12:55:00,65.495,65.495,65.485,65.485,1636
2026-05-13 13:00:00,65.525,65.545,65.525,65.53,840
2026-05-13 13:05:00,65.55,65.56,65.55,65.55,4487
2026-05-13 13:15:00,65.55,65.56,65.535,65.535,9041
2026-05-13 13:20:00,65.54,65.54,65.53,65.53,220
2026-05-13 13:25:00,65.52,65.53,65.51,65.53,976
2026-05-13 13:30:00,65.5196,65.5196,65.4808,65.4808,1618
2026-05-13 13:35:00,65.485,65.485,65.485,65.485,287
2026-05-13 13:40:00,65.4884,65.5,65.4884,65.5,297
2026-05-13 13:45:00,65.515,65.5201,65.5047,65.515,2366
2026-05-13 13:50:00,65.5089,65.5201,65.5089,65.51,1267
2026-05-13 14:00:00,65.43,65.52,65.43,65.52,615
2026-05-13 14:05:00,65.54,65.5499,65.54,65.54,2253
2026-05-13 14:10:00,65.58,65.64,65.58,65.64,636
2026-05-13 14:15:00,65.6816,65.6816,65.6816,65.6816,329
2026-05-13 14:25:00,65.71,65.72,65.71,65.71,3658
2026-05-13 14:30:00,65.685,65.695,65.65,65.67,2217
2026-05-13 14:35:00,65.68,65.68,65.64,65.65,2418
2026-05-13 14:40:00,65.67,65.67,65.63,65.63,7550
2026-05-13 14:45:00,65.625,65.64,65.625,65.6365,2700
2026-05-13 14:50:00,65.62,65.62,65.62,65.62,400
2026-05-13 14:55:00,65.62,65.63,65.58,65.58,1371
2026-05-13 15:00:00,65.56,65.59,65.56,65.59,1694
2026-05-13 15:05:00,65.595,65.596,65.5701,65.5701,9497
2026-05-13 15:10:00,65.66,65.66,65.65,65.65,1462
2026-05-13 15:15:00,65.665,65.665,65.66,65.66,1366
2026-05-13 15:20:00,65.66,65.66,65.615,65.615,1893
2026-05-13 15:25:00,65.6415,65.6415,65.6415,65.6415,143
2026-05-13 15:30:00,65.65,65.65,65.64,65.64,676
2026-05-13 15:35:00,65.62,65.6389,65.62,65.6389,969
2026-05-13 15:40:00,65.65,65.6589,65.64,65.64,4102
2026-05-13 15:45:00,65.67,65.67,65.67,65.67,299
2026-05-13 15:50:00,65.6,65.6,65.49,65.49,800
2026-05-13 15:55:00,65.51,65.54,65.51,65.53,2805
2026-05-14 09:30:00,65.64,65.7265,65.64,65.725,1947
2026-05-14 09:35:00,65.76,65.77,65.76,65.77,1679
2026-05-14 09:40:00,65.7101,65.8,65.7101,65.8,7319
2026-05-14 09:45:00,65.83,65.88,65.83,65.85,4411
2026-05-14 09:50:00,65.88,65.88,65.78,65.804,2329
2026-05-14 09:55:00,65.765,65.765,65.765,65.765,331
2026-05-14 10:00:00,65.69,65.83,65.69,65.82,847
2026-05-14 10:05:00,65.85,65.85,65.72,65.72,1375
2026-05-14 10:10:00,65.74,65.82,65.74,65.82,1115
2026-05-14 10:15:00,65.88,65.93,65.88,65.93,2500
2026-05-14 10:20:00,65.95,66.04,65.95,66.015,5305
2026-05-14 10:25:00,65.94,65.96,65.91,65.96,3073
2026-05-14 10:30:00,65.96,65.98,65.9513,65.9513,3316
2026-05-14 10:35:00,65.99,66.065,65.99,66.065,2370
2026-05-14 10:40:00,66.06,66.11,66.06,66.1,938
2026-05-14 10:45:00,66.145,66.17,66.145,66.17,1373
2026-05-14 10:50:00,66.2,66.2,66.18,66.2,900
2026-05-14 10:55:00,66.165,66.165,66.11,66.11,424
2026-05-14 11:00:00,66.1,66.19,66.1,66.19,741
2026-05-14 11:05:00,66.2,66.21,66.19,66.21,638
2026-05-14 11:10:00,66.24,66.24,66.22,66.24,4142
2026-05-14 11:15:00,66.285,66.295,66.27,66.295,1000
2026-05-14 11:20:00,66.29,66.29,66.28,66.28,500
2026-05-14 11:25:00,66.29,66.29,66.29,66.29,100
2026-05-14 11:30:00,66.33,66.34,66.33,66.34,436
2026-05-14 11:35:00,66.3,66.335,66.3,66.335,439
2026-05-14 11:40:00,66.29,66.3299,66.29,66.3299,751
2026-05-14 11:45:00,66.305,66.305,66.27,66.28,782
2026-05-14 11:50:00,66.3084,66.3084,66.3084,66.3084,150
2026-05-14 11:55:00,66.315,66.36,66.315,66.36,2075
2026-05-14 12:00:00,66.36,66.38,66.36,66.38,2755
2026-05-14 12:05:00,66.38,66.38,66.38,66.38,2688
2026-05-14 12:10:00,66.37,66.39,66.37,66.38,500
2026-05-14 12:15:00,66.34,66.37,66.34,66.34,2128
2026-05-14 12:20:00,66.3,66.36,66.3,66.36,1139
2026-05-14 12:25:00,66.28,66.28,66.23,66.23,680
2026-05-14 12:30:00,66.25,66.25,66.19,66.19,1029
2026-05-14 12:35:00,66.22,66.23,66.2106,66.23,425
2026-05-14 12:45:00,66.22,66.22,66.17,66.1991,2454
2026-05-14 12:50:00,66.2199,66.2284,66.2199,66.2284,594
2026-05-14 12:55:00,66.24,66.24,66.24,66.24,471
2026-05-14 13:05:00,66.25,66.25,66.2,66.2,300
2026-05-14 13:10:00,66.15,66.19,66.15,66.19,1276
2026-05-14 13:20:00,66.095,66.1,66.095,66.1,693
2026-05-14 13:25:00,66.08,66.08,66.065,66.065,654
2026-05-14 13:30:00,66.14,66.1616,66.14,66.1616,600
2026-05-14 13:35:00,66.1448,66.1448,66.1448,66.1448,300
2026-05-14 13:40:00,66.22,66.22,66.22,66.22,100
2026-05-14 13:45:00,66.23,66.27,66.23,66.2601,534
2026-05-14 13:50:00,66.2701,66.29,66.2701,66.29,440
2026-05-14 13:55:00,66.31,66.31,66.295,66.295,311
2026-05-14 14:00:00,66.205,66.205,66.13,66.13,1667
2026-05-14 14:10:00,66.18,66.22,66.18,66.22,566
2026-05-14 14:15:00,66.24,66.27,66.24,66.27,1180
2026-05-14 14:20:00,66.288,66.288,66.23,66.23,1777
2026-05-14 14:25:00,66.245,66.245,66.225,66.225,1731
2026-05-14 14:30:00,66.2529,66.2529,66.24,66.24,1301
2026-05-14 14:35:00,66.2599,66.2599,66.21,66.2179,2711
2026-05-14 14:40:00,66.25,66.25,66.21,66.21,1410
2026-05-14 14:45:00,66.25,66.25,66.25,66.25,109
2026-05-14 14:50:00,66.29,66.29,66.29,66.29,102
2026-05-14 14:55:00,66.31,66.31,66.28,66.28,572
2026-05-14 15:00:00,66.3,66.3,66.3,66.3,700
2026-05-14 15:05:00,66.345,66.36,66.34,66.35,10211
2026-05-14 15:10:00,66.35,66.3582,66.3,66.3,825
2026-05-14 15:15:00,66.34,66.35,66.34,66.34,624
2026-05-14 15:20:00,66.37,66.37,66.37,66.37,135
2026-05-14 15:25:00,66.35,66.3667,66.3,66.3,604
2026-05-14 15:30:00,66.29,66.34,66.29,66.33,5422
2026-05-14 15:35:00,66.31,66.33,66.31,66.33,1550
2026-05-14 15:40:00,66.345,66.37,66.3387,66.3387,888
2026-05-14 15:45:00,66.33,66.36,66.33,66.36,715
2026-05-14 15:50:00,66.28,66.32,66.28,66.32,5391
2026-05-14 15:55:00,66.26,66.27,66.26,66.27,2400
2026-05-15 09:30:00,65.43,65.43,65.43,65.43,903
2026-05-15 09:35:00,65.1,65.1,64.95,64.995,326
2026-05-15 09:45:00,65.005,65.1066,65.005,65.1066,2075
2026-05-15 09:50:00,65.08,65.27,65.08,65.255,655
2026-05-15 09:55:00,65.32,65.32,65.32,65.32,450
2026-05-15 10:00:00,65.04,65.12,65.03,65.1,3513
2026-05-15 10:05:00,65.17,65.17,65.17,65.17,225
2026-05-15 10:10:00,65.235,65.39,65.235,65.39,675
2026-05-15 10:15:00,65.4399,65.47,65.43,65.46,1140
2026-05-15 10:20:00,65.505,65.55,65.5,65.54,1350
2026-05-15 10:25:00,65.37,65.37,65.37,65.37,100
2026-05-15 10:30:00,65.4,65.4,65.39,65.39,706
2026-05-15 10:35:00,65.405,65.47,65.405,65.42,1510
2026-05-15 10:40:00,65.48,65.48,65.45,65.45,759
2026-05-15 10:50:00,65.31,65.31,65.31,65.31,300
2026-05-15 10:55:00,65.41,65.41,65.4,65.4,524
2026-05-15 11:00:00,65.27,65.27,65.255,65.255,1205
2026-05-15 11:05:00,65.29,65.29,65.22,65.22,305
2026-05-15 11:10:00,65.365,65.365,65.365,65.365,171
2026-05-15 11:15:00,65.35,65.35,65.35,65.35,300
2026-05-15 11:20:00,65.42,65.48,65.42,65.425,1395
2026-05-15 11:25:00,65.45,65.45,65.45,65.45,106
2026-05-15 11:30:00,65.51,65.51,65.51,65.51,100
2026-05-15 11:35:00,65.51,65.51,65.46,65.46,390
2026-05-15 11:40:00,65.36,65.36,65.32,65.335,1086
2026-05-15 11:45:00,65.33,65.33,65.33,65.33,100
2026-05-15 11:50:00,65.26,65.275,65.22,65.22,825
2026-05-15 11:55:00,65.35,65.35,65.35,65.35,100
2026-05-15 12:00:00,65.36,65.39,65.31,65.31,3210
2026-05-15 12:05:00,65.345,65.345,65.2999,65.33,2396
2026-05-15 12:10:00,65.37,65.37,65.285,65.31,2259
2026-05-15 12:15:00,65.32,65.32,65.28,65.28,600
2026-05-15 12:20:00,65.325,65.325,65.325,65.325,205
2026-05-15 12:25:00,65.46,65.46,65.46,65.46,279
2026-05-15 12:30:00,65.52,65.52,65.49,65.51,700
2026-05-15 12:35:00,65.495,65.495,65.495,65.495,1973
2026-05-15 12:40:00,65.51,65.51,65.47,65.48,1518
2026-05-15 12:45:00,65.49,65.5,65.485,65.49,1132
2026-05-15 12:50:00,65.49,65.5197,65.38,65.38,1173
2026-05-15 12:55:00,65.4469,65.4469,65.4469,65.4469,171
2026-05-15 13:00:00,65.4252,65.46,65.4252,65.45,1014
2026-05-15 13:05:00,65.44,65.49,65.44,65.475,925
2026-05-15 13:10:00,65.515,65.515,65.51,65.51,986
2026-05-15 13:15:00,65.495,65.54,65.495,65.54,1533
2026-05-15 13:20:00,65.56,65.56,65.56,65.56,200
2026-05-15 13:25:00,65.65,65.675,65.65,65.675,2154
2026-05-15 13:30:00,65.685,65.73,65.685,65.73,807
2026-05-15 13:35:00,65.73,65.73,65.73,65.73,100
2026-05-15 13:40:00,65.7098,65.7098,65.7098,65.7098,241
2026-05-15 13:45:00,65.7292,65.7292,65.71,65.71,550
2026-05-15 13:50:00,65.705,65.74,65.705,65.74,341
2026-05-15 13:55:00,65.76,65.76,65.7368,65.74,545
2026-05-15 14:00:00,65.805,65.805,65.77,65.77,227
2026-05-15 14:05:00,65.815,65.8299,65.81,65.81,3972
2026-05-15 14:10:00,65.82,65.82,65.79,65.805,1233
2026-05-15 14:15:00,65.73,65.73,65.73,65.73,200
2026-05-15 14:20:00,65.685,65.685,65.685,65.685,102
2026-05-15 14:25:00,65.67,65.67,65.56,65.56,1316
2026-05-15 14:30:00,65.49,65.49,65.43,65.43,598
2026-05-15 14:35:00,65.485,65.535,65.48,65.52,2032
2026-05-15 14:40:00,65.56,65.56,65.53,65.53,858
2026-05-15 14:45:00,65.5301,65.5301,65.4899,65.52,2641
2026-05-15 14:50:00,65.52,65.545,65.5,65.545,527
2026-05-15 14:55:00,65.58,65.58,65.49,65.5214,2628
2026-05-15 15:00:00,65.54,65.55,65.43,65.43,1425
2026-05-15 15:05:00,65.44,65.4799,65.4,65.4,10531
2026-05-15 15:10:00,65.38,65.39,65.36,65.38,23572
2026-05-15 15:15:00,65.38,65.38,65.31,65.35,5407
2026-05-15 15:20:00,65.34,65.37,65.32,65.33,1974
2026-05-15 15:30:00,65.35,65.35,65.35,65.35,100
2026-05-15 15:35:00,65.3999,65.3999,65.3999,65.3999,383
2026-05-15 15:40:00,65.39,65.39,65.325,65.325,1309
2026-05-15 15:50:00,65.31,65.31,65.16,65.16,5954
2026-05-15 15:55:00,65.13,65.13,65.09,65.13,11997
2026-05-15 16:00:00,65.12,65.12,65.12,65.12,159
2026-05-18 09:25:00,65.29,65.29,65.29,65.29,1079
2026-05-18 09:30:00,65.32,65.32,65.12,65.1585,1689
2026-05-18 09:35:00,65.12,65.12,65.075,65.075,604
2026-05-18 09:40:00,64.94,64.99,64.94,64.99,1034
2026-05-18 09:45:00,64.81,64.96,64.77,64.96,1727
2026-05-18 09:50:00,65.1651,65.1651,65.1651,65.1651,834
2026-05-18 09:55:00,65.226,65.226,65.12,65.12,877
2026-05-18 10:00:00,65.035,65.035,65.035,65.035,141
2026-05-18 10:05:00,65.02,65.1,64.97,65.1,6058
2026-05-18 10:10:00,65.1617,65.17,65.1617,65.17,428
2026-05-18 10:15:00,65.255,65.255,65.255,65.255,100
2026-05-18 10:20:00,65.0789,65.0789,65.0789,65.0789,220
2026-05-18 10:25:00,65.11,65.11,64.925,64.925,573
2026-05-18 10:30:00,64.91,64.93,64.645,64.645,4672
2026-05-18 10:35:00,64.65,64.765,64.56,64.765,2212
2026-05-18 10:40:00,64.71,64.8607,64.65,64.83,3400
2026-05-18 10:45:00,64.73,64.73,64.65,64.65,525
2026-05-18 10:50:00,64.78,64.78,64.78,64.78,125
2026-05-18 10:55:00,64.7928,64.7928,64.7928,64.7928,312
2026-05-18 11:00:00,64.8,64.8,64.675,64.68,3727
2026-05-18 11:05:00,64.75,64.75,64.7,64.7,433
2026-05-18 11:10:00,64.64,64.77,64.63,64.76,3300
2026-05-18 11:15:00,64.72,64.72,64.63,64.63,1100
2026-05-18 11:20:00,64.6,64.63,64.575,64.575,2422
2026-05-18 11:25:00,64.595,64.68,64.595,64.6615,2897
2026-05-18 11:30:00,64.45,64.5373,64.45,64.5373,963
2026-05-18 11:35:00,64.625,64.71,64.625,64.69,4170
2026-05-18 11:45:00,64.585,64.585,64.585,64.585,100
2026-05-18 11:50:00,64.56,64.63,64.56,64.63,562
2026-05-18 11:55:00,64.65,64.65,64.555,64.555,510
2026-05-18 12:00:00,64.555,64.555,64.48,64.48,1105
2026-05-18 12:05:00,64.54,64.54,64.54,64.54,145
2026-05-18 12:15:00,64.645,64.68,64.645,64.68,803
2026-05-18 12:20:00,64.67,64.76,64.62,64.62,700
2026-05-18 12:25:00,64.53,64.53,64.32,64.32,3408
2026-05-18 12:30:00,64.29,64.415,64.29,64.415,2667
2026-05-18 12:35:00,64.38,64.38,64.38,64.38,400
2026-05-18 12:40:00,64.44,64.44,64.44,64.44,155
2026-05-18 12:45:00,64.395,64.3999,64.395,64.3999,357
2026-05-18 12:50:00,64.4804,64.4804,64.4801,64.4801,1225
2026-05-18 12:55:00,64.615,64.675,64.615,64.665,2986
2026-05-18 13:00:00,64.6,64.63,64.6,64.63,770
2026-05-18 13:05:00,64.6,64.68,64.6,64.6103,1277
2026-05-18 13:10:00,64.67,64.68,64.61,64.61,5606
2026-05-18 13:15:00,64.63,64.63,64.63,64.63,100
2026-05-18 13:20:00,64.5899,64.5899,64.545,64.55,1332
2026-05-18 13:25:00,64.53,64.62,64.53,64.62,1961
2026-05-18 13:30:00,64.56,64.57,64.56,64.57,808
2026-05-18 13:35:00,64.555,64.555,64.545,64.545,356
2026-05-18 13:40:00,64.61,64.65,64.6,64.65,421
2026-05-18 13:45:00,64.5899,64.5899,64.5899,64.5899,547
2026-05-18 13:50:00,64.555,64.621,64.555,64.615,1560
2026-05-18 14:00:00,64.615,64.615,64.49,64.49,1623
2026-05-18 14:05:00,64.44,64.44,64.44,64.44,790
2026-05-18 14:10:00,64.4699,64.4699,64.45,64.45,457
2026-05-18 14:15:00,64.4,64.4,64.25,64.25,715
2026-05-18 14:20:00,64.28,64.28,64.26,64.26,1370
2026-05-18 14:25:00,64.24,64.3016,64.18,64.3016,2863
2026-05-18 14:30:00,64.28,64.285,64.28,64.285,359
2026-05-18 14:35:00,64.29,64.29,64.29,64.29,268
2026-05-18 14:40:00,64.2286,64.23,64.22,64.22,952
2026-05-18 14:45:00,64.24,64.25,64.22,64.22,2312
2026-05-18 14:50:00,64.15,64.17,64.13,64.13,6040
2026-05-18 14:55:00,64.165,64.18,64.135,64.135,3527
2026-05-18 15:00:00,64.21,64.65,64.21,64.48,19391
2026-05-18 15:05:00,64.49,64.5,64.365,64.4,13461
2026-05-18 15:10:00,64.4555,64.4555,64.41,64.41,536
2026-05-18 15:15:00,64.36,64.36,64.35,64.35,200
2026-05-18 15:20:00,64.36,64.41,64.31,64.33,4128
2026-05-18 15:25:00,64.3,64.3,64.27,64.3,28182
2026-05-18 15:30:00,64.335,64.45,64.335,64.4,907
2026-05-18 15:35:00,64.4961,64.539,64.4961,64.53,4007
2026-05-18 15:40:00,64.575,64.599,64.575,64.59,1287
2026-05-18 15:55:00,64.67,64.69,64.6184,64.69,3549
2026-05-18 16:00:00,64.69,64.69,64.69,64.69,176
2026-05-19 09:30:00,64.31,64.31,64.31,64.31,1362
2026-05-19 09:35:00,64.38,64.56,64.38,64.56,2436
2026-05-19 09:40:00,64.33,64.3593,64.33,64.3593,921
2026-05-19 09:45:00,64.265,64.47,64.225,64.46,5827
2026-05-19 09:50:00,64.42,64.55,64.42,64.55,2636
2026-05-19 10:00:00,64.31,64.34,64.23,64.34,2330
2026-05-19 10:05:00,64.14,64.14,64,64.06,1755
2026-05-19 10:10:00,64.14,64.14,63.96,63.96,839
2026-05-19 10:15:00,63.93,63.94,63.9,63.94,900
2026-05-19 10:20:00,63.91,63.91,63.795,63.795,1103
2026-05-19 10:25:00,63.84,63.86,63.84,63.86,500
2026-05-19 10:30:00,63.88,63.94,63.84,63.84,917
2026-05-19 10:35:00,63.94,63.94,63.92,63.92,1406
2026-05-19 10:40:00,63.97,64.03,63.9,63.9,500
2026-05-19 10:45:00,63.9,63.9,63.76,63.76,835
2026-05-19 10:50:00,63.835,63.9,63.835,63.9,670
2026-05-19 10:55:00,63.95,63.98,63.95,63.98,382
2026-05-19 11:00:00,64.01,64.03,63.98,63.98,584
2026-05-19 11:10:00,64.02,64.02,64.02,64.02,100
2026-05-19 11:15:00,64.09,64.095,64,64,799
2026-05-19 11:20:00,63.97,64.01,63.97,64.01,490
2026-05-19 11:25:00,63.85,63.86,63.84,63.86,882
2026-05-19 11:30:00,64.025,64.025,63.975,63.975,537
2026-05-19 11:40:00,64.034,64.06,64.03,64.055,1154
2026-05-19 11:50:00,64.005,64.016,63.97,63.97,1310
2026-05-19 11:55:00,63.9072,63.9072,63.9072,63.9072,470
2026-05-19 12:00:00,63.955,64.0479,63.955,64.0479,1485
2026-05-19 12:05:00,64.005,64.005,64.005,64.005,200
2026-05-19 12:15:00,63.96,63.96,63.96,63.96,100
2026-05-19 12:20:00,64.025,64.025,63.98,63.98,573
2026-05-19 12:25:00,64.115,64.115,64.085,64.085,639
2026-05-19 12:30:00,64.11,64.18,64.11,64.18,223
2026-05-19 12:35:00,64.16,64.17,64.16,64.17,200
2026-05-19 12:45:00,64.245,64.245,64.19,64.21,1597
2026-05-19 12:50:00,64.2,64.325,64.2,64.325,1646
2026-05-19 12:55:00,64.34,64.35,64.34,64.35,572
2026-05-19 13:00:00,64.38,64.435,64.38,64.435,343
2026-05-19 13:10:00,64.4673,64.4673,64.445,64.445,615
2026-05-19 13:15:00,64.52,64.53,64.51,64.53,400
2026-05-19 13:25:00,64.52,64.52,64.455,64.455,1805
2026-05-19 13:30:00,64.5,64.5,64.47,64.4764,1169
2026-05-19 13:35:00,64.465,64.51,64.46,64.46,1057
2026-05-19 13:40:00,64.53,64.53,64.51,64.51,1648
2026-05-19 14:00:00,64.475,64.475,64.475,64.475,300
2026-05-19 14:05:00,64.48,64.485,64.48,64.485,474
2026-05-19 14:10:00,64.51,64.51,64.482,64.482,370
2026-05-19 14:15:00,64.465,64.465,64.4,64.43,7771
2026-05-19 14:20:00,64.42,64.42,64.36,64.3892,3036
2026-05-19 14:25:00,64.38,64.445,64.38,64.445,1014
2026-05-19 14:35:00,64.395,64.395,64.3499,64.3499,2118
2026-05-19 14:40:00,64.32,64.32,64.32,64.32,200
2026-05-19 14:45:00,64.305,64.305,64.28,64.295,1817
2026-05-19 14:50:00,64.25,64.25,64.2368,64.2368,595
2026-05-19 14:55:00,64.175,64.18,64.1613,64.18,1098
2026-05-19 15:00:00,64.18,64.235,64.17,64.18,2058
2026-05-19 15:10:00,64.27,64.3587,64.26,64.3587,18477
2026-05-19 15:15:00,64.3699,64.37,64.31,64.31,2004
2026-05-19 15:20:00,64.25,64.25,64.18,64.18,977
2026-05-19 15:25:00,64.185,64.185,64.185,64.185,200
2026-05-19 15:30:00,64.19,64.19,64.16,64.16,1019
2026-05-19 15:35:00,64.17,64.18,64.16,64.16,4169
2026-05-19 15:40:00,64.115,64.12,64.115,64.12,332
2026-05-19 15:45:00,64.0815,64.11,64.0815,64.1,2853
2026-05-19 15:50:00,64.08,64.0827,64.07,64.07,2710
2026-05-19 15:55:00,63.93,64.1,63.93,64.1,6224
2026-05-19 16:00:00,64.1,64.1,64.1,64.1,455
2026-05-19 18:55:00,65.0471,65.0471,65.0471,65.0471,113
2026-05-20 09:30:00,64.45,64.46,64.45,64.46,1002
2026-05-20 09:35:00,64.34,64.34,64.2399,64.2399,1502
2026-05-20 09:40:00,64.38,64.4275,64.33,64.42,1172
2026-05-20 09:45:00,64.46,64.46,64.42,64.42,397
2026-05-20 09:50:00,64.37,64.3926,64.27,64.27,2458
2026-05-20 10:10:00,64.2283,64.44,64.2283,64.37,3400
2026-05-20 10:15:00,64.43,64.68,64.43,64.68,300
2026-05-20 10:20:00,64.58,64.685,64.53,64.53,956
2026-05-20 10:25:00,64.58,64.62,64.58,64.62,200
2026-05-20 10:30:00,64.745,64.7717,64.69,64.7132,4531
2026-05-20 10:35:00,64.66,64.7,64.61,64.67,2778
2026-05-20 10:40:00,64.69,64.71,64.68,64.71,3272
2026-05-20 10:45:00,64.72,64.725,64.68,64.7,4155
2026-05-20 10:50:00,64.7,64.81,64.69,64.8,2372
2026-05-20 10:55:00,64.82,64.9,64.82,64.87,2050
2026-05-20 11:00:00,64.88,64.88,64.82,64.82,2053
2026-05-20 11:05:00,64.82,64.86,64.8,64.815,2400
2026-05-20 11:10:00,64.8501,64.8579,64.82,64.8494,3718
2026-05-20 11:15:00,64.87,65.17,64.86,65,9549
2026-05-20 11:20:00,65.04,65.05,64.98,64.98,1828
2026-05-20 11:25:00,65.02,65.02,64.93,64.93,2439
2026-05-20 11:30:00,64.92,64.986,64.92,64.96,4179
2026-05-20 11:35:00,64.99,64.99,64.95,64.959,6523
2026-05-20 11:40:00,64.97,65.006,64.939,64.998,2310
2026-05-20 11:45:00,64.99,65.05,64.99,65.046,2454
2026-05-20 11:50:00,65.05,65.06,65.03,65.03,1800
2026-05-20 11:55:00,65.03,65.046,64.98,64.996,3400
2026-05-20 12:00:00,65.02,65.05,64.995,64.995,2010
2026-05-20 12:05:00,65.02,65.04,65.01,65.01,2066
2026-05-20 12:10:00,65,65.01,64.96,64.98,2017
2026-05-20 12:15:00,64.97,64.97,64.886,64.886,1800
2026-05-20 12:20:00,64.89,64.9,64.83,64.86,7972
2026-05-20 12:25:00,64.82,64.83,64.79,64.8,1635
2026-05-20 12:30:00,64.8,64.84,64.8,64.82,1200
2026-05-20 12:35:00,64.81,64.83,64.79,64.82,400
2026-05-20 12:40:00,64.86,64.91,64.86,64.91,573
2026-05-20 12:45:00,64.91,64.91,64.82,64.83,400
2026-05-20 12:50:00,64.86,64.87,64.86,64.87,200
2026-05-20 12:55:00,64.84,64.87,64.83,64.87,1400
2026-05-20 13:00:00,64.84,64.88,64.84,64.88,410
2026-05-20 13:10:00,64.82,64.95,64.82,64.95,5986
2026-05-20 13:15:00,64.92,64.9396,64.91,64.92,435
2026-05-20 13:20:00,64.94,64.94,64.898,64.9,3222
2026-05-20 13:25:00,64.92,64.97,64.895,64.97,4678
2026-05-20 13:30:00,64.986,64.99,64.94,64.945,1692
2026-05-20 13:35:00,64.94,65.03,64.938,64.98,2748
2026-05-20 13:40:00,64.99,64.99,64.96,64.975,2564
2026-05-20 13:45:00,64.987,64.99,64.96,64.97,2150
2026-05-20 13:50:00,64.976,64.98,64.95,64.95,1300
2026-05-20 13:55:00,64.949,64.97,64.949,64.97,3110
2026-05-20 14:00:00,64.98,65.03,64.95,65.03,6009
2026-05-20 14:05:00,65.01,65.02,64.99,64.99,5437
2026-05-20 14:10:00,64.99,65,64.966,64.98,4122
2026-05-20 14:15:00,64.989,65.01,64.978,64.978,1922
2026-05-20 14:20:00,64.986,65,64.93,64.93,3538
2026-05-20 14:25:00,64.93,64.98,64.92,64.98,3450
2026-05-20 14:30:00,65,65,64.97,64.98,1880
2026-05-20 14:35:00,64.99,65.05,64.98,65.05,4491
2026-05-20 14:40:00,65.04,65.04,64.96,64.96,2900
2026-05-20 14:45:00,64.94,64.96,64.93,64.955,185302
2026-05-20 14:50:00,64.95,64.95,64.895,64.925,2708
2026-05-20 14:55:00,64.93,64.95,64.93,64.935,3107
2026-05-20 15:00:00,64.958,64.97,64.91,64.94,10379
2026-05-20 15:05:00,64.92,64.96,64.92,64.948,3368
2026-05-20 15:10:00,64.95,64.99,64.938,64.99,3766
2026-05-20 15:15:00,65,65,64.965,64.985,5894
2026-05-20 15:20:00,64.99,65.02,64.98,65,4010
2026-05-20 15:25:00,65.02,65.02,64.995,65.015,3562
2026-05-20 15:30:00,65.02,65.03,65.01,65.03,2000
2026-05-20 15:35:00,65.02,65.09,65.02,65.08,8445
2026-05-20 15:40:00,65.06,65.09,65.055,65.07,3099
2026-05-20 15:45:00,65.07,65.1,65.07,65.07,5958
2026-05-20 15:50:00,65.065,65.12,65.02,65.08,12335
2026-05-20 15:55:00,65.09,65.155,65.07,65.13,34770
2026-05-20 16:00:00,65.16,65.16,65.16,65.16,204
2026-05-21 09:30:00,64.82,65.14,64.82,65.14,7711
2026-05-21 09:35:00,65.17,65.18,65.15,65.15,2794
2026-05-21 09:40:00,65.02,65.08,65.02,65.08,550
2026-05-21 09:45:00,65.05,65.06,64.915,64.915,2000
2026-05-21 09:50:00,64.92,65.08,64.91,65.08,1000
2026-05-21 10:00:00,65.065,65.14,65.05,65.14,1434
2026-05-21 10:05:00,65.1224,65.1224,65.1224,65.1224,200
2026-05-21 10:10:00,65.13,65.135,65.01,65.05,14050
2026-05-21 10:15:00,64.94,64.94,64.84,64.84,900
2026-05-21 10:20:00,64.6701,64.7115,64.6701,64.7115,272
2026-05-21 10:25:00,64.72,64.72,64.72,64.72,100
2026-05-21 10:30:00,64.87,64.87,64.72,64.72,1276
2026-05-21 10:35:00,64.82,64.87,64.82,64.87,570
2026-05-21 10:40:00,64.85,64.85,64.815,64.815,990
2026-05-21 10:45:00,64.86,64.8677,64.85,64.8677,458
2026-05-21 10:50:00,64.83,64.83,64.83,64.83,264
2026-05-21 10:55:00,64.8704,64.8704,64.8704,64.8704,102
2026-05-21 11:00:00,64.8528,64.8528,64.8528,64.8528,264
2026-05-21 11:05:00,64.895,64.895,64.805,64.805,1103
2026-05-21 11:10:00,64.73,64.9,64.73,64.9,2600
2026-05-21 11:15:00,64.9101,64.9101,64.9101,64.9101,115
2026-05-21 11:20:00,64.93,64.94,64.93,64.93,667
2026-05-21 11:25:00,64.905,64.94,64.905,64.915,1735
2026-05-21 11:30:00,64.9,64.9,64.84,64.84,800
2026-05-21 11:35:00,64.84,64.88,64.84,64.88,825
2026-05-21 11:40:00,64.96,64.9701,64.96,64.9701,1177
2026-05-21 11:50:00,65.04,65.04,65.04,65.04,100
2026-05-21 12:05:00,65.02,65.02,65.02,65.02,576
2026-05-21 12:10:00,65.01,65.01,64.95,64.98,2000
2026-05-21 12:15:00,64.96,64.975,64.96,64.97,700
2026-05-21 12:20:00,64.9,64.91,64.895,64.91,2680
2026-05-21 12:25:00,64.9,64.9,64.9,64.9,20367
2026-05-21 12:30:00,64.94,64.94,64.94,64.94,131
2026-05-21 12:35:00,64.88,64.88,64.88,64.88,209
2026-05-21 12:40:00,64.9,64.9,64.9,64.9,200
2026-05-21 12:45:00,64.86,64.86,64.8283,64.83,815
2026-05-21 12:50:00,64.865,64.865,64.865,64.865,4599
2026-05-21 12:55:00,64.88,64.91,64.88,64.91,145080
2026-05-21 13:00:00,64.98,64.98,64.98,64.98,200
2026-05-21 13:05:00,64.98,64.98,64.98,64.98,200
2026-05-21 13:10:00,65,65.175,65,65.08,4883
2026-05-21 13:15:00,65.15,65.28,65.14,65.28,4500
2026-05-21 13:20:00,65.3,65.4,65.24,65.26,3541
2026-05-21 13:25:00,65.27,65.31,65.27,65.31,316558
2026-05-21 13:30:00,65.32,65.32,65.32,65.32,100
2026-05-21 13:40:00,65.38,65.42,65.38,65.42,2179
2026-05-21 13:45:00,65.4,65.46,65.4,65.46,2138
2026-05-21 13:50:00,65.53,65.56,65.53,65.56,815
2026-05-21 13:55:00,65.56,65.56,65.56,65.56,342973
2026-05-21 14:00:00,65.46,65.49,65.39,65.39,3395
2026-05-21 14:05:00,65.39,65.43,65.39,65.43,4202
2026-05-21 14:10:00,65.36,65.36,65.335,65.335,928
2026-05-21 14:15:00,65.28,65.34,65.28,65.325,1296
2026-05-21 14:20:00,65.355,65.36,65.355,65.36,698
2026-05-21 14:25:00,65.365,65.365,65.33,65.33,1386
2026-05-21 14:30:00,65.335,65.36,65.335,65.35,1605
2026-05-21 14:40:00,65.37,65.37,65.37,65.37,100
2026-05-21 14:45:00,65.3465,65.3465,65.26,65.26,1664
2026-05-21 14:50:00,65.2707,65.2707,65.06,65.06,1726
2026-05-21 15:00:00,65.13,65.13,65.12,65.12,506
2026-05-21 15:05:00,65.1496,65.207,65.1,65.207,3148
2026-05-21 15:10:00,65.15,65.2,65.15,65.2,5803
2026-05-21 15:15:00,65.2,65.24,65.2,65.24,7843
2026-05-21 15:20:00,65.2401,65.2499,65.2174,65.2174,2731
2026-05-21 15:25:00,65.225,65.26,65.21,65.21,23008
2026-05-21 15:30:00,65.23,65.23,65.2,65.2,514
2026-05-21 15:35:00,65.2,65.24,65.2,65.24,955
2026-05-21 15:40:00,65.27,65.27,65.1901,65.21,3924
2026-05-21 15:45:00,65.23,65.23,65.23,65.23,280
2026-05-21 15:50:00,65.24,65.27,65.19,65.21,4479
2026-05-21 15:55:00,65.2,65.27,65.17,65.26,10843
2026-05-21 16:00:00,65.24,65.24,65.24,65.24,279
2026-05-22 09:30:00,65.66,65.66,65.66,65.66,440
2026-05-22 09:35:00,65.66,65.66,65.66,65.66,175
2026-05-22 09:40:00,65.79,65.79,65.69,65.735,4494
2026-05-22 09:45:00,65.74,65.74,65.7252,65.7252,372
2026-05-22 09:50:00,65.64,65.65,65.59,65.62,2480
2026-05-22 09:55:00,65.59,65.59,65.575,65.575,997
2026-05-22 10:00:00,65.6,65.6,65.57,65.57,425
2026-05-22 10:05:00,65.42,65.4695,65.42,65.4695,606
2026-05-22 10:10:00,65.485,65.4917,65.4756,65.4917,976
2026-05-22 10:15:00,65.42,65.42,65.42,65.42,100
2026-05-22 10:20:00,65.39,65.4099,65.38,65.38,2598
2026-05-22 10:30:00,65.43,65.43,65.43,65.43,100
2026-05-22 10:35:00,65.48,65.5,65.48,65.495,1654
2026-05-22 10:40:00,65.56,65.56,65.56,65.56,650
2026-05-22 10:45:00,65.52,65.55,65.52,65.5499,1001
2026-05-22 10:50:00,65.56,65.56,65.56,65.56,100
2026-05-22 10:55:00,65.595,65.595,65.58,65.58,390
2026-05-22 11:00:00,65.62,65.63,65.62,65.62,680
2026-05-22 11:15:00,65.705,65.715,65.705,65.7099,987
2026-05-22 11:20:00,65.685,65.685,65.685,65.685,105
2026-05-22 11:25:00,65.685,65.685,65.685,65.685,110
2026-05-22 11:30:00,65.74,65.74,65.72,65.72,526
2026-05-22 11:35:00,65.7198,65.7198,65.7001,65.7001,273
2026-05-22 11:40:00,65.6799,65.6799,65.67,65.67,1600
2026-05-22 11:45:00,65.65,65.65,65.65,65.65,1623
2026-05-22 11:50:00,65.64,65.69,65.64,65.69,1736
2026-05-22 11:55:00,65.68,65.68,65.67,65.675,684
2026-05-22 12:00:00,65.6794,65.69,65.65,65.69,1088
2026-05-22 12:05:00,65.66,65.66,65.65,65.65,403
2026-05-22 12:10:00,65.63,65.6594,65.63,65.6594,304
2026-05-22 12:15:00,65.58,65.58,65.5736,65.5736,524
2026-05-22 12:20:00,65.59,65.6,65.5617,65.59,1648
2026-05-22 12:25:00,65.55,65.59,65.55,65.59,673
2026-05-22 12:30:00,65.62,65.62,65.583,65.583,247
2026-05-22 12:40:00,65.5513,65.5513,65.5513,65.5513,137
2026-05-22 12:45:00,65.59,65.59,65.5829,65.59,2586
2026-05-22 12:50:00,65.56,65.58,65.56,65.57,580
2026-05-22 13:00:00,65.64,65.6795,65.64,65.6795,2690
2026-05-22 13:10:00,65.66,65.66,65.66,65.66,122
2026-05-22 13:15:00,65.69,65.69,65.6,65.6,4786
2026-05-22 13:20:00,65.63,65.66,65.63,65.66,1063
2026-05-22 13:25:00,65.67,65.76,65.66,65.75,5031
2026-05-22 13:30:00,65.76,65.76,65.725,65.725,644
2026-05-22 13:35:00,65.71,65.71,65.68,65.68,440
2026-05-22 13:40:00,65.71,65.71,65.68,65.68,427
2026-05-22 13:50:00,65.64,65.64,65.64,65.64,100
2026-05-22 14:00:00,65.62,65.62,65.545,65.58,6403
2026-05-22 14:05:00,65.59,65.59,65.59,65.59,100
2026-05-22 14:10:00,65.58,65.58,65.56,65.571,546
2026-05-22 14:20:00,65.56,65.575,65.55,65.57,1341
2026-05-22 14:25:00,65.58,65.58,65.56,65.57,522
2026-05-22 14:30:00,65.57,65.57,65.57,65.57,1500
2026-05-22 14:35:00,65.57,65.6,65.55,65.56,5033
2026-05-22 14:45:00,65.61,65.61,65.56,65.5647,1872
2026-05-22 14:50:00,65.5699,65.57,65.5699,65.57,520
2026-05-22 14:55:00,65.54,65.55,65.54,65.55,539
2026-05-22 15:00:00,65.58,65.58,65.47,65.495,10477
2026-05-22 15:05:00,65.45,65.46,65.45,65.46,3686
2026-05-22 15:10:00,65.465,65.48,65.465,65.47,2044
2026-05-22 15:15:00,65.41,65.41,65.41,65.41,197
2026-05-22 15:20:00,65.42,65.43,65.415,65.415,10379
2026-05-22 15:25:00,65.4,65.4,65.38,65.38,300
2026-05-22 15:30:00,65.33,65.39,65.33,65.38,550
2026-05-22 15:35:00,65.3891,65.41,65.38,65.38,1395
2026-05-22 15:40:00,65.3528,65.37,65.34,65.35,11167
2026-05-22 15:45:00,65.31,65.36,65.31,65.34,38344
2026-05-22 15:50:00,65.35,65.39,65.32,65.3476,7225
2026-05-22 15:55:00,65.36,65.38,65.36,65.36,5351
2026-05-22 16:00:00,65.35,65.35,65.35,65.35,123