2026-04-24 15:40:00,24.49,24.49,24.49,24.49,250
2026-04-28 15:05:00,24.43,24.43,24.43,24.43,522
2026-04-28 15:55:00,24.49,24.49,24.49,24.49,100
2026-04-29 09:35:00,24.46,24.46,24.46,24.46,1100
2026-04-29 15:55:00,24.47,24.47,24.47,24.47,228
2026-04-30 12:45:00,24.71,24.71,24.71,24.71,300
2026-05-01 12:00:00,24.8205,24.8205,24.82,24.82,1215
2026-05-01 12:05:00,24.809,24.81,24.8,24.803,2096
2026-05-01 12:10:00,24.81,24.81,24.81,24.81,1674
2026-05-01 13:40:00,24.74,24.74,24.74,24.74,600
2026-05-01 13:45:00,24.73,24.73,24.73,24.73,200
2026-05-04 15:55:00,24.44,24.44,24.44,24.44,1164
2026-05-05 11:05:00,24.475,24.475,24.475,24.475,1200
2026-05-05 15:00:00,24.62,24.62,24.62,24.62,197
2026-05-08 10:55:00,24.58,24.58,24.58,24.58,150
2026-05-11 09:30:00,24.58,24.58,24.58,24.58,2040
2026-05-11 11:15:00,24.29,24.29,24.29,24.29,1060
2026-05-12 14:00:00,24.41,24.41,24.41,24.41,100
2026-05-12 15:45:00,24.406,24.4086,24.406,24.406,705
2026-05-14 09:40:00,24.27,24.27,24.27,24.27,150
2026-05-14 10:15:00,24.25,24.25,24.25,24.25,200
2026-05-15 08:05:00,20.91,20.91,20.91,20.91,148
2026-05-18 13:40:00,24.47,24.47,24.47,24.47,167
2026-05-18 15:55:00,24.57,24.57,24.57,24.57,167
2026-05-21 10:00:00,24.3999,24.3999,24.3999,24.3999,100
2026-05-22 09:35:00,24.69,24.69,24.69,24.69,140
2026-05-22 12:45:00,24.6907,24.6907,24.69,24.69,638