2026-03-23 07:05:00,20.94,21.06,20.94,21.06,563
2026-03-23 08:00:00,20.7715,21.1811,20.7715,20.85,345
2026-03-23 08:10:00,21.2335,21.2335,21.2335,21.2335,250
2026-03-23 09:30:00,21.23,21.2337,21.23,21.2337,3202
2026-03-23 09:35:00,21.21,21.264,21.21,21.264,1170
2026-03-23 09:40:00,21.27,21.31,21.25,21.2648,1193
2026-03-23 09:45:00,21.27,21.325,21.27,21.325,4679
2026-03-23 09:50:00,21.34,21.35,21.34,21.35,5515
2026-03-23 09:55:00,21.33,21.33,21.315,21.315,300
2026-03-23 10:00:00,21.34,21.34,21.32,21.32,255
2026-03-23 10:10:00,21.32,21.35,21.32,21.35,2800
2026-03-23 10:15:00,21.36,21.36,21.36,21.36,956
2026-03-23 10:20:00,21.38,21.42,21.379,21.42,705
2026-03-23 10:30:00,21.36,21.3899,21.36,21.3899,3334
2026-03-23 10:35:00,21.37,21.37,21.36,21.36,350
2026-03-23 10:40:00,21.3601,21.3601,21.3601,21.3601,600
2026-03-23 10:45:00,21.37,21.37,21.37,21.37,109
2026-03-23 10:50:00,21.362,21.362,21.35,21.35,360
2026-03-23 10:55:00,21.3601,21.3601,21.35,21.35,876
2026-03-23 11:10:00,21.4,21.4095,21.4,21.4043,900
2026-03-23 11:15:00,21.4,21.4,21.395,21.395,215
2026-03-23 11:20:00,21.4,21.4,21.4,21.4,300
2026-03-23 11:25:00,21.3861,21.3861,21.36,21.36,300
2026-03-23 11:30:00,21.388,21.39,21.375,21.375,4039
2026-03-23 11:35:00,21.31,21.31,21.31,21.31,161
2026-03-23 11:40:00,21.2899,21.2899,21.2899,21.2899,2000
2026-03-23 11:45:00,21.285,21.285,21.285,21.285,400
2026-03-23 11:50:00,21.27,21.27,21.27,21.27,760
2026-03-23 11:55:00,21.19,21.19,21.15,21.15,2625
2026-03-23 12:00:00,21.185,21.185,21.185,21.185,100
2026-03-23 12:05:00,21.18,21.2,21.18,21.2,1303
2026-03-23 12:10:00,21.21,21.21,21.21,21.21,2000
2026-03-23 12:15:00,21.2,21.2,21.18,21.18,600
2026-03-23 12:20:00,21.18,21.18,21.16,21.16,200
2026-03-23 12:30:00,21.11,21.13,21.11,21.13,2722
2026-03-23 12:35:00,21.155,21.155,21.155,21.155,100
2026-03-23 12:50:00,21.15,21.15,21.15,21.15,100
2026-03-23 13:00:00,21.1456,21.1456,21.135,21.135,1000
2026-03-23 13:05:00,21.1301,21.14,21.1301,21.14,259
2026-03-23 13:10:00,21.1501,21.1501,21.1501,21.1501,100
2026-03-23 13:15:00,21.12,21.12,21.12,21.12,450
2026-03-23 13:25:00,21.14,21.14,21.14,21.14,300
2026-03-23 13:30:00,21.15,21.18,21.14,21.18,336
2026-03-23 13:40:00,21.2,21.2,21.2,21.2,6847
2026-03-23 13:55:00,21.2277,21.2277,21.2277,21.2277,100
2026-03-23 14:00:00,21.23,21.24,21.23,21.2399,1950
2026-03-23 14:05:00,21.23,21.23,21.19,21.19,400
2026-03-23 14:10:00,21.2143,21.2143,21.2143,21.2143,636
2026-03-23 14:30:00,21.24,21.25,21.24,21.25,400
2026-03-23 14:35:00,21.2701,21.2736,21.2701,21.2736,852
2026-03-23 14:45:00,21.27,21.29,21.27,21.29,1457
2026-03-23 14:50:00,21.27,21.27,21.27,21.27,242
2026-03-23 14:55:00,21.27,21.29,21.27,21.29,300
2026-03-23 15:05:00,21.26,21.26,21.2536,21.2536,952
2026-03-23 15:10:00,21.255,21.2599,21.255,21.255,21750
2026-03-23 15:15:00,21.25,21.25,21.235,21.245,3271
2026-03-23 15:20:00,21.24,21.25,21.2301,21.2301,600
2026-03-23 15:35:00,21.235,21.25,21.235,21.25,300
2026-03-23 15:40:00,21.245,21.245,21.24,21.24,200
2026-03-23 15:45:00,21.27,21.27,21.27,21.27,100
2026-03-23 15:50:00,21.2225,21.2225,21.2225,21.2225,385
2026-03-23 15:55:00,21.19,21.19,21.18,21.18,2425
2026-03-23 16:00:00,21.18,21.18,21.18,21.18,402
2026-03-23 16:30:00,21.08,21.08,21.08,21.08,1218
2026-03-23 16:50:00,21.1,21.1,21.1,21.1,1218
2026-03-23 17:05:00,21.14,21.14,21.14,21.14,1000
2026-03-23 18:45:00,21.0922,21.0922,21.0922,21.0922,100
2026-03-23 18:50:00,21.18,21.18,21.18,21.18,120
2026-03-24 05:10:00,21.18,21.18,21.18,21.18,428
2026-03-24 08:30:00,21.15,21.15,21.15,21.15,230
2026-03-24 09:05:00,21.1599,21.1599,21.1599,21.1599,1902
2026-03-24 09:20:00,21.0909,21.0909,21.0909,21.0909,290
2026-03-24 09:25:00,21.08,21.08,21.08,21.08,100
2026-03-24 09:30:00,21.08,21.09,21.08,21.08,1334
2026-03-24 09:35:00,21.0535,21.0535,21.03,21.03,447
2026-03-24 09:40:00,21,21,20.985,20.985,1122
2026-03-24 09:45:00,20.943,20.995,20.943,20.995,700
2026-03-24 09:55:00,21.01,21.01,21,21.01,638
2026-03-24 10:00:00,21.0227,21.0432,21.0227,21.0432,700
2026-03-24 10:10:00,21.05,21.05,21,21,510
2026-03-24 10:15:00,21.02,21.02,21.02,21.02,100
2026-03-24 10:20:00,21.04,21.05,21.04,21.05,270
2026-03-24 10:25:00,21,21.03,21,21.03,3353
2026-03-24 10:30:00,21.0248,21.0248,21.0248,21.0248,1000
2026-03-24 10:40:00,21.04,21.04,21.04,21.04,700
2026-03-24 10:45:00,21.0599,21.0599,21.0599,21.0599,200
2026-03-24 10:50:00,21.02,21.06,21.02,21.06,850
2026-03-24 10:55:00,21.09,21.11,21.02,21.02,997
2026-03-24 11:00:00,21.083,21.083,21.083,21.083,129
2026-03-24 11:05:00,21.085,21.0939,21.085,21.09,1221
2026-03-24 11:10:00,21.08,21.1,21.08,21.1,400
2026-03-24 11:15:00,21.11,21.12,21.11,21.12,1250
2026-03-24 11:20:00,21.13,21.13,21.13,21.13,1099
2026-03-24 11:25:00,21.155,21.155,21.125,21.125,3200
2026-03-24 11:30:00,21.125,21.135,21.125,21.125,300
2026-03-24 11:35:00,21.12,21.1327,21.12,21.1327,1382
2026-03-24 11:40:00,21.13,21.13,21.13,21.13,150
2026-03-24 11:45:00,21.13,21.13,21.13,21.13,1016
2026-03-24 11:50:00,21.14,21.14,21.14,21.14,5654
2026-03-24 11:55:00,21.13,21.13,21.09,21.09,804
2026-03-24 12:00:00,21.0901,21.0901,21.0901,21.0901,285
2026-03-24 12:05:00,21.08,21.09,21.08,21.08,998
2026-03-24 12:10:00,21.08,21.08,21.08,21.08,100
2026-03-24 12:20:00,21.12,21.12,21.12,21.12,517
2026-03-24 12:30:00,21.1199,21.1199,21.1199,21.1199,150
2026-03-24 12:35:00,21.105,21.105,21.06,21.06,400
2026-03-24 12:40:00,21.05,21.05,21.05,21.05,100
2026-03-24 12:45:00,21.1,21.1,21.1,21.1,4060
2026-03-24 12:50:00,21.093,21.1,21.093,21.1,1100
2026-03-24 12:55:00,21.09,21.09,21.09,21.09,5171
2026-03-24 13:05:00,21.01,21.0206,21.01,21.0206,1243
2026-03-24 13:10:00,21,21.0024,20.99,21,450
2026-03-24 13:15:00,21,21,21,21,850
2026-03-24 13:20:00,21.01,21.01,21.01,21.01,100
2026-03-24 13:25:00,21,21.01,21,21.01,300
2026-03-24 13:30:00,21.025,21.025,21.025,21.025,487
2026-03-24 13:35:00,21,21.01,20.9923,21.01,784
2026-03-24 13:40:00,20.995,20.995,20.99,20.99,298
2026-03-24 13:50:00,21.01,21.01,21,21,681
2026-03-24 13:55:00,21.02,21.02,21.02,21.02,150
2026-03-24 14:00:00,21.045,21.05,21.045,21.05,1100
2026-03-24 14:15:00,21.04,21.04,21.04,21.04,1200
2026-03-24 14:25:00,21.055,21.06,21.055,21.06,1100
2026-03-24 14:30:00,21.06,21.0899,21.06,21.0899,4100
2026-03-24 14:35:00,21.11,21.13,21.11,21.13,500
2026-03-24 14:40:00,21.1396,21.1396,21.0899,21.1,9154
2026-03-24 14:45:00,21.09,21.09,21.0899,21.0899,500
2026-03-24 14:50:00,21.09,21.1,21.09,21.1,242
2026-03-24 15:00:00,21.1,21.11,21.1,21.1,1550
2026-03-24 15:10:00,21.1,21.1,21.1,21.1,237
2026-03-24 15:15:00,21.118,21.118,21.118,21.118,104
2026-03-24 15:20:00,21.105,21.105,21.105,21.105,105
2026-03-24 15:25:00,21.1,21.1,21.09,21.09,200
2026-03-24 15:30:00,21.06,21.06,21.06,21.06,597
2026-03-24 15:35:00,21.06,21.07,21.06,21.06,452
2026-03-24 15:40:00,21.065,21.07,21.0601,21.07,471
2026-03-24 15:45:00,21.035,21.035,21.035,21.035,142
2026-03-24 15:50:00,21.0212,21.0212,21.0212,21.0212,200
2026-03-24 15:55:00,21.02,21.03,21.02,21.03,1460
2026-03-24 16:00:00,21.05,21.05,21.05,21.05,437
2026-03-24 16:55:00,21.2,21.2,21.2,21.2,500
2026-03-24 18:05:00,21.21,21.21,21.21,21.21,521
2026-03-24 19:25:00,21.11,21.11,21.11,21.11,507
2026-03-25 04:15:00,21.2,21.2,21.2,21.2,101
2026-03-25 08:10:00,21.1,21.1,21.1,21.1,1917
2026-03-25 08:15:00,21.15,21.15,21.15,21.15,1909
2026-03-25 09:15:00,20.99,20.99,20.99,20.99,131
2026-03-25 09:30:00,21.18,21.225,21.18,21.2189,1955
2026-03-25 09:35:00,21.235,21.26,21.235,21.255,2226
2026-03-25 09:40:00,21.2606,21.275,21.26,21.26,1055
2026-03-25 09:45:00,21.23,21.23,21.21,21.21,1250
2026-03-25 09:50:00,21.18,21.18,21.18,21.18,385
2026-03-25 09:55:00,21.185,21.185,21.185,21.185,236
2026-03-25 10:00:00,21.15,21.15,21.15,21.15,472
2026-03-25 10:10:00,21.205,21.205,21.205,21.205,100
2026-03-25 10:20:00,21.24,21.24,21.23,21.23,721
2026-03-25 10:25:00,21.27,21.27,21.27,21.27,1880
2026-03-25 10:35:00,21.25,21.25,21.25,21.25,250
2026-03-25 10:40:00,21.24,21.2643,21.24,21.26,2194
2026-03-25 10:45:00,21.26,21.2739,21.2475,21.27,2306
2026-03-25 10:50:00,21.265,21.265,21.26,21.26,2311
2026-03-25 10:55:00,21.26,21.2611,21.255,21.255,2213
2026-03-25 11:10:00,21.175,21.175,21.16,21.16,350
2026-03-25 11:15:00,21.16,21.16,21.1,21.1,441
2026-03-25 11:20:00,21.16,21.16,21.145,21.16,610
2026-03-25 11:30:00,21.2,21.2061,21.2,21.2061,200
2026-03-25 11:35:00,21.206,21.206,21.17,21.17,2591
2026-03-25 11:45:00,21.15,21.15,21.14,21.15,400
2026-03-25 11:50:00,21.15,21.15,21.145,21.145,900
2026-03-25 11:55:00,21.1698,21.1698,21.1587,21.1587,200
2026-03-25 12:00:00,21.1591,21.1591,21.1591,21.1591,700
2026-03-25 12:05:00,21.12,21.15,21.12,21.15,1500
2026-03-25 12:10:00,21.135,21.135,21.135,21.135,100
2026-03-25 12:15:00,21.14,21.14,21.13,21.13,5054
2026-03-25 12:20:00,21.14,21.17,21.14,21.16,2211
2026-03-25 12:25:00,21.19,21.2,21.19,21.195,300
2026-03-25 12:30:00,21.19,21.2163,21.185,21.2163,1676
2026-03-25 12:35:00,21.205,21.205,21.205,21.205,448
2026-03-25 12:40:00,21.2,21.2,21.2,21.2,300
2026-03-25 12:45:00,21.21,21.21,21.21,21.21,100
2026-03-25 12:50:00,21.19,21.195,21.1762,21.195,2900
2026-03-25 12:55:00,21.205,21.205,21.2,21.2,895
2026-03-25 13:10:00,21.1877,21.1877,21.1877,21.1877,100
2026-03-25 13:30:00,21.2,21.2,21.2,21.2,191
2026-03-25 13:35:00,21.2149,21.2199,21.2149,21.2197,1600
2026-03-25 13:40:00,21.22,21.25,21.22,21.24,700
2026-03-25 13:45:00,21.225,21.225,21.225,21.225,1500
2026-03-25 13:55:00,21.18,21.205,21.18,21.2,1130
2026-03-25 14:00:00,21.195,21.195,21.19,21.195,700
2026-03-25 14:05:00,21.195,21.195,21.19,21.19,350
2026-03-25 14:25:00,21.19,21.19,21.19,21.19,100
2026-03-25 14:35:00,21.185,21.185,21.185,21.185,228
2026-03-25 14:40:00,21.175,21.175,21.175,21.175,100
2026-03-25 14:55:00,21.13,21.13,21.13,21.13,200
2026-03-25 15:00:00,21.12,21.12,21.1199,21.1199,1048
2026-03-25 15:05:00,21.1197,21.1197,21.1197,21.1197,1250
2026-03-25 15:10:00,21.12,21.12,21.12,21.12,2394
2026-03-25 15:15:00,21.14,21.14,21.14,21.14,333
2026-03-25 15:20:00,21.15,21.15,21.15,21.15,150
2026-03-25 15:25:00,21.155,21.155,21.14,21.14,300
2026-03-25 15:35:00,21.116,21.12,21.116,21.12,1400
2026-03-25 15:40:00,21.1225,21.1324,21.1225,21.1324,2234
2026-03-25 15:45:00,21.125,21.125,21.125,21.125,100
2026-03-25 15:50:00,21.1201,21.14,21.1201,21.14,1059
2026-03-25 15:55:00,21.14,21.16,21.14,21.16,4500
2026-03-25 16:00:00,21.16,21.16,21.16,21.16,266
2026-03-25 16:40:00,21.1,21.1,21.1,21.1,100
2026-03-26 08:00:00,21.11,21.11,21.11,21.11,360
2026-03-26 09:15:00,20.84,20.84,20.79,20.79,200
2026-03-26 09:30:00,20.85,20.85,20.8199,20.8199,1608
2026-03-26 09:35:00,20.82,20.82,20.7918,20.8,2345
2026-03-26 09:40:00,20.79,20.82,20.79,20.79,4393
2026-03-26 09:45:00,20.88,20.88,20.87,20.87,6062
2026-03-26 09:50:00,20.88,20.88,20.88,20.88,1000
2026-03-26 09:55:00,20.89,20.89,20.89,20.89,110
2026-03-26 10:05:00,20.861,20.905,20.861,20.89,2119
2026-03-26 10:10:00,20.88,20.885,20.88,20.885,437
2026-03-26 10:15:00,20.8911,20.8911,20.8911,20.8911,354
2026-03-26 10:20:00,20.9,20.9,20.9,20.9,138
2026-03-26 10:25:00,20.875,20.875,20.875,20.875,200
2026-03-26 10:30:00,20.8701,20.88,20.8701,20.88,350
2026-03-26 10:35:00,20.8801,20.8801,20.8801,20.8801,200
2026-03-26 10:40:00,20.8828,20.8828,20.85,20.85,866
2026-03-26 10:45:00,20.835,20.835,20.81,20.81,1970
2026-03-26 10:50:00,20.83,20.83,20.79,20.79,7829
2026-03-26 10:55:00,20.77,20.8,20.7699,20.8,1215
2026-03-26 11:00:00,20.82,20.82,20.82,20.82,1600
2026-03-26 11:05:00,20.8,20.82,20.8,20.8,1209
2026-03-26 11:10:00,20.81,20.82,20.81,20.82,359
2026-03-26 11:15:00,20.7878,20.79,20.7878,20.79,1500
2026-03-26 11:20:00,20.8,20.8,20.8,20.8,1600
2026-03-26 11:25:00,20.8,20.8,20.7951,20.8,2550
2026-03-26 11:30:00,20.795,20.7951,20.77,20.77,5159
2026-03-26 11:35:00,20.78,20.7966,20.78,20.7966,300
2026-03-26 11:40:00,20.8,20.805,20.795,20.7998,2175
2026-03-26 11:45:00,20.7945,20.82,20.7945,20.81,2040
2026-03-26 11:50:00,20.81,20.82,20.81,20.82,3076
2026-03-26 11:55:00,20.81,20.81,20.8,20.8,650
2026-03-26 12:00:00,20.8,20.8,20.7935,20.795,1809
2026-03-26 12:05:00,20.79,20.8,20.79,20.8,1300
2026-03-26 12:10:00,20.795,20.795,20.78,20.78,5842
2026-03-26 12:15:00,20.79,20.79,20.75,20.78,1200
2026-03-26 12:20:00,20.75,20.75,20.75,20.75,500
2026-03-26 12:25:00,20.735,20.735,20.73,20.73,900
2026-03-26 12:30:00,20.71,20.72,20.71,20.72,1686
2026-03-26 12:35:00,20.72,20.72,20.72,20.72,100
2026-03-26 12:40:00,20.715,20.72,20.71,20.72,1500
2026-03-26 12:45:00,20.72,20.72,20.7,20.7,3550
2026-03-26 12:50:00,20.7,20.71,20.7,20.71,2052
2026-03-26 12:55:00,20.715,20.72,20.715,20.7196,1360
2026-03-26 13:00:00,20.72,20.73,20.72,20.725,1300
2026-03-26 13:05:00,20.715,20.715,20.715,20.715,120
2026-03-26 13:10:00,20.71,20.71,20.7,20.7,200
2026-03-26 13:15:00,20.7,20.7,20.7,20.7,1000
2026-03-26 13:20:00,20.69,20.69,20.67,20.68,8749
2026-03-26 13:25:00,20.67,20.67,20.665,20.67,914
2026-03-26 13:30:00,20.68,20.69,20.67,20.69,12424
2026-03-26 13:35:00,20.69,20.69,20.68,20.68,1100
2026-03-26 13:40:00,20.67,20.67,20.655,20.655,800
2026-03-26 13:45:00,20.65,20.65,20.64,20.64,1483
2026-03-26 13:50:00,20.62,20.62,20.62,20.62,1370
2026-03-26 13:55:00,20.605,20.61,20.5823,20.5823,2117
2026-03-26 14:00:00,20.6,20.625,20.6,20.625,605
2026-03-26 14:05:00,20.6,20.62,20.6,20.61,1499
2026-03-26 14:10:00,20.6068,20.6093,20.6068,20.6093,300
2026-03-26 14:20:00,20.6,20.6,20.6,20.6,100
2026-03-26 14:25:00,20.61,20.61,20.61,20.61,100
2026-03-26 14:30:00,20.59,20.605,20.59,20.605,3228
2026-03-26 14:40:00,20.61,20.61,20.61,20.61,1299
2026-03-26 14:45:00,20.59,20.6,20.59,20.6,2923
2026-03-26 14:50:00,20.605,20.62,20.605,20.62,2081
2026-03-26 14:55:00,20.61,20.61,20.61,20.61,661
2026-03-26 15:00:00,20.6199,20.6199,20.6,20.6,1342
2026-03-26 15:05:00,20.57,20.57,20.57,20.57,113
2026-03-26 15:10:00,20.575,20.575,20.567,20.57,5473
2026-03-26 15:15:00,20.58,20.59,20.58,20.59,3594
2026-03-26 15:25:00,20.57,20.571,20.57,20.57,378
2026-03-26 15:30:00,20.58,20.58,20.58,20.58,100
2026-03-26 15:35:00,20.56,20.58,20.56,20.57,1435
2026-03-26 15:40:00,20.565,20.57,20.55,20.55,3339
2026-03-26 15:45:00,20.5462,20.5501,20.5462,20.5501,379
2026-03-26 15:50:00,20.55,20.55,20.52,20.52,3688
2026-03-26 15:55:00,20.53,20.55,20.53,20.55,3078
2026-03-26 16:00:00,20.54,20.54,20.54,20.54,385
2026-03-26 18:15:00,20.95,20.95,20.95,20.95,300
2026-03-26 18:25:00,20.56,20.56,20.56,20.56,100
2026-03-27 08:00:00,20.72,20.72,20.72,20.72,200
2026-03-27 08:05:00,20.52,20.52,20.52,20.52,210
2026-03-27 08:10:00,20.2,20.2,20.2,20.2,100
2026-03-27 08:15:00,20.42,20.42,20.42,20.42,500
2026-03-27 09:30:00,20.43,20.43,20.37,20.37,2574
2026-03-27 09:35:00,20.31,20.39,20.31,20.39,4825
2026-03-27 09:40:00,20.37,20.37,20.36,20.36,1878
2026-03-27 09:45:00,20.39,20.405,20.39,20.405,1391
2026-03-27 09:50:00,20.355,20.355,20.315,20.315,11420
2026-03-27 09:55:00,20.31,20.31,20.2701,20.29,23241
2026-03-27 10:00:00,20.305,20.31,20.285,20.31,15968
2026-03-27 10:05:00,20.31,20.31,20.29,20.29,7341
2026-03-27 10:10:00,20.29,20.32,20.29,20.32,797
2026-03-27 10:15:00,20.33,20.339,20.32,20.32,1856
2026-03-27 10:20:00,20.32,20.32,20.2905,20.2905,930
2026-03-27 10:25:00,20.31,20.31,20.285,20.29,848
2026-03-27 10:30:00,20.29,20.3,20.29,20.3,1879
2026-03-27 10:35:00,20.3,20.3,20.28,20.28,1219
2026-03-27 10:40:00,20.28,20.28,20.2601,20.265,1798
2026-03-27 10:45:00,20.28,20.2951,20.265,20.2951,1269
2026-03-27 10:50:00,20.335,20.335,20.31,20.31,3057
2026-03-27 10:55:00,20.3,20.31,20.3,20.31,1836
2026-03-27 11:00:00,20.32,20.32,20.31,20.32,800
2026-03-27 11:05:00,20.33,20.335,20.32,20.32,1000
2026-03-27 11:10:00,20.32,20.32,20.3,20.31,9550
2026-03-27 11:15:00,20.29,20.3,20.275,20.28,4398
2026-03-27 11:20:00,20.28,20.31,20.28,20.31,1350
2026-03-27 11:25:00,20.31,20.33,20.31,20.33,350
2026-03-27 11:30:00,20.35,20.39,20.35,20.39,553
2026-03-27 11:35:00,20.39,20.39,20.37,20.37,1850
2026-03-27 11:40:00,20.35,20.35,20.3301,20.3301,1453
2026-03-27 11:45:00,20.35,20.355,20.35,20.355,754
2026-03-27 11:50:00,20.355,20.36,20.355,20.36,860
2026-03-27 11:55:00,20.36,20.36,20.355,20.36,752
2026-03-27 12:00:00,20.34,20.35,20.34,20.35,315
2026-03-27 12:10:00,20.3199,20.3199,20.315,20.315,322
2026-03-27 12:15:00,20.31,20.31,20.3,20.305,715
2026-03-27 12:25:00,20.3,20.3,20.29,20.29,500
2026-03-27 12:30:00,20.29,20.29,20.285,20.285,300
2026-03-27 12:35:00,20.28,20.28,20.2615,20.2615,1624
2026-03-27 12:40:00,20.27,20.29,20.27,20.285,1200
2026-03-27 12:45:00,20.3,20.3,20.2931,20.2931,1615
2026-03-27 13:00:00,20.27,20.27,20.27,20.27,100
2026-03-27 13:05:00,20.28,20.31,20.28,20.31,1626
2026-03-27 13:10:00,20.295,20.295,20.27,20.27,511
2026-03-27 13:15:00,20.2599,20.2599,20.2599,20.2599,351
2026-03-27 13:20:00,20.25,20.25,20.23,20.24,1367
2026-03-27 13:25:00,20.235,20.235,20.22,20.22,583
2026-03-27 13:30:00,20.21,20.21,20.21,20.21,700
2026-03-27 13:35:00,20.22,20.22,20.22,20.22,100
2026-03-27 13:40:00,20.2,20.2,20.2,20.2,100
2026-03-27 13:45:00,20.19,20.2,20.19,20.195,564
2026-03-27 13:50:00,20.19,20.1901,20.19,20.1901,250
2026-03-27 13:55:00,20.1801,20.19,20.18,20.1801,2085
2026-03-27 14:00:00,20.185,20.185,20.18,20.18,1550
2026-03-27 14:05:00,20.18,20.19,20.17,20.17,9404
2026-03-27 14:10:00,20.165,20.17,20.16,20.165,2767
2026-03-27 14:15:00,20.16,20.19,20.16,20.185,3661
2026-03-27 14:20:00,20.195,20.195,20.18,20.18,2045
2026-03-27 14:25:00,20.175,20.18,20.175,20.18,1400
2026-03-27 14:35:00,20.17,20.18,20.17,20.18,450
2026-03-27 14:40:00,20.17,20.21,20.17,20.18,3848
2026-03-27 14:45:00,20.18,20.18,20.1612,20.1612,3154
2026-03-27 15:00:00,20.1662,20.1662,20.1501,20.155,6778
2026-03-27 15:05:00,20.16,20.16,20.15,20.15,6799
2026-03-27 15:10:00,20.15,20.1599,20.15,20.1599,6750
2026-03-27 15:20:00,20.175,20.175,20.1532,20.1532,1758
2026-03-27 15:25:00,20.16,20.16,20.155,20.155,4100
2026-03-27 15:30:00,20.16,20.17,20.16,20.17,7768
2026-03-27 15:35:00,20.165,20.165,20.165,20.165,200
2026-03-27 15:40:00,20.16,20.16,20.135,20.155,2975
2026-03-27 15:45:00,20.13,20.13,20.12,20.13,1800
2026-03-27 15:50:00,20.12,20.15,20.11,20.13,6674
2026-03-27 15:55:00,20.14,20.1794,20.14,20.14,5336
2026-03-27 16:00:00,20.13,20.13,20.13,20.13,239
2026-03-27 16:20:00,20.14,20.4,20.14,20.4,1290
2026-03-27 17:20:00,20.13,20.13,20.13,20.13,745
2026-03-27 17:40:00,20.1582,20.1582,20.1582,20.1582,158
2026-03-30 04:00:00,20.12,20.12,20.12,20.12,123
2026-03-30 06:45:00,20.13,20.13,20.13,20.13,200
2026-03-30 09:20:00,20.26,20.28,20.26,20.28,2215
2026-03-30 09:30:00,20.26,20.3,20.26,20.3,4593
2026-03-30 09:35:00,20.25,20.25,20.2155,20.22,11815
2026-03-30 09:40:00,20.22,20.22,20.17,20.21,7509
2026-03-30 09:45:00,20.21,20.21,20.17,20.17,8863
2026-03-30 09:50:00,20.17,20.17,20.16,20.17,10660
2026-03-30 09:55:00,20.14,20.15,20.13,20.13,725
2026-03-30 10:00:00,20.13,20.13,20.13,20.13,1038
2026-03-30 10:05:00,20.14,20.1667,20.14,20.1596,900
2026-03-30 10:10:00,20.15,20.15,20.15,20.15,150
2026-03-30 10:15:00,20.155,20.155,20.155,20.155,403
2026-03-30 10:20:00,20.17,20.17,20.17,20.17,200
2026-03-30 10:25:00,20.17,20.1762,20.15,20.155,9674
2026-03-30 10:30:00,20.16,20.16,20.155,20.16,5818
2026-03-30 10:35:00,20.14,20.14,20.12,20.14,3379
2026-03-30 10:40:00,20.14,20.14,20.11,20.11,7037
2026-03-30 10:45:00,20.11,20.15,20.11,20.13,5566
2026-03-30 10:50:00,20.13,20.14,20.13,20.14,1683
2026-03-30 10:55:00,20.14,20.1686,20.14,20.1686,782
2026-03-30 11:05:00,20.21,20.21,20.17,20.17,1450
2026-03-30 11:10:00,20.175,20.175,20.16,20.16,766
2026-03-30 11:15:00,20.13,20.14,20.13,20.13,3587
2026-03-30 11:20:00,20.14,20.14,20.13,20.13,1363
2026-03-30 11:25:00,20.1614,20.1614,20.1614,20.1614,250
2026-03-30 11:30:00,20.1419,20.18,20.1419,20.18,200
2026-03-30 11:35:00,20.2,20.21,20.2,20.21,1693
2026-03-30 11:40:00,20.195,20.195,20.195,20.195,1526
2026-03-30 11:45:00,20.195,20.2,20.18,20.2,1690
2026-03-30 11:50:00,20.2199,20.2199,20.2199,20.2199,197
2026-03-30 11:55:00,20.18,20.18,20.18,20.18,750
2026-03-30 12:00:00,20.18,20.18,20.16,20.16,1183
2026-03-30 12:05:00,20.16,20.16,20.14,20.14,2950
2026-03-30 12:10:00,20.16,20.16,20.16,20.16,200
2026-03-30 12:15:00,20.15,20.15,20.15,20.15,100
2026-03-30 12:20:00,20.14,20.14,20.14,20.14,100
2026-03-30 12:25:00,20.1366,20.1366,20.13,20.13,1324
2026-03-30 12:30:00,20.12,20.13,20.12,20.13,1350
2026-03-30 12:35:00,20.13,20.14,20.125,20.14,2735
2026-03-30 12:40:00,20.14,20.1401,20.135,20.135,1650
2026-03-30 12:45:00,20.135,20.14,20.13,20.14,7508
2026-03-30 12:50:00,20.13,20.13,20.13,20.13,200
2026-03-30 12:55:00,20.125,20.125,20.125,20.125,100
2026-03-30 13:00:00,20.13,20.13,20.12,20.12,600
2026-03-30 13:05:00,20.12,20.12,20.12,20.12,350
2026-03-30 13:10:00,20.11,20.11,20.11,20.11,100
2026-03-30 13:15:00,20.1,20.1,20.075,20.09,5663
2026-03-30 13:20:00,20.09,20.09,20.08,20.08,1250
2026-03-30 13:30:00,20.06,20.06,20.04,20.04,600
2026-03-30 13:35:00,20.05,20.065,20.05,20.065,1900
2026-03-30 13:40:00,20.07,20.07,20.07,20.07,100
2026-03-30 13:45:00,20.08,20.09,20.075,20.075,400
2026-03-30 13:50:00,20.07,20.0701,20.07,20.07,400
2026-03-30 13:55:00,20.07,20.07,20.06,20.07,931
2026-03-30 14:00:00,20.0627,20.07,20.0627,20.07,1600
2026-03-30 14:05:00,20.06,20.06,20.06,20.06,200
2026-03-30 14:10:00,20.04,20.04,20.04,20.04,100
2026-03-30 14:15:00,20.05,20.05,20.04,20.05,17375
2026-03-30 14:20:00,20.06,20.06,20.05,20.05,1570
2026-03-30 14:25:00,20.035,20.035,20.02,20.02,300
2026-03-30 14:35:00,20.04,20.055,20.04,20.055,586
2026-03-30 14:45:00,20.02,20.02,20.02,20.02,516
2026-03-30 14:50:00,20.01,20.01,20,20,2022
2026-03-30 14:55:00,20,20,19.99,19.9973,3636
2026-03-30 15:00:00,19.995,20,19.99,20,1400
2026-03-30 15:05:00,19.99,19.99,19.96,19.96,1900
2026-03-30 15:10:00,19.94,19.94,19.92,19.92,802
2026-03-30 15:15:00,19.93,19.94,19.93,19.94,3402
2026-03-30 15:20:00,19.94,19.94,19.93,19.93,2801
2026-03-30 15:25:00,19.925,19.925,19.915,19.92,800
2026-03-30 15:35:00,19.92,19.94,19.92,19.935,2656
2026-03-30 15:40:00,19.94,19.95,19.94,19.95,400
2026-03-30 15:45:00,19.955,19.97,19.9549,19.97,19034
2026-03-30 15:55:00,20,20,19.99,19.99,1801
2026-03-30 16:00:00,19.99,19.99,19.99,19.99,204
2026-03-30 18:35:00,19.9,19.9,19.9,19.9,2713
2026-03-31 04:00:00,20.05,20.05,20.05,20.05,404
2026-03-31 07:30:00,20.21,20.21,20.21,20.21,100
2026-03-31 07:40:00,20.22,20.22,20.22,20.22,105
2026-03-31 08:10:00,20.21,20.21,20.1939,20.1939,253
2026-03-31 08:35:00,20.21,20.21,20.21,20.21,258
2026-03-31 09:30:00,20.23,20.25,20.2,20.25,2943
2026-03-31 09:35:00,20.255,20.255,20.21,20.21,509
2026-03-31 09:40:00,20.24,20.24,20.24,20.24,300
2026-03-31 09:45:00,20.3,20.3,20.3,20.3,100
2026-03-31 09:50:00,20.32,20.32,20.32,20.32,114
2026-03-31 09:55:00,20.31,20.31,20.31,20.31,1146
2026-03-31 10:00:00,20.3539,20.3539,20.3539,20.3539,163
2026-03-31 10:05:00,20.33,20.33,20.29,20.3,1271
2026-03-31 10:10:00,20.32,20.32,20.32,20.32,300
2026-03-31 10:20:00,20.33,20.33,20.33,20.33,300
2026-03-31 10:30:00,20.35,20.35,20.35,20.35,634
2026-03-31 10:35:00,20.33,20.33,20.3044,20.3044,586
2026-03-31 10:40:00,20.32,20.32,20.32,20.32,421
2026-03-31 10:45:00,20.2551,20.2551,20.2551,20.2551,295
2026-03-31 10:55:00,20.2,20.2,20.19,20.19,200
2026-03-31 11:00:00,20.25,20.25,20.25,20.25,105
2026-03-31 11:05:00,20.28,20.28,20.28,20.28,2932
2026-03-31 11:10:00,20.292,20.33,20.29,20.33,14600
2026-03-31 11:15:00,20.31,20.3184,20.31,20.3184,1700
2026-03-31 11:20:00,20.3,20.3201,20.3,20.3201,900
2026-03-31 11:25:00,20.325,20.325,20.2889,20.2889,700
2026-03-31 11:30:00,20.27,20.28,20.27,20.28,774
2026-03-31 11:35:00,20.3,20.3,20.3,20.3,100
2026-03-31 11:40:00,20.29,20.29,20.28,20.28,1150
2026-03-31 11:45:00,20.2799,20.2799,20.265,20.265,323
2026-03-31 11:50:00,20.27,20.27,20.27,20.27,333
2026-03-31 12:05:00,20.3199,20.3199,20.3199,20.3199,542
2026-03-31 12:10:00,20.295,20.3,20.29,20.3,500
2026-03-31 12:15:00,20.32,20.32,20.31,20.31,1657
2026-03-31 12:20:00,20.3115,20.33,20.3115,20.33,2225
2026-03-31 12:25:00,20.34,20.34,20.34,20.34,408
2026-03-31 12:30:00,20.33,20.33,20.33,20.33,200
2026-03-31 12:35:00,20.35,20.42,20.35,20.42,685
2026-03-31 12:40:00,20.44,20.49,20.44,20.49,450
2026-03-31 12:45:00,20.4601,20.4901,20.4601,20.4901,1000
2026-03-31 12:50:00,20.54,20.54,20.54,20.54,100
2026-03-31 12:55:00,20.52,20.52,20.52,20.52,100
2026-03-31 13:00:00,20.54,20.6,20.54,20.6,1135
2026-03-31 13:05:00,20.57,20.57,20.55,20.57,1047
2026-03-31 13:10:00,20.54,20.57,20.54,20.57,2564
2026-03-31 13:20:00,20.6,20.62,20.6,20.62,350
2026-03-31 13:25:00,20.6,20.6,20.56,20.56,250
2026-03-31 13:35:00,20.59,20.5983,20.57,20.57,529
2026-03-31 13:45:00,20.534,20.56,20.534,20.56,524
2026-03-31 13:55:00,20.55,20.55,20.55,20.55,200
2026-03-31 14:00:00,20.55,20.55,20.55,20.55,202
2026-03-31 14:05:00,20.55,20.55,20.55,20.55,773
2026-03-31 14:10:00,20.55,20.575,20.55,20.575,413
2026-03-31 14:20:00,20.57,20.57,20.57,20.57,343
2026-03-31 14:25:00,20.56,20.57,20.56,20.57,356
2026-03-31 14:30:00,20.5486,20.5486,20.5486,20.5486,200
2026-03-31 14:40:00,20.59,20.59,20.58,20.58,673
2026-03-31 14:45:00,20.61,20.61,20.6,20.6,1555
2026-03-31 14:50:00,20.61,20.61,20.61,20.61,162
2026-03-31 14:55:00,20.6,20.6,20.6,20.6,668
2026-03-31 15:05:00,20.61,20.61,20.61,20.61,251
2026-03-31 15:10:00,20.6124,20.6245,20.61,20.62,1700
2026-03-31 15:15:00,20.64,20.64,20.63,20.63,328
2026-03-31 15:20:00,20.64,20.64,20.64,20.64,263
2026-03-31 15:25:00,20.64,20.64,20.63,20.6301,4037
2026-03-31 15:30:00,20.64,20.64,20.64,20.64,300
2026-03-31 15:35:00,20.65,20.65,20.65,20.65,100
2026-03-31 15:40:00,20.64,20.65,20.6301,20.64,1999
2026-03-31 15:45:00,20.66,20.685,20.65,20.685,1237
2026-03-31 15:50:00,20.69,20.69,20.69,20.69,243
2026-03-31 15:55:00,20.6447,20.69,20.6447,20.69,1153
2026-03-31 16:10:00,20.7,20.7,20.7,20.7,100
2026-03-31 16:55:00,20.1567,20.1567,20.1567,20.1567,101
2026-03-31 18:35:00,20.69,20.6997,20.6452,20.6452,9983
2026-03-31 18:45:00,20.7,20.7,20.6984,20.6984,4878
2026-04-01 04:10:00,20.83,20.83,20.83,20.83,100
2026-04-01 05:10:00,20.7766,20.7766,20.7766,20.7766,150
2026-04-01 07:15:00,20.96,20.96,20.96,20.96,385
2026-04-01 08:25:00,20.72,20.72,20.72,20.72,1455
2026-04-01 08:40:00,20.8632,20.8632,20.8632,20.8632,100
2026-04-01 09:05:00,20.85,20.85,20.85,20.85,500
2026-04-01 09:30:00,20.83,20.83,20.795,20.8286,5689
2026-04-01 09:35:00,20.85,20.8801,20.85,20.88,1229
2026-04-01 09:40:00,20.8,20.8,20.8,20.8,145
2026-04-01 09:45:00,20.816,20.816,20.79,20.79,5439
2026-04-01 09:50:00,20.805,20.835,20.805,20.82,22799
2026-04-01 09:55:00,20.82,20.84,20.8099,20.83,44045
2026-04-01 10:00:00,20.83,20.8665,20.83,20.86,50655
2026-04-01 10:05:00,20.87,20.88,20.845,20.87,113711
2026-04-01 10:10:00,20.879,20.88,20.8521,20.8666,97015
2026-04-01 10:15:00,20.89,20.9,20.88,20.89,160891
2026-04-01 10:20:00,20.895,20.919,20.8799,20.89,104255
2026-04-01 10:25:00,20.895,20.909,20.89,20.909,70068
2026-04-01 10:30:00,20.89,20.92,20.88,20.89,47106
2026-04-01 10:35:00,20.87,20.93,20.86,20.93,50184
2026-04-01 10:40:00,20.91,20.93,20.9,20.92,84097
2026-04-01 10:45:00,20.92,20.94,20.89,20.93,86108
2026-04-01 10:50:00,20.94,20.95,20.925,20.945,44625
2026-04-01 10:55:00,20.945,20.96,20.94,20.96,7529
2026-04-01 11:00:00,20.96,20.96,20.96,20.96,300
2026-04-01 11:05:00,20.97,20.98,20.96,20.98,10401
2026-04-01 11:10:00,20.97,20.97,20.9618,20.97,1319
2026-04-01 11:15:00,20.96,20.9675,20.955,20.9675,2168
2026-04-01 11:20:00,20.98,20.98,20.96,20.96,230
2026-04-01 11:25:00,20.96,20.96,20.96,20.96,100
2026-04-01 11:30:00,20.94,20.96,20.94,20.955,1565
2026-04-01 11:35:00,20.97,20.97,20.97,20.97,767
2026-04-01 11:45:00,20.98,20.98,20.98,20.98,438
2026-04-01 11:50:00,20.98,20.98,20.98,20.98,100
2026-04-01 11:55:00,20.99,21,20.99,21,1050
2026-04-01 12:00:00,21.003,21.01,20.995,20.995,1300
2026-04-01 12:05:00,21,21.01,21,21,2284
2026-04-01 12:10:00,21,21,20.99,20.99,500
2026-04-01 12:15:00,20.99,20.99,20.99,20.99,600
2026-04-01 12:20:00,21.01,21.01,21,21,200
2026-04-01 12:25:00,20.995,20.995,20.995,20.995,405
2026-04-01 12:30:00,20.99,20.99,20.98,20.98,456
2026-04-01 12:40:00,21.0001,21.01,21.0001,21.01,850
2026-04-01 12:45:00,21.01,21.01,21.01,21.01,200
2026-04-01 12:50:00,21.01,21.01,21.01,21.01,200
2026-04-01 12:55:00,21.01,21.01,21.01,21.01,100
2026-04-01 13:00:00,21.01,21.01,21.01,21.01,350
2026-04-01 13:05:00,21.02,21.02,21.02,21.02,600
2026-04-01 13:15:00,21.03,21.03,21.03,21.03,100
2026-04-01 13:20:00,21.03,21.035,21.024,21.024,1071
2026-04-01 13:25:00,21.03,21.03,21.025,21.03,500
2026-04-01 13:30:00,21.02,21.02,21,21,7739
2026-04-01 13:35:00,21,21.01,20.9977,21,950
2026-04-01 13:40:00,21.01,21.01,21,21,200
2026-04-01 13:45:00,21.0001,21.0001,21,21,1714
2026-04-01 13:50:00,20.99,20.99,20.99,20.99,350
2026-04-01 13:55:00,20.999,20.9999,20.969,20.969,2936
2026-04-01 14:00:00,20.96,20.96,20.931,20.931,320
2026-04-01 14:05:00,20.94,20.94,20.93,20.93,1400
2026-04-01 14:10:00,20.94,20.94,20.9335,20.9335,668
2026-04-01 14:15:00,20.93,20.93,20.9,20.9,1897
2026-04-01 14:20:00,20.8859,20.8859,20.865,20.865,4365
2026-04-01 14:25:00,20.869,20.88,20.861,20.861,1796
2026-04-01 14:30:00,20.87,20.87,20.8605,20.87,2850
2026-04-01 14:35:00,20.8451,20.86,20.8451,20.86,400
2026-04-01 14:40:00,20.89,20.89,20.89,20.89,130
2026-04-01 14:45:00,20.88,20.88,20.87,20.875,400
2026-04-01 14:55:00,20.87,20.87,20.87,20.87,700
2026-04-01 15:00:00,20.88,20.88,20.87,20.87,2236
2026-04-01 15:05:00,20.9,20.905,20.9,20.905,1630
2026-04-01 15:10:00,20.89,20.8938,20.89,20.8938,839
2026-04-01 15:15:00,20.9,20.9,20.9,20.9,300
2026-04-01 15:20:00,20.91,20.9108,20.91,20.9108,353
2026-04-01 15:25:00,20.93,20.93,20.93,20.93,500
2026-04-01 15:30:00,20.9301,20.9301,20.9301,20.9301,105
2026-04-01 15:35:00,20.92,20.92,20.92,20.92,100
2026-04-01 15:40:00,20.95,20.95,20.93,20.93,500
2026-04-01 15:45:00,20.93,20.935,20.93,20.93,300
2026-04-01 15:50:00,20.91,20.92,20.91,20.915,616
2026-04-01 15:55:00,20.905,20.92,20.9,20.9,28107
2026-04-01 16:00:00,20.91,20.91,20.91,20.91,857
2026-04-01 16:55:00,21.2,21.2,21.2,21.2,520
2026-04-01 18:00:00,20.9,20.9,20.889,20.889,860
2026-04-01 18:05:00,20.88,20.88,20.88,20.88,678
2026-04-02 04:00:00,20.75,20.75,20.75,20.75,400
2026-04-02 09:20:00,20.506,20.506,20.506,20.506,960
2026-04-02 09:30:00,20.48,20.48,20.44,20.44,9266
2026-04-02 09:35:00,20.44,20.44,20.4,20.4,6578
2026-04-02 09:40:00,20.37,20.4,20.37,20.38,14260
2026-04-02 09:45:00,20.3827,20.45,20.3827,20.44,2450
2026-04-02 09:50:00,20.45,20.4848,20.44,20.4848,900
2026-04-02 09:55:00,20.49,20.51,20.49,20.5099,700
2026-04-02 10:00:00,20.5499,20.5499,20.525,20.525,600
2026-04-02 10:05:00,20.525,20.58,20.525,20.58,850
2026-04-02 10:10:00,20.6,20.6,20.6,20.6,800
2026-04-02 10:15:00,20.58,20.62,20.58,20.62,460
2026-04-02 10:20:00,20.61,20.63,20.6,20.63,1200
2026-04-02 10:25:00,20.58,20.58,20.58,20.58,700
2026-04-02 10:30:00,20.61,20.63,20.61,20.63,1124
2026-04-02 10:35:00,20.65,20.81,20.65,20.81,2712
2026-04-02 10:45:00,20.77,20.77,20.76,20.76,700
2026-04-02 10:55:00,20.78,20.78,20.78,20.78,100
2026-04-02 11:00:00,20.78,20.78,20.76,20.76,200
2026-04-02 11:05:00,20.73,20.73,20.73,20.73,300
2026-04-02 11:10:00,20.76,20.79,20.76,20.79,928
2026-04-02 11:20:00,20.7524,20.7524,20.74,20.74,400
2026-04-02 11:25:00,20.758,20.758,20.758,20.758,210
2026-04-02 11:30:00,20.76,20.76,20.76,20.76,100
2026-04-02 11:35:00,20.76,20.79,20.76,20.77,3723
2026-04-02 11:40:00,20.76,20.76,20.76,20.76,1000
2026-04-02 11:45:00,20.76,20.76,20.76,20.76,200
2026-04-02 11:50:00,20.73,20.73,20.73,20.73,400
2026-04-02 11:55:00,20.74,20.74,20.74,20.74,1125
2026-04-02 12:00:00,20.74,20.74,20.74,20.74,1425
2026-04-02 12:05:00,20.74,20.74,20.73,20.73,2108
2026-04-02 12:10:00,20.72,20.725,20.72,20.72,820
2026-04-02 12:15:00,20.72,20.72,20.71,20.71,1232
2026-04-02 12:20:00,20.71,20.715,20.7,20.71,1258
2026-04-02 12:25:00,20.7027,20.725,20.7027,20.715,13580
2026-04-02 12:30:00,20.7101,20.74,20.7004,20.74,4300
2026-04-02 12:35:00,20.74,20.74,20.71,20.71,520
2026-04-02 12:40:00,20.73,20.76,20.73,20.736,2640
2026-04-02 12:45:00,20.736,20.75,20.736,20.75,300
2026-04-02 12:50:00,20.74,20.7567,20.74,20.7567,719
2026-04-02 12:55:00,20.7601,20.7601,20.75,20.75,2800
2026-04-02 13:05:00,20.7301,20.7301,20.7301,20.7301,482
2026-04-02 13:10:00,20.7355,20.77,20.7355,20.77,925
2026-04-02 13:15:00,20.77,20.77,20.765,20.765,875
2026-04-02 13:20:00,20.7717,20.7717,20.7717,20.7717,100
2026-04-02 13:25:00,20.7717,20.78,20.77,20.77,550
2026-04-02 13:30:00,20.77,20.77,20.77,20.77,200
2026-04-02 13:40:00,20.75,20.75,20.75,20.75,2000
2026-04-02 13:45:00,20.75,20.75,20.75,20.75,400
2026-04-02 13:50:00,20.71,20.714,20.7,20.714,400
2026-04-02 13:55:00,20.725,20.725,20.725,20.725,200
2026-04-02 14:00:00,20.73,20.7399,20.73,20.7399,400
2026-04-02 14:10:00,20.755,20.755,20.75,20.75,354
2026-04-02 14:15:00,20.75,20.75,20.75,20.75,913
2026-04-02 14:20:00,20.75,20.75,20.7499,20.7499,901
2026-04-02 14:25:00,20.745,20.745,20.73,20.74,2035
2026-04-02 14:30:00,20.735,20.7397,20.735,20.735,3364
2026-04-02 14:35:00,20.74,20.74,20.74,20.74,300
2026-04-02 14:40:00,20.74,20.76,20.74,20.76,700
2026-04-02 14:45:00,20.765,20.765,20.765,20.765,800
2026-04-02 14:50:00,20.765,20.77,20.765,20.77,1000
2026-04-02 14:55:00,20.77,20.77,20.77,20.77,200
2026-04-02 15:00:00,20.77,20.77,20.77,20.77,200
2026-04-02 15:05:00,20.77,20.7786,20.77,20.775,966
2026-04-02 15:10:00,20.775,20.78,20.775,20.78,1582
2026-04-02 15:15:00,20.78,20.78,20.78,20.78,200
2026-04-02 15:20:00,20.775,20.775,20.77,20.77,510
2026-04-02 15:25:00,20.76,20.76,20.76,20.76,200
2026-04-02 15:30:00,20.77,20.77,20.77,20.77,200
2026-04-02 15:35:00,20.78,20.78,20.78,20.78,100
2026-04-02 15:40:00,20.78,20.78,20.7701,20.78,3454
2026-04-02 15:45:00,20.775,20.775,20.775,20.775,2120
2026-04-02 15:50:00,20.8,20.8,20.8,20.8,200
2026-04-02 15:55:00,20.81,20.82,20.81,20.82,4596
2026-04-02 16:00:00,20.82,20.82,20.81,20.82,7054
2026-04-02 17:45:00,21,21,21,21,200
2026-04-02 18:10:00,21.2,21.2,21.2,21.2,586
2026-04-06 04:00:00,20.79,20.79,20.79,20.79,542
2026-04-06 04:40:00,20.81,20.81,20.81,20.81,280
2026-04-06 09:30:00,20.82,20.91,20.82,20.91,8549
2026-04-06 09:35:00,20.9103,20.9107,20.84,20.87,5611
2026-04-06 09:40:00,20.865,20.8913,20.8599,20.89,1105
2026-04-06 09:45:00,20.9,20.93,20.9,20.93,3511
2026-04-06 09:50:00,20.9201,20.93,20.9201,20.9245,3119
2026-04-06 09:55:00,20.93,20.945,20.92,20.945,8407
2026-04-06 10:00:00,20.935,20.9602,20.875,20.875,9474
2026-04-06 10:05:00,20.88,20.8821,20.855,20.88,22883
2026-04-06 10:10:00,20.87,20.91,20.861,20.91,4830
2026-04-06 10:15:00,20.915,20.9302,20.915,20.9302,5405
2026-04-06 10:20:00,20.93,20.94,20.925,20.925,3715
2026-04-06 10:25:00,20.93,20.935,20.9101,20.92,5321
2026-04-06 10:30:00,20.93,20.94,20.92,20.9201,21688
2026-04-06 10:35:00,20.92,20.93,20.88,20.88,3832
2026-04-06 10:40:00,20.91,20.91,20.89,20.89,2364
2026-04-06 10:45:00,20.885,20.885,20.85,20.85,10660
2026-04-06 10:50:00,20.86,20.88,20.86,20.87,3560
2026-04-06 10:55:00,20.88,20.89,20.87,20.89,2712
2026-04-06 11:00:00,20.8799,20.9,20.875,20.875,3500
2026-04-06 11:05:00,20.875,20.895,20.875,20.895,1000
2026-04-06 11:10:00,20.89,20.89,20.875,20.88,7570
2026-04-06 11:15:00,20.885,20.885,20.875,20.885,2868
2026-04-06 11:20:00,20.87,20.8883,20.865,20.865,1805
2026-04-06 11:25:00,20.86,20.87,20.86,20.87,2344
2026-04-06 11:30:00,20.86,20.86,20.84,20.84,2854
2026-04-06 11:35:00,20.86,20.865,20.85,20.8603,6954
2026-04-06 11:40:00,20.8618,20.87,20.86,20.87,892
2026-04-06 11:45:00,20.865,20.885,20.8601,20.88,2245
2026-04-06 11:50:00,20.88,20.88,20.88,20.88,1000
2026-04-06 11:55:00,20.89,20.89,20.8814,20.8814,2224
2026-04-06 12:00:00,20.89,20.89,20.875,20.88,4029
2026-04-06 12:05:00,20.88,20.8817,20.88,20.88,937
2026-04-06 12:10:00,20.8699,20.88,20.8699,20.88,1300
2026-04-06 12:15:00,20.88,20.88,20.87,20.87,1224
2026-04-06 12:20:00,20.875,20.885,20.8701,20.872,1450
2026-04-06 12:25:00,20.8792,20.88,20.8792,20.88,4552
2026-04-06 12:30:00,20.885,20.885,20.88,20.88,2071
2026-04-06 12:35:00,20.9,20.9,20.9,20.9,1600
2026-04-06 12:40:00,20.89,20.8913,20.89,20.8913,650
2026-04-06 12:45:00,20.8913,20.905,20.8913,20.9,1662
2026-04-06 12:50:00,20.9,20.905,20.88,20.88,3481
2026-04-06 12:55:00,20.89,20.89,20.875,20.875,11000
2026-04-06 13:00:00,20.875,20.875,20.85,20.85,2300
2026-04-06 13:05:00,20.86,20.865,20.85,20.865,3148
2026-04-06 13:10:00,20.86,20.86,20.84,20.845,3700
2026-04-06 13:15:00,20.83,20.84,20.83,20.83,1200
2026-04-06 13:20:00,20.83,20.86,20.8299,20.86,1849
2026-04-06 13:25:00,20.86,20.87,20.86,20.87,600
2026-04-06 13:30:00,20.875,20.89,20.875,20.89,1100
2026-04-06 13:35:00,20.89,20.89,20.87,20.87,1200
2026-04-06 13:40:00,20.87,20.87,20.86,20.86,300
2026-04-06 13:45:00,20.86,20.86,20.86,20.86,3300
2026-04-06 13:50:00,20.85,20.85,20.85,20.85,400
2026-04-06 13:55:00,20.85,20.85,20.85,20.85,1200
2026-04-06 14:00:00,20.84,20.84,20.8365,20.84,3297
2026-04-06 14:05:00,20.84,20.85,20.84,20.85,1100
2026-04-06 14:10:00,20.86,20.89,20.86,20.865,3613
2026-04-06 14:15:00,20.87,20.89,20.87,20.89,1468
2026-04-06 14:20:00,20.89,20.91,20.89,20.91,2702
2026-04-06 14:25:00,20.91,20.91,20.9,20.9,1352
2026-04-06 14:30:00,20.9,20.915,20.89,20.89,3734
2026-04-06 14:35:00,20.89,20.89,20.89,20.89,2514
2026-04-06 15:00:00,20.9,20.905,20.9,20.905,866
2026-04-06 15:05:00,20.905,20.905,20.9,20.9,2400
2026-04-06 15:10:00,20.89,20.895,20.89,20.895,22545
2026-04-06 15:15:00,20.895,20.895,20.895,20.895,100
2026-04-06 15:20:00,20.895,20.895,20.895,20.895,506
2026-04-06 15:30:00,20.8973,20.8999,20.895,20.8966,5500
2026-04-06 15:35:00,20.9,20.9,20.895,20.8999,782
2026-04-06 15:40:00,20.89,20.895,20.89,20.895,750
2026-04-06 15:45:00,20.89,20.91,20.89,20.91,988
2026-04-06 15:50:00,20.91,20.91,20.9,20.9,500
2026-04-06 15:55:00,20.89,20.905,20.8899,20.89,2646
2026-04-06 16:00:00,20.905,20.9898,20.85,20.89,2622
2026-04-06 16:05:00,20.85,20.89,20.81,20.81,2093
2026-04-06 16:10:00,20.81,20.81,20.81,20.81,1193
2026-04-06 16:55:00,20.88,20.88,20.88,20.88,234
2026-04-07 05:40:00,20.9,20.9,20.9,20.9,100
2026-04-07 08:20:00,20.78,20.78,20.78,20.78,373
2026-04-07 08:25:00,20.75,20.75,20.75,20.75,500
2026-04-07 08:30:00,20.78,20.78,20.78,20.78,400
2026-04-07 09:30:00,20.8,20.8,20.78,20.79,2876
2026-04-07 09:35:00,20.82,20.82,20.8,20.8,1584
2026-04-07 09:40:00,20.78,20.8,20.78,20.8,650
2026-04-07 09:45:00,20.78,20.78,20.75,20.75,1405
2026-04-07 09:50:00,20.75,20.75,20.75,20.75,400
2026-04-07 09:55:00,20.76,20.765,20.73,20.73,700
2026-04-07 10:00:00,20.68,20.68,20.68,20.68,100
2026-04-07 10:05:00,20.665,20.665,20.635,20.635,798
2026-04-07 10:15:00,20.65,20.65,20.65,20.65,100
2026-04-07 10:20:00,20.675,20.71,20.675,20.71,2850
2026-04-07 10:25:00,20.7198,20.7198,20.69,20.7,1682
2026-04-07 10:30:00,20.7,20.74,20.7,20.74,300
2026-04-07 10:35:00,20.705,20.705,20.705,20.705,407
2026-04-07 10:40:00,20.68,20.68,20.68,20.68,350
2026-04-07 10:45:00,20.7,20.7,20.69,20.69,200
2026-04-07 10:50:00,20.67,20.68,20.67,20.68,250
2026-04-07 10:55:00,20.66,20.66,20.635,20.635,252
2026-04-07 11:00:00,20.61,20.6299,20.61,20.62,400
2026-04-07 11:05:00,20.5734,20.58,20.5734,20.58,494
2026-04-07 11:10:00,20.62,20.62,20.62,20.62,442
2026-04-07 11:15:00,20.62,20.675,20.62,20.66,3193
2026-04-07 11:20:00,20.65,20.65,20.65,20.65,100
2026-04-07 11:25:00,20.6595,20.6595,20.6595,20.6595,1680
2026-04-07 11:30:00,20.67,20.67,20.67,20.67,100
2026-04-07 11:35:00,20.69,20.69,20.69,20.69,150
2026-04-07 11:40:00,20.67,20.67,20.66,20.6601,1000
2026-04-07 11:45:00,20.6801,20.6801,20.671,20.671,537
2026-04-07 11:50:00,20.68,20.68,20.68,20.68,200
2026-04-07 11:55:00,20.705,20.73,20.7,20.7,800
2026-04-07 12:00:00,20.74,20.8,20.74,20.79,900
2026-04-07 12:05:00,20.77,20.77,20.755,20.755,587
2026-04-07 12:10:00,20.76,20.76,20.76,20.76,182
2026-04-07 12:20:00,20.78,20.805,20.78,20.805,400
2026-04-07 12:25:00,20.79,20.79,20.78,20.78,250
2026-04-07 12:30:00,20.785,20.79,20.785,20.79,599
2026-04-07 12:35:00,20.7809,20.79,20.7751,20.7751,342
2026-04-07 12:40:00,20.78,20.78,20.78,20.78,200
2026-04-07 12:45:00,20.8,20.815,20.8,20.8,450
2026-04-07 12:55:00,20.8001,20.8001,20.8001,20.8001,100
2026-04-07 13:00:00,20.8,20.82,20.8,20.8,1360
2026-04-07 13:05:00,20.8,20.81,20.8,20.81,1150
2026-04-07 13:10:00,20.81,20.81,20.795,20.795,2461
2026-04-07 13:15:00,20.79,20.79,20.79,20.79,1150
2026-04-07 13:30:00,20.79,20.79,20.79,20.79,300
2026-04-07 13:35:00,20.83,20.85,20.83,20.8401,1519
2026-04-07 13:40:00,20.84,20.84,20.82,20.82,400
2026-04-07 13:45:00,20.81,20.81,20.81,20.81,100
2026-04-07 13:50:00,20.835,20.835,20.835,20.835,100
2026-04-07 13:55:00,20.82,20.82,20.81,20.81,400
2026-04-07 14:10:00,20.8,20.8001,20.795,20.795,1881
2026-04-07 14:20:00,20.81,20.81,20.8,20.8,200
2026-04-07 14:25:00,20.79,20.795,20.79,20.795,300
2026-04-07 14:30:00,20.8,20.8,20.8,20.8,100
2026-04-07 14:35:00,20.795,20.795,20.78,20.78,636
2026-04-07 14:45:00,20.76,20.76,20.75,20.75,200
2026-04-07 14:50:00,20.75,20.75,20.74,20.74,250
2026-04-07 14:55:00,20.69,20.69,20.69,20.69,200
2026-04-07 15:00:00,20.71,20.71,20.71,20.71,300
2026-04-07 15:05:00,20.71,20.71,20.7,20.71,1300
2026-04-07 15:10:00,20.72,20.73,20.72,20.73,520
2026-04-07 15:15:00,20.82,20.82,20.82,20.82,718
2026-04-07 15:20:00,20.87,20.87,20.81,20.81,571
2026-04-07 15:25:00,20.81,20.81,20.81,20.81,250
2026-04-07 15:30:00,20.81,20.81,20.8,20.8,300
2026-04-07 15:45:00,20.895,20.895,20.895,20.895,100
2026-04-07 15:50:00,20.91,20.91,20.9,20.9,300
2026-04-07 15:55:00,20.92,20.93,20.91,20.927,1699
2026-04-07 16:00:00,20.93,20.93,20.93,20.93,215
2026-04-07 16:50:00,20.81,20.81,20.81,20.81,250
2026-04-07 18:00:00,21.05,21.05,21.05,21.05,100
2026-04-07 18:30:00,20.97,20.97,20.97,20.97,274
2026-04-07 18:35:00,21.2,21.2,21.2,21.2,500
2026-04-07 18:50:00,21.2,21.2,21.19,21.19,1000
2026-04-07 19:10:00,21.22,21.22,21.22,21.22,100
2026-04-07 19:15:00,21.21,21.21,21.21,21.21,128
2026-04-07 19:20:00,21.3,21.3,21.3,21.3,136
2026-04-08 04:25:00,21.49,21.49,21.49,21.49,150
2026-04-08 07:05:00,21.58,21.58,21.58,21.58,324
2026-04-08 07:25:00,21.55,21.55,21.55,21.55,110
2026-04-08 07:30:00,21.52,21.52,21.52,21.52,1000
2026-04-08 08:05:00,21.65,21.65,21.65,21.65,100
2026-04-08 08:45:00,21.55,21.55,21.55,21.55,100
2026-04-08 09:25:00,21.56,21.56,21.56,21.56,200
2026-04-08 09:30:00,21.65,21.65,21.58,21.5999,7033
2026-04-08 09:35:00,21.61,21.61,21.57,21.58,1959
2026-04-08 09:40:00,21.5899,21.5899,21.5528,21.5528,21885
2026-04-08 09:45:00,21.5739,21.5999,21.5739,21.5999,215
2026-04-08 09:50:00,21.57,21.5864,21.535,21.535,2403
2026-04-08 10:00:00,21.55,21.55,21.53,21.53,2470
2026-04-08 10:05:00,21.53,21.54,21.51,21.51,2751
2026-04-08 10:15:00,21.52,21.52,21.52,21.52,1433
2026-04-08 10:20:00,21.5223,21.5223,21.52,21.52,292
2026-04-08 10:25:00,21.53,21.53,21.5101,21.5101,450
2026-04-08 10:30:00,21.51,21.51,21.5,21.51,700
2026-04-08 10:35:00,21.5,21.5,21.489,21.489,632
2026-04-08 10:40:00,21.4999,21.51,21.49,21.5,2795
2026-04-08 10:45:00,21.49,21.49,21.46,21.4601,886
2026-04-08 10:50:00,21.47,21.47,21.4557,21.4557,20168
2026-04-08 10:55:00,21.46,21.46,21.42,21.42,10100
2026-04-08 11:05:00,21.48,21.48,21.475,21.475,1100
2026-04-08 11:10:00,21.47,21.47,21.46,21.46,15249
2026-04-08 11:20:00,21.4899,21.4899,21.48,21.48,250
2026-04-08 11:25:00,21.48,21.485,21.48,21.485,3786
2026-04-08 11:30:00,21.475,21.49,21.4675,21.485,1369
2026-04-08 11:35:00,21.5,21.5001,21.5,21.5001,490
2026-04-08 11:40:00,21.51,21.51,21.5016,21.5016,3932
2026-04-08 11:45:00,21.51,21.525,21.51,21.525,1120
2026-04-08 11:50:00,21.53,21.5301,21.53,21.5301,6600
2026-04-08 11:55:00,21.53,21.53,21.53,21.53,600
2026-04-08 12:00:00,21.54,21.55,21.54,21.55,408
2026-04-08 12:05:00,21.56,21.56,21.56,21.56,200
2026-04-08 12:10:00,21.545,21.545,21.54,21.54,630
2026-04-08 12:15:00,21.54,21.54,21.54,21.54,166
2026-04-08 12:20:00,21.54,21.54,21.54,21.54,150
2026-04-08 12:25:00,21.535,21.545,21.531,21.545,4800
2026-04-08 12:30:00,21.55,21.55,21.55,21.55,180
2026-04-08 12:35:00,21.565,21.565,21.56,21.565,740
2026-04-08 12:40:00,21.575,21.575,21.575,21.575,139
2026-04-08 12:45:00,21.585,21.585,21.585,21.585,150
2026-04-08 12:50:00,21.5899,21.5899,21.58,21.58,210
2026-04-08 13:00:00,21.59,21.59,21.59,21.59,2802
2026-04-08 13:05:00,21.58,21.58,21.58,21.58,685
2026-04-08 13:10:00,21.565,21.57,21.565,21.57,1867
2026-04-08 13:15:00,21.56,21.56,21.56,21.56,600
2026-04-08 13:20:00,21.555,21.565,21.55,21.55,773
2026-04-08 13:25:00,21.545,21.545,21.54,21.54,240
2026-04-08 13:30:00,21.54,21.54,21.54,21.54,100
2026-04-08 13:40:00,21.5351,21.545,21.5351,21.545,2005
2026-04-08 13:50:00,21.545,21.5499,21.545,21.5499,268
2026-04-08 13:55:00,21.5358,21.5401,21.5358,21.5401,498
2026-04-08 14:05:00,21.5756,21.5756,21.5756,21.5756,750
2026-04-08 14:10:00,21.5709,21.575,21.57,21.57,1448
2026-04-08 14:15:00,21.565,21.565,21.53,21.53,1093
2026-04-08 14:20:00,21.5,21.52,21.5,21.52,1867
2026-04-08 14:25:00,21.5016,21.5016,21.5016,21.5016,142
2026-04-08 14:30:00,21.5286,21.5286,21.5286,21.5286,114
2026-04-08 14:35:00,21.52,21.52,21.52,21.52,100
2026-04-08 14:40:00,21.495,21.495,21.495,21.495,1300
2026-04-08 14:55:00,21.44,21.44,21.44,21.44,100
2026-04-08 15:00:00,21.42,21.42,21.42,21.42,100
2026-04-08 15:05:00,21.43,21.43,21.43,21.43,100
2026-04-08 15:10:00,21.4793,21.4793,21.4793,21.4793,2628
2026-04-08 15:15:00,21.465,21.465,21.45,21.45,1659
2026-04-08 15:20:00,21.44,21.45,21.43,21.43,1522
2026-04-08 15:25:00,21.45,21.45,21.44,21.44,421
2026-04-08 15:30:00,21.4201,21.46,21.4201,21.46,1200
2026-04-08 15:35:00,21.45,21.47,21.45,21.46,1070
2026-04-08 15:40:00,21.47,21.47,21.47,21.47,500
2026-04-08 15:45:00,21.49,21.49,21.4897,21.49,1756
2026-04-08 15:50:00,21.5001,21.5001,21.49,21.49,1300
2026-04-08 15:55:00,21.51,21.51,21.51,21.51,118
2026-04-08 16:00:00,21.515,21.53,21.515,21.52,513
2026-04-08 16:45:00,21.5595,21.5595,21.5595,21.5595,425
2026-04-08 17:35:00,21.58,21.58,21.58,21.58,200
2026-04-08 18:10:00,21.5163,21.5163,21.5163,21.5163,844
2026-04-09 05:10:00,21.26,21.26,21.26,21.26,205
2026-04-09 07:00:00,21.1143,21.1143,21.1143,21.1143,100
2026-04-09 09:30:00,21.33,21.3542,21.31,21.31,2095
2026-04-09 09:35:00,21.3126,21.32,21.29,21.32,2213
2026-04-09 09:40:00,21.32,21.35,21.32,21.35,2624
2026-04-09 09:45:00,21.35,21.35,21.33,21.33,1278
2026-04-09 09:50:00,21.335,21.335,21.29,21.29,2215
2026-04-09 09:55:00,21.29,21.295,21.29,21.295,200
2026-04-09 10:05:00,21.32,21.32,21.305,21.305,1000
2026-04-09 10:10:00,21.32,21.32,21.3,21.31,7789
2026-04-09 10:15:00,21.29,21.29,21.28,21.28,1868
2026-04-09 10:20:00,21.28,21.28,21.28,21.28,222
2026-04-09 10:25:00,21.29,21.29,21.27,21.27,500
2026-04-09 10:35:00,21.2695,21.27,21.2695,21.27,350
2026-04-09 10:40:00,21.28,21.29,21.28,21.29,800
2026-04-09 10:45:00,21.29,21.29,21.29,21.29,1700
2026-04-09 10:50:00,21.2945,21.2945,21.2921,21.2921,977
2026-04-09 10:55:00,21.31,21.31,21.31,21.31,300
2026-04-09 11:00:00,21.31,21.3105,21.31,21.3105,5212
2026-04-09 11:05:00,21.31,21.3101,21.3001,21.31,2671
2026-04-09 11:10:00,21.3,21.33,21.3,21.33,592
2026-04-09 11:15:00,21.3303,21.35,21.3303,21.3466,1740
2026-04-09 11:20:00,21.36,21.36,21.3532,21.36,300
2026-04-09 11:30:00,21.4,21.4,21.4,21.4,230
2026-04-09 11:35:00,21.3778,21.3778,21.3778,21.3778,112
2026-04-09 11:55:00,21.42,21.42,21.42,21.42,200
2026-04-09 12:00:00,21.46,21.46,21.46,21.46,43518
2026-04-09 12:05:00,21.46,21.46,21.45,21.45,1700
2026-04-09 12:15:00,21.44,21.44,21.43,21.44,557
2026-04-09 12:20:00,21.46,21.46,21.45,21.455,400
2026-04-09 12:30:00,21.435,21.435,21.43,21.43,433
2026-04-09 12:40:00,21.41,21.42,21.4001,21.41,658
2026-04-09 12:50:00,21.405,21.4069,21.405,21.4069,1604
2026-04-09 12:55:00,21.42,21.43,21.42,21.43,1268
2026-04-09 13:05:00,21.43,21.43,21.43,21.43,121
2026-04-09 13:10:00,21.4355,21.4355,21.4355,21.4355,100
2026-04-09 13:15:00,21.44,21.44,21.44,21.44,185
2026-04-09 13:20:00,21.46,21.46,21.46,21.46,200
2026-04-09 13:25:00,21.45,21.45,21.44,21.44,1395
2026-04-09 13:30:00,21.43,21.43,21.42,21.43,787
2026-04-09 13:35:00,21.44,21.46,21.44,21.46,1600
2026-04-09 13:40:00,21.465,21.465,21.46,21.46,551
2026-04-09 13:45:00,21.46,21.46,21.46,21.46,112
2026-04-09 13:50:00,21.44,21.44,21.44,21.44,900
2026-04-09 13:55:00,21.45,21.45,21.45,21.45,100
2026-04-09 14:00:00,21.44,21.44,21.44,21.44,100
2026-04-09 14:05:00,21.39,21.41,21.39,21.3901,265421
2026-04-09 14:10:00,21.39,21.4,21.37,21.3701,282790
2026-04-09 14:15:00,21.38,21.4,21.33,21.4,355192
2026-04-09 14:20:00,21.38,21.4,21.37,21.37,30378
2026-04-09 14:25:00,21.38,21.39,21.37,21.39,3555
2026-04-09 14:30:00,21.38,21.38,21.37,21.37,4975
2026-04-09 14:35:00,21.37,21.3801,21.37,21.3801,2258
2026-04-09 14:40:00,21.385,21.4,21.385,21.39,2104
2026-04-09 14:50:00,21.39,21.39,21.38,21.38,1613
2026-04-09 14:55:00,21.3925,21.3925,21.3925,21.3925,1000
2026-04-09 15:00:00,21.41,21.41,21.41,21.41,776
2026-04-09 15:15:00,21.41,21.41,21.41,21.41,300
2026-04-09 15:20:00,21.42,21.42,21.42,21.42,1985
2026-04-09 15:25:00,21.42,21.42,21.42,21.42,100
2026-04-09 15:30:00,21.425,21.44,21.425,21.44,200
2026-04-09 15:35:00,21.435,21.435,21.435,21.435,100
2026-04-09 15:40:00,21.44,21.44,21.44,21.44,300
2026-04-09 15:45:00,21.445,21.451,21.445,21.451,850
2026-04-09 15:50:00,21.45,21.46,21.45,21.46,1574
2026-04-09 15:55:00,21.44,21.44,21.44,21.44,400
2026-04-09 16:00:00,21.445,21.46,21.43,21.46,14345
2026-04-09 16:35:00,21.2401,21.2401,21.2401,21.2401,232
2026-04-10 08:05:00,21.5232,21.5232,21.5232,21.5232,100
2026-04-10 09:30:00,21.5,21.535,21.5,21.535,1949
2026-04-10 09:35:00,21.53,21.53,21.52,21.525,983
2026-04-10 09:40:00,21.505,21.52,21.505,21.52,4138
2026-04-10 09:45:00,21.52,21.53,21.52,21.53,2494
2026-04-10 09:50:00,21.51,21.53,21.51,21.525,617
2026-04-10 09:55:00,21.52,21.5299,21.52,21.5299,2546
2026-04-10 10:00:00,21.5,21.5,21.485,21.5,1720
2026-04-10 10:05:00,21.49,21.4972,21.49,21.4972,615
2026-04-10 10:10:00,21.5,21.51,21.4801,21.5088,3285
2026-04-10 10:15:00,21.515,21.52,21.515,21.5199,550
2026-04-10 10:20:00,21.52,21.53,21.52,21.53,582
2026-04-10 10:25:00,21.53,21.53,21.53,21.53,200
2026-04-10 10:30:00,21.525,21.555,21.525,21.555,526
2026-04-10 10:35:00,21.55,21.55,21.54,21.55,856
2026-04-10 10:40:00,21.54,21.54,21.52,21.5299,2589
2026-04-10 10:45:00,21.525,21.5294,21.52,21.5294,505
2026-04-10 10:50:00,21.5298,21.53,21.52,21.53,672
2026-04-10 10:55:00,21.53,21.54,21.52,21.54,300
2026-04-10 11:00:00,21.535,21.535,21.535,21.535,101
2026-04-10 11:05:00,21.535,21.5399,21.535,21.5399,216
2026-04-10 11:10:00,21.54,21.54,21.54,21.54,100
2026-04-10 11:15:00,21.545,21.56,21.54,21.56,1556
2026-04-10 11:20:00,21.56,21.56,21.56,21.56,374
2026-04-10 11:25:00,21.565,21.565,21.56,21.56,300
2026-04-10 11:30:00,21.54,21.54,21.52,21.52,516
2026-04-10 11:35:00,21.52,21.52,21.515,21.515,403
2026-04-10 11:40:00,21.51,21.51,21.4999,21.51,10866
2026-04-10 11:45:00,21.505,21.5065,21.5,21.505,1697
2026-04-10 11:50:00,21.505,21.51,21.5,21.5,702
2026-04-10 11:55:00,21.495,21.5,21.47,21.47,816
2026-04-10 12:00:00,21.475,21.48,21.475,21.48,615
2026-04-10 12:05:00,21.48,21.48,21.4791,21.48,371
2026-04-10 12:10:00,21.4814,21.5,21.48,21.5,601
2026-04-10 12:15:00,21.4924,21.495,21.4924,21.495,320
2026-04-10 12:25:00,21.49,21.495,21.49,21.495,200
2026-04-10 12:30:00,21.495,21.495,21.48,21.48,2816
2026-04-10 12:35:00,21.475,21.48,21.475,21.48,699
2026-04-10 12:40:00,21.47,21.47,21.465,21.465,14092
2026-04-10 12:45:00,21.45,21.4699,21.45,21.465,2034
2026-04-10 12:50:00,21.47,21.47,21.47,21.47,1474
2026-04-10 12:55:00,21.48,21.48,21.48,21.48,400
2026-04-10 13:00:00,21.485,21.485,21.47,21.47,400
2026-04-10 13:05:00,21.465,21.47,21.465,21.47,391
2026-04-10 13:10:00,21.47,21.47,21.4628,21.465,4106
2026-04-10 13:15:00,21.4699,21.475,21.465,21.475,3574
2026-04-10 13:20:00,21.47,21.47,21.47,21.47,100
2026-04-10 13:25:00,21.4672,21.47,21.465,21.47,6057
2026-04-10 13:30:00,21.465,21.465,21.465,21.465,100
2026-04-10 13:35:00,21.47,21.47,21.47,21.47,400
2026-04-10 13:40:00,21.47,21.47,21.47,21.47,100
2026-04-10 13:45:00,21.48,21.48,21.48,21.48,100
2026-04-10 13:50:00,21.4799,21.48,21.4799,21.48,1100
2026-04-10 13:55:00,21.485,21.49,21.485,21.485,6964
2026-04-10 14:00:00,21.485,21.49,21.485,21.4898,16736
2026-04-10 14:05:00,21.475,21.475,21.475,21.475,100
2026-04-10 14:10:00,21.48,21.48,21.48,21.48,200
2026-04-10 14:15:00,21.48,21.4801,21.48,21.4801,214
2026-04-10 14:20:00,21.49,21.49,21.49,21.49,200
2026-04-10 14:25:00,21.4899,21.4899,21.48,21.48,4239
2026-04-10 14:35:00,21.49,21.49,21.475,21.48,999
2026-04-10 14:40:00,21.475,21.475,21.4744,21.4744,1025
2026-04-10 14:45:00,21.47,21.47,21.47,21.47,568
2026-04-10 14:50:00,21.475,21.475,21.475,21.475,500
2026-04-10 14:55:00,21.48,21.48,21.48,21.48,200
2026-04-10 15:00:00,21.485,21.485,21.485,21.485,100
2026-04-10 15:05:00,21.49,21.4901,21.49,21.4901,500
2026-04-10 15:10:00,21.4983,21.4983,21.495,21.495,223
2026-04-10 15:20:00,21.495,21.5,21.495,21.5,492
2026-04-10 15:30:00,21.495,21.495,21.495,21.495,2000
2026-04-10 15:35:00,21.495,21.495,21.495,21.495,1241
2026-04-10 15:40:00,21.49,21.49,21.485,21.49,1225
2026-04-10 15:45:00,21.49,21.495,21.49,21.495,3078
2026-04-10 15:50:00,21.48,21.4866,21.475,21.4866,2828
2026-04-10 15:55:00,21.485,21.495,21.485,21.495,18519
2026-04-10 16:00:00,21.495,21.495,21.49,21.49,2278
2026-04-10 16:20:00,21.47,21.47,21.47,21.47,199
2026-04-10 18:05:00,21.5,21.5,21.5,21.5,100
2026-04-13 09:30:00,21.46,21.52,21.46,21.52,7859
2026-04-13 09:35:00,21.51,21.51,21.5,21.5,728
2026-04-13 09:40:00,21.48,21.505,21.48,21.505,565
2026-04-13 09:45:00,21.52,21.52,21.48,21.51,2619
2026-04-13 09:50:00,21.55,21.55,21.55,21.55,100
2026-04-13 10:00:00,21.57,21.57,21.57,21.57,168
2026-04-13 10:05:00,21.575,21.59,21.575,21.59,1223
2026-04-13 10:10:00,21.58,21.58,21.58,21.58,400
2026-04-13 10:15:00,21.57,21.57,21.54,21.54,400
2026-04-13 10:20:00,21.545,21.545,21.54,21.54,1107
2026-04-13 10:25:00,21.57,21.57,21.57,21.57,250
2026-04-13 10:30:00,21.5799,21.5799,21.5729,21.5729,1394
2026-04-13 10:35:00,21.59,21.59,21.5899,21.5899,563
2026-04-13 10:45:00,21.585,21.6,21.575,21.575,439
2026-04-13 10:50:00,21.5798,21.5798,21.5798,21.5798,1000
2026-04-13 10:55:00,21.6,21.61,21.6,21.61,1697
2026-04-13 11:00:00,21.58,21.58,21.58,21.58,430
2026-04-13 11:05:00,21.5903,21.5903,21.5903,21.5903,2806
2026-04-13 11:10:00,21.595,21.615,21.595,21.61,9388
2026-04-13 11:15:00,21.595,21.595,21.595,21.595,1000
2026-04-13 11:20:00,21.605,21.605,21.6,21.6,705
2026-04-13 11:25:00,21.59,21.5951,21.59,21.5951,450
2026-04-13 11:30:00,21.585,21.585,21.585,21.585,100
2026-04-13 11:35:00,21.585,21.6099,21.585,21.6099,4453
2026-04-13 11:40:00,21.61,21.61,21.61,21.61,700
2026-04-13 11:50:00,21.59,21.595,21.59,21.595,3250
2026-04-13 11:55:00,21.595,21.595,21.5825,21.5825,370
2026-04-13 12:05:00,21.5765,21.61,21.5765,21.61,793
2026-04-13 12:10:00,21.59,21.5928,21.59,21.59,1096
2026-04-13 12:15:00,21.6,21.6,21.6,21.6,100
2026-04-13 12:20:00,21.605,21.62,21.5901,21.61,4200
2026-04-13 12:25:00,21.63,21.63,21.62,21.62,700
2026-04-13 12:30:00,21.63,21.65,21.63,21.65,1889
2026-04-13 12:40:00,21.64,21.64,21.63,21.63,400
2026-04-13 12:45:00,21.66,21.66,21.66,21.66,200
2026-04-13 12:50:00,21.65,21.665,21.65,21.665,1023
2026-04-13 13:00:00,21.665,21.665,21.66,21.6601,516
2026-04-13 13:05:00,21.66,21.66,21.66,21.66,100
2026-04-13 13:10:00,21.67,21.67,21.655,21.655,2243
2026-04-13 13:15:00,21.65,21.66,21.65,21.66,533
2026-04-13 13:25:00,21.665,21.665,21.665,21.665,100
2026-04-13 13:45:00,21.66,21.66,21.6556,21.6556,209
2026-04-13 13:50:00,21.65,21.65,21.65,21.65,117
2026-04-13 14:00:00,21.6692,21.6692,21.6692,21.6692,2000
2026-04-13 14:15:00,21.6526,21.66,21.64,21.64,2547
2026-04-13 14:20:00,21.65,21.6501,21.65,21.6501,6140
2026-04-13 14:25:00,21.655,21.655,21.655,21.655,3829
2026-04-13 14:30:00,21.6458,21.6458,21.6458,21.6458,100
2026-04-13 14:40:00,21.655,21.655,21.6501,21.6501,227
2026-04-13 14:45:00,21.68,21.68,21.68,21.68,105
2026-04-13 14:50:00,21.675,21.675,21.675,21.675,349
2026-04-13 14:55:00,21.685,21.685,21.685,21.685,250
2026-04-13 15:00:00,21.68,21.68,21.68,21.68,350
2026-04-13 15:15:00,21.68,21.68,21.68,21.68,500
2026-04-13 15:20:00,21.68,21.69,21.68,21.69,1768
2026-04-13 15:25:00,21.695,21.695,21.695,21.695,100
2026-04-13 15:30:00,21.7,21.7,21.7,21.7,247
2026-04-13 15:35:00,21.71,21.71,21.71,21.71,100
2026-04-13 15:40:00,21.705,21.705,21.6919,21.6919,315
2026-04-13 15:50:00,21.725,21.735,21.725,21.735,1030
2026-04-13 15:55:00,21.76,21.76,21.76,21.76,287
2026-04-13 16:00:00,21.78,21.78,21.74,21.74,1050
2026-04-13 16:05:00,21.659,21.659,21.659,21.659,116
2026-04-13 16:55:00,21.69,21.69,21.68,21.68,1632
2026-04-13 17:10:00,21.77,21.77,21.77,21.77,100
2026-04-14 04:55:00,21.75,21.75,21.75,21.75,271
2026-04-14 07:40:00,21.8907,21.8907,21.8907,21.8907,1266
2026-04-14 07:55:00,21.9,21.9,21.9,21.9,200
2026-04-14 09:25:00,21.87,21.87,21.87,21.87,114
2026-04-14 09:30:00,21.84,21.899,21.84,21.89,10007
2026-04-14 09:35:00,21.89,21.93,21.89,21.895,5454
2026-04-14 09:40:00,21.92,21.925,21.92,21.925,303
2026-04-14 09:45:00,21.92,21.9397,21.89,21.89,1597
2026-04-14 09:50:00,21.925,21.9254,21.92,21.92,5713
2026-04-14 09:55:00,21.91,21.915,21.8932,21.915,3067
2026-04-14 10:00:00,21.905,21.905,21.9,21.9,650
2026-04-14 10:10:00,21.92,21.92,21.9136,21.9136,1218
2026-04-14 10:15:00,21.95,21.95,21.945,21.945,3645
2026-04-14 10:20:00,21.94,21.95,21.94,21.95,1501
2026-04-14 10:25:00,21.96,21.96,21.96,21.96,100
2026-04-14 10:30:00,21.9699,21.97,21.96,21.97,888
2026-04-14 10:35:00,21.9797,21.9797,21.958,21.958,400
2026-04-14 10:40:00,21.96,21.96,21.96,21.96,123
2026-04-14 10:45:00,21.9504,21.9504,21.9504,21.9504,300
2026-04-14 10:50:00,21.9501,21.97,21.9501,21.97,495
2026-04-14 10:55:00,21.97,21.97,21.97,21.97,100
2026-04-14 11:00:00,21.96,21.965,21.96,21.965,400
2026-04-14 11:05:00,21.95,21.95,21.94,21.94,362
2026-04-14 11:10:00,21.95,21.95,21.95,21.95,809
2026-04-14 11:15:00,21.96,21.96,21.96,21.96,211
2026-04-14 11:20:00,21.95,21.98,21.95,21.975,4774
2026-04-14 11:25:00,21.99,21.99,21.99,21.99,4300
2026-04-14 11:35:00,22,22.01,22,22.01,2165
2026-04-14 11:40:00,22.02,22.02,22.02,22.02,327
2026-04-14 11:45:00,22.02,22.02,22.02,22.02,145
2026-04-14 11:50:00,22.04,22.045,22.04,22.045,820
2026-04-14 11:55:00,22.04,22.04,22.03,22.03,1190
2026-04-14 12:00:00,22.025,22.025,22.025,22.025,352
2026-04-14 12:05:00,22.03,22.03,22.03,22.03,100
2026-04-14 12:10:00,22.03,22.04,22.03,22.03,2590
2026-04-14 12:15:00,22.04,22.055,22.04,22.055,1673
2026-04-14 12:25:00,22.06,22.0638,22.06,22.0638,2157
2026-04-14 12:30:00,22.07,22.08,22.07,22.08,5736
2026-04-14 12:35:00,22.08,22.08,22.06,22.06,304
2026-04-14 12:45:00,22.0501,22.0899,22.0501,22.0899,527
2026-04-14 12:50:00,22.06,22.06,22.06,22.06,200
2026-04-14 13:00:00,22.07,22.07,22.065,22.07,795
2026-04-14 13:05:00,22.07,22.07,22.063,22.063,300
2026-04-14 13:10:00,22.06,22.07,22.06,22.07,456
2026-04-14 13:20:00,22.1,22.1,22.1,22.1,1031
2026-04-14 13:40:00,22.0959,22.0959,22.0959,22.0959,375
2026-04-14 14:00:00,22.11,22.11,22.1,22.1,800
2026-04-14 14:05:00,22.1,22.1,22.095,22.095,262
2026-04-14 14:10:00,22.095,22.1091,22.08,22.08,23917
2026-04-14 14:15:00,22.0706,22.0706,22.06,22.06,369
2026-04-14 14:20:00,22.07,22.07,22.05,22.05,320
2026-04-14 14:25:00,22.045,22.055,22.045,22.055,1430
2026-04-14 14:30:00,22.0583,22.065,22.0583,22.065,280
2026-04-14 14:35:00,22.075,22.075,22.075,22.075,300
2026-04-14 14:50:00,22.07,22.07,22.07,22.07,100
2026-04-14 15:00:00,22.07,22.07,22.07,22.07,200
2026-04-14 15:05:00,22.05,22.08,22.05,22.08,5826
2026-04-14 15:10:00,22.09,22.09,22.09,22.09,100
2026-04-14 15:15:00,22.095,22.1,22.095,22.1,1569
2026-04-14 15:20:00,22.1,22.1,22.1,22.1,724
2026-04-14 15:25:00,22.12,22.14,22.12,22.14,281
2026-04-14 15:30:00,22.135,22.135,22.1101,22.1101,631
2026-04-14 15:35:00,22.11,22.11,22.11,22.11,261
2026-04-14 15:40:00,22.12,22.13,22.12,22.13,200
2026-04-14 15:45:00,22.12,22.12,22.12,22.12,221
2026-04-14 15:50:00,22.12,22.12,22.1005,22.1026,1074
2026-04-14 15:55:00,22.1074,22.115,22.1074,22.115,743
2026-04-14 16:00:00,22.12,22.12,22.12,22.12,170
2026-04-14 16:30:00,22.08,22.08,22.08,22.08,102
2026-04-14 17:30:00,22.0541,22.0541,22.0541,22.0541,400
2026-04-14 19:25:00,22.0533,22.0533,22.0533,22.0533,287
2026-04-14 19:30:00,22.1,22.1,22.0999,22.0999,1064
2026-04-15 08:40:00,22.14,22.4213,22.14,22.4213,1432
2026-04-15 08:45:00,22.4415,22.4415,22.4415,22.4415,500
2026-04-15 09:05:00,22.15,22.15,22.15,22.15,3000
2026-04-15 09:30:00,22.13,22.175,22.13,22.17,18959
2026-04-15 09:35:00,22.15,22.165,22.1401,22.165,12609
2026-04-15 09:40:00,22.17,22.1753,22.13,22.13,3731
2026-04-15 09:45:00,22.17,22.17,22.17,22.17,600
2026-04-15 09:50:00,22.17,22.17,22.165,22.17,736
2026-04-15 09:55:00,22.175,22.18,22.175,22.175,9974
2026-04-15 10:00:00,22.175,22.19,22.1714,22.19,10158
2026-04-15 10:10:00,22.185,22.2,22.185,22.195,1569
2026-04-15 10:15:00,22.205,22.21,22.205,22.21,886
2026-04-15 10:20:00,22.21,22.225,22.21,22.225,600
2026-04-15 10:30:00,22.2295,22.2295,22.2295,22.2295,200
2026-04-15 10:35:00,22.24,22.24,22.23,22.23,800
2026-04-15 10:40:00,22.24,22.24,22.225,22.24,1652
2026-04-15 10:45:00,22.24,22.25,22.24,22.25,300
2026-04-15 10:50:00,22.25,22.255,22.25,22.2529,11456
2026-04-15 10:55:00,22.2599,22.26,22.2599,22.26,2000
2026-04-15 11:00:00,22.255,22.265,22.2508,22.2508,1200
2026-04-15 11:05:00,22.24,22.24,22.24,22.24,165
2026-04-15 11:10:00,22.24,22.26,22.24,22.26,600
2026-04-15 11:15:00,22.27,22.27,22.27,22.27,1000
2026-04-15 11:20:00,22.275,22.275,22.275,22.275,100
2026-04-15 11:30:00,22.27,22.27,22.24,22.24,510
2026-04-15 11:35:00,22.25,22.2602,22.25,22.2602,1352
2026-04-15 11:40:00,22.27,22.28,22.27,22.275,6053
2026-04-15 11:45:00,22.275,22.3,22.275,22.3,984
2026-04-15 11:50:00,22.29,22.29,22.29,22.29,200
2026-04-15 11:55:00,22.28,22.29,22.28,22.28,1250
2026-04-15 12:00:00,22.29,22.29,22.2899,22.2899,300
2026-04-15 12:05:00,22.29,22.295,22.29,22.295,310
2026-04-15 12:15:00,22.3,22.31,22.295,22.31,31490
2026-04-15 12:20:00,22.32,22.32,22.32,22.32,600
2026-04-15 12:25:00,22.305,22.31,22.3,22.3,543
2026-04-15 12:30:00,22.29,22.29,22.28,22.28,400
2026-04-15 12:35:00,22.285,22.2897,22.28,22.28,2200
2026-04-15 12:40:00,22.27,22.27,22.2498,22.2498,3200
2026-04-15 12:45:00,22.245,22.245,22.22,22.22,600
2026-04-15 12:50:00,22.24,22.2401,22.225,22.23,1711
2026-04-15 12:55:00,22.22,22.2394,22.215,22.2394,8812
2026-04-15 13:00:00,22.24,22.24,22.24,22.24,490
2026-04-15 13:10:00,22.259,22.259,22.259,22.259,100
2026-04-15 13:15:00,22.26,22.26,22.26,22.26,234
2026-04-15 13:20:00,22.26,22.26,22.25,22.26,402
2026-04-15 13:25:00,22.2601,22.27,22.2601,22.27,603
2026-04-15 13:30:00,22.278,22.28,22.278,22.28,1173
2026-04-15 13:35:00,22.29,22.29,22.29,22.29,500
2026-04-15 13:45:00,22.27,22.275,22.27,22.275,379
2026-04-15 13:50:00,22.275,22.28,22.275,22.28,5100
2026-04-15 14:00:00,22.26,22.27,22.26,22.27,800
2026-04-15 14:10:00,22.3,22.3,22.3,22.3,100
2026-04-15 14:15:00,22.32,22.32,22.31,22.31,2100
2026-04-15 14:20:00,22.305,22.305,22.305,22.305,200
2026-04-15 14:25:00,22.315,22.315,22.315,22.315,100
2026-04-15 14:30:00,22.3201,22.335,22.3201,22.335,6450
2026-04-15 14:40:00,22.34,22.34,22.3399,22.3399,1576
2026-04-15 14:45:00,22.34,22.34,22.34,22.34,300
2026-04-15 14:50:00,22.35,22.36,22.35,22.355,5459
2026-04-15 14:55:00,22.36,22.365,22.36,22.365,1220
2026-04-15 15:00:00,22.36,22.36,22.36,22.36,200
2026-04-15 15:05:00,22.37,22.375,22.37,22.375,800
2026-04-15 15:10:00,22.375,22.375,22.37,22.37,1300
2026-04-15 15:15:00,22.37,22.37,22.37,22.37,100
2026-04-15 15:20:00,22.37,22.37,22.37,22.37,500
2026-04-15 15:25:00,22.38,22.38,22.38,22.38,300
2026-04-15 15:30:00,22.395,22.4,22.395,22.4,1192
2026-04-15 15:35:00,22.4,22.4,22.4,22.4,11100
2026-04-15 15:40:00,22.385,22.39,22.385,22.385,651
2026-04-15 15:45:00,22.385,22.4,22.385,22.395,3101
2026-04-15 15:50:00,22.4,22.41,22.3927,22.4,5423
2026-04-15 15:55:00,22.41,22.42,22.41,22.41,757
2026-04-15 16:00:00,22.4,22.4,22.4,22.4,207
2026-04-15 16:40:00,22.1858,22.1858,22.1858,22.1858,100
2026-04-15 16:45:00,22.3,22.3,22.3,22.3,446
2026-04-15 18:25:00,22.15,22.15,22.15,22.15,1222
2026-04-15 18:35:00,22.35,22.35,22.35,22.35,500
2026-04-15 18:45:00,22.4543,22.4543,22.4543,22.4543,200
2026-04-15 19:50:00,22.1152,22.1152,22.1152,22.1152,177
2026-04-16 04:10:00,22.33,22.4,22.33,22.4,740
2026-04-16 07:35:00,22.21,22.239,22.21,22.239,10260
2026-04-16 07:50:00,22.3939,22.3939,22.3939,22.3939,100
2026-04-16 09:15:00,22.26,22.26,22.26,22.26,7445
2026-04-16 09:25:00,22.37,22.37,22.37,22.37,146
2026-04-16 09:30:00,22.38,22.38,22.33,22.33,5539
2026-04-16 09:35:00,22.29,22.29,22.28,22.28,22173
2026-04-16 09:40:00,22.29,22.3086,22.29,22.3086,3280
2026-04-16 09:45:00,22.2881,22.2881,22.2881,22.2881,100
2026-04-16 09:50:00,22.28,22.28,22.225,22.225,1100
2026-04-16 09:55:00,22.23,22.25,22.22,22.25,2261
2026-04-16 10:00:00,22.245,22.245,22.23,22.23,211
2026-04-16 10:05:00,22.27,22.2865,22.26,22.2715,1000
2026-04-16 10:10:00,22.2601,22.28,22.2601,22.28,600
2026-04-16 10:15:00,22.2501,22.2501,22.2501,22.2501,500
2026-04-16 10:20:00,22.27,22.27,22.2501,22.2676,1250
2026-04-16 10:25:00,22.25,22.28,22.25,22.28,739
2026-04-16 10:30:00,22.29,22.29,22.29,22.29,100
2026-04-16 10:35:00,22.31,22.31,22.3,22.3,1472
2026-04-16 10:40:00,22.3,22.3,22.3,22.3,1550
2026-04-16 10:45:00,22.32,22.32,22.32,22.32,200
2026-04-16 10:50:00,22.32,22.32,22.32,22.32,300
2026-04-16 10:55:00,22.33,22.33,22.31,22.31,1725
2026-04-16 11:00:00,22.3292,22.3292,22.3292,22.3292,250
2026-04-16 11:05:00,22.34,22.34,22.33,22.33,4996
2026-04-16 11:10:00,22.3768,22.3768,22.3768,22.3768,250
2026-04-16 11:15:00,22.37,22.37,22.37,22.37,1010
2026-04-16 11:20:00,22.385,22.385,22.385,22.385,223
2026-04-16 11:25:00,22.38,22.38,22.38,22.38,200
2026-04-16 11:30:00,22.36,22.3684,22.3501,22.3684,2321
2026-04-16 11:35:00,22.4,22.4,22.3801,22.3801,363
2026-04-16 11:40:00,22.38,22.38,22.38,22.38,200
2026-04-16 11:45:00,22.39,22.39,22.38,22.38,553
2026-04-16 11:50:00,22.39,22.39,22.38,22.38,820
2026-04-16 11:55:00,22.4,22.4,22.4,22.4,836
2026-04-16 12:00:00,22.42,22.42,22.4099,22.41,428
2026-04-16 12:05:00,22.4,22.42,22.4,22.42,844
2026-04-16 12:10:00,22.415,22.415,22.41,22.41,1466
2026-04-16 12:15:00,22.42,22.42,22.42,22.42,100
2026-04-16 12:20:00,22.41,22.41,22.4,22.4,434
2026-04-16 12:25:00,22.41,22.41,22.4,22.4,750
2026-04-16 12:30:00,22.4,22.4,22.37,22.37,1450
2026-04-16 12:35:00,22.37,22.37,22.37,22.37,220
2026-04-16 12:40:00,22.36,22.38,22.36,22.38,1077
2026-04-16 12:45:00,22.3707,22.3899,22.3707,22.3899,4170
2026-04-16 12:50:00,22.395,22.395,22.38,22.3801,631
2026-04-16 12:55:00,22.38,22.38,22.37,22.37,600
2026-04-16 13:00:00,22.36,22.3686,22.355,22.355,1984
2026-04-16 13:05:00,22.35,22.35,22.35,22.35,400
2026-04-16 13:10:00,22.37,22.37,22.35,22.35,1150
2026-04-16 13:15:00,22.34,22.34,22.34,22.34,200
2026-04-16 13:20:00,22.34,22.35,22.34,22.35,300
2026-04-16 13:25:00,22.3601,22.3601,22.3601,22.3601,300
2026-04-16 13:30:00,22.37,22.37,22.37,22.37,150
2026-04-16 13:45:00,22.38,22.38,22.38,22.38,225
2026-04-16 13:50:00,22.38,22.38,22.38,22.38,1280
2026-04-16 13:55:00,22.37,22.37,22.34,22.35,1220
2026-04-16 14:00:00,22.36,22.36,22.35,22.35,1069
2026-04-16 14:05:00,22.35,22.35,22.3401,22.3401,500
2026-04-16 14:10:00,22.32,22.32,22.32,22.32,100
2026-04-16 14:15:00,22.34,22.34,22.32,22.32,224
2026-04-16 14:20:00,22.325,22.325,22.32,22.32,225
2026-04-16 14:25:00,22.29,22.29,22.29,22.29,100
2026-04-16 14:35:00,22.32,22.32,22.32,22.32,100
2026-04-16 14:40:00,22.33,22.3399,22.33,22.3399,750
2026-04-16 14:50:00,22.34,22.34,22.34,22.34,522
2026-04-16 14:55:00,22.325,22.325,22.3223,22.325,424
2026-04-16 15:10:00,22.35,22.35,22.35,22.35,100
2026-04-16 15:15:00,22.345,22.345,22.345,22.345,100
2026-04-16 15:30:00,22.335,22.35,22.335,22.35,600
2026-04-16 15:40:00,22.345,22.345,22.345,22.345,224
2026-04-16 15:45:00,22.35,22.35,22.3419,22.3419,384
2026-04-16 15:50:00,22.36,22.36,22.36,22.36,1000
2026-04-16 15:55:00,22.37,22.38,22.355,22.37,4147
2026-04-16 16:00:00,22.38,22.38,22.38,22.38,356
2026-04-16 16:10:00,22.35,22.35,22.35,22.35,100
2026-04-16 17:20:00,22.35,22.35,22.35,22.35,100
2026-04-17 08:25:00,22.4,22.4,22.4,22.4,100
2026-04-17 08:55:00,22.51,22.51,22.51,22.51,100
2026-04-17 09:10:00,22.5,22.52,22.5,22.52,297
2026-04-17 09:30:00,22.5,22.5014,22.48,22.4979,3413
2026-04-17 09:35:00,22.51,22.53,22.51,22.53,2261
2026-04-17 09:40:00,22.51,22.525,22.505,22.525,414
2026-04-17 09:45:00,22.53,22.53,22.51,22.51,1572
2026-04-17 09:50:00,22.53,22.53,22.53,22.53,337
2026-04-17 09:55:00,22.522,22.54,22.5199,22.54,1172
2026-04-17 10:00:00,22.5451,22.565,22.5451,22.565,439
2026-04-17 10:05:00,22.56,22.565,22.56,22.565,525
2026-04-17 10:10:00,22.5757,22.5757,22.57,22.57,1143
2026-04-17 10:15:00,22.57,22.57,22.55,22.5546,8364
2026-04-17 10:20:00,22.55,22.5599,22.54,22.545,1720
2026-04-17 10:25:00,22.55,22.55,22.55,22.55,100
2026-04-17 10:30:00,22.55,22.58,22.55,22.57,957
2026-04-17 10:35:00,22.5874,22.595,22.5874,22.595,1876
2026-04-17 10:40:00,22.6,22.6299,22.6,22.62,12567
2026-04-17 10:45:00,22.6252,22.6256,22.62,22.6256,1486
2026-04-17 10:50:00,22.64,22.64,22.63,22.63,16518
2026-04-17 10:55:00,22.63,22.635,22.62,22.62,1756
2026-04-17 11:00:00,22.6227,22.63,22.61,22.61,2370
2026-04-17 11:05:00,22.63,22.64,22.625,22.6393,2470
2026-04-17 11:15:00,22.63,22.634,22.63,22.634,552
2026-04-17 11:20:00,22.6,22.635,22.6,22.635,634
2026-04-17 11:25:00,22.63,22.635,22.63,22.635,225
2026-04-17 11:30:00,22.6501,22.6501,22.6501,22.6501,905
2026-04-17 11:40:00,22.65,22.655,22.625,22.625,1435
2026-04-17 11:45:00,22.62,22.635,22.62,22.635,446
2026-04-17 11:50:00,22.645,22.645,22.628,22.63,3100
2026-04-17 11:55:00,22.635,22.635,22.63,22.63,2100
2026-04-17 12:00:00,22.6,22.6041,22.6,22.6041,5652
2026-04-17 12:05:00,22.625,22.64,22.625,22.64,2539
2026-04-17 12:10:00,22.64,22.64,22.64,22.64,100
2026-04-17 12:15:00,22.645,22.645,22.62,22.62,510
2026-04-17 12:25:00,22.6401,22.6499,22.6401,22.6475,5081
2026-04-17 12:30:00,22.65,22.655,22.65,22.655,531
2026-04-17 12:35:00,22.66,22.6651,22.66,22.6651,245
2026-04-17 12:40:00,22.665,22.665,22.66,22.66,327
2026-04-17 12:45:00,22.6599,22.6599,22.6599,22.6599,100
2026-04-17 12:50:00,22.665,22.665,22.655,22.6559,3261
2026-04-17 12:55:00,22.65,22.65,22.645,22.645,2600
2026-04-17 13:00:00,22.6499,22.66,22.6499,22.6571,1399
2026-04-17 13:05:00,22.647,22.647,22.61,22.61,1363
2026-04-17 13:10:00,22.625,22.63,22.625,22.63,800
2026-04-17 13:15:00,22.63,22.63,22.63,22.63,439
2026-04-17 13:20:00,22.609,22.609,22.5595,22.5595,2966
2026-04-17 13:25:00,22.575,22.575,22.57,22.5734,2155
2026-04-17 13:30:00,22.58,22.58,22.5751,22.5751,200
2026-04-17 13:40:00,22.59,22.5901,22.59,22.5901,1100
2026-04-17 13:45:00,22.615,22.6201,22.615,22.6201,1378
2026-04-17 13:50:00,22.61,22.61,22.61,22.61,200
2026-04-17 14:00:00,22.61,22.61,22.61,22.61,100
2026-04-17 14:10:00,22.58,22.58,22.5663,22.5663,454
2026-04-17 14:15:00,22.57,22.58,22.57,22.5714,433
2026-04-17 14:25:00,22.585,22.585,22.585,22.585,100
2026-04-17 14:30:00,22.59,22.59,22.59,22.59,100
2026-04-17 14:35:00,22.6,22.6,22.6,22.6,305
2026-04-17 14:40:00,22.6,22.6,22.58,22.59,1300
2026-04-17 14:45:00,22.595,22.595,22.595,22.595,500
2026-04-17 14:50:00,22.57,22.57,22.57,22.57,100
2026-04-17 14:55:00,22.58,22.58,22.58,22.58,100
2026-04-17 15:00:00,22.585,22.585,22.58,22.58,544
2026-04-17 15:10:00,22.5678,22.5678,22.5678,22.5678,172
2026-04-17 15:15:00,22.58,22.58,22.58,22.58,190
2026-04-17 15:20:00,22.58,22.585,22.58,22.585,312
2026-04-17 15:25:00,22.585,22.585,22.585,22.585,100
2026-04-17 15:30:00,22.58,22.6,22.58,22.6,600
2026-04-17 15:40:00,22.615,22.615,22.61,22.61,700
2026-04-17 15:45:00,22.61,22.61,22.595,22.6,598
2026-04-17 15:50:00,22.605,22.605,22.595,22.6,1226
2026-04-17 15:55:00,22.61,22.62,22.61,22.61,3449
2026-04-17 16:00:00,22.61,22.61,22.61,22.61,181
2026-04-17 16:05:00,22.33,22.33,22.33,22.33,300
2026-04-17 16:35:00,22.63,22.63,22.63,22.63,300
2026-04-17 16:50:00,22.618,22.618,22.618,22.618,100
2026-04-17 17:40:00,22.63,22.63,22.63,22.63,2070
2026-04-17 18:35:00,22.4831,22.4831,22.4831,22.4831,150
2026-04-17 19:10:00,22.4662,22.4662,22.4662,22.4662,107
2026-04-17 19:30:00,22.6,22.6,22.6,22.6,2086
2026-04-20 04:25:00,22.4807,22.4807,22.4807,22.4807,370
2026-04-20 04:40:00,22.48,22.48,22.48,22.48,308
2026-04-20 06:20:00,22.4963,22.4963,22.49,22.49,200
2026-04-20 07:20:00,22.5,22.5,22.5,22.5,165
2026-04-20 08:50:00,22.62,22.62,22.62,22.62,310
2026-04-20 09:30:00,22.58,22.58,22.58,22.58,3176
2026-04-20 09:35:00,22.6,22.6,22.57,22.57,958
2026-04-20 09:40:00,22.57,22.57,22.565,22.57,515
2026-04-20 09:45:00,22.5789,22.5789,22.55,22.56,3244
2026-04-20 09:50:00,22.56,22.585,22.56,22.585,798
2026-04-20 09:55:00,22.6,22.6099,22.6,22.6,300
2026-04-20 10:00:00,22.6,22.6,22.58,22.59,39637
2026-04-20 10:05:00,22.58,22.5898,22.57,22.585,1060
2026-04-20 10:10:00,22.59,22.59,22.5758,22.58,992
2026-04-20 10:15:00,22.5601,22.57,22.555,22.56,1489
2026-04-20 10:20:00,22.57,22.585,22.57,22.585,552
2026-04-20 10:25:00,22.6,22.6,22.57,22.57,322
2026-04-20 10:30:00,22.5697,22.5697,22.55,22.565,3911
2026-04-20 10:35:00,22.55,22.575,22.55,22.575,300
2026-04-20 10:40:00,22.56,22.56,22.53,22.535,1034
2026-04-20 10:45:00,22.54,22.54,22.54,22.54,100
2026-04-20 10:50:00,22.54,22.54,22.48,22.51,3803
2026-04-20 10:55:00,22.48,22.48,22.48,22.48,100
2026-04-20 11:00:00,22.4999,22.5,22.46,22.46,1445
2026-04-20 11:05:00,22.46,22.4651,22.44,22.44,3066
2026-04-20 11:10:00,22.47,22.4799,22.47,22.4799,1000
2026-04-20 11:15:00,22.48,22.48,22.48,22.48,100
2026-04-20 11:20:00,22.485,22.52,22.485,22.515,1000
2026-04-20 11:25:00,22.52,22.52,22.52,22.52,100
2026-04-20 11:30:00,22.52,22.52,22.52,22.52,300
2026-04-20 11:40:00,22.51,22.51,22.5,22.5,200
2026-04-20 11:45:00,22.515,22.515,22.515,22.515,100
2026-04-20 11:55:00,22.51,22.51,22.505,22.505,225
2026-04-20 12:00:00,22.5,22.5,22.4943,22.4943,900
2026-04-20 12:05:00,22.52,22.52,22.52,22.52,100
2026-04-20 12:10:00,22.52,22.52,22.52,22.52,200
2026-04-20 12:15:00,22.52,22.52,22.52,22.52,100
2026-04-20 12:25:00,22.515,22.515,22.515,22.515,201
2026-04-20 12:30:00,22.53,22.5399,22.53,22.53,797
2026-04-20 12:35:00,22.5303,22.5303,22.525,22.525,7202
2026-04-20 12:40:00,22.525,22.525,22.525,22.525,300
2026-04-20 12:45:00,22.53,22.53,22.53,22.53,100
2026-04-20 12:50:00,22.52,22.525,22.52,22.525,624
2026-04-20 12:55:00,22.523,22.53,22.523,22.53,226
2026-04-20 13:00:00,22.525,22.525,22.515,22.52,1384
2026-04-20 13:05:00,22.53,22.5356,22.5299,22.5356,750
2026-04-20 13:10:00,22.5359,22.5359,22.5359,22.5359,500
2026-04-20 13:15:00,22.55,22.55,22.55,22.55,110
2026-04-20 13:20:00,22.55,22.555,22.54,22.555,792
2026-04-20 13:25:00,22.55,22.55,22.545,22.5487,6900
2026-04-20 13:30:00,22.55,22.55,22.55,22.55,500
2026-04-20 13:35:00,22.54,22.55,22.54,22.55,852
2026-04-20 14:00:00,22.55,22.55,22.55,22.55,300
2026-04-20 14:05:00,22.575,22.575,22.575,22.575,100
2026-04-20 14:10:00,22.56,22.56,22.55,22.55,600
2026-04-20 14:15:00,22.571,22.571,22.571,22.571,134
2026-04-20 14:20:00,22.57,22.57,22.57,22.57,100
2026-04-20 14:25:00,22.58,22.58,22.57,22.575,320
2026-04-20 14:30:00,22.57,22.57,22.564,22.565,729
2026-04-20 14:35:00,22.57,22.57,22.56,22.565,1342
2026-04-20 14:40:00,22.56,22.57,22.5599,22.57,600
2026-04-20 14:45:00,22.57,22.57,22.57,22.57,1000
2026-04-20 14:50:00,22.58,22.58,22.58,22.58,100
2026-04-20 14:55:00,22.585,22.585,22.58,22.58,400
2026-04-20 15:00:00,22.575,22.575,22.575,22.575,100
2026-04-20 15:10:00,22.575,22.575,22.575,22.575,100
2026-04-20 15:15:00,22.5761,22.5761,22.5761,22.5761,900
2026-04-20 15:20:00,22.575,22.575,22.575,22.575,500
2026-04-20 15:25:00,22.57,22.57,22.565,22.565,700
2026-04-20 15:30:00,22.565,22.57,22.565,22.57,323
2026-04-20 15:35:00,22.5601,22.565,22.5601,22.565,1531
2026-04-20 15:40:00,22.57,22.57,22.5612,22.565,650
2026-04-20 15:45:00,22.56,22.56,22.56,22.56,100
2026-04-20 15:50:00,22.56,22.57,22.56,22.57,500
2026-04-20 15:55:00,22.5627,22.585,22.5627,22.585,2819
2026-04-20 16:00:00,22.56,22.56,22.56,22.56,257
2026-04-20 17:05:00,22.57,22.57,22.57,22.57,400
2026-04-20 17:20:00,22.5479,22.5479,22.5479,22.5479,300
2026-04-20 17:50:00,22.54,22.54,22.54,22.54,280
2026-04-20 18:15:00,22.57,22.57,22.57,22.57,150
2026-04-21 08:00:00,22.7105,22.7105,22.7105,22.7105,400
2026-04-21 08:35:00,22.7096,22.7096,22.7096,22.7096,100
2026-04-21 09:15:00,22.7113,22.7113,22.7113,22.7113,100
2026-04-21 09:30:00,22.58,22.66,22.58,22.59,1983
2026-04-21 09:35:00,22.59,22.59,22.59,22.59,386
2026-04-21 09:40:00,22.595,22.595,22.595,22.595,353
2026-04-21 09:45:00,22.59,22.61,22.59,22.61,437
2026-04-21 09:50:00,22.615,22.62,22.615,22.62,301
2026-04-21 10:00:00,22.645,22.645,22.64,22.64,290
2026-04-21 10:05:00,22.65,22.6528,22.65,22.6528,1390
2026-04-21 10:10:00,22.67,22.67,22.67,22.67,100
2026-04-21 10:15:00,22.67,22.68,22.6699,22.68,2793
2026-04-21 10:20:00,22.64,22.645,22.63,22.63,2020
2026-04-21 10:25:00,22.645,22.645,22.645,22.645,100
2026-04-21 10:30:00,22.64,22.64,22.64,22.64,100
2026-04-21 10:35:00,22.64,22.64,22.64,22.64,450
2026-04-21 10:40:00,22.635,22.64,22.635,22.64,251
2026-04-21 10:45:00,22.63,22.63,22.62,22.62,23683
2026-04-21 10:55:00,22.6221,22.6221,22.5825,22.5825,924
2026-04-21 11:00:00,22.59,22.59,22.55,22.55,2766
2026-04-21 11:05:00,22.54,22.58,22.54,22.58,538
2026-04-21 11:10:00,22.605,22.605,22.605,22.605,200
2026-04-21 11:15:00,22.61,22.62,22.6,22.62,820
2026-04-21 11:20:00,22.62,22.62,22.62,22.62,100
2026-04-21 11:30:00,22.58,22.595,22.58,22.595,266
2026-04-21 11:35:00,22.57,22.575,22.57,22.57,2675
2026-04-21 11:40:00,22.58,22.58,22.57,22.58,3100
2026-04-21 11:50:00,22.58,22.58,22.58,22.58,300
2026-04-21 11:55:00,22.58,22.58,22.58,22.58,100
2026-04-21 12:00:00,22.58,22.58,22.58,22.58,300
2026-04-21 12:05:00,22.59,22.59,22.59,22.59,600
2026-04-21 12:10:00,22.58,22.58,22.57,22.58,1560
2026-04-21 12:15:00,22.58,22.59,22.58,22.59,900
2026-04-21 12:20:00,22.58,22.5899,22.57,22.58,810
2026-04-21 12:25:00,22.575,22.5793,22.575,22.5793,500
2026-04-21 12:30:00,22.58,22.58,22.58,22.58,100
2026-04-21 12:40:00,22.56,22.56,22.55,22.55,500
2026-04-21 12:45:00,22.55,22.55,22.55,22.55,100
2026-04-21 12:50:00,22.57,22.57,22.56,22.566,412
2026-04-21 12:55:00,22.5437,22.5437,22.5437,22.5437,100
2026-04-21 13:10:00,22.53,22.53,22.53,22.53,100
2026-04-21 13:15:00,22.52,22.52,22.52,22.52,500
2026-04-21 13:20:00,22.495,22.5,22.495,22.5,455
2026-04-21 13:25:00,22.51,22.51,22.51,22.51,210
2026-04-21 13:35:00,22.535,22.54,22.535,22.54,987
2026-04-21 13:40:00,22.59,22.6,22.58,22.58,439
2026-04-21 13:45:00,22.565,22.57,22.565,22.57,200
2026-04-21 13:50:00,22.57,22.57,22.57,22.57,200
2026-04-21 13:55:00,22.56,22.56,22.5599,22.5599,400
2026-04-21 14:05:00,22.575,22.575,22.575,22.575,100
2026-04-21 14:10:00,22.57,22.57,22.57,22.57,100
2026-04-21 14:15:00,22.58,22.58,22.54,22.55,600
2026-04-21 14:30:00,22.55,22.565,22.55,22.565,300
2026-04-21 14:35:00,22.56,22.56,22.56,22.56,100
2026-04-21 14:50:00,22.55,22.59,22.5499,22.59,9331
2026-04-21 15:00:00,22.59,22.59,22.59,22.59,1350
2026-04-21 15:10:00,22.6,22.6,22.6,22.6,600
2026-04-21 15:15:00,22.59,22.59,22.59,22.59,100
2026-04-21 15:20:00,22.6,22.6,22.6,22.6,100
2026-04-21 15:25:00,22.6001,22.61,22.6001,22.61,1570
2026-04-21 15:30:00,22.6158,22.6158,22.6158,22.6158,100
2026-04-21 15:35:00,22.59,22.59,22.58,22.58,355
2026-04-21 15:40:00,22.5801,22.5801,22.4899,22.4899,900
2026-04-21 15:45:00,22.49,22.5099,22.4899,22.49,1600
2026-04-21 15:50:00,22.49,22.5,22.49,22.49,1000
2026-04-21 15:55:00,22.49,22.53,22.49,22.53,1322
2026-04-21 16:00:00,22.5,22.5,22.5,22.5,155
2026-04-21 18:50:00,22.654,22.654,22.59,22.59,377