2026-03-23 09:20:00,41.8,41.8,41.8,41.8,800
2026-03-23 09:30:00,42.24,42.38,42,42,1179
2026-03-23 09:35:00,42.4,42.4,42.4,42.4,200
2026-03-23 09:40:00,42.14,42.15,42.01,42.15,3604
2026-03-23 09:45:00,42.31,42.31,42.12,42.24,3345
2026-03-23 09:50:00,42.28,42.4,42.24,42.4,4852
2026-03-23 09:55:00,42.5,42.54,42.28,42.28,5213
2026-03-23 10:00:00,42.5,42.5,42.31,42.49,11604
2026-03-23 10:05:00,42.4,42.46,42.13,42.2,3400
2026-03-23 10:10:00,42.25,42.45,41.82,42.38,4042
2026-03-23 10:15:00,42.39,42.39,42.39,42.39,225
2026-03-23 10:20:00,42.47,42.64,42.39,42.56,11495
2026-03-23 10:25:00,42.8,42.9,42.55,42.9,13945
2026-03-23 10:30:00,42.72,42.96,42.66,42.96,14626
2026-03-23 10:35:00,42.7,42.74,42.68,42.73,763
2026-03-23 10:40:00,42.55,42.75,42.55,42.72,3244
2026-03-23 10:45:00,42.58,43.25,42.58,43.05,867
2026-03-23 10:50:00,42.78,42.8,42.69,42.74,4487
2026-03-23 10:55:00,42.78,42.79,42.74,42.74,661
2026-03-23 11:00:00,42.7,42.85,42.7,42.85,706
2026-03-23 11:05:00,43.1,43.1,43.1,43.1,598
2026-03-23 11:10:00,43.29,43.7,43.065,43.7,17518
2026-03-23 11:15:00,43.6,43.6,43.43,43.49,3661
2026-03-23 11:20:00,43.55,43.55,43.35,43.45,12297
2026-03-23 11:25:00,43.49,43.49,43.21,43.38,7933
2026-03-23 11:30:00,43.29,43.35,42.101,43.1201,3206
2026-03-23 11:35:00,43.3,43.3,42.4001,42.4001,1859
2026-03-23 11:40:00,42.89,43.06,42.89,43.06,800
2026-03-23 11:45:00,43.06,43.1,42.9,42.91,6893
2026-03-23 11:50:00,43.15,43.15,42.67,42.7,3660
2026-03-23 11:55:00,42.92,42.92,42.79,42.81,3644
2026-03-23 12:00:00,42.55,42.96,42.43,42.53,2021
2026-03-23 12:05:00,42.47,42.47,42.38,42.44,300
2026-03-23 12:10:00,42.32,42.73,42.32,42.37,7047
2026-03-23 12:15:00,42.72,42.73,42.635,42.73,2663
2026-03-23 12:20:00,42.689,42.689,42.6201,42.6201,300
2026-03-23 12:25:00,42.6,42.68,42.2,42.22,3228
2026-03-23 12:30:00,42.44,42.59,42.4301,42.5,1200
2026-03-23 12:35:00,42.46,42.5,42.19,42.43,4422
2026-03-23 12:40:00,42.48,42.48,42.4,42.44,3634
2026-03-23 12:45:00,42.51,42.59,42.4,42.59,6891
2026-03-23 12:50:00,42.57,42.57,42.51,42.51,13517
2026-03-23 12:55:00,42.49,42.7099,42.16,42.65,3726
2026-03-23 13:00:00,42.58,42.58,42.13,42.51,1910
2026-03-23 13:05:00,42.515,42.59,42.5,42.52,4278
2026-03-23 13:10:00,42.53,42.58,42.51,42.57,11993
2026-03-23 13:15:00,42.33,42.51,42.18,42.5,900
2026-03-23 13:20:00,42.53,42.56,42.32,42.47,8705
2026-03-23 13:25:00,42.45,42.73,42.45,42.73,9606
2026-03-23 13:30:00,42.34,42.76,42.34,42.71,2808
2026-03-23 13:35:00,42.73,42.85,42.71,42.85,6190
2026-03-23 13:40:00,42.89,42.89,42.72,42.72,4812
2026-03-23 13:45:00,42.77,42.8,42.77,42.8,1047
2026-03-23 13:55:00,42.82,42.95,42.82,42.95,8382
2026-03-23 14:00:00,42.85,42.94,42.77,42.9,4092
2026-03-23 14:05:00,43.05,43.09,43.05,43.06,500
2026-03-23 14:10:00,42.85,42.85,42.85,42.85,100
2026-03-23 14:15:00,42.84,43,42.8,42.95,1545
2026-03-23 14:20:00,42.9,42.96,42.9,42.95,1063
2026-03-23 14:25:00,43.02,43.02,42.86,42.86,725
2026-03-23 14:30:00,43.05,43.11,42.84,43.11,8974
2026-03-23 14:35:00,42.98,43.01,42.9,42.95,6478
2026-03-23 14:40:00,42.92,43.14,42.92,43.04,6063
2026-03-23 14:45:00,43.03,43.07,43,43.03,3923
2026-03-23 14:50:00,42.98,43.23,42.81,43.16,4992
2026-03-23 14:55:00,43.1,43.18,42.99,43.08,12710
2026-03-23 15:00:00,43.11,43.11,43.06,43.07,2450
2026-03-23 15:05:00,43.06,43.2,42.985,43.13,18143
2026-03-23 15:10:00,43.06,43.18,42.96,43.06,2655
2026-03-23 15:15:00,43.03,43.15,43.03,43.15,4008
2026-03-23 15:20:00,43.02,43.08,42.96,43.01,5087
2026-03-23 15:25:00,43.08,43.09,42.98,42.98,9967
2026-03-23 15:30:00,42.95,43.08,42.85,42.97,12130
2026-03-23 15:35:00,43.09,43.09,42.93,42.96,1867
2026-03-23 15:40:00,42.95,43.01,42.5001,43.01,5779
2026-03-23 15:45:00,42.85,43.04,42.85,43,11525
2026-03-23 15:50:00,43.07,43.28,42.91,43.1,5923
2026-03-23 15:55:00,43.27,43.27,42.365,42.6,3263
2026-03-23 16:00:00,41.82,41.82,41.82,41.82,268
2026-03-24 09:30:00,41.18,41.73,41.18,41.73,691
2026-03-24 09:35:00,41.73,41.73,41.59,41.59,1153
2026-03-24 09:40:00,41.64,41.67,41.64,41.67,294
2026-03-24 09:45:00,41.72,41.72,41.28,41.65,2262
2026-03-24 09:50:00,41.1841,41.66,41.1841,41.66,2430
2026-03-24 09:55:00,41.59,41.73,41.59,41.67,9001
2026-03-24 10:00:00,41.72,41.85,41.49,41.85,1783
2026-03-24 10:05:00,41.81,41.96,41.81,41.94,1475
2026-03-24 10:10:00,41.86,42.03,41.86,42.03,3855
2026-03-24 10:15:00,41.86,42.03,41.83,41.88,4248
2026-03-24 10:20:00,41.93,42.1,41.92,41.96,7982
2026-03-24 10:25:00,42.03,42.07,41.92,42.05,9989
2026-03-24 10:30:00,42.09,42.09,41.97,42.07,5082
2026-03-24 10:35:00,42.03,42.06,42.01,42.06,767
2026-03-24 10:40:00,41.99,42.09,41.99,41.99,17238
2026-03-24 10:45:00,42,42.12,41.98,42.12,2653
2026-03-24 10:50:00,42.05,42.05,41.6,41.66,1035
2026-03-24 10:55:00,42.12,42.12,42.05,42.05,1911
2026-03-24 11:00:00,41.74,42.07,41.74,42.06,3319
2026-03-24 11:05:00,41.89,42.1,41.8,42.02,1811
2026-03-24 11:10:00,42.05,42.08,41.81,42.02,39276
2026-03-24 11:15:00,42.02,42.02,41.97,42,4252
2026-03-24 11:20:00,42,42.02,41.99,41.99,34633
2026-03-24 11:25:00,42.03,42.07,42.03,42.07,325
2026-03-24 11:30:00,42.05,42.15,42.05,42.05,3403
2026-03-24 11:35:00,42.07,42.1,42.02,42.02,20742
2026-03-24 11:40:00,42.04,42.04,42.04,42.04,100
2026-03-24 11:45:00,42.11,42.11,42.02,42.02,585
2026-03-24 11:55:00,42.12,42.12,42.07,42.07,1879
2026-03-24 12:00:00,42.07,42.25,42.07,42.25,1185
2026-03-24 12:05:00,42.05,42.05,41.8,42,18680
2026-03-24 12:10:00,41.99,42,41.96,41.96,2873
2026-03-24 12:15:00,42,42.13,42,42.09,4614
2026-03-24 12:20:00,42.03,42.04,42.03,42.04,625
2026-03-24 12:25:00,42.05,42.09,42.05,42.06,18568
2026-03-24 12:30:00,42.07,42.07,42.05,42.05,1175
2026-03-24 12:35:00,42.05,42.05,42,42.05,1675
2026-03-24 12:40:00,41.99,42.04,41.99,42.04,3500
2026-03-24 12:45:00,42.06,42.15,42.05,42.05,2821
2026-03-24 12:50:00,42.05,42.18,42.05,42.11,8429
2026-03-24 12:55:00,41.87,42.11,41.75,42.03,1704
2026-03-24 13:00:00,42.04,42.04,41.76,41.76,8199
2026-03-24 13:05:00,41.84,41.97,41.7,41.77,7735
2026-03-24 13:10:00,41.77,41.8,41.65,41.8,6692
2026-03-24 13:15:00,41.83,42,41.57,41.94,9554
2026-03-24 13:20:00,41.8,42.16,41.74,42.04,25353
2026-03-24 13:25:00,41.95,41.95,41.74,41.78,24117
2026-03-24 13:30:00,41.9,41.92,41.83,41.83,2448
2026-03-24 13:35:00,41.89,41.9,41.84,41.9,3232
2026-03-24 13:40:00,41.89,41.89,41.84,41.84,400
2026-03-24 13:45:00,41.91,41.91,41.91,41.91,1500
2026-03-24 13:50:00,41.94,41.94,41.94,41.94,100
2026-03-24 13:55:00,42.06,42.07,41.99,41.99,1325
2026-03-24 14:00:00,42.14,42.14,42.08,42.1,925
2026-03-24 14:05:00,42.14,42.18,42.12,42.17,1628
2026-03-24 14:10:00,42.15,42.32,42.15,42.26,4120
2026-03-24 14:15:00,42.26,42.68,42.25,42.46,23240
2026-03-24 14:20:00,42.42,42.64,42.29,42.55,47280
2026-03-24 14:25:00,42.54,42.55,42.54,42.55,479
2026-03-24 14:30:00,42.75,42.78,42.62,42.62,1272
2026-03-24 14:35:00,42.68,42.83,42.68,42.77,1057
2026-03-24 14:40:00,43.055,43.055,42.84,42.89,1303
2026-03-24 14:45:00,42.91,42.92,42.91,42.92,200
2026-03-24 14:50:00,42.95,42.99,42.92,42.97,888
2026-03-24 14:55:00,43.155,43.155,42.97,42.97,11902
2026-03-24 15:00:00,43.08,43.25,43.08,43.25,4552
2026-03-24 15:05:00,43.69,43.69,43.69,43.69,935
2026-03-24 15:10:00,43.31,43.32,43.29,43.32,860
2026-03-24 15:15:00,43.31,43.31,43.31,43.31,100
2026-03-24 15:20:00,43.25,43.31,43.25,43.25,1215
2026-03-24 15:25:00,43.31,43.33,43.28,43.33,5482
2026-03-24 15:30:00,43.28,43.28,43.25,43.25,458
2026-03-24 15:35:00,43.31,43.34,43.31,43.34,706
2026-03-24 15:40:00,43.33,43.4,43.29,43.29,6325
2026-03-24 15:50:00,43.42,43.55,43.42,43.54,4625
2026-03-24 15:55:00,43.56,43.67,43.56,43.67,7487
2026-03-24 16:00:00,43.22,43.22,43.22,43.22,786
2026-03-25 09:25:00,43.4,43.7,43.4,43.42,413
2026-03-25 09:30:00,43.26,43.4,43.26,43.4,3207
2026-03-25 09:35:00,43.29,43.29,43.2,43.26,450
2026-03-25 09:40:00,43.29,43.48,43.29,43.46,1300
2026-03-25 09:45:00,43.45,43.45,43.32,43.32,1986
2026-03-25 09:50:00,43.17,43.28,43.17,43.28,686
2026-03-25 09:55:00,43.2,43.305,43.19,43.305,500
2026-03-25 10:20:00,43.3,43.3,43.3,43.3,101
2026-03-25 10:30:00,43.47,43.47,43.42,43.42,800
2026-03-25 10:35:00,43.41,43.41,43.41,43.41,100
2026-03-25 10:40:00,43.4,43.4,43.4,43.4,100
2026-03-25 10:45:00,43.47,43.54,43.47,43.47,2100
2026-03-25 11:10:00,43.35,43.36,43.31,43.36,915
2026-03-25 11:35:00,43.415,43.43,43.415,43.43,200
2026-03-25 11:40:00,43.4,43.4,43.13,43.31,2253
2026-03-25 11:45:00,43.22,43.22,43.21,43.21,4300
2026-03-25 11:50:00,43.28,43.3,43.28,43.28,2283
2026-03-25 11:55:00,43.25,43.25,43.25,43.25,100
2026-03-25 12:00:00,43.14,43.19,43.14,43.19,800
2026-03-25 12:10:00,43.15,43.3451,43.12,43.3451,1200
2026-03-25 12:15:00,43.17,43.17,43.11,43.16,350
2026-03-25 12:20:00,43.11,43.11,43.11,43.11,100
2026-03-25 12:25:00,43.2,43.36,43.2,43.24,435
2026-03-25 12:30:00,43.29,43.3401,43.29,43.3401,572
2026-03-25 12:35:00,43.22,43.22,43.22,43.22,300
2026-03-25 12:50:00,43.28,43.28,43.28,43.28,100
2026-03-25 12:55:00,43.29,43.29,43.29,43.29,100
2026-03-25 13:00:00,43.28,43.28,43.25,43.2595,836
2026-03-25 13:40:00,43.25,43.25,43.25,43.25,400
2026-03-25 13:55:00,43.25,43.25,43.25,43.25,100
2026-03-25 14:10:00,43.16,43.16,43.16,43.16,100
2026-03-25 14:25:00,43.2411,43.2411,43.2411,43.2411,400
2026-03-25 14:30:00,43.125,43.255,43.12,43.255,3990
2026-03-25 14:35:00,43.11,43.11,43.06,43.06,558
2026-03-25 14:40:00,43.1,43.15,43.08,43.15,52799
2026-03-25 14:45:00,43.22,43.23,43.195,43.22,11096
2026-03-25 14:50:00,43.19,43.44,43.1705,43.44,4173
2026-03-25 14:55:00,43.18,43.18,43.08,43.1,11205
2026-03-25 15:00:00,43.06,43.15,43.06,43.12,5829
2026-03-25 15:05:00,43.12,43.12,43.12,43.12,629
2026-03-25 15:15:00,43.17,43.17,43.15,43.15,369
2026-03-25 15:20:00,43.17,43.17,43.11,43.14,9329
2026-03-25 15:25:00,43.14,43.17,43.08,43.1201,18157
2026-03-25 15:30:00,43.06,43.08,43.06,43.08,850
2026-03-25 15:35:00,43.08,43.105,43.08,43.105,750
2026-03-25 15:40:00,43.105,43.215,43.06,43.08,1830
2026-03-25 15:45:00,43.11,43.11,43.045,43.11,698
2026-03-25 15:55:00,43.13,43.185,43.09,43.09,3094
2026-03-25 16:00:00,43.35,43.35,43.35,43.35,500
2026-03-26 04:20:00,43.25,43.25,43.25,43.25,100
2026-03-26 09:25:00,41.8,41.8,41.41,41.68,1300
2026-03-26 09:30:00,42.9,42.9,42.18,42.61,4380
2026-03-26 09:35:00,42.28,42.4,42.23,42.4,2512
2026-03-26 09:40:00,42.55,42.65,42.38,42.6,27268
2026-03-26 09:45:00,42.74,42.89,42.66,42.89,2099
2026-03-26 09:50:00,42.87,42.9,42.85,42.86,3081
2026-03-26 09:55:00,42.9,42.91,42.86,42.89,4306
2026-03-26 10:00:00,42.93,42.99,42.92,42.94,11209
2026-03-26 10:05:00,42.95,42.95,42.89,42.89,3319
2026-03-26 10:10:00,42.95,42.95,42.87,42.87,610
2026-03-26 10:15:00,42.9,42.9,42.9,42.9,375
2026-03-26 10:20:00,42.79,42.79,42.79,42.79,100
2026-03-26 10:40:00,42.78,42.84,42.78,42.84,9590
2026-03-26 10:45:00,42.72,42.77,42.72,42.76,14114
2026-03-26 10:50:00,42.75,42.76,42.5701,42.5701,744
2026-03-26 10:55:00,42.65,42.65,42.37,42.53,2327
2026-03-26 11:00:00,42.53,42.69,42.46,42.6,35668
2026-03-26 11:05:00,42.68,42.69,42.64,42.64,5165
2026-03-26 11:10:00,42.73,42.73,42.61,42.72,4160
2026-03-26 11:15:00,42.71,42.71,42.71,42.71,125
2026-03-26 11:20:00,42.72,42.72,42.66,42.66,984
2026-03-26 11:25:00,42.62,42.7,42.62,42.7,1301
2026-03-26 11:30:00,42.58,42.58,42.58,42.58,125
2026-03-26 11:35:00,42.58,42.63,42.55,42.63,5246
2026-03-26 11:40:00,42.64,42.64,42.58,42.58,8992
2026-03-26 11:45:00,42.58,42.6,42.56,42.56,2573
2026-03-26 11:55:00,42.62,42.62,42.55,42.59,7958
2026-03-26 12:00:00,42.54,42.54,42.52,42.53,4254
2026-03-26 12:05:00,42.55,42.55,42.5,42.52,1525
2026-03-26 12:15:00,42.51,42.51,42.36,42.36,4659
2026-03-26 12:20:00,42.35,42.36,42.35,42.36,2104
2026-03-26 12:30:00,42.285,42.285,42.285,42.285,100
2026-03-26 12:35:00,42.28,42.28,42.28,42.28,182
2026-03-26 12:40:00,42.28,42.33,42.28,42.33,779
2026-03-26 12:45:00,42.3,42.37,42.3,42.37,6056
2026-03-26 13:00:00,42.26,42.26,42.26,42.26,250
2026-03-26 13:05:00,42.27,42.27,42.27,42.27,833
2026-03-26 13:10:00,42.26,42.26,42.26,42.26,100
2026-03-26 13:20:00,42.26,42.26,42.26,42.26,154
2026-03-26 13:25:00,42.23,42.23,42.23,42.23,250
2026-03-26 13:30:00,42.2,42.21,42.2,42.21,792
2026-03-26 13:35:00,42.21,42.39,42.16,42.2,6220
2026-03-26 13:40:00,42.3,42.3,42.2,42.2,322
2026-03-26 13:45:00,42.2,42.2,42.17,42.2,3293
2026-03-26 13:50:00,42.19,42.19,42.185,42.185,1390
2026-03-26 14:05:00,42.18,42.18,42.18,42.18,100
2026-03-26 14:10:00,42.22,42.23,42.2,42.2,1174
2026-03-26 14:15:00,42.25,42.25,42.25,42.25,100
2026-03-26 14:40:00,42.28,42.28,42.26,42.26,1432
2026-03-26 14:45:00,42.23,42.23,42.2,42.2,500
2026-03-26 14:50:00,42.25,42.3,42.21,42.3,2097
2026-03-26 15:05:00,42.28,42.28,42.28,42.28,340
2026-03-26 15:25:00,42.37,42.37,42.37,42.37,600
2026-03-26 15:40:00,42.2,42.2,42.2,42.2,1094
2026-03-26 15:45:00,42.16,42.18,42.16,42.18,1022
2026-03-26 15:55:00,42.03,42.03,41.94,41.94,841
2026-03-26 16:00:00,42.5,42.5,42.5,42.5,100
2026-03-27 09:40:00,41.19,41.19,41.19,41.19,154
2026-03-27 09:45:00,41.05,41.32,41.05,41.23,1519
2026-03-27 09:50:00,41.35,41.35,40.95,40.95,5414
2026-03-27 09:55:00,41.22,41.25,41.09,41.11,22281
2026-03-27 10:00:00,41.11,41.22,41.05,41.19,30414
2026-03-27 10:05:00,41.2,41.24,41.2,41.21,8862
2026-03-27 10:10:00,41.18,41.18,41.18,41.18,125
2026-03-27 10:15:00,41.02,41.09,40.99,40.99,1086
2026-03-27 10:20:00,41.18,41.21,41.05,41.05,4629
2026-03-27 10:25:00,41.03,41.05,41.03,41.03,300
2026-03-27 10:30:00,41.09,41.09,41.09,41.09,100
2026-03-27 10:35:00,41.15,41.15,41.15,41.15,103
2026-03-27 10:45:00,41.11,41.14,41.06,41.08,4011
2026-03-27 10:50:00,41.04,41.18,41.04,41.13,8297
2026-03-27 10:55:00,41.21,41.21,41.21,41.21,195
2026-03-27 11:00:00,41.22,41.22,41.22,41.22,108
2026-03-27 11:05:00,41.16,41.16,41.1,41.1,1189
2026-03-27 11:10:00,41.18,41.18,41.12,41.12,3201
2026-03-27 11:15:00,41.14,41.14,41.14,41.14,100
2026-03-27 11:20:00,41.14,41.275,41.14,41.275,1502
2026-03-27 11:25:00,41.2,41.2,41.08,41.08,400
2026-03-27 11:50:00,41.2,41.29,41.13,41.21,1600
2026-03-27 11:55:00,41.35,41.39,41.13,41.13,1000
2026-03-27 12:00:00,41.14,41.14,41.08,41.09,500
2026-03-27 12:05:00,41.05,41.05,41.01,41.01,202
2026-03-27 12:30:00,40.98,40.98,40.98,40.98,100
2026-03-27 12:40:00,41.03,41.08,41.03,41.08,350
2026-03-27 12:55:00,41.095,41.095,41.01,41.0614,1655
2026-03-27 13:00:00,40.99,40.99,40.99,40.99,500
2026-03-27 13:15:00,40.78,40.78,40.78,40.78,250
2026-03-27 13:35:00,40.79,40.79,40.79,40.79,200
2026-03-27 14:00:00,40.66,40.78,40.66,40.72,642
2026-03-27 14:05:00,40.76,40.81,40.73,40.74,700
2026-03-27 14:10:00,40.69,40.73,40.69,40.7,558
2026-03-27 14:15:00,40.63,40.71,40.63,40.71,810
2026-03-27 14:20:00,40.73,40.73,40.65,40.65,343
2026-03-27 14:25:00,40.665,40.665,40.6,40.6,1457
2026-03-27 14:30:00,40.62,40.62,40.57,40.57,600
2026-03-27 14:35:00,40.605,40.605,40.605,40.605,108
2026-03-27 14:40:00,40.62,40.62,40.61,40.61,217
2026-03-27 14:45:00,40.62,40.62,40.62,40.62,125
2026-03-27 14:50:00,40.62,40.62,40.62,40.62,109
2026-03-27 14:55:00,40.595,40.61,40.55,40.61,1158
2026-03-27 15:00:00,40.5,40.5,40.5,40.5,100
2026-03-27 15:05:00,40.48,40.48,40.42,40.47,961
2026-03-27 15:10:00,40.43,40.575,40.43,40.53,308
2026-03-27 15:15:00,40.575,40.575,40.575,40.575,100
2026-03-27 15:20:00,40.61,40.61,40.52,40.58,2256
2026-03-27 15:25:00,40.58,40.58,40.57,40.57,483
2026-03-27 15:30:00,40.58,40.58,40.53,40.53,826
2026-03-27 15:35:00,40.58,40.65,40.57,40.6,1009
2026-03-27 15:40:00,40.64,40.64,40.53,40.53,1097
2026-03-27 15:45:00,40.61,40.61,40.56,40.56,1910
2026-03-27 15:50:00,40.54,40.6,40.54,40.6,3138
2026-03-27 15:55:00,40.56,40.56,40.56,40.56,750
2026-03-27 16:00:00,40.74,40.74,40.56,40.56,201
2026-03-30 06:25:00,40.74,40.74,40.74,40.74,200
2026-03-30 09:05:00,40.87,40.87,40.87,40.87,200
2026-03-30 09:30:00,41.02,41.04,41.02,41.04,425
2026-03-30 09:35:00,41.08,41.08,41.08,41.08,180
2026-03-30 09:40:00,41.02,41.03,41.02,41.02,916
2026-03-30 09:45:00,41,41,40.91,40.92,3115
2026-03-30 09:50:00,40.95,40.95,40.95,40.95,106
2026-03-30 09:55:00,40.97,41.04,40.9,40.9206,2020
2026-03-30 10:00:00,41,41,40.93,40.9499,5970
2026-03-30 10:05:00,40.95,41.79,40.83,41.79,4176
2026-03-30 10:10:00,41.7,41.8,41.02,41.34,5628
2026-03-30 10:15:00,41.41,41.41,41.2,41.33,4030
2026-03-30 10:20:00,41.32,41.33,41.32,41.33,1300
2026-03-30 10:25:00,41.23,41.42,41.23,41.38,34532
2026-03-30 10:30:00,41.38,41.47,41.29,41.47,10626
2026-03-30 10:35:00,41.48,41.94,41.4,41.68,52935
2026-03-30 10:40:00,41.61,41.9,41.46,41.77,30219
2026-03-30 10:45:00,41.73,41.84,41.65,41.8,20658
2026-03-30 10:50:00,41.91,41.95,41.85,41.87,3310
2026-03-30 10:55:00,41.88,41.98,41.88,41.98,380
2026-03-30 11:00:00,41.97,41.99,41.88,41.98,8652
2026-03-30 11:05:00,41.97,42.03,41.95,41.95,17788
2026-03-30 11:10:00,41.92,41.92,41.91,41.92,1519
2026-03-30 11:15:00,41.94,41.94,41.9,41.9,1261
2026-03-30 11:20:00,41.93,41.93,41.88,41.88,276
2026-03-30 12:05:00,42,42.01,42,42.01,1170
2026-03-30 12:10:00,41.95,42.075,41.1501,41.8,11656
2026-03-30 12:15:00,41.72,41.74,41.71,41.71,1409
2026-03-30 12:20:00,41.71,41.71,41.665,41.665,754
2026-03-30 12:30:00,41.665,41.665,41.665,41.665,183
2026-03-30 12:40:00,41.8316,41.8316,41.8316,41.8316,286
2026-03-30 13:30:00,41.64,41.64,41.64,41.64,600
2026-03-30 13:35:00,41.6,41.6,41.54,41.55,1699
2026-03-30 13:40:00,41.62,41.62,41.48,41.48,948
2026-03-30 13:45:00,41.6,41.6,41.6,41.6,201
2026-03-30 13:50:00,41.58,41.66,41.58,41.66,2326
2026-03-30 13:55:00,41.65,41.65,41.63,41.63,1180
2026-03-30 14:05:00,41.6,41.63,41.6,41.63,578
2026-03-30 14:10:00,41.7,41.7,41.69,41.69,1825
2026-03-30 14:15:00,41.73,41.73,41.7,41.7,428
2026-03-30 14:20:00,41.73,41.73,41.73,41.73,200
2026-03-30 14:25:00,41.73,41.73,41.695,41.695,400
2026-03-30 14:30:00,41.68,41.68,41.68,41.68,200
2026-03-30 14:35:00,41.64,41.67,41.64,41.67,600
2026-03-30 14:40:00,41.6,41.65,41.59,41.65,16027
2026-03-30 14:45:00,41.64,41.64,41.64,41.64,1710
2026-03-30 14:50:00,41.68,41.68,41.63,41.63,3475
2026-03-30 14:55:00,41.645,41.645,41.645,41.645,238
2026-03-30 15:00:00,41.655,41.67,41.6,41.67,11846
2026-03-30 15:10:00,41.5,41.61,41.5,41.61,660
2026-03-30 15:20:00,41.61,41.61,41.61,41.61,204
2026-03-30 15:25:00,41.63,41.63,41.6,41.6,300
2026-03-30 15:30:00,41.63,41.63,41.63,41.63,400
2026-03-30 15:35:00,41.66,41.68,41.63,41.67,1898
2026-03-30 15:55:00,41.625,41.7,41.625,41.7,323
2026-03-30 16:00:00,41.8,41.8,41.8,41.8,300
2026-03-31 09:30:00,41.45,41.45,41.45,41.45,2427
2026-03-31 09:35:00,41.02,41.02,40.96,40.96,200
2026-03-31 09:40:00,41,41.11,40.82,40.82,1116
2026-03-31 09:45:00,40.85,41.13,40.73,41.13,800
2026-03-31 09:50:00,41.1978,41.1978,40.75,41.03,11737
2026-03-31 09:55:00,40.82,41.09,40.4001,40.94,11879
2026-03-31 10:00:00,40.95,40.95,40.72,40.83,8047
2026-03-31 10:05:00,40.74,40.83,40.74,40.74,1254
2026-03-31 10:10:00,40.7,40.78,40.69,40.78,12743
2026-03-31 10:15:00,40.75,40.79,40.7,40.7301,8831
2026-03-31 10:20:00,40.7,40.72,40.67,40.7,15568
2026-03-31 10:25:00,40.65,40.65,40.58,40.63,1400
2026-03-31 10:30:00,40.62,40.62,40.62,40.62,2560
2026-03-31 10:35:00,40.64,40.68,40.64,40.68,325
2026-03-31 10:40:00,40.59,40.59,40.3701,40.59,2447
2026-03-31 10:45:00,40.55,40.59,40.49,40.49,4654
2026-03-31 10:50:00,40.58,40.58,40.52,40.52,1701
2026-03-31 10:55:00,40.56,40.65,40.56,40.65,550
2026-03-31 11:00:00,40.6,40.6,40.5901,40.5901,626
2026-03-31 11:05:00,40.55,40.63,40.54,40.54,4753
2026-03-31 11:10:00,40.53,40.59,40.52,40.52,4946
2026-03-31 11:15:00,40.44,40.56,40.44,40.56,420
2026-03-31 11:25:00,40.44,40.44,40.44,40.44,383
2026-03-31 11:30:00,40.46,40.54,40.44,40.53,6649
2026-03-31 11:35:00,40.49,40.57,40.49,40.57,2123
2026-03-31 11:40:00,40.57,40.63,40.57,40.59,1300
2026-03-31 11:45:00,40.6,40.6,40.6,40.6,2092
2026-03-31 11:50:00,40.61,40.66,40.58,40.66,7372
2026-03-31 11:55:00,40.64,40.65,40.58,40.58,2742
2026-03-31 12:00:00,40.58,40.58,40.47,40.49,676
2026-03-31 12:05:00,40.58,40.58,40.58,40.58,3988
2026-03-31 12:10:00,40.57,40.57,40.48,40.48,1926
2026-03-31 12:20:00,40.6,40.6,40.6,40.6,1902
2026-03-31 12:25:00,40.5,40.54,40.5,40.54,3845
2026-03-31 12:30:00,40.64,40.78,40.6,40.68,6302
2026-03-31 12:35:00,40.67,40.72,40.64,40.65,9548
2026-03-31 12:40:00,40.95,40.97,40.9,40.97,1212
2026-03-31 12:45:00,40.99,40.99,40.34,40.78,15655
2026-03-31 12:50:00,40.83,40.85,40.83,40.84,1096
2026-03-31 12:55:00,40.86,40.86,40.73,40.73,19916
2026-03-31 13:00:00,40.72,40.73,40.69,40.69,1848
2026-03-31 13:05:00,40.74,40.79,40.645,40.645,793
2026-03-31 13:10:00,40.72,40.74,40.66,40.74,576
2026-03-31 13:15:00,40.81,40.82,40.8,40.8,1445
2026-03-31 13:25:00,40.71,40.71,40.62,40.62,5020
2026-03-31 13:35:00,40.72,40.72,40.32,40.32,1881
2026-03-31 13:40:00,40.68,40.69,40.68,40.69,4162
2026-03-31 13:55:00,40.68,40.72,40.66,40.66,2611
2026-03-31 14:00:00,40.72,40.72,40.62,40.64,3119
2026-03-31 14:05:00,40.63,40.64,40.63,40.63,1400
2026-03-31 14:10:00,40.66,40.66,40.66,40.66,200
2026-03-31 14:20:00,40.71,40.71,40.71,40.71,4992
2026-03-31 14:35:00,40.64,40.65,40.64,40.65,1612
2026-03-31 14:40:00,40.67,40.7,40.61,40.61,6400
2026-03-31 14:45:00,40.7,40.7,40.65,40.68,5552
2026-03-31 14:50:00,40.65,40.7,40.65,40.7,1737
2026-03-31 15:00:00,40.69,40.69,40.61,40.61,6746
2026-03-31 15:05:00,40.58,40.58,40.5,40.5,3064
2026-03-31 15:10:00,40.54,40.56,40.53,40.56,4001
2026-03-31 15:15:00,40.5,40.59,40.5,40.59,346
2026-03-31 15:20:00,40.6,40.6,40.6,40.6,528
2026-03-31 15:35:00,40.6,41.02,40.58,40.58,2332
2026-03-31 15:55:00,40.47,40.47,40.16,40.16,918
2026-03-31 16:00:00,40.46,40.46,40.46,40.46,100
2026-04-01 04:15:00,40.46,40.46,40.46,40.46,100
2026-04-01 04:20:00,40.46,40.46,40.46,40.46,100
2026-04-01 09:30:00,39.42,39.74,39.405,39.6399,579
2026-04-01 09:35:00,39.61,39.68,39.45,39.5299,1287
2026-04-01 09:40:00,39.46,39.56,39.46,39.56,1108
2026-04-01 09:45:00,39.33,39.86,39.33,39.73,2352
2026-04-01 09:50:00,39.37,39.51,39.18,39.18,2666
2026-04-01 09:55:00,39.4,39.415,39.24,39.24,5559
2026-04-01 10:00:00,39.45,39.45,39.45,39.45,600
2026-04-01 10:10:00,39.56,39.56,39.55,39.55,4335
2026-04-01 10:15:00,39.425,39.53,39.425,39.53,1500
2026-04-01 10:20:00,39.55,39.55,39.55,39.55,800
2026-04-01 10:25:00,39.55,39.585,39.55,39.585,1700
2026-04-01 10:30:00,39.64,39.64,39.64,39.64,1305
2026-04-01 10:35:00,39.575,39.575,39.45,39.45,1683
2026-04-01 10:40:00,39.575,39.62,39.52,39.52,5964
2026-04-01 10:45:00,39.52,39.68,39.42,39.57,12242
2026-04-01 10:50:00,39.61,39.65,39.61,39.65,500
2026-04-01 10:55:00,39.635,39.82,39.635,39.76,7188
2026-04-01 11:00:00,39.78,39.78,39.65,39.75,1400
2026-04-01 11:05:00,39.08,39.77,39.08,39.77,20323
2026-04-01 11:10:00,39.89,39.89,39.89,39.89,662
2026-04-01 11:15:00,39.72,39.75,39.7,39.7,400
2026-04-01 11:25:00,39.65,39.66,39.65,39.66,1442
2026-04-01 11:30:00,39.54,39.54,39.54,39.54,531
2026-04-01 11:35:00,39.65,39.65,39.5,39.5,1100
2026-04-01 11:45:00,39.46,39.49,39.46,39.49,701
2026-04-01 11:50:00,39.49,39.55,39.49,39.55,2350
2026-04-01 12:00:00,39.46,39.6,39.35,39.38,800
2026-04-01 12:10:00,39.35,39.35,39.35,39.35,100
2026-04-01 12:15:00,39.35,39.4,39.24,39.28,5483
2026-04-01 12:20:00,39.28,39.3,39.28,39.3,200
2026-04-01 12:25:00,39.35,39.35,39.3,39.3,2254
2026-04-01 12:30:00,39.34,39.34,39.32,39.32,546
2026-04-01 13:30:00,39.36,39.36,39.36,39.36,745
2026-04-01 13:35:00,39.16,39.16,39.16,39.16,100
2026-04-01 13:40:00,39.23,39.23,39.23,39.23,366
2026-04-01 14:00:00,39.19,39.2,39.19,39.2,1727
2026-04-01 14:05:00,39.175,39.175,39.1,39.13,729
2026-04-01 14:10:00,39.42,39.42,39.42,39.42,762
2026-04-01 14:15:00,39.12,39.12,39.12,39.12,100
2026-04-01 14:25:00,39.18,39.18,39.18,39.18,996
2026-04-01 14:30:00,39.2,39.25,39.2,39.21,468
2026-04-01 14:35:00,39.255,39.255,39.16,39.255,1233
2026-04-01 14:50:00,39.1,39.2,39.1,39.2,308
2026-04-01 15:10:00,39.2,39.2,39.2,39.2,100
2026-04-01 15:25:00,39.3458,39.3458,39.3458,39.3458,271
2026-04-01 15:50:00,39.06,39.24,39.06,39.2,6614
2026-04-01 15:55:00,39.03,39.215,39.03,39.215,202
2026-04-01 16:00:00,39.7,39.7,39.7,39.7,2083
2026-04-02 09:30:00,39.72,40.01,39.72,40.01,4642
2026-04-02 09:40:00,40.19,40.21,40.11,40.11,567
2026-04-02 09:45:00,40.11,40.11,40.08,40.08,598
2026-04-02 09:50:00,40.08,40.13,39.985,40.1,7398
2026-04-02 09:55:00,40.11,40.13,40.015,40.13,6806
2026-04-02 10:00:00,40.13,40.17,40.1,40.17,2438
2026-04-02 10:05:00,40.1,40.19,40.1,40.19,1931
2026-04-02 10:10:00,40.18,40.19,40.02,40.02,3500
2026-04-02 10:15:00,40.25,40.32,40.13,40.31,1636
2026-04-02 10:20:00,40.25,40.32,40.25,40.28,1475
2026-04-02 10:35:00,40.35,40.35,40.345,40.345,300
2026-04-02 10:40:00,40.38,40.38,40.326,40.355,1200
2026-04-02 10:45:00,40.26,40.26,40.26,40.26,625
2026-04-02 10:50:00,40.26,40.41,40.2,40.28,3606
2026-04-02 10:55:00,40.35,40.35,40.32,40.35,300
2026-04-02 11:05:00,40.36,40.49,40.31,40.49,13200
2026-04-02 11:10:00,40.45,40.51,40.28,40.4,9014
2026-04-02 11:15:00,40.38,40.55,40.37,40.44,4436
2026-04-02 11:20:00,40.4,40.48,40.22,40.34,7939
2026-04-02 11:25:00,40.37,40.44,40.35,40.4,1786
2026-04-02 11:30:00,40.38,40.46,40.36,40.36,7586
2026-04-02 11:35:00,40.32,40.32,40.32,40.32,100
2026-04-02 11:40:00,40.28,40.28,40.18,40.23,3250
2026-04-02 11:45:00,40.23,40.31,40.22,40.3,2152
2026-04-02 11:50:00,40.2,40.2,40.12,40.12,4150
2026-04-02 11:55:00,40.17,40.17,40.17,40.17,432
2026-04-02 12:00:00,40.2,40.3,40.14,40.2,3860
2026-04-02 12:05:00,40.12,40.12,40.12,40.12,200
2026-04-02 12:10:00,40.04,40.11,40.04,40.06,2354
2026-04-02 12:25:00,40.21,40.21,40.2,40.2,600
2026-04-02 12:30:00,40.23,40.3,40.23,40.3,1800
2026-04-02 12:35:00,40.18,40.18,40.18,40.18,700
2026-04-02 12:40:00,40.18,40.18,40.17,40.17,814
2026-04-02 12:45:00,40.2,40.23,40.11,40.2,2875
2026-04-02 12:50:00,40.24,40.3,40.105,40.2,6142
2026-04-02 12:55:00,40.18,40.18,40.18,40.18,125
2026-04-02 13:10:00,40.0755,40.0755,40.0755,40.0755,202
2026-04-02 13:15:00,40.25,40.25,40.15,40.15,2050
2026-04-02 13:20:00,40.15,40.21,40.15,40.21,780
2026-04-02 13:25:00,40.21,40.21,40.19,40.19,400
2026-04-02 13:30:00,40.21,40.21,40.09,40.18,2392
2026-04-02 13:35:00,40.18,40.18,40.18,40.18,1792
2026-04-02 13:50:00,40.175,40.175,40.175,40.175,280
2026-04-02 14:00:00,40.1,40.1,40.1,40.1,450
2026-04-02 14:05:00,40.14,40.15,40.1,40.1,465
2026-04-02 14:10:00,40.14,40.14,40.14,40.14,200
2026-04-02 14:15:00,40.11,40.145,40.11,40.145,600
2026-04-02 14:30:00,40.14,40.17,40.13,40.13,1300
2026-04-02 14:35:00,40.17,40.17,40.13,40.16,2300
2026-04-02 14:40:00,40.15,40.15,40.14,40.14,400
2026-04-02 14:45:00,40.15,40.15,40.1499,40.1499,400
2026-04-02 14:50:00,40.18,40.2,40.16,40.16,3200
2026-04-02 14:55:00,40.15,40.15,40.13,40.13,300
2026-04-02 15:00:00,40.13,40.18,40.09,40.18,3253
2026-04-02 15:05:00,40.18,40.18,40.09,40.12,4497
2026-04-02 15:10:00,40.15,40.18,40.15,40.18,400
2026-04-02 15:55:00,40.06,40.06,40.01,40.01,310
2026-04-02 16:00:00,40.06,40.42,40.01,40.42,410
2026-04-06 04:50:00,40.42,40.42,30,30,500
2026-04-06 04:55:00,41.01,41.01,41.01,41.01,412
2026-04-06 06:40:00,38,38,38,38,252
2026-04-06 09:30:00,39.8,39.8,39.8,39.8,497
2026-04-06 09:35:00,40.06,40.15,39.84,39.95,20889
2026-04-06 09:40:00,39.91,39.97,39.88,39.96,9867
2026-04-06 09:45:00,39.96,39.96,39.88,39.93,2491
2026-04-06 09:50:00,39.93,39.93,39.54,39.92,829
2026-04-06 09:55:00,39.88,39.92,39.88,39.92,1006
2026-04-06 10:00:00,39.91,40,39.83,39.83,5130
2026-04-06 10:05:00,39.83,39.83,39.6,39.72,2224
2026-04-06 10:10:00,39.64,39.83,39.54,39.54,6863
2026-04-06 10:15:00,39.88,40,39.8401,40,14722
2026-04-06 10:20:00,40.01,40.08,39.91,39.9395,10977
2026-04-06 10:25:00,40.03,40.07,39.94,39.95,9439
2026-04-06 10:30:00,39.98,40.08,39.83,39.94,11743
2026-04-06 10:35:00,39.95,40.01,39.92,39.99,15855
2026-04-06 10:40:00,40.03,40.04,39.98,40.04,12281
2026-04-06 10:45:00,40.04,40.04,40.04,40.04,212
2026-04-06 10:50:00,39.95,39.95,39.95,39.95,200
2026-04-06 10:55:00,40.14,40.14,40.14,40.14,700
2026-04-06 11:00:00,39.99,40.095,39.97,40.0701,16636
2026-04-06 11:05:00,40.08,40.12,39.93,40,4701
2026-04-06 11:30:00,40.07,40.395,40.07,40.23,11017
2026-04-06 11:35:00,40.18,40.2,40.13,40.13,20867
2026-04-06 11:40:00,40.14,40.24,40.14,40.24,5726
2026-04-06 11:45:00,40.24,40.3,40.225,40.28,7310
2026-04-06 11:50:00,40.25,40.31,40.25,40.31,4000
2026-04-06 11:55:00,40.29,40.32,40.25,40.25,19022
2026-04-06 12:00:00,40.3,40.3,40.29,40.29,10588
2026-04-06 12:10:00,40.27,40.33,40.25,40.31,7778
2026-04-06 12:15:00,40.31,40.31,40.31,40.31,3901
2026-04-06 12:25:00,40.28,40.28,40.21,40.27,3216
2026-04-06 12:30:00,40.25,40.32,40.16,40.24,6754
2026-04-06 12:35:00,40.26,40.26,40.26,40.26,250
2026-04-06 12:40:00,40.26,40.26,40.26,40.26,3746
2026-04-06 12:45:00,40.17,40.2,40.16,40.16,4542
2026-04-06 12:50:00,40.16,40.22,40.13,40.17,3560
2026-04-06 12:55:00,40.18,40.18,40.03,40.03,2890
2026-04-06 13:00:00,39.96,40.16,39.96,40.08,1942
2026-04-06 13:05:00,40.07,40.07,39.97,40.03,2035
2026-04-06 13:10:00,40.05,40.06,40,40,3270
2026-04-06 13:15:00,40,40.05,40,40.05,1410
2026-04-06 13:25:00,39.96,39.96,39.96,39.96,100
2026-04-06 13:30:00,40,40.08,40,40.08,910
2026-04-06 13:35:00,40.04,40.0499,40.01,40.01,588
2026-04-06 13:40:00,40.01,40.04,39.96,40.03,4895
2026-04-06 13:45:00,39.99,40.04,39.99,40,1723
2026-04-06 13:55:00,39.98,39.98,39.965,39.965,4112
2026-04-06 14:00:00,39.93,39.96,39.93,39.96,345
2026-04-06 14:05:00,39.96,39.96,39.755,39.755,565
2026-04-06 14:10:00,39.87,39.98,39.87,39.94,1900
2026-04-06 14:15:00,40.04,40.1,39.95,40.1,2448
2026-04-06 14:20:00,39.91,40.16,39.91,40.15,30849
2026-04-06 14:25:00,40.15,40.15,40.01,40.01,4688
2026-04-06 14:30:00,40.08,40.08,40.04,40.08,1338
2026-04-06 14:35:00,40.08,40.08,40.08,40.08,914
2026-04-06 14:40:00,40,40.03,40,40.03,3749
2026-04-06 15:00:00,40.09,40.09,39.99,39.99,3005
2026-04-06 15:05:00,39.99,40,39.97,40,5405
2026-04-06 15:10:00,40.14,40.14,40.06,40.07,1906
2026-04-06 15:15:00,40.09,40.09,39.97,40,6950
2026-04-06 15:20:00,40.05,40.05,39.99,40.02,4700
2026-04-06 15:25:00,40.08,40.08,40.08,40.08,618
2026-04-06 15:30:00,40.08,40.08,40.08,40.08,618
2026-04-06 15:35:00,40.05,40.13,40.05,40.13,2742
2026-04-06 15:40:00,40.13,40.13,40.02,40.12,2519
2026-04-06 15:45:00,40.12,40.18,40.1,40.18,5225
2026-04-06 15:50:00,40.14,40.185,40.06,40.06,8059
2026-04-06 15:55:00,40.1,40.19,40.06,40.19,1808
2026-04-06 16:00:00,40.18,40.19,40.18,40.19,208
2026-04-07 04:30:00,40.19,40.19,40.19,40.19,100
2026-04-07 04:35:00,40.2,40.91,39.59,39.59,602
2026-04-07 04:40:00,40.74,40.74,40.02,40.02,484
2026-04-07 05:45:00,39.8,39.8,39.8,39.8,234
2026-04-07 05:50:00,40.71,40.71,40.71,40.71,270
2026-04-07 05:55:00,40.03,40.36,40.03,40.36,271
2026-04-07 06:00:00,41.01,41.01,38,38,596
2026-04-07 06:10:00,40.09,40.09,40,40,213
2026-04-07 06:55:00,40.16,40.39,40.16,40.18,432
2026-04-07 09:30:00,39.81,39.98,39.81,39.98,328
2026-04-07 09:35:00,39.89,39.98,39.69,39.69,963
2026-04-07 09:40:00,39.63,39.63,39.63,39.63,100
2026-04-07 09:45:00,39.47,39.67,39.44,39.67,400
2026-04-07 09:50:00,39.675,39.9,39.675,39.82,3598
2026-04-07 09:55:00,39.87,39.87,39.59,39.59,446
2026-04-07 10:00:00,39.79,39.85,39.49,39.78,4732
2026-04-07 10:05:00,39.74,39.78,39.74,39.78,8988
2026-04-07 10:10:00,39.76,39.76,39.76,39.76,498
2026-04-07 10:15:00,39.6,39.7,39.48,39.49,1215
2026-04-07 10:55:00,39.7,39.7,39.7,39.7,444
2026-04-07 11:00:00,39.76,39.76,39.76,39.76,100
2026-04-07 11:10:00,39.7,39.82,39.7,39.81,2966
2026-04-07 11:15:00,39.83,39.83,39.825,39.83,500
2026-04-07 11:20:00,40.0677,40.0677,39.89,39.92,3105
2026-04-07 11:25:00,40.07,40.66,40.05,40.38,5574
2026-04-07 11:30:00,40.43,40.43,40.29,40.4,7450
2026-04-07 11:35:00,40.42,40.42,40.31,40.3299,1332
2026-04-07 11:40:00,40.37,40.37,40.29,40.35,3676
2026-04-07 11:45:00,40.31,40.42,40.29,40.4101,4310
2026-04-07 11:50:00,40.42,40.42,40.29,40.29,4819
2026-04-07 11:55:00,40.34,40.34,40.3,40.3,200
2026-04-07 12:00:00,40.74,40.78,40.26,40.3717,1391
2026-04-07 12:05:00,40.32,40.59,40.21,40.52,2055
2026-04-07 12:10:00,40.38,40.54,40.38,40.51,1850
2026-04-07 12:15:00,40.56,40.56,40.49,40.49,733
2026-04-07 12:25:00,40.46,40.46,40.4,40.4,200
2026-04-07 12:30:00,40.7013,40.7013,40.41,40.41,700
2026-04-07 12:35:00,40.51,40.55,40.365,40.45,6152
2026-04-07 12:40:00,40.45,40.45,40.07,40.21,13436
2026-04-07 12:45:00,40.12,40.3,40.12,40.21,2714
2026-04-07 12:50:00,40.27,40.39,40.21,40.21,1584
2026-04-07 12:55:00,40.33,40.35,40.18,40.18,3409
2026-04-07 13:00:00,40.31,40.33,40.2,40.2099,3828
2026-04-07 13:05:00,40.205,40.64,40.13,40.35,1000
2026-04-07 13:10:00,40.35,40.35,40.19,40.31,12473
2026-04-07 13:15:00,40.15,40.15,40.15,40.15,2958
2026-04-07 13:20:00,40.23,40.25,40.055,40.15,3390
2026-04-07 13:25:00,40.14,40.14,40.065,40.1,2990
2026-04-07 13:30:00,40.07,40.18,39.81,39.9,60019
2026-04-07 13:35:00,40.03,40.17,40.03,40.06,47732
2026-04-07 13:40:00,40.24,40.24,40.19,40.19,38162
2026-04-07 13:45:00,40.16,40.24,40.145,40.145,9536
2026-04-07 13:50:00,40.17,40.21,40.01,40.13,34675
2026-04-07 13:55:00,40.09,40.1201,40.09,40.12,6616
2026-04-07 14:00:00,40.1,40.6,40.1,40.32,32096
2026-04-07 14:05:00,40.39,40.39,40.21,40.21,7612
2026-04-07 14:10:00,40.22,40.35,40.1,40.24,20063
2026-04-07 14:15:00,40.19,40.39,40.19,40.36,12292
2026-04-07 14:20:00,40.23,40.41,40.18,40.2801,4293
2026-04-07 14:25:00,40.34,40.4,40.27,40.34,10168
2026-04-07 14:30:00,40.29,40.4,40,40,9695
2026-04-07 14:35:00,40.32,40.46,40.32,40.35,4972
2026-04-07 14:40:00,40.33,40.62,39.98,40.39,6800
2026-04-07 14:45:00,40.36,40.38,40.03,40.28,6239
2026-04-07 14:50:00,40.01,40.41,39.96,40.31,1000
2026-04-07 14:55:00,40.07,40.31,39.77,40.04,23935
2026-04-07 15:00:00,40.03,40.17,39.83,40.11,8992
2026-04-07 15:05:00,40.17,40.18,39.56,40.11,4763
2026-04-07 15:10:00,40.2,40.2,40.13,40.13,15625
2026-04-07 15:15:00,40.15,40.205,39.71,40.19,7192
2026-04-07 15:20:00,40.24,40.24,40.1,40.21,5039
2026-04-07 15:25:00,40.2,40.39,40.04,40.32,13802
2026-04-07 15:30:00,40.3,40.5,40.11,40.39,11213
2026-04-07 15:35:00,40.3,40.39,40.3,40.35,2864
2026-04-07 15:40:00,40.39,40.4,40.16,40.27,11579
2026-04-07 15:45:00,40.34,40.375,40.21,40.375,7918
2026-04-07 15:50:00,40.3,40.33,40.15,40.15,8378
2026-04-07 15:55:00,40.13,40.645,40.13,40.645,300
2026-04-07 16:00:00,39.97,39.97,39.71,39.71,915
2026-04-08 04:25:00,39.9,39.9,39.9,39.9,100
2026-04-08 09:30:00,39.75,40.75,39.75,40.53,1664
2026-04-08 09:35:00,40.06,40.38,39.66,40.21,1250
2026-04-08 09:40:00,40.1,40.42,39.64,40.07,1755
2026-04-08 09:45:00,39.83,39.99,39.71,39.71,400
2026-04-08 09:50:00,39.71,40.14,39.71,40.09,6211
2026-04-08 09:55:00,40.02,40.1,40.02,40.1,1067
2026-04-08 10:00:00,40.06,40.1,40.06,40.1,2400
2026-04-08 10:10:00,40.04,40.12,40.04,40.1,1300
2026-04-08 10:15:00,40.04,40.22,39.92,40.1,2226
2026-04-08 10:20:00,40.11,40.11,39.71,39.88,2406
2026-04-08 10:25:00,40.12,40.13,39.79,40.13,600
2026-04-08 10:30:00,40.03,40.4,39.96,40.09,9096
2026-04-08 10:35:00,40.05,40.1,40.05,40.1,893
2026-04-08 10:45:00,40.055,40.055,40.055,40.055,174
2026-04-08 11:00:00,40.08,40.08,40.015,40.015,2552
2026-04-08 11:05:00,40.05,40.05,40.05,40.05,100
2026-04-08 11:15:00,39.98,39.98,39.88,39.88,525
2026-04-08 11:20:00,39.96,39.96,39.88,39.89,10582
2026-04-08 11:25:00,39.98,39.98,39.98,39.98,400
2026-04-08 11:30:00,39.98,39.98,39.98,39.98,1561
2026-04-08 11:35:00,39.79,39.88,39.74,39.74,600
2026-04-08 11:40:00,39.88,39.94,39.74,39.85,1100
2026-04-08 11:45:00,39.79,39.85,39.49,39.61,2000
2026-04-08 11:50:00,39.7,39.87,39.7,39.7501,500
2026-04-08 12:00:00,39.69,39.69,39.54,39.54,3732
2026-04-08 12:05:00,39.615,39.63,39.615,39.615,2400
2026-04-08 12:10:00,39.63,39.65,39.54,39.59,6176
2026-04-08 12:15:00,39.51,39.695,39.51,39.59,14380
2026-04-08 12:20:00,39.59,39.64,39.59,39.64,2532
2026-04-08 12:25:00,39.58,39.58,39.58,39.58,937
2026-04-08 12:30:00,39.59,39.59,39.59,39.59,1996
2026-04-08 13:00:00,39.86,39.86,39.86,39.86,618
2026-04-08 13:10:00,39.62,39.63,39.56,39.63,2728
2026-04-08 13:15:00,39.515,39.515,39.515,39.515,100
2026-04-08 13:20:00,39.505,40.1,39.505,39.66,4213
2026-04-08 13:25:00,39.67,39.67,39.67,39.67,371
2026-04-08 13:35:00,39.59,39.735,39.59,39.715,7122
2026-04-08 13:40:00,39.65,39.65,39.65,39.65,694
2026-04-08 14:10:00,39.62,39.63,39.62,39.63,1945
2026-04-08 14:15:00,39.7,39.73,39.64,39.68,5371
2026-04-08 14:20:00,39.66,39.66,39.66,39.66,1857
2026-04-08 14:35:00,39.7,39.7,39.58,39.58,2922
2026-04-08 14:40:00,39.6,39.6,39.6,39.6,1210
2026-04-08 14:45:00,39.6,39.6,39.55,39.55,259
2026-04-08 14:50:00,39.57,39.57,39.57,39.57,554
2026-04-08 14:55:00,39.6,39.77,39.59,39.77,7792
2026-04-08 15:00:00,39.7,39.75,39.7,39.75,404
2026-04-08 15:05:00,39.76,39.79,39.75,39.78,2308
2026-04-08 15:10:00,39.8,39.9,39.8,39.82,3333
2026-04-08 15:15:00,39.84,39.87,39.84,39.87,2324
2026-04-08 15:20:00,39.78,39.82,39.78,39.8001,5739
2026-04-08 15:25:00,39.77,39.82,39.76,39.8001,7170
2026-04-08 15:30:00,39.83,39.84,39.77,39.8301,2443
2026-04-08 15:35:00,39.79,39.83,39.74,39.77,1852
2026-04-08 15:40:00,39.75,39.8,39.72,39.77,7826
2026-04-08 15:45:00,39.75,39.8,39.74,39.76,9818
2026-04-08 15:50:00,39.75,39.75,39.74,39.74,462
2026-04-08 15:55:00,39.77,39.88,39.73,39.73,709
2026-04-08 16:00:00,39.42,40.09,39.38,40.09,419
2026-04-09 09:30:00,39.75,39.75,39.75,39.75,124
2026-04-09 09:35:00,39.73,39.79,39.37,39.7,1000
2026-04-09 09:40:00,39.74,39.77,39.59,39.66,5405
2026-04-09 09:45:00,39.66,39.68,39.5401,39.56,6338
2026-04-09 09:50:00,39.58,39.58,39.42,39.4413,2083
2026-04-09 09:55:00,39.54,39.6,39.245,39.43,9012
2026-04-09 10:00:00,39.53,39.53,39.42,39.43,2718
2026-04-09 10:05:00,39.4,39.45,39.4,39.45,1989
2026-04-09 10:10:00,39.48,39.48,39.39,39.39,2598
2026-04-09 10:15:00,39.33,39.44,39.33,39.44,3891
2026-04-09 10:20:00,39.49,39.49,39.38,39.45,4774
2026-04-09 10:25:00,39.58,39.58,39.07,39.07,761
2026-04-09 10:30:00,39.42,39.47,39.08,39.43,8758
2026-04-09 10:35:00,39.4,39.44,39.35,39.35,8965
2026-04-09 10:40:00,39.35,39.41,38.95,39.25,5406
2026-04-09 10:45:00,39.335,39.335,39.31,39.31,1732
2026-04-09 10:55:00,39.39,39.45,39.35,39.45,5688
2026-04-09 11:00:00,39.45,39.4588,39.385,39.4461,3678
2026-04-09 11:05:00,39.56,39.56,39.23,39.38,706
2026-04-09 11:20:00,39.41,39.41,39.41,39.41,400
2026-04-09 11:25:00,39.45,39.52,39.45,39.52,3858
2026-04-09 11:30:00,39.48,39.5,39.45,39.475,2793
2026-04-09 11:35:00,39.475,39.5,39.475,39.5,1500
2026-04-09 11:40:00,39.53,39.92,39.53,39.59,1485
2026-04-09 11:45:00,39.62,39.7,39.43,39.5799,4133
2026-04-09 11:50:00,39.63,39.75,39.48,39.67,3779
2026-04-09 11:55:00,39.49,39.825,39.49,39.69,8057
2026-04-09 12:00:00,39.7,39.71,39.48,39.64,2500
2026-04-09 12:10:00,39.81,39.81,39.81,39.81,100
2026-04-09 12:15:00,39.78,39.79,39.69,39.69,3759
2026-04-09 12:20:00,39.65,39.73,39.64,39.73,935
2026-04-09 12:25:00,39.68,39.68,39.68,39.68,300
2026-04-09 12:30:00,39.635,39.72,39.635,39.68,2877
2026-04-09 12:35:00,39.66,39.73,39.66,39.73,1658
2026-04-09 12:40:00,39.645,39.74,39.645,39.68,1724
2026-04-09 12:45:00,39.61,39.69,39.61,39.69,2891
2026-04-09 12:50:00,39.69,39.69,39.59,39.68,1272
2026-04-09 12:55:00,39.62,39.77,39.62,39.72,10800
2026-04-09 13:00:00,39.73,39.78,39.7,39.78,4752
2026-04-09 13:05:00,39.66,39.75,39.57,39.7,5120
2026-04-09 13:10:00,39.78,39.78,39.66,39.78,4615
2026-04-09 13:15:00,39.69,39.75,39.66,39.74,6154
2026-04-09 13:20:00,39.72,39.76,39.62,39.6601,3123
2026-04-09 13:25:00,39.66,39.75,39.66,39.68,14341
2026-04-09 13:30:00,39.63,39.69,39.61,39.67,9345
2026-04-09 13:40:00,39.59,39.5999,39.57,39.5799,1600
2026-04-09 13:45:00,39.58,39.64,39.58,39.63,3382
2026-04-09 13:50:00,39.54,39.64,39.39,39.5,6068
2026-04-09 13:55:00,39.54,39.59,39.39,39.39,8125
2026-04-09 14:00:00,39.45,39.53,39.37,39.45,1700
2026-04-09 14:10:00,39.45,39.45,39.45,39.45,394
2026-04-09 14:15:00,39.34,39.34,39.34,39.34,100
2026-04-09 14:20:00,39.34,39.615,39.31,39.38,2147
2026-04-09 14:25:00,39.43,39.44,39.34,39.35,1954
2026-04-09 14:30:00,39.34,39.4,39.34,39.4,1402
2026-04-09 14:35:00,39.41,39.43,39.31,39.43,2082
2026-04-09 14:40:00,39.39,39.39,39.39,39.39,786
2026-04-09 14:50:00,39.28,39.32,39.28,39.31,776
2026-04-09 15:10:00,39.21,39.3,39.21,39.3,5133
2026-04-09 15:15:00,39.3,39.3,39.24,39.25,2902
2026-04-09 15:20:00,39.24,39.25,39.24,39.25,1550
2026-04-09 15:25:00,39.21,39.29,39.17,39.21,10355
2026-04-09 15:30:00,39.2,39.3,39.2,39.3,4686
2026-04-09 15:35:00,39.25,39.29,39.25,39.27,1128
2026-04-09 15:40:00,39.29,39.29,39.15,39.15,400
2026-04-09 15:45:00,39.26,39.29,39.25,39.29,2733
2026-04-09 15:50:00,39.22,39.27,39.22,39.26,6780
2026-04-09 15:55:00,39.34,39.34,39.25,39.25,2573
2026-04-09 16:00:00,39.41,39.44,39.27,39.27,465
2026-04-10 07:15:00,39.27,39.27,39.27,39.27,100
2026-04-10 09:30:00,39.16,39.19,38.79,39.11,1082
2026-04-10 09:35:00,38.91,39.11,38.72,38.72,2031
2026-04-10 09:40:00,38.92,38.92,38.92,38.92,876
2026-04-10 09:50:00,38.99,39.04,38.83,38.95,1299
2026-04-10 09:55:00,38.94,39.01,38.87,38.9,2577
2026-04-10 10:00:00,38.83,38.96,38.755,38.815,1743
2026-04-10 10:05:00,38.815,38.93,38.79,38.86,10659
2026-04-10 10:10:00,38.9,38.92,38.8,38.92,13801
2026-04-10 10:15:00,38.81,38.87,38.8,38.87,3006
2026-04-10 10:20:00,38.9,38.9,38.2601,38.88,3448
2026-04-10 10:25:00,38.88,38.88,38.83,38.83,1417
2026-04-10 10:30:00,38.89,38.89,38.85,38.85,853
2026-04-10 10:35:00,38.51,39.03,38.51,38.93,3282
2026-04-10 10:40:00,38.96,38.96,38.91,38.92,925
2026-04-10 10:45:00,38.92,38.92,38.92,38.92,100
2026-04-10 10:50:00,38.94,38.95,38.855,38.95,7562
2026-04-10 10:55:00,38.98,38.99,38.835,38.9801,11954
2026-04-10 11:00:00,38.97,38.97,38.93,38.97,5802
2026-04-10 11:05:00,38.94,39,38.94,39,740
2026-04-10 11:10:00,38.96,39,38.96,39,3404
2026-04-10 11:25:00,39.1,39.12,39.1,39.12,400
2026-04-10 11:30:00,39.08,39.08,38.88,38.88,26503
2026-04-10 11:35:00,38.9,38.94,38.89,38.89,8197
2026-04-10 11:40:00,39.015,39.015,38.73,38.73,2943
2026-04-10 11:45:00,38.85,38.85,38.7825,38.83,2300
2026-04-10 11:50:00,38.8,38.9,38.75,38.85,20738
2026-04-10 11:55:00,38.85,38.88,38.76,38.83,28827
2026-04-10 12:00:00,38.79,38.83,38.7,38.79,27855
2026-04-10 12:05:00,38.8,38.8,38.36,38.73,14994
2026-04-10 12:10:00,38.69,39.25,38.66,38.76,14688
2026-04-10 12:15:00,38.77,38.77,38.7,38.72,3632
2026-04-10 12:20:00,38.76,38.81,38.72,38.72,3906
2026-04-10 12:25:00,38.69,38.75,38.24,38.71,8319
2026-04-10 12:30:00,38.71,38.77,38.66,38.74,6682
2026-04-10 12:35:00,38.71,38.75,38.71,38.75,326
2026-04-10 12:45:00,38.72,38.95,38.635,38.78,13605
2026-04-10 12:50:00,38.78,38.85,38.67,38.81,9646
2026-04-10 12:55:00,38.82,38.87,38.82,38.87,3173
2026-04-10 13:00:00,38.875,38.88,38.84,38.84,2210
2026-04-10 13:10:00,39.075,39.075,38.695,38.95,6122
2026-04-10 13:15:00,38.94,39.1,38.89,39.1,4712
2026-04-10 13:20:00,38.94,39.065,38.935,38.94,7370
2026-04-10 13:25:00,38.95,38.95,38.95,38.95,208
2026-04-10 13:45:00,39.11,39.11,39.11,39.11,606
2026-04-10 13:50:00,39.015,39.1,39,39,2332
2026-04-10 13:55:00,38.95,38.97,38.91,38.91,2486
2026-04-10 14:15:00,38.92,38.92,38.88,38.9,300
2026-04-10 14:25:00,39.14,39.14,39.14,39.14,300
2026-04-10 14:30:00,39.14,39.15,39.07,39.13,2117
2026-04-10 14:35:00,38.95,38.98,38.95,38.98,1741
2026-04-10 14:40:00,39.17,39.17,39.03,39.03,1125
2026-04-10 14:45:00,38.95,39.06,38.95,39.02,2803
2026-04-10 14:55:00,39,39,38.94,38.94,1611
2026-04-10 15:00:00,38.9,38.9,38.9,38.9,100
2026-04-10 16:00:00,38.59,38.59,38.49,38.57,1041
2026-04-13 09:30:00,38.88,38.91,38.88,38.9,725
2026-04-13 09:35:00,39.08,39.08,38.7,38.7,1643
2026-04-13 09:40:00,39.05,39.19,38.84,39.1,3144
2026-04-13 09:45:00,39.05,39.26,38.96,39.14,13386
2026-04-13 09:50:00,39.2,39.35,39.15,39.24,8611
2026-04-13 09:55:00,39.13,39.22,39.13,39.15,8539
2026-04-13 10:00:00,39.13,39.21,38.975,39.09,16068
2026-04-13 10:05:00,39.18,39.35,38.875,39.19,33895
2026-04-13 10:10:00,39.19,39.39,39.04,39.16,31165
2026-04-13 10:15:00,39.11,39.695,38.83,39.11,62618
2026-04-13 10:20:00,39.02,39.24,39.02,39.0406,41822
2026-04-13 10:25:00,39.02,39.14,38.64,38.88,28287
2026-04-13 10:30:00,38.87,39,38.8,38.85,4262
2026-04-13 10:35:00,39.02,39.02,38.7,38.86,22019
2026-04-13 10:40:00,38.93,39.28,38.78,38.97,33971
2026-04-13 10:45:00,38.97,39.04,38.85,38.85,22367
2026-04-13 10:50:00,38.85,39.01,38.78,38.87,24799
2026-04-13 10:55:00,38.85,38.95,38.8,38.88,15185
2026-04-13 11:00:00,38.905,38.9099,38.9,38.9099,1582
2026-04-13 11:05:00,38.81,38.96,38.66,38.89,27391
2026-04-13 11:10:00,38.93,38.95,38.76,38.93,17816
2026-04-13 11:15:00,38.85,38.96,38.75,38.875,27991
2026-04-13 11:20:00,38.89,38.94,38.83,38.84,28030
2026-04-13 11:25:00,38.885,38.9,38.79,38.86,4527
2026-04-13 11:30:00,38.88,38.96,38.87,38.91,6351
2026-04-13 11:35:00,38.91,38.96,38.91,38.92,2300
2026-04-13 11:40:00,38.92,38.98,38.83,38.85,3852
2026-04-13 11:45:00,38.85,38.86,38.85,38.86,452
2026-04-13 11:50:00,38.96,38.98,38.92,38.92,1692
2026-04-13 11:55:00,38.92,38.92,38.77,38.79,22508
2026-04-13 12:00:00,38.8,38.88,38.76,38.81,24948
2026-04-13 12:05:00,38.86,38.94,38.41,38.88,14236
2026-04-13 12:10:00,38.85,38.92,38.81,38.87,5989
2026-04-13 12:15:00,38.89,38.91,38.89,38.89,3515
2026-04-13 12:20:00,38.91,38.95,38.85,38.95,43180
2026-04-13 12:25:00,38.92,38.95,38.84,38.94,2839
2026-04-13 12:30:00,38.92,38.98,38.92,38.98,4002
2026-04-13 12:35:00,38.9,38.99,38.9,38.98,12098
2026-04-13 12:40:00,38.98,38.98,38.98,38.98,125
2026-04-13 12:45:00,38.96,38.98,38.96,38.97,1700
2026-04-13 12:50:00,38.91,38.95,38.91,38.95,1607
2026-04-13 12:55:00,38.95,38.95,38.95,38.95,3613
2026-04-13 13:00:00,38.95,38.96,38.95,38.96,500
2026-04-13 13:05:00,38.93,38.97,38.89,38.91,1379
2026-04-13 13:10:00,38.96,38.98,38.95,38.97,4255
2026-04-13 13:15:00,38.92,39.17,38.92,39,3640
2026-04-13 13:20:00,39,39.1,38.91,39.03,10987
2026-04-13 13:25:00,39.03,39.03,39.03,39.03,100
2026-04-13 13:30:00,39.05,39.1,39.05,39.1,200
2026-04-13 13:35:00,39.27,39.27,39.13,39.13,1955
2026-04-13 13:40:00,39.19,39.3,39.11,39.3,31838
2026-04-13 13:45:00,39.25,39.27,39.11,39.16,20130
2026-04-13 13:50:00,39.22,39.23,39.11,39.23,5551
2026-04-13 13:55:00,39.15,39.19,39.1,39.1,6581
2026-04-13 14:00:00,39.105,39.19,39.105,39.13,4727
2026-04-13 14:05:00,39.19,39.3,39.17,39.23,11793
2026-04-13 14:10:00,39.3,39.36,38.865,39.3,25766
2026-04-13 14:15:00,39.2,39.31,39.2,39.25,3253
2026-04-13 14:20:00,39.24,39.24,39.21,39.24,4145
2026-04-13 14:25:00,39.25,39.25,39.21,39.23,1645
2026-04-13 14:30:00,39.06,39.32,39.02,39.23,6003
2026-04-13 14:35:00,39.15,39.3,39.15,39.21,7745
2026-04-13 14:40:00,39.2,39.2,39.125,39.17,6180
2026-04-13 14:45:00,39.14,39.14,38.81,39.08,58190
2026-04-13 14:50:00,39.01,39.21,38.92,39.09,17897
2026-04-13 14:55:00,39.06,39.27,39.04,39.25,24439
2026-04-13 15:00:00,39.34,39.34,39.155,39.155,74321
2026-04-13 15:05:00,39.17,39.21,39.13,39.13,8160
2026-04-13 15:10:00,39.1,39.15,39.09,39.09,2469
2026-04-13 15:15:00,39.11,39.11,39.07,39.08,1656
2026-04-13 15:20:00,39.09,39.3,38.97,39.07,5564
2026-04-13 15:25:00,39.07,39.25,39.06,39.09,7159
2026-04-13 15:30:00,39.09,39.14,38.96,39.05,36653
2026-04-13 15:35:00,39.07,39.24,39.02,39.07,20640
2026-04-13 15:40:00,39.1,39.415,38.96,39.145,73004
2026-04-13 15:45:00,39.19,39.22,39.13,39.16,7579
2026-04-13 15:50:00,39.175,39.3,39.15,39.23,3038
2026-04-13 15:55:00,39.22,39.22,38.91,39.1,4159
2026-04-13 16:00:00,39.06,39.06,38.9506,38.9506,540
2026-04-14 04:05:00,38.95,38.95,38.95,38.95,100
2026-04-14 04:10:00,38.95,38.95,38.95,38.95,100
2026-04-14 09:30:00,38.5,38.5,38.5,38.5,124
2026-04-14 09:35:00,38.61,38.78,38.56,38.64,2578
2026-04-14 09:40:00,38.73,38.73,38.54,38.61,4638
2026-04-14 09:45:00,38.6,38.62,38.51,38.51,9482
2026-04-14 09:50:00,38.56,38.57,38.4,38.52,3799
2026-04-14 09:55:00,38.53,38.54,38.44,38.5,4919
2026-04-14 10:00:00,38.52,38.64,38.46,38.51,4809
2026-04-14 10:05:00,38.51,38.62,38.51,38.57,2800
2026-04-14 10:10:00,38.87,38.95,38.53,38.95,449
2026-04-14 10:15:00,38.74,39.03,38.57,38.59,12542
2026-04-14 10:20:00,38.64,38.89,38.6,38.65,11235
2026-04-14 10:25:00,38.67,38.75,38.62,38.75,15018
2026-04-14 10:30:00,38.7,39.01,38.66,38.75,17466
2026-04-14 10:35:00,38.75,38.84,38.69,38.76,7935
2026-04-14 10:40:00,38.755,38.85,38.66,38.71,30814
2026-04-14 10:45:00,38.7,38.76,38.48,38.74,5641
2026-04-14 10:50:00,38.7,38.71,38.66,38.67,12217
2026-04-14 10:55:00,38.65,38.68,38.65,38.65,3891
2026-04-14 11:00:00,38.67,38.67,38.61,38.61,10858
2026-04-14 11:05:00,38.62,38.62,38.54,38.54,4148
2026-04-14 11:10:00,38.56,38.59,38.56,38.59,1020
2026-04-14 11:15:00,38.61,38.61,38.51,38.55,4159
2026-04-14 11:20:00,38.56,38.58,38.53,38.58,4577
2026-04-14 11:25:00,38.55,38.6,38.55,38.58,10491
2026-04-14 11:30:00,38.495,38.495,38.495,38.495,200
2026-04-14 11:35:00,38.63,38.63,38.59,38.6,3614
2026-04-14 11:40:00,38.64,38.64,38.57,38.57,8718
2026-04-14 11:45:00,38.58,38.62,38.45,38.62,6325
2026-04-14 11:50:00,38.6,38.65,38.58,38.6,1898
2026-04-14 12:00:00,38.58,38.59,38.56,38.59,325
2026-04-14 12:10:00,38.45,38.59,38.45,38.58,1044
2026-04-14 12:15:00,38.56,38.56,38.56,38.56,200
2026-04-14 12:20:00,38.59,38.6,38.52,38.6,7012
2026-04-14 12:25:00,38.61,38.62,38.57,38.61,9396
2026-04-14 12:30:00,38.59,38.59,38.59,38.59,100
2026-04-14 12:35:00,38.61,38.61,38.57,38.57,1335
2026-04-14 12:40:00,38.57,38.59,38.52,38.55,5994
2026-04-14 12:45:00,38.51,38.51,38.51,38.51,200
2026-04-14 12:50:00,38.55,38.55,38.55,38.55,1817
2026-04-14 13:00:00,38.53,38.56,38.49,38.49,600
2026-04-14 13:05:00,38.5,38.52,38.5,38.52,1613
2026-04-14 13:10:00,38.53,38.53,38.52,38.53,2894
2026-04-14 13:15:00,38.54,38.54,38.53,38.53,1600
2026-04-14 13:20:00,38.57,38.59,38.54,38.59,3781
2026-04-14 13:25:00,38.55,38.6,38.55,38.59,9517
2026-04-14 13:30:00,38.52,38.52,38.52,38.52,115
2026-04-14 13:35:00,38.6,38.6,38.6,38.6,125
2026-04-14 13:45:00,38.55,38.55,38.55,38.55,125
2026-04-14 14:10:00,38.31,38.65,38.31,38.495,800
2026-04-14 14:15:00,38.55,38.55,38.55,38.55,100
2026-04-14 14:35:00,38.52,38.6999,38.4001,38.55,1294
2026-04-14 14:40:00,38.55,38.59,38.52,38.59,2200
2026-04-14 14:45:00,38.57,38.57,38.57,38.57,200
2026-04-14 14:55:00,38.59,38.61,38.5,38.5,13360
2026-04-14 15:00:00,38.55,38.85,38.55,38.82,21424
2026-04-14 15:05:00,38.72,38.73,38.71,38.73,725
2026-04-14 15:10:00,38.7,38.7,38.65,38.66,8569
2026-04-14 15:15:00,38.64,38.66,38.64,38.64,2523
2026-04-14 15:20:00,38.62,38.7,38.59,38.65,13481
2026-04-14 15:25:00,38.63,38.63,38.62,38.62,658
2026-04-14 15:30:00,38.6,38.64,38.56,38.56,2903
2026-04-14 15:35:00,38.56,38.6,38.55,38.56,15120
2026-04-14 15:40:00,38.61,38.61,38.58,38.58,1395
2026-04-14 15:45:00,38.6,38.62,38.6,38.62,900
2026-04-14 15:50:00,38.6,38.61,38.54,38.54,3375
2026-04-14 15:55:00,38.55,38.7,38.42,38.5,5008
2026-04-14 16:00:00,38.54,38.54,38.53,38.53,200
2026-04-15 04:20:00,38.53,38.53,38.53,38.53,200
2026-04-15 09:30:00,38.04,38.6,38.04,38.48,638
2026-04-15 09:35:00,38.18,38.44,38.18,38.44,300
2026-04-15 09:40:00,38.41,38.48,38.23,38.29,662
2026-04-15 09:45:00,38.44,38.77,38.08,38.2,7397
2026-04-15 09:50:00,38.38,38.62,38.32,38.39,13045
2026-04-15 09:55:00,38.38,38.39,38.27,38.36,1500
2026-04-15 10:00:00,38.39,38.39,38.28,38.36,6023
2026-04-15 10:05:00,38.34,38.38,38.25,38.26,9730
2026-04-15 10:10:00,38.25,38.52,38.11,38.26,26871
2026-04-15 10:15:00,38.29,38.77,38.22,38.33,12198
2026-04-15 10:20:00,38.27,38.36,38.27,38.35,17501
2026-04-15 10:25:00,38.3,38.7,38.24,38.3001,30934
2026-04-15 10:30:00,38.32,38.32,38.3,38.3,2400
2026-04-15 10:35:00,38.32,38.32,38.3,38.32,9850
2026-04-15 10:40:00,38.32,38.34,38.24,38.33,47523
2026-04-15 10:45:00,38.36,38.36,38.31,38.31,13987
2026-04-15 10:50:00,38.32,38.365,38.32,38.365,16782
2026-04-15 11:00:00,38.32,38.32,38.26,38.26,380
2026-04-15 11:05:00,38.28,38.3,38.24,38.25,20702
2026-04-15 11:10:00,38.29,38.3,38.28,38.28,12906
2026-04-15 11:15:00,38.29,38.29,38.29,38.29,100
2026-04-15 11:20:00,38.3,38.3,38.2,38.22,6507
2026-04-15 11:25:00,38.22,38.23,38.2,38.2,16298
2026-04-15 11:30:00,38.25,38.285,38.22,38.23,11314
2026-04-15 11:35:00,38.23,38.25,38.17,38.22,3870
2026-04-15 11:40:00,38.25,38.33,38.22,38.3,20196
2026-04-15 11:45:00,38.05,38.3,38.05,38.29,18287
2026-04-15 11:55:00,38.24,38.25,38.185,38.24,2184
2026-04-15 12:00:00,38.21,38.23,38.17,38.17,9814
2026-04-15 12:05:00,38.18,38.24,38.17,38.21,10435
2026-04-15 12:10:00,38.16,38.25,38.16,38.2,8427
2026-04-15 12:15:00,38.235,38.25,38.16,38.22,3946
2026-04-15 12:20:00,38.21,38.39,38.2,38.33,32193
2026-04-15 12:25:00,38.33,38.44,38.33,38.43,26213
2026-04-15 12:30:00,38.41,38.48,38.4,38.45,18691
2026-04-15 12:35:00,38.45,38.46,38.37,38.43,4947
2026-04-15 12:40:00,38.47,38.49,38.34,38.38,61278
2026-04-15 12:45:00,38.39,38.39,38.33,38.33,694
2026-04-15 12:50:00,38.42,38.42,38.3,38.37,36680
2026-04-15 12:55:00,38.39,38.4,38.33,38.37,7931
2026-04-15 13:00:00,38.35,38.41,38.34,38.4,1080
2026-04-15 13:05:00,38.35,38.46,38.34,38.39,1395
2026-04-15 13:10:00,38.34,38.4,38.33,38.33,3114
2026-04-15 13:15:00,38.33,38.4,38.27,38.32,5452
2026-04-15 13:20:00,38.31,38.47,38.23,38.34,18741
2026-04-15 13:25:00,38.33,38.39,38.24,38.365,4354
2026-04-15 13:30:00,38.4,38.41,38.27,38.27,17215
2026-04-15 13:35:00,38.31,38.38,38.26,38.31,9425
2026-04-15 13:40:00,38.31,38.35,38.22,38.32,5819
2026-04-15 13:45:00,38.3,38.39,38.28,38.29,13330
2026-04-15 13:50:00,38.36,38.39,38.3,38.33,4618
2026-04-15 13:55:00,38.41,38.41,38.29,38.3,1476
2026-04-15 14:00:00,38.28,38.35,38.23,38.31,12982
2026-04-15 14:05:00,38.23,38.26,38.2,38.2,12081
2026-04-15 14:10:00,38.27,38.28,38.2,38.26,5813
2026-04-15 14:15:00,38.26,38.27,38.26,38.27,2627
2026-04-15 14:20:00,38.27,38.3,38.22,38.24,18144
2026-04-15 14:25:00,38.2,38.28,38.2,38.24,5805
2026-04-15 14:30:00,38.26,38.33,38.25,38.25,6108
2026-04-15 14:35:00,38.3,38.37,38.29,38.29,960
2026-04-15 14:40:00,38.32,38.32,38.28,38.28,423
2026-04-15 14:45:00,38.32,38.4,38.32,38.4,2217
2026-04-15 14:50:00,38.41,38.45,38.41,38.44,2338
2026-04-15 14:55:00,38.42,38.43,38.35,38.38,9035
2026-04-15 15:00:00,38.35,38.35,38.31,38.33,15793
2026-04-15 15:10:00,38.37,38.37,38.37,38.37,100
2026-04-15 15:15:00,38.37,38.37,38.37,38.37,640
2026-04-15 15:20:00,38.34,38.38,38.31,38.36,8663
2026-04-15 15:25:00,38.37,38.37,38.33,38.33,1387
2026-04-15 15:30:00,38.33,38.34,38.285,38.34,6386
2026-04-15 15:35:00,38.31,38.35,38.28,38.35,7541
2026-04-15 15:40:00,38.34,38.34,38.32,38.32,529
2026-04-15 15:45:00,38.29,38.29,38.29,38.29,2605
2026-04-15 15:50:00,38.34,38.34,38.27,38.27,2144
2026-04-15 15:55:00,38.33,38.45,37.9,38.45,4459
2026-04-15 16:00:00,38.38,38.39,38.38,38.39,200
2026-04-16 04:00:00,38.39,38.39,38.39,38.39,200
2026-04-16 09:30:00,38.09,38.38,38.09,38.38,1462
2026-04-16 09:35:00,38.32,38.33,38.32,38.33,2398
2026-04-16 09:40:00,38.37,38.48,38.325,38.45,14444
2026-04-16 09:45:00,38.42,38.42,38.35,38.41,8225
2026-04-16 09:50:00,38.35,38.35,38.29,38.31,5267
2026-04-16 09:55:00,38.3,38.3,38.2,38.24,3368
2026-04-16 10:00:00,38.22,38.39,38.22,38.39,15340
2026-04-16 10:05:00,38.31,38.31,38.28,38.2801,1162
2026-04-16 10:10:00,38.31,38.36,38.28,38.28,6084
2026-04-16 10:15:00,38.28,38.35,38.27,38.35,11537
2026-04-16 10:20:00,38.225,38.225,38.225,38.225,100
2026-04-16 10:25:00,38.2,38.21,38.2,38.21,1200
2026-04-16 10:35:00,38.11,38.11,38.11,38.11,100
2026-04-16 10:40:00,38.13,38.14,38.01,38.01,3828
2026-04-16 10:45:00,38.05,38.15,38.05,38.14,13533
2026-04-16 10:50:00,38.08,38.14,37.96,38.14,11309
2026-04-16 10:55:00,38.12,38.12,38.08,38.09,2300
2026-04-16 11:00:00,38.09,38.14,38.04,38.08,19310
2026-04-16 11:05:00,38.09,38.11,38.08,38.11,1578
2026-04-16 11:10:00,38.1,38.15,38.1,38.15,3573
2026-04-16 11:15:00,38.11,38.11,38.08,38.08,1258
2026-04-16 11:20:00,38.11,38.11,38.11,38.11,3241
2026-04-16 11:25:00,38.07,38.1,38.07,38.08,4394
2026-04-16 11:30:00,38.1,38.1,38.1,38.1,4994
2026-04-16 11:35:00,38.04,38.04,37.8,37.8,10938
2026-04-16 11:40:00,37.96,38,37.92,38,24518
2026-04-16 11:45:00,37.97,38.02,37.89,37.94,10470
2026-04-16 11:50:00,37.92,38.01,37.885,38,7869
2026-04-16 12:00:00,37.99,38,37.94,37.94,3138
2026-04-16 12:05:00,37.95,38.01,37.95,37.98,5394
2026-04-16 12:10:00,37.93,37.97,37.93,37.94,12859
2026-04-16 12:15:00,37.99,37.99,37.95,37.98,5421
2026-04-16 12:20:00,37.98,37.98,37.92,37.92,19096
2026-04-16 12:25:00,37.96,37.99,37.96,37.99,3770
2026-04-16 12:30:00,37.95,38,37.86,37.86,16830
2026-04-16 12:35:00,37.88,37.89,37.85,37.88,17010
2026-04-16 12:40:00,37.93,37.93,37.8,37.85,8390
2026-04-16 12:45:00,37.89,37.89,37.84,37.86,5143
2026-04-16 12:50:00,37.84,37.91,37.8,37.82,7916
2026-04-16 12:55:00,37.8,37.85,37.685,37.83,4384
2026-04-16 13:00:00,37.83,37.83,37.77,37.83,15896
2026-04-16 13:05:00,37.83,37.83,37.65,37.65,43988
2026-04-16 13:10:00,37.67,37.71,37.61,37.68,28389
2026-04-16 13:15:00,37.66,37.66,37.6,37.6,14511
2026-04-16 13:20:00,37.6,37.66,37.58,37.66,30629
2026-04-16 13:25:00,37.68,37.68,37.64,37.64,5565
2026-04-16 13:30:00,37.6,37.73,37.6,37.7,2784
2026-04-16 13:35:00,37.71,37.71,37.7,37.71,15032
2026-04-16 13:40:00,37.7,37.73,37.68,37.68,6913
2026-04-16 13:45:00,37.74,37.78,37.66,37.7,10730
2026-04-16 13:50:00,37.74,37.75,37.7,37.71,15173
2026-04-16 13:55:00,37.68,37.74,37.68,37.74,9255
2026-04-16 14:00:00,37.73,37.75,37.68,37.7,13977
2026-04-16 14:05:00,37.73,37.78,37.71,37.78,2918
2026-04-16 14:10:00,37.8,37.86,37.8,37.85,19010
2026-04-16 14:15:00,37.79,37.83,37.76,37.79,2184
2026-04-16 14:20:00,37.78,37.79,37.75,37.75,2070
2026-04-16 14:25:00,37.77,37.77,37.76,37.76,1299
2026-04-16 14:30:00,37.73,37.75,37.72,37.75,14121
2026-04-16 14:35:00,37.73,37.75,37.73,37.75,1688
2026-04-16 14:40:00,37.75,37.7599,37.74,37.74,555
2026-04-16 14:45:00,37.79,37.79,37.79,37.79,587
2026-04-16 14:50:00,37.78,37.78,37.74,37.76,4963
2026-04-16 14:55:00,37.81,37.81,37.79,37.8,3819
2026-04-16 15:00:00,37.8,37.82,37.8,37.82,3392
2026-04-16 15:05:00,37.81,37.81,37.81,37.81,1480
2026-04-16 15:10:00,37.81,37.81,37.79,37.79,5298
2026-04-16 15:15:00,37.79,37.81,37.745,37.78,11298
2026-04-16 15:20:00,37.8,37.8,37.8,37.8,371
2026-04-16 15:25:00,37.8,37.8,37.8,37.8,900
2026-04-16 15:30:00,37.78,37.78,37.78,37.78,200
2026-04-16 15:35:00,37.79,37.8,37.78,37.8,1790
2026-04-16 15:40:00,37.8,37.84,37.8,37.84,1931
2026-04-16 15:45:00,37.8,37.82,37.79,37.79,8797
2026-04-16 15:50:00,37.83,37.84,37.81,37.8348,2892
2026-04-16 15:55:00,37.94,38.01,37.78,38.01,3355
2026-04-17 04:05:00,38.01,38.01,38.01,38.01,200
2026-04-17 09:30:00,38.24,38.36,38.08,38.18,1198
2026-04-17 09:35:00,38.27,38.27,38.27,38.27,200
2026-04-17 09:40:00,38.24,38.2694,38.1,38.15,22662
2026-04-17 09:45:00,38.12,38.2,38.12,38.2,1384
2026-04-17 09:50:00,38.14,38.22,38.13,38.18,17794
2026-04-17 09:55:00,38.18,38.26,38.15,38.16,8012
2026-04-17 10:00:00,38.2,38.22,38.18,38.19,5305
2026-04-17 10:05:00,38.22,38.32,38.22,38.32,2073
2026-04-17 10:10:00,38.35,38.35,38.26,38.28,18958
2026-04-17 10:15:00,38.33,38.35,38.265,38.32,41177
2026-04-17 10:20:00,38.31,38.35,38.31,38.31,3303
2026-04-17 10:25:00,38.29,38.33,38.29,38.295,9048
2026-04-17 10:30:00,38.29,38.32,38.285,38.285,4148
2026-04-17 10:35:00,38.27,38.27,38.27,38.27,200
2026-04-17 10:40:00,38.155,38.19,38.155,38.19,2596
2026-04-17 10:45:00,38.21,38.21,38.2,38.2,468
2026-04-17 10:50:00,38.17,38.26,38.17,38.24,4516
2026-04-17 10:55:00,38.23,38.23,38.23,38.23,594
2026-04-17 11:00:00,38.195,38.195,38.095,38.095,700
2026-04-17 11:05:00,38.14,38.14,38.1,38.12,1465
2026-04-17 11:10:00,38.11,38.11,37.94,38,21365
2026-04-17 11:15:00,37.97,38.05,37.97,38.05,26645
2026-04-17 11:20:00,38.01,38.09,38.01,38.09,3202
2026-04-17 11:25:00,38.06,38.09,38.06,38.09,13838
2026-04-17 11:30:00,38.08,38.08,38.08,38.08,2847
2026-04-17 11:35:00,38.07,38.08,38.07,38.08,1630
2026-04-17 11:40:00,38.05,38.06,38.04,38.05,6373
2026-04-17 11:45:00,38.06,38.06,38.05,38.05,200
2026-04-17 11:50:00,38.04,38.1,38.01,38.05,2201
2026-04-17 11:55:00,38.02,38.03,37.63,37.94,9143
2026-04-17 12:00:00,37.93,38.03,37.93,38.03,2379
2026-04-17 12:05:00,37.93,37.98,37.93,37.98,1244
2026-04-17 12:10:00,37.98,38,37.89,37.89,4052
2026-04-17 12:20:00,37.94,37.96,37.94,37.96,652
2026-04-17 12:25:00,37.97,37.97,37.97,37.97,362
2026-04-17 12:30:00,37.9799,37.9799,37.9799,37.9799,165
2026-04-17 12:35:00,37.91,37.92,37.91,37.92,453
2026-04-17 12:40:00,37.85,37.92,37.85,37.92,5091
2026-04-17 12:45:00,37.86,38.04,37.82,37.95,6592
2026-04-17 12:50:00,37.97,38.12,37.95,38.08,22229
2026-04-17 12:55:00,38.04,38.05,38.01,38.01,988
2026-04-17 13:00:00,38.045,38.08,37.75,37.94,4663
2026-04-17 13:05:00,37.95,37.95,37.85,37.91,3574
2026-04-17 13:10:00,37.81,37.85,37.63,37.63,400
2026-04-17 13:15:00,37.795,37.81,37.795,37.795,1812
2026-04-17 13:20:00,37.795,37.805,37.76,37.79,6852
2026-04-17 13:25:00,37.76,37.855,37.74,37.845,17392
2026-04-17 13:30:00,37.81,37.84,37.78,37.83,24065
2026-04-17 13:35:00,37.83,37.83,37.82,37.83,14140
2026-04-17 13:40:00,37.81,37.845,37.8,37.835,17596
2026-04-17 13:45:00,37.8399,37.84,37.81,37.81,14012
2026-04-17 13:50:00,37.88,37.88,37.76,37.87,11409
2026-04-17 13:55:00,37.88,37.9,37.83,37.9,27428
2026-04-17 14:00:00,37.9,37.91,37.9,37.9,5068
2026-04-17 14:10:00,37.91,37.93,37.89,37.89,7613
2026-04-17 14:15:00,37.93,37.93,37.93,37.93,3192
2026-04-17 14:20:00,37.95,37.97,37.94,37.97,6984
2026-04-17 14:25:00,37.99,38.065,37.97,38.01,7041
2026-04-17 14:30:00,38.03,38.05,38.03,38.05,2872
2026-04-17 14:35:00,38.01,38.02,38.01,38.01,1897
2026-04-17 14:50:00,38.01,38.07,38.01,38.03,2633
2026-04-17 14:55:00,38.02,38.03,38.01,38.01,1370
2026-04-17 15:10:00,38.18,38.19,38.1,38.14,13882
2026-04-17 15:15:00,38.14,38.18,38.13,38.14,29599
2026-04-17 15:20:00,38.14,38.15,38.12,38.15,2221
2026-04-17 15:30:00,38.11,38.11,38.11,38.11,100
2026-04-17 15:50:00,38.13,38.1395,38.13,38.1395,220
2026-04-17 15:55:00,38.19,38.2,38.16,38.16,1473
2026-04-20 04:00:00,38.14,38.14,38.14,38.14,200
2026-04-20 09:30:00,38.94,38.94,38.68,38.68,400
2026-04-20 09:35:00,38.24,38.6,38.19,38.19,870
2026-04-20 09:40:00,38.31,38.56,38.11,38.38,5300
2026-04-20 09:45:00,38.45,38.545,38.41,38.48,20096
2026-04-20 09:50:00,38.57,38.67,38.51,38.66,29817
2026-04-20 09:55:00,38.55,38.64,38.45,38.52,13578
2026-04-20 10:00:00,38.54,38.55,38.54,38.55,4148
2026-04-20 10:05:00,38.12,38.49,38.12,38.4,13015
2026-04-20 10:10:00,38.41,38.41,38.25,38.29,7861
2026-04-20 10:15:00,38.27,38.32,38.1,38.24,5998
2026-04-20 10:20:00,38.28,38.31,38.26,38.26,3782
2026-04-20 10:25:00,38.3,38.4,38.28,38.33,20095
2026-04-20 10:30:00,38.37,38.41,38.37,38.41,1075
2026-04-20 10:35:00,38.41,38.48,38.33,38.34,15365
2026-04-20 10:40:00,38.34,38.34,38.33,38.33,1712
2026-04-20 10:45:00,38.35,38.37,38.32,38.32,1637
2026-04-20 10:50:00,38.43,38.47,38.35,38.39,23548
2026-04-20 10:55:00,38.37,38.4,38.35,38.39,10679
2026-04-20 11:00:00,38.38,38.53,38.38,38.53,8707
2026-04-20 11:05:00,38.45,38.46,38.42,38.46,1108
2026-04-20 11:10:00,38.46,38.495,38.46,38.46,600
2026-04-20 11:15:00,38.46,38.46,38.38,38.4348,14580
2026-04-20 11:20:00,38.41,38.41,38.41,38.41,200
2026-04-20 11:25:00,38.44,38.58,38.44,38.49,2844
2026-04-20 11:30:00,38.5,38.52,38.48,38.4801,7234
2026-04-20 11:35:00,38.46,38.46,38.3216,38.42,9842
2026-04-20 11:50:00,38.44,38.44,38.44,38.44,994
2026-04-20 11:55:00,38.46,38.46,38.45,38.45,1350
2026-04-20 12:05:00,38.45,38.45,38.42,38.42,300
2026-04-20 12:10:00,38.58,38.58,38.31,38.39,6187
2026-04-20 12:15:00,38.39,38.4,38.31,38.36,27478
2026-04-20 12:20:00,38.36,38.42,38.36,38.41,20369
2026-04-20 12:25:00,38.37,38.43,38.36,38.43,6760
2026-04-20 12:30:00,38.41,38.48,38.41,38.48,2130
2026-04-20 12:35:00,38.43,38.47,38.43,38.47,12552
2026-04-20 12:40:00,38.4,38.4,38.4,38.4,1821
2026-04-20 12:45:00,38.44,38.44,38.39,38.42,5650
2026-04-20 12:50:00,38.42,38.49,38.42,38.49,5888
2026-04-20 13:00:00,38.42,38.455,38.42,38.42,845
2026-04-20 13:05:00,38.435,38.435,38.41,38.42,6753
2026-04-20 13:10:00,38.43,38.47,38.43,38.45,3252
2026-04-20 13:20:00,38.47,38.47,38.41,38.42,3396
2026-04-20 13:25:00,38.44,38.45,38.39,38.45,6762
2026-04-20 13:30:00,38.39,38.42,38.36,38.42,4491
2026-04-20 13:35:00,38.415,38.45,38.39,38.41,7305
2026-04-20 13:40:00,38.42,38.46,38.42,38.44,6792
2026-04-20 13:45:00,38.41,38.47,38.41,38.42,3075
2026-04-20 13:50:00,38.42,38.42,38.4,38.4,626
2026-04-20 13:55:00,38.36,38.39,38.36,38.37,483
2026-04-20 14:00:00,38.38,38.42,38.37,38.37,9282
2026-04-20 14:05:00,38.395,38.4,38.37,38.38,7455
2026-04-20 14:10:00,38.38,38.38,38.33,38.36,933
2026-04-20 14:15:00,38.36,38.39,38.36,38.38,6635
2026-04-20 14:20:00,38.35,38.35,38.34,38.34,1004
2026-04-20 14:25:00,38.33,38.41,38.33,38.38,18295
2026-04-20 14:30:00,38.39,38.39,38.39,38.39,5377
2026-04-20 14:35:00,38.31,38.39,38.31,38.38,798
2026-04-20 14:40:00,38.37,38.41,38.36,38.395,3955
2026-04-20 14:45:00,38.39,38.4,38.39,38.39,2792
2026-04-20 14:50:00,38.36,38.4,38.32,38.38,1125
2026-04-20 14:55:00,38.38,38.465,38.38,38.45,3499
2026-04-20 15:00:00,38.42,38.45,38.42,38.43,6560
2026-04-20 15:05:00,38.42,38.43,38.42,38.43,5844
2026-04-20 15:15:00,38.42,38.42,38.42,38.42,100
2026-04-20 15:40:00,38.4,38.42,38.33,38.39,36771
2026-04-20 15:45:00,38.37,38.39,38.31,38.34,45917
2026-04-20 15:50:00,38.35,38.38,38.35,38.38,6030
2026-04-20 15:55:00,38.445,38.5,38.42,38.48,5315
2026-04-21 09:30:00,38.91,38.91,38.91,38.91,142
2026-04-21 09:35:00,38.33,38.58,38.33,38.49,1000
2026-04-21 09:40:00,38.49,38.67,38.46,38.48,7398
2026-04-21 09:45:00,38.5,38.6,38.485,38.57,20603
2026-04-21 09:50:00,38.58,38.58,38.57,38.57,544
2026-04-21 09:55:00,38.57,38.63,38.55,38.57,4921
2026-04-21 10:00:00,38.59,38.59,38.53,38.59,15584
2026-04-21 10:05:00,38.56,38.58,38.56,38.56,5070
2026-04-21 10:10:00,38.57,38.6,38.55,38.56,15108
2026-04-21 10:15:00,38.58,38.59,38.56,38.56,2105
2026-04-21 10:20:00,38.6,38.6,38.53,38.53,7398
2026-04-21 10:25:00,38.57,38.58,38.29,38.29,15922
2026-04-21 10:30:00,38.47,38.54,38.39,38.44,8095
2026-04-21 10:35:00,38.39,38.5,38.38,38.39,13431
2026-04-21 10:40:00,38.38,38.4,38.32,38.32,19130
2026-04-21 10:45:00,38.31,38.32,38.14,38.31,3354
2026-04-21 10:50:00,38.31,38.35,38.24,38.25,11977
2026-04-21 10:55:00,38.25,38.25,38.25,38.25,400
2026-04-21 11:00:00,38.24,38.24,38.21,38.21,586
2026-04-21 11:05:00,38.22,38.28,38.21,38.28,13619
2026-04-21 11:20:00,38.26,38.26,38.26,38.26,100
2026-04-21 11:25:00,38.25,38.28,38.25,38.28,810
2026-04-21 11:40:00,38.29,38.39,38.29,38.39,559
2026-04-21 11:45:00,38.35,38.43,38.35,38.42,5068
2026-04-21 11:50:00,38.44,38.74,38.44,38.58,16835
2026-04-21 11:55:00,38.5,38.67,38.47,38.54,27449
2026-04-21 12:00:00,38.56,38.58,38.47,38.47,2046
2026-04-21 12:05:00,38.57,38.57,38.56,38.57,5196
2026-04-21 12:10:00,38.54,38.62,38.54,38.6,400
2026-04-21 12:15:00,38.56,38.62,38.56,38.56,300
2026-04-21 12:25:00,38.52,38.52,38.47,38.48,6614
2026-04-21 12:30:00,38.53,38.54,38.49,38.53,6689
2026-04-21 12:35:00,38.54,38.59,38.52,38.57,9632
2026-04-21 12:40:00,38.52,38.6,38.5,38.55,16089
2026-04-21 12:45:00,38.64,38.66,38.56,38.6501,21781
2026-04-21 12:50:00,38.67,38.67,38.58,38.58,8249
2026-04-21 12:55:00,38.59,38.63,38.55,38.55,15709
2026-04-21 13:00:00,38.56,38.605,38.54,38.6,30775
2026-04-21 13:05:00,38.56,38.56,38.49,38.53,8897
2026-04-21 13:10:00,38.55,38.55,38.46,38.48,12142
2026-04-21 13:15:00,38.51,38.54,38.47,38.52,9278
2026-04-21 13:20:00,38.52,38.55,38.49,38.49,2447
2026-04-21 13:25:00,38.51,38.53,38.51,38.53,1457
2026-04-21 13:30:00,38.56,38.56,38.52,38.53,5236
2026-04-21 13:35:00,38.71,38.71,38.62,38.62,488
2026-04-21 13:45:00,38.78,38.78,38.65,38.66,17286
2026-04-21 13:50:00,38.71,38.75,38.71,38.73,22715
2026-04-21 13:55:00,38.69,38.7,38.64,38.64,27083
2026-04-21 14:00:00,38.75,38.75,38.63,38.64,21225
2026-04-21 14:05:00,38.63,38.68,38.6,38.63,17491
2026-04-21 14:10:00,38.66,38.66,38.62,38.62,2857
2026-04-21 14:15:00,38.63,38.66,38.61,38.62,1975
2026-04-21 14:20:00,38.6,38.64,38.6,38.64,7944
2026-04-21 14:25:00,38.61,38.62,38.61,38.61,4589
2026-04-21 14:30:00,38.61,38.68,38.61,38.68,4415
2026-04-21 14:35:00,38.68,38.69,38.68,38.69,2000
2026-04-21 14:45:00,38.66,38.66,38.62,38.65,3286
2026-04-21 14:50:00,38.69,38.69,38.68,38.69,2000
2026-04-21 14:55:00,38.69,38.72,38.67,38.72,15732
2026-04-21 15:00:00,38.7,38.78,38.7,38.7299,23081
2026-04-21 15:05:00,38.73,38.76,38.73,38.76,1216
2026-04-21 15:10:00,38.76,38.77,38.69,38.73,8515
2026-04-21 15:15:00,38.765,38.8,38.67,38.79,38211
2026-04-21 15:20:00,38.77,38.89,38.705,38.89,18696
2026-04-21 15:25:00,38.9,39.01,38.665,38.97,28829
2026-04-21 15:30:00,38.96,38.96,38.9,38.9,10073
2026-04-21 15:35:00,38.89,38.92,38.83,38.84,7228
2026-04-21 15:40:00,38.87,38.88,38.7,38.7,3438
2026-04-21 15:45:00,38.75,38.76,38.74,38.74,3677
2026-04-21 15:50:00,38.75,38.76,38.7,38.7,12858
2026-04-21 15:55:00,38.67,38.67,38.67,38.67,100