2026-03-23 07:30:00,58.92,58.92,58.92,58.92,700
2026-03-23 09:30:00,58.5,58.5,58.45,58.45,960
2026-03-23 09:35:00,58.235,58.4599,58.235,58.4599,10353
2026-03-23 09:40:00,58.43,58.61,58.43,58.61,500
2026-03-23 09:45:00,58.5,58.5719,58.47,58.5719,400
2026-03-23 09:55:00,58.83,58.83,58.78,58.78,510
2026-03-23 10:00:00,58.93,59.03,58.88,58.88,2370
2026-03-23 10:05:00,58.86,58.89,58.86,58.87,400
2026-03-23 10:10:00,58.87,58.92,58.83,58.83,1750
2026-03-23 10:15:00,58.86,58.91,58.86,58.865,4746
2026-03-23 10:20:00,58.88,59.01,58.855,59.01,2951
2026-03-23 10:25:00,58.95,58.95,58.9,58.9,300
2026-03-23 10:30:00,58.8397,58.87,58.8397,58.87,593
2026-03-23 10:35:00,58.895,58.895,58.81,58.81,300
2026-03-23 10:40:00,58.835,58.87,58.835,58.87,1140
2026-03-23 10:45:00,58.835,59,58.835,58.98,1092
2026-03-23 10:50:00,58.985,58.985,58.96,58.96,2330
2026-03-23 10:55:00,58.98,59.015,58.98,59.01,850
2026-03-23 11:00:00,59.02,59.05,59.02,59.05,279
2026-03-23 11:05:00,59.1,59.135,59.1,59.135,696
2026-03-23 11:10:00,59.1,59.1,59.1,59.1,300
2026-03-23 11:15:00,59.1,59.11,59.04,59.04,1548
2026-03-23 11:20:00,59.02,59.105,59.02,59.105,200
2026-03-23 11:25:00,59.1,59.1,59.05,59.05,406
2026-03-23 11:30:00,58.99,59.02,58.95,58.95,1100
2026-03-23 11:35:00,58.92,58.92,58.84,58.84,703
2026-03-23 11:40:00,58.8,58.85,58.8,58.85,200
2026-03-23 11:45:00,58.79,58.795,58.73,58.73,556
2026-03-23 11:50:00,58.78,58.78,58.65,58.65,805
2026-03-23 11:55:00,58.58,58.58,58.53,58.53,200
2026-03-23 12:00:00,58.52,58.53,58.52,58.53,388
2026-03-23 12:05:00,58.525,58.525,58.525,58.525,551
2026-03-23 12:10:00,58.54,58.54,58.53,58.53,300
2026-03-23 12:15:00,58.47,58.48,58.46,58.46,313
2026-03-23 12:20:00,58.4,58.43,58.4,58.42,900
2026-03-23 12:25:00,58.33,58.355,58.2933,58.2933,484
2026-03-23 12:30:00,58.32,58.39,58.32,58.39,200
2026-03-23 12:35:00,58.395,58.44,58.395,58.405,653
2026-03-23 12:40:00,58.4,58.41,58.39,58.39,914
2026-03-23 12:50:00,58.41,58.41,58.41,58.41,200
2026-03-23 12:55:00,58.39,58.41,58.35,58.35,1000
2026-03-23 13:00:00,58.41,58.41,58.36,58.36,300
2026-03-23 13:05:00,58.34,58.44,58.34,58.44,2359
2026-03-23 13:10:00,58.46,58.47,58.44,58.44,1828
2026-03-23 13:15:00,58.39,58.39,58.39,58.39,512
2026-03-23 13:20:00,58.34,58.34,58.3,58.3,300
2026-03-23 13:30:00,58.45,58.53,58.42,58.53,3675
2026-03-23 13:35:00,58.625,58.625,58.625,58.625,150
2026-03-23 13:40:00,58.58,58.58,58.56,58.56,200
2026-03-23 13:45:00,58.48,58.48,58.48,58.48,100
2026-03-23 13:50:00,58.55,58.59,58.55,58.59,200
2026-03-23 13:55:00,58.64,58.64,58.64,58.64,100
2026-03-23 14:00:00,58.6,58.62,58.59,58.61,15886
2026-03-23 14:05:00,58.61,58.62,58.54,58.55,2850
2026-03-23 14:15:00,58.53,58.53,58.52,58.52,200
2026-03-23 14:20:00,58.51,58.52,58.51,58.52,418
2026-03-23 14:25:00,58.52,58.52,58.51,58.51,11914
2026-03-23 14:30:00,58.55,58.64,58.55,58.64,600
2026-03-23 14:35:00,58.67,58.68,58.63,58.63,500
2026-03-23 14:40:00,58.67,58.67,58.67,58.67,100
2026-03-23 14:45:00,58.6256,58.6256,58.6256,58.6256,648
2026-03-23 14:50:00,58.67,58.67,58.66,58.66,500
2026-03-23 14:55:00,58.63,58.63,58.63,58.63,1706
2026-03-23 15:00:00,58.61,58.62,58.61,58.62,500
2026-03-23 15:05:00,58.59,58.59,58.565,58.565,300
2026-03-23 15:10:00,58.56,58.56,58.51,58.51,400
2026-03-23 15:15:00,58.46,58.46,58.46,58.46,100
2026-03-23 15:20:00,58.435,58.435,58.42,58.42,1443
2026-03-23 15:25:00,58.415,58.415,58.4,58.4,200
2026-03-23 15:30:00,58.36,58.36,58.35,58.35,300
2026-03-23 15:35:00,58.36,58.36,58.34,58.34,1100
2026-03-23 15:40:00,58.355,58.37,58.32,58.33,2353
2026-03-23 15:45:00,58.35,58.36,58.2901,58.2901,1966
2026-03-23 15:50:00,58.29,58.3,58.2,58.2,4050
2026-03-23 15:55:00,58.18,58.18,58.035,58.05,11188
2026-03-23 16:00:00,58.04,58.04,58.04,58.04,146
2026-03-24 09:35:00,57.56,57.56,57.52,57.52,400
2026-03-24 09:40:00,57.51,57.51,57.43,57.43,300
2026-03-24 10:00:00,57.61,57.63,57.61,57.63,600
2026-03-24 10:05:00,57.7,57.7,57.645,57.645,2308
2026-03-24 10:10:00,57.805,57.805,57.745,57.78,655
2026-03-24 10:20:00,57.9,57.9788,57.895,57.94,1484
2026-03-24 10:25:00,57.98,58.02,57.975,58.02,999
2026-03-24 10:40:00,57.92,57.92,57.92,57.92,100
2026-03-24 10:45:00,57.99,57.99,57.99,57.99,150
2026-03-24 10:50:00,57.93,58.24,57.92,58.24,400
2026-03-24 10:55:00,58.3,58.3,58.25,58.25,200
2026-03-24 11:15:00,58.28,58.28,58.28,58.28,100
2026-03-24 11:35:00,58.39,58.39,58.39,58.39,100
2026-03-24 11:45:00,58.29,58.29,58.29,58.29,250
2026-03-24 11:50:00,58.3731,58.3731,58.3731,58.3731,290
2026-03-24 12:00:00,58.22,58.22,58.19,58.19,200
2026-03-24 12:05:00,58.29,58.29,58.29,58.29,100
2026-03-24 12:45:00,58.42,58.4294,58.42,58.4294,200
2026-03-24 12:55:00,58.405,58.405,58.38,58.4,2220
2026-03-24 13:00:00,58.42,58.42,58.31,58.31,1951
2026-03-24 13:05:00,58.25,58.25,58.18,58.18,200
2026-03-24 13:10:00,58.17,58.17,58.17,58.17,100
2026-03-24 13:20:00,58.18,58.18,58.18,58.18,100
2026-03-24 13:25:00,58.165,58.165,58.165,58.165,200
2026-03-24 13:40:00,58.18,58.18,58.18,58.18,100
2026-03-24 13:50:00,58.11,58.11,58.11,58.11,250
2026-03-24 13:55:00,58.13,58.195,58.13,58.195,570
2026-03-24 14:00:00,58.28,58.28,58.28,58.28,100
2026-03-24 14:10:00,58.2,58.2,58.2,58.2,828
2026-03-24 14:15:00,58.205,58.205,58.205,58.205,150
2026-03-24 14:30:00,58.33,58.33,58.33,58.33,100
2026-03-24 14:50:00,58.3701,58.44,58.3701,58.4,5803
2026-03-24 15:00:00,58.42,58.42,58.42,58.42,20388
2026-03-24 15:10:00,58.43,58.43,58.425,58.425,600
2026-03-24 15:15:00,58.39,58.39,58.39,58.39,100
2026-03-24 15:20:00,58.36,58.36,58.36,58.36,100
2026-03-24 15:30:00,58.31,58.35,58.31,58.35,1253
2026-03-24 15:35:00,58.3337,58.35,58.3337,58.34,580
2026-03-24 15:40:00,58.36,58.36,58.34,58.36,2000
2026-03-24 15:45:00,58.32,58.32,58.32,58.32,150
2026-03-24 15:50:00,58.23,58.23,58.23,58.23,300
2026-03-24 15:55:00,58.23,58.25,58.23,58.24,2725
2026-03-24 16:00:00,58.25,58.25,58.25,58.25,105
2026-03-24 16:25:00,58.89,58.89,58.89,58.89,1504
2026-03-25 09:25:00,58.94,58.94,58.94,58.94,1000
2026-03-25 09:30:00,58.94,59.0799,58.94,59.01,7194
2026-03-25 09:35:00,58.97,59.01,58.91,58.91,7313
2026-03-25 09:40:00,58.94,58.98,58.69,58.69,5071
2026-03-25 09:45:00,58.73,58.73,58.63,58.63,1155
2026-03-25 09:50:00,58.52,58.52,58.39,58.39,800
2026-03-25 09:55:00,58.4,58.48,58.4,58.48,7100
2026-03-25 10:00:00,58.345,58.43,58.3,58.325,17861
2026-03-25 10:05:00,58.32,58.32,58.19,58.25,12708
2026-03-25 10:10:00,58.225,58.39,58.225,58.39,7084
2026-03-25 10:15:00,58.355,58.39,58.3109,58.32,6606
2026-03-25 10:20:00,58.38,58.38,58.22,58.22,10135
2026-03-25 10:25:00,58.22,58.38,58.22,58.29,6468
2026-03-25 10:35:00,58.41,58.41,58.41,58.41,700
2026-03-25 10:40:00,58.36,58.4,58.36,58.39,721
2026-03-25 10:50:00,58.45,58.45,58.45,58.45,100
2026-03-25 10:55:00,58.5,58.5,58.5,58.5,100
2026-03-25 11:00:00,58.47,58.47,58.47,58.47,201
2026-03-25 11:10:00,58.38,58.39,58.35,58.39,1365
2026-03-25 11:15:00,58.28,58.28,58.25,58.25,3271
2026-03-25 11:20:00,58.09,58.09,58.09,58.09,100
2026-03-25 11:25:00,58.26,58.26,58.255,58.255,250
2026-03-25 11:30:00,58.4,58.435,58.4,58.435,3957
2026-03-25 11:35:00,58.45,58.45,58.37,58.37,1432
2026-03-25 11:40:00,58.33,58.33,58.33,58.33,100
2026-03-25 11:50:00,58.41,58.41,58.38,58.41,300
2026-03-25 12:00:00,58.44,58.46,58.44,58.46,250
2026-03-25 12:25:00,58.43,58.48,58.43,58.48,300
2026-03-25 12:45:00,58.48,58.48,58.425,58.425,560
2026-03-25 12:50:00,58.5,58.5,58.5,58.5,100
2026-03-25 12:55:00,58.485,58.485,58.485,58.485,200
2026-03-25 13:00:00,58.46,58.51,58.46,58.51,939
2026-03-25 13:15:00,58.48,58.48,58.48,58.48,100
2026-03-25 13:25:00,58.585,58.6,58.55,58.6,479
2026-03-25 13:40:00,58.7,58.73,58.7,58.73,365
2026-03-25 13:45:00,58.64,58.64,58.64,58.64,150
2026-03-25 13:50:00,58.64,58.65,58.64,58.65,327
2026-03-25 14:15:00,58.69,58.69,58.69,58.69,100
2026-03-25 14:20:00,58.7,58.71,58.685,58.685,4262
2026-03-25 14:25:00,58.66,58.67,58.66,58.66,750
2026-03-25 14:30:00,58.69,58.69,58.69,58.69,175
2026-03-25 14:35:00,58.69,58.69,58.68,58.68,450
2026-03-25 14:40:00,58.66,58.69,58.66,58.69,200
2026-03-25 14:45:00,58.65,58.65,58.64,58.64,515
2026-03-25 14:50:00,58.64,58.64,58.64,58.64,100
2026-03-25 14:55:00,58.63,58.63,58.55,58.55,2008
2026-03-25 15:00:00,58.59,58.59,58.59,58.59,518
2026-03-25 15:10:00,58.585,58.585,58.585,58.585,170
2026-03-25 15:15:00,58.65,58.65,58.65,58.65,400
2026-03-25 15:30:00,58.63,58.63,58.63,58.63,100
2026-03-25 15:35:00,58.6,58.6,58.6,58.6,100
2026-03-25 15:40:00,58.61,58.6242,58.61,58.6242,604
2026-03-25 15:45:00,58.58,58.59,58.58,58.59,500
2026-03-25 15:50:00,58.52,58.56,58.52,58.56,772
2026-03-25 15:55:00,58.56,58.56,58.535,58.535,10013
2026-03-25 16:00:00,58.55,58.55,58.55,58.55,201
2026-03-26 09:30:00,58.02,58.23,58.02,58.23,1288
2026-03-26 09:40:00,58.17,58.17,58.17,58.17,110
2026-03-26 09:50:00,58.52,58.52,58.52,58.52,130
2026-03-26 10:00:00,58.49,58.49,58.47,58.4767,951
2026-03-26 10:05:00,58.425,58.44,58.425,58.425,927
2026-03-26 10:15:00,58.46,58.485,58.43,58.44,3079
2026-03-26 10:20:00,58.45,58.45,58.45,58.45,1285
2026-03-26 10:25:00,58.44,58.48,58.44,58.46,994
2026-03-26 10:30:00,58.46,58.57,58.46,58.57,639
2026-03-26 10:35:00,58.46,58.46,58.36,58.36,3150
2026-03-26 10:40:00,58.47,58.47,58.3,58.3,1054
2026-03-26 10:45:00,58.23,58.23,58.23,58.23,500
2026-03-26 10:50:00,58.26,58.26,58.205,58.205,941
2026-03-26 10:55:00,58.11,58.14,58.11,58.14,295
2026-03-26 11:00:00,58.235,58.235,58.2,58.21,4705
2026-03-26 11:10:00,58.245,58.245,58.245,58.245,307
2026-03-26 11:15:00,58.215,58.215,58.215,58.215,700
2026-03-26 11:20:00,58.2,58.2,58.2,58.2,100
2026-03-26 11:25:00,58.21,58.21,58.21,58.21,100
2026-03-26 11:30:00,58.06,58.06,58.06,58.06,151
2026-03-26 11:40:00,58.08,58.08,57.83,57.83,237
2026-03-26 11:45:00,57.85,57.85,57.82,57.82,850
2026-03-26 11:50:00,57.91,57.91,57.91,57.91,100
2026-03-26 12:00:00,57.94,57.94,57.94,57.94,100
2026-03-26 12:15:00,57.87,57.87,57.81,57.81,200
2026-03-26 12:20:00,57.765,57.765,57.765,57.765,101
2026-03-26 12:30:00,57.65,57.69,57.65,57.69,200
2026-03-26 12:45:00,57.59,57.59,57.535,57.535,3817
2026-03-26 12:55:00,57.545,57.6,57.545,57.59,392
2026-03-26 13:00:00,57.64,57.64,57.64,57.64,100
2026-03-26 13:05:00,57.65,57.65,57.65,57.65,100
2026-03-26 13:10:00,57.65,57.65,57.62,57.62,250
2026-03-26 13:20:00,57.6,57.61,57.59,57.59,540
2026-03-26 13:35:00,57.65,57.65,57.65,57.65,172
2026-03-26 13:40:00,57.658,57.658,57.658,57.658,400
2026-03-26 13:45:00,57.62,57.62,57.62,57.62,100
2026-03-26 13:50:00,57.52,57.52,57.52,57.52,200
2026-03-26 13:55:00,57.52,57.52,57.495,57.51,678
2026-03-26 14:00:00,57.55,57.55,57.55,57.55,1065
2026-03-26 14:05:00,57.57,57.57,57.57,57.57,135
2026-03-26 14:10:00,57.53,57.53,57.53,57.53,100
2026-03-26 14:25:00,57.55,57.55,57.55,57.55,100
2026-03-26 14:30:00,57.57,57.57,57.57,57.57,366
2026-03-26 14:35:00,57.64,57.64,57.64,57.64,100
2026-03-26 14:50:00,57.58,57.58,57.555,57.555,369
2026-03-26 14:55:00,57.56,57.56,57.545,57.545,200
2026-03-26 15:05:00,57.42,57.42,57.42,57.42,100
2026-03-26 15:10:00,57.3678,57.38,57.34,57.38,4236
2026-03-26 15:20:00,57.435,57.435,57.39,57.39,320
2026-03-26 15:25:00,57.35,57.35,57.35,57.35,100
2026-03-26 15:30:00,57.33,57.33,57.33,57.33,100
2026-03-26 15:35:00,57.38,57.38,57.38,57.38,125
2026-03-26 15:50:00,57.29,57.31,57.25,57.265,1704
2026-03-26 15:55:00,57.2602,57.325,57.2602,57.325,1090
2026-03-26 16:00:00,57.34,57.34,57.34,57.34,244
2026-03-27 09:30:00,57.17,57.17,57.17,57.17,810
2026-03-27 09:35:00,57.11,57.11,57.05,57.05,1309
2026-03-27 09:40:00,56.99,56.99,56.99,56.99,400
2026-03-27 09:55:00,56.87,56.87,56.82,56.82,461
2026-03-27 10:00:00,56.89,56.89,56.89,56.89,200
2026-03-27 10:05:00,56.91,56.91,56.85,56.85,1000
2026-03-27 10:15:00,57.04,57.05,57.04,57.05,305
2026-03-27 10:20:00,57.16,57.16,57.08,57.08,1505
2026-03-27 10:25:00,57.01,57.01,57.01,57.01,165
2026-03-27 10:30:00,56.99,57.03,56.99,57.03,350
2026-03-27 10:40:00,56.95,56.96,56.9461,56.9461,5739
2026-03-27 10:45:00,56.92,57.04,56.92,57.035,400
2026-03-27 10:50:00,57.09,57.1,57.04,57.04,2068
2026-03-27 10:55:00,57.06,57.12,57.06,57.12,200
2026-03-27 11:00:00,57.1,57.1499,57.075,57.1499,968
2026-03-27 11:05:00,57.13,57.13,57.11,57.11,1013
2026-03-27 11:15:00,56.97,56.97,56.97,56.97,100
2026-03-27 11:20:00,57,57.16,57,57.12,5360
2026-03-27 11:25:00,57.07,57.07,57.06,57.06,3700
2026-03-27 11:30:00,57.225,57.225,57.22,57.22,637
2026-03-27 11:45:00,57.25,57.25,57.225,57.245,660
2026-03-27 11:50:00,57.22,57.22,57.22,57.22,100
2026-03-27 12:05:00,57.095,57.095,57.03,57.03,220
2026-03-27 12:10:00,57,57.02,57,57.02,335
2026-03-27 12:35:00,56.9899,56.9899,56.945,56.945,1010
2026-03-27 12:40:00,56.94,56.98,56.93,56.9599,1443
2026-03-27 12:45:00,57.03,57.03,57.03,57.03,116
2026-03-27 12:50:00,56.98,56.98,56.98,56.98,606
2026-03-27 12:55:00,56.98,56.98,56.98,56.98,344
2026-03-27 13:05:00,57.03,57.03,57.03,57.03,288
2026-03-27 13:10:00,56.96,56.96,56.96,56.96,100
2026-03-27 13:20:00,56.93,56.93,56.93,56.93,210
2026-03-27 13:30:00,56.86,56.86,56.86,56.86,100
2026-03-27 13:45:00,56.741,56.741,56.741,56.741,236
2026-03-27 13:55:00,56.71,56.71,56.71,56.71,100
2026-03-27 14:05:00,56.63,56.63,56.63,56.63,100
2026-03-27 14:10:00,56.615,56.615,56.585,56.585,290
2026-03-27 14:20:00,56.67,56.68,56.67,56.68,400
2026-03-27 14:35:00,56.67,56.67,56.67,56.67,100
2026-03-27 14:40:00,56.69,56.72,56.69,56.72,1001
2026-03-27 14:50:00,56.665,56.68,56.665,56.68,368
2026-03-27 14:55:00,56.6487,56.67,56.6487,56.66,1567
2026-03-27 15:00:00,56.69,56.69,56.63,56.63,1009
2026-03-27 15:05:00,56.62,56.65,56.62,56.65,400
2026-03-27 15:10:00,56.66,56.67,56.64,56.67,1000
2026-03-27 15:20:00,56.7,56.7,56.67,56.67,299
2026-03-27 15:30:00,56.68,56.72,56.65,56.71,2535
2026-03-27 15:35:00,56.69,56.69,56.63,56.63,1752
2026-03-27 15:50:00,56.51,56.51,56.45,56.45,350
2026-03-27 15:55:00,56.57,56.57,56.55,56.55,2574
2026-03-27 16:00:00,56.55,56.55,56.55,56.55,162
2026-03-30 09:30:00,57.05,57.05,56.96,56.9754,8459
2026-03-30 09:35:00,56.77,56.77,56.56,56.56,4930
2026-03-30 09:40:00,56.49,56.49,56.325,56.475,3251
2026-03-30 09:45:00,56.49,56.49,56.2,56.205,1500
2026-03-30 09:50:00,56.2,56.28,56.2,56.275,500
2026-03-30 09:55:00,56.24,56.24,56.165,56.165,808
2026-03-30 10:00:00,56.29,56.45,56.28,56.45,4725
2026-03-30 10:05:00,56.36,56.38,56.32,56.38,3276
2026-03-30 10:10:00,56.39,56.41,56.34,56.41,8253
2026-03-30 10:15:00,56.4,56.4,56.32,56.355,5771
2026-03-30 10:20:00,56.38,56.398,56.38,56.398,344
2026-03-30 10:35:00,56.4,56.4,56.4,56.4,100
2026-03-30 10:40:00,56.42,56.42,56.255,56.28,791
2026-03-30 10:45:00,56.28,56.44,56.24,56.44,3594
2026-03-30 10:50:00,56.41,56.41,56.41,56.41,100
2026-03-30 11:00:00,56.62,56.62,56.62,56.62,106
2026-03-30 11:05:00,56.4999,56.4999,56.4999,56.4999,100
2026-03-30 11:10:00,56.53,56.53,56.53,56.53,100
2026-03-30 11:15:00,56.5,56.5,56.5,56.5,330
2026-03-30 11:25:00,56.54,56.54,56.54,56.54,100
2026-03-30 11:35:00,56.59,56.59,56.59,56.59,108
2026-03-30 11:40:00,56.59,56.59,56.59,56.59,100
2026-03-30 11:45:00,56.555,56.555,56.545,56.545,680
2026-03-30 12:00:00,56.49,56.49,56.49,56.49,801
2026-03-30 12:15:00,56.46,56.46,56.46,56.46,100
2026-03-30 12:40:00,56.34,56.34,56.34,56.34,100
2026-03-30 13:05:00,56.28,56.28,56.28,56.28,135
2026-03-30 13:15:00,56.27,56.27,56.27,56.27,100
2026-03-30 13:25:00,56.14,56.14,56.14,56.14,201
2026-03-30 13:35:00,56.06,56.06,56.06,56.06,100
2026-03-30 13:40:00,56.16,56.16,56.16,56.16,280
2026-03-30 13:45:00,56.17,56.17,56.17,56.17,300
2026-03-30 13:55:00,56.08,56.08,56.08,56.08,100
2026-03-30 14:10:00,56.04,56.04,56.04,56.04,100
2026-03-30 14:20:00,56.09,56.09,56.0599,56.0787,6331
2026-03-30 14:25:00,56.03,56.04,56.01,56.01,17175
2026-03-30 14:30:00,56.06,56.06,56.06,56.06,167
2026-03-30 14:45:00,56.0101,56.0119,56.0101,56.0119,712
2026-03-30 14:50:00,56.0396,56.0396,55.9801,56.02,824
2026-03-30 15:00:00,55.9522,55.9522,55.9522,55.9522,740
2026-03-30 15:05:00,55.8801,55.8801,55.88,55.88,584
2026-03-30 15:10:00,55.775,55.85,55.775,55.8001,850
2026-03-30 15:20:00,55.82,55.825,55.8001,55.8001,1248
2026-03-30 15:25:00,55.81,55.81,55.8,55.8,1776
2026-03-30 15:30:00,55.7929,55.82,55.7929,55.82,222
2026-03-30 15:35:00,55.83,55.847,55.82,55.82,535
2026-03-30 15:40:00,55.83,55.83,55.83,55.83,218
2026-03-30 15:45:00,55.83,55.83,55.83,55.83,242
2026-03-30 15:50:00,55.84,55.8699,55.84,55.8699,500
2026-03-30 15:55:00,55.9,55.91,55.86,55.9,4684
2026-03-30 16:00:00,55.91,55.91,55.91,55.91,207
2026-03-31 09:30:00,56.63,56.63,56.505,56.505,1026
2026-03-31 09:35:00,56.57,56.57,56.57,56.57,100
2026-03-31 09:45:00,56.65,56.845,56.65,56.845,1560
2026-03-31 09:50:00,56.77,56.81,56.77,56.81,468
2026-03-31 09:55:00,56.75,56.81,56.75,56.81,200
2026-03-31 10:00:00,56.795,56.795,56.55,56.55,652
2026-03-31 10:05:00,56.585,56.585,56.585,56.585,200
2026-03-31 10:10:00,56.63,56.695,56.63,56.695,237
2026-03-31 10:20:00,56.58,56.63,56.5542,56.63,535
2026-03-31 10:25:00,56.6,56.7499,56.6,56.7499,1987
2026-03-31 10:35:00,56.575,56.575,56.56,56.56,250
2026-03-31 10:40:00,56.53,56.53,56.515,56.515,957
2026-03-31 10:50:00,56.47,56.47,56.42,56.44,350
2026-03-31 10:55:00,56.3999,56.4775,56.3999,56.4775,1452
2026-03-31 11:00:00,56.48,56.59,56.48,56.59,350
2026-03-31 11:05:00,56.75,56.75,56.75,56.75,354
2026-03-31 11:10:00,56.77,56.78,56.77,56.78,699
2026-03-31 11:35:00,56.7,56.7,56.68,56.68,2154
2026-03-31 11:45:00,56.604,56.604,56.604,56.604,150
2026-03-31 11:55:00,56.5468,56.586,56.5468,56.58,9897
2026-03-31 12:00:00,56.552,56.59,56.552,56.59,301
2026-03-31 12:10:00,56.585,56.63,56.58,56.63,390
2026-03-31 12:15:00,56.66,56.66,56.66,56.66,293
2026-03-31 12:20:00,56.65,56.65,56.65,56.65,366
2026-03-31 12:35:00,56.59,56.59,56.59,56.59,1793
2026-03-31 12:40:00,57.41,57.62,57.355,57.355,2154
2026-03-31 12:45:00,57.26,57.26,57.0099,57.0099,1754
2026-03-31 12:50:00,57.05,57.085,56.93,56.93,2135
2026-03-31 12:55:00,56.96,57.03,56.96,56.99,1100
2026-03-31 13:00:00,57.0581,57.15,57.0009,57.15,1048
2026-03-31 13:15:00,57.14,57.25,57.14,57.25,410
2026-03-31 13:25:00,57.2099,57.2099,57.2099,57.2099,122
2026-03-31 13:30:00,57.23,57.23,57.23,57.23,100
2026-03-31 13:35:00,57.155,57.155,57.155,57.155,150
2026-03-31 13:40:00,57.24,57.24,57.24,57.24,100
2026-03-31 13:55:00,57.22,57.22,57.19,57.19,21138
2026-03-31 14:05:00,57.27,57.27,57.27,57.27,141
2026-03-31 14:10:00,57.23,57.23,57.23,57.23,100
2026-03-31 14:15:00,57.31,57.31,57.31,57.31,100
2026-03-31 14:20:00,57.3,57.3,57.255,57.255,200
2026-03-31 14:25:00,57.2681,57.2681,57.23,57.26,786
2026-03-31 14:30:00,57.255,57.27,57.255,57.265,3117
2026-03-31 14:40:00,57.3,57.3,57.26,57.27,36560
2026-03-31 14:45:00,57.3,57.3,57.29,57.29,3566
2026-03-31 14:55:00,57.39,57.39,57.38,57.38,500
2026-03-31 15:05:00,57.37,57.37,57.345,57.345,338
2026-03-31 15:10:00,57.44,57.44,57.44,57.44,118
2026-03-31 15:15:00,57.4801,57.4801,57.46,57.46,457
2026-03-31 15:20:00,57.48,57.51,57.48,57.51,200
2026-03-31 15:25:00,57.48,57.52,57.47,57.51,4424
2026-03-31 15:30:00,57.52,57.58,57.52,57.56,3644
2026-03-31 15:35:00,57.57,57.64,57.57,57.64,6351
2026-03-31 15:40:00,57.615,57.63,57.58,57.6,5134
2026-03-31 15:45:00,57.62,57.66,57.62,57.66,1000
2026-03-31 15:50:00,57.6,57.6,57.5,57.56,1498
2026-03-31 15:55:00,57.55,57.57,57.48,57.56,30422
2026-03-31 16:00:00,57.58,57.58,57.58,57.58,224
2026-04-01 09:30:00,57.95,57.95,57.95,57.95,1316
2026-04-01 09:40:00,58.025,58.025,58.025,58.025,797
2026-04-01 09:45:00,58.0653,58.0653,58.0653,58.0653,514
2026-04-01 09:50:00,58.32,58.36,58.32,58.36,400
2026-04-01 09:55:00,58.31,58.36,58.31,58.36,516
2026-04-01 10:00:00,58.42,58.47,58.4,58.4,8479
2026-04-01 10:05:00,58.41,58.41,58.34,58.35,5265
2026-04-01 10:15:00,58.34,58.34,58.25,58.265,3017
2026-04-01 10:20:00,58.321,58.36,58.285,58.36,1474
2026-04-01 10:25:00,58.32,58.37,58.315,58.37,2163
2026-04-01 10:35:00,58.26,58.46,58.26,58.46,350
2026-04-01 10:45:00,58.44,58.44,58.44,58.44,100
2026-04-01 10:50:00,58.45,58.45,58.45,58.45,100
2026-04-01 10:55:00,58.515,58.515,58.5025,58.5025,242
2026-04-01 11:00:00,58.49,58.5299,58.49,58.49,1910
2026-04-01 11:05:00,58.51,58.52,58.51,58.52,454
2026-04-01 11:10:00,58.48,58.48,58.48,58.48,100
2026-04-01 11:20:00,58.52,58.52,58.495,58.495,1125
2026-04-01 11:25:00,58.4499,58.4509,58.42,58.42,1100
2026-04-01 11:30:00,58.415,58.48,58.41,58.48,6128
2026-04-01 11:35:00,58.4998,58.52,58.44,58.47,3675
2026-04-01 11:40:00,58.46,58.46,58.425,58.435,700
2026-04-01 11:45:00,58.455,58.49,58.455,58.465,6114
2026-04-01 11:50:00,58.455,58.49,58.455,58.49,200
2026-04-01 11:55:00,58.5399,58.5399,58.52,58.52,1000
2026-04-01 12:00:00,58.515,58.52,58.515,58.52,353
2026-04-01 12:05:00,58.55,58.55,58.46,58.46,2670
2026-04-01 12:10:00,58.46,58.47,58.46,58.46,390
2026-04-01 12:15:00,58.49,58.5,58.49,58.5,663
2026-04-01 12:20:00,58.43,58.46,58.43,58.44,709
2026-04-01 12:25:00,58.4398,58.4398,58.4398,58.4398,100
2026-04-01 12:30:00,58.42,58.42,58.4,58.42,1698
2026-04-01 12:35:00,58.425,58.425,58.425,58.425,500
2026-04-01 12:45:00,58.47,58.47,58.435,58.46,2234
2026-04-01 12:50:00,58.46,58.47,58.46,58.47,208
2026-04-01 12:55:00,58.51,58.51,58.51,58.51,291
2026-04-01 13:00:00,58.54,58.54,58.54,58.54,302
2026-04-01 13:10:00,58.585,58.59,58.585,58.59,75500
2026-04-01 13:15:00,58.61,58.61,58.61,58.61,100
2026-04-01 13:25:00,58.6393,58.6393,58.6393,58.6393,350
2026-04-01 13:30:00,58.65,58.65,58.65,58.65,748
2026-04-01 13:35:00,58.64,58.64,58.595,58.6189,905
2026-04-01 13:40:00,58.61,58.61,58.61,58.61,100
2026-04-01 13:45:00,58.61,58.61,58.59,58.59,335
2026-04-01 13:50:00,58.59,58.609,58.59,58.59,1104
2026-04-01 13:55:00,58.54,58.54,58.54,58.54,1325
2026-04-01 14:00:00,58.535,58.54,58.49,58.5,4213
2026-04-01 14:05:00,58.48,58.48,58.48,58.48,300
2026-04-01 14:10:00,58.48,58.51,58.4791,58.4791,1500
2026-04-01 14:15:00,58.35,58.4,58.35,58.39,604
2026-04-01 14:20:00,58.36,58.36,58.34,58.35,1000
2026-04-01 14:25:00,58.32,58.36,58.31,58.36,2773
2026-04-01 14:35:00,58.31,58.3387,58.31,58.3343,5282
2026-04-01 14:40:00,58.35,58.39,58.35,58.3581,900
2026-04-01 14:50:00,58.31,58.31,58.31,58.31,100
2026-04-01 14:55:00,58.26,58.27,58.245,58.245,550
2026-04-01 15:00:00,58.28,58.28,58.28,58.28,110
2026-04-01 15:05:00,58.31,58.31,58.29,58.29,368
2026-04-01 15:10:00,58.275,58.28,58.27,58.28,1400
2026-04-01 15:15:00,58.28,58.29,58.28,58.29,668
2026-04-01 15:20:00,58.305,58.305,58.29,58.29,299
2026-04-01 15:25:00,58.34,58.34,58.34,58.34,100
2026-04-01 15:30:00,58.33,58.33,58.31,58.32,2291
2026-04-01 15:35:00,58.315,58.38,58.315,58.38,1212
2026-04-01 15:40:00,58.335,58.4,58.335,58.35,2140
2026-04-01 15:45:00,58.38,58.38,58.36,58.36,1000
2026-04-01 15:50:00,58.25,58.27,58.25,58.27,529
2026-04-01 15:55:00,58.2101,58.26,58.2101,58.23,14946
2026-04-01 16:00:00,58.22,58.22,58.22,58.22,931
2026-04-02 09:30:00,57.26,57.26,57.1956,57.1956,1754
2026-04-02 09:35:00,57.25,57.25,57.09,57.09,550
2026-04-02 09:40:00,57.09,57.13,57.07,57.07,25600
2026-04-02 09:55:00,57.4,57.4,57.34,57.39,27900
2026-04-02 10:00:00,57.45,57.45,57.36,57.37,5602
2026-04-02 10:05:00,57.31,57.335,57.26,57.335,8970
2026-04-02 10:10:00,57.4,57.4,57.4,57.4,236
2026-04-02 10:15:00,57.45,57.45,57.45,57.45,100
2026-04-02 10:20:00,57.45,57.5,57.45,57.5,241
2026-04-02 10:25:00,57.5,57.5,57.5,57.5,141
2026-04-02 10:30:00,57.65,57.67,57.63,57.67,1555
2026-04-02 10:35:00,57.84,58.685,57.84,58.21,2320
2026-04-02 10:40:00,58.21,58.21,58.11,58.11,1050
2026-04-02 10:45:00,58.11,58.11,58.11,58.11,950
2026-04-02 11:00:00,57.8987,57.8987,57.8987,57.8987,270
2026-04-02 11:05:00,58.03,58.03,57.9701,57.9701,400
2026-04-02 11:10:00,58.03,58.08,57.9701,58.06,1000
2026-04-02 11:15:00,58.06,58.06,58.06,58.06,100
2026-04-02 11:20:00,57.9418,57.9418,57.9418,57.9418,266
2026-04-02 11:25:00,58.04,58.04,58.04,58.04,100
2026-04-02 11:30:00,58.0201,58.0201,58.0201,58.0201,900
2026-04-02 11:35:00,58.07,58.07,58.03,58.03,511
2026-04-02 11:40:00,58.03,58.06,58,58.06,2256
2026-04-02 11:45:00,58.06,58.06,57.9901,58.025,4030
2026-04-02 11:50:00,57.89,57.9,57.89,57.9,300
2026-04-02 11:55:00,57.95,57.95,57.95,57.95,342
2026-04-02 12:00:00,57.98,57.98,57.98,57.98,200
2026-04-02 12:10:00,57.8607,57.8607,57.8607,57.8607,217
2026-04-02 12:15:00,57.8607,57.8607,57.82,57.82,617
2026-04-02 12:20:00,57.76,57.79,57.76,57.79,1200
2026-04-02 12:25:00,57.82,57.82,57.82,57.82,200
2026-04-02 12:30:00,57.765,57.765,57.755,57.755,1484
2026-04-02 12:35:00,57.82,57.82,57.77,57.77,400
2026-04-02 12:40:00,57.92,57.92,57.81,57.87,1214
2026-04-02 12:45:00,57.8898,57.8898,57.8898,57.8898,800
2026-04-02 12:50:00,57.86,57.86,57.86,57.86,832
2026-04-02 12:55:00,57.855,57.855,57.855,57.855,200
2026-04-02 13:00:00,57.855,57.855,57.79,57.79,400
2026-04-02 13:05:00,57.835,57.835,57.83,57.83,2144
2026-04-02 13:10:00,57.8225,57.8225,57.79,57.81,2844
2026-04-02 13:30:00,57.865,57.88,57.865,57.88,400
2026-04-02 13:35:00,57.865,57.87,57.865,57.87,540
2026-04-02 13:40:00,57.9,57.9,57.875,57.875,310
2026-04-02 13:45:00,57.875,57.875,57.79,57.79,530
2026-04-02 13:50:00,57.79,57.8,57.79,57.8,300
2026-04-02 13:55:00,57.82,57.82,57.79,57.81,1033
2026-04-02 14:00:00,57.86,57.86,57.86,57.86,362
2026-04-02 14:05:00,57.85,57.85,57.85,57.85,150
2026-04-02 14:10:00,57.85,57.85,57.85,57.85,439
2026-04-02 14:15:00,57.85,57.85,57.85,57.85,200
2026-04-02 14:35:00,57.8,57.82,57.8,57.81,3272
2026-04-02 14:40:00,57.807,57.85,57.807,57.85,740
2026-04-02 14:50:00,57.9201,57.9201,57.9201,57.9201,120
2026-04-02 14:55:00,57.9201,57.95,57.9,57.95,764
2026-04-02 15:00:00,57.959,57.959,57.959,57.959,378
2026-04-02 15:05:00,57.955,57.955,57.955,57.955,242
2026-04-02 15:15:00,57.944,57.98,57.944,57.965,922
2026-04-02 15:25:00,57.97,58,57.97,58,526
2026-04-02 15:30:00,58,58,58,58,126
2026-04-02 15:40:00,58.0252,58.0252,58.025,58.025,630
2026-04-02 15:45:00,58.01,58.015,57.97,57.98,1602
2026-04-02 15:50:00,57.97,58.01,57.97,57.98,2130
2026-04-02 15:55:00,57.98,57.99,57.98,57.99,3731
2026-04-02 16:00:00,57.98,57.99,57.98,57.99,2272
2026-04-06 09:30:00,57.87,57.87,57.6501,57.85,6201
2026-04-06 09:50:00,57.685,57.685,57.685,57.685,100
2026-04-06 10:00:00,58.01,58.01,58.01,58.01,568
2026-04-06 10:10:00,57.84,57.84,57.84,57.84,100
2026-04-06 10:15:00,57.87,57.882,57.87,57.882,2378
2026-04-06 10:20:00,57.95,57.95,57.95,57.95,100
2026-04-06 10:25:00,57.94,57.96,57.94,57.96,1311
2026-04-06 10:30:00,57.98,57.98,57.98,57.98,1000
2026-04-06 10:35:00,57.97,57.99,57.97,57.99,290
2026-04-06 10:40:00,58,58,57.98,57.99,2668
2026-04-06 11:00:00,57.8808,57.8808,57.8808,57.8808,138
2026-04-06 11:05:00,57.98,57.98,57.98,57.98,100
2026-04-06 11:10:00,57.9221,57.9354,57.9221,57.9354,632
2026-04-06 11:15:00,57.97,57.97,57.97,57.97,100
2026-04-06 11:20:00,57.97,58,57.97,57.98,1173
2026-04-06 11:25:00,57.97,57.9714,57.97,57.9714,900
2026-04-06 11:30:00,57.99,57.99,57.98,57.99,1353
2026-04-06 11:40:00,57.9999,57.9999,57.995,57.995,1858
2026-04-06 11:55:00,58.05,58.05,58.01,58.02,600
2026-04-06 12:05:00,58.0038,58.0038,58.0038,58.0038,1006
2026-04-06 12:25:00,58.085,58.09,58.08,58.09,735
2026-04-06 12:50:00,58.12,58.14,58.11,58.11,1100
2026-04-06 12:55:00,58.13,58.13,58.13,58.13,171
2026-04-06 13:00:00,58.07,58.09,58.07,58.09,427
2026-04-06 13:10:00,58.06,58.06,57.97,57.97,600
2026-04-06 13:30:00,58.06,58.06,58.06,58.06,100
2026-04-06 13:45:00,58.0193,58.0193,58.0193,58.0193,100
2026-04-06 13:50:00,57.9896,57.9896,57.989,57.989,1052
2026-04-06 13:55:00,57.99,57.99,57.975,57.975,820
2026-04-06 14:00:00,57.965,57.99,57.965,57.98,1161
2026-04-06 14:05:00,57.96,57.995,57.96,57.995,972
2026-04-06 14:15:00,58.06,58.06,58.06,58.06,100
2026-04-06 14:30:00,58.2,58.2,58.2,58.2,100
2026-04-06 14:40:00,58.11,58.11,58.1001,58.1001,287
2026-04-06 15:00:00,58.17,58.17,58.17,58.17,100
2026-04-06 15:10:00,58.11,58.13,58.1069,58.13,731
2026-04-06 15:15:00,58.125,58.125,58.11,58.11,538
2026-04-06 15:20:00,58.12,58.12,58.1,58.1,1086
2026-04-06 15:30:00,58.12,58.12,58.12,58.12,249
2026-04-06 15:40:00,58.16,58.16,58.16,58.16,100
2026-04-06 15:50:00,58.18,58.18,58.18,58.18,100
2026-04-06 15:55:00,58.16,58.21,58.16,58.21,4828
2026-04-06 16:00:00,58.21,58.21,58.21,58.21,393
2026-04-07 09:30:00,57.91,57.91,57.91,57.91,114
2026-04-07 09:55:00,57.93,57.93,57.93,57.93,188
2026-04-07 10:00:00,57.76,57.76,57.7351,57.7351,1563
2026-04-07 10:20:00,57.915,57.915,57.915,57.915,100
2026-04-07 10:30:00,58.06,58.06,58.055,58.055,650
2026-04-07 10:35:00,58.05,58.05,58.05,58.05,100
2026-04-07 10:40:00,58,58,58,58,200
2026-04-07 10:45:00,57.99,58.06,57.99,58.06,482
2026-04-07 10:50:00,57.91,57.94,57.91,57.94,550
2026-04-07 11:00:00,57.8,57.8,57.8,57.8,100
2026-04-07 11:10:00,57.78,57.78,57.78,57.78,101
2026-04-07 11:15:00,57.6616,57.78,57.65,57.78,5727
2026-04-07 11:30:00,57.76,57.76,57.76,57.76,100
2026-04-07 11:35:00,57.73,57.73,57.72,57.72,300
2026-04-07 11:40:00,57.7099,57.7099,57.7099,57.7099,1153
2026-04-07 11:45:00,57.7,57.7,57.7,57.7,100
2026-04-07 11:50:00,57.6601,57.6601,57.6601,57.6601,120
2026-04-07 11:55:00,57.7002,57.7002,57.7002,57.7002,200
2026-04-07 12:00:00,57.77,57.77,57.77,57.77,100
2026-04-07 12:05:00,57.8796,57.8796,57.8796,57.8796,200
2026-04-07 12:15:00,57.88,57.88,57.88,57.88,100
2026-04-07 12:35:00,57.96,57.96,57.96,57.96,100
2026-04-07 12:50:00,57.955,57.955,57.955,57.955,100
2026-04-07 13:10:00,57.89,57.89,57.865,57.865,400
2026-04-07 13:15:00,57.83,57.83,57.83,57.83,397
2026-04-07 13:20:00,57.8,57.8,57.8,57.8,200
2026-04-07 13:35:00,57.97,57.97,57.97,57.97,235
2026-04-07 13:45:00,57.92,57.92,57.855,57.855,334
2026-04-07 14:30:00,57.765,57.765,57.765,57.765,193
2026-04-07 14:40:00,57.7,57.7,57.7,57.7,100
2026-04-07 14:45:00,57.675,57.675,57.675,57.675,100
2026-04-07 15:00:00,57.605,57.605,57.605,57.605,110
2026-04-07 15:05:00,57.6,57.6,57.54,57.54,20867
2026-04-07 15:10:00,57.5101,57.612,57.5101,57.5801,5820
2026-04-07 15:15:00,57.63,57.69,57.63,57.69,1785
2026-04-07 15:20:00,57.9,57.9,57.8,57.8,232
2026-04-07 15:25:00,57.87,57.87,57.87,57.87,100
2026-04-07 15:30:00,57.815,57.815,57.8,57.8,406
2026-04-07 15:40:00,57.755,57.755,57.75,57.75,500
2026-04-07 15:50:00,57.96,58,57.96,58,200
2026-04-07 16:00:00,57.92,57.96,57.92,57.96,845
2026-04-08 08:35:00,59.0413,59.0413,59.0413,59.0413,175
2026-04-08 09:30:00,59.88,59.88,59.88,59.88,573
2026-04-08 09:35:00,60.2,60.2,60.1574,60.1574,610
2026-04-08 09:40:00,60.23,60.23,60.23,60.23,100
2026-04-08 10:00:00,60.2,60.21,60.165,60.21,1822
2026-04-08 10:05:00,60.2,60.21,60.2,60.2,1739
2026-04-08 10:10:00,60.18,60.18,60.18,60.18,100
2026-04-08 10:15:00,60.185,60.2,60.185,60.2,1803
2026-04-08 10:20:00,60.19,60.19,60.1883,60.1883,1392
2026-04-08 10:25:00,60.115,60.115,60.115,60.115,250
2026-04-08 10:30:00,60.02,60.02,59.845,59.845,1524
2026-04-08 10:35:00,59.86,59.86,59.86,59.86,100
2026-04-08 10:40:00,59.77,59.88,59.77,59.8,1867
2026-04-08 10:45:00,59.825,59.825,59.77,59.77,376
2026-04-08 10:55:00,59.8,59.8,59.64,59.64,1882
2026-04-08 11:00:00,59.755,59.8,59.755,59.7601,1848
2026-04-08 11:05:00,59.86,59.86,59.84,59.84,649
2026-04-08 11:25:00,59.9,59.9,59.9,59.9,100
2026-04-08 11:55:00,60.05,60.05,60.05,60.05,100
2026-04-08 12:10:00,60.035,60.035,60.035,60.035,132
2026-04-08 12:15:00,59.9846,59.9846,59.9846,59.9846,488
2026-04-08 12:20:00,59.98,59.99,59.98,59.99,400
2026-04-08 12:30:00,59.9,59.96,59.9,59.96,562
2026-04-08 12:40:00,59.9457,59.9457,59.9457,59.9457,125
2026-04-08 12:55:00,59.98,59.98,59.98,59.98,100
2026-04-08 13:15:00,59.99,59.99,59.99,59.99,100
2026-04-08 13:25:00,59.905,59.905,59.9,59.9,500
2026-04-08 13:35:00,59.88,59.94,59.88,59.94,217
2026-04-08 13:40:00,59.99,59.99,59.99,59.99,1043
2026-04-08 13:50:00,60.04,60.04,60.04,60.04,100
2026-04-08 14:00:00,60.0788,60.095,60.0788,60.095,2137
2026-04-08 14:05:00,60.1484,60.1484,60.1484,60.1484,158
2026-04-08 14:10:00,60.15,60.15,60.15,60.15,1141
2026-04-08 14:40:00,59.98,59.98,59.98,59.98,100
2026-04-08 14:45:00,59.9,59.9395,59.9,59.9395,275
2026-04-08 14:50:00,59.925,59.925,59.91,59.91,200
2026-04-08 14:55:00,59.93,59.93,59.9,59.9,200
2026-04-08 15:00:00,59.85,59.8518,59.85,59.8518,1106
2026-04-08 15:05:00,59.85,59.8999,59.81,59.8999,871
2026-04-08 15:10:00,59.9,59.94,59.9,59.94,884
2026-04-08 15:15:00,59.9699,59.9699,59.9699,59.9699,1000
2026-04-08 15:20:00,59.8801,59.92,59.87,59.87,819
2026-04-08 15:25:00,59.89,59.92,59.881,59.895,6484
2026-04-08 15:30:00,59.9,59.97,59.9,59.97,515
2026-04-08 15:35:00,59.97,59.99,59.9501,59.9501,3897
2026-04-08 15:40:00,59.95,59.95,59.95,59.95,150
2026-04-08 15:50:00,59.96,60,59.96,60,500
2026-04-08 15:55:00,60,60.03,60,60.015,2450
2026-04-08 16:00:00,60.02,60.03,60.02,60.03,527
2026-04-08 16:15:00,59.82,59.82,59.82,59.82,250
2026-04-09 07:20:00,61.2,61.2,61.2,61.2,350
2026-04-09 09:30:00,59.74,59.74,59.74,59.74,1520
2026-04-09 09:35:00,60.035,60.035,60.035,60.035,252
2026-04-09 09:45:00,60.065,60.065,60.065,60.065,263
2026-04-09 09:55:00,60.0914,60.0914,60.0914,60.0914,878
2026-04-09 10:10:00,60.13,60.13,60,60,427
2026-04-09 10:15:00,59.93,59.93,59.93,59.93,100
2026-04-09 10:20:00,59.97,59.97,59.97,59.97,1690
2026-04-09 10:25:00,59.96,59.96,59.96,59.96,143
2026-04-09 10:30:00,59.95,59.97,59.93,59.93,1902
2026-04-09 10:40:00,60,60,60,60,100
2026-04-09 10:45:00,59.97,59.97,59.97,59.97,10000
2026-04-09 10:50:00,59.93,59.93,59.93,59.93,375
2026-04-09 11:00:00,59.98,59.98,59.98,59.98,100
2026-04-09 11:05:00,59.974,59.974,59.97,59.97,850
2026-04-09 11:20:00,60.02,60.02,60.02,60.02,100
2026-04-09 11:25:00,59.98,59.98,59.98,59.98,131
2026-04-09 11:30:00,59.995,60.27,59.995,60.27,553
2026-04-09 11:40:00,60.2407,60.2407,60.2407,60.2407,216
2026-04-09 11:55:00,60.29,60.34,60.29,60.34,242
2026-04-09 12:10:00,60.48,60.49,60.48,60.49,70162
2026-04-09 12:15:00,60.52,60.52,60.52,60.52,100
2026-04-09 12:25:00,60.51,60.56,60.495,60.53,4121
2026-04-09 12:30:00,60.55,60.55,60.55,60.55,121
2026-04-09 12:35:00,60.53,60.55,60.53,60.55,756
2026-04-09 12:40:00,60.51,60.51,60.51,60.51,777
2026-04-09 12:45:00,60.515,60.556,60.515,60.55,2836
2026-04-09 12:50:00,60.55,60.55,60.55,60.55,14209
2026-04-09 13:10:00,60.705,60.705,60.705,60.705,337
2026-04-09 13:15:00,60.72,60.72,60.72,60.72,1061
2026-04-09 13:20:00,60.71,60.71,60.71,60.71,200
2026-04-09 13:25:00,60.69,60.7,60.69,60.7,265
2026-04-09 13:40:00,60.73,60.73,60.73,60.73,100
2026-04-09 14:05:00,60.545,60.545,60.545,60.545,100
2026-04-09 14:10:00,60.5185,60.5185,60.5185,60.5185,826
2026-04-09 14:15:00,60.475,60.475,60.475,60.475,100
2026-04-09 14:20:00,60.4485,60.4485,60.4485,60.4485,250
2026-04-09 14:25:00,60.445,60.445,60.445,60.445,330
2026-04-09 14:30:00,60.4,60.4,60.4,60.4,478
2026-04-09 14:35:00,60.395,60.43,60.395,60.43,769
2026-04-09 14:50:00,60.43,60.43,60.415,60.415,775
2026-04-09 15:15:00,60.55,60.55,60.55,60.55,100
2026-04-09 15:20:00,60.5,60.5,60.5,60.5,178
2026-04-09 15:30:00,60.51,60.54,60.51,60.5303,516
2026-04-09 15:35:00,60.5,60.5,60.5,60.5,100
2026-04-09 15:40:00,60.493,60.493,60.47,60.47,320
2026-04-09 15:45:00,60.47,60.47,60.465,60.465,294
2026-04-09 15:50:00,60.45,60.49,60.45,60.49,5874
2026-04-09 15:55:00,60.42,60.44,60.42,60.44,1017
2026-04-09 16:00:00,60.43,60.44,60.42,60.42,1359
2026-04-10 09:30:00,60.49,60.49,60.49,60.49,141
2026-04-10 09:35:00,60.28,60.29,60.28,60.29,471
2026-04-10 09:40:00,60.2367,60.2367,60.2367,60.2367,311
2026-04-10 10:00:00,60.235,60.235,60.235,60.235,100
2026-04-10 10:05:00,60.3867,60.3867,60.3867,60.3867,508
2026-04-10 10:10:00,60.365,60.365,60.2998,60.2998,550
2026-04-10 10:15:00,60.43,60.43,60.39,60.39,216
2026-04-10 10:25:00,60.47,60.47,60.44,60.44,785
2026-04-10 10:30:00,60.47,60.49,60.435,60.435,1402
2026-04-10 10:35:00,60.41,60.45,60.41,60.445,675
2026-04-10 10:40:00,60.39,60.409,60.365,60.365,12668
2026-04-10 10:45:00,60.385,60.385,60.3344,60.3344,329
2026-04-10 10:55:00,60.36,60.36,60.36,60.36,100
2026-04-10 11:10:00,60.3201,60.3885,60.3201,60.38,5137
2026-04-10 11:20:00,60.34,60.36,60.34,60.36,321
2026-04-10 11:25:00,60.389,60.389,60.389,60.389,289
2026-04-10 11:30:00,60.385,60.385,60.385,60.385,100
2026-04-10 11:35:00,60.39,60.39,60.39,60.39,100
2026-04-10 11:50:00,60.255,60.255,60.24,60.24,308
2026-04-10 12:00:00,60.2,60.2,60.2,60.2,100
2026-04-10 12:10:00,60.1955,60.1955,60.1955,60.1955,115
2026-04-10 12:20:00,60.24,60.24,60.24,60.24,100
2026-04-10 12:25:00,60.222,60.222,60.222,60.222,131
2026-04-10 12:30:00,60.235,60.235,60.235,60.235,154
2026-04-10 12:35:00,60.21,60.21,60.21,60.21,100
2026-04-10 12:45:00,60.1501,60.1501,60.1501,60.1501,978
2026-04-10 12:50:00,60.1801,60.22,60.1801,60.22,334
2026-04-10 12:55:00,60.2275,60.2275,60.2275,60.2275,100
2026-04-10 13:00:00,60.18,60.18,60.18,60.18,987
2026-04-10 13:05:00,60.15,60.15,60.15,60.15,344
2026-04-10 13:15:00,60.172,60.172,60.172,60.172,167
2026-04-10 13:25:00,60.18,60.18,60.18,60.18,150
2026-04-10 13:30:00,60.16,60.16,60.16,60.16,100
2026-04-10 14:05:00,60.2,60.2,60.2,60.2,100
2026-04-10 14:15:00,60.1743,60.194,60.1743,60.194,714
2026-04-10 14:20:00,60.195,60.195,60.19,60.19,896
2026-04-10 14:30:00,60.17,60.17,60.16,60.16,2000
2026-04-10 14:45:00,60.1322,60.1322,60.1322,60.1322,186
2026-04-10 14:55:00,60.16,60.16,60.16,60.16,100
2026-04-10 15:15:00,60.1426,60.1426,60.1426,60.1426,113
2026-04-10 15:25:00,60.0701,60.095,60.0701,60.095,582
2026-04-10 15:30:00,60.11,60.11,60.11,60.11,423
2026-04-10 15:35:00,60.06,60.06,60.03,60.03,200
2026-04-10 15:40:00,60,60.03,60,60.03,628
2026-04-10 15:45:00,60.05,60.05,60.04,60.04,2007
2026-04-10 15:50:00,60.07,60.07,60.07,60.07,100
2026-04-10 16:00:00,60.05,60.05,60.05,60.05,376
2026-04-13 09:30:00,59.84,59.95,59.84,59.95,1883
2026-04-13 09:35:00,59.94,59.94,59.92,59.92,389
2026-04-13 09:40:00,59.9,59.9,59.9,59.9,500
2026-04-13 10:00:00,59.995,59.995,59.825,59.825,716
2026-04-13 10:05:00,59.93,59.93,59.93,59.93,100
2026-04-13 10:10:00,59.87,59.9,59.87,59.9,6570
2026-04-13 10:20:00,59.89,59.89,59.89,59.89,921
2026-04-13 10:25:00,59.89,59.9,59.89,59.9,502
2026-04-13 10:35:00,59.94,59.94,59.94,59.94,100
2026-04-13 10:40:00,59.9,59.9,59.9,59.9,500
2026-04-13 10:45:00,59.9,59.92,59.9,59.92,517
2026-04-13 11:00:00,59.85,59.85,59.85,59.85,100
2026-04-13 11:10:00,59.825,59.8295,59.825,59.8295,473
2026-04-13 11:25:00,59.81,59.81,59.81,59.81,100
2026-04-13 11:40:00,59.7993,59.7993,59.7993,59.7993,100
2026-04-13 11:45:00,59.78,59.78,59.78,59.78,100
2026-04-13 11:50:00,59.7998,59.7998,59.7998,59.7998,183
2026-04-13 12:00:00,59.81,59.83,59.81,59.82,453
2026-04-13 12:05:00,59.98,59.99,59.91,59.91,404
2026-04-13 12:15:00,59.99,59.9999,59.985,59.9999,352
2026-04-13 12:20:00,60.01,60.01,59.985,59.985,290
2026-04-13 12:25:00,60.06,60.06,60.06,60.06,621
2026-04-13 12:30:00,60.1,60.21,60.1,60.21,366
2026-04-13 12:35:00,60.18,60.24,60.18,60.18,2337
2026-04-13 12:40:00,60.1,60.12,60.1,60.12,592
2026-04-13 12:50:00,60.29,60.29,60.29,60.29,100
2026-04-13 12:55:00,60.24,60.25,60.2229,60.25,1190
2026-04-13 13:00:00,60.27,60.28,60.27,60.28,1565
2026-04-13 13:05:00,60.26,60.26,60.26,60.26,800
2026-04-13 13:10:00,60.27,60.27,60.26,60.26,1663
2026-04-13 13:15:00,60.2101,60.2101,60.2101,60.2101,116
2026-04-13 13:20:00,60.26,60.28,60.26,60.26,1995
2026-04-13 13:25:00,60.28,60.28,60.28,60.28,100
2026-04-13 13:35:00,60.24,60.26,60.24,60.26,1977
2026-04-13 13:40:00,60.24,60.24,60.215,60.215,568
2026-04-13 13:50:00,60.21,60.21,60.2,60.21,1195
2026-04-13 13:55:00,60.22,60.23,60.22,60.23,200
2026-04-13 14:05:00,60.24,60.24,60.24,60.24,1187
2026-04-13 14:15:00,60.32,60.32,60.32,60.32,100
2026-04-13 14:25:00,60.31,60.31,60.31,60.31,212
2026-04-13 14:30:00,60.3289,60.3289,60.3289,60.3289,320
2026-04-13 14:35:00,60.33,60.33,60.33,60.33,100
2026-04-13 14:55:00,60.38,60.38,60.38,60.38,100
2026-04-13 15:05:00,60.38,60.38,60.35,60.35,5108
2026-04-13 15:10:00,60.39,60.39,60.38,60.385,4184
2026-04-13 15:15:00,60.38,60.3856,60.38,60.3856,721
2026-04-13 15:20:00,60.38,60.4,60.38,60.4,450
2026-04-13 15:25:00,60.4001,60.4001,60.4,60.4,1195
2026-04-13 15:35:00,60.42,60.42,60.42,60.42,110
2026-04-13 15:40:00,60.45,60.45,60.45,60.45,100
2026-04-13 15:55:00,60.62,60.62,60.62,60.62,8245
2026-04-13 16:00:00,60.62,60.64,60.62,60.62,1875
2026-04-14 09:30:00,60.77,60.77,60.77,60.77,673
2026-04-14 09:35:00,60.45,60.45,60.45,60.45,200
2026-04-14 09:40:00,60.69,60.8048,60.69,60.8048,300
2026-04-14 09:45:00,60.695,60.695,60.695,60.695,250
2026-04-14 09:50:00,60.58,60.62,60.58,60.62,386
2026-04-14 10:00:00,60.76,60.82,60.76,60.82,250
2026-04-14 10:05:00,60.78,60.78,60.74,60.74,1400
2026-04-14 10:10:00,60.84,60.84,60.84,60.84,984
2026-04-14 10:15:00,60.83,60.83,60.83,60.83,100
2026-04-14 10:30:00,60.8898,60.8898,60.8898,60.8898,650
2026-04-14 10:35:00,60.9,60.9,60.9,60.9,412
2026-04-14 10:40:00,60.9,60.9,60.9,60.9,364
2026-04-14 10:45:00,60.96,61,60.96,61,250
2026-04-14 10:50:00,61,61,61,61,148
2026-04-14 11:15:00,60.9,60.9,60.9,60.9,100
2026-04-14 11:25:00,61.09,61.09,61.09,61.09,100
2026-04-14 11:30:00,61.102,61.102,61.102,61.102,172
2026-04-14 11:35:00,61.045,61.045,61.045,61.045,130
2026-04-14 11:40:00,61.04,61.04,61.04,61.04,300
2026-04-14 11:45:00,61.03,61.05,61.03,61.05,600
2026-04-14 11:55:00,61.05,61.05,61.03,61.04,606
2026-04-14 12:05:00,60.9724,61.01,60.9724,61.01,750
2026-04-14 12:15:00,60.965,60.965,60.965,60.965,105
2026-04-14 12:25:00,60.97,60.97,60.95,60.95,300
2026-04-14 12:40:00,60.96,60.96,60.96,60.96,100
2026-04-14 12:50:00,60.89,60.89,60.89,60.89,200
2026-04-14 13:00:00,60.87,60.87,60.87,60.87,100
2026-04-14 13:05:00,60.875,60.875,60.875,60.875,400
2026-04-14 13:15:00,60.9,60.9,60.9,60.9,465
2026-04-14 13:20:00,60.925,60.925,60.925,60.925,102
2026-04-14 13:25:00,60.94,60.94,60.94,60.94,100
2026-04-14 13:30:00,60.96,60.96,60.96,60.96,3997
2026-04-14 13:35:00,60.965,60.965,60.965,60.965,143
2026-04-14 13:40:00,60.955,60.955,60.94,60.94,376
2026-04-14 13:45:00,60.94,60.96,60.94,60.96,363
2026-04-14 13:50:00,60.93,60.93,60.93,60.93,340
2026-04-14 14:00:00,60.9079,60.94,60.9079,60.93,400
2026-04-14 14:05:00,60.94,60.95,60.94,60.95,1136
2026-04-14 14:10:00,60.95,60.95,60.925,60.925,357
2026-04-14 14:20:00,60.84,60.84,60.84,60.84,100
2026-04-14 14:25:00,60.84,60.88,60.84,60.88,1165
2026-04-14 14:40:00,60.9,60.9,60.9,60.9,100
2026-04-14 14:45:00,60.895,60.895,60.895,60.895,1940
2026-04-14 14:50:00,60.875,60.875,60.875,60.875,132
2026-04-14 14:55:00,60.899,60.9,60.899,60.9,645
2026-04-14 15:00:00,60.885,60.885,60.885,60.885,200
2026-04-14 15:10:00,60.88,60.92,60.88,60.92,504
2026-04-14 15:30:00,60.945,60.965,60.945,60.965,722
2026-04-14 15:35:00,60.955,60.96,60.955,60.96,459
2026-04-14 15:40:00,60.97,60.97,60.93,60.93,4029
2026-04-14 15:45:00,60.95,60.96,60.95,60.96,2532
2026-04-14 15:50:00,60.93,60.93,60.86,60.86,10128
2026-04-14 15:55:00,60.86,60.9,60.86,60.88,67382
2026-04-14 16:00:00,60.88,60.895,60.87,60.87,14374
2026-04-15 09:30:00,60.77,60.77,60.522,60.525,1972
2026-04-15 09:35:00,60.38,60.38,60.2207,60.37,1170
2026-04-15 09:45:00,60.3361,60.3361,60.3361,60.3361,740
2026-04-15 09:55:00,60.2057,60.2057,60.1919,60.1919,422
2026-04-15 10:00:00,60.29,60.29,60.12,60.2,4190
2026-04-15 10:05:00,60.15,60.15,60.11,60.1227,1351
2026-04-15 10:10:00,60.06,60.06,60.06,60.06,100
2026-04-15 10:20:00,60.2,60.2,60.2,60.2,112
2026-04-15 10:35:00,60.105,60.105,60.105,60.105,132
2026-04-15 10:40:00,60.06,60.06,60.06,60.06,913
2026-04-15 10:45:00,60.17,60.185,60.17,60.185,271
2026-04-15 10:50:00,60.13,60.13,60.13,60.13,1500
2026-04-15 10:55:00,60.06,60.06,60.0302,60.0302,619
2026-04-15 11:00:00,60.05,60.05,59.93,59.94,560
2026-04-15 11:05:00,59.94,59.94,59.94,59.94,300
2026-04-15 11:10:00,60.065,60.065,60.065,60.065,346
2026-04-15 11:20:00,60.092,60.092,60.05,60.055,4039
2026-04-15 11:40:00,59.94,59.94,59.94,59.94,100
2026-04-15 11:55:00,59.86,59.86,59.86,59.86,200
2026-04-15 12:00:00,59.85,59.85,59.84,59.84,2300
2026-04-15 12:05:00,59.78,59.78,59.78,59.78,100
2026-04-15 12:10:00,59.7854,59.7854,59.77,59.77,2413
2026-04-15 12:15:00,59.775,59.775,59.72,59.72,738
2026-04-15 12:20:00,59.745,59.745,59.745,59.745,175
2026-04-15 12:25:00,59.74,59.74,59.74,59.74,400
2026-04-15 12:30:00,59.795,59.86,59.795,59.86,328
2026-04-15 12:40:00,59.735,59.735,59.735,59.735,338
2026-04-15 12:45:00,59.695,59.695,59.695,59.695,346
2026-04-15 12:50:00,59.76,59.76,59.715,59.715,505
2026-04-15 12:55:00,59.7699,59.7699,59.7699,59.7699,100
2026-04-15 13:00:00,59.77,59.77,59.77,59.77,100
2026-04-15 13:20:00,59.8504,59.8504,59.8504,59.8504,406
2026-04-15 13:25:00,59.88,59.89,59.875,59.875,13748
2026-04-15 13:30:00,59.87,59.87,59.87,59.87,1333
2026-04-15 13:35:00,59.9,59.9,59.9,59.9,100
2026-04-15 13:45:00,59.8671,59.88,59.8671,59.88,1258
2026-04-15 14:00:00,59.9,59.9,59.9,59.9,100
2026-04-15 14:05:00,59.99,60.01,59.99,60.01,4932
2026-04-15 14:10:00,59.9441,59.9441,59.9441,59.9441,102
2026-04-15 14:20:00,59.98,59.98,59.98,59.98,800
2026-04-15 14:30:00,59.95,59.99,59.95,59.99,348
2026-04-15 14:50:00,60,60,59.985,59.985,466
2026-04-15 15:00:00,60.025,60.025,60.025,60.025,260
2026-04-15 15:05:00,60.025,60.0672,60.025,60.0672,4857
2026-04-15 15:10:00,60.0511,60.06,60.0511,60.06,842
2026-04-15 15:25:00,60.04,60.04,60.04,60.04,200
2026-04-15 15:30:00,60.045,60.045,60.045,60.045,200
2026-04-15 15:40:00,59.935,59.97,59.935,59.97,504
2026-04-15 15:45:00,59.9459,59.995,59.9401,59.995,1284
2026-04-15 15:50:00,59.995,60.015,59.9603,59.9901,856
2026-04-15 15:55:00,60,60.01,60,60.01,984
2026-04-15 16:00:00,59.99,60.02,59.98,59.98,600
2026-04-16 09:30:00,60.08,60.08,60.08,60.08,2084
2026-04-16 09:35:00,60.3866,60.3866,60.3866,60.3866,134
2026-04-16 10:05:00,60.035,60.035,60.035,60.035,1000
2026-04-16 10:20:00,60.06,60.07,60.06,60.07,2286
2026-04-16 10:25:00,59.945,59.945,59.93,59.93,342
2026-04-16 10:35:00,59.855,59.855,59.855,59.855,115
2026-04-16 10:40:00,59.83,59.83,59.83,59.83,100
2026-04-16 10:50:00,59.97,59.98,59.95,59.98,500
2026-04-16 10:55:00,60.095,60.095,60.095,60.095,150
2026-04-16 11:00:00,60.1166,60.1166,60.1166,60.1166,493
2026-04-16 11:05:00,60.095,60.095,60.095,60.095,107
2026-04-16 11:20:00,60.26,60.26,60.26,60.26,195
2026-04-16 11:25:00,60.31,60.31,60.31,60.31,100
2026-04-16 11:35:00,60.21,60.28,60.21,60.28,223
2026-04-16 11:50:00,60.27,60.275,60.27,60.275,216
2026-04-16 11:55:00,60.3,60.3,60.3,60.3,100
2026-04-16 12:00:00,60.32,60.32,60.32,60.32,200
2026-04-16 12:05:00,60.31,60.31,60.31,60.31,100
2026-04-16 12:15:00,60.33,60.33,60.33,60.33,100
2026-04-16 12:20:00,60.2935,60.2935,60.2935,60.2935,7149
2026-04-16 12:25:00,60.3,60.32,60.3,60.31,1046
2026-04-16 12:35:00,60.21,60.21,60.21,60.21,200
2026-04-16 12:40:00,60.19,60.19,60.19,60.19,100
2026-04-16 12:45:00,60.145,60.145,60.145,60.145,476
2026-04-16 13:05:00,60.1,60.1,60.1,60.1,200
2026-04-16 13:15:00,60.04,60.06,60.04,60.06,4732
2026-04-16 13:20:00,60.01,60.04,60.01,60.04,313
2026-04-16 13:25:00,60.065,60.0889,60.065,60.0889,200
2026-04-16 13:30:00,60.09,60.09,60.09,60.09,6715
2026-04-16 13:35:00,60.06,60.07,60.06,60.07,1000
2026-04-16 13:45:00,60.085,60.085,60.085,60.085,605
2026-04-16 13:50:00,60.06,60.085,60.06,60.085,916
2026-04-16 14:00:00,60.11,60.11,60.11,60.11,693
2026-04-16 14:05:00,60.1,60.1,60.1,60.1,928
2026-04-16 14:10:00,60.12,60.139,60.12,60.135,1582
2026-04-16 14:15:00,60.15,60.17,60.15,60.17,744
2026-04-16 14:20:00,60.18,60.18,60.18,60.18,323
2026-04-16 14:30:00,60.095,60.095,60.095,60.095,1382
2026-04-16 14:35:00,60.0846,60.0846,60.065,60.065,600
2026-04-16 14:45:00,60.07,60.08,60.07,60.08,723
2026-04-16 14:50:00,60.05,60.06,60.05,60.06,1021
2026-04-16 15:00:00,60.105,60.14,60.105,60.14,757
2026-04-16 15:10:00,60.16,60.16,60.16,60.16,100
2026-04-16 15:15:00,60.115,60.15,60.115,60.15,266
2026-04-16 15:20:00,60.115,60.115,60.115,60.115,1792
2026-04-16 15:25:00,60.0862,60.09,60.0862,60.09,458
2026-04-16 15:30:00,60.055,60.055,60.03,60.03,800
2026-04-16 15:35:00,60.02,60.04,60.02,60.04,1100
2026-04-16 15:45:00,60.04,60.04,60.04,60.04,100
2026-04-16 15:55:00,60.03,60.05,60.02,60.05,5316
2026-04-16 16:00:00,60.01,60.01,60.01,60.01,349
2026-04-17 09:25:00,60.72,60.72,60.72,60.72,147
2026-04-17 09:30:00,60.78,60.78,60.78,60.78,4183
2026-04-17 09:40:00,60.905,60.905,60.905,60.905,225
2026-04-17 09:45:00,60.91,60.91,60.91,60.91,148
2026-04-17 09:50:00,61.075,61.15,61.075,61.15,642
2026-04-17 10:05:00,61.4299,61.4299,61.4299,61.4299,424
2026-04-17 10:15:00,61.47,61.47,61.47,61.47,100
2026-04-17 10:20:00,61.52,61.545,61.485,61.545,370
2026-04-17 10:30:00,61.59,61.6,61.55,61.59,65176
2026-04-17 10:35:00,61.74,61.74,61.705,61.705,347
2026-04-17 10:40:00,61.765,61.765,61.765,61.765,307
2026-04-17 10:45:00,61.8,61.8,61.8,61.8,100
2026-04-17 10:55:00,61.73,61.73,61.73,61.73,1000
2026-04-17 11:00:00,61.58,61.64,61.58,61.64,200
2026-04-17 11:05:00,61.565,61.565,61.565,61.565,167
2026-04-17 11:10:00,61.53,61.53,61.53,61.53,200
2026-04-17 11:15:00,61.47,61.47,61.37,61.38,334
2026-04-17 11:25:00,61.38,61.4,61.38,61.4,246
2026-04-17 11:30:00,61.455,61.475,61.455,61.475,4045
2026-04-17 11:45:00,61.425,61.49,61.425,61.49,556
2026-04-17 11:50:00,61.5393,61.58,61.5393,61.58,595
2026-04-17 12:20:00,61.62,61.62,61.62,61.62,250
2026-04-17 12:25:00,61.561,61.561,61.561,61.561,113
2026-04-17 12:30:00,61.5923,61.5923,61.5923,61.5923,189
2026-04-17 12:45:00,61.675,61.675,61.675,61.675,162
2026-04-17 12:50:00,61.675,61.675,61.675,61.675,100
2026-04-17 13:00:00,61.64,61.64,61.64,61.64,100
2026-04-17 13:05:00,61.48,61.48,61.48,61.48,400
2026-04-17 13:10:00,61.535,61.535,61.535,61.535,122
2026-04-17 13:15:00,61.56,61.56,61.56,61.56,203
2026-04-17 13:20:00,61.48,61.48,61.48,61.48,1600
2026-04-17 13:25:00,61.415,61.44,61.415,61.44,1105
2026-04-17 13:35:00,61.3699,61.39,61.3201,61.39,1002
2026-04-17 13:45:00,61.305,61.36,61.305,61.36,868
2026-04-17 13:55:00,61.45,61.45,61.45,61.45,100
2026-04-17 14:00:00,61.425,61.425,61.425,61.425,100
2026-04-17 14:05:00,61.38,61.38,61.38,61.38,100
2026-04-17 14:20:00,61.315,61.315,61.315,61.315,400
2026-04-17 14:30:00,61.3501,61.42,61.3501,61.42,2578
2026-04-17 14:35:00,61.4,61.4,61.4,61.4,1325
2026-04-17 14:40:00,61.3297,61.34,61.3297,61.34,1055
2026-04-17 14:45:00,61.36,61.36,61.36,61.36,200
2026-04-17 14:55:00,61.3,61.3,61.3,61.3,100
2026-04-17 15:15:00,61.185,61.21,61.16,61.16,1189
2026-04-17 15:20:00,61.125,61.15,61.125,61.15,394
2026-04-17 15:30:00,61.1699,61.1699,61.1699,61.1699,212
2026-04-17 15:35:00,61.15,61.15,61.15,61.15,200
2026-04-17 15:40:00,61.24,61.24,61.24,61.24,100
2026-04-17 15:50:00,61.19,61.19,61.19,61.19,100
2026-04-17 16:00:00,61.15,61.15,61.15,61.15,200
2026-04-20 09:30:00,61.03,61.03,60.8,60.8,1144
2026-04-20 09:35:00,60.97,60.97,60.97,60.97,250
2026-04-20 09:50:00,61.2,61.2,61.2,61.2,123
2026-04-20 10:00:00,61.2499,61.2499,61.2499,61.2499,100
2026-04-20 10:10:00,61.22,61.22,61.2185,61.2185,523
2026-04-20 10:15:00,61.2001,61.4,61.2001,61.35,2408
2026-04-20 10:20:00,61.355,61.355,61.355,61.355,128
2026-04-20 10:30:00,61.315,61.33,61.26,61.26,564
2026-04-20 10:40:00,61.31,61.31,61.31,61.31,100
2026-04-20 10:50:00,61.37,61.37,61.29,61.29,450
2026-04-20 11:05:00,61.34,61.34,61.32,61.32,558
2026-04-20 11:15:00,61.36,61.36,61.36,61.36,100
2026-04-20 11:20:00,61.4,61.4,61.4,61.4,200
2026-04-20 11:30:00,61.44,61.44,61.44,61.44,100
2026-04-20 11:35:00,61.3838,61.3838,61.3838,61.3838,139
2026-04-20 11:40:00,61.385,61.385,61.36,61.36,304
2026-04-20 11:50:00,61.39,61.4,61.39,61.4,20100
2026-04-20 12:00:00,61.37,61.37,61.37,61.37,190
2026-04-20 12:05:00,61.3591,61.36,61.3591,61.36,821
2026-04-20 12:10:00,61.365,61.3766,61.365,61.3766,1355
2026-04-20 12:15:00,61.34,61.35,61.34,61.35,408
2026-04-20 12:20:00,61.35,61.35,61.35,61.35,100
2026-04-20 12:25:00,61.375,61.375,61.3501,61.36,1730
2026-04-20 12:30:00,61.35,61.37,61.35,61.37,2239
2026-04-20 12:35:00,61.364,61.364,61.3307,61.34,3637
2026-04-20 12:40:00,61.31,61.31,61.29,61.29,1781
2026-04-20 12:50:00,61.345,61.345,61.345,61.345,222
2026-04-20 13:00:00,61.38,61.38,61.38,61.38,100
2026-04-20 13:10:00,61.4,61.4,61.3801,61.3801,200
2026-04-20 13:15:00,61.4197,61.4197,61.41,61.41,424
2026-04-20 13:20:00,61.38,61.39,61.375,61.39,608
2026-04-20 13:30:00,61.38,61.38,61.38,61.38,188
2026-04-20 13:35:00,61.4,61.4,61.36,61.36,1012
2026-04-20 13:40:00,61.39,61.39,61.39,61.39,150
2026-04-20 13:45:00,61.37,61.37,61.37,61.37,100
2026-04-20 14:00:00,61.34,61.34,61.34,61.34,478
2026-04-20 14:05:00,61.36,61.37,61.36,61.37,913
2026-04-20 14:10:00,61.39,61.39,61.36,61.365,1094
2026-04-20 14:15:00,61.45,61.45,61.45,61.45,100
2026-04-20 14:25:00,61.4,61.4,61.4,61.4,100
2026-04-20 14:40:00,61.42,61.42,61.42,61.42,100
2026-04-20 14:45:00,61.43,61.47,61.43,61.47,713
2026-04-20 14:50:00,61.4734,61.51,61.4734,61.51,206
2026-04-20 15:00:00,61.48,61.48,61.48,61.48,300
2026-04-20 15:05:00,61.5302,61.5302,61.5302,61.5302,278
2026-04-20 15:10:00,61.5,61.5,61.4877,61.5,869
2026-04-20 15:25:00,61.49,61.49,61.485,61.485,485
2026-04-20 15:35:00,61.47,61.47,61.4678,61.4678,409
2026-04-20 15:40:00,61.42,61.42,61.42,61.42,130
2026-04-20 15:45:00,61.44,61.4597,61.44,61.4597,325
2026-04-20 15:50:00,61.44,61.46,61.44,61.46,356
2026-04-20 15:55:00,61.46,61.475,61.46,61.47,2095
2026-04-21 09:30:00,61.49,61.49,61.49,61.49,670
2026-04-21 09:35:00,61.4401,61.56,61.4401,61.56,608
2026-04-21 09:40:00,61.73,61.74,61.73,61.74,320
2026-04-21 09:45:00,61.7432,61.7432,61.7432,61.7432,100
2026-04-21 09:50:00,61.78,61.78,61.78,61.78,100
2026-04-21 09:55:00,61.77,61.77,61.77,61.77,100
2026-04-21 10:00:00,61.64,61.64,61.64,61.64,100
2026-04-21 10:05:00,61.705,61.705,61.705,61.705,100
2026-04-21 10:10:00,61.67,61.67,61.67,61.67,100
2026-04-21 10:15:00,61.71,61.7231,61.71,61.7231,206
2026-04-21 10:20:00,61.71,61.72,61.69,61.72,300
2026-04-21 10:25:00,61.65,61.65,61.65,61.65,100
2026-04-21 10:30:00,61.63,61.63,61.63,61.63,909
2026-04-21 10:50:00,61.45,61.45,61.45,61.45,100
2026-04-21 11:00:00,61.28,61.28,61.14,61.14,466
2026-04-21 11:05:00,61.2,61.2,61.2,61.2,100
2026-04-21 11:10:00,61.2,61.2,61.2,61.2,525
2026-04-21 11:15:00,61.12,61.12,61.12,61.12,100
2026-04-21 11:20:00,61.1,61.1,61.1,61.1,100
2026-04-21 11:25:00,61,61,61,61,200
2026-04-21 11:30:00,61.035,61.035,61.035,61.035,346
2026-04-21 11:35:00,60.98,61.0099,60.98,61.0099,231
2026-04-21 11:40:00,61.0456,61.0456,61.0456,61.0456,1063
2026-04-21 11:50:00,60.99,60.99,60.99,60.99,363
2026-04-21 12:00:00,61.04,61.115,61.04,61.115,295
2026-04-21 12:05:00,61.1543,61.1543,61.1543,61.1543,286
2026-04-21 12:20:00,61.08,61.08,61.08,61.08,100
2026-04-21 12:25:00,61.075,61.08,61.075,61.08,325
2026-04-21 12:30:00,61.195,61.195,61.195,61.195,131
2026-04-21 12:35:00,61.15,61.15,61.15,61.15,100
2026-04-21 12:40:00,61.1,61.1,61.1,61.1,200
2026-04-21 12:55:00,61.1,61.1,61.1,61.1,400
2026-04-21 13:00:00,61.12,61.12,61.12,61.12,100
2026-04-21 13:05:00,61.08,61.08,61.03,61.06,52684
2026-04-21 13:10:00,60.93,60.95,60.93,60.95,200
2026-04-21 13:15:00,60.87,60.87,60.865,60.865,400
2026-04-21 13:20:00,60.85,60.85,60.845,60.845,600
2026-04-21 13:25:00,60.96,60.96,60.96,60.96,100
2026-04-21 13:30:00,60.9301,60.9301,60.9301,60.9301,800
2026-04-21 13:35:00,60.955,61.15,60.955,61.14,3644
2026-04-21 13:40:00,61.1,61.1199,61.075,61.1199,1604
2026-04-21 14:05:00,61.01,61.01,61.005,61.005,325
2026-04-21 14:15:00,60.955,60.955,60.87,60.92,3745
2026-04-21 14:25:00,60.8402,60.8402,60.8402,60.8402,171
2026-04-21 14:30:00,60.88,60.88,60.88,60.88,100
2026-04-21 14:45:00,60.9,60.93,60.9,60.93,1058
2026-04-21 14:50:00,60.96,61.05,60.96,61.05,800
2026-04-21 14:55:00,61.06,61.14,61.06,61.13,625
2026-04-21 15:05:00,61.14,61.14,61.13,61.13,310
2026-04-21 15:10:00,61.16,61.16,61.13,61.13,317
2026-04-21 15:15:00,61.19,61.19,61.19,61.19,1000
2026-04-21 15:20:00,61.1899,61.22,61.1899,61.22,700
2026-04-21 15:25:00,61.2811,61.2811,61.26,61.26,214
2026-04-21 15:40:00,61.09,61.09,60.87,60.87,450
2026-04-21 15:45:00,60.82,60.89,60.8,60.89,3124
2026-04-21 15:50:00,60.91,60.91,60.82,60.82,801
2026-04-21 15:55:00,60.9,60.91,60.88,60.885,4009