2026-04-07 07:00:00,17.22,17.22,17.22,17.22,250
2026-04-07 07:30:00,17.053,17.053,17.053,17.053,300
2026-04-07 08:35:00,17.41,17.41,17.41,17.41,200
2026-04-07 09:30:00,17.46,17.46,17.46,17.46,168
2026-04-07 09:35:00,17.5,17.5,17.3,17.3,5024
2026-04-07 09:45:00,17.1,17.1,17.1,17.1,250
2026-04-07 10:05:00,16.6407,16.6407,16.6407,16.6407,129
2026-04-07 10:15:00,16.8723,16.8723,16.8,16.8,200
2026-04-07 10:35:00,16.76,16.76,16.76,16.76,114
2026-04-07 11:00:00,16.74,16.74,16.58,16.58,2299
2026-04-07 11:05:00,16.5,16.51,16.38,16.51,1900
2026-04-07 11:10:00,16.58,16.58,16.58,16.58,1000
2026-04-07 11:25:00,16.95,16.95,16.855,16.855,830
2026-04-07 11:35:00,17.3,17.3,17.3,17.3,300
2026-04-07 12:20:00,17.34,17.34,17.34,17.34,4824
2026-04-07 12:25:00,17.4,17.4,17.4,17.4,211
2026-04-07 12:45:00,17.3564,17.3564,17.3564,17.3564,100
2026-04-07 13:00:00,17.43,17.43,17.43,17.43,100
2026-04-07 13:20:00,17.13,17.2,17.13,17.2,210
2026-04-07 13:35:00,17.34,17.34,17.34,17.34,119
2026-04-07 13:55:00,17.168,17.168,17.168,17.168,100
2026-04-07 14:15:00,16.99,16.99,16.99,16.99,100
2026-04-07 14:30:00,17.06,17.08,17.06,17.08,200
2026-04-07 14:35:00,17.1,17.1,17.1,17.1,200
2026-04-07 15:10:00,17,17,17,17,100
2026-04-07 15:15:00,17.202,17.202,17.202,17.202,298
2026-04-07 15:45:00,17.31,17.31,17.16,17.16,10220
2026-04-07 15:50:00,17.29,17.29,17.29,17.29,100
2026-04-07 18:00:00,17.42,17.42,17.41,17.41,200
2026-04-07 18:10:00,17.2071,17.2071,17.2071,17.2071,100
2026-04-07 18:35:00,17.8,17.8,17.8,17.8,100
2026-04-07 18:40:00,17.56,17.56,17.56,17.56,100
2026-04-07 18:45:00,17.4,17.4,17.4,17.4,194
2026-04-07 19:00:00,18.37,18.37,18.37,18.37,100
2026-04-07 19:05:00,18.38,18.4,18.12,18.12,1653
2026-04-07 19:10:00,18.13,18.13,18.12,18.12,250
2026-04-07 19:25:00,18.3,18.4,18.3,18.4,300
2026-04-07 19:35:00,18.2,18.2,18.2,18.2,250
2026-04-07 19:45:00,18.2,18.2,18.2,18.2,100
2026-04-07 19:55:00,18.4872,18.4872,18.4872,18.4872,100
2026-04-08 04:05:00,18.59,18.6,18.59,18.6,607
2026-04-08 04:10:00,18.49,18.49,18.49,18.49,135
2026-04-08 07:30:00,18.58,18.58,18.58,18.58,100
2026-04-08 08:05:00,18.52,18.52,18.52,18.52,116
2026-04-08 08:25:00,18.5,18.5,18.5,18.5,200
2026-04-08 08:40:00,18.49,18.49,18.49,18.49,100
2026-04-08 09:05:00,18.45,18.45,18.45,18.45,100
2026-04-08 09:15:00,18.53,18.53,18.53,18.53,108
2026-04-08 09:30:00,18.63,19.01,18.6,18.88,2370
2026-04-08 09:35:00,19.0719,19.0719,19.0719,19.0719,100
2026-04-08 09:40:00,18.94,18.94,18.94,18.94,550
2026-04-08 09:45:00,18.22,18.4,18.07,18.1316,1233
2026-04-08 09:50:00,18,18.2,18,18.2,1052
2026-04-08 09:55:00,18.12,18.12,17.95,17.95,488
2026-04-08 10:05:00,17.87,17.91,17.87,17.91,211
2026-04-08 10:35:00,18.3301,18.3301,18.3301,18.3301,100
2026-04-08 10:55:00,18.33,18.33,18.33,18.33,199
2026-04-08 11:10:00,18.21,18.21,18.21,18.21,105
2026-04-08 11:35:00,17.96,17.96,17.96,17.96,100
2026-04-08 11:40:00,18.06,18.16,18.06,18.16,248
2026-04-08 11:45:00,18.12,18.12,18.12,18.12,512
2026-04-08 12:00:00,18.342,18.342,18.342,18.342,100
2026-04-08 12:40:00,18.2104,18.2104,18.2104,18.2104,100
2026-04-08 12:50:00,18.35,18.35,18.34,18.34,230
2026-04-08 13:00:00,18.28,18.28,18.28,18.28,495
2026-04-08 13:15:00,17.88,17.88,17.88,17.88,442
2026-04-08 13:20:00,17.92,17.92,17.92,17.92,450
2026-04-08 14:10:00,17.63,17.63,17.63,17.63,100
2026-04-08 14:15:00,17.62,17.62,17.62,17.62,500
2026-04-08 14:20:00,17.5,17.5,17.5,17.5,375
2026-04-08 14:35:00,17.45,17.45,17.4474,17.4474,254
2026-04-08 14:40:00,17.44,17.44,17.44,17.44,500
2026-04-08 14:55:00,17.415,17.415,17.415,17.415,100
2026-04-08 15:00:00,17.3,17.3,17.3,17.3,100
2026-04-08 15:35:00,17.28,17.28,17.245,17.245,678
2026-04-08 16:00:00,17.28,17.28,17.23,17.23,291
2026-04-08 17:45:00,17.63,17.63,17.5,17.5,500
2026-04-09 09:00:00,17.32,17.32,17.32,17.32,1000
2026-04-09 09:30:00,17.28,17.28,17.28,17.28,201
2026-04-09 09:35:00,16.5,16.58,16.3,16.58,920
2026-04-09 09:40:00,16.3,16.44,16.3,16.38,1700
2026-04-09 09:45:00,16.25,16.25,15.77,15.77,2961
2026-04-09 09:50:00,15.37,15.55,15.25,15.25,3316
2026-04-09 09:55:00,15.25,15.565,15.25,15.565,3748
2026-04-09 10:00:00,15.66,15.6629,15.35,15.35,1364
2026-04-09 10:05:00,15.42,15.42,15,15,2056
2026-04-09 10:10:00,14.9,15.07,14.89,15.07,1253
2026-04-09 10:15:00,15.025,15.025,14.85,14.9,10889
2026-04-09 10:20:00,14.88,14.88,14.67,14.67,1653
2026-04-09 10:25:00,14.9787,14.9787,14.94,14.95,4321
2026-04-09 10:30:00,14.99,14.99,14.92,14.92,7430
2026-04-09 10:35:00,14.98,15.01,14.86,14.97,8279
2026-04-09 10:40:00,14.965,15.0399,14.93,15.0399,4733
2026-04-09 10:45:00,15.06,15.1,15.0001,15.0001,9626
2026-04-09 10:50:00,14.98,14.98,14.8,14.9,12092
2026-04-09 10:55:00,14.9,14.9,14.7,14.78,10242
2026-04-09 11:00:00,14.67,14.6989,14.3,14.3,6677
2026-04-09 11:05:00,14.388,14.4791,14.3001,14.3001,614
2026-04-09 11:10:00,14.455,14.565,14.3501,14.565,700
2026-04-09 11:15:00,14.79,14.8,14.7801,14.7801,4899
2026-04-09 11:20:00,14.8,14.8454,14.65,14.65,976
2026-04-09 11:25:00,14.68,14.68,14.4,14.4,2990
2026-04-09 11:30:00,14.35,14.545,14.35,14.49,1821
2026-04-09 11:35:00,14.6,14.6,14.57,14.57,300
2026-04-09 11:40:00,14.4,14.4,14.3809,14.3809,300
2026-04-09 11:45:00,14.3,14.4838,14.3,14.47,1800
2026-04-09 11:50:00,14.41,14.4581,14.3001,14.3001,450
2026-04-09 11:55:00,14.4,14.4776,14.3535,14.4776,5195
2026-04-09 12:00:00,14.4,14.49,14.395,14.49,2706
2026-04-09 12:05:00,14.45,14.53,14.4,14.51,3360
2026-04-09 12:10:00,14.475,14.52,14.34,14.34,1649
2026-04-09 12:15:00,14.35,14.35,14.26,14.2936,2979
2026-04-09 12:20:00,14.29,14.32,14.25,14.27,1750
2026-04-09 12:25:00,14.25,14.29,14.125,14.125,3722
2026-04-09 12:30:00,14.08,14.1,13.88,13.88,11528
2026-04-09 12:35:00,13.865,13.865,13.827,13.827,315
2026-04-09 12:40:00,13.9513,13.96,13.9229,13.9229,850
2026-04-09 12:45:00,13.89,13.96,13.89,13.95,12862
2026-04-09 12:50:00,13.8501,13.935,13.8,13.8001,1723
2026-04-09 12:55:00,13.85,13.8693,13.8,13.8222,2045
2026-04-09 13:00:00,13.8094,13.87,13.75,13.87,5988
2026-04-09 13:05:00,13.795,13.88,13.77,13.88,1876
2026-04-09 13:10:00,13.92,13.9683,13.8,13.9683,2600
2026-04-09 13:15:00,13.89,13.9,13.81,13.81,1000
2026-04-09 13:20:00,13.85,13.85,13.7501,13.8,3470
2026-04-09 13:25:00,13.81,13.82,13.75,13.81,1112
2026-04-09 13:30:00,13.78,13.8682,13.75,13.8682,3402
2026-04-09 13:35:00,13.7501,13.82,13.7501,13.82,466
2026-04-09 13:40:00,13.795,13.8584,13.75,13.78,1291
2026-04-09 13:45:00,13.83,13.84,13.83,13.84,200
2026-04-09 13:50:00,13.86,13.86,13.71,13.71,7144
2026-04-09 13:55:00,13.7,13.78,13.7,13.75,1099
2026-04-09 14:00:00,13.76,13.76,13.7,13.7,4527
2026-04-09 14:05:00,13.7186,13.7186,13.7186,13.7186,2000
2026-04-09 14:10:00,13.69,13.69,13.65,13.65,1516
2026-04-09 14:15:00,13.75,13.75,13.63,13.63,12404
2026-04-09 14:20:00,13.61,13.688,13.6,13.6,1680
2026-04-09 14:25:00,13.555,13.63,13.555,13.63,300
2026-04-09 14:30:00,13.51,13.53,13.51,13.51,471
2026-04-09 14:35:00,13.5,13.5599,13.4001,13.43,33741
2026-04-09 14:40:00,13.4699,13.4699,13.365,13.37,8264
2026-04-09 14:45:00,13.37,13.37,13.35,13.35,20439
2026-04-09 14:50:00,13.41,13.4499,13.2,13.29,10166
2026-04-09 14:55:00,13.2757,13.28,13.2757,13.28,200
2026-04-09 15:05:00,13.35,13.35,13.35,13.35,100
2026-04-09 15:10:00,13.3517,13.4884,13.3517,13.46,3923
2026-04-09 15:15:00,13.455,13.53,13.455,13.465,2900
2026-04-09 15:20:00,13.42,13.42,13.23,13.23,2406
2026-04-09 15:25:00,13.22,13.22,13.22,13.22,574
2026-04-09 15:30:00,13.36,13.36,13.25,13.25,3181
2026-04-09 15:35:00,13.2,13.2,13.135,13.135,3568
2026-04-09 15:40:00,13.195,13.25,13.19,13.2,4702
2026-04-09 15:45:00,13.24,13.24,13.1,13.1,13638
2026-04-09 15:50:00,13.22,13.28,13.16,13.16,1900
2026-04-09 15:55:00,13.1001,13.46,13.1001,13.3,4880
2026-04-09 16:00:00,13.26,13.35,13.26,13.35,200
2026-04-09 16:05:00,13.3,13.3,13.3,13.3,200
2026-04-09 16:10:00,13.3,13.48,13.3,13.48,686
2026-04-09 16:20:00,13.22,13.22,13.22,13.22,100
2026-04-09 16:25:00,13.28,13.28,13.28,13.28,500
2026-04-09 17:10:00,13.4233,13.4233,13.4233,13.4233,100
2026-04-09 17:20:00,13.4297,13.4297,13.4297,13.4297,2500
2026-04-09 17:25:00,13.42,13.4269,13.42,13.4269,500
2026-04-09 17:30:00,13.3017,13.3017,13.3017,13.3017,2500
2026-04-09 17:35:00,13.42,13.42,13.4,13.4,8400
2026-04-09 17:40:00,13.43,13.43,13.418,13.43,12891
2026-04-09 17:45:00,13.44,13.49,13.44,13.49,950
2026-04-09 17:55:00,13.46,13.49,13.46,13.49,1500
2026-04-09 18:20:00,13.47,13.47,13.47,13.47,2962
2026-04-09 18:30:00,13.48,13.49,13.48,13.4896,900
2026-04-09 19:10:00,13.36,13.36,13.36,13.36,390
2026-04-09 19:15:00,13.34,13.35,13.34,13.35,300
2026-04-09 19:25:00,13.38,13.38,13.38,13.38,100
2026-04-09 19:35:00,13.4793,13.4793,13.4793,13.4793,295
2026-04-09 19:40:00,13.3,13.3,13.2145,13.2145,874
2026-04-09 19:55:00,13.3,13.3,13.3,13.3,1500
2026-04-10 04:00:00,13.34,13.35,13.28,13.28,5648
2026-04-10 04:05:00,13.38,13.38,13.33,13.33,457
2026-04-10 06:00:00,13.45,13.45,13.45,13.45,100
2026-04-10 06:45:00,13.43,13.43,13.43,13.43,119
2026-04-10 07:00:00,13.5999,13.5999,13.5999,13.5999,374
2026-04-10 07:10:00,13.5,13.5,13.5,13.5,250
2026-04-10 07:20:00,13.49,13.49,13.49,13.49,300
2026-04-10 07:30:00,13.36,13.36,13.36,13.36,204
2026-04-10 07:35:00,13.4914,13.4914,13.4914,13.4914,400
2026-04-10 07:50:00,13.45,13.45,13.45,13.45,250
2026-04-10 08:05:00,13.3,13.3,13.3,13.3,1000
2026-04-10 08:25:00,13.405,13.55,13.405,13.55,1000
2026-04-10 08:35:00,13.49,13.49,13.49,13.49,2150
2026-04-10 08:45:00,13.4587,13.4587,13.4587,13.4587,160
2026-04-10 09:00:00,13.4,13.4,13.4,13.4,500
2026-04-10 09:25:00,13.5,13.5,13.5,13.5,5000
2026-04-10 09:30:00,13.3,13.32,12.53,12.63,30654
2026-04-10 09:35:00,12.63,12.6399,12.15,12.15,29366
2026-04-10 09:40:00,12.2546,12.32,11.709,11.81,14717
2026-04-10 09:45:00,11.83,11.863,11.57,11.6797,31102
2026-04-10 09:50:00,11.5399,11.7024,11.42,11.5685,19012
2026-04-10 09:55:00,11.54,11.67,11.54,11.56,8367
2026-04-10 10:00:00,11.7,11.7,11.29,11.29,8808
2026-04-10 10:05:00,11.335,11.37,11.1,11.11,18090
2026-04-10 10:10:00,11.11,11.68,11.1,11.68,13737
2026-04-10 10:15:00,11.68,11.719,11.63,11.715,7342
2026-04-10 10:20:00,11.68,11.68,11.555,11.59,1619
2026-04-10 10:25:00,11.5215,11.5299,11.4799,11.4799,5192
2026-04-10 10:30:00,11.425,11.52,11.425,11.5001,2754
2026-04-10 10:35:00,11.52,11.62,11.4701,11.6,4711
2026-04-10 10:40:00,11.5999,11.5999,11.44,11.44,9331
2026-04-10 10:45:00,11.42,11.43,11.25,11.25,17905
2026-04-10 10:50:00,11.32,11.33,11.23,11.23,2181
2026-04-10 10:55:00,11.23,11.29,11.2001,11.2799,8270
2026-04-10 11:00:00,11.28,11.38,11.25,11.28,18026
2026-04-10 11:05:00,11.28,11.36,11.2408,11.36,2400
2026-04-10 11:10:00,11.46,11.46,11.32,11.32,1486
2026-04-10 11:15:00,11.33,11.41,11.32,11.32,5062
2026-04-10 11:20:00,11.39,11.4,11.34,11.34,1255
2026-04-10 11:25:00,11.529,11.529,11.4,11.4,3520
2026-04-10 11:30:00,11.34,11.34,11.22,11.225,2427
2026-04-10 11:35:00,11.2,11.2,11.15,11.18,6468
2026-04-10 11:40:00,11.18,11.2,11.18,11.2,3428
2026-04-10 11:45:00,11.21,11.21,11.195,11.21,2605
2026-04-10 11:50:00,11.23,11.23,11.23,11.23,238
2026-04-10 11:55:00,11.22,11.22,11.11,11.1588,6873
2026-04-10 12:00:00,11.1099,11.18,11.1,11.18,950
2026-04-10 12:05:00,11.19,11.2,11.1608,11.1608,2634
2026-04-10 12:10:00,11.23,11.32,11.23,11.29,12736
2026-04-10 12:15:00,11.31,11.35,11.3,11.34,1936
2026-04-10 12:20:00,11.33,11.33,11.28,11.3,4946
2026-04-10 12:25:00,11.355,11.38,11.345,11.38,1950
2026-04-10 12:30:00,11.39,11.4093,11.26,11.26,9965
2026-04-10 12:35:00,11.26,11.26,11.13,11.14,2314
2026-04-10 12:40:00,11.1,11.12,10.95,10.95,10944
2026-04-10 12:45:00,10.94,10.97,10.91,10.93,6557
2026-04-10 12:50:00,10.88,10.9084,10.83,10.89,13229
2026-04-10 12:55:00,10.88,10.92,10.855,10.92,9945
2026-04-10 13:00:00,10.9,10.93,10.8401,10.93,1800
2026-04-10 13:05:00,10.87,10.94,10.87,10.94,1658
2026-04-10 13:10:00,10.875,10.91,10.875,10.88,1000
2026-04-10 13:15:00,10.88,10.8993,10.85,10.86,9130
2026-04-10 13:20:00,10.84,10.84,10.8,10.84,4243
2026-04-10 13:25:00,10.88,10.88,10.79,10.82,2258
2026-04-10 13:30:00,10.88,10.88,10.84,10.84,1092
2026-04-10 13:35:00,10.8201,10.8499,10.8,10.84,6352
2026-04-10 13:40:00,10.8299,10.83,10.78,10.83,7370
2026-04-10 13:45:00,10.81,10.81,10.715,10.715,2586
2026-04-10 13:50:00,10.71,10.7699,10.7,10.7,3182
2026-04-10 13:55:00,10.715,10.715,10.68,10.7,6795
2026-04-10 14:00:00,10.65,10.65,10.6001,10.6001,5556
2026-04-10 14:05:00,10.6485,10.6485,10.6,10.62,1365
2026-04-10 14:10:00,10.5801,10.6499,10.5801,10.59,5278
2026-04-10 14:15:00,10.58,10.5985,10.53,10.5985,2248
2026-04-10 14:20:00,10.59,10.5981,10.55,10.58,5092
2026-04-10 14:25:00,10.55,10.56,10.51,10.54,8788
2026-04-10 14:30:00,10.63,10.65,10.58,10.58,9792
2026-04-10 14:35:00,10.6,10.6,10.54,10.57,3303
2026-04-10 14:40:00,10.555,10.5642,10.51,10.51,3898
2026-04-10 14:45:00,10.61,10.61,10.56,10.56,5079
2026-04-10 14:50:00,10.64,10.73,10.615,10.69,6846
2026-04-10 14:55:00,10.71,10.82,10.7,10.82,10276
2026-04-10 15:00:00,10.795,10.91,10.795,10.89,8512
2026-04-10 15:05:00,10.9,10.92,10.83,10.83,8541
2026-04-10 15:10:00,10.77,10.85,10.75,10.85,3315
2026-04-10 15:15:00,10.79,10.81,10.79,10.81,2503
2026-04-10 15:20:00,10.86,10.86,10.84,10.84,850
2026-04-10 15:25:00,10.88,10.88,10.85,10.86,1622
2026-04-10 15:30:00,10.9,10.93,10.89,10.915,3506
2026-04-10 15:35:00,10.9,10.95,10.8389,10.935,6363
2026-04-10 15:40:00,10.8856,10.98,10.88,10.98,2240
2026-04-10 15:45:00,10.95,10.98,10.87,10.98,7666
2026-04-10 15:50:00,10.99,11.07,10.95,10.9899,3276
2026-04-10 15:55:00,10.98,11.04,10.96,11.04,9620
2026-04-10 16:00:00,11.2,11.2,10.98,11.01,1006
2026-04-10 16:05:00,11.03,11.16,11.03,11.16,1290
2026-04-10 16:10:00,11.14,11.14,11.14,11.14,100
2026-04-10 16:15:00,11.1,11.1,11.1,11.1,100
2026-04-10 16:25:00,11.15,11.15,11.15,11.15,100
2026-04-10 16:30:00,11.1845,11.1845,11.1845,11.1845,150
2026-04-10 17:10:00,11.12,11.12,11.12,11.12,300
2026-04-10 17:40:00,11.09,11.09,11.09,11.09,100
2026-04-10 18:00:00,11.09,11.09,11.09,11.09,500
2026-04-10 18:05:00,11.1,11.11,11.1,11.11,3939
2026-04-10 18:10:00,11.11,11.1199,11.11,11.1199,395
2026-04-10 18:15:00,11.1,11.1,11.1,11.1,300
2026-04-10 18:30:00,11.08,11.08,11.07,11.07,1976
2026-04-10 18:40:00,11.1,11.12,11.1,11.12,280
2026-04-10 18:45:00,11.13,11.19,11.13,11.16,2456
2026-04-10 18:50:00,11.15,11.15,11.15,11.15,100
2026-04-10 18:55:00,11.15,11.15,11.15,11.15,500
2026-04-10 19:00:00,11.2053,11.2053,11.2053,11.2053,100
2026-04-10 19:10:00,11.1,11.1,11.1,11.1,120
2026-04-10 19:50:00,11.04,11.16,11.02,11.16,1147
2026-04-10 19:55:00,11.01,11.01,11.01,11.01,2890
2026-04-13 04:00:00,10.9,10.9,10.86,10.86,264
2026-04-13 04:05:00,10.89,10.89,10.89,10.89,721
2026-04-13 05:45:00,10.98,10.98,10.98,10.98,155
2026-04-13 05:55:00,10.9,10.9,10.89,10.89,1562
2026-04-13 07:05:00,11.05,11.05,11.05,11.05,500
2026-04-13 07:20:00,11.1,11.1,11.1,11.1,270
2026-04-13 07:25:00,11.05,11.1,11.05,11.0896,1334
2026-04-13 07:30:00,11.02,11.02,11.02,11.02,750
2026-04-13 07:35:00,11.021,11.0442,11,11,806
2026-04-13 08:20:00,11.17,11.17,11.17,11.17,1000
2026-04-13 08:40:00,11.21,11.22,11.21,11.22,7000
2026-04-13 08:55:00,11.1801,11.26,11.1801,11.26,200
2026-04-13 09:00:00,11.2697,11.28,11.2697,11.28,703
2026-04-13 09:10:00,11.25,11.25,11.25,11.25,125
2026-04-13 09:15:00,11.16,11.16,11.16,11.16,243
2026-04-13 09:25:00,11.24,11.24,11.24,11.24,1000
2026-04-13 09:30:00,11.08,11.35,11.08,11.17,50468
2026-04-13 09:35:00,11.19,11.36,11.15,11.36,6260
2026-04-13 09:40:00,11.3,11.445,11.2699,11.2699,17558
2026-04-13 09:45:00,11.38,11.5,11.36,11.5,11504
2026-04-13 09:50:00,11.545,11.545,11.4,11.4,23008
2026-04-13 09:55:00,11.479,11.54,11.44,11.45,12371
2026-04-13 10:00:00,11.47,11.69,11.47,11.6001,15265
2026-04-13 10:05:00,11.7194,11.85,11.6272,11.8202,22399
2026-04-13 10:10:00,11.83,11.96,11.8004,11.87,12829
2026-04-13 10:15:00,11.8,11.8383,11.787,11.81,1258
2026-04-13 10:20:00,11.8583,11.96,11.8583,11.92,5701
2026-04-13 10:25:00,11.99,12.09,11.9801,11.9801,10334
2026-04-13 10:30:00,12.05,12.1,12.02,12.08,4051
2026-04-13 10:35:00,12.11,12.11,12.01,12.06,7513
2026-04-13 10:40:00,12.025,12.06,12,12.035,3135
2026-04-13 10:45:00,12.01,12.24,12,12.23,10210
2026-04-13 10:50:00,12.21,12.268,12.21,12.268,1849
2026-04-13 10:55:00,12.2704,12.44,12.2704,12.4396,31479
2026-04-13 11:00:00,12.44,12.44,12.3543,12.3543,25936
2026-04-13 11:05:00,12.42,12.48,12.3855,12.425,31198
2026-04-13 11:10:00,12.44,12.44,12.42,12.42,2533
2026-04-13 11:15:00,12.45,12.4999,12.38,12.47,6097
2026-04-13 11:20:00,12.465,12.575,12.465,12.575,11749
2026-04-13 11:25:00,12.58,12.6393,12.58,12.6,690
2026-04-13 11:30:00,12.57,12.6086,12.5504,12.56,8382
2026-04-13 11:35:00,12.59,12.69,12.575,12.65,7428
2026-04-13 11:40:00,12.6306,12.6999,12.63,12.66,3497
2026-04-13 11:45:00,12.59,12.64,12.59,12.5901,2281
2026-04-13 11:50:00,12.6,12.6461,12.5401,12.557,8626
2026-04-13 11:55:00,12.6,12.6,12.5701,12.5701,750
2026-04-13 12:00:00,12.62,12.62,12.5616,12.5616,625
2026-04-13 12:05:00,12.52,12.52,12.51,12.51,5000
2026-04-13 12:10:00,12.65,12.69,12.65,12.69,550
2026-04-13 12:15:00,12.6706,12.77,12.6706,12.75,5690
2026-04-13 12:20:00,12.77,12.88,12.77,12.88,7594
2026-04-13 12:25:00,12.9,12.94,12.86,12.92,2055
2026-04-13 12:30:00,12.92,13,12.92,13,2579
2026-04-13 12:35:00,13,13.0899,13,13.0006,7629
2026-04-13 12:40:00,13.02,13.0248,12.94,12.94,1501
2026-04-13 12:45:00,12.98,12.98,12.946,12.95,1906
2026-04-13 12:50:00,12.9511,13.0085,12.95,13.0085,2757
2026-04-13 12:55:00,12.9301,12.98,12.9301,12.98,350
2026-04-13 13:00:00,13,13.03,12.97,13.03,3509
2026-04-13 13:05:00,13.01,13.01,12.95,12.95,7869
2026-04-13 13:10:00,12.9521,12.9521,12.9521,12.9521,1290
2026-04-13 13:15:00,13.04,13.04,12.97,12.97,2107
2026-04-13 13:20:00,13.01,13.07,13,13,2329
2026-04-13 13:25:00,12.99,12.99,12.99,12.99,828
2026-04-13 13:30:00,13.035,13.035,12.9901,12.9901,650
2026-04-13 13:35:00,13,13.0699,13,13.0699,1200
2026-04-13 13:45:00,13.02,13.06,13.02,13.06,3600
2026-04-13 13:50:00,13.05,13.05,13.05,13.05,100
2026-04-13 14:00:00,13.03,13.04,13.01,13.035,1275
2026-04-13 14:05:00,13.06,13.06,13.06,13.06,100
2026-04-13 14:10:00,13.04,13.075,13.04,13.075,13591
2026-04-13 14:15:00,13.06,13.06,13.04,13.04,1702
2026-04-13 14:20:00,13.03,13.035,13.0008,13.035,2651
2026-04-13 14:25:00,13.006,13.03,13.006,13.03,295
2026-04-13 14:30:00,12.99,12.99,12.99,12.99,100
2026-04-13 14:35:00,13.0499,13.0499,13.0499,13.0499,100
2026-04-13 14:45:00,13.02,13.02,13.02,13.02,100
2026-04-13 14:50:00,12.961,13.02,12.92,13.0185,7638
2026-04-13 14:55:00,12.95,12.95,12.9401,12.95,26318
2026-04-13 15:00:00,12.95,13.0399,12.95,13.0399,14292
2026-04-13 15:05:00,12.991,13.049,12.99,13.049,5400
2026-04-13 15:10:00,13.02,13.02,12.9511,12.9511,2940
2026-04-13 15:15:00,12.9201,12.95,12.91,12.95,3500
2026-04-13 15:20:00,12.95,12.99,12.95,12.99,880
2026-04-13 15:25:00,12.9999,12.9999,12.93,12.95,775
2026-04-13 15:30:00,13.045,13.08,13,13,3225
2026-04-13 15:35:00,13.08,13.08,13.04,13.07,887
2026-04-13 15:40:00,13,13,12.97,12.97,3100
2026-04-13 15:45:00,13.09,13.1987,13.09,13.1987,2686
2026-04-13 15:50:00,13.15,13.19,13.14,13.19,19856
2026-04-13 15:55:00,13.22,13.49,13.2142,13.42,31897
2026-04-13 16:00:00,13.42,13.47,13.353,13.3593,1378
2026-04-13 16:05:00,13.3578,13.3578,13.3533,13.3533,680
2026-04-13 16:10:00,13.36,13.405,13.36,13.405,1447
2026-04-13 16:15:00,13.41,13.41,13.4034,13.4034,900
2026-04-13 16:25:00,13.4,13.4,13.4,13.4,390
2026-04-13 16:40:00,13.389,13.39,13.3,13.39,1975
2026-04-13 16:45:00,13.32,13.32,13.32,13.32,500
2026-04-13 16:50:00,13.31,13.31,13.31,13.31,5905
2026-04-13 16:55:00,13.35,13.35,13.35,13.35,268
2026-04-13 17:00:00,13.3,13.31,13.3,13.31,1187
2026-04-13 17:05:00,13.3,13.3,13.2,13.2,6161
2026-04-13 17:20:00,13.38,13.38,13.38,13.38,100
2026-04-13 17:45:00,13.38,13.38,13.38,13.38,467
2026-04-13 18:15:00,13.39,13.39,13.39,13.39,251
2026-04-13 18:25:00,13.39,13.39,13.39,13.39,2534
2026-04-13 18:35:00,13.39,13.42,13.39,13.42,400
2026-04-13 18:40:00,13.39,13.39,13.39,13.39,100
2026-04-13 18:50:00,13.38,13.38,13.38,13.38,213
2026-04-13 18:55:00,13.4,13.4,13.4,13.4,197
2026-04-13 19:00:00,13.4103,13.4103,13.4103,13.4103,150
2026-04-13 19:05:00,13.44,13.44,13.44,13.44,789
2026-04-13 19:20:00,13.5,13.5,13.5,13.5,1000
2026-04-13 19:45:00,13.47,13.47,13.47,13.47,800
2026-04-13 19:55:00,13.5067,13.5067,13.46,13.46,600
2026-04-14 04:00:00,13.6,13.69,13.45,13.69,5869
2026-04-14 04:05:00,13.68,13.68,13.46,13.54,1086
2026-04-14 04:15:00,13.54,13.54,13.54,13.54,186
2026-04-14 05:20:00,13.9,13.9,13.9,13.9,100
2026-04-14 06:30:00,13.55,13.55,13.55,13.55,500
2026-04-14 06:45:00,13.55,13.55,13.45,13.45,660
2026-04-14 07:00:00,13.5,13.5,13.5,13.5,300
2026-04-14 07:05:00,13.49,13.683,13.49,13.683,2058
2026-04-14 07:20:00,13.58,13.59,13.58,13.59,300
2026-04-14 07:25:00,13.6,13.6,13.6,13.6,500
2026-04-14 07:40:00,13.5721,13.5721,13.5721,13.5721,500
2026-04-14 08:10:00,13.59,13.59,13.59,13.59,150
2026-04-14 09:00:00,13.57,13.57,13.57,13.57,150
2026-04-14 09:05:00,13.58,13.58,13.58,13.58,225
2026-04-14 09:20:00,13.8,13.86,13.8,13.86,1299
2026-04-14 09:25:00,13.7,13.85,13.65,13.65,1179
2026-04-14 09:30:00,13.64,14.44,13.64,14.36,18165
2026-04-14 09:35:00,14.35,14.5,14.29,14.425,15033
2026-04-14 09:40:00,14.32,14.32,13.9711,14.14,22203
2026-04-14 09:45:00,14.05,14.1499,13.8,13.82,5216
2026-04-14 09:50:00,13.8117,13.95,13.71,13.71,23871
2026-04-14 09:55:00,13.71,13.735,13.61,13.63,6646
2026-04-14 10:00:00,13.62,13.67,13.47,13.47,2856
2026-04-14 10:05:00,13.56,13.6778,13.44,13.6778,12606
2026-04-14 10:10:00,13.7,13.71,13.6379,13.6379,1945
2026-04-14 10:15:00,13.61,13.61,13.575,13.575,300
2026-04-14 10:20:00,13.7943,13.83,13.7943,13.83,5410
2026-04-14 10:25:00,13.91,14.12,13.91,14.12,4656
2026-04-14 10:30:00,14.105,14.14,14.05,14.08,2903
2026-04-14 10:35:00,14.01,14.0449,13.98,13.98,9688
2026-04-14 10:45:00,13.9576,13.96,13.8,13.8,2491
2026-04-14 10:50:00,13.81,13.868,13.81,13.868,2761
2026-04-14 10:55:00,13.835,13.835,13.74,13.74,22357
2026-04-14 11:00:00,13.79,13.81,13.79,13.8,4029
2026-04-14 11:05:00,13.8,13.8,13.7015,13.71,301
2026-04-14 11:10:00,13.7,13.75,13.65,13.65,3670
2026-04-14 11:15:00,13.7,13.7,13.56,13.56,712
2026-04-14 11:20:00,13.551,13.5729,13.55,13.5729,1739
2026-04-14 11:25:00,13.7,13.7,13.61,13.67,1000
2026-04-14 11:30:00,13.68,13.68,13.68,13.68,500
2026-04-14 11:35:00,13.67,13.67,13.67,13.67,300
2026-04-14 11:40:00,13.695,13.695,13.65,13.65,1400
2026-04-14 11:45:00,13.6996,13.771,13.6996,13.771,325
2026-04-14 11:55:00,13.77,13.82,13.77,13.82,1130
2026-04-14 12:00:00,13.8,13.8,13.79,13.79,400
2026-04-14 12:05:00,13.865,13.865,13.865,13.865,110
2026-04-14 12:10:00,13.9,13.9,13.9,13.9,128
2026-04-14 12:15:00,13.9,13.9,13.9,13.9,459
2026-04-14 12:20:00,13.88,13.88,13.87,13.87,6512
2026-04-14 12:25:00,14,14.05,14,14.05,300
2026-04-14 12:30:00,14,14,14,14,2300
2026-04-14 12:40:00,13.8904,13.92,13.8904,13.92,1517
2026-04-14 12:50:00,13.9,13.916,13.85,13.85,815
2026-04-14 12:55:00,13.85,13.85,13.84,13.84,532
2026-04-14 13:05:00,13.76,13.76,13.73,13.73,1200
2026-04-14 13:10:00,13.8,13.8299,13.8,13.82,5000
2026-04-14 13:15:00,13.7988,13.82,13.7988,13.82,250
2026-04-14 13:20:00,13.75,13.75,13.75,13.75,1499
2026-04-14 13:25:00,13.72,13.72,13.71,13.71,380
2026-04-14 13:30:00,13.75,13.75,13.75,13.75,250
2026-04-14 13:35:00,13.8401,13.8401,13.77,13.77,506
2026-04-14 13:40:00,13.85,13.85,13.85,13.85,2000
2026-04-14 13:50:00,13.84,13.8487,13.81,13.81,4433
2026-04-14 13:55:00,13.65,13.65,13.6081,13.6081,1165
2026-04-14 14:00:00,13.62,13.65,13.6,13.65,2112
2026-04-14 14:05:00,13.55,13.585,13.51,13.51,2520
2026-04-14 14:10:00,13.47,13.48,13.39,13.39,2885
2026-04-14 14:15:00,13.4,13.4,13.4,13.4,302
2026-04-14 14:25:00,13.4,13.4,13.4,13.4,100
2026-04-14 14:35:00,13.58,13.58,13.58,13.58,259
2026-04-14 14:45:00,13.4,13.4,13.4,13.4,1000
2026-04-14 14:50:00,13.37,13.37,13.3,13.3,2300
2026-04-14 14:55:00,13.2,13.22,13.2,13.22,200
2026-04-14 15:00:00,13.2414,13.34,13.2414,13.34,14086
2026-04-14 15:10:00,13.28,13.3,13.27,13.2828,5900
2026-04-14 15:20:00,13.3,13.3,13.29,13.29,845
2026-04-14 15:25:00,13.36,13.39,13.36,13.39,2100
2026-04-14 15:30:00,13.38,13.38,13.38,13.38,121
2026-04-14 15:35:00,13.3,13.35,13.3,13.35,1500
2026-04-14 15:40:00,13.35,13.35,13.35,13.35,700
2026-04-14 15:45:00,13.38,13.41,13.38,13.41,300
2026-04-14 15:50:00,13.455,13.6233,13.425,13.6233,500
2026-04-14 15:55:00,13.64,13.64,13.57,13.58,6233
2026-04-14 16:00:00,13.73,13.73,13.73,13.73,439
2026-04-14 16:15:00,13.65,13.65,13.65,13.65,100
2026-04-14 16:25:00,13.63,13.63,13.63,13.63,100
2026-04-14 16:40:00,13.6776,13.6776,13.6776,13.6776,509
2026-04-14 16:45:00,13.63,13.63,13.63,13.63,500
2026-04-14 17:05:00,13.67,13.67,13.65,13.65,1568
2026-04-14 17:30:00,13.7148,13.7148,13.7148,13.7148,200
2026-04-14 17:55:00,13.707,13.707,13.707,13.707,300
2026-04-14 18:00:00,13.68,13.68,13.68,13.68,200
2026-04-14 18:10:00,13.77,13.77,13.77,13.77,250
2026-04-14 18:30:00,13.77,13.77,13.77,13.77,100
2026-04-14 19:30:00,13.75,13.8,13.75,13.8,3047
2026-04-15 04:00:00,13.74,14.04,13.65,13.73,9294
2026-04-15 04:05:00,13.8,13.8,13.67,13.67,1486
2026-04-15 04:10:00,13.94,13.94,13.94,13.94,100
2026-04-15 04:30:00,13.94,13.94,13.94,13.94,705
2026-04-15 05:00:00,13.94,13.94,13.94,13.94,1000
2026-04-15 05:25:00,13.99,13.99,13.9183,13.9183,500
2026-04-15 05:40:00,13.81,13.81,13.81,13.81,1000
2026-04-15 06:55:00,13.7238,13.7238,13.7238,13.7238,220
2026-04-15 07:00:00,13.75,13.75,13.75,13.75,1500
2026-04-15 07:20:00,13.9,14,13.9,14,462
2026-04-15 07:35:00,13.95,13.95,13.95,13.95,1000
2026-04-15 08:00:00,14,14,14,14,291
2026-04-15 08:05:00,14.04,14.049,14.04,14.049,200
2026-04-15 08:15:00,14.04,14.04,14.04,14.04,540
2026-04-15 08:50:00,14.0335,14.0335,14.0335,14.0335,306
2026-04-15 09:05:00,13.93,13.93,13.93,13.93,1801
2026-04-15 09:10:00,13.95,13.95,13.95,13.95,500
2026-04-15 09:15:00,13.98,13.98,13.98,13.98,1000
2026-04-15 09:25:00,13.95,14,13.95,14,1050
2026-04-15 09:30:00,14.01,14.5,14.01,14.5,4109
2026-04-15 09:35:00,14.62,14.9181,14.5,14.9181,27307
2026-04-15 09:40:00,14.78,14.881,14.61,14.675,6134
2026-04-15 09:45:00,14.665,14.735,14.49,14.58,7655
2026-04-15 09:50:00,14.7526,14.9,14.7526,14.9,2428
2026-04-15 09:55:00,14.7827,14.7952,14.55,14.6838,5793
2026-04-15 10:00:00,14.8,14.8,14.55,14.55,7414
2026-04-15 10:05:00,14.53,14.65,14.48,14.65,8037
2026-04-15 10:10:00,14.72,14.8,14.72,14.735,11324
2026-04-15 10:15:00,14.73,14.83,14.66,14.68,1376
2026-04-15 10:20:00,14.68,14.68,14.6312,14.6312,200
2026-04-15 10:25:00,14.6,14.63,14.5923,14.5923,1369
2026-04-15 10:30:00,14.71,14.71,14.655,14.655,506
2026-04-15 10:35:00,14.66,14.75,14.61,14.71,800
2026-04-15 10:40:00,14.6,14.6,14.48,14.48,1099
2026-04-15 10:45:00,14.47,14.55,14.41,14.52,4284
2026-04-15 10:50:00,14.51,14.51,14.51,14.51,100
2026-04-15 10:55:00,14.4636,14.51,14.4636,14.51,950
2026-04-15 11:00:00,14.5512,14.62,14.5512,14.62,244
2026-04-15 11:05:00,14.57,14.57,14.52,14.52,1550
2026-04-15 11:10:00,14.5,14.7,14.5,14.7,4604
2026-04-15 11:15:00,14.7,14.7,14.7,14.7,100
2026-04-15 11:20:00,14.7101,14.8077,14.7101,14.721,814
2026-04-15 11:25:00,14.88,14.88,14.8786,14.8786,500
2026-04-15 11:30:00,14.8786,14.88,14.79,14.87,17377
2026-04-15 11:35:00,14.7277,14.7761,14.7195,14.7601,5690
2026-04-15 11:40:00,14.6958,14.76,14.6958,14.76,6722
2026-04-15 11:45:00,14.86,14.86,14.76,14.76,3180
2026-04-15 11:50:00,14.83,14.83,14.76,14.76,528
2026-04-15 11:55:00,14.82,14.8399,14.75,14.75,3896
2026-04-15 12:00:00,14.75,14.9,14.75,14.9,4156
2026-04-15 12:05:00,14.94,14.94,14.88,14.88,850
2026-04-15 12:10:00,14.78,14.78,14.76,14.77,800
2026-04-15 12:15:00,14.77,14.9,14.77,14.85,813
2026-04-15 12:25:00,14.85,14.85,14.84,14.84,901
2026-04-15 12:30:00,14.82,14.85,14.82,14.82,6312
2026-04-15 12:35:00,14.849,14.849,14.849,14.849,100
2026-04-15 12:40:00,14.75,14.75,14.7271,14.7271,400
2026-04-15 12:45:00,14.725,14.79,14.6904,14.715,3564
2026-04-15 12:50:00,14.85,14.89,14.8001,14.8001,1200
2026-04-15 12:55:00,14.7316,14.74,14.7316,14.74,250
2026-04-15 13:00:00,14.82,14.82,14.82,14.82,300
2026-04-15 13:05:00,14.84,14.9,14.84,14.9,1681
2026-04-15 13:10:00,14.81,14.81,14.81,14.81,300
2026-04-15 13:15:00,14.82,14.82,14.82,14.82,3185
2026-04-15 13:20:00,14.9,14.92,14.89,14.9079,700
2026-04-15 13:25:00,14.92,15.01,14.92,15.01,1397
2026-04-15 13:30:00,15.1168,15.1168,15.1168,15.1168,150
2026-04-15 13:35:00,15.14,15.15,15.14,15.15,250
2026-04-15 13:40:00,15.2,15.2,15.1814,15.1814,356
2026-04-15 13:45:00,15.25,15.29,15.17,15.17,5457
2026-04-15 13:50:00,15.235,15.235,15.15,15.15,6210
2026-04-15 13:55:00,15.1798,15.1798,15.1187,15.13,21109
2026-04-15 14:00:00,15.16,15.35,15.16,15.3392,5693
2026-04-15 14:05:00,15.41,15.41,15.4,15.4,400
2026-04-15 14:10:00,15.39,15.4692,15.352,15.352,1950
2026-04-15 14:15:00,15.41,15.41,15.3,15.35,3842
2026-04-15 14:20:00,15.3,15.3,15.3,15.3,200
2026-04-15 14:30:00,15.32,15.45,15.32,15.45,777
2026-04-15 14:35:00,15.45,15.45,15.43,15.43,300
2026-04-15 14:40:00,15.375,15.375,15.375,15.375,259
2026-04-15 14:45:00,15.365,15.415,15.365,15.415,1135
2026-04-15 14:50:00,15.46,15.47,15.46,15.4626,2405
2026-04-15 14:55:00,15.498,15.498,15.4867,15.4867,1146
2026-04-15 15:05:00,15.46,15.46,15.4,15.43,425
2026-04-15 15:10:00,15.47,15.5,15.47,15.5,1650
2026-04-15 15:15:00,15.31,15.31,15.1993,15.25,874
2026-04-15 15:20:00,15.27,15.27,15.27,15.27,130
2026-04-15 15:30:00,15.3,15.3,15.3,15.3,300
2026-04-15 15:35:00,15.2804,15.35,15.2804,15.35,730
2026-04-15 15:40:00,15.37,15.415,15.35,15.415,2008
2026-04-15 15:45:00,15.425,15.5225,15.425,15.47,2200
2026-04-15 15:50:00,15.39,15.45,15.39,15.45,853
2026-04-15 15:55:00,15.58,15.58,15.4401,15.56,6993
2026-04-15 16:00:00,15.56,15.6,15.49,15.49,791
2026-04-15 16:15:00,15.26,15.26,15.26,15.26,100
2026-04-15 16:20:00,15.48,15.5,15.48,15.5,300
2026-04-15 16:40:00,15.41,15.41,15.41,15.41,115
2026-04-15 16:45:00,15.52,15.52,15.52,15.52,100
2026-04-15 16:50:00,15.52,15.52,15.52,15.52,100
2026-04-15 16:55:00,15.5988,15.5988,15.5988,15.5988,100
2026-04-15 17:00:00,15.6,15.6,15.6,15.6,100
2026-04-15 17:05:00,15.5989,15.5989,15.5989,15.5989,100
2026-04-15 17:20:00,15.5539,15.56,15.5539,15.56,200
2026-04-15 17:30:00,15.56,15.56,15.56,15.56,100
2026-04-15 17:50:00,15.6,15.6,15.6,15.6,200
2026-04-15 17:55:00,15.58,15.58,15.58,15.58,100
2026-04-15 18:05:00,15.59,15.59,15.59,15.59,100
2026-04-15 18:15:00,15.6,15.65,15.6,15.65,10065
2026-04-15 18:30:00,15.66,15.66,15.66,15.66,100
2026-04-15 18:35:00,15.759,15.759,15.759,15.759,500
2026-04-15 19:15:00,15.64,15.64,15.61,15.61,441
2026-04-15 19:20:00,15.609,15.609,15.609,15.609,100
2026-04-15 19:30:00,15.69,15.69,15.69,15.69,300
2026-04-15 19:35:00,15.689,15.76,15.6683,15.7299,13022
2026-04-15 19:40:00,15.75,15.75,15.71,15.71,4372
2026-04-16 04:00:00,15.81,16.15,15.81,16.15,3816
2026-04-16 05:50:00,16.17,16.17,16.17,16.17,200
2026-04-16 06:00:00,16.17,16.17,16.17,16.17,147
2026-04-16 06:45:00,16.15,16.15,16.15,16.15,100
2026-04-16 06:55:00,16,16,16,16,100
2026-04-16 07:10:00,16.15,16.19,16.1,16.1,5685
2026-04-16 07:15:00,16.14,16.14,16.14,16.14,200
2026-04-16 07:20:00,16.06,16.12,16.05,16.12,805
2026-04-16 07:25:00,16.08,16.08,15.88,15.88,732
2026-04-16 07:30:00,15.9356,15.9356,15.9356,15.9356,175
2026-04-16 07:35:00,16.08,16.08,16.08,16.08,200
2026-04-16 07:40:00,15.95,16.061,15.95,16.061,500
2026-04-16 07:45:00,16,16,16,16,300
2026-04-16 08:30:00,16.24,16.24,16.24,16.24,179
2026-04-16 08:45:00,16.21,16.21,16.21,16.21,150
2026-04-16 09:10:00,16.31,16.33,16.25,16.25,798
2026-04-16 09:20:00,16.43,16.43,16.43,16.43,1960
2026-04-16 09:25:00,16.43,16.49,16.43,16.49,700
2026-04-16 09:30:00,16.4,16.935,16.4,16.6,4133
2026-04-16 09:35:00,16.57,16.6,16.2901,16.316,4933
2026-04-16 09:40:00,16.23,16.4027,16.23,16.4027,2689
2026-04-16 09:45:00,16.469,16.51,16.3101,16.43,2191
2026-04-16 09:50:00,16.3,16.3,15.71,15.71,17753
2026-04-16 09:55:00,15.73,15.8305,15.69,15.69,30097
2026-04-16 10:00:00,15.58,15.6,15.3705,15.6,1873
2026-04-16 10:05:00,15.65,15.75,15.65,15.74,1945
2026-04-16 10:10:00,15.628,15.628,15.628,15.628,150
2026-04-16 10:15:00,15.35,15.4,15.2901,15.315,1232
2026-04-16 10:20:00,15.2925,15.4,15.2925,15.4,6101
2026-04-16 10:25:00,15.35,15.35,15.33,15.33,1606
2026-04-16 10:30:00,15.45,15.6,15.45,15.5088,4661
2026-04-16 10:35:00,15.675,15.7456,15.5001,15.665,21581
2026-04-16 10:40:00,15.685,15.75,15.685,15.75,350
2026-04-16 10:45:00,15.9761,15.9761,15.9761,15.9761,300
2026-04-16 10:50:00,15.905,16,15.83,15.83,1000
2026-04-16 10:55:00,15.95,15.95,15.95,15.95,1560
2026-04-16 11:00:00,15.905,15.905,15.8334,15.845,4042
2026-04-16 11:05:00,15.76,15.76,15.76,15.76,500
2026-04-16 11:10:00,15.95,15.95,15.9,15.9,600
2026-04-16 11:15:00,15.99,16,15.93,15.93,4000
2026-04-16 11:20:00,15.95,15.99,15.895,15.99,3407
2026-04-16 11:25:00,15.92,15.95,15.91,15.91,1206
2026-04-16 11:30:00,15.85,15.86,15.85,15.86,300
2026-04-16 11:40:00,15.8,15.8,15.8,15.8,506
2026-04-16 11:50:00,15.79,15.79,15.74,15.74,600
2026-04-16 11:55:00,15.7732,15.805,15.7732,15.805,650
2026-04-16 12:00:00,15.85,15.86,15.8,15.8,1507
2026-04-16 12:05:00,15.865,15.96,15.865,15.96,5151
2026-04-16 12:15:00,15.8341,15.87,15.8341,15.87,326
2026-04-16 12:20:00,15.7713,15.7713,15.7713,15.7713,500
2026-04-16 12:25:00,15.76,15.87,15.76,15.87,500
2026-04-16 12:30:00,15.79,15.79,15.75,15.75,438
2026-04-16 13:00:00,15.61,15.61,15.61,15.61,100
2026-04-16 13:05:00,15.55,15.55,15.55,15.55,490
2026-04-16 13:25:00,15.69,15.69,15.69,15.69,150
2026-04-16 13:35:00,15.65,15.65,15.65,15.65,150
2026-04-16 13:40:00,15.64,15.64,15.6,15.6,270
2026-04-16 14:00:00,15.54,15.54,15.54,15.54,960
2026-04-16 14:05:00,15.535,15.535,15.515,15.515,250
2026-04-16 14:10:00,15.5,15.5,15.5,15.5,100
2026-04-16 14:15:00,15.5,15.5,15.5,15.5,200
2026-04-16 14:25:00,15.42,15.42,15.42,15.42,500
2026-04-16 14:30:00,15.5,15.5,15.5,15.5,2000
2026-04-16 14:35:00,15.51,15.51,15.51,15.51,200
2026-04-16 14:40:00,15.54,15.54,15.54,15.54,1810
2026-04-16 14:45:00,15.535,15.535,15.535,15.535,500
2026-04-16 15:05:00,15.42,15.503,15.42,15.503,600
2026-04-16 15:10:00,15.42,15.42,15.42,15.42,125
2026-04-16 15:15:00,15.405,15.405,15.405,15.405,1500
2026-04-16 15:20:00,15.41,15.41,15.41,15.41,200
2026-04-16 15:25:00,15.41,15.41,15.41,15.41,200
2026-04-16 15:30:00,15.4282,15.4282,15.2994,15.2994,3125
2026-04-16 15:35:00,15.29,15.35,15.29,15.29,3800
2026-04-16 15:40:00,15.29,15.29,15.29,15.29,500
2026-04-16 15:45:00,15.35,15.353,15.35,15.353,399
2026-04-16 15:50:00,15.2716,15.35,15.2716,15.35,1602
2026-04-16 15:55:00,15.33,15.45,15.22,15.45,1899
2026-04-16 16:00:00,15.36,15.45,15.36,15.45,657
2026-04-16 16:15:00,15.4,15.4,15.4,15.4,500
2026-04-16 16:40:00,15.36,15.36,15.36,15.36,300
2026-04-17 04:05:00,15.23,15.23,15.23,15.23,250
2026-04-17 04:30:00,15.77,15.77,15.77,15.77,200
2026-04-17 04:45:00,15.48,15.48,15.48,15.48,450
2026-04-17 06:35:00,15.58,15.58,15.58,15.58,100
2026-04-17 07:15:00,15.8,15.8,15.8,15.8,281
2026-04-17 08:15:00,15.96,15.96,15.947,15.947,200
2026-04-17 08:20:00,15.85,15.85,15.8,15.8,355
2026-04-17 08:30:00,15.92,15.92,15.92,15.92,100
2026-04-17 08:35:00,15.93,15.93,15.93,15.93,119
2026-04-17 08:50:00,16.1841,16.1841,16.1841,16.1841,109
2026-04-17 08:55:00,16.18,16.18,16.1637,16.1637,500
2026-04-17 09:00:00,16.02,16.1943,16.01,16.01,749
2026-04-17 09:05:00,16.09,16.09,16.09,16.09,500
2026-04-17 09:25:00,15.81,15.9,15.65,15.65,2200
2026-04-17 09:30:00,15.71,15.8315,15.56,15.625,2020
2026-04-17 09:35:00,15.75,16.0686,15.75,16.06,1505
2026-04-17 09:40:00,15.83,15.83,15.75,15.75,1130
2026-04-17 09:45:00,15.745,15.7824,15.38,15.38,1400
2026-04-17 09:50:00,15.7198,15.7198,15.63,15.6592,1800
2026-04-17 09:55:00,15.6346,15.6346,15.55,15.55,371
2026-04-17 10:05:00,15.5204,15.5204,15.5204,15.5204,659
2026-04-17 10:10:00,15.65,15.65,15.5581,15.56,1192
2026-04-17 10:15:00,15.65,15.71,15.61,15.61,1549
2026-04-17 10:20:00,15.665,15.72,15.665,15.71,870
2026-04-17 10:25:00,15.67,15.7,15.6552,15.6552,5139
2026-04-17 10:30:00,15.725,15.78,15.725,15.78,212
2026-04-17 10:40:00,15.73,15.755,15.715,15.755,750
2026-04-17 10:45:00,15.7,15.7,15.6301,15.6301,500
2026-04-17 10:50:00,15.645,15.645,15.5209,15.5209,2565
2026-04-17 10:55:00,15.6,15.6,15.5824,15.5824,200
2026-04-17 11:00:00,15.73,15.73,15.73,15.73,200
2026-04-17 11:05:00,15.65,15.65,15.58,15.58,2845
2026-04-17 11:10:00,15.61,15.62,15.5,15.5,3500
2026-04-17 11:15:00,15.6,15.6,15.6,15.6,400
2026-04-17 11:20:00,15.6,15.7284,15.6,15.7018,17786
2026-04-17 11:25:00,15.66,15.66,15.535,15.535,3630
2026-04-17 11:30:00,15.545,15.58,15.545,15.58,6100
2026-04-17 11:35:00,15.525,15.525,15.51,15.51,2300
2026-04-17 11:40:00,15.51,15.51,15.35,15.36,1000
2026-04-17 11:45:00,15.2974,15.35,15.25,15.285,1749
2026-04-17 11:50:00,15.271,15.295,15.271,15.295,200
2026-04-17 11:55:00,15.35,15.476,15.35,15.476,382
2026-04-17 12:00:00,15.425,15.425,15.425,15.425,500
2026-04-17 12:05:00,15.5,15.63,15.5,15.5011,1755
2026-04-17 12:10:00,15.46,15.49,15.425,15.4609,1855
2026-04-17 12:15:00,15.435,15.44,15.335,15.44,1810
2026-04-17 12:20:00,15.3,15.36,15.3,15.36,900
2026-04-17 12:25:00,15.415,15.48,15.415,15.48,1100
2026-04-17 12:30:00,15.415,15.4588,15.405,15.4588,580
2026-04-17 12:35:00,15.37,15.37,15.37,15.37,300
2026-04-17 12:40:00,15.44,15.54,15.399,15.54,2381
2026-04-17 12:50:00,15.515,15.57,15.515,15.57,400
2026-04-17 12:55:00,15.59,15.59,15.4543,15.4543,308
2026-04-17 13:00:00,15.5567,15.5567,15.4548,15.555,350
2026-04-17 13:05:00,15.555,15.555,15.4128,15.4128,520
2026-04-17 13:10:00,15.45,15.45,15.45,15.45,100
2026-04-17 13:20:00,15.48,15.48,15.4,15.4,702
2026-04-17 13:55:00,15.478,15.478,15.478,15.478,100
2026-04-17 14:00:00,15.56,15.6,15.56,15.6,700
2026-04-17 14:05:00,15.68,15.7405,15.5904,15.5904,2787
2026-04-17 14:10:00,15.68,15.69,15.68,15.69,1900
2026-04-17 14:15:00,15.58,15.64,15.58,15.64,200
2026-04-17 14:40:00,15.535,15.535,15.535,15.535,200
2026-04-17 14:45:00,15.535,15.535,15.535,15.535,1110
2026-04-17 14:50:00,15.5,15.5,15.5,15.5,100
2026-04-17 15:00:00,15.52,15.5399,15.47,15.47,3650
2026-04-17 15:15:00,15.55,15.64,15.55,15.64,2598
2026-04-17 15:30:00,15.545,15.545,15.545,15.545,500
2026-04-17 15:40:00,15.5,15.5,15.47,15.47,302
2026-04-17 15:45:00,15.45,15.45,15.45,15.45,222
2026-04-17 15:50:00,15.455,15.455,15.44,15.44,400
2026-04-17 15:55:00,15.36,15.44,15.2607,15.44,816
2026-04-17 16:00:00,15.29,15.29,15.29,15.29,305
2026-04-17 16:15:00,15.2543,15.2543,15.2543,15.2543,200
2026-04-17 18:15:00,15.32,15.32,15.22,15.22,302
2026-04-20 04:00:00,14.9,14.9,14.9,14.9,386
2026-04-20 07:05:00,15,15,15,15,300
2026-04-20 07:20:00,15.0386,15.0386,15.0386,15.0386,400
2026-04-20 07:25:00,15.03,15.03,15.03,15.03,200
2026-04-20 07:30:00,15.06,15.06,15.05,15.05,700
2026-04-20 08:05:00,15.12,15.12,15.12,15.12,1000
2026-04-20 09:00:00,15.1727,15.1727,15.1727,15.1727,160
2026-04-20 09:05:00,15.1727,15.1727,15.166,15.166,1960
2026-04-20 09:30:00,15.32,16.07,15.3085,16.07,2255
2026-04-20 09:35:00,16.07,16.45,16.07,16.26,7570
2026-04-20 09:40:00,16.22,16.3,16.14,16.2,5741
2026-04-20 09:45:00,16.29,16.35,16.13,16.26,9039
2026-04-20 09:50:00,16.31,16.43,16.3,16.43,2708
2026-04-20 09:55:00,16.37,16.55,16.31,16.55,5461
2026-04-20 10:00:00,16.49,16.495,16.45,16.45,990
2026-04-20 10:05:00,16.4139,16.4139,16.3301,16.3301,2747
2026-04-20 10:10:00,16.47,16.47,16.4,16.465,1969
2026-04-20 10:15:00,16.33,16.33,16.24,16.24,200
2026-04-20 10:20:00,16.1801,16.36,16.1801,16.36,702
2026-04-20 10:25:00,16.36,16.36,16.36,16.36,1100
2026-04-20 10:30:00,16.37,16.37,16.37,16.37,100
2026-04-20 10:35:00,16.21,16.3,16.21,16.3,547
2026-04-20 10:40:00,16.2001,16.3474,16.18,16.25,1108
2026-04-20 10:45:00,16.13,16.13,16.13,16.13,200
2026-04-20 10:50:00,16.13,16.13,16.13,16.13,227
2026-04-20 10:55:00,16.05,16.05,16,16,5300
2026-04-20 11:00:00,16.07,16.07,16,16.01,23616
2026-04-20 11:10:00,16.03,16.03,16.03,16.03,115
2026-04-20 11:15:00,16.14,16.14,16.14,16.14,318
2026-04-20 11:20:00,16.2,16.2,16.2,16.2,100
2026-04-20 11:30:00,16.18,16.18,16.18,16.18,100
2026-04-20 11:40:00,16.34,16.42,16.34,16.42,376
2026-04-20 11:45:00,16.3785,16.3785,16.3785,16.3785,2451
2026-04-20 11:55:00,16.51,16.55,16.43,16.5,7874
2026-04-20 12:00:00,16.47,16.5,16.47,16.5,4100
2026-04-20 12:05:00,16.5,16.5,16.5,16.5,100
2026-04-20 12:15:00,16.37,16.37,16.34,16.35,9430
2026-04-20 12:20:00,16.365,16.365,16.365,16.365,100
2026-04-20 12:30:00,16.4,16.4432,16.345,16.4432,600
2026-04-20 12:45:00,16.4,16.4,16.4,16.4,100
2026-04-20 12:50:00,16.44,16.5,16.44,16.48,650
2026-04-20 13:00:00,16.52,16.615,16.52,16.615,1000
2026-04-20 13:05:00,16.7683,16.7683,16.7683,16.7683,100
2026-04-20 13:10:00,16.73,16.73,16.725,16.725,650
2026-04-20 13:15:00,16.76,16.775,16.76,16.775,362
2026-04-20 13:20:00,16.85,16.86,16.85,16.86,935
2026-04-20 13:25:00,16.8,16.8,16.8,16.8,100
2026-04-20 13:30:00,16.875,16.91,16.875,16.91,1742
2026-04-20 13:35:00,16.95,17.0599,16.92,17.0599,8697
2026-04-20 13:40:00,16.94,16.96,16.94,16.96,800
2026-04-20 13:45:00,16.925,16.925,16.8,16.8,1000
2026-04-20 13:50:00,16.855,16.855,16.83,16.83,800
2026-04-20 13:55:00,16.81,16.8447,16.81,16.8447,700
2026-04-20 14:00:00,16.75,16.75,16.7,16.7,350
2026-04-20 14:05:00,16.83,16.83,16.83,16.83,400
2026-04-20 14:10:00,16.83,16.83,16.83,16.83,338
2026-04-20 14:15:00,16.84,16.84,16.84,16.84,400
2026-04-20 14:25:00,16.87,16.87,16.87,16.87,200
2026-04-20 14:50:00,16.87,16.9,16.87,16.9,1692
2026-04-20 15:00:00,16.75,16.75,16.75,16.75,200
2026-04-20 15:05:00,16.75,16.75,16.73,16.73,1619
2026-04-20 15:10:00,16.72,16.72,16.72,16.72,597
2026-04-20 15:25:00,16.64,16.64,16.64,16.64,100
2026-04-20 15:30:00,16.75,16.75,16.75,16.75,600
2026-04-20 15:35:00,16.77,16.78,16.77,16.77,540
2026-04-20 15:40:00,16.85,16.85,16.75,16.75,369
2026-04-20 15:45:00,16.8,16.8,16.8,16.8,438
2026-04-20 15:50:00,16.745,16.78,16.745,16.78,650
2026-04-20 15:55:00,16.8,16.89,16.8,16.89,200
2026-04-20 16:00:00,16.85,16.85,16.85,16.85,805
2026-04-20 18:10:00,16.68,16.68,16.68,16.68,250
2026-04-20 18:40:00,16.73,16.73,16.73,16.73,300
2026-04-20 18:50:00,16.82,16.82,16.82,16.82,150
2026-04-20 19:55:00,16.79,16.79,16.79,16.79,100
2026-04-21 04:00:00,16.87,17.1,16.87,17.1,400
2026-04-21 04:05:00,16.98,17.01,16.98,17.01,734
2026-04-21 04:55:00,17.1,17.1,17.1,17.1,100
2026-04-21 05:55:00,17.01,17.01,17,17,1480
2026-04-21 06:55:00,17.08,17.08,17.08,17.08,500
2026-04-21 07:00:00,16.98,17.05,16.98,17.05,1742
2026-04-21 07:10:00,17.0897,17.0897,17,17,600
2026-04-21 07:25:00,17,17,17,17,1500
2026-04-21 07:30:00,17.08,17.08,17.08,17.08,200
2026-04-21 07:40:00,17,17,17,17,100
2026-04-21 08:00:00,17.05,17.05,17.05,17.05,100
2026-04-21 08:10:00,16.99,16.99,16.99,16.99,4989
2026-04-21 08:15:00,17.07,17.07,17.07,17.07,100
2026-04-21 08:40:00,16.901,16.901,16.901,16.901,100
2026-04-21 09:10:00,16.95,16.95,16.95,16.95,100
2026-04-21 09:15:00,17.07,17.1,17.01,17.02,1204
2026-04-21 09:20:00,17.13,17.13,17.13,17.13,380
2026-04-21 09:30:00,16.92,17.15,16.7,17.15,16955
2026-04-21 09:35:00,17.32,17.42,17.1101,17.42,8245
2026-04-21 09:40:00,17.26,17.415,17.23,17.3492,2887
2026-04-21 09:45:00,17.38,17.5,17.3,17.485,2172
2026-04-21 09:50:00,17.48,17.7,17.44,17.6229,2676
2026-04-21 09:55:00,17.8,17.9,17.64,17.9,3690
2026-04-21 10:00:00,17.765,17.765,17.52,17.5635,2453
2026-04-21 10:05:00,17.6587,17.8,17.6587,17.725,1100
2026-04-21 10:10:00,17.8067,17.8067,17.58,17.58,770
2026-04-21 10:15:00,17.6,17.6,17.6,17.6,1500
2026-04-21 10:20:00,17.4575,17.4575,17.4575,17.4575,146
2026-04-21 10:25:00,17.45,17.6,17.45,17.58,3201
2026-04-21 10:30:00,17.703,17.71,17.59,17.64,443
2026-04-21 10:35:00,17.69,17.69,17.5108,17.5108,863
2026-04-21 10:40:00,17.6399,17.6399,17.61,17.62,1200
2026-04-21 10:45:00,17.6,17.6,17.46,17.46,500
2026-04-21 10:50:00,17.3599,17.3599,17.2,17.2435,3224
2026-04-21 10:55:00,17.15,17.15,16.94,16.94,3600
2026-04-21 11:00:00,16.8528,16.8528,16.8,16.83,880
2026-04-21 11:05:00,16.75,17.1,16.75,17.1,787
2026-04-21 11:10:00,17.1,17.1,17.07,17.07,250
2026-04-21 11:15:00,16.94,16.94,16.94,16.94,101
2026-04-21 11:20:00,17.01,17.0101,17.01,17.0101,1000
2026-04-21 11:25:00,17,17,17,17,800
2026-04-21 11:30:00,17.15,17.15,17.15,17.15,2700
2026-04-21 11:35:00,16.985,16.985,16.97,16.97,750
2026-04-21 11:55:00,17.03,17.0971,17.03,17.0971,401
2026-04-21 12:10:00,17.22,17.25,17.1944,17.22,1919
2026-04-21 12:15:00,17.201,17.3,17.19,17.3,700
2026-04-21 12:25:00,17.22,17.22,17.22,17.22,100
2026-04-21 12:30:00,17.22,17.22,17.22,17.22,1950
2026-04-21 12:35:00,17.22,17.22,17.22,17.22,360
2026-04-21 12:55:00,17,17.04,17,17,6982
2026-04-21 13:00:00,17.135,17.14,17.135,17.14,1116
2026-04-21 13:05:00,17,17,17,17,100
2026-04-21 13:10:00,16.975,16.975,16.95,16.95,2000
2026-04-21 13:15:00,16.885,16.885,16.885,16.885,100
2026-04-21 13:20:00,16.85,16.85,16.82,16.82,10702
2026-04-21 13:25:00,16.87,16.87,16.87,16.87,100
2026-04-21 13:35:00,16.76,16.8,16.76,16.8,1498
2026-04-21 13:45:00,16.96,16.96,16.96,16.96,100
2026-04-21 13:50:00,17.061,17.061,17.061,17.061,100
2026-04-21 14:00:00,17.06,17.06,17.06,17.06,200
2026-04-21 14:05:00,16.935,16.935,16.935,16.935,200
2026-04-21 14:10:00,16.91,16.91,16.91,16.91,100
2026-04-21 14:15:00,16.965,16.965,16.855,16.855,600
2026-04-21 14:35:00,16.77,16.7751,16.75,16.75,2093
2026-04-21 14:40:00,16.84,16.84,16.84,16.84,100
2026-04-21 14:55:00,16.98,16.98,16.98,16.98,100
2026-04-21 15:05:00,16.98,16.98,16.98,16.98,993
2026-04-21 15:10:00,16.995,16.995,16.9,16.9,2176
2026-04-21 15:20:00,17.05,17.05,17.05,17.05,100
2026-04-21 15:25:00,16.97,16.97,16.97,16.97,100
2026-04-21 15:45:00,16.71,16.77,16.71,16.77,4089
2026-04-21 15:50:00,16.6961,16.785,16.6961,16.785,685
2026-04-21 15:55:00,16.75,16.7824,16.75,16.75,1121
2026-04-21 16:00:00,16.835,16.835,16.835,16.835,194
2026-04-21 16:10:00,17.03,17.03,17.03,17.03,250
2026-04-21 16:15:00,17.04,17.04,17.04,17.04,4000
2026-04-21 17:00:00,17.24,17.24,17.24,17.24,100
2026-04-21 17:30:00,17.5006,17.5006,17.5006,17.5006,100
2026-04-21 17:35:00,17.4808,17.4808,17.4808,17.4808,122
2026-04-21 17:40:00,17.4907,17.4907,17.4907,17.4907,138
2026-04-21 17:50:00,17.3677,17.3677,17.3677,17.3677,700
2026-04-21 19:40:00,17.13,17.13,17.13,17.13,496
2026-04-21 19:50:00,17.24,17.24,17.24,17.24,200
2026-04-22 04:00:00,17.24,17.25,17.22,17.25,6235
2026-04-22 04:05:00,17.25,17.26,17.25,17.26,338
2026-04-22 04:30:00,17.26,17.26,17.26,17.26,160
2026-04-22 05:05:00,17.27,17.27,17.26,17.26,444
2026-04-22 05:20:00,17.26,17.26,17.26,17.26,100
2026-04-22 07:00:00,17.25,17.25,17.25,17.25,391
2026-04-22 07:10:00,17.24,17.25,17.24,17.25,412
2026-04-22 07:45:00,17.22,17.22,17.22,17.22,100
2026-04-22 07:55:00,17.22,17.22,17.22,17.22,100
2026-04-22 08:10:00,17.28,17.28,17.28,17.28,100
2026-04-22 08:20:00,17.25,17.25,17.25,17.25,500
2026-04-22 08:25:00,17.25,17.25,17.25,17.25,100
2026-04-22 08:50:00,17.36,17.36,17.36,17.36,100
2026-04-22 09:00:00,17.15,17.15,17.15,17.15,100
2026-04-22 09:20:00,17.13,17.13,17.13,17.13,100
2026-04-22 09:25:00,17.07,17.07,17.07,17.07,100
2026-04-22 09:30:00,17.25,17.46,16.88,17.28,4545
2026-04-22 09:35:00,17.47,17.6,17.3776,17.6,1879
2026-04-22 09:40:00,17.737,17.737,17.48,17.585,1575
2026-04-22 09:45:00,17.5305,17.75,17.5305,17.705,5896
2026-04-22 09:50:00,17.45,17.45,17.45,17.45,600
2026-04-22 09:55:00,17.47,17.47,17.425,17.425,327
2026-04-22 10:00:00,17.4,17.715,17.4,17.715,700
2026-04-22 10:10:00,17.79,17.8,17.665,17.8,2666
2026-04-22 10:15:00,17.842,17.842,17.842,17.842,837
2026-04-22 10:20:00,17.79,17.83,17.735,17.83,1700
2026-04-22 10:25:00,17.98,18.08,17.96,18,5769
2026-04-22 10:30:00,18.05,18.05,17.935,17.935,400
2026-04-22 10:35:00,18,18.02,17.9353,18.02,1093
2026-04-22 10:40:00,18.03,18.1,17.9,17.9,1030
2026-04-22 10:45:00,17.7,17.91,17.6742,17.91,1118
2026-04-22 10:50:00,17.62,17.65,17.6159,17.65,1300
2026-04-22 10:55:00,17.6,17.62,17.6,17.62,830
2026-04-22 11:00:00,17.5,17.5,17.5,17.5,100
2026-04-22 11:05:00,17.69,17.69,17.69,17.69,400
2026-04-22 11:15:00,17.61,17.6705,17.61,17.6705,600
2026-04-22 11:20:00,17.72,17.72,17.72,17.72,285
2026-04-22 11:25:00,17.5482,17.64,17.5482,17.64,1297
2026-04-22 11:30:00,17.71,17.8299,17.71,17.8299,1400
2026-04-22 11:50:00,17.61,17.61,17.6,17.6,822
2026-04-22 11:55:00,17.8406,17.8406,17.8406,17.8406,100
2026-04-22 12:00:00,17.6401,17.6401,17.6401,17.6401,136
2026-04-22 12:10:00,17.6379,17.6379,17.6,17.6,300
2026-04-22 12:15:00,17.7308,17.7308,17.7308,17.7308,945
2026-04-22 12:20:00,17.618,17.618,17.618,17.618,500
2026-04-22 12:30:00,17.6256,17.7599,17.6256,17.7599,600
2026-04-22 12:35:00,17.611,17.611,17.611,17.611,100
2026-04-22 12:50:00,17.5406,17.5406,17.5406,17.5406,342
2026-04-22 13:10:00,17.68,17.68,17.68,17.68,200
2026-04-22 13:20:00,17.75,17.7528,17.71,17.7528,898
2026-04-22 13:25:00,17.68,17.68,17.6,17.6,200
2026-04-22 13:40:00,17.6,17.6,17.6,17.6,308
2026-04-22 13:45:00,17.49,17.49,17.48,17.48,237
2026-04-22 13:55:00,17.655,17.655,17.655,17.655,1000
2026-04-22 14:15:00,17.52,17.5269,17.52,17.5269,270
2026-04-22 14:35:00,17.74,17.74,17.6222,17.6222,592
2026-04-22 14:45:00,17.735,17.735,17.735,17.735,200
2026-04-22 14:50:00,17.81,17.81,17.81,17.81,737
2026-04-22 15:05:00,17.8092,17.8092,17.66,17.73,1369
2026-04-22 15:10:00,17.67,17.67,17.67,17.67,3052
2026-04-22 15:15:00,17.6481,17.6481,17.6481,17.6481,126
2026-04-22 15:20:00,17.7663,17.8,17.72,17.72,450
2026-04-22 15:25:00,17.76,17.8,17.76,17.8,785
2026-04-22 15:30:00,17.805,17.805,17.805,17.805,100
2026-04-22 15:50:00,17.8,17.9,17.795,17.9,400
2026-04-22 15:55:00,17.82,17.895,17.82,17.895,285
2026-04-22 16:00:00,17.96,17.96,17.92,17.92,1290
2026-04-22 16:10:00,17.26,17.3,16.9,16.9,1400
2026-04-22 16:20:00,16.5,16.75,16.5,16.75,1300
2026-04-22 16:25:00,16.8,16.8,16.59,16.6,2338
2026-04-22 16:30:00,16.561,16.6892,16.561,16.6892,300
2026-04-22 16:35:00,16.7,16.7,16.61,16.61,1544
2026-04-22 16:40:00,16.7,16.75,16.7,16.75,211
2026-04-22 16:55:00,16.75,16.75,16.75,16.75,100
2026-04-22 17:00:00,16.65,16.65,16.65,16.65,1000
2026-04-22 17:40:00,16.74,16.75,16.74,16.75,600
2026-04-22 17:45:00,16.75,16.75,16.75,16.75,100
2026-04-22 18:15:00,16.96,16.96,16.83,16.96,4954
2026-04-22 18:40:00,16.91,16.91,16.76,16.76,961
2026-04-22 19:15:00,16.8,16.8,16.8,16.8,120
2026-04-23 04:45:00,16.8,16.8,16.8,16.8,200
2026-04-23 05:00:00,16.81,16.81,16.81,16.81,100
2026-04-23 07:00:00,16.81,16.81,16.81,16.81,100
2026-04-23 07:05:00,16.75,16.75,16.75,16.75,159
2026-04-23 07:15:00,16.7,16.7,16.7,16.7,100
2026-04-23 07:20:00,16.6127,16.6127,16.51,16.51,1998
2026-04-23 07:25:00,16.51,16.5662,16.51,16.5662,1036
2026-04-23 07:40:00,16.51,16.8,16.51,16.8,700
2026-04-23 07:45:00,16.8,16.8,16.78,16.79,370
2026-04-23 08:50:00,16.45,16.45,16.4,16.4,622
2026-04-23 09:25:00,16.58,16.58,16.58,16.58,427
2026-04-23 09:30:00,16.49,16.5,15.19,15.53,6939
2026-04-23 09:35:00,15.71,16.32,15.71,15.88,6477
2026-04-23 09:40:00,15.7,15.74,15.4792,15.55,7751
2026-04-23 09:45:00,15.52,15.71,15.52,15.71,1050
2026-04-23 09:50:00,15.5,15.54,15.32,15.32,6900
2026-04-23 09:55:00,15.31,15.5485,15.31,15.5485,3514
2026-04-23 10:00:00,15.42,15.49,15.36,15.4797,1388
2026-04-23 10:05:00,15.47,15.5,15.4,15.4,500
2026-04-23 10:10:00,15.2601,15.33,15.26,15.33,706
2026-04-23 10:15:00,15.45,15.45,15.15,15.15,1106
2026-04-23 10:20:00,15.1361,15.25,15.01,15.25,1864
2026-04-23 10:25:00,15.2563,15.33,15.2077,15.33,6208
2026-04-23 10:30:00,15.4,15.4,15.4,15.4,500
2026-04-23 10:35:00,15.4,15.41,15.2601,15.2601,1690
2026-04-23 10:40:00,15.45,15.47,15.27,15.3571,3927
2026-04-23 10:45:00,15.43,15.4936,15.2774,15.2774,2310
2026-04-23 10:50:00,15.405,15.405,15.405,15.405,700
2026-04-23 10:55:00,15.6,15.65,15.55,15.65,3093
2026-04-23 11:00:00,15.545,15.56,15.545,15.56,448
2026-04-23 11:05:00,15.57,15.6199,15.51,15.51,3153
2026-04-23 11:10:00,15.55,15.565,15.5101,15.5138,1822
2026-04-23 11:15:00,15.62,15.7583,15.62,15.7499,3007
2026-04-23 11:20:00,15.675,15.7472,15.655,15.7191,1497
2026-04-23 11:25:00,15.67,15.67,15.58,15.58,200
2026-04-23 11:30:00,15.51,15.5101,15.507,15.507,2007
2026-04-23 11:35:00,15.65,15.65,15.5,15.5,4805
2026-04-23 11:45:00,15.41,15.41,15.41,15.41,200
2026-04-23 11:50:00,15.33,15.33,15.33,15.33,6015
2026-04-23 11:55:00,15.385,15.518,15.385,15.518,1300
2026-04-23 12:00:00,15.47,15.47,15.3401,15.42,851
2026-04-23 12:05:00,15.385,15.385,15.36,15.36,225
2026-04-23 12:10:00,15.4297,15.4297,15.4297,15.4297,100
2026-04-23 12:30:00,15.39,15.39,15.36,15.36,2307
2026-04-23 12:35:00,15.35,15.35,15.25,15.25,400
2026-04-23 12:50:00,15.13,15.13,15.13,15.13,100
2026-04-23 12:55:00,15.2,15.2,15.2,15.2,169
2026-04-23 13:00:00,15.1,15.1,15.03,15.03,300
2026-04-23 13:05:00,15.07,15.07,14.99,15,4689
2026-04-23 13:10:00,14.955,14.9724,14.92,14.935,9164
2026-04-23 13:15:00,14.92,14.92,14.8,14.8,2517
2026-04-23 13:20:00,14.8286,14.97,14.8286,14.83,1314
2026-04-23 13:25:00,14.815,14.9499,14.8101,14.9499,1838
2026-04-23 13:30:00,14.8901,14.915,14.85,14.915,1411
2026-04-23 13:35:00,14.89,14.89,14.89,14.89,700
2026-04-23 13:40:00,14.78,14.78,14.6335,14.6335,1604
2026-04-23 13:45:00,14.5501,14.65,14.5501,14.635,1149
2026-04-23 13:50:00,14.6226,14.835,14.6226,14.835,550
2026-04-23 13:55:00,15.0118,15.0118,14.972,14.972,825
2026-04-23 14:05:00,15.1201,15.1201,15.1201,15.1201,116
2026-04-23 14:10:00,15.26,15.275,15.1503,15.275,1843
2026-04-23 14:15:00,15.34,15.37,15.22,15.22,1939
2026-04-23 14:20:00,15.34,15.43,15.34,15.405,400
2026-04-23 14:25:00,15.58,15.5983,15.53,15.5983,643
2026-04-23 14:35:00,15.705,15.75,15.705,15.75,3774
2026-04-23 14:40:00,15.695,15.77,15.695,15.77,500
2026-04-23 14:45:00,15.7035,15.7035,15.615,15.615,600
2026-04-23 14:50:00,15.68,15.68,15.63,15.63,500
2026-04-23 15:00:00,15.56,15.7493,15.5596,15.7493,3050
2026-04-23 15:05:00,15.68,15.75,15.68,15.705,3075
2026-04-23 15:15:00,15.745,15.81,15.745,15.81,1025
2026-04-23 15:20:00,15.695,15.72,15.64,15.72,1255
2026-04-23 15:25:00,15.73,15.85,15.73,15.85,250
2026-04-23 15:35:00,15.63,15.75,15.63,15.7,2090
2026-04-23 15:40:00,15.67,15.67,15.67,15.67,1000
2026-04-23 15:45:00,15.6864,15.6864,15.645,15.645,329
2026-04-23 15:50:00,15.7654,15.8758,15.7654,15.8758,1536
2026-04-23 15:55:00,15.795,15.815,15.792,15.792,1100
2026-04-23 16:00:00,15.75,15.75,15.75,15.75,395
2026-04-23 16:05:00,15.7825,15.7825,15.7825,15.7825,500
2026-04-23 16:10:00,15.76,15.76,15.75,15.75,1200
2026-04-23 16:20:00,15.4972,16,15.4972,16,1100
2026-04-23 16:35:00,16,16,16,16,100
2026-04-23 16:45:00,16.1423,16.1423,16.1423,16.1423,260
2026-04-23 16:50:00,16.135,16.135,16.135,16.135,423
2026-04-23 17:00:00,16.13,16.13,16.13,16.13,125
2026-04-23 17:10:00,16.14,16.14,16.14,16.14,2000
2026-04-23 17:15:00,16.18,16.18,16.18,16.18,200
2026-04-23 17:30:00,16.091,16.091,16.091,16.091,200
2026-04-23 18:30:00,15.94,15.94,15.94,15.94,100
2026-04-23 18:45:00,15.94,15.94,15.91,15.91,1120
2026-04-23 19:30:00,15.96,15.96,15.96,15.96,100
2026-04-23 19:35:00,16,16,16,16,200
2026-04-24 04:00:00,15.81,16.08,15.81,16.08,1695
2026-04-24 04:05:00,15.95,16.08,15.94,15.94,1015
2026-04-24 06:30:00,15.86,15.86,15.75,15.75,700
2026-04-24 07:25:00,16.25,16.25,16.25,16.25,102
2026-04-24 08:00:00,16.2271,16.2271,16.2271,16.2271,412
2026-04-24 08:10:00,16.2,16.2,16.2,16.2,500
2026-04-24 08:35:00,16.07,16.07,16.07,16.07,500
2026-04-24 08:40:00,16.06,16.06,16.06,16.06,200
2026-04-24 09:15:00,15.88,15.901,15.88,15.9,500
2026-04-24 09:25:00,15.9,15.91,15.9,15.91,4100
2026-04-24 09:30:00,15.89,15.89,14.25,14.38,2249
2026-04-24 09:35:00,14.38,14.47,14.1,14.1,13736
2026-04-24 09:40:00,14.21,14.21,13.78,13.92,19021
2026-04-24 09:45:00,13.92,14,13.75,13.8495,8332
2026-04-24 09:50:00,13.71,13.735,13.465,13.465,14360
2026-04-24 09:55:00,13.61,13.63,13.295,13.35,5709
2026-04-24 10:00:00,13.395,13.4799,13.25,13.25,13973
2026-04-24 10:05:00,13.3,13.55,13.215,13.55,12242
2026-04-24 10:10:00,13.59,13.7267,13.58,13.61,4980
2026-04-24 10:15:00,13.74,13.86,13.61,13.86,23252
2026-04-24 10:20:00,13.9299,13.9299,13.65,13.6799,3589
2026-04-24 10:25:00,13.665,13.6968,13.3,13.3,11272
2026-04-24 10:30:00,13.28,13.3599,13.22,13.3262,5498
2026-04-24 10:35:00,13.36,13.5,13.355,13.46,2302
2026-04-24 10:40:00,13.4601,13.61,13.4601,13.61,1238
2026-04-24 10:45:00,13.6,13.6,13.57,13.57,450
2026-04-24 10:50:00,13.7383,13.82,13.7,13.74,3201
2026-04-24 10:55:00,13.7387,13.77,13.7001,13.77,750
2026-04-24 11:00:00,13.85,13.85,13.78,13.78,600
2026-04-24 11:05:00,13.925,13.925,13.81,13.8102,2007
2026-04-24 11:10:00,13.8001,13.88,13.8001,13.88,200
2026-04-24 11:15:00,13.8768,13.8768,13.8,13.805,950
2026-04-24 11:20:00,13.835,13.9,13.835,13.9,3290
2026-04-24 11:25:00,13.83,13.83,13.795,13.795,4046
2026-04-24 11:30:00,13.95,13.96,13.95,13.96,1149
2026-04-24 11:35:00,13.975,14.03,13.967,14.03,2038
2026-04-24 11:40:00,14.05,14.1,14.05,14.1,1503
2026-04-24 11:45:00,14.12,14.18,14.12,14.1201,2300
2026-04-24 11:50:00,14.1266,14.24,14.1266,14.24,1286
2026-04-24 11:55:00,14.1199,14.1199,14.1199,14.1199,210
2026-04-24 12:00:00,14.0225,14.0636,14.0225,14.0636,606
2026-04-24 12:05:00,14.005,14.0878,14.005,14.06,1182
2026-04-24 12:10:00,14.06,14.18,14.06,14.18,2111
2026-04-24 12:15:00,14.1599,14.1599,14.07,14.07,244
2026-04-24 12:20:00,14.08,14.08,14.08,14.08,250
2026-04-24 12:25:00,14.065,14.065,14.04,14.04,300
2026-04-24 12:30:00,14.05,14.12,14.04,14.04,5200
2026-04-24 12:40:00,14.085,14.17,14,14,3671
2026-04-24 12:45:00,14.045,14.045,14.005,14.005,1000
2026-04-24 12:50:00,13.99,13.99,13.99,13.99,366
2026-04-24 12:55:00,13.9709,14.005,13.9709,14.005,5200
2026-04-24 13:00:00,14.165,14.165,14.1625,14.1625,200
2026-04-24 13:05:00,14.14,14.14,14.13,14.13,409
2026-04-24 13:10:00,14.0401,14.095,14.0401,14.095,1300
2026-04-24 13:20:00,14.13,14.1326,14.0001,14.0001,850
2026-04-24 13:25:00,14.0109,14.0907,14.01,14.05,881
2026-04-24 13:40:00,14.1585,14.18,14.15,14.18,1109
2026-04-24 13:45:00,14.25,14.25,14.225,14.225,600
2026-04-24 13:50:00,14.22,14.255,14.22,14.255,1930
2026-04-24 13:55:00,14.35,14.39,14.325,14.325,2063
2026-04-24 14:05:00,14.38,14.43,14.38,14.43,2940
2026-04-24 14:10:00,14.45,14.45,14.45,14.45,200
2026-04-24 14:15:00,14.455,14.455,14.33,14.35,26726
2026-04-24 14:20:00,14.355,14.355,14.355,14.355,100
2026-04-24 14:25:00,14.36,14.36,14.36,14.36,300
2026-04-24 14:30:00,14.31,14.375,14.31,14.375,600
2026-04-24 14:35:00,14.45,14.45,14.37,14.37,1541
2026-04-24 14:45:00,14.2857,14.2857,14.2857,14.2857,150
2026-04-24 14:55:00,14.2799,14.2799,14.235,14.235,2630
2026-04-24 15:00:00,14.2968,14.3,14.2968,14.3,305
2026-04-24 15:05:00,14.31,14.31,14.31,14.31,200
2026-04-24 15:10:00,14.45,14.46,14.45,14.46,1245
2026-04-24 15:15:00,14.505,14.505,14.45,14.45,811
2026-04-24 15:20:00,14.54,14.54,14.515,14.515,600
2026-04-24 15:25:00,14.585,14.629,14.58,14.6,1206
2026-04-24 15:30:00,14.58,14.58,14.53,14.53,658
2026-04-24 15:35:00,14.5,14.5252,14.44,14.44,2009
2026-04-24 15:40:00,14.44,14.44,14.41,14.41,279
2026-04-24 15:55:00,14.465,14.465,14.39,14.39,794
2026-04-24 16:00:00,14.39,14.39,14.39,14.39,113
2026-04-24 16:05:00,14.35,14.35,14.35,14.35,380
2026-04-24 16:20:00,14.31,14.31,14.0832,14.0983,1385
2026-04-24 16:30:00,14.3,14.3,14.3,14.3,100
2026-04-24 18:25:00,14.25,14.25,14.25,14.25,180
2026-04-24 18:50:00,14.35,14.35,14.35,14.35,500
2026-04-24 19:10:00,14.32,14.32,14.32,14.32,100
2026-04-24 19:45:00,14.4,14.4,14.4,14.4,148
2026-04-24 19:50:00,14.4949,14.4949,14.4949,14.4949,121
2026-04-27 04:00:00,14.45,14.55,14.39,14.39,1283
2026-04-27 05:05:00,14.43,14.43,14.43,14.43,100
2026-04-27 05:45:00,14.41,14.41,14.41,14.41,100
2026-04-27 07:15:00,14.4,14.4,14.4,14.4,200
2026-04-27 07:20:00,14.37,14.37,14.37,14.37,100
2026-04-27 07:25:00,14.26,14.37,14.26,14.37,400
2026-04-27 07:30:00,14.25,14.25,14.25,14.25,300
2026-04-27 07:45:00,14.251,14.251,14.21,14.21,1943
2026-04-27 07:55:00,14.34,14.34,14.34,14.34,300
2026-04-27 08:10:00,14.33,14.33,14.33,14.33,700
2026-04-27 08:15:00,14.5,14.5,14.5,14.5,100
2026-04-27 08:20:00,14.37,14.37,14.3,14.3,300
2026-04-27 08:25:00,14.3,14.3,14.3,14.3,100
2026-04-27 08:40:00,14.2069,14.2069,14.2069,14.2069,100
2026-04-27 09:00:00,14.2,14.2187,14.2,14.2187,717
2026-04-27 09:05:00,14.2,14.2,14.2,14.2,100
2026-04-27 09:15:00,14.3,14.3,14.2,14.2,1795
2026-04-27 09:20:00,14.32,14.32,14.32,14.32,211
2026-04-27 09:30:00,14.97,14.97,14.42,14.42,321
2026-04-27 09:35:00,14.605,15,14.605,15,3095
2026-04-27 09:40:00,14.96,15.225,14.92,15.225,2917
2026-04-27 09:45:00,15.27,15.4,15.27,15.34,2665
2026-04-27 09:50:00,15.34,15.34,15.11,15.13,2068
2026-04-27 09:55:00,15.17,15.17,14.91,14.91,6300
2026-04-27 10:05:00,14.875,14.875,14.875,14.875,250
2026-04-27 10:10:00,14.775,14.88,14.775,14.88,1199
2026-04-27 10:15:00,14.915,14.96,14.915,14.96,600
2026-04-27 10:20:00,14.96,14.96,14.815,14.815,1265
2026-04-27 10:25:00,14.93,15.12,14.93,15.12,4001
2026-04-27 10:30:00,15.2099,15.2099,15.2099,15.2099,250
2026-04-27 10:35:00,15.2,15.2359,15.11,15.16,714
2026-04-27 10:40:00,15.21,15.21,15.1,15.13,3945
2026-04-27 10:50:00,15.15,15.15,15.15,15.15,148
2026-04-27 10:55:00,15.18,15.18,15.12,15.12,200
2026-04-27 11:00:00,15.23,15.23,15.088,15.088,1080
2026-04-27 11:05:00,15.16,15.16,15.16,15.16,300
2026-04-27 11:10:00,15.16,15.16,15.0847,15.0847,1798
2026-04-27 11:20:00,15.11,15.11,15.11,15.11,555
2026-04-27 11:25:00,15.1653,15.1653,15.16,15.16,200
2026-04-27 11:30:00,15.22,15.22,15.22,15.22,155
2026-04-27 11:55:00,15.22,15.22,15.22,15.22,3700
2026-04-27 12:00:00,15.28,15.28,15.2,15.28,1911
2026-04-27 12:10:00,15.35,15.35,15.35,15.35,200
2026-04-27 12:25:00,15.39,15.39,15.39,15.39,500
2026-04-27 12:40:00,15.36,15.36,15.36,15.36,1000
2026-04-27 12:45:00,15.305,15.305,15.305,15.305,500
2026-04-27 12:50:00,15.3206,15.36,15.3206,15.36,756
2026-04-27 13:05:00,15.2801,15.2801,15.2801,15.2801,500
2026-04-27 13:10:00,15.335,15.39,15.335,15.39,374
2026-04-27 13:30:00,15.3691,15.38,15.34,15.38,1439
2026-04-27 13:40:00,15.2681,15.33,15.2681,15.33,600
2026-04-27 13:45:00,15.3157,15.3157,15.3157,15.3157,400
2026-04-27 14:05:00,15.42,15.42,15.42,15.42,518
2026-04-27 14:10:00,15.5,15.51,15.5,15.51,780
2026-04-27 14:15:00,15.6394,15.6394,15.51,15.51,1135
2026-04-27 14:30:00,15.5399,15.5399,15.53,15.53,1774
2026-04-27 14:35:00,15.4701,15.505,15.47,15.47,450
2026-04-27 14:40:00,15.445,15.445,15.4,15.435,2943
2026-04-27 14:45:00,15.37,15.43,15.37,15.392,500
2026-04-27 15:00:00,15.3181,15.3181,15.3181,15.3181,199
2026-04-27 15:05:00,15.35,15.35,15.305,15.305,400
2026-04-27 15:10:00,15.28,15.28,15.28,15.28,2400
2026-04-27 15:30:00,15.3,15.3299,15.1901,15.3299,1616
2026-04-27 15:35:00,15.24,15.24,15.16,15.16,461
2026-04-27 15:45:00,15.3173,15.3173,15.3173,15.3173,175
2026-04-27 15:55:00,15.22,15.38,15.17,15.3456,750
2026-04-27 16:00:00,15.14,15.14,15.14,15.14,262
2026-04-27 17:10:00,15.1,15.1,15.1,15.1,800
2026-04-27 17:35:00,15.09,15.09,15.09,15.09,115
2026-04-27 17:40:00,15.39,15.39,15.39,15.39,135
2026-04-27 18:05:00,15.29,15.29,15.28,15.28,1077
2026-04-27 19:00:00,15.44,15.44,15.44,15.44,100
2026-04-28 04:00:00,14.94,15.28,14.94,15.28,1339
2026-04-28 05:50:00,15.24,15.25,15.24,15.25,710
2026-04-28 07:05:00,15.14,15.14,15.14,15.14,5865
2026-04-28 07:20:00,14.95,14.95,14.95,14.95,250
2026-04-28 07:40:00,15.06,15.06,14.76,14.76,400
2026-04-28 07:45:00,14.71,14.71,14.69,14.69,500
2026-04-28 08:00:00,14.9,14.9,14.9,14.9,141
2026-04-28 08:05:00,14.79,14.79,14.79,14.79,397
2026-04-28 08:40:00,15.26,15.28,15.26,15.28,2334
2026-04-28 09:05:00,15.36,15.36,15.36,15.36,1050
2026-04-28 09:25:00,15.33,15.33,15.33,15.33,200
2026-04-28 09:30:00,15.14,15.6999,15.14,15.41,9964
2026-04-28 09:35:00,15.02,15.02,14.85,14.91,1780
2026-04-28 09:50:00,15.3501,15.3501,15.3501,15.3501,100
2026-04-28 09:55:00,15.45,15.45,15.45,15.45,300
2026-04-28 10:00:00,15.34,15.34,15.34,15.34,1000
2026-04-28 10:05:00,15.26,15.335,15.21,15.335,2238
2026-04-28 10:10:00,15.2414,15.2501,15.2414,15.2501,325
2026-04-28 10:20:00,15.45,15.45,15.25,15.25,1945
2026-04-28 10:30:00,15.15,15.15,15.15,15.15,100
2026-04-28 10:35:00,15,15,15,15,454
2026-04-28 10:40:00,14.95,14.95,14.95,14.95,100
2026-04-28 10:45:00,15,15,14.9019,15,2656
2026-04-28 10:50:00,14.9403,14.99,14.9403,14.99,2100
2026-04-28 10:55:00,14.885,14.885,14.885,14.885,130
2026-04-28 11:05:00,14.85,14.85,14.71,14.71,3985
2026-04-28 11:10:00,14.67,14.82,14.67,14.72,1761
2026-04-28 11:25:00,14.66,14.66,14.66,14.66,100
2026-04-28 12:10:00,14.75,14.75,14.75,14.75,400
2026-04-28 12:20:00,14.78,14.78,14.78,14.78,100
2026-04-28 12:35:00,14.9481,14.9481,14.9,14.9,200
2026-04-28 13:00:00,14.9,14.9,14.9,14.9,239
2026-04-28 14:05:00,15.0899,15.0899,15.0399,15.0399,200
2026-04-28 14:10:00,14.995,14.995,14.95,14.95,500
2026-04-28 14:15:00,15,15,15,15,350
2026-04-28 14:20:00,14.92,14.92,14.9114,14.9114,211
2026-04-28 14:25:00,14.91,14.91,14.91,14.91,500
2026-04-28 14:30:00,14.99,15.0214,14.99,15.0214,350
2026-04-28 14:45:00,15.0788,15.0788,15.0766,15.0766,600
2026-04-28 15:10:00,15.05,15.05,15.05,15.05,700
2026-04-28 15:15:00,14.99,14.99,14.99,14.99,300
2026-04-28 15:20:00,14.99,14.99,14.99,14.99,230
2026-04-28 15:35:00,14.99,14.99,14.99,14.99,153
2026-04-28 15:40:00,15.05,15.05,15,15.0499,20500
2026-04-28 15:50:00,14.92,14.92,14.835,14.835,559
2026-04-28 15:55:00,14.86,14.86,14.84,14.84,400
2026-04-28 16:00:00,14.95,14.95,14.95,14.95,177
2026-04-28 17:25:00,14.95,14.95,14.95,14.95,100
2026-04-28 18:35:00,15.1932,15.1932,15.1932,15.1932,100
2026-04-28 18:55:00,14.89,14.89,14.89,14.89,228
2026-04-29 04:00:00,15.07,15.1,15.07,15.1,556
2026-04-29 04:05:00,15.07,15.12,15.07,15.12,1013
2026-04-29 08:35:00,14.75,14.75,14.75,14.75,100
2026-04-29 08:40:00,14.66,14.66,14.66,14.66,200
2026-04-29 09:25:00,14.57,14.669,14.56,14.669,1101
2026-04-29 09:30:00,14.81,14.81,14.25,14.25,1452
2026-04-29 09:40:00,14.25,14.25,14.15,14.15,400
2026-04-29 09:45:00,14.36,14.445,14.36,14.445,1020
2026-04-29 09:50:00,14.45,14.45,14.435,14.45,650
2026-04-29 09:55:00,14.425,14.425,14.395,14.395,600
2026-04-29 10:00:00,14.3,14.3,14.27,14.2999,5200
2026-04-29 10:05:00,14.325,14.325,14.22,14.22,1500
2026-04-29 10:10:00,14.14,14.14,14.14,14.14,200
2026-04-29 10:15:00,14.26,14.26,14.26,14.26,210
2026-04-29 10:20:00,14.17,14.17,14.14,14.1426,1013
2026-04-29 10:25:00,14.27,14.33,14.27,14.33,800
2026-04-29 10:35:00,14.28,14.3,14.265,14.27,1144
2026-04-29 10:40:00,14.2101,14.36,14.2101,14.36,500
2026-04-29 10:55:00,14.3272,14.3272,14.3272,14.3272,127
2026-04-29 11:10:00,14.32,14.32,14.32,14.32,199
2026-04-29 11:30:00,14.45,14.45,14.45,14.45,250
2026-04-29 11:35:00,14.38,14.38,14.38,14.38,141
2026-04-29 11:40:00,14.27,14.27,14.261,14.261,2000
2026-04-29 11:45:00,14.51,14.51,14.43,14.4301,900
2026-04-29 11:50:00,14.55,14.55,14.55,14.55,100
2026-04-29 12:05:00,14.5,14.5,14.5,14.5,100
2026-04-29 12:25:00,14.4099,14.4099,14.4099,14.4099,250
2026-04-29 12:45:00,14.31,14.31,14.31,14.31,850
2026-04-29 12:50:00,14.295,14.295,14.29,14.29,860
2026-04-29 13:05:00,14.2,14.2,14.1515,14.2,650
2026-04-29 13:10:00,14.17,14.2,14.17,14.2,350
2026-04-29 13:15:00,14.1975,14.21,14.1975,14.21,1357
2026-04-29 13:30:00,14.38,14.38,14.33,14.33,1035
2026-04-29 13:45:00,14.405,14.405,14.405,14.405,200
2026-04-29 13:50:00,14.41,14.41,14.41,14.41,100
2026-04-29 13:55:00,14.41,14.48,14.41,14.48,400
2026-04-29 14:00:00,14.46,14.46,14.46,14.46,300
2026-04-29 14:10:00,14.44,14.44,14.44,14.44,200
2026-04-29 14:40:00,14.6414,14.68,14.6414,14.6632,1087
2026-04-29 14:45:00,14.6502,14.79,14.6502,14.79,2484
2026-04-29 14:50:00,14.85,14.85,14.85,14.85,250
2026-04-29 15:30:00,14.58,14.62,14.58,14.62,300
2026-04-29 15:35:00,14.54,14.6006,14.54,14.6006,400
2026-04-29 15:55:00,14.645,14.645,14.5,14.51,500
2026-04-29 16:00:00,14.51,14.51,14.51,14.51,275
2026-04-29 16:40:00,14.4215,14.4215,14.4215,14.4215,132
2026-04-29 17:50:00,14.31,14.31,14.31,14.31,200
2026-04-29 19:00:00,14.5,14.5,14.5,14.5,1686
2026-04-30 04:00:00,14.35,14.35,14.35,14.35,140
2026-04-30 04:05:00,14.51,14.51,14.51,14.51,206
2026-04-30 07:35:00,14.8,14.8,14.8,14.8,100
2026-04-30 09:05:00,14.5,14.5,14.5,14.5,100
2026-04-30 09:30:00,14.6,14.6,14,14,422
2026-04-30 09:35:00,14.105,14.105,14.105,14.105,1000
2026-04-30 09:40:00,13.75,13.87,13.75,13.87,460
2026-04-30 09:45:00,13.84,13.84,13.8,13.8,3800
2026-04-30 09:50:00,13.6,13.6,13.22,13.22,3583
2026-04-30 09:55:00,13.23,13.4304,13.23,13.31,6997
2026-04-30 10:00:00,13.185,13.19,13.185,13.19,730
2026-04-30 10:05:00,13.191,13.28,13.08,13.1,7389
2026-04-30 10:10:00,13.08,13.16,13.07,13.12,3651
2026-04-30 10:15:00,13.1399,13.1399,12.9401,13.09,4965
2026-04-30 10:20:00,13.08,13.1485,12.9901,13.1485,1300
2026-04-30 10:25:00,13,13.1363,13,13.1363,2292
2026-04-30 10:30:00,13.02,13.065,12.9618,13.065,487
2026-04-30 10:35:00,13.0649,13.24,13.0649,13.24,700
2026-04-30 10:40:00,13.2,13.41,13.2,13.3001,1682
2026-04-30 10:45:00,13.4557,13.46,13.32,13.32,640
2026-04-30 10:50:00,13.395,13.5239,13.395,13.5239,1275
2026-04-30 10:55:00,13.47,13.55,13.4348,13.53,983
2026-04-30 11:00:00,13.6,13.6,13.5194,13.5194,5500
2026-04-30 11:05:00,13.6287,13.7607,13.6287,13.7607,516
2026-04-30 11:10:00,13.7391,13.8,13.7391,13.8,1125
2026-04-30 11:15:00,13.7699,13.84,13.7699,13.84,3400
2026-04-30 11:20:00,13.815,13.815,13.815,13.815,250
2026-04-30 11:25:00,13.8398,13.8398,13.8398,13.8398,220
2026-04-30 11:30:00,13.81,13.81,13.775,13.775,560
2026-04-30 11:35:00,13.7,13.7279,13.68,13.68,1192
2026-04-30 11:40:00,13.68,13.68,13.68,13.68,108
2026-04-30 11:45:00,13.6899,13.6899,13.6899,13.6899,100
2026-04-30 11:55:00,13.77,13.8062,13.77,13.8062,876
2026-04-30 12:20:00,13.54,13.54,13.5,13.5,280
2026-04-30 12:30:00,13.5804,13.5804,13.5804,13.5804,175
2026-04-30 12:35:00,13.5,13.5,13.5,13.5,600
2026-04-30 12:40:00,13.5,13.5,13.5,13.5,700
2026-04-30 12:50:00,13.5785,13.5785,13.5785,13.5785,150
2026-04-30 12:55:00,13.43,13.48,13.43,13.46,989
2026-04-30 13:15:00,13.42,13.42,13.41,13.41,947
2026-04-30 13:20:00,13.4551,13.4551,13.4551,13.4551,100
2026-04-30 13:25:00,13.49,13.49,13.49,13.49,100
2026-04-30 13:30:00,13.5999,13.5999,13.5999,13.5999,250
2026-04-30 13:40:00,13.46,13.46,13.46,13.46,483
2026-04-30 13:45:00,13.44,13.44,13.44,13.44,386
2026-04-30 13:50:00,13.395,13.395,13.36,13.36,299
2026-04-30 14:00:00,13.5099,13.5099,13.5099,13.5099,100
2026-04-30 14:15:00,13.59,13.6,13.59,13.6,413
2026-04-30 14:20:00,13.72,13.72,13.72,13.72,383
2026-04-30 14:25:00,13.71,13.71,13.71,13.71,1400
2026-04-30 14:30:00,13.54,13.61,13.5001,13.55,1601
2026-04-30 14:45:00,13.582,13.582,13.582,13.582,100
2026-04-30 15:00:00,13.6899,13.6899,13.585,13.585,1650
2026-04-30 15:05:00,13.6,13.6,13.6,13.6,250
2026-04-30 15:20:00,13.55,13.55,13.55,13.55,100
2026-04-30 15:25:00,13.7182,13.7182,13.7182,13.7182,500
2026-04-30 15:40:00,13.68,13.68,13.68,13.68,200
2026-04-30 15:45:00,13.6,13.6,13.6,13.6,117
2026-04-30 15:55:00,13.55,13.55,13.55,13.55,200
2026-04-30 16:00:00,13.68,13.75,13.65,13.65,1187
2026-04-30 16:05:00,13.65,13.65,13.65,13.65,100
2026-04-30 16:10:00,13.75,13.75,13.75,13.75,1275
2026-04-30 16:20:00,14.1,14.1,14.1,14.1,165
2026-04-30 16:30:00,14.3,14.3,14.3,14.3,500
2026-04-30 16:35:00,13.91,13.91,13.91,13.91,200
2026-04-30 16:50:00,14.01,14.01,14,14,250
2026-04-30 17:15:00,14,14,14,14,250
2026-04-30 19:05:00,14.3,14.3,14.3,14.3,500
2026-05-01 04:00:00,14.17,14.17,14.17,14.17,208
2026-05-01 04:05:00,14.25,14.25,14.25,14.25,105
2026-05-01 07:10:00,14.35,14.35,14.35,14.35,320
2026-05-01 07:25:00,14.46,14.46,14.37,14.37,820
2026-05-01 07:30:00,14.35,14.35,14.35,14.35,205
2026-05-01 07:45:00,14.35,14.363,14.35,14.363,500
2026-05-01 07:50:00,14.4,14.4,14.4,14.4,738
2026-05-01 08:05:00,14.36,14.36,14.36,14.36,100
2026-05-01 08:25:00,14.5,14.5098,14.49,14.5098,12984
2026-05-01 08:35:00,14.5,14.5,14.47,14.5,4313
2026-05-01 08:45:00,14.3,14.3,14.3,14.3,100
2026-05-01 09:10:00,14.4,14.49,14.4,14.49,1900
2026-05-01 09:15:00,14.35,14.35,14.3107,14.3107,300
2026-05-01 09:25:00,14.43,14.43,14.43,14.43,500
2026-05-01 09:30:00,14.52,14.97,14.47,14.915,3153
2026-05-01 09:35:00,14.82,14.82,14.62,14.62,855
2026-05-01 09:40:00,14.79,14.94,14.79,14.94,1327
2026-05-01 09:45:00,14.89,15.2288,14.89,15.2288,3280
2026-05-01 09:50:00,14.915,14.915,14.81,14.86,550
2026-05-01 09:55:00,15,15,14.9,14.9,6225
2026-05-01 10:00:00,14.8,14.8,14.6271,14.6271,1370
2026-05-01 10:05:00,14.445,14.52,14.445,14.52,320
2026-05-01 10:10:00,14.38,14.38,14.3,14.3,23200
2026-05-01 10:15:00,14.485,14.485,14.415,14.44,1142
2026-05-01 10:20:00,14.57,14.6699,14.57,14.6699,600
2026-05-01 10:25:00,14.535,14.6,14.51,14.5501,484
2026-05-01 10:30:00,14.6999,14.6999,14.6999,14.6999,110
2026-05-01 10:35:00,14.36,14.36,14.36,14.36,6396
2026-05-01 10:40:00,14.31,14.3415,14.18,14.3415,592
2026-05-01 10:45:00,14.265,14.275,14.265,14.275,204
2026-05-01 10:50:00,14.267,14.267,14.267,14.267,100
2026-05-01 10:55:00,14.1244,14.17,14.06,14.17,2694
2026-05-01 11:05:00,14.05,14.05,14.05,14.05,100
2026-05-01 11:10:00,14.108,14.108,14.108,14.108,197
2026-05-01 11:15:00,14.145,14.2599,14.145,14.2599,773
2026-05-01 11:20:00,14.2499,14.31,14.2499,14.31,1557
2026-05-01 11:25:00,14.25,14.25,14.25,14.25,150
2026-05-01 11:30:00,14.3785,14.3785,14.3,14.33,900
2026-05-01 11:35:00,14.3,14.3,14.3,14.3,250
2026-05-01 11:45:00,14.4599,14.4599,14.4599,14.4599,100
2026-05-01 11:50:00,14.33,14.3994,14.27,14.35,36932
2026-05-01 11:55:00,14.35,14.36,14.33,14.33,7147
2026-05-01 12:00:00,14.24,14.24,14.17,14.17,5075
2026-05-01 12:05:00,14.17,14.17,14.0501,14.0501,6400
2026-05-01 12:10:00,14.11,14.11,14.11,14.11,5000
2026-05-01 12:15:00,14.115,14.16,14.115,14.16,842
2026-05-01 12:20:00,14.24,14.24,14.17,14.17,600
2026-05-01 12:25:00,14.0501,14.0501,14.0501,14.0501,150
2026-05-01 12:30:00,14.19,14.19,14.19,14.19,500
2026-05-01 12:35:00,14.19,14.19,14.19,14.19,300
2026-05-01 13:05:00,14.31,14.31,14.31,14.31,573
2026-05-01 13:10:00,14.32,14.32,14.32,14.32,1100
2026-05-01 13:15:00,14.32,14.32,14.32,14.32,1850
2026-05-01 13:20:00,14.345,14.345,14.345,14.345,1200
2026-05-01 13:25:00,14.35,14.3887,14.35,14.3887,222
2026-05-01 13:30:00,14.33,14.39,14.33,14.39,200
2026-05-01 13:45:00,14.52,14.52,14.48,14.51,1644
2026-05-01 13:50:00,14.39,14.39,14.39,14.39,100
2026-05-01 13:55:00,14.3916,14.3916,14.3101,14.3101,250
2026-05-01 14:10:00,14.37,14.37,14.37,14.37,2000
2026-05-01 14:25:00,14.49,14.49,14.3901,14.465,530
2026-05-01 14:45:00,14.5,14.5,14.5,14.5,500
2026-05-01 14:55:00,14.49,14.49,14.49,14.49,1000
2026-05-01 15:05:00,14.41,14.41,14.3804,14.3804,850
2026-05-01 15:15:00,14.395,14.395,14.395,14.395,100
2026-05-01 15:20:00,14.39,14.43,14.39,14.43,1703
2026-05-01 15:30:00,14.5,14.505,14.5,14.505,600
2026-05-01 15:50:00,14.64,14.64,14.64,14.64,104
2026-05-01 16:00:00,14.42,14.42,14.42,14.42,1103
2026-05-01 16:05:00,14.39,14.39,14.39,14.39,433
2026-05-01 16:25:00,14.41,14.41,14.41,14.41,300
2026-05-01 17:35:00,14.6,14.6,14.6,14.6,943
2026-05-01 17:40:00,14.5,14.5,14.5,14.5,500
2026-05-01 19:45:00,14.5,14.5,14.5,14.5,500
2026-05-04 04:00:00,14.66,14.79,14.56,14.65,900
2026-05-04 04:05:00,14.66,14.66,14.66,14.66,472
2026-05-04 06:15:00,14.5,14.5,14.5,14.5,799
2026-05-04 06:20:00,14.34,14.34,14.34,14.34,500
2026-05-04 09:30:00,14.925,15.16,14.925,15.16,1200
2026-05-04 09:35:00,14.98,14.98,14.805,14.805,1541
2026-05-04 09:40:00,14.72,14.745,14.72,14.74,2658
2026-05-04 09:45:00,14.8,15.239,14.8,15.2243,528
2026-05-04 09:50:00,15.26,15.26,15.09,15.09,1376
2026-05-04 09:55:00,15.12,15.12,15.0812,15.12,2855
2026-05-04 10:00:00,14.925,15.07,14.925,15.07,925
2026-05-04 10:05:00,15.24,15.31,15.24,15.31,798
2026-05-04 10:10:00,15.26,15.36,15.26,15.33,2914
2026-05-04 10:15:00,15.33,15.5,15.33,15.5,968
2026-05-04 10:20:00,15.61,15.66,15.5101,15.66,1248
2026-05-04 10:25:00,15.66,15.89,15.66,15.89,6330
2026-05-04 10:30:00,15.82,15.845,15.82,15.845,600
2026-05-04 10:35:00,15.8,15.88,15.7,15.88,1960
2026-05-04 10:40:00,15.7754,15.7754,15.7299,15.7299,1382
2026-05-04 10:45:00,15.99,16,15.99,16,1600
2026-05-04 10:50:00,15.995,16.1179,15.995,16.1179,1680
2026-05-04 10:55:00,16.0701,16.18,15.87,15.942,23351
2026-05-04 11:00:00,15.8,16.17,15.8,16.17,2586
2026-05-04 11:05:00,16.0418,16.06,16,16,2504
2026-05-04 11:10:00,15.89,15.95,15.855,15.855,4102
2026-05-04 11:15:00,15.85,15.85,15.71,15.78,748
2026-05-04 11:20:00,15.6865,15.74,15.63,15.74,2872
2026-05-04 11:25:00,15.6401,15.77,15.6401,15.77,970
2026-05-04 11:30:00,15.64,15.64,15.56,15.56,1400
2026-05-04 11:35:00,15.5,15.595,15.42,15.595,3048
2026-05-04 11:40:00,15.52,15.52,15.52,15.52,235
2026-05-04 11:45:00,15.61,15.61,15.61,15.61,100
2026-05-04 11:50:00,15.63,15.63,15.63,15.63,1393
2026-05-04 12:05:00,15.38,15.38,15.38,15.38,100
2026-05-04 12:10:00,15.48,15.48,15.45,15.45,600
2026-05-04 12:15:00,15.59,15.65,15.59,15.65,1496
2026-05-04 12:20:00,15.7,15.8,15.7,15.8,4659
2026-05-04 12:25:00,15.801,15.801,15.7,15.7899,2900
2026-05-04 12:35:00,15.7037,15.7037,15.685,15.685,300
2026-05-04 12:45:00,15.59,15.59,15.59,15.59,200
2026-05-04 12:55:00,15.65,15.65,15.65,15.65,102
2026-05-04 13:05:00,15.65,15.65,15.65,15.65,100
2026-05-04 13:25:00,15.5755,15.5755,15.5755,15.5755,100
2026-05-04 13:30:00,15.59,15.59,15.59,15.59,100
2026-05-04 13:35:00,15.5,15.59,15.5,15.59,804
2026-05-04 13:40:00,15.66,15.66,15.66,15.66,800
2026-05-04 13:50:00,15.545,15.545,15.545,15.545,100
2026-05-04 13:55:00,15.5186,15.5186,15.5186,15.5186,2000
2026-05-04 14:00:00,15.42,15.42,15.42,15.42,100
2026-05-04 14:05:00,15.42,15.46,15.42,15.4599,1382
2026-05-04 14:30:00,15.39,15.39,15.39,15.39,5000
2026-05-04 14:35:00,15.39,15.39,15.39,15.39,276
2026-05-04 14:40:00,15.4736,15.5486,15.4736,15.5486,229
2026-05-04 14:45:00,15.4799,15.4799,15.4799,15.4799,2000
2026-05-04 14:50:00,15.5,15.5,15.5,15.5,100
2026-05-04 15:00:00,15.41,15.43,15.39,15.39,3367
2026-05-04 15:15:00,15.31,15.31,15.31,15.31,400
2026-05-04 15:35:00,15.3001,15.345,15.3001,15.345,3250
2026-05-04 15:45:00,15.32,15.32,15.32,15.32,500
2026-05-04 15:50:00,15.18,15.27,15.18,15.27,1677
2026-05-04 15:55:00,15.23,15.23,15.23,15.23,100
2026-05-04 16:00:00,15.09,15.53,15.09,15.53,1455
2026-05-04 16:40:00,15.45,15.45,15.45,15.45,100
2026-05-04 17:00:00,15.45,15.45,15.45,15.45,100
2026-05-04 17:35:00,15.4,15.4,15.35,15.35,610
2026-05-04 17:50:00,15.16,15.16,15.16,15.16,131
2026-05-04 18:55:00,15.22,15.22,15.22,15.22,100
2026-05-05 04:30:00,15.5,15.5,15.5,15.5,200
2026-05-05 05:55:00,15.55,15.55,15.55,15.55,210
2026-05-05 07:10:00,15.55,15.55,15.55,15.55,120
2026-05-05 07:35:00,15.51,15.51,15.51,15.51,190
2026-05-05 08:25:00,15.75,15.75,15.72,15.72,427
2026-05-05 09:10:00,15.53,15.53,15.53,15.53,240
2026-05-05 09:15:00,15.6,15.6,15.6,15.6,370
2026-05-05 09:25:00,15.37,15.37,15.37,15.37,823
2026-05-05 09:30:00,15.57,15.605,15.13,15.13,9017
2026-05-05 09:35:00,15.275,15.275,14.76,14.76,5450
2026-05-05 09:40:00,14.71,15,14.71,15,2012
2026-05-05 09:45:00,14.77,14.77,14.77,14.77,100
2026-05-05 09:50:00,14.7,14.72,14.295,14.295,4141
2026-05-05 09:55:00,14.41,14.455,14.31,14.33,1788
2026-05-05 10:00:00,14.2,14.43,14.2,14.42,4017
2026-05-05 10:05:00,14.42,14.45,14.4,14.45,650
2026-05-05 10:10:00,14.42,14.4699,14.28,14.375,4120
2026-05-05 10:15:00,14.3,14.525,14.3,14.525,2883
2026-05-05 10:20:00,14.5999,14.6,14.57,14.6,3150
2026-05-05 10:25:00,14.63,14.63,14.56,14.58,350
2026-05-05 10:30:00,14.71,14.74,14.595,14.595,772
2026-05-05 10:35:00,14.59,14.62,14.5,14.54,651
2026-05-05 10:40:00,14.44,14.5,14.44,14.5,450
2026-05-05 10:45:00,14.6,14.8533,14.5906,14.75,1400
2026-05-05 10:50:00,14.75,14.85,14.71,14.77,3156
2026-05-05 10:55:00,14.925,14.925,14.925,14.925,300
2026-05-05 11:00:00,15.05,15.1,15.05,15.07,2011
2026-05-05 11:10:00,15.07,15.1404,14.995,15,2400
2026-05-05 11:15:00,15.0341,15.0341,14.93,14.93,6696
2026-05-05 11:25:00,15.04,15.04,15.04,15.04,100
2026-05-05 11:30:00,15.04,15.04,14.995,14.995,1200
2026-05-05 11:35:00,15.0807,15.0807,15.0807,15.0807,300
2026-05-05 11:45:00,15.076,15.076,15.076,15.076,636
2026-05-05 11:55:00,14.9,14.9,14.7318,14.81,300
2026-05-05 12:05:00,14.6602,14.6602,14.6602,14.6602,400
2026-05-05 12:20:00,14.765,14.765,14.765,14.765,1200
2026-05-05 12:25:00,14.864,14.864,14.864,14.864,100
2026-05-05 12:35:00,14.77,14.77,14.76,14.76,200
2026-05-05 12:40:00,14.69,14.69,14.69,14.69,100
2026-05-05 12:45:00,14.6,14.6,14.6,14.6,984
2026-05-05 12:50:00,14.57,14.57,14.57,14.57,1000
2026-05-05 12:55:00,14.5062,14.5062,14.4904,14.4904,1200
2026-05-05 13:00:00,14.61,14.61,14.6,14.6,200
2026-05-05 13:05:00,14.535,14.535,14.535,14.535,100
2026-05-05 13:20:00,14.6385,14.6385,14.6385,14.6385,100
2026-05-05 13:25:00,14.6594,14.6594,14.6594,14.6594,100
2026-05-05 13:30:00,14.55,14.55,14.55,14.55,100
2026-05-05 13:40:00,14.615,14.615,14.615,14.615,400
2026-05-05 13:50:00,14.6201,14.6201,14.6201,14.6201,120
2026-05-05 13:55:00,14.625,14.625,14.625,14.625,808
2026-05-05 14:05:00,14.5,14.5,14.5,14.5,640
2026-05-05 14:10:00,14.66,14.66,14.6386,14.6386,200
2026-05-05 14:20:00,14.63,14.63,14.63,14.63,500
2026-05-05 14:30:00,14.61,14.61,14.61,14.61,100
2026-05-05 15:05:00,14.59,14.59,14.59,14.59,100
2026-05-05 15:10:00,14.595,14.595,14.5116,14.5116,2600
2026-05-05 15:20:00,14.4912,14.4912,14.4912,14.4912,100
2026-05-05 15:30:00,14.49,14.49,14.49,14.49,100
2026-05-05 15:40:00,14.49,14.5,14.49,14.4999,2100
2026-05-05 15:45:00,14.48,14.48,14.395,14.395,300
2026-05-05 15:50:00,14.3981,14.3981,14.39,14.39,315
2026-05-05 15:55:00,14.4017,14.6,14.4017,14.6,733
2026-05-05 16:00:00,14.69,14.69,14.69,14.69,520
2026-05-05 16:30:00,14.69,14.69,14.69,14.69,100
2026-05-05 18:00:00,14.7,14.7,14.7,14.7,400
2026-05-05 19:40:00,14.53,14.53,14.53,14.53,100
2026-05-06 04:35:00,14.6,14.6,14.6,14.6,137
2026-05-06 04:55:00,14.98,14.98,14.98,14.98,500
2026-05-06 05:05:00,14.6,14.6,14.6,14.6,500
2026-05-06 05:40:00,14.87,14.87,14.87,14.87,300
2026-05-06 06:45:00,14.87,14.87,14.87,14.87,400
2026-05-06 07:10:00,14.99,14.99,14.99,14.99,1300
2026-05-06 07:20:00,14.96,14.97,14.96,14.97,300
2026-05-06 07:30:00,14.9,14.97,14.9,14.97,2120
2026-05-06 07:35:00,14.95,14.95,14.95,14.95,250
2026-05-06 07:45:00,14.95,14.9685,14.95,14.9685,8355
2026-05-06 07:55:00,14.84,14.84,14.84,14.84,371
2026-05-06 08:50:00,14.63,14.63,14.63,14.63,100
2026-05-06 09:25:00,14.7,14.75,14.7,14.75,10000
2026-05-06 09:30:00,14.57,14.57,13.56,13.715,13477
2026-05-06 09:35:00,13.989,14.1,13.7,13.704,4929
2026-05-06 09:40:00,13.69,13.95,13.65,13.95,2127
2026-05-06 09:45:00,13.995,13.995,13.6,13.6,2356
2026-05-06 09:50:00,13.54,13.78,13.54,13.78,11139
2026-05-06 09:55:00,13.805,13.9,13.77,13.79,4956
2026-05-06 10:00:00,13.79,13.79,13.79,13.79,1184
2026-05-06 10:05:00,13.858,14.09,13.79,14.09,7369
2026-05-06 10:10:00,14.17,14.205,14.12,14.125,1850
2026-05-06 10:20:00,14.19,14.26,14.19,14.26,453
2026-05-06 10:25:00,14.2,14.3781,14.2,14.3781,2856
2026-05-06 10:30:00,14.15,14.4,14.15,14.4,3978
2026-05-06 10:35:00,14.245,14.245,14.245,14.245,100
2026-05-06 10:40:00,14.2,14.2,14.11,14.11,747
2026-05-06 10:45:00,14.001,14.001,13.92,13.95,1006
2026-05-06 10:50:00,13.933,14.01,13.933,14.01,539
2026-05-06 10:55:00,14.01,14.01,14.01,14.01,900
2026-05-06 11:00:00,13.99,13.99,13.99,13.99,285
2026-05-06 11:05:00,13.97,14.06,13.97,14.06,350
2026-05-06 11:10:00,14,14,14,14,100
2026-05-06 11:20:00,13.92,13.94,13.865,13.865,450
2026-05-06 11:25:00,13.87,13.87,13.87,13.87,100
2026-05-06 11:35:00,13.85,13.85,13.85,13.85,100
2026-05-06 11:40:00,13.83,13.915,13.83,13.885,400
2026-05-06 11:45:00,13.885,13.995,13.885,13.995,700
2026-05-06 11:50:00,14.0286,14.0286,14.0286,14.0286,194
2026-05-06 12:05:00,14.0397,14.0397,14.0397,14.0397,500
2026-05-06 12:15:00,14.02,14.02,14.02,14.02,214
2026-05-06 12:20:00,13.93,13.97,13.93,13.97,8199
2026-05-06 12:25:00,13.97,14.0488,13.95,14.04,12403
2026-05-06 12:30:00,14.04,14.04,14.04,14.04,228
2026-05-06 12:40:00,14,14.11,14,14.045,2449
2026-05-06 12:45:00,14.15,14.15,14.15,14.15,275
2026-05-06 12:50:00,14.155,14.155,14.155,14.155,274
2026-05-06 12:55:00,14.0897,14.0897,14.045,14.045,650
2026-05-06 13:10:00,14.155,14.155,14.155,14.155,100
2026-05-06 13:15:00,14.2,14.227,14.2,14.227,5195
2026-05-06 13:20:00,14.144,14.15,14.144,14.15,200
2026-05-06 13:25:00,14.15,14.15,14.15,14.15,100
2026-05-06 13:30:00,14.125,14.125,14.125,14.125,100
2026-05-06 13:50:00,14.18,14.18,14.18,14.18,250
2026-05-06 13:55:00,14.1978,14.1978,14.1978,14.1978,500
2026-05-06 14:00:00,14.04,14.04,14.04,14.04,14245
2026-05-06 14:05:00,14.1,14.11,14.1,14.11,2932
2026-05-06 14:10:00,14.12,14.12,14.12,14.12,100
2026-05-06 14:15:00,14.1201,14.1201,14.1201,14.1201,100
2026-05-06 14:20:00,14.1915,14.21,14.18,14.21,516
2026-05-06 14:25:00,14.182,14.24,14.182,14.24,450
2026-05-06 14:35:00,14.2101,14.27,14.2101,14.27,755
2026-05-06 15:00:00,14.06,14.06,14.06,14.06,100
2026-05-06 15:05:00,14.05,14.05,13.97,14,400
2026-05-06 15:10:00,14.015,14.0758,14.015,14.07,5150
2026-05-06 15:15:00,14.08,14.08,14.06,14.06,900
2026-05-06 15:20:00,14.05,14.05,14.05,14.05,370
2026-05-06 15:25:00,14.105,14.105,14.105,14.105,150
2026-05-06 15:40:00,14.1001,14.1001,14.1001,14.1001,425
2026-05-06 15:50:00,14.25,14.25,14.24,14.25,4000
2026-05-06 15:55:00,14.235,14.25,14.17,14.24,840
2026-05-06 16:00:00,14.16,14.16,14.16,14.16,100
2026-05-06 16:05:00,14.16,14.16,14.16,14.16,1626
2026-05-06 16:45:00,14.27,14.27,14.27,14.27,150
2026-05-06 17:05:00,14.27,14.27,14.27,14.27,100
2026-05-06 17:15:00,14.2,14.2,14.2,14.2,132
2026-05-06 17:30:00,14.06,14.06,14.06,14.06,150
2026-05-06 17:35:00,14.25,14.25,14.25,14.25,100
2026-05-06 18:20:00,14.06,14.06,14.06,14.06,550
2026-05-06 19:55:00,14.3,14.3,14.3,14.3,453
2026-05-07 04:00:00,14.37,14.37,14.2,14.22,2357
2026-05-07 06:15:00,14.26,14.26,14.26,14.26,259
2026-05-07 07:00:00,14.55,16.53,14.55,16.2,6649
2026-05-07 07:05:00,16.53,17.57,16.44,17.29,56787
2026-05-07 07:10:00,16.71,17.1,16.6,16.6,3453
2026-05-07 07:15:00,17,17.01,16.59,16.59,2683
2026-05-07 07:20:00,16.58,16.77,16.58,16.58,655
2026-05-07 07:25:00,16.49,16.49,16.34,16.3819,36612
2026-05-07 07:30:00,16.38,16.69,16.29,16.69,22030
2026-05-07 07:35:00,16.53,16.54,16.4,16.54,500
2026-05-07 07:40:00,16.517,16.517,16.517,16.517,100
2026-05-07 07:50:00,16.46,16.46,16.46,16.46,500
2026-05-07 07:55:00,16.36,16.36,16.36,16.36,500
2026-05-07 08:00:00,16.42,16.5106,16.41,16.4651,2446
2026-05-07 08:05:00,16.59,16.65,16.59,16.65,1096
2026-05-07 08:10:00,16.75,16.79,16.61,16.61,1781
2026-05-07 08:15:00,16.63,16.75,16.63,16.75,225
2026-05-07 08:20:00,16.8,16.8,16.65,16.79,4186
2026-05-07 08:25:00,16.85,16.85,16.8,16.83,1691
2026-05-07 08:30:00,16.75,16.75,16.7,16.7,1250
2026-05-07 08:35:00,16.72,16.83,16.7,16.76,5801
2026-05-07 08:40:00,16.9,17.05,16.9,16.95,98201
2026-05-07 08:45:00,17.15,17.3,17.12,17.28,58913
2026-05-07 08:50:00,17.31,17.31,17.21,17.27,31789
2026-05-07 08:55:00,17.09,17.1,17.09,17.09,1719
2026-05-07 09:00:00,17.11,17.3,17.1,17.3,862
2026-05-07 09:05:00,17.17,17.25,17.13,17.13,1443
2026-05-07 09:10:00,17.13,17.13,17.04,17.04,338
2026-05-07 09:15:00,17.13,17.14,17.09,17.09,34714
2026-05-07 09:20:00,17.09,17.15,17.09,17.15,2300
2026-05-07 09:25:00,17.09,17.09,16.96,17.05,3098
2026-05-07 09:30:00,17.05,17.623,16.73,17.19,40029
2026-05-07 09:35:00,17.2012,17.3178,16.7016,17.04,20740
2026-05-07 09:40:00,17.06,17.3,17.06,17.135,14119
2026-05-07 09:45:00,17.06,17.12,16.75,17.12,7291
2026-05-07 09:50:00,16.94,16.94,16.7001,16.81,5927
2026-05-07 09:55:00,16.84,17.0662,16.54,16.54,2239
2026-05-07 10:00:00,16.5,16.54,16.47,16.47,15968
2026-05-07 10:05:00,16.68,16.68,16.61,16.675,2500
2026-05-07 10:10:00,16.69,16.7,16.69,16.7,3900
2026-05-07 10:15:00,16.9,16.9,16.715,16.89,3400
2026-05-07 10:20:00,16.915,16.915,16.79,16.79,3766
2026-05-07 10:25:00,16.5,16.69,16.5,16.69,1450
2026-05-07 10:30:00,16.66,16.69,16.52,16.55,2000
2026-05-07 10:35:00,16.491,16.491,16.39,16.45,1120
2026-05-07 10:40:00,16.45,16.5316,16.45,16.5,896
2026-05-07 10:45:00,16.533,16.6776,16.533,16.6776,3608
2026-05-07 10:50:00,16.735,16.8299,16.64,16.64,7000
2026-05-07 10:55:00,16.635,16.635,16.5839,16.605,1384
2026-05-07 11:00:00,16.59,16.66,16.58,16.66,1400
2026-05-07 11:05:00,16.62,16.665,16.51,16.665,1068
2026-05-07 11:10:00,16.8299,16.94,16.785,16.94,3150
2026-05-07 11:15:00,16.965,17.04,16.965,17.04,3550
2026-05-07 11:20:00,17.03,17.25,16.99,17.25,25510
2026-05-07 11:25:00,17.15,17.15,17.06,17.06,400
2026-05-07 11:30:00,17.1,17.15,17.1,17.1401,3301
2026-05-07 11:35:00,17.13,17.13,17.13,17.13,120
2026-05-07 11:40:00,17.1899,17.2104,17.1899,17.2104,322
2026-05-07 11:45:00,17.1681,17.1681,17.0871,17.0871,256
2026-05-07 11:50:00,17.08,17.12,16.965,16.965,1490
2026-05-07 11:55:00,16.96,16.96,16.807,16.91,963
2026-05-07 12:00:00,16.8401,16.8401,16.78,16.78,300
2026-05-07 12:05:00,16.65,16.65,16.501,16.555,20743
2026-05-07 12:15:00,16.45,16.62,16.41,16.59,5290
2026-05-07 12:20:00,16.59,16.92,16.57,16.92,4307
2026-05-07 12:25:00,16.7705,16.795,16.75,16.75,700
2026-05-07 12:30:00,16.76,16.77,16.68,16.68,400
2026-05-07 12:35:00,16.74,16.8087,16.74,16.8087,1400
2026-05-07 12:40:00,16.745,16.8064,16.69,16.8064,1628
2026-05-07 12:45:00,16.79,16.8345,16.77,16.77,2600
2026-05-07 12:50:00,16.76,16.76,16.75,16.75,755
2026-05-07 12:55:00,16.775,16.775,16.775,16.775,319
2026-05-07 13:00:00,16.83,16.865,16.78,16.82,5385
2026-05-07 13:05:00,16.9423,16.9423,16.85,16.85,2520
2026-05-07 13:10:00,16.88,16.9823,16.83,16.92,2459
2026-05-07 13:15:00,16.94,16.94,16.9,16.9,1955
2026-05-07 13:20:00,16.7,16.76,16.65,16.7165,2475
2026-05-07 13:25:00,16.58,16.64,16.58,16.61,5690
2026-05-07 13:30:00,16.61,16.7,16.61,16.7,500
2026-05-07 13:35:00,16.79,16.9,16.79,16.9,4300
2026-05-07 13:40:00,16.94,17.02,16.94,16.99,17167
2026-05-07 13:45:00,17.05,17.1,16.95,16.98,3170
2026-05-07 13:50:00,16.99,17.02,16.99,16.99,552
2026-05-07 13:55:00,17.01,17.15,17.01,17.15,821
2026-05-07 14:00:00,17.16,17.18,17.12,17.18,1439
2026-05-07 14:05:00,17.25,17.25,17.21,17.21,494
2026-05-07 14:10:00,17.23,17.23,17.17,17.17,700
2026-05-07 14:15:00,17.18,17.24,17.17,17.21,3055
2026-05-07 14:20:00,17.18,17.18,17.14,17.14,400
2026-05-07 14:25:00,17.08,17.1212,17.06,17.06,1100
2026-05-07 14:30:00,17.105,17.145,17.105,17.145,300
2026-05-07 14:35:00,17.07,17.07,16.99,17,800
2026-05-07 14:40:00,16.87,16.87,16.81,16.81,250
2026-05-07 14:45:00,16.81,16.85,16.81,16.81,700
2026-05-07 14:50:00,16.79,16.86,16.79,16.86,1864
2026-05-07 14:55:00,16.85,16.86,16.85,16.85,1400
2026-05-07 15:00:00,17,17,16.93,16.94,3669
2026-05-07 15:05:00,16.92,16.92,16.92,16.92,1000
2026-05-07 15:10:00,16.84,16.84,16.84,16.84,350
2026-05-07 15:15:00,16.7,16.7,16.66,16.6859,1452
2026-05-07 15:20:00,16.65,16.795,16.6099,16.795,800
2026-05-07 15:25:00,16.77,16.78,16.75,16.78,3435
2026-05-07 15:30:00,16.725,16.81,16.725,16.81,23222
2026-05-07 15:35:00,16.8088,16.8088,16.74,16.8,2500
2026-05-07 15:40:00,16.75,16.77,16.75,16.75,721
2026-05-07 15:45:00,16.76,16.82,16.76,16.78,1691
2026-05-07 15:50:00,17.046,17.07,17,17.07,2350
2026-05-07 15:55:00,17.08,17.1,17.065,17.1,2839
2026-05-07 16:00:00,17.12,17.12,17.12,17.12,602
2026-05-07 16:15:00,16.64,16.7,16.63,16.7,2500
2026-05-07 16:30:00,16.65,16.65,16.65,16.65,326
2026-05-07 16:40:00,16.74,16.74,16.74,16.74,400
2026-05-07 16:50:00,16.47,16.73,16.47,16.73,602
2026-05-07 16:55:00,16.62,16.62,16.62,16.62,117
2026-05-07 17:00:00,16.74,16.74,16.74,16.74,143
2026-05-07 17:15:00,16.81,16.81,16.81,16.81,200
2026-05-07 17:30:00,16.83,16.83,16.83,16.83,500
2026-05-07 17:50:00,16.8,16.8,16.5175,16.5175,378
2026-05-07 17:55:00,16.7,16.7,16.7,16.7,100
2026-05-07 18:00:00,16.7088,16.7088,16.7088,16.7088,100
2026-05-07 18:05:00,16.51,16.74,16.51,16.512,1800
2026-05-07 18:20:00,16.7,16.7,16.7,16.7,500
2026-05-07 18:25:00,16.6219,16.6219,16.6219,16.6219,228
2026-05-07 18:30:00,16.7197,16.7197,16.7197,16.7197,200
2026-05-07 18:35:00,16.72,16.72,16.72,16.72,100
2026-05-07 18:45:00,16.521,16.521,16.521,16.521,3000
2026-05-07 19:00:00,16.71,16.71,16.61,16.61,2100
2026-05-07 19:10:00,16.56,16.56,16.56,16.56,500
2026-05-07 19:15:00,16.61,16.61,16.61,16.61,100
2026-05-07 19:40:00,16.534,16.534,16.534,16.534,184
2026-05-07 19:55:00,16.6,16.6,16.6,16.6,100
2026-05-08 04:00:00,16.93,16.99,16.93,16.99,458
2026-05-08 05:00:00,16.98,16.98,16.96,16.96,31321
2026-05-08 05:05:00,16.96,16.96,16.96,16.96,216
2026-05-08 05:10:00,16.96,16.96,16.94,16.96,20431
2026-05-08 05:35:00,17.01,17.01,17.01,17.01,100
2026-05-08 05:55:00,17.03,17.03,17.03,17.03,100
2026-05-08 07:05:00,16.85,16.85,16.8,16.8,501
2026-05-08 07:10:00,16.77,16.77,16.77,16.77,300
2026-05-08 07:30:00,16.72,16.72,16.72,16.72,200
2026-05-08 08:00:00,16.83,16.83,16.83,16.83,280
2026-05-08 08:30:00,16.76,16.76,16.68,16.68,49512
2026-05-08 08:35:00,16.75,16.75,16.63,16.63,19298
2026-05-08 08:40:00,16.5,16.74,16.5,16.7,1050
2026-05-08 08:45:00,16.75,16.75,16.7,16.73,16664
2026-05-08 08:50:00,16.66,16.66,16.47,16.47,650
2026-05-08 09:10:00,16.62,16.62,16.62,16.62,1000
2026-05-08 09:25:00,16.47,16.47,16.42,16.42,800
2026-05-08 09:30:00,16.65,16.65,15.66,15.76,83752
2026-05-08 09:35:00,15.5352,15.5352,15.27,15.4326,16887
2026-05-08 09:40:00,15.3834,15.3834,15.05,15.1,6255
2026-05-08 09:45:00,15.145,15.25,15.0637,15.18,4839
2026-05-08 09:50:00,15.18,15.3499,15.07,15.07,6386
2026-05-08 09:55:00,15,15.15,14.99,15.1373,8529
2026-05-08 10:00:00,15.23,15.4899,15.09,15.4899,5312
2026-05-08 10:05:00,15.34,15.6,15.26,15.6,9618
2026-05-08 10:10:00,15.61,15.7,15.58,15.6,4600
2026-05-08 10:15:00,15.6,15.6,15.6,15.6,404
2026-05-08 10:20:00,15.5527,15.5548,15.5527,15.5548,458
2026-05-08 10:30:00,15.21,15.2514,15.2,15.2,10375
2026-05-08 10:35:00,15.17,15.25,15.17,15.25,500
2026-05-08 10:40:00,15.18,15.3225,15.18,15.3225,867
2026-05-08 10:45:00,15.4018,15.4018,15.3,15.34,3971
2026-05-08 10:50:00,15.36,15.4399,15.3,15.34,3156
2026-05-08 10:55:00,15.315,15.3761,15.315,15.3761,849
2026-05-08 11:00:00,15.37,15.499,15.37,15.499,411
2026-05-08 11:05:00,15.5,15.5433,15.5,15.54,3025
2026-05-08 11:10:00,15.47,15.5981,15.47,15.505,574
2026-05-08 11:15:00,15.55,15.55,15.55,15.55,150
2026-05-08 11:20:00,15.6,15.62,15.6,15.62,627
2026-05-08 11:25:00,15.66,15.66,15.66,15.66,1070
2026-05-08 11:30:00,15.65,15.65,15.61,15.61,2204
2026-05-08 11:35:00,15.7599,15.7599,15.69,15.69,1860
2026-05-08 11:40:00,15.65,15.65,15.521,15.5238,3300
2026-05-08 11:45:00,15.673,15.673,15.6,15.6,200
2026-05-08 11:50:00,15.6757,15.68,15.64,15.68,862
2026-05-08 11:55:00,15.59,15.6621,15.59,15.59,5277
2026-05-08 12:00:00,15.52,15.52,15.435,15.435,3107
2026-05-08 12:05:00,15.48,15.49,15.48,15.49,600
2026-05-08 12:10:00,15.72,15.72,15.715,15.7166,2471
2026-05-08 12:15:00,15.605,15.65,15.57,15.57,11016
2026-05-08 12:25:00,15.7,15.76,15.6701,15.76,5146
2026-05-08 12:30:00,15.835,15.9073,15.7801,15.86,585
2026-05-08 12:40:00,15.8,15.8,15.8,15.8,400
2026-05-08 12:45:00,15.919,15.935,15.919,15.935,200
2026-05-08 12:50:00,15.965,15.97,15.939,15.94,500
2026-05-08 13:00:00,16.2,16.24,16.2,16.24,203
2026-05-08 13:05:00,16.265,16.31,16.265,16.305,881
2026-05-08 13:10:00,16.3,16.33,16.2609,16.2801,2300
2026-05-08 13:15:00,16.37,16.37,16.22,16.255,4903
2026-05-08 13:20:00,16.36,16.5873,16.36,16.5873,2907
2026-05-08 13:30:00,16.6462,16.65,16.52,16.65,3040
2026-05-08 13:35:00,16.61,16.63,16.49,16.49,718
2026-05-08 13:40:00,16.4184,16.5,16.4184,16.5,286
2026-05-08 13:45:00,16.34,16.34,16.34,16.34,100
2026-05-08 13:50:00,16.3001,16.3001,16.3001,16.3001,100
2026-05-08 13:55:00,16.3,16.3,16.3,16.3,300
2026-05-08 14:05:00,16.5151,16.5499,16.5151,16.5499,268
2026-05-08 14:10:00,16.5001,16.53,16.5001,16.53,200
2026-05-08 14:25:00,16.5001,16.715,16.5001,16.715,3950
2026-05-08 14:30:00,16.705,16.77,16.705,16.76,3550
2026-05-08 14:35:00,16.77,16.7899,16.69,16.69,758
2026-05-08 14:45:00,16.52,16.54,16.5038,16.52,5996
2026-05-08 14:50:00,16.64,16.64,16.64,16.64,200
2026-05-08 14:55:00,16.5001,16.615,16.5001,16.615,360
2026-05-08 15:00:00,16.6392,16.67,16.6392,16.67,1700
2026-05-08 15:05:00,16.74,16.74,16.73,16.7321,8184
2026-05-08 15:10:00,16.645,16.7099,16.645,16.7099,300
2026-05-08 15:15:00,16.6,16.6,16.58,16.58,647
2026-05-08 15:45:00,16.57,16.57,16.55,16.55,300
2026-05-08 15:55:00,16.775,16.8,16.62,16.6201,3939
2026-05-08 16:00:00,16.78,16.78,16.78,16.78,625
2026-05-08 16:10:00,16.78,16.78,16.78,16.78,2000
2026-05-08 16:15:00,16.78,16.78,16.78,16.78,100
2026-05-08 16:20:00,16.58,16.58,16.58,16.58,300
2026-05-08 16:25:00,16.78,16.78,16.68,16.68,1702
2026-05-08 17:35:00,16.76,16.79,16.76,16.79,718
2026-05-08 18:00:00,16.97,16.97,16.97,16.97,300
2026-05-08 18:05:00,16.84,16.84,16.84,16.84,172
2026-05-08 18:30:00,16.81,16.81,16.81,16.81,200
2026-05-08 18:55:00,16.81,16.85,16.8,16.85,1000
2026-05-08 19:25:00,16.85,16.85,16.85,16.85,102
2026-05-08 19:30:00,16.89,16.89,16.89,16.89,100
2026-05-08 19:55:00,16.8015,16.8015,16.8015,16.8015,100