2026-04-22 09:10:00,53.6,53.6,53.6,53.6,100
2026-04-22 09:25:00,53.02,53.03,53.02,53.03,4200
2026-04-22 09:30:00,53.03,53.1,52.91,52.925,210896
2026-04-22 09:35:00,52.92,53.035,52.87,53.02,18649
2026-04-22 09:40:00,53.04,53.04,52.81,52.82,20537
2026-04-22 09:45:00,52.82,52.97,52.815,52.89,33112
2026-04-22 09:50:00,52.87,52.95,52.86,52.935,10171
2026-04-22 09:55:00,52.95,52.96,52.91,52.94,5517
2026-04-22 10:00:00,52.92,52.95,52.87,52.87,25753
2026-04-22 10:05:00,52.85,52.95,52.845,52.935,20321
2026-04-22 10:10:00,52.94,52.95,52.895,52.95,15839
2026-04-22 10:15:00,52.945,52.99,52.92,52.9203,7164
2026-04-22 10:20:00,52.91,52.93,52.875,52.875,26843
2026-04-22 10:25:00,52.88,52.9,52.825,52.825,48812
2026-04-22 10:30:00,52.82,52.83,52.765,52.78,26644
2026-04-22 10:35:00,52.755,52.88,52.75,52.875,23744
2026-04-22 10:40:00,52.875,52.9,52.78,52.785,14831
2026-04-22 10:45:00,52.79,52.875,52.79,52.87,4647
2026-04-22 10:50:00,52.87,52.875,52.77,52.79,14107
2026-04-22 10:55:00,52.79,52.85,52.78,52.845,4172
2026-04-22 11:00:00,52.86,52.86,52.725,52.725,6349
2026-04-22 11:05:00,52.74,52.82,52.72,52.7999,30031
2026-04-22 11:10:00,52.795,52.81,52.751,52.751,9323
2026-04-22 11:15:00,52.75,52.75,52.7,52.74,5588
2026-04-22 11:20:00,52.74,52.785,52.74,52.775,2121
2026-04-22 11:25:00,52.74,52.77,52.705,52.76,14837
2026-04-22 11:30:00,52.755,52.795,52.725,52.725,6741
2026-04-22 11:35:00,52.73,52.73,52.66,52.66,8077
2026-04-22 11:40:00,52.655,52.655,52.61,52.615,43213
2026-04-22 11:45:00,52.64,52.7288,52.64,52.71,18503
2026-04-22 11:50:00,52.7,52.705,52.675,52.68,4220
2026-04-22 11:55:00,52.7,52.74,52.7,52.72,5861
2026-04-22 12:00:00,52.72,52.7459,52.69,52.7,5777
2026-04-22 12:05:00,52.725,52.745,52.715,52.715,14664
2026-04-22 12:10:00,52.71,52.71,52.6899,52.7,11751
2026-04-22 12:15:00,52.7,52.7,52.67,52.67,4656
2026-04-22 12:20:00,52.665,52.699,52.665,52.675,5216
2026-04-22 12:25:00,52.675,52.68,52.64,52.64,2982
2026-04-22 12:30:00,52.635,52.6578,52.625,52.65,3493
2026-04-22 12:35:00,52.645,52.6743,52.645,52.6743,6305
2026-04-22 12:40:00,52.665,52.6799,52.605,52.605,21802
2026-04-22 12:45:00,52.605,52.6497,52.59,52.635,16852
2026-04-22 12:50:00,52.625,52.63,52.59,52.6245,2650
2026-04-22 12:55:00,52.62,52.62,52.595,52.595,4780
2026-04-22 13:00:00,52.58,52.65,52.565,52.63,19864
2026-04-22 13:05:00,52.635,52.6468,52.61,52.6468,8053
2026-04-22 13:10:00,52.65,52.7,52.6499,52.6499,6629
2026-04-22 13:15:00,52.64,52.6701,52.61,52.61,5931
2026-04-22 13:20:00,52.62,52.6883,52.6199,52.665,4525
2026-04-22 13:25:00,52.675,52.71,52.675,52.71,2182
2026-04-22 13:30:00,52.71,52.71,52.675,52.68,7896
2026-04-22 13:35:00,52.6897,52.6897,52.65,52.66,2661
2026-04-22 13:40:00,52.655,52.7,52.65,52.695,12937
2026-04-22 13:45:00,52.685,52.7,52.66,52.685,15235
2026-04-22 13:50:00,52.6898,52.695,52.675,52.6758,3713
2026-04-22 13:55:00,52.665,52.67,52.6542,52.665,4753
2026-04-22 14:00:00,52.655,52.66,52.645,52.655,9893
2026-04-22 14:05:00,52.665,52.665,52.6448,52.65,5263
2026-04-22 14:10:00,52.65,52.685,52.65,52.675,2652
2026-04-22 14:15:00,52.66,52.665,52.62,52.62,6884
2026-04-22 14:20:00,52.605,52.62,52.595,52.61,14751
2026-04-22 14:25:00,52.635,52.635,52.6101,52.6101,4138
2026-04-22 14:30:00,52.62,52.635,52.605,52.605,2523
2026-04-22 14:35:00,52.6174,52.64,52.6174,52.63,3167
2026-04-22 14:40:00,52.625,52.646,52.623,52.623,1764
2026-04-22 14:45:00,52.63,52.645,52.6106,52.645,4797
2026-04-22 14:50:00,52.635,52.65,52.61,52.61,8131
2026-04-22 14:55:00,52.61,52.625,52.59,52.625,3662
2026-04-22 15:00:00,52.61,52.61,52.565,52.57,4183
2026-04-22 15:05:00,52.58,52.6259,52.58,52.6259,2857
2026-04-22 15:10:00,52.62,52.635,52.615,52.63,3328
2026-04-22 15:15:00,52.63,52.66,52.62,52.66,35015
2026-04-22 15:20:00,52.6612,52.665,52.64,52.6499,4494
2026-04-22 15:25:00,52.645,52.695,52.645,52.695,12573
2026-04-22 15:30:00,52.68,52.68,52.6016,52.6016,22502
2026-04-22 15:35:00,52.6,52.65,52.5942,52.65,31928
2026-04-22 15:40:00,52.645,52.655,52.615,52.625,36408
2026-04-22 15:45:00,52.62,52.64,52.605,52.64,11055
2026-04-22 15:50:00,52.65,52.665,52.615,52.665,50731
2026-04-22 15:55:00,52.65,52.76,52.65,52.76,45352
2026-04-22 16:00:00,52.75,52.75,52.75,52.75,3009
2026-04-23 09:30:00,52.79,52.94,52.78,52.79,36053
2026-04-23 09:35:00,52.77,52.89,52.77,52.81,8684
2026-04-23 09:40:00,52.81,52.84,52.77,52.83,12181
2026-04-23 09:45:00,52.82,52.8696,52.78,52.845,14522
2026-04-23 09:50:00,52.85,52.88,52.77,52.82,11704
2026-04-23 09:55:00,52.8,52.8,52.73,52.73,6522
2026-04-23 10:00:00,52.69,52.755,52.64,52.73,24975
2026-04-23 10:05:00,52.74,52.815,52.74,52.81,7821
2026-04-23 10:10:00,52.8002,52.86,52.8002,52.845,9692
2026-04-23 10:15:00,52.8302,52.88,52.8,52.82,15743
2026-04-23 10:20:00,52.88,52.91,52.86,52.91,31988
2026-04-23 10:25:00,52.902,52.9159,52.87,52.9,5089
2026-04-23 10:30:00,52.91,52.955,52.89,52.89,7238
2026-04-23 10:35:00,52.89,52.895,52.85,52.86,6925
2026-04-23 10:40:00,52.87,52.965,52.865,52.95,6966
2026-04-23 10:45:00,52.955,52.96,52.9,52.935,8030
2026-04-23 10:50:00,52.93,52.96,52.91,52.95,4088
2026-04-23 10:55:00,52.965,52.99,52.965,52.965,11400
2026-04-23 11:00:00,52.96,52.96,52.895,52.905,6628
2026-04-23 11:05:00,52.9,52.91,52.88,52.89,10106
2026-04-23 11:10:00,52.91,52.93,52.9,52.9,11653
2026-04-23 11:15:00,52.88,52.945,52.87,52.92,21847
2026-04-23 11:20:00,52.9151,52.92,52.88,52.91,16422
2026-04-23 11:25:00,52.9243,52.945,52.9243,52.9246,11607
2026-04-23 11:30:00,52.9199,52.94,52.905,52.935,20121
2026-04-23 11:35:00,52.91,52.92,52.9,52.9,5000
2026-04-23 11:40:00,52.885,52.9,52.85,52.85,12543
2026-04-23 11:45:00,52.845,52.845,52.805,52.825,19799
2026-04-23 11:50:00,52.815,52.84,52.815,52.82,6464
2026-04-23 11:55:00,52.82,52.885,52.82,52.835,10246
2026-04-23 12:00:00,52.83,52.83,52.815,52.815,5438
2026-04-23 12:05:00,52.795,52.81,52.795,52.81,2025
2026-04-23 12:10:00,52.8201,52.845,52.8201,52.845,4312
2026-04-23 12:15:00,52.85,52.86,52.81,52.82,10407
2026-04-23 12:20:00,52.829,52.829,52.785,52.825,15723
2026-04-23 12:25:00,52.8399,52.86,52.835,52.835,3971
2026-04-23 12:30:00,52.83,52.85,52.825,52.85,5748
2026-04-23 12:35:00,52.85,52.87,52.83,52.83,4348
2026-04-23 12:40:00,52.845,52.8797,52.825,52.8797,8748
2026-04-23 12:45:00,52.9,52.9,52.87,52.87,4686
2026-04-23 12:50:00,52.8698,52.885,52.865,52.865,3893
2026-04-23 12:55:00,52.87,52.905,52.86,52.89,5501
2026-04-23 13:00:00,52.89,52.89,52.69,52.71,73297
2026-04-23 13:05:00,52.725,52.74,52.6,52.6,20408
2026-04-23 13:10:00,52.59,52.62,52.545,52.56,34488
2026-04-23 13:15:00,52.5441,52.55,52.45,52.46,41972
2026-04-23 13:20:00,52.47,52.5,52.43,52.45,4126
2026-04-23 13:25:00,52.44,52.54,52.405,52.415,17360
2026-04-23 13:30:00,52.41,52.5,52.39,52.5,18325
2026-04-23 13:35:00,52.51,52.53,52.38,52.38,12777
2026-04-23 13:40:00,52.37,52.37,52.2,52.22,29027
2026-04-23 13:45:00,52.2,52.26,52.11,52.19,70767
2026-04-23 13:50:00,52.19,52.49,52.13,52.45,199345
2026-04-23 13:55:00,52.45,52.58,52.44,52.53,49892
2026-04-23 14:00:00,52.51,52.61,52.5,52.545,47580
2026-04-23 14:05:00,52.51,52.59,52.51,52.55,11434
2026-04-23 14:10:00,52.575,52.64,52.55,52.6,38914
2026-04-23 14:15:00,52.625,52.67,52.61,52.67,18426
2026-04-23 14:20:00,52.6601,52.7099,52.63,52.705,31846
2026-04-23 14:25:00,52.705,52.72,52.6858,52.72,6338
2026-04-23 14:30:00,52.73,52.755,52.73,52.74,22148
2026-04-23 14:35:00,52.745,52.75,52.6958,52.6958,2157
2026-04-23 14:40:00,52.69,52.69,52.65,52.685,12076
2026-04-23 14:45:00,52.6865,52.695,52.67,52.685,3847
2026-04-23 14:50:00,52.655,52.695,52.655,52.68,4025
2026-04-23 14:55:00,52.675,52.675,52.57,52.605,17385
2026-04-23 15:00:00,52.6,52.62,52.57,52.6,26653
2026-04-23 15:05:00,52.596,52.6541,52.596,52.65,10641
2026-04-23 15:10:00,52.625,52.66,52.625,52.635,3360
2026-04-23 15:15:00,52.655,52.68,52.655,52.67,5303
2026-04-23 15:20:00,52.6651,52.6651,52.65,52.655,1085
2026-04-23 15:25:00,52.665,52.685,52.65,52.655,4657
2026-04-23 15:30:00,52.655,52.7,52.63,52.635,16363
2026-04-23 15:35:00,52.6,52.635,52.575,52.5999,22955
2026-04-23 15:40:00,52.6,52.6446,52.58,52.58,10283
2026-04-23 15:45:00,52.58,52.64,52.58,52.635,10248
2026-04-23 15:50:00,52.63,52.665,52.55,52.66,74740
2026-04-23 15:55:00,52.67,52.76,52.67,52.74,28016
2026-04-23 16:00:00,52.73,52.73,52.73,52.73,989
2026-04-24 09:30:00,52.89,53.02,52.66,52.66,41126
2026-04-24 09:35:00,52.67,52.75,52.65,52.69,23544
2026-04-24 09:40:00,52.69,52.74,52.64,52.71,16646
2026-04-24 09:45:00,52.71,52.72,52.64,52.64,19888
2026-04-24 09:50:00,52.65,52.69,52.58,52.58,9028
2026-04-24 09:55:00,52.57,52.66,52.55,52.6599,2643
2026-04-24 10:00:00,52.65,52.65,52.57,52.635,39371
2026-04-24 10:05:00,52.63,52.668,52.59,52.668,10292
2026-04-24 10:10:00,52.63,52.72,52.615,52.685,6162
2026-04-24 10:15:00,52.68,52.79,52.68,52.78,3003
2026-04-24 10:20:00,52.8,52.816,52.76,52.805,5852
2026-04-24 10:25:00,52.79,52.81,52.7259,52.805,10315
2026-04-24 10:30:00,52.8198,52.91,52.805,52.91,8908
2026-04-24 10:35:00,52.905,52.905,52.81,52.86,12231
2026-04-24 10:40:00,52.8584,52.87,52.835,52.845,2042
2026-04-24 10:45:00,52.8451,52.87,52.83,52.83,2300
2026-04-24 10:50:00,52.84,52.86,52.83,52.855,1637
2026-04-24 10:55:00,52.87,52.87,52.8337,52.835,4364
2026-04-24 11:00:00,52.8286,52.86,52.8286,52.8499,4142
2026-04-24 11:05:00,52.84,52.8451,52.8,52.8299,4486
2026-04-24 11:10:00,52.85,52.885,52.84,52.84,4648
2026-04-24 11:15:00,52.855,52.87,52.83,52.8451,5071
2026-04-24 11:20:00,52.845,52.8899,52.835,52.875,6978
2026-04-24 11:25:00,52.88,52.885,52.8497,52.8539,16085
2026-04-24 11:30:00,52.865,52.88,52.8458,52.8458,1296
2026-04-24 11:35:00,52.8496,52.88,52.8496,52.86,1787
2026-04-24 11:40:00,52.875,53.07,52.87,53.07,33759
2026-04-24 11:45:00,53.07,53.165,53,53.0701,79938
2026-04-24 11:50:00,53.0799,53.12,53.07,53.115,11849
2026-04-24 11:55:00,53.125,53.125,53.1197,53.12,6428
2026-04-24 12:00:00,53.13,53.135,53.1,53.125,5345
2026-04-24 12:05:00,53.13,53.15,53.07,53.07,4849
2026-04-24 12:10:00,53.0884,53.1,53.0702,53.075,13625
2026-04-24 12:15:00,53.07,53.08,53.055,53.0592,18182
2026-04-24 12:20:00,53.05,53.05,53.03,53.05,1653
2026-04-24 12:25:00,53.07,53.07,53.0396,53.0396,23798
2026-04-24 12:30:00,53.05,53.09,53.0499,53.06,16196
2026-04-24 12:35:00,53.045,53.05,53.0291,53.035,7279
2026-04-24 12:40:00,53.02,53.04,53.02,53.04,2664
2026-04-24 12:45:00,53.04,53.045,53.025,53.025,5637
2026-04-24 12:50:00,53.04,53.05,53.04,53.05,2031
2026-04-24 12:55:00,53.0684,53.075,53.05,53.065,6120
2026-04-24 13:00:00,53.065,53.08,53.06,53.06,2571
2026-04-24 13:05:00,53.045,53.05,53.03,53.045,4909
2026-04-24 13:10:00,53.035,53.035,53.01,53.01,1609
2026-04-24 13:15:00,53.01,53.01,52.9901,53.005,4513
2026-04-24 13:20:00,53,53.025,52.99,53.025,4564
2026-04-24 13:25:00,53.025,53.04,53.025,53.035,4920
2026-04-24 13:30:00,53.03,53.035,53.01,53.03,13253
2026-04-24 13:35:00,53.035,53.055,53.0101,53.0101,7207
2026-04-24 13:40:00,53.015,53.04,53.015,53.0399,3541
2026-04-24 13:45:00,53.03,53.04,53.02,53.02,4114
2026-04-24 13:50:00,53.025,53.1,53.01,53.05,28932
2026-04-24 13:55:00,53.06,53.06,53.01,53.02,5210
2026-04-24 14:00:00,53.015,53.025,53.005,53.005,59717
2026-04-24 14:05:00,52.998,53.0157,52.985,53.005,5151
2026-04-24 14:10:00,52.995,52.995,52.984,52.995,7450
2026-04-24 14:15:00,52.995,53.0099,52.98,53,8667
2026-04-24 14:20:00,53,53.01,52.9983,53.01,13535
2026-04-24 14:25:00,53.015,53.0369,53.005,53.005,5871
2026-04-24 14:30:00,53.01,53.0287,53.0097,53.0287,1689
2026-04-24 14:35:00,53.03,53.0573,53.025,53.04,11745
2026-04-24 14:40:00,53.045,53.045,53.035,53.04,1870
2026-04-24 14:45:00,53.04,53.05,53.03,53.045,11252
2026-04-24 14:50:00,53.04,53.05,53.03,53.035,5894
2026-04-24 14:55:00,53.02,53.0399,53.02,53.0396,18452
2026-04-24 15:00:00,53.04,53.0697,53.04,53.05,9874
2026-04-24 15:05:00,53.0584,53.07,53.045,53.06,10685
2026-04-24 15:10:00,53.0655,53.0655,53.025,53.0368,4730
2026-04-24 15:15:00,53.035,53.0499,53.02,53.035,13943
2026-04-24 15:20:00,53.025,53.03,53.01,53.01,4328
2026-04-24 15:25:00,53.0112,53.0256,52.995,53.01,8977
2026-04-24 15:30:00,53.01,53.07,52.995,53.02,8859
2026-04-24 15:35:00,53,53.02,52.985,52.992,5192
2026-04-24 15:40:00,52.995,53.035,52.995,53.03,14941
2026-04-24 15:45:00,53.02,53.02,53,53.015,127528
2026-04-24 15:50:00,53.02,53.03,52.97,53.01,11646
2026-04-24 15:55:00,53.015,53.075,53.01,53.03,19111
2026-04-24 16:00:00,53.02,53.02,53.02,53.02,1215
2026-04-27 09:30:00,53.11,53.43,53.11,53.35,100892
2026-04-27 09:35:00,53.34,53.42,53.26,53.3,65386
2026-04-27 09:40:00,53.35,53.35,53.13,53.13,35136
2026-04-27 09:45:00,53.14,53.17,53.03,53.03,50606
2026-04-27 09:50:00,53.02,53.23,53.02,53.22,37367
2026-04-27 09:55:00,53.25,53.275,53.155,53.155,27023
2026-04-27 10:00:00,53.15,53.175,53.13,53.16,28941
2026-04-27 10:05:00,53.18,53.2,53.13,53.13,7489
2026-04-27 10:10:00,53.13,53.19,53.13,53.135,28945
2026-04-27 10:15:00,53.1503,53.155,53.11,53.12,12486
2026-04-27 10:20:00,53.125,53.13,53.09,53.11,13268
2026-04-27 10:25:00,53.12,53.14,53.05,53.05,9898
2026-04-27 10:30:00,53.035,53.12,53.02,53.11,19088
2026-04-27 10:35:00,53.12,53.2,53.105,53.1401,44084
2026-04-27 10:40:00,53.14,53.16,53.11,53.15,8004
2026-04-27 10:45:00,53.15,53.15,53.08,53.08,5429
2026-04-27 10:50:00,53.07,53.09,53.0216,53.0816,5406
2026-04-27 10:55:00,53.07,53.115,53.07,53.115,2039
2026-04-27 11:00:00,53.11,53.12,53.065,53.065,7065
2026-04-27 11:05:00,53.06,53.095,53.0558,53.065,4347
2026-04-27 11:10:00,53.0601,53.07,53.035,53.035,6502
2026-04-27 11:15:00,53.05,53.075,53.05,53.07,2530
2026-04-27 11:20:00,53.045,53.06,53.005,53.02,12227
2026-04-27 11:25:00,53.02,53.045,53.005,53.005,5566
2026-04-27 11:30:00,53.01,53.035,53.005,53.02,8926
2026-04-27 11:35:00,53.015,53.035,53.005,53.01,1749
2026-04-27 11:40:00,53.005,53.045,53,53.045,849
2026-04-27 11:45:00,53.075,53.075,53.0458,53.0558,4599
2026-04-27 11:50:00,53.0435,53.08,53.0435,53.075,2182
2026-04-27 11:55:00,53.0899,53.11,53.0758,53.0951,2405
2026-04-27 12:00:00,53.09,53.115,53.07,53.115,8816
2026-04-27 12:05:00,53.115,53.13,53.105,53.12,6656
2026-04-27 12:10:00,53.12,53.15,53.12,53.135,9439
2026-04-27 12:15:00,53.135,53.145,53.1129,53.1299,4761
2026-04-27 12:20:00,53.12,53.12,53.095,53.1,4028
2026-04-27 12:25:00,53.105,53.11,53.1,53.105,5029
2026-04-27 12:30:00,53.105,53.11,53.1,53.1,2175
2026-04-27 12:35:00,53.095,53.1,53.085,53.085,21538
2026-04-27 12:40:00,53.0803,53.1,53.0803,53.1,4886
2026-04-27 12:45:00,53.1,53.1,53.09,53.0999,11147
2026-04-27 12:50:00,53.095,53.095,53.0843,53.085,3755
2026-04-27 12:55:00,53.09,53.11,53.085,53.105,15921
2026-04-27 13:00:00,53.115,53.12,53.095,53.0951,5812
2026-04-27 13:05:00,53.095,53.095,53.0601,53.0601,8635
2026-04-27 13:10:00,53.065,53.07,53.054,53.055,3579
2026-04-27 13:15:00,53.06,53.065,53.055,53.055,946
2026-04-27 13:20:00,53.07,53.125,53.07,53.1,30692
2026-04-27 13:25:00,53.0799,53.0999,53.0744,53.095,5960
2026-04-27 13:30:00,53.09,53.13,53.09,53.125,5745
2026-04-27 13:35:00,53.115,53.115,53.06,53.06,5366
2026-04-27 13:40:00,53.055,53.06,53.0499,53.05,4849
2026-04-27 13:45:00,53.04,53.04,53.015,53.03,7840
2026-04-27 13:50:00,53.025,53.04,53.005,53.005,2176
2026-04-27 13:55:00,53.015,53.04,53.015,53.03,6331
2026-04-27 14:00:00,53.029,53.0599,53.02,53.055,2977
2026-04-27 14:05:00,53.04,53.0498,53.015,53.0299,5581
2026-04-27 14:10:00,53.015,53.04,53.01,53.04,1423
2026-04-27 14:15:00,53.04,53.045,53.0199,53.045,7619
2026-04-27 14:20:00,53.045,53.065,53.045,53.06,6527
2026-04-27 14:25:00,53.0598,53.09,53.0598,53.065,4200
2026-04-27 14:30:00,53.0656,53.07,53.045,53.065,6918
2026-04-27 14:35:00,53.065,53.1,53.065,53.095,4141
2026-04-27 14:40:00,53.0902,53.0999,53.065,53.065,14562
2026-04-27 14:45:00,53.055,53.09,53.053,53.09,4330
2026-04-27 14:50:00,53.11,53.11,53.095,53.095,3564
2026-04-27 14:55:00,53.085,53.1073,53.065,53.065,2669
2026-04-27 15:00:00,53.06,53.1,53.06,53.0735,25129
2026-04-27 15:05:00,53.0951,53.1,53.09,53.09,3676
2026-04-27 15:10:00,53.0899,53.09,53.065,53.075,4437
2026-04-27 15:15:00,53.07,53.125,53.07,53.105,8134
2026-04-27 15:20:00,53.12,53.135,53.105,53.12,5902
2026-04-27 15:25:00,53.125,53.1299,53.095,53.11,10927
2026-04-27 15:30:00,53.12,53.1258,53.0964,53.1,14164
2026-04-27 15:35:00,53.11,53.13,53.09,53.1043,5899
2026-04-27 15:40:00,53.105,53.135,53.105,53.134,12265
2026-04-27 15:45:00,53.13,53.165,53.13,53.165,21550
2026-04-27 15:50:00,53.16,53.165,53.11,53.13,27876
2026-04-27 15:55:00,53.13,53.135,53.095,53.11,124808
2026-04-27 16:00:00,53.1,53.1,53.1,53.1,250598
2026-04-27 17:25:00,53,53,53,53,203
2026-04-28 06:40:00,53.11,53.11,53.11,53.11,100
2026-04-28 09:25:00,53.22,53.22,53.22,53.22,519
2026-04-28 09:30:00,53.18,53.4,53.18,53.385,59696
2026-04-28 09:35:00,53.38,53.4,53.19,53.26,17535
2026-04-28 09:40:00,53.235,53.28,53.15,53.155,14394
2026-04-28 09:45:00,53.17,53.17,53,53.01,37655
2026-04-28 09:50:00,53.015,53.03,52.93,52.99,14244
2026-04-28 09:55:00,52.99,53.01,52.88,52.89,11414
2026-04-28 10:00:00,52.86,52.9,52.84,52.89,18627
2026-04-28 10:05:00,52.85,52.94,52.85,52.9,4329
2026-04-28 10:10:00,52.875,52.89,52.825,52.825,10497
2026-04-28 10:15:00,52.82,52.855,52.78,52.8,8231
2026-04-28 10:20:00,52.8004,52.83,52.76,52.82,13437
2026-04-28 10:25:00,52.81,52.81,52.745,52.75,6340
2026-04-28 10:30:00,52.7,52.765,52.664,52.67,6531
2026-04-28 10:35:00,52.66,52.75,52.66,52.69,21462
2026-04-28 10:40:00,52.69,52.77,52.68,52.75,4738
2026-04-28 10:45:00,52.74,52.79,52.685,52.77,13798
2026-04-28 10:50:00,52.75,52.77,52.695,52.75,10852
2026-04-28 10:55:00,52.735,52.81,52.725,52.795,25902
2026-04-28 11:00:00,52.8,52.84,52.8,52.82,139456
2026-04-28 11:05:00,52.84,52.84,52.79,52.81,30480
2026-04-28 11:10:00,52.83,52.84,52.8104,52.82,29190
2026-04-28 11:15:00,52.8064,52.845,52.785,52.82,4314
2026-04-28 11:20:00,52.8,52.825,52.79,52.815,2758
2026-04-28 11:25:00,52.815,52.815,52.78,52.78,2998
2026-04-28 11:30:00,52.76,52.77,52.7398,52.75,6045
2026-04-28 11:35:00,52.71,52.795,52.71,52.755,15694
2026-04-28 11:40:00,52.735,52.7702,52.735,52.74,10284
2026-04-28 11:45:00,52.7435,52.775,52.73,52.745,10224
2026-04-28 11:50:00,52.755,52.77,52.745,52.77,5967
2026-04-28 11:55:00,52.7688,52.785,52.7325,52.76,6696
2026-04-28 12:00:00,52.74,52.7903,52.74,52.77,57250
2026-04-28 12:05:00,52.78,52.8,52.78,52.79,4756
2026-04-28 12:10:00,52.81,52.82,52.795,52.82,7993
2026-04-28 12:15:00,52.825,52.825,52.785,52.79,6632
2026-04-28 12:20:00,52.796,52.8,52.78,52.8,2629
2026-04-28 12:25:00,52.82,52.82,52.795,52.8155,14604
2026-04-28 12:30:00,52.7998,52.805,52.775,52.775,4459
2026-04-28 12:35:00,52.755,52.775,52.75,52.77,5979
2026-04-28 12:40:00,52.7601,52.775,52.7316,52.735,8368
2026-04-28 12:45:00,52.745,52.76,52.74,52.755,3890
2026-04-28 12:50:00,52.76,52.79,52.745,52.78,14754
2026-04-28 12:55:00,52.78,52.78,52.765,52.775,2191
2026-04-28 13:00:00,52.77,52.77,52.735,52.735,1294
2026-04-28 13:05:00,52.74,52.75,52.73,52.75,3745
2026-04-28 13:10:00,52.76,52.77,52.75,52.765,26175
2026-04-28 13:15:00,52.77,52.77,52.745,52.745,6185
2026-04-28 13:20:00,52.745,52.77,52.745,52.77,7735
2026-04-28 13:25:00,52.785,52.805,52.7816,52.785,2625
2026-04-28 13:30:00,52.785,52.81,52.78,52.8,14271
2026-04-28 13:35:00,52.8117,52.83,52.81,52.81,2573
2026-04-28 13:40:00,52.82,52.825,52.8,52.82,4876
2026-04-28 13:45:00,52.83,52.83,52.81,52.815,8533
2026-04-28 13:50:00,52.81,52.82,52.8003,52.82,2302
2026-04-28 13:55:00,52.825,52.8357,52.815,52.82,45289
2026-04-28 14:00:00,52.825,52.835,52.8,52.8,5120
2026-04-28 14:05:00,52.8,52.8055,52.79,52.79,9396
2026-04-28 14:10:00,52.79,52.8003,52.78,52.8,6598
2026-04-28 14:15:00,52.8,52.85,52.8,52.845,62912
2026-04-28 14:20:00,52.845,52.845,52.795,52.8199,26371
2026-04-28 14:25:00,52.81,52.82,52.8,52.82,4872
2026-04-28 14:30:00,52.805,52.805,52.7502,52.765,2741
2026-04-28 14:35:00,52.765,52.7656,52.755,52.765,2432
2026-04-28 14:40:00,52.7644,52.775,52.76,52.7701,2691
2026-04-28 14:45:00,52.775,52.8,52.77,52.79,8357
2026-04-28 14:50:00,52.7801,52.8,52.7701,52.8,7253
2026-04-28 14:55:00,52.7955,52.7955,52.78,52.78,5241
2026-04-28 15:00:00,52.76,52.783,52.76,52.783,5040
2026-04-28 15:05:00,52.8059,52.8199,52.785,52.815,8973
2026-04-28 15:10:00,52.81,52.82,52.795,52.795,17429
2026-04-28 15:15:00,52.795,52.795,52.76,52.78,5245
2026-04-28 15:20:00,52.77,52.785,52.755,52.7699,5150
2026-04-28 15:25:00,52.7699,52.78,52.75,52.755,5006
2026-04-28 15:30:00,52.73,52.75,52.71,52.72,66904
2026-04-28 15:35:00,52.72,52.765,52.72,52.765,5947
2026-04-28 15:40:00,52.765,52.78,52.76,52.7699,5791
2026-04-28 15:45:00,52.76,52.8,52.76,52.7903,7464
2026-04-28 15:50:00,52.8,52.8299,52.785,52.82,14761
2026-04-28 15:55:00,52.82,52.84,52.81,52.82,33367
2026-04-28 16:00:00,52.83,52.83,52.83,52.83,5783
2026-04-29 09:30:00,52.81,52.87,52.74,52.81,28881
2026-04-29 09:35:00,52.81,52.88,52.75,52.76,16399
2026-04-29 09:40:00,52.73,52.74,52.62,52.62,9797
2026-04-29 09:45:00,52.62,52.645,52.62,52.64,9170
2026-04-29 09:50:00,52.63,52.68,52.61,52.66,10446
2026-04-29 09:55:00,52.66,52.75,52.65,52.665,4445
2026-04-29 10:00:00,52.63,52.7,52.62,52.69,9195
2026-04-29 10:05:00,52.69,52.76,52.69,52.76,5977
2026-04-29 10:10:00,52.76,52.8,52.72,52.765,11408
2026-04-29 10:15:00,52.745,52.805,52.7401,52.75,3501
2026-04-29 10:20:00,52.775,52.84,52.775,52.81,21854
2026-04-29 10:25:00,52.82,52.82,52.76,52.775,8766
2026-04-29 10:30:00,52.74,52.8,52.74,52.7699,5866
2026-04-29 10:35:00,52.79,52.815,52.775,52.78,4413
2026-04-29 10:40:00,52.745,52.795,52.74,52.76,3915
2026-04-29 10:45:00,52.76,52.76,52.7299,52.745,6739
2026-04-29 10:50:00,52.72,52.74,52.71,52.735,8195
2026-04-29 10:55:00,52.71,52.71,52.66,52.66,1686
2026-04-29 11:00:00,52.65,52.68,52.63,52.635,6529
2026-04-29 11:05:00,52.6399,52.6415,52.605,52.615,6745
2026-04-29 11:10:00,52.625,52.625,52.58,52.585,31945
2026-04-29 11:15:00,52.595,52.635,52.59,52.59,8910
2026-04-29 11:20:00,52.595,52.6065,52.5758,52.59,13267
2026-04-29 11:25:00,52.6,52.61,52.56,52.61,12507
2026-04-29 11:30:00,52.595,52.595,52.54,52.555,11246
2026-04-29 11:35:00,52.575,52.575,52.5,52.52,17590
2026-04-29 11:40:00,52.52,52.53,52.515,52.52,2389
2026-04-29 11:45:00,52.555,52.555,52.5124,52.535,2718
2026-04-29 11:50:00,52.55,52.55,52.405,52.41,49687
2026-04-29 11:55:00,52.405,52.47,52.405,52.45,5369
2026-04-29 12:00:00,52.43,52.49,52.43,52.48,9024
2026-04-29 12:05:00,52.479,52.49,52.42,52.42,4720
2026-04-29 12:10:00,52.44,52.47,52.44,52.45,15431
2026-04-29 12:15:00,52.47,52.4801,52.44,52.46,3644
2026-04-29 12:20:00,52.455,52.48,52.45,52.475,3598
2026-04-29 12:25:00,52.49,52.495,52.43,52.43,13824
2026-04-29 12:30:00,52.42,52.42,52.365,52.37,19500
2026-04-29 12:35:00,52.38,52.41,52.37,52.39,7212
2026-04-29 12:40:00,52.395,52.435,52.395,52.4199,7383
2026-04-29 12:45:00,52.41,52.4499,52.405,52.435,7461
2026-04-29 12:50:00,52.43,52.44,52.42,52.435,2579
2026-04-29 12:55:00,52.425,52.425,52.4,52.4045,7171
2026-04-29 13:00:00,52.4201,52.425,52.38,52.395,8677
2026-04-29 13:05:00,52.385,52.395,52.37,52.3701,3455
2026-04-29 13:10:00,52.375,52.41,52.3745,52.405,39682
2026-04-29 13:15:00,52.4,52.425,52.395,52.415,7911
2026-04-29 13:20:00,52.42,52.465,52.4156,52.4199,15141
2026-04-29 13:25:00,52.42,52.44,52.4,52.435,8700
2026-04-29 13:30:00,52.445,52.47,52.4386,52.45,14423
2026-04-29 13:35:00,52.44,52.4544,52.43,52.435,12682
2026-04-29 13:40:00,52.425,52.43,52.4043,52.405,2202
2026-04-29 13:45:00,52.435,52.5,52.425,52.46,16979
2026-04-29 13:50:00,52.475,52.5,52.47,52.475,6035
2026-04-29 13:55:00,52.47,52.51,52.47,52.505,7166
2026-04-29 14:00:00,52.46,52.465,52.415,52.42,12650
2026-04-29 14:05:00,52.425,52.43,52.33,52.33,10818
2026-04-29 14:10:00,52.31,52.3501,52.31,52.33,1834
2026-04-29 14:15:00,52.315,52.38,52.315,52.33,17177
2026-04-29 14:20:00,52.32,52.34,52.3151,52.34,2665
2026-04-29 14:25:00,52.315,52.33,52.295,52.305,18172
2026-04-29 14:30:00,52.3042,52.3042,52.245,52.2699,14740
2026-04-29 14:35:00,52.26,52.37,52.26,52.315,62480
2026-04-29 14:40:00,52.31,52.335,52.25,52.25,13220
2026-04-29 14:45:00,52.255,52.32,52.235,52.29,26156
2026-04-29 14:50:00,52.3,52.345,52.3,52.32,5231
2026-04-29 14:55:00,52.32,52.4,52.32,52.4,5203
2026-04-29 15:00:00,52.42,52.42,52.38,52.3851,5682
2026-04-29 15:05:00,52.38,52.42,52.34,52.41,19414
2026-04-29 15:10:00,52.405,52.47,52.4,52.47,41023
2026-04-29 15:15:00,52.48,52.48,52.435,52.47,11599
2026-04-29 15:20:00,52.475,52.475,52.44,52.455,15179
2026-04-29 15:25:00,52.455,52.455,52.38,52.38,9088
2026-04-29 15:30:00,52.37,52.37,52.315,52.34,16665
2026-04-29 15:35:00,52.35,52.41,52.35,52.41,11535
2026-04-29 15:40:00,52.415,52.415,52.385,52.41,9670
2026-04-29 15:45:00,52.42,52.435,52.41,52.4201,36459
2026-04-29 15:50:00,52.42,52.4799,52.41,52.4799,52538
2026-04-29 15:55:00,52.47,52.475,52.4,52.42,40267
2026-04-29 16:00:00,52.4,52.4,52.4,52.4,9337
2026-04-30 07:00:00,52.85,52.85,52.85,52.85,100
2026-04-30 09:25:00,52.57,52.57,52.57,52.57,190
2026-04-30 09:30:00,52.51,52.705,52.51,52.6697,54723
2026-04-30 09:35:00,52.66,52.73,52.5899,52.5899,33275
2026-04-30 09:40:00,52.59,52.72,52.585,52.675,39419
2026-04-30 09:45:00,52.66,52.74,52.54,52.54,18386
2026-04-30 09:50:00,52.54,52.62,52.53,52.58,9062
2026-04-30 09:55:00,52.56,52.62,52.53,52.53,7400
2026-04-30 10:00:00,52.54,52.615,52.52,52.59,16262
2026-04-30 10:05:00,52.67,52.69,52.62,52.68,12164
2026-04-30 10:10:00,52.7,52.72,52.6616,52.69,17091
2026-04-30 10:15:00,52.7,52.77,52.695,52.76,8409
2026-04-30 10:20:00,52.8001,52.82,52.78,52.8,8392
2026-04-30 10:25:00,52.81,52.85,52.8,52.84,5444
2026-04-30 10:30:00,52.84,52.93,52.84,52.87,2704
2026-04-30 10:35:00,52.88,52.905,52.85,52.905,8184
2026-04-30 10:40:00,52.91,52.955,52.9,52.915,7173
2026-04-30 10:45:00,52.905,53,52.905,52.98,12050
2026-04-30 10:50:00,52.985,53.03,52.9727,52.98,13531
2026-04-30 10:55:00,52.98,53.01,52.98,53.005,2273
2026-04-30 11:00:00,53.01,53.01,52.9599,52.9599,9740
2026-04-30 11:05:00,52.95,52.995,52.94,52.965,8020
2026-04-30 11:10:00,53,53.01,52.965,53.01,5331
2026-04-30 11:15:00,52.995,53.015,52.99,53.015,4262
2026-04-30 11:20:00,53.0145,53.04,53.01,53.04,19529
2026-04-30 11:25:00,53.04,53.095,53.04,53.095,3281
2026-04-30 11:30:00,53.09,53.115,53.0778,53.094,9137
2026-04-30 11:35:00,53.095,53.105,53.07,53.09,17420
2026-04-30 11:40:00,53.085,53.09,53.065,53.075,4334
2026-04-30 11:45:00,53.0701,53.095,53.05,53.09,5821
2026-04-30 11:50:00,53.09,53.11,53.08,53.085,8342
2026-04-30 11:55:00,53.105,53.1301,53.105,53.13,3013
2026-04-30 12:00:00,53.125,53.125,53.075,53.105,23088
2026-04-30 12:05:00,53.115,53.135,53.1099,53.13,5477
2026-04-30 12:10:00,53.135,53.165,53.131,53.15,6286
2026-04-30 12:15:00,53.135,53.14,53.125,53.1301,2825
2026-04-30 12:20:00,53.1499,53.17,53.1499,53.16,959
2026-04-30 12:25:00,53.15,53.155,53.14,53.155,1688
2026-04-30 12:30:00,53.1699,53.1699,53.13,53.13,5331
2026-04-30 12:35:00,53.13,53.175,53.13,53.175,3902
2026-04-30 12:40:00,53.17,53.17,53.13,53.14,22604
2026-04-30 12:45:00,53.14,53.155,53.12,53.145,9736
2026-04-30 12:50:00,53.145,53.1543,53.12,53.125,9057
2026-04-30 12:55:00,53.12,53.135,53.095,53.135,27710
2026-04-30 13:00:00,53.145,53.16,53.128,53.128,4335
2026-04-30 13:05:00,53.1457,53.15,53.12,53.15,11880
2026-04-30 13:10:00,53.135,53.145,53.135,53.1407,4961
2026-04-30 13:15:00,53.1401,53.1401,53.115,53.135,2992
2026-04-30 13:20:00,53.1435,53.1601,53.1311,53.1601,9876
2026-04-30 13:25:00,53.17,53.17,53.14,53.16,3020
2026-04-30 13:30:00,53.17,53.23,53.17,53.1929,12222
2026-04-30 13:35:00,53.22,53.25,53.22,53.2201,4651
2026-04-30 13:40:00,53.225,53.24,53.225,53.24,3764
2026-04-30 13:45:00,53.24,53.27,53.24,53.27,6595
2026-04-30 13:50:00,53.26,53.2699,53.24,53.255,10933
2026-04-30 13:55:00,53.25,53.26,53.235,53.235,10863
2026-04-30 14:00:00,53.2301,53.285,53.2301,53.25,8829
2026-04-30 14:05:00,53.2558,53.26,53.2411,53.25,8306
2026-04-30 14:10:00,53.24,53.26,53.225,53.25,10415
2026-04-30 14:15:00,53.245,53.265,53.245,53.26,2835
2026-04-30 14:20:00,53.24,53.28,53.24,53.27,11244
2026-04-30 14:25:00,53.275,53.275,53.27,53.275,4709
2026-04-30 14:30:00,53.2799,53.305,53.275,53.28,10131
2026-04-30 14:35:00,53.29,53.314,53.284,53.314,5831
2026-04-30 14:40:00,53.32,53.35,53.32,53.34,22125
2026-04-30 14:45:00,53.33,53.34,53.32,53.325,5260
2026-04-30 14:50:00,53.33,53.33,53.315,53.32,6149
2026-04-30 14:55:00,53.32,53.3304,53.305,53.305,7492
2026-04-30 15:00:00,53.29,53.3601,53.29,53.3501,28262
2026-04-30 15:05:00,53.36,53.38,53.355,53.37,3690
2026-04-30 15:10:00,53.375,53.43,53.375,53.4201,11458
2026-04-30 15:15:00,53.42,53.45,53.415,53.415,19409
2026-04-30 15:20:00,53.42,53.44,53.42,53.43,7503
2026-04-30 15:25:00,53.445,53.45,53.4,53.415,14628
2026-04-30 15:30:00,53.41,53.42,53.365,53.37,5704
2026-04-30 15:35:00,53.3855,53.3855,53.3399,53.345,11710
2026-04-30 15:40:00,53.3301,53.35,53.325,53.34,12674
2026-04-30 15:45:00,53.33,53.39,53.325,53.3899,21956
2026-04-30 15:50:00,53.39,53.415,53.36,53.4,44353
2026-04-30 15:55:00,53.4,53.41,53.35,53.35,184647
2026-04-30 16:00:00,53.36,53.36,53.36,53.36,100901
2026-05-01 09:30:00,53.48,53.49,53.3361,53.375,30837
2026-05-01 09:35:00,53.36,53.45,53.19,53.2,52781
2026-05-01 09:40:00,53.195,53.275,53.16,53.27,26166
2026-05-01 09:45:00,53.27,53.275,53.17,53.18,10092
2026-05-01 09:50:00,53.18,53.315,53.17,53.265,44935
2026-05-01 09:55:00,53.27,53.48,53.27,53.47,27132
2026-05-01 10:00:00,53.45,53.49,53.42,53.49,15615
2026-05-01 10:05:00,53.5,53.52,53.42,53.4537,18461
2026-05-01 10:10:00,53.46,53.55,53.45,53.545,13830
2026-05-01 10:15:00,53.56,53.63,53.555,53.565,18066
2026-05-01 10:20:00,53.56,53.585,53.555,53.585,7730
2026-05-01 10:25:00,53.575,53.59,53.545,53.565,13912
2026-05-01 10:30:00,53.535,53.56,53.505,53.515,8123
2026-05-01 10:35:00,53.5399,53.5399,53.485,53.5,3410
2026-05-01 10:40:00,53.5,53.52,53.48,53.505,11947
2026-05-01 10:45:00,53.495,53.5,53.43,53.435,12456
2026-05-01 10:50:00,53.43,53.44,53.38,53.38,8499
2026-05-01 10:55:00,53.375,53.405,53.355,53.355,8630
2026-05-01 11:00:00,53.335,53.385,53.335,53.37,10623
2026-05-01 11:05:00,53.36,53.39,53.355,53.38,6225
2026-05-01 11:10:00,53.39,53.425,53.375,53.405,9476
2026-05-01 11:15:00,53.41,53.42,53.36,53.36,9529
2026-05-01 11:20:00,53.37,53.395,53.365,53.394,3320
2026-05-01 11:25:00,53.395,53.4097,53.3849,53.4058,7198
2026-05-01 11:30:00,53.41,53.415,53.36,53.36,112582
2026-05-01 11:35:00,53.355,53.405,53.355,53.375,38291
2026-05-01 11:40:00,53.375,53.445,53.375,53.44,6440
2026-05-01 11:45:00,53.435,53.45,53.435,53.45,1222
2026-05-01 11:50:00,53.45,53.459,53.32,53.405,59095
2026-05-01 11:55:00,53.41,53.42,53.385,53.385,86644
2026-05-01 12:00:00,53.39,53.4035,53.385,53.385,29079
2026-05-01 12:05:00,53.4001,53.4001,53.38,53.395,12841
2026-05-01 12:10:00,53.395,53.395,53.375,53.375,2622
2026-05-01 12:15:00,53.385,53.44,53.385,53.4303,5169
2026-05-01 12:20:00,53.455,53.455,53.365,53.41,19246
2026-05-01 12:25:00,53.4151,53.4151,53.36,53.37,7975
2026-05-01 12:30:00,53.37,53.37,53.3304,53.34,3680
2026-05-01 12:35:00,53.345,53.365,53.34,53.36,6445
2026-05-01 12:40:00,53.3599,53.3599,53.33,53.33,6678
2026-05-01 12:45:00,53.315,53.345,53.315,53.34,3954
2026-05-01 12:50:00,53.34,53.365,53.34,53.365,5543
2026-05-01 12:55:00,53.37,53.38,53.355,53.36,5478
2026-05-01 13:00:00,53.345,53.4,53.345,53.375,8032
2026-05-01 13:05:00,53.375,53.4099,53.375,53.3911,5355
2026-05-01 13:10:00,53.4,53.42,53.4,53.415,2250
2026-05-01 13:15:00,53.425,53.4457,53.415,53.44,16642
2026-05-01 13:20:00,53.4443,53.4657,53.4443,53.445,6158
2026-05-01 13:25:00,53.45,53.4598,53.445,53.455,2013
2026-05-01 13:30:00,53.455,53.485,53.455,53.475,4075
2026-05-01 13:35:00,53.47,53.47,53.445,53.445,5987
2026-05-01 13:40:00,53.455,53.455,53.445,53.455,2466
2026-05-01 13:45:00,53.455,53.465,53.4501,53.465,2297
2026-05-01 13:50:00,53.455,53.49,53.455,53.48,4347
2026-05-01 13:55:00,53.4762,53.485,53.47,53.4753,5714
2026-05-01 14:00:00,53.48,53.4897,53.46,53.465,4622
2026-05-01 14:05:00,53.44,53.45,53.43,53.435,8189
2026-05-01 14:10:00,53.41,53.4264,53.41,53.4199,1726
2026-05-01 14:15:00,53.385,53.425,53.381,53.425,362860
2026-05-01 14:20:00,53.4001,53.45,53.4001,53.435,41646
2026-05-01 14:25:00,53.43,53.465,53.42,53.465,28827
2026-05-01 14:30:00,53.46,53.475,53.4301,53.4301,20424
2026-05-01 14:35:00,53.43,53.44,53.425,53.43,6089
2026-05-01 14:40:00,53.4216,53.445,53.4216,53.44,1847
2026-05-01 14:45:00,53.435,53.445,53.415,53.445,8362
2026-05-01 14:50:00,53.455,53.455,53.425,53.425,3785
2026-05-01 14:55:00,53.43,53.455,53.4083,53.4083,4878
2026-05-01 15:00:00,53.405,53.4599,53.405,53.45,29093
2026-05-01 15:05:00,53.46,53.4999,53.455,53.4999,6605
2026-05-01 15:10:00,53.4883,53.5,53.48,53.49,156828
2026-05-01 15:15:00,53.48,53.52,53.48,53.515,22066
2026-05-01 15:20:00,53.5199,53.5484,53.515,53.5399,7900
2026-05-01 15:25:00,53.539,53.54,53.51,53.51,11366
2026-05-01 15:30:00,53.515,53.5266,53.45,53.47,40554
2026-05-01 15:35:00,53.47,53.5093,53.47,53.5,11308
2026-05-01 15:40:00,53.505,53.5187,53.49,53.5187,13162
2026-05-01 15:45:00,53.51,53.515,53.495,53.495,18769
2026-05-01 15:50:00,53.5,53.5085,53.43,53.485,44241
2026-05-01 15:55:00,53.49,53.5,53.455,53.46,31719
2026-05-01 16:00:00,53.48,53.48,53.48,53.48,9049
2026-05-04 09:30:00,53.3,53.36,53.2,53.28,66531
2026-05-04 09:35:00,53.27,53.285,53.13,53.17,9203
2026-05-04 09:40:00,53.13,53.15,53.065,53.08,15122
2026-05-04 09:45:00,53.08,53.23,53.08,53.225,13554
2026-05-04 09:50:00,53.22,53.385,53.19,53.385,11921
2026-05-04 09:55:00,53.39,53.415,53.35,53.36,3126
2026-05-04 10:00:00,53.34,53.43,53.34,53.43,23711
2026-05-04 10:05:00,53.43,53.465,53.39,53.39,19008
2026-05-04 10:10:00,53.41,53.53,53.4,53.5,9224
2026-05-04 10:15:00,53.5001,53.54,53.5001,53.535,3470
2026-05-04 10:20:00,53.5303,53.58,53.49,53.49,25701
2026-05-04 10:25:00,53.5,53.51,53.445,53.46,2581
2026-05-04 10:30:00,53.465,53.54,53.465,53.505,7361
2026-05-04 10:35:00,53.51,53.57,53.51,53.55,11121
2026-05-04 10:40:00,53.5356,53.545,53.515,53.515,6795
2026-05-04 10:45:00,53.5198,53.525,53.49,53.49,5761
2026-05-04 10:50:00,53.5049,53.53,53.5,53.51,8683
2026-05-04 10:55:00,53.5158,53.5158,53.44,53.45,15485
2026-05-04 11:00:00,53.41,53.48,53.4,53.45,11950
2026-05-04 11:05:00,53.42,53.46,53.42,53.425,7212
2026-05-04 11:10:00,53.425,53.426,53.39,53.4,15288
2026-05-04 11:15:00,53.4,53.41,53.245,53.26,22429
2026-05-04 11:20:00,53.25,53.2701,53.12,53.15,18449
2026-05-04 11:25:00,53.16,53.19,53.13,53.16,8680
2026-05-04 11:30:00,53.165,53.165,53.09,53.115,7376
2026-05-04 11:35:00,53.13,53.13,53.07,53.11,16524
2026-05-04 11:40:00,53.06,53.085,53.03,53.08,11899
2026-05-04 11:45:00,53.07,53.0768,53,53,10528
2026-05-04 11:50:00,52.995,53.045,52.95,53.03,50649
2026-05-04 11:55:00,53.032,53.04,52.975,52.98,13537
2026-05-04 12:00:00,52.97,53,52.9456,52.955,12183
2026-05-04 12:05:00,52.96,52.96,52.745,52.82,75395
2026-05-04 12:10:00,52.82,52.875,52.79,52.8,6992
2026-05-04 12:15:00,52.79,52.905,52.77,52.86,26056
2026-05-04 12:20:00,52.86,52.92,52.84,52.87,23429
2026-05-04 12:25:00,52.89,52.9,52.84,52.855,5447
2026-05-04 12:30:00,52.845,52.89,52.84,52.87,2422
2026-05-04 12:35:00,52.87,52.87,52.805,52.83,20122
2026-05-04 12:40:00,52.83,52.85,52.805,52.805,10224
2026-05-04 12:45:00,52.8,52.81,52.795,52.8,14444
2026-05-04 12:50:00,52.79,52.81,52.755,52.785,9674
2026-05-04 12:55:00,52.785,52.79,52.73,52.7301,6135
2026-05-04 13:00:00,52.73,52.75,52.71,52.73,5865
2026-05-04 13:05:00,52.735,52.77,52.7325,52.76,12573
2026-05-04 13:10:00,52.775,52.79,52.765,52.78,10687
2026-05-04 13:15:00,52.785,52.88,52.77,52.85,19697
2026-05-04 13:20:00,52.86,52.91,52.85,52.91,2722
2026-05-04 13:25:00,52.9201,52.9399,52.91,52.93,5054
2026-05-04 13:30:00,52.93,52.9486,52.92,52.92,2170
2026-05-04 13:35:00,52.905,52.905,52.86,52.88,4867
2026-05-04 13:40:00,52.885,52.89,52.885,52.89,533
2026-05-04 13:45:00,52.915,52.93,52.9101,52.92,5320
2026-05-04 13:50:00,52.945,52.98,52.9399,52.95,4328
2026-05-04 13:55:00,52.95,52.97,52.95,52.9599,2519
2026-05-04 14:00:00,52.955,53.01,52.955,53.01,1881
2026-05-04 14:05:00,53.02,53.025,53.01,53.02,2290
2026-05-04 14:10:00,53.025,53.037,53.01,53.01,1046
2026-05-04 14:15:00,52.995,53.01,52.98,52.995,3587
2026-05-04 14:20:00,52.995,53.0061,52.9465,52.9535,4644
2026-05-04 14:25:00,52.94,52.965,52.94,52.945,2447
2026-05-04 14:30:00,52.95,52.98,52.94,52.975,4691
2026-05-04 14:35:00,52.975,52.98,52.955,52.975,12559
2026-05-04 14:40:00,52.97,52.98,52.95,52.95,3947
2026-05-04 14:45:00,52.945,52.96,52.925,52.9597,1867
2026-05-04 14:50:00,52.965,52.975,52.9222,52.93,18786
2026-05-04 14:55:00,52.94,52.975,52.933,52.933,26281
2026-05-04 15:00:00,52.935,52.955,52.935,52.955,7133
2026-05-04 15:05:00,52.945,53.033,52.945,53.03,25467
2026-05-04 15:10:00,53.015,53.02,52.985,52.985,4969
2026-05-04 15:15:00,52.98,53.01,52.98,52.9899,6431
2026-05-04 15:20:00,52.9797,52.99,52.97,52.98,6731
2026-05-04 15:25:00,52.985,52.985,52.93,52.93,12179
2026-05-04 15:30:00,52.9297,52.965,52.9297,52.965,3251
2026-05-04 15:35:00,52.9542,52.987,52.9542,52.96,4696
2026-05-04 15:40:00,52.965,52.97,52.9401,52.97,102497
2026-05-04 15:45:00,52.9601,52.975,52.93,52.965,6736
2026-05-04 15:50:00,52.965,52.965,52.925,52.95,13911
2026-05-04 15:55:00,52.95,52.97,52.92,52.97,35825
2026-05-04 16:00:00,52.97,52.97,52.97,52.97,5944
2026-05-04 16:10:00,52.98,52.98,52.98,52.98,488
2026-05-05 09:30:00,53.22,53.33,53.2,53.28,34149
2026-05-05 09:35:00,53.31,53.345,53.22,53.3,67756
2026-05-05 09:40:00,53.28,53.29,53.185,53.25,19886
2026-05-05 09:45:00,53.25,53.26,53.21,53.22,19301
2026-05-05 09:50:00,53.23,53.31,53.225,53.31,16703
2026-05-05 09:55:00,53.33,53.37,53.29,53.37,9256
2026-05-05 10:00:00,53.38,53.4426,53.36,53.4426,20339
2026-05-05 10:05:00,53.45,53.57,53.44,53.57,3908
2026-05-05 10:10:00,53.595,53.5995,53.505,53.525,25862
2026-05-05 10:15:00,53.555,53.555,53.48,53.495,22738
2026-05-05 10:20:00,53.48,53.605,53.48,53.6,19791
2026-05-05 10:25:00,53.6,53.65,53.59,53.65,10098
2026-05-05 10:30:00,53.605,53.61,53.555,53.585,5841
2026-05-05 10:35:00,53.585,53.585,53.555,53.575,4363
2026-05-05 10:40:00,53.56,53.595,53.555,53.565,6024
2026-05-05 10:45:00,53.565,53.575,53.535,53.5442,15288
2026-05-05 10:50:00,53.52,53.57,53.52,53.56,8383
2026-05-05 10:55:00,53.57,53.64,53.57,53.6399,6808
2026-05-05 11:00:00,53.64,53.6454,53.6242,53.645,13282
2026-05-05 11:05:00,53.645,53.675,53.645,53.645,15570
2026-05-05 11:10:00,53.645,53.675,53.645,53.665,13849
2026-05-05 11:15:00,53.675,53.685,53.675,53.675,4553
2026-05-05 11:20:00,53.67,53.675,53.64,53.64,6865
2026-05-05 11:25:00,53.625,53.66,53.625,53.66,7816
2026-05-05 11:30:00,53.66,53.66,53.595,53.595,5137
2026-05-05 11:35:00,53.595,53.595,53.58,53.595,5164
2026-05-05 11:40:00,53.595,53.61,53.59,53.61,12043
2026-05-05 11:45:00,53.65,53.66,53.65,53.66,19617
2026-05-05 11:50:00,53.67,53.7,53.665,53.68,12036
2026-05-05 11:55:00,53.68,53.705,53.68,53.705,3207
2026-05-05 12:00:00,53.72,53.72,53.71,53.72,17928
2026-05-05 12:05:00,53.735,53.75,53.735,53.745,10849
2026-05-05 12:10:00,53.75,53.75,53.74,53.74,1117
2026-05-05 12:15:00,53.745,53.76,53.745,53.755,2763
2026-05-05 12:20:00,53.755,53.79,53.755,53.785,1723
2026-05-05 12:25:00,53.785,53.79,53.745,53.75,6682
2026-05-05 12:30:00,53.8,53.8,53.75,53.75,3729
2026-05-05 12:35:00,53.7442,53.765,53.7442,53.7499,6407
2026-05-05 12:40:00,53.735,53.76,53.715,53.725,4361
2026-05-05 12:45:00,53.715,53.745,53.715,53.73,2531
2026-05-05 12:50:00,53.73,53.73,53.69,53.695,82106
2026-05-05 12:55:00,53.695,53.705,53.6801,53.685,2187
2026-05-05 13:00:00,53.69,53.7158,53.69,53.715,2966
2026-05-05 13:05:00,53.725,53.725,53.6765,53.68,4384
2026-05-05 13:10:00,53.68,53.695,53.675,53.685,4043
2026-05-05 13:15:00,53.685,53.73,53.685,53.73,31283
2026-05-05 13:20:00,53.735,53.745,53.73,53.73,6513
2026-05-05 13:25:00,53.7299,53.755,53.725,53.755,3693
2026-05-05 13:30:00,53.76,53.765,53.755,53.765,2399
2026-05-05 13:35:00,53.765,53.779,53.755,53.755,1051
2026-05-05 13:40:00,53.765,53.795,53.765,53.79,1956
2026-05-05 13:45:00,53.77,53.7856,53.77,53.7761,1760
2026-05-05 13:50:00,53.78,53.79,53.775,53.775,7831
2026-05-05 13:55:00,53.775,53.79,53.76,53.7699,6627
2026-05-05 14:00:00,53.77,53.7857,53.765,53.775,5172
2026-05-05 14:05:00,53.785,53.805,53.78,53.8,10721
2026-05-05 14:10:00,53.805,53.82,53.805,53.82,1892
2026-05-05 14:15:00,53.825,53.8299,53.81,53.815,3022
2026-05-05 14:20:00,53.795,53.805,53.785,53.805,3928
2026-05-05 14:25:00,53.7942,53.795,53.765,53.765,6344
2026-05-05 14:30:00,53.765,53.77,53.754,53.755,17625
2026-05-05 14:35:00,53.755,53.7859,53.755,53.76,7296
2026-05-05 14:40:00,53.76,53.78,53.7516,53.765,16117
2026-05-05 14:45:00,53.765,53.8051,53.765,53.8051,37192
2026-05-05 14:50:00,53.7941,53.81,53.7935,53.795,6228
2026-05-05 14:55:00,53.8001,53.81,53.785,53.795,14328
2026-05-05 15:00:00,53.79,53.83,53.79,53.83,5881
2026-05-05 15:05:00,53.8301,53.86,53.83,53.855,17377
2026-05-05 15:10:00,53.855,53.865,53.835,53.835,9008
2026-05-05 15:15:00,53.84,53.845,53.825,53.845,9254
2026-05-05 15:20:00,53.845,53.845,53.82,53.825,8073
2026-05-05 15:25:00,53.825,53.825,53.805,53.805,12507
2026-05-05 15:30:00,53.8,53.8199,53.8,53.815,9359
2026-05-05 15:35:00,53.815,53.835,53.8042,53.835,8918
2026-05-05 15:40:00,53.825,53.84,53.81,53.815,120911
2026-05-05 15:45:00,53.82,53.825,53.8,53.8,8047
2026-05-05 15:50:00,53.8,53.8,53.71,53.71,35542
2026-05-05 15:55:00,53.72,53.755,53.7,53.73,144026
2026-05-05 16:00:00,53.74,53.74,53.74,53.74,123605
2026-05-06 09:30:00,53.99,54.09,53.889,53.99,47197
2026-05-06 09:35:00,54.03,54.1,54,54,11172
2026-05-06 09:40:00,54,54.02,53.91,53.92,13704
2026-05-06 09:45:00,53.92,53.94,53.83,53.83,13458
2026-05-06 09:50:00,53.81,53.855,53.79,53.84,10092
2026-05-06 09:55:00,53.84,53.8504,53.786,53.786,3986
2026-05-06 10:00:00,53.82,53.85,53.8,53.83,10147
2026-05-06 10:05:00,53.8,53.805,53.705,53.755,29569
2026-05-06 10:10:00,53.76,53.8058,53.75,53.78,6137
2026-05-06 10:15:00,53.79,53.805,53.74,53.8,14153
2026-05-06 10:20:00,53.7799,53.8,53.75,53.79,7562
2026-05-06 10:25:00,53.795,53.8001,53.725,53.73,11256
2026-05-06 10:30:00,53.72,53.7958,53.72,53.78,4299
2026-05-06 10:35:00,53.785,53.805,53.78,53.8,3417
2026-05-06 10:40:00,53.815,53.925,53.815,53.92,10131
2026-05-06 10:45:00,53.92,53.934,53.8957,53.934,6241
2026-05-06 10:50:00,53.94,53.98,53.9316,53.98,2638
2026-05-06 10:55:00,53.995,54,53.99,53.995,2595
2026-05-06 11:00:00,54.01,54.03,54.01,54.03,10218
2026-05-06 11:05:00,54.04,54.06,54.015,54.015,4115
2026-05-06 11:10:00,54.02,54.06,54.02,54.055,15317
2026-05-06 11:15:00,54.04,54.08,54.03,54.08,8047
2026-05-06 11:20:00,54.07,54.1,54.07,54.08,5271
2026-05-06 11:25:00,54.1,54.1,54.055,54.065,81677
2026-05-06 11:30:00,54.055,54.06,54.015,54.015,43307
2026-05-06 11:35:00,54.025,54.03,53.935,53.94,26272
2026-05-06 11:40:00,53.94,53.95,53.885,53.915,46181
2026-05-06 11:45:00,53.92,53.9601,53.9,53.955,9361
2026-05-06 11:50:00,53.95,53.995,53.95,53.995,7834
2026-05-06 11:55:00,53.995,53.995,53.95,53.95,2901
2026-05-06 12:00:00,53.94,53.9597,53.92,53.955,4788
2026-05-06 12:05:00,53.955,53.955,53.89,53.895,16922
2026-05-06 12:10:00,53.875,53.885,53.865,53.865,1672
2026-05-06 12:15:00,53.875,53.91,53.875,53.89,7449
2026-05-06 12:20:00,53.9,53.94,53.9,53.94,4256
2026-05-06 12:25:00,53.94,53.94,53.92,53.925,2291
2026-05-06 12:30:00,53.92,53.935,53.92,53.935,8611
2026-05-06 12:35:00,53.945,53.955,53.94,53.955,6062
2026-05-06 12:40:00,53.935,53.9458,53.93,53.9458,3766
2026-05-06 12:45:00,53.93,53.93,53.905,53.915,9497
2026-05-06 12:50:00,53.915,53.92,53.895,53.905,2182
2026-05-06 12:55:00,53.915,53.94,53.88,53.9,35790
2026-05-06 13:00:00,53.905,53.92,53.9,53.915,2703
2026-05-06 13:05:00,53.935,53.9598,53.92,53.9598,143599
2026-05-06 13:10:00,53.955,53.98,53.955,53.96,4065
2026-05-06 13:15:00,53.94,53.96,53.94,53.95,8466
2026-05-06 13:20:00,53.95,53.95,53.945,53.95,1263
2026-05-06 13:25:00,53.945,53.95,53.925,53.935,11025
2026-05-06 13:30:00,53.935,53.95,53.92,53.92,20167
2026-05-06 13:35:00,53.915,53.9201,53.9,53.905,65007
2026-05-06 13:40:00,53.9,53.9399,53.89,53.9358,50765
2026-05-06 13:45:00,53.955,53.955,53.91,53.915,10515
2026-05-06 13:50:00,53.9199,53.945,53.91,53.945,4972
2026-05-06 13:55:00,53.935,53.94,53.925,53.94,10113
2026-05-06 14:00:00,53.9501,53.975,53.945,53.945,3774
2026-05-06 14:05:00,53.965,53.965,53.945,53.9499,3380
2026-05-06 14:10:00,53.965,53.97,53.95,53.95,2480
2026-05-06 14:15:00,53.955,53.9898,53.945,53.98,18011
2026-05-06 14:20:00,53.985,54,53.98,53.9922,3850
2026-05-06 14:25:00,53.985,53.9858,53.97,53.975,8170
2026-05-06 14:30:00,53.975,53.99,53.975,53.99,97454
2026-05-06 14:35:00,53.9817,53.99,53.95,53.95,5367
2026-05-06 14:40:00,53.965,53.985,53.9503,53.985,3146
2026-05-06 14:45:00,53.9701,53.9701,53.9465,53.97,3063
2026-05-06 14:50:00,53.9629,53.975,53.955,53.9702,7308
2026-05-06 14:55:00,53.975,53.975,53.945,53.945,56552
2026-05-06 15:00:00,53.9614,54.05,53.9614,54.05,47695
2026-05-06 15:05:00,54.0303,54.06,54.0303,54.0416,37664
2026-05-06 15:10:00,54.05,54.075,54.04,54.06,9348
2026-05-06 15:15:00,54.065,54.1,54.065,54.1,3304
2026-05-06 15:20:00,54.095,54.1043,54.09,54.1043,8517
2026-05-06 15:25:00,54.09,54.09,54.03,54.03,9099
2026-05-06 15:30:00,54.03,54.03,54,54.01,4083
2026-05-06 15:35:00,54,54.01,53.985,53.9901,19740
2026-05-06 15:40:00,54,54.005,53.975,53.975,17521
2026-05-06 15:45:00,53.97,54.03,53.97,53.9901,3316
2026-05-06 15:50:00,53.995,54.08,53.98,54.076,25467
2026-05-06 15:55:00,54.07,54.08,54.035,54.04,17871
2026-05-06 16:00:00,54.05,54.05,54.05,54.05,23379
2026-05-07 09:25:00,54.18,54.19,54.18,54.19,478
2026-05-07 09:30:00,54.14,54.26,54.05,54.0738,45503
2026-05-07 09:35:00,54.07,54.08,53.95,53.98,14500
2026-05-07 09:40:00,53.954,53.97,53.895,53.94,37265
2026-05-07 09:45:00,53.94,54.01,53.93,53.95,17593
2026-05-07 09:50:00,53.96,53.97,53.9,53.9,9794
2026-05-07 09:55:00,53.91,53.945,53.85,53.88,13097
2026-05-07 10:00:00,53.88,53.9,53.83,53.87,8851
2026-05-07 10:05:00,53.88,53.88,53.805,53.82,2343
2026-05-07 10:10:00,53.825,53.845,53.81,53.82,8317
2026-05-07 10:15:00,53.81,53.86,53.78,53.78,15240
2026-05-07 10:20:00,53.77,53.79,53.71,53.76,6412
2026-05-07 10:25:00,53.765,53.79,53.745,53.745,3762
2026-05-07 10:30:00,53.78,53.82,53.765,53.81,5575
2026-05-07 10:35:00,53.805,53.84,53.8,53.84,2788
2026-05-07 10:40:00,53.83,53.87,53.83,53.85,8056
2026-05-07 10:45:00,53.8451,53.9,53.8451,53.885,7523
2026-05-07 10:50:00,53.905,53.92,53.895,53.9199,9117
2026-05-07 10:55:00,53.92,53.94,53.9199,53.94,2454
2026-05-07 11:00:00,53.98,53.98,53.945,53.945,7712
2026-05-07 11:05:00,53.965,53.98,53.95,53.95,4936
2026-05-07 11:10:00,53.96,53.96,53.935,53.96,10409
2026-05-07 11:15:00,53.945,53.965,53.9301,53.95,6230
2026-05-07 11:20:00,53.94,53.945,53.9,53.915,11126
2026-05-07 11:25:00,53.915,53.925,53.865,53.902,2806
2026-05-07 11:30:00,53.92,53.97,53.92,53.96,7806
2026-05-07 11:35:00,53.97,53.97,53.93,53.93,5065
2026-05-07 11:40:00,53.935,54.02,53.935,54.005,14209
2026-05-07 11:45:00,54.0042,54.016,53.97,53.9742,14518
2026-05-07 11:50:00,53.965,53.99,53.96,53.975,9658
2026-05-07 11:55:00,53.98,53.98,53.89,53.8958,2119
2026-05-07 12:00:00,53.895,53.915,53.88,53.895,6485
2026-05-07 12:05:00,53.8854,53.8854,53.855,53.868,1557
2026-05-07 12:10:00,53.845,53.8501,53.815,53.82,4061
2026-05-07 12:15:00,53.78,53.815,53.76,53.775,13832
2026-05-07 12:20:00,53.775,53.84,53.77,53.83,13325
2026-05-07 12:25:00,53.835,53.855,53.8186,53.8499,9109
2026-05-07 12:30:00,53.855,53.8599,53.83,53.85,18011
2026-05-07 12:35:00,53.84,53.85,53.77,53.77,15013
2026-05-07 12:40:00,53.76,53.785,53.7299,53.7299,6866
2026-05-07 12:45:00,53.735,53.735,53.71,53.718,4685
2026-05-07 12:50:00,53.71,53.72,53.685,53.72,5146
2026-05-07 12:55:00,53.72,53.72,53.685,53.69,3795
2026-05-07 13:00:00,53.695,53.7,53.66,53.7,7339
2026-05-07 13:05:00,53.695,53.765,53.69,53.72,3151
2026-05-07 13:10:00,53.73,53.74,53.71,53.725,8531
2026-05-07 13:15:00,53.725,53.73,53.7,53.705,2418
2026-05-07 13:20:00,53.7,53.725,53.685,53.705,3298
2026-05-07 13:25:00,53.72,53.74,53.53,53.585,31203
2026-05-07 13:30:00,53.575,53.63,53.535,53.63,6917
2026-05-07 13:35:00,53.61,53.655,53.605,53.64,9186
2026-05-07 13:40:00,53.6343,53.65,53.5465,53.555,22702
2026-05-07 13:45:00,53.56,53.585,53.55,53.565,13292
2026-05-07 13:50:00,53.55,53.58,53.54,53.57,5413
2026-05-07 13:55:00,53.58,53.64,53.575,53.635,22524
2026-05-07 14:00:00,53.65,53.655,53.6,53.6,13697
2026-05-07 14:05:00,53.62,53.68,53.62,53.66,21279
2026-05-07 14:10:00,53.64,53.675,53.61,53.67,5555
2026-05-07 14:15:00,53.67,53.73,53.67,53.71,1690
2026-05-07 14:20:00,53.71,53.72,53.685,53.685,1688
2026-05-07 14:25:00,53.685,53.69,53.64,53.64,4992
2026-05-07 14:30:00,53.665,53.695,53.66,53.66,6293
2026-05-07 14:35:00,53.67,53.67,53.59,53.625,10669
2026-05-07 14:40:00,53.615,53.6299,53.51,53.52,17723
2026-05-07 14:45:00,53.54,53.565,53.5,53.525,3768
2026-05-07 14:50:00,53.4901,53.56,53.49,53.54,7419
2026-05-07 14:55:00,53.555,53.6,53.54,53.59,19938
2026-05-07 15:00:00,53.595,53.62,53.5786,53.59,16186
2026-05-07 15:05:00,53.5999,53.645,53.595,53.62,16336
2026-05-07 15:10:00,53.625,53.66,53.62,53.62,9526
2026-05-07 15:15:00,53.625,53.63,53.55,53.56,13121
2026-05-07 15:20:00,53.56,53.5882,53.54,53.5499,15870
2026-05-07 15:25:00,53.53,53.58,53.525,53.55,113272
2026-05-07 15:30:00,53.545,53.5758,53.545,53.57,9531
2026-05-07 15:35:00,53.57,53.59,53.56,53.585,7163
2026-05-07 15:40:00,53.585,53.595,53.55,53.57,5369
2026-05-07 15:45:00,53.565,53.57,53.505,53.52,55084
2026-05-07 15:50:00,53.52,53.58,53.48,53.5,57322
2026-05-07 15:55:00,53.5,53.56,53.48,53.56,63610
2026-05-07 16:00:00,53.56,53.56,53.56,53.56,21355
2026-05-07 18:50:00,53.41,53.41,53.4,53.4,930
2026-05-07 19:25:00,53.57,53.57,53.57,53.57,370
2026-05-07 19:45:00,53.35,53.35,53.35,53.35,100
2026-05-08 07:05:00,54.45,54.45,54.45,54.45,100
2026-05-08 09:30:00,53.79,53.83,53.641,53.641,26923
2026-05-08 09:35:00,53.64,53.66,53.55,53.55,12013
2026-05-08 09:40:00,53.57,53.65,53.535,53.57,210722
2026-05-08 09:45:00,53.59,53.63,53.555,53.59,6710
2026-05-08 09:50:00,53.635,53.64,53.57,53.5868,7428
2026-05-08 09:55:00,53.58,53.58,53.5499,53.55,4474
2026-05-08 10:00:00,53.63,53.63,53.54,53.59,12348
2026-05-08 10:05:00,53.6,53.6,53.545,53.555,8706
2026-05-08 10:10:00,53.555,53.57,53.53,53.57,27490
2026-05-08 10:15:00,53.59,53.69,53.58,53.645,159122
2026-05-08 10:20:00,53.66,53.74,53.66,53.7399,12628
2026-05-08 10:25:00,53.75,53.78,53.73,53.75,15528
2026-05-08 10:30:00,53.74,53.74,53.7,53.73,9359
2026-05-08 10:35:00,53.73,53.8156,53.715,53.81,10514
2026-05-08 10:40:00,53.825,53.825,53.77,53.78,76925
2026-05-08 10:45:00,53.78,53.795,53.735,53.735,24043
2026-05-08 10:50:00,53.73,53.76,53.72,53.75,6547
2026-05-08 10:55:00,53.76,53.76,53.73,53.745,4111
2026-05-08 11:00:00,53.74,53.78,53.72,53.775,5500
2026-05-08 11:05:00,53.79,53.8,53.745,53.75,8430
2026-05-08 11:10:00,53.74,53.755,53.715,53.7306,3150
2026-05-08 11:15:00,53.73,53.73,53.6816,53.715,9851
2026-05-08 11:20:00,53.7401,53.765,53.7401,53.75,5413
2026-05-08 11:25:00,53.735,53.765,53.735,53.76,4368
2026-05-08 11:30:00,53.765,53.8,53.74,53.8,5596
2026-05-08 11:35:00,53.81,53.84,53.8,53.82,12205
2026-05-08 11:40:00,53.825,53.845,53.79,53.8,9887
2026-05-08 11:45:00,53.795,53.86,53.795,53.84,12418
2026-05-08 11:50:00,53.84,53.86,53.825,53.85,10932
2026-05-08 11:55:00,53.855,53.875,53.845,53.875,13607
2026-05-08 12:00:00,53.88,53.915,53.8799,53.91,10638
2026-05-08 12:05:00,53.89,53.93,53.885,53.885,8757
2026-05-08 12:10:00,53.8799,53.8799,53.84,53.84,9347
2026-05-08 12:15:00,53.84,53.86,53.8255,53.8255,7027
2026-05-08 12:20:00,53.84,53.845,53.805,53.845,3943
2026-05-08 12:25:00,53.8399,53.86,53.83,53.855,11103
2026-05-08 12:30:00,53.8699,53.875,53.84,53.875,21249
2026-05-08 12:35:00,53.875,53.9,53.87,53.8899,7822
2026-05-08 12:40:00,53.885,53.9,53.865,53.875,10477
2026-05-08 12:45:00,53.8703,53.905,53.8703,53.89,21710
2026-05-08 12:50:00,53.89,53.9001,53.87,53.875,6016
2026-05-08 12:55:00,53.865,53.87,53.845,53.845,8818
2026-05-08 13:00:00,53.85,53.875,53.85,53.8701,11091
2026-05-08 13:05:00,53.88,53.885,53.83,53.84,5101
2026-05-08 13:10:00,53.84,53.845,53.815,53.815,10643
2026-05-08 13:15:00,53.82,53.855,53.8101,53.85,8288
2026-05-08 13:20:00,53.8403,53.86,53.84,53.86,4459
2026-05-08 13:25:00,53.8594,53.87,53.825,53.825,4825
2026-05-08 13:30:00,53.835,53.8498,53.8301,53.845,5054
2026-05-08 13:35:00,53.84,53.855,53.82,53.82,26318
2026-05-08 13:40:00,53.82,53.83,53.8125,53.825,3724
2026-05-08 13:45:00,53.83,53.845,53.825,53.835,39414
2026-05-08 13:50:00,53.8398,53.855,53.83,53.845,53694
2026-05-08 13:55:00,53.85,53.855,53.84,53.85,18535
2026-05-08 14:00:00,53.85,53.93,53.845,53.86,67520
2026-05-08 14:05:00,53.855,53.89,53.855,53.88,4270
2026-05-08 14:10:00,53.89,53.94,53.885,53.9313,19077
2026-05-08 14:15:00,53.94,53.94,53.9101,53.9101,11282
2026-05-08 14:20:00,53.92,53.9357,53.9057,53.9057,3094
2026-05-08 14:25:00,53.9,53.905,53.88,53.88,51616
2026-05-08 14:30:00,53.89,53.9,53.845,53.845,3556
2026-05-08 14:35:00,53.845,53.845,53.825,53.839,1598
2026-05-08 14:40:00,53.825,53.84,53.805,53.805,3895
2026-05-08 14:45:00,53.78,53.785,53.75,53.75,7027
2026-05-08 14:50:00,53.76,53.77,53.715,53.715,12756
2026-05-08 14:55:00,53.69,53.72,53.685,53.7,10586
2026-05-08 15:00:00,53.72,53.75,53.72,53.74,4913
2026-05-08 15:05:00,53.74,53.77,53.735,53.76,55216
2026-05-08 15:10:00,53.755,53.78,53.755,53.775,6417
2026-05-08 15:15:00,53.775,53.825,53.775,53.825,7321
2026-05-08 15:20:00,53.835,53.87,53.835,53.86,10684
2026-05-08 15:25:00,53.8516,53.865,53.825,53.825,6549
2026-05-08 15:30:00,53.825,53.85,53.815,53.8499,16791
2026-05-08 15:35:00,53.86,53.865,53.8357,53.8357,4520
2026-05-08 15:40:00,53.84,53.89,53.84,53.8797,14898
2026-05-08 15:45:00,53.8714,53.885,53.85,53.855,6474
2026-05-08 15:50:00,53.84,53.845,53.775,53.79,34075
2026-05-08 15:55:00,53.805,53.84,53.805,53.81,27470
2026-05-08 16:00:00,53.83,53.83,53.83,53.83,7618
2026-05-08 17:50:00,53.4,53.4,53.4,53.4,250
2026-05-11 06:25:00,53.82,53.83,53.82,53.83,925
2026-05-11 06:30:00,53.83,53.83,53.83,53.83,366
2026-05-11 07:00:00,53.5061,53.5061,53.5061,53.5061,378
2026-05-11 09:30:00,53.95,54.1,53.85,53.85,30937
2026-05-11 09:35:00,53.82,53.86,53.69,53.7,15768
2026-05-11 09:40:00,53.71,53.77,53.695,53.723,8927
2026-05-11 09:45:00,53.74,53.8101,53.74,53.8101,8866
2026-05-11 09:50:00,53.82,53.84,53.77,53.77,12233
2026-05-11 09:55:00,53.775,53.84,53.77,53.84,38672
2026-05-11 10:00:00,53.83,53.83,53.745,53.745,13956
2026-05-11 10:05:00,53.75,53.76,53.71,53.725,4754
2026-05-11 10:10:00,53.7001,53.73,53.67,53.73,14740
2026-05-11 10:15:00,53.73,53.8,53.71,53.79,15068
2026-05-11 10:20:00,53.8,53.805,53.715,53.725,11201
2026-05-11 10:25:00,53.76,53.78,53.71,53.71,8143
2026-05-11 10:30:00,53.71,53.73,53.605,53.65,24175
2026-05-11 10:35:00,53.625,53.66,53.6,53.61,12525
2026-05-11 10:40:00,53.625,53.655,53.605,53.625,5605
2026-05-11 10:45:00,53.63,53.65,53.54,53.555,10323
2026-05-11 10:50:00,53.57,53.62,53.565,53.58,12175
2026-05-11 10:55:00,53.575,53.6,53.565,53.575,8272
2026-05-11 11:00:00,53.58,53.615,53.5697,53.615,7109
2026-05-11 11:05:00,53.61,53.61,53.58,53.58,8860
2026-05-11 11:10:00,53.575,53.575,53.54,53.54,31823
2026-05-11 11:15:00,53.53,53.555,53.52,53.555,7162
2026-05-11 11:20:00,53.54,53.58,53.535,53.57,5479
2026-05-11 11:25:00,53.57,53.595,53.56,53.56,4720
2026-05-11 11:30:00,53.552,53.5958,53.552,53.595,4022
2026-05-11 11:35:00,53.585,53.616,53.585,53.615,13030
2026-05-11 11:40:00,53.615,53.62,53.585,53.59,13449
2026-05-11 11:45:00,53.59,53.59,53.561,53.59,14860
2026-05-11 11:50:00,53.58,53.6,53.56,53.6,5490
2026-05-11 11:55:00,53.595,53.6,53.58,53.595,6339
2026-05-11 12:00:00,53.59,53.605,53.565,53.565,7145
2026-05-11 12:05:00,53.5698,53.57,53.555,53.56,3165
2026-05-11 12:10:00,53.55,53.57,53.545,53.555,11611
2026-05-11 12:15:00,53.565,53.5799,53.55,53.5799,5341
2026-05-11 12:20:00,53.575,53.6358,53.57,53.6358,7788
2026-05-11 12:25:00,53.6309,53.64,53.61,53.615,53661
2026-05-11 12:30:00,53.615,53.64,53.611,53.64,22408
2026-05-11 12:35:00,53.645,53.6563,53.645,53.655,5258
2026-05-11 12:40:00,53.655,53.665,53.54,53.6001,25408
2026-05-11 12:45:00,53.615,53.65,53.61,53.62,7649
2026-05-11 12:50:00,53.582,53.59,53.56,53.565,5438
2026-05-11 12:55:00,53.5551,53.58,53.5501,53.56,2176
2026-05-11 13:00:00,53.56,53.58,53.5599,53.57,13285
2026-05-11 13:05:00,53.58,53.6,53.575,53.585,8235
2026-05-11 13:10:00,53.585,53.5854,53.57,53.585,12248
2026-05-11 13:15:00,53.57,53.59,53.57,53.57,3492
2026-05-11 13:20:00,53.5769,53.675,53.57,53.675,21974
2026-05-11 13:25:00,53.7,53.7,53.655,53.655,12868
2026-05-11 13:30:00,53.66,53.71,53.66,53.685,400830
2026-05-11 13:35:00,53.67,53.7,53.665,53.68,3388
2026-05-11 13:40:00,53.6753,53.695,53.67,53.695,2105
2026-05-11 13:45:00,53.69,53.69,53.6549,53.67,4141
2026-05-11 13:50:00,53.65,53.65,53.6103,53.6103,6448
2026-05-11 13:55:00,53.61,53.65,53.61,53.65,5892
2026-05-11 14:00:00,53.65,53.66,53.635,53.635,9074
2026-05-11 14:05:00,53.64,53.64,53.61,53.61,8132
2026-05-11 14:10:00,53.615,53.615,53.585,53.605,3634
2026-05-11 14:15:00,53.5951,53.61,53.59,53.61,10291
2026-05-11 14:20:00,53.615,53.64,53.595,53.605,16395
2026-05-11 14:25:00,53.601,53.625,53.6,53.615,4812
2026-05-11 14:30:00,53.61,53.6357,53.605,53.635,12180
2026-05-11 14:35:00,53.63,53.64,53.62,53.64,3214
2026-05-11 14:40:00,53.63,53.6365,53.615,53.6255,4345
2026-05-11 14:45:00,53.62,53.64,53.595,53.595,9122
2026-05-11 14:50:00,53.595,53.61,53.5877,53.5877,3292
2026-05-11 14:55:00,53.585,53.59,53.57,53.57,8558
2026-05-11 15:00:00,53.57,53.59,53.535,53.535,6299
2026-05-11 15:05:00,53.545,53.57,53.515,53.515,14673
2026-05-11 15:10:00,53.525,53.545,53.505,53.52,30404
2026-05-11 15:15:00,53.51,53.51,53.485,53.4899,6009
2026-05-11 15:20:00,53.49,53.51,53.48,53.5,55553
2026-05-11 15:25:00,53.49,53.5,53.485,53.495,8397
2026-05-11 15:30:00,53.495,53.495,53.46,53.46,16504
2026-05-11 15:35:00,53.45,53.4583,53.435,53.44,9656
2026-05-11 15:40:00,53.44,53.44,53.385,53.41,70190
2026-05-11 15:45:00,53.41,53.43,53.4056,53.425,49828
2026-05-11 15:50:00,53.43,53.44,53.385,53.39,23713
2026-05-11 15:55:00,53.4,53.425,53.38,53.42,53100
2026-05-11 16:00:00,53.41,53.41,53.41,53.41,5628
2026-05-11 18:45:00,53.8195,53.8195,53.8195,53.8195,185
2026-05-12 07:05:00,53.26,53.26,53.26,53.26,252
2026-05-12 09:05:00,53.358,53.358,53.358,53.358,282
2026-05-12 09:30:00,53.28,53.316,52.9818,53,16847
2026-05-12 09:35:00,52.945,53,52.88,52.9,11066
2026-05-12 09:40:00,52.91,52.95,52.77,52.79,15124
2026-05-12 09:45:00,52.78,52.83,52.68,52.68,12399
2026-05-12 09:50:00,52.67,52.675,52.58,52.58,17572
2026-05-12 09:55:00,52.57,52.66,52.57,52.63,8307
2026-05-12 10:00:00,52.63,52.67,52.59,52.625,24875
2026-05-12 10:05:00,52.64,52.73,52.63,52.72,6823
2026-05-12 10:10:00,52.74,52.755,52.705,52.75,20739
2026-05-12 10:15:00,52.73,52.73,52.66,52.67,6058
2026-05-12 10:20:00,52.645,52.65,52.59,52.63,11974
2026-05-12 10:25:00,52.6201,52.635,52.53,52.58,10316
2026-05-12 10:30:00,52.6,52.6,52.45,52.5,39556
2026-05-12 10:35:00,52.48,52.505,52.4,52.48,29324
2026-05-12 10:40:00,52.475,52.555,52.47,52.54,26403
2026-05-12 10:45:00,52.54,52.54,52.46,52.46,7013
2026-05-12 10:50:00,52.46,52.49,52.4354,52.4354,6432
2026-05-12 10:55:00,52.44,52.47,52.425,52.47,92819
2026-05-12 11:00:00,52.47,52.48,52.44,52.46,20884
2026-05-12 11:05:00,52.45,52.47,52.43,52.45,37391
2026-05-12 11:10:00,52.44,52.44,52.39,52.395,8071
2026-05-12 11:15:00,52.39,52.39,52.35,52.37,11912
2026-05-12 11:20:00,52.38,52.39,52.33,52.33,7844
2026-05-12 11:25:00,52.33,52.4,52.3217,52.4,24747
2026-05-12 11:30:00,52.42,52.435,52.37,52.425,10046
2026-05-12 11:35:00,52.42,52.43,52.39,52.425,5336
2026-05-12 11:40:00,52.415,52.44,52.4,52.44,5501
2026-05-12 11:45:00,52.465,52.485,52.445,52.475,11742
2026-05-12 11:50:00,52.48,52.49,52.45,52.49,18284
2026-05-12 11:55:00,52.47,52.485,52.42,52.42,7739
2026-05-12 12:00:00,52.43,52.4503,52.4,52.4503,12690
2026-05-12 12:05:00,52.455,52.46,52.425,52.425,5231
2026-05-12 12:10:00,52.435,52.455,52.42,52.455,2331
2026-05-12 12:15:00,52.4553,52.5,52.45,52.495,9612
2026-05-12 12:20:00,52.4903,52.5,52.455,52.455,10701
2026-05-12 12:25:00,52.46,52.465,52.4417,52.445,3667
2026-05-12 12:30:00,52.445,52.505,52.425,52.505,11938
2026-05-12 12:35:00,52.5,52.555,52.5,52.55,13632
2026-05-12 12:40:00,52.5501,52.56,52.5125,52.54,4769
2026-05-12 12:45:00,52.5447,52.5447,52.49,52.525,6048
2026-05-12 12:50:00,52.535,52.565,52.495,52.52,7898
2026-05-12 12:55:00,52.53,52.58,52.53,52.58,5417
2026-05-12 13:00:00,52.56,52.6601,52.54,52.6514,9114
2026-05-12 13:05:00,52.66,52.69,52.66,52.665,8186
2026-05-12 13:10:00,52.68,52.7,52.67,52.69,6276
2026-05-12 13:15:00,52.7,52.755,52.7,52.755,5127
2026-05-12 13:20:00,52.765,52.771,52.722,52.722,10602
2026-05-12 13:25:00,52.73,52.75,52.7158,52.7399,24597
2026-05-12 13:30:00,52.7,52.765,52.695,52.765,9600
2026-05-12 13:35:00,52.74,52.75,52.725,52.75,3553
2026-05-12 13:40:00,52.76,52.78,52.76,52.78,1349
2026-05-12 13:45:00,52.785,52.785,52.77,52.77,3791
2026-05-12 13:50:00,52.78,52.815,52.78,52.815,11191
2026-05-12 13:55:00,52.825,52.825,52.779,52.805,8664
2026-05-12 14:00:00,52.8,52.8299,52.76,52.79,17583
2026-05-12 14:05:00,52.7811,52.7811,52.7317,52.75,5700
2026-05-12 14:10:00,52.76,52.76,52.72,52.7401,3818
2026-05-12 14:15:00,52.745,52.8,52.74,52.79,9698
2026-05-12 14:20:00,52.7942,52.815,52.7897,52.805,3175
2026-05-12 14:25:00,52.83,52.845,52.79,52.805,8256
2026-05-12 14:30:00,52.8099,52.8205,52.795,52.795,1919
2026-05-12 14:35:00,52.7828,52.835,52.78,52.83,12232
2026-05-12 14:40:00,52.82,52.854,52.8101,52.8499,11824
2026-05-12 14:45:00,52.845,52.845,52.805,52.83,6150
2026-05-12 14:50:00,52.82,52.84,52.81,52.82,25598
2026-05-12 14:55:00,52.825,52.85,52.824,52.8451,12814
2026-05-12 15:00:00,52.845,52.845,52.8,52.805,9952
2026-05-12 15:05:00,52.81,52.8599,52.8,52.8599,47280
2026-05-12 15:10:00,52.85,52.935,52.85,52.935,60202
2026-05-12 15:15:00,52.925,52.925,52.88,52.895,11875
2026-05-12 15:20:00,52.89,52.89,52.851,52.88,32168
2026-05-12 15:25:00,52.875,52.88,52.845,52.86,17282
2026-05-12 15:30:00,52.855,52.91,52.855,52.885,15831
2026-05-12 15:35:00,52.89,52.895,52.865,52.8665,18689
2026-05-12 15:40:00,52.86,52.8699,52.845,52.855,13688
2026-05-12 15:45:00,52.86,52.86,52.83,52.85,13571
2026-05-12 15:50:00,52.86,52.88,52.83,52.86,18521
2026-05-12 15:55:00,52.86,52.87,52.8,52.82,86523
2026-05-12 16:00:00,52.81,52.81,52.81,52.81,60510
2026-05-13 09:30:00,52.87,52.87,52.65,52.65,30193
2026-05-13 09:35:00,52.655,52.68,52.48,52.48,22510
2026-05-13 09:40:00,52.49,52.5,52.3999,52.3999,29252
2026-05-13 09:45:00,52.41,52.5458,52.405,52.5458,9026
2026-05-13 09:50:00,52.54,52.55,52.42,52.46,3931
2026-05-13 09:55:00,52.465,52.49,52.45,52.47,5161
2026-05-13 10:00:00,52.51,52.635,52.5,52.61,19215
2026-05-13 10:05:00,52.59,52.63,52.56,52.59,25511
2026-05-13 10:10:00,52.6,52.605,52.515,52.515,11566
2026-05-13 10:15:00,52.55,52.575,52.505,52.51,8594
2026-05-13 10:20:00,52.5303,52.6058,52.53,52.6058,14632
2026-05-13 10:25:00,52.6,52.63,52.56,52.615,7079
2026-05-13 10:30:00,52.61,52.66,52.61,52.645,3699
2026-05-13 10:35:00,52.585,52.59,52.535,52.535,4595
2026-05-13 10:40:00,52.54,52.545,52.525,52.535,5223
2026-05-13 10:45:00,52.52,52.52,52.5,52.501,4480
2026-05-13 10:50:00,52.505,52.525,52.47,52.525,11026
2026-05-13 10:55:00,52.515,52.515,52.475,52.4855,18827
2026-05-13 11:00:00,52.5,52.54,52.5,52.5299,3556
2026-05-13 11:05:00,52.51,52.5199,52.4801,52.495,12796
2026-05-13 11:10:00,52.48,52.48,52.445,52.47,1875
2026-05-13 11:15:00,52.455,52.49,52.455,52.475,10460
2026-05-13 11:20:00,52.4898,52.49,52.48,52.49,1917
2026-05-13 11:25:00,52.5,52.51,52.49,52.5057,16801
2026-05-13 11:30:00,52.495,52.515,52.495,52.515,1364
2026-05-13 11:35:00,52.51,52.535,52.5043,52.535,3227
2026-05-13 11:40:00,52.535,52.555,52.51,52.52,3158
2026-05-13 11:45:00,52.495,52.51,52.455,52.455,5822
2026-05-13 11:50:00,52.455,52.475,52.45,52.475,20373
2026-05-13 11:55:00,52.47,52.48,52.46,52.475,3612
2026-05-13 12:00:00,52.455,52.47,52.455,52.4556,3682
2026-05-13 12:05:00,52.455,52.4599,52.435,52.435,11874
2026-05-13 12:10:00,52.435,52.4699,52.425,52.43,17775
2026-05-13 12:15:00,52.455,52.505,52.435,52.505,9216
2026-05-13 12:20:00,52.51,52.5801,52.5003,52.55,5389
2026-05-13 12:25:00,52.55,52.555,52.53,52.55,3663
2026-05-13 12:30:00,52.54,52.5599,52.52,52.525,10373
2026-05-13 12:35:00,52.535,52.565,52.53,52.565,2674
2026-05-13 12:40:00,52.565,52.565,52.54,52.55,18167
2026-05-13 12:45:00,52.535,52.545,52.5199,52.525,6067
2026-05-13 12:50:00,52.535,52.57,52.535,52.5526,3182
2026-05-13 12:55:00,52.55,52.57,52.53,52.55,15046
2026-05-13 13:00:00,52.56,52.575,52.5498,52.5498,3711
2026-05-13 13:05:00,52.565,52.625,52.565,52.625,2904
2026-05-13 13:10:00,52.615,52.615,52.58,52.5957,3368
2026-05-13 13:15:00,52.59,52.595,52.54,52.54,4414
2026-05-13 13:20:00,52.545,52.575,52.54,52.57,5306
2026-05-13 13:25:00,52.585,52.59,52.5701,52.5701,1048
2026-05-13 13:30:00,52.56,52.56,52.535,52.545,3036
2026-05-13 13:35:00,52.555,52.565,52.54,52.565,7968
2026-05-13 13:40:00,52.57,52.6,52.5695,52.5801,4739
2026-05-13 13:45:00,52.59,52.5951,52.58,52.58,9895
2026-05-13 13:50:00,52.59,52.615,52.59,52.615,3711
2026-05-13 13:55:00,52.605,52.625,52.6003,52.6003,4353
2026-05-13 14:00:00,52.615,52.645,52.61,52.6403,3617
2026-05-13 14:05:00,52.625,52.645,52.62,52.645,12509
2026-05-13 14:10:00,52.645,52.66,52.62,52.66,4244
2026-05-13 14:15:00,52.685,52.695,52.67,52.695,4447
2026-05-13 14:20:00,52.695,52.71,52.675,52.675,13345
2026-05-13 14:25:00,52.675,52.68,52.641,52.65,3645
2026-05-13 14:30:00,52.63,52.63,52.59,52.595,1990
2026-05-13 14:35:00,52.6,52.605,52.5778,52.59,4375
2026-05-13 14:40:00,52.6,52.605,52.59,52.59,1722
2026-05-13 14:45:00,52.585,52.63,52.585,52.625,16488
2026-05-13 14:50:00,52.64,52.67,52.6398,52.65,11562
2026-05-13 14:55:00,52.66,52.6654,52.625,52.63,9573
2026-05-13 15:00:00,52.635,52.705,52.635,52.705,4277
2026-05-13 15:05:00,52.705,52.715,52.685,52.6901,8425
2026-05-13 15:10:00,52.6901,52.715,52.67,52.715,11373
2026-05-13 15:15:00,52.715,52.735,52.695,52.735,7755
2026-05-13 15:20:00,52.7351,52.7351,52.705,52.7299,7382
2026-05-13 15:25:00,52.7099,52.7199,52.7049,52.7101,20681
2026-05-13 15:30:00,52.72,52.72,52.67,52.67,3300
2026-05-13 15:35:00,52.66,52.685,52.655,52.68,17087
2026-05-13 15:40:00,52.675,52.68,52.655,52.6599,9999
2026-05-13 15:45:00,52.655,52.6557,52.635,52.65,14354
2026-05-13 15:50:00,52.65,52.65,52.605,52.61,19874
2026-05-13 15:55:00,52.6,52.62,52.585,52.61,32610
2026-05-13 16:00:00,52.61,52.61,52.61,52.61,3745
2026-05-14 05:30:00,52.51,52.71,52.24,52.71,6900
2026-05-14 05:35:00,52.56,52.74,52.56,52.74,599
2026-05-14 06:05:00,52.54,52.71,52.53,52.55,6709
2026-05-14 08:40:00,52.75,52.75,52.75,52.75,116
2026-05-14 09:20:00,52.765,52.765,52.765,52.765,100
2026-05-14 09:25:00,52.88,52.93,52.88,52.93,800
2026-05-14 09:30:00,52.93,53.06,52.855,52.905,50002
2026-05-14 09:35:00,52.92,52.99,52.83,52.98,21709
2026-05-14 09:40:00,53,53.01,52.84,52.865,10503
2026-05-14 09:45:00,52.86,52.86,52.76,52.85,12064
2026-05-14 09:50:00,52.86,52.92,52.8,52.92,35749
2026-05-14 09:55:00,52.93,53.01,52.92,52.965,6452
2026-05-14 10:00:00,52.98,53.13,52.96,53.1157,17183
2026-05-14 10:05:00,53.1301,53.14,53.07,53.095,11433
2026-05-14 10:10:00,53.1,53.12,53.045,53.085,35130
2026-05-14 10:15:00,53.085,53.09,52.98,52.98,12676
2026-05-14 10:20:00,52.9801,53,52.89,52.89,14476
2026-05-14 10:25:00,52.88,52.9,52.865,52.895,6620
2026-05-14 10:30:00,52.91,52.91,52.8437,52.87,8192
2026-05-14 10:35:00,52.885,52.92,52.86,52.91,4374
2026-05-14 10:40:00,52.92,52.945,52.9,52.91,6896
2026-05-14 10:45:00,52.92,52.95,52.91,52.95,8948
2026-05-14 10:50:00,52.965,53.01,52.96,53.01,4649
2026-05-14 10:55:00,53.07,53.12,53.05,53.09,2803
2026-05-14 11:00:00,53.08,53.15,53.08,53.125,8576
2026-05-14 11:05:00,53.135,53.14,53.1,53.1,4695
2026-05-14 11:10:00,53.1,53.17,53.1,53.155,3933
2026-05-14 11:15:00,53.16,53.165,53.14,53.16,2681
2026-05-14 11:20:00,53.17,53.1802,53.145,53.145,5996
2026-05-14 11:25:00,53.15,53.155,53.135,53.135,5185
2026-05-14 11:30:00,53.105,53.15,53.105,53.145,12951
2026-05-14 11:35:00,53.1304,53.135,53.082,53.095,9335
2026-05-14 11:40:00,53.0958,53.1643,53.095,53.125,8700
2026-05-14 11:45:00,53.121,53.19,53.12,53.19,7371
2026-05-14 11:50:00,53.185,53.23,53.185,53.205,54748
2026-05-14 11:55:00,53.2099,53.25,53.2099,53.235,14076
2026-05-14 12:00:00,53.24,53.26,53.235,53.26,4462
2026-05-14 12:05:00,53.265,53.27,53.26,53.26,16196
2026-05-14 12:10:00,53.2335,53.26,53.225,53.2517,10344
2026-05-14 12:15:00,53.255,53.27,53.245,53.2635,5415
2026-05-14 12:20:00,53.265,53.27,53.22,53.22,2994
2026-05-14 12:25:00,53.21,53.21,53.15,53.15,5676
2026-05-14 12:30:00,53.17,53.17,53.1,53.105,14189
2026-05-14 12:35:00,53.105,53.1399,53.09,53.1299,8696
2026-05-14 12:40:00,53.14,53.15,53.09,53.0998,4044
2026-05-14 12:45:00,53.1,53.125,53.08,53.115,13697
2026-05-14 12:50:00,53.119,53.119,53.03,53.03,1889
2026-05-14 12:55:00,53.0098,53.065,53,53.04,4424
2026-05-14 13:00:00,53.0601,53.105,53.0601,53.1,5370
2026-05-14 13:05:00,53.0951,53.0951,53.065,53.0799,2040
2026-05-14 13:10:00,53.1,53.11,53.08,53.08,5349
2026-05-14 13:15:00,53.07,53.07,53.0101,53.0101,1464
2026-05-14 13:20:00,52.985,52.995,52.97,52.995,8404
2026-05-14 13:25:00,52.9899,52.99,52.93,52.93,8149
2026-05-14 13:30:00,52.95,52.9902,52.95,52.9902,11467
2026-05-14 13:35:00,52.995,53.02,52.995,53.02,2782
2026-05-14 13:40:00,53.03,53.04,52.99,53.0084,6061
2026-05-14 13:45:00,53.02,53.0494,53.0101,53.0494,1719
2026-05-14 13:50:00,53.04,53.04,52.99,52.99,3319
2026-05-14 13:55:00,52.9998,53.015,52.975,52.975,1292
2026-05-14 14:00:00,52.97,52.97,52.94,52.9592,2453
2026-05-14 14:05:00,52.97,53.02,52.9599,53.02,7215
2026-05-14 14:10:00,53.025,53.05,53.025,53.045,2509
2026-05-14 14:15:00,53.045,53.06,53.045,53.055,2631
2026-05-14 14:20:00,53.065,53.0697,53.03,53.05,3275
2026-05-14 14:25:00,53.07,53.07,52.98,52.98,3020
2026-05-14 14:30:00,53.01,53.03,53.01,53.0299,3600
2026-05-14 14:35:00,53.02,53.0286,52.995,53.02,2217
2026-05-14 14:40:00,53.0043,53.025,53.0043,53.015,7196
2026-05-14 14:45:00,52.995,53,52.985,52.99,3738
2026-05-14 14:50:00,52.99,52.99,52.945,52.945,6452
2026-05-14 14:55:00,52.96,52.99,52.95,52.97,9595
2026-05-14 15:00:00,53,53.01,52.99,52.995,29301
2026-05-14 15:05:00,53,53.02,52.995,53.02,6365
2026-05-14 15:10:00,53.025,53.04,53.005,53.01,41781
2026-05-14 15:15:00,53.0258,53.05,53.0258,53.045,47576
2026-05-14 15:20:00,53.04,53.045,53.005,53.005,19480
2026-05-14 15:25:00,53,53.01,52.9797,52.9799,19606
2026-05-14 15:30:00,52.98,53.01,52.975,52.99,8880
2026-05-14 15:35:00,52.99,53.0081,52.975,52.98,15460
2026-05-14 15:40:00,52.97,52.975,52.93,52.945,16586
2026-05-14 15:45:00,52.94,52.97,52.9301,52.96,11587
2026-05-14 15:50:00,52.96,52.96,52.915,52.94,17788
2026-05-14 15:55:00,52.955,52.965,52.92,52.955,20990
2026-05-14 16:00:00,52.94,52.94,52.94,52.94,2956
2026-05-14 19:20:00,53.1,53.1,53.1,53.1,169
2026-05-15 08:25:00,52.4,52.4,52.4,52.4,190
2026-05-15 09:30:00,52.46,52.5395,52.29,52.29,36542
2026-05-15 09:35:00,52.28,52.29,52.2,52.23,13372
2026-05-15 09:40:00,52.23,52.28,52.18,52.18,7508
2026-05-15 09:45:00,52.18,52.225,52.16,52.2,41668
2026-05-15 09:50:00,52.21,52.29,52.16,52.28,2786
2026-05-15 09:55:00,52.295,52.3524,52.24,52.29,8088
2026-05-15 10:00:00,52.28,52.34,52.27,52.2871,92952
2026-05-15 10:05:00,52.28,52.315,52.265,52.285,16917
2026-05-15 10:10:00,52.2817,52.345,52.28,52.345,31598
2026-05-15 10:15:00,52.33,52.435,52.325,52.43,9658
2026-05-15 10:20:00,52.44,52.475,52.42,52.42,10446
2026-05-15 10:25:00,52.405,52.4151,52.365,52.365,5942
2026-05-15 10:30:00,52.37,52.44,52.37,52.43,4220
2026-05-15 10:35:00,52.44,52.45,52.43,52.445,3169
2026-05-15 10:40:00,52.41,52.415,52.32,52.3497,5454
2026-05-15 10:45:00,52.36,52.36,52.27,52.28,6896
2026-05-15 10:50:00,52.27,52.33,52.24,52.33,13934
2026-05-15 10:55:00,52.33,52.33,52.27,52.275,9230
2026-05-15 11:00:00,52.29,52.29,52.23,52.24,7045
2026-05-15 11:05:00,52.23,52.23,52.19,52.22,4506
2026-05-15 11:10:00,52.255,52.255,52.215,52.23,6487
2026-05-15 11:15:00,52.23,52.24,52.2023,52.2053,7864
2026-05-15 11:20:00,52.22,52.24,52.22,52.235,2952
2026-05-15 11:25:00,52.19,52.19,52.145,52.1502,2897
2026-05-15 11:30:00,52.18,52.245,52.18,52.195,8073
2026-05-15 11:35:00,52.2,52.205,52.185,52.1899,8993
2026-05-15 11:40:00,52.18,52.18,52.125,52.14,11605
2026-05-15 11:45:00,52.14,52.17,52.13,52.155,5971
2026-05-15 11:50:00,52.14,52.16,52.09,52.1,7303
2026-05-15 11:55:00,52.09,52.186,52.07,52.17,14853
2026-05-15 12:00:00,52.175,52.195,52.16,52.175,4949
2026-05-15 12:05:00,52.17,52.185,52.15,52.175,24963
2026-05-15 12:10:00,52.185,52.19,52.15,52.19,8032
2026-05-15 12:15:00,52.1857,52.19,52.17,52.19,4419
2026-05-15 12:20:00,52.19,52.28,52.185,52.28,7597
2026-05-15 12:25:00,52.28,52.28,52.24,52.255,7474
2026-05-15 12:30:00,52.255,52.26,52.23,52.23,3099
2026-05-15 12:35:00,52.225,52.255,52.225,52.24,19148
2026-05-15 12:40:00,52.24,52.27,52.24,52.26,2930
2026-05-15 12:45:00,52.24,52.27,52.24,52.27,3379
2026-05-15 12:50:00,52.255,52.265,52.19,52.19,4583
2026-05-15 12:55:00,52.22,52.2398,52.22,52.23,893
2026-05-15 13:00:00,52.22,52.2511,52.22,52.25,3986
2026-05-15 13:05:00,52.245,52.3,52.24,52.285,3712
2026-05-15 13:10:00,52.295,52.295,52.28,52.285,1711
2026-05-15 13:15:00,52.235,52.25,52.235,52.25,3274
2026-05-15 13:20:00,52.265,52.32,52.265,52.3199,3540
2026-05-15 13:25:00,52.33,52.3618,52.285,52.2899,12597
2026-05-15 13:30:00,52.285,52.305,52.2801,52.2857,8438
2026-05-15 13:35:00,52.2851,52.2851,52.255,52.27,4879
2026-05-15 13:40:00,52.25,52.25,52.22,52.24,3450
2026-05-15 13:45:00,52.25,52.2543,52.22,52.22,2621
2026-05-15 13:50:00,52.23,52.29,52.23,52.255,8116
2026-05-15 13:55:00,52.255,52.295,52.255,52.29,3507
2026-05-15 14:00:00,52.29,52.3,52.28,52.28,2764
2026-05-15 14:05:00,52.285,52.3,52.26,52.26,5008
2026-05-15 14:10:00,52.26,52.2751,52.255,52.27,4172
2026-05-15 14:15:00,52.26,52.27,52.2,52.205,6620
2026-05-15 14:20:00,52.22,52.26,52.2101,52.26,9572
2026-05-15 14:25:00,52.23,52.235,52.195,52.195,1045
2026-05-15 14:30:00,52.195,52.21,52.145,52.145,11453
2026-05-15 14:35:00,52.1601,52.1899,52.145,52.17,5422
2026-05-15 14:40:00,52.175,52.19,52.16,52.19,6653
2026-05-15 14:45:00,52.19,52.19,52.17,52.185,92094
2026-05-15 14:50:00,52.1999,52.23,52.19,52.225,3332
2026-05-15 14:55:00,52.2351,52.26,52.215,52.235,8026
2026-05-15 15:00:00,52.245,52.245,52.2,52.2,4375
2026-05-15 15:05:00,52.2,52.2,52.18,52.19,6374
2026-05-15 15:10:00,52.1751,52.195,52.1743,52.195,4247
2026-05-15 15:15:00,52.185,52.2,52.18,52.2,10251
2026-05-15 15:20:00,52.215,52.24,52.21,52.22,5560
2026-05-15 15:25:00,52.225,52.225,52.192,52.192,3494
2026-05-15 15:30:00,52.23,52.23,52.205,52.22,40912
2026-05-15 15:35:00,52.215,52.24,52.195,52.23,2800
2026-05-15 15:40:00,52.235,52.2365,52.2,52.205,5883
2026-05-15 15:45:00,52.21,52.22,52.17,52.1813,8698
2026-05-15 15:50:00,52.19,52.19,52.1153,52.1153,21368
2026-05-15 15:55:00,52.12,52.13,52.08,52.11,34283
2026-05-15 16:00:00,52.12,52.12,52.12,52.12,1907
2026-05-18 04:20:00,51.8,52,51.8,52,3828
2026-05-18 04:25:00,51.85,52.56,51.85,51.9,10802
2026-05-18 04:40:00,52.04,52.04,51.9,51.9,2559
2026-05-18 05:00:00,52.05,52.05,51.9,51.9,4651
2026-05-18 07:40:00,52.15,52.15,52.15,52.15,100
2026-05-18 07:55:00,52.1,52.1,52.1,52.1,576
2026-05-18 08:00:00,52.09,52.09,52.09,52.09,200
2026-05-18 09:25:00,52.32,52.32,52.32,52.32,686
2026-05-18 09:30:00,52.36,52.48,52.23,52.23,17416
2026-05-18 09:35:00,52.23,52.27,52.1255,52.13,25793
2026-05-18 09:40:00,52.14,52.32,52.14,52.31,25486
2026-05-18 09:45:00,52.29,52.49,52.29,52.49,14157
2026-05-18 09:50:00,52.515,52.62,52.515,52.62,7147
2026-05-18 09:55:00,52.61,52.68,52.57,52.5701,7305
2026-05-18 10:00:00,52.56,52.58,52.47,52.5,18806
2026-05-18 10:05:00,52.49,52.61,52.47,52.61,28965
2026-05-18 10:10:00,52.59,52.6084,52.51,52.52,10636
2026-05-18 10:15:00,52.53,52.57,52.53,52.565,9135
2026-05-18 10:20:00,52.575,52.58,52.485,52.52,27494
2026-05-18 10:25:00,52.54,52.58,52.515,52.53,7677
2026-05-18 10:30:00,52.525,52.525,52.3927,52.395,10368
2026-05-18 10:35:00,52.38,52.49,52.355,52.49,14159
2026-05-18 10:40:00,52.47,52.495,52.43,52.45,34127
2026-05-18 10:45:00,52.455,52.4999,52.43,52.495,5649
2026-05-18 10:50:00,52.505,52.58,52.5,52.58,7937
2026-05-18 10:55:00,52.56,52.58,52.54,52.56,11904
2026-05-18 11:00:00,52.58,52.595,52.39,52.43,45374
2026-05-18 11:05:00,52.4259,52.44,52.3741,52.38,13897
2026-05-18 11:10:00,52.36,52.39,52.34,52.37,22135
2026-05-18 11:15:00,52.37,52.41,52.31,52.335,6657
2026-05-18 11:20:00,52.335,52.38,52.335,52.365,6481
2026-05-18 11:25:00,52.36,52.4,52.34,52.34,10221
2026-05-18 11:30:00,52.34,52.4,52.315,52.4,8516
2026-05-18 11:35:00,52.4,52.405,52.38,52.4,10977
2026-05-18 11:40:00,52.39,52.425,52.33,52.36,4074
2026-05-18 11:45:00,52.35,52.41,52.35,52.3996,3506
2026-05-18 11:50:00,52.3959,52.3959,52.35,52.385,11512
2026-05-18 11:55:00,52.4,52.405,52.3303,52.34,2926
2026-05-18 12:00:00,52.325,52.34,52.325,52.34,2995
2026-05-18 12:05:00,52.34,52.3551,52.335,52.349,68729
2026-05-18 12:10:00,52.35,52.4098,52.35,52.4098,1636
2026-05-18 12:15:00,52.435,52.44,52.43,52.43,2308
2026-05-18 12:20:00,52.435,52.46,52.37,52.3961,12821
2026-05-18 12:25:00,52.4,52.4,52.27,52.27,26001
2026-05-18 12:30:00,52.25,52.37,52.25,52.37,9882
2026-05-18 12:35:00,52.36,52.385,52.33,52.33,5434
2026-05-18 12:40:00,52.32,52.32,52.245,52.245,4414
2026-05-18 12:45:00,52.255,52.3,52.255,52.2851,4391
2026-05-18 12:50:00,52.295,52.3499,52.295,52.3499,6396
2026-05-18 12:55:00,52.345,52.38,52.3,52.3,7844
2026-05-18 13:00:00,52.295,52.345,52.28,52.342,6176
2026-05-18 13:05:00,52.36,52.39,52.3443,52.365,2978
2026-05-18 13:10:00,52.37,52.39,52.36,52.36,8017
2026-05-18 13:15:00,52.365,52.43,52.365,52.415,4619
2026-05-18 13:20:00,52.396,52.4,52.37,52.38,5206
2026-05-18 13:25:00,52.39,52.41,52.39,52.4,10736
2026-05-18 13:30:00,52.39,52.4,52.33,52.335,9436
2026-05-18 13:35:00,52.31,52.31,52.26,52.27,8579
2026-05-18 13:40:00,52.27,52.29,52.2635,52.265,7038
2026-05-18 13:45:00,52.25,52.28,52.25,52.275,3934
2026-05-18 13:50:00,52.27,52.305,52.26,52.28,3082
2026-05-18 13:55:00,52.26,52.285,52.255,52.2799,7863
2026-05-18 14:00:00,52.2635,52.2635,52.21,52.2151,6240
2026-05-18 14:05:00,52.225,52.23,52.195,52.2199,4629
2026-05-18 14:10:00,52.2099,52.225,52.19,52.19,3844
2026-05-18 14:15:00,52.175,52.18,52.1599,52.1599,2165
2026-05-18 14:20:00,52.16,52.18,52.13,52.13,5042
2026-05-18 14:25:00,52.14,52.1751,52.1,52.1751,9088
2026-05-18 14:30:00,52.165,52.2,52.165,52.18,9969
2026-05-18 14:35:00,52.2,52.215,52.165,52.175,2707
2026-05-18 14:40:00,52.17,52.195,52.14,52.195,8050
2026-05-18 14:45:00,52.19,52.22,52.18,52.19,2058
2026-05-18 14:50:00,52.17,52.205,52.165,52.165,4270
2026-05-18 14:55:00,52.17,52.18,52.14,52.15,7401
2026-05-18 15:00:00,52.16,52.51,52.16,52.38,89759
2026-05-18 15:05:00,52.39,52.43,52.32,52.35,27533
2026-05-18 15:10:00,52.37,52.375,52.295,52.295,9209
2026-05-18 15:15:00,52.3,52.33,52.27,52.27,10560
2026-05-18 15:20:00,52.26,52.295,52.24,52.245,17278
2026-05-18 15:25:00,52.2398,52.2398,52.2,52.235,11095
2026-05-18 15:30:00,52.23,52.26,52.215,52.215,7280
2026-05-18 15:35:00,52.22,52.2754,52.22,52.275,10999
2026-05-18 15:40:00,52.28,52.32,52.28,52.305,8255
2026-05-18 15:45:00,52.31,52.35,52.3099,52.34,11648
2026-05-18 15:50:00,52.34,52.36,52.305,52.32,36055
2026-05-18 15:55:00,52.315,52.32,52.26,52.28,33951
2026-05-18 16:00:00,52.28,52.29,52.28,52.28,9489
2026-05-19 04:20:00,52.4,52.4,52.25,52.35,10650
2026-05-19 04:25:00,52.27,52.37,52.21,52.32,7651
2026-05-19 04:40:00,52.27,52.47,52.27,52.47,951
2026-05-19 04:45:00,52.31,52.31,52.31,52.31,100
2026-05-19 05:05:00,52.28,52.28,52.18,52.18,752
2026-05-19 05:15:00,52.17,52.17,52.17,52.17,100
2026-05-19 07:00:00,52.15,52.15,52.15,52.15,288
2026-05-19 09:30:00,52.06,52.1451,51.79,51.83,62043
2026-05-19 09:35:00,51.81,51.87,51.72,51.83,49971
2026-05-19 09:40:00,51.82,51.82,51.63,51.65,43022
2026-05-19 09:45:00,51.66,51.77,51.66,51.77,15908
2026-05-19 09:50:00,51.73,51.855,51.705,51.84,10598
2026-05-19 09:55:00,51.86,51.93,51.86,51.865,20987
2026-05-19 10:00:00,51.85,51.855,51.685,51.8,18431
2026-05-19 10:05:00,51.81,51.82,51.66,51.71,30233
2026-05-19 10:10:00,51.72,51.83,51.71,51.83,16382
2026-05-19 10:15:00,51.82,51.856,51.77,51.81,23092
2026-05-19 10:20:00,51.83,51.83,51.775,51.8,10473
2026-05-19 10:25:00,51.8,51.845,51.78,51.79,12067
2026-05-19 10:30:00,51.81,51.855,51.75,51.755,18149
2026-05-19 10:35:00,51.75,51.79,51.745,51.785,13638
2026-05-19 10:40:00,51.74,51.76,51.72,51.734,13918
2026-05-19 10:45:00,51.76,51.77,51.695,51.7,10960
2026-05-19 10:50:00,51.695,51.695,51.64,51.6401,13363
2026-05-19 10:55:00,51.65,51.71,51.65,51.71,11623
2026-05-19 11:00:00,51.7103,51.77,51.695,51.77,9096
2026-05-19 11:05:00,51.75,51.76,51.715,51.75,6635
2026-05-19 11:10:00,51.76,51.78,51.74,51.75,6605
2026-05-19 11:15:00,51.77,51.775,51.705,51.71,7931
2026-05-19 11:20:00,51.71,51.74,51.685,51.685,4842
2026-05-19 11:25:00,51.68,51.725,51.68,51.725,9633
2026-05-19 11:30:00,51.715,51.795,51.715,51.76,31979
2026-05-19 11:35:00,51.75,51.81,51.74,51.81,6957
2026-05-19 11:40:00,51.81,51.849,51.795,51.8264,3109
2026-05-19 11:45:00,51.825,51.895,51.82,51.885,6818
2026-05-19 11:50:00,51.89,51.895,51.84,51.84,12047
2026-05-19 11:55:00,51.835,51.84,51.785,51.8,2635
2026-05-19 12:00:00,51.82,51.8799,51.82,51.84,4096
2026-05-19 12:05:00,51.82,51.845,51.785,51.81,14174
2026-05-19 12:10:00,51.8,51.86,51.8,51.86,6572
2026-05-19 12:15:00,51.8551,51.9199,51.8551,51.9199,2198
2026-05-19 12:20:00,51.905,51.935,51.9,51.935,1654
2026-05-19 12:25:00,51.96,52,51.954,51.975,10454
2026-05-19 12:30:00,51.9758,51.99,51.955,51.9651,8825
2026-05-19 12:35:00,51.95,51.9651,51.915,51.9651,4687
2026-05-19 12:40:00,51.97,52.02,51.97,51.99,7472
2026-05-19 12:45:00,51.995,51.9975,51.985,51.995,34097
2026-05-19 12:50:00,51.98,51.99,51.96,51.98,4101
2026-05-19 12:55:00,51.975,52.015,51.97,52.015,2764
2026-05-19 13:00:00,52.015,52.03,51.98,52.02,6711
2026-05-19 13:05:00,52.02,52.02,51.98,51.9851,4587
2026-05-19 13:10:00,51.985,52.0351,51.985,52.03,4292
2026-05-19 13:15:00,52.04,52.1,52.04,52.1,5097
2026-05-19 13:20:00,52.1,52.16,52.085,52.15,13082
2026-05-19 13:25:00,52.15,52.15,52.1,52.12,15802
2026-05-19 13:30:00,52.11,52.1588,52.1,52.1,8844
2026-05-19 13:35:00,52.095,52.11,52.08,52.08,6818
2026-05-19 13:40:00,52.1,52.105,52.07,52.0711,12951
2026-05-19 13:45:00,52.055,52.055,52.01,52.0251,10868
2026-05-19 13:50:00,52.025,52.025,51.97,52,5795
2026-05-19 13:55:00,52.005,52.01,51.9714,52.005,4998
2026-05-19 14:00:00,52.02,52.03,51.995,52.01,7492
2026-05-19 14:05:00,52.0199,52.035,51.975,52.03,13572
2026-05-19 14:10:00,52.045,52.05,52.03,52.045,8569
2026-05-19 14:15:00,52.045,52.05,52.005,52.02,8482
2026-05-19 14:20:00,52.015,52.015,51.93,51.96,26903
2026-05-19 14:25:00,51.955,52.0065,51.92,51.92,10445
2026-05-19 14:30:00,51.91,51.95,51.89,51.9401,9174
2026-05-19 14:35:00,51.95,52,51.95,51.9851,10915
2026-05-19 14:40:00,51.99,52.0199,51.98,51.985,4446
2026-05-19 14:45:00,51.99,51.99,51.965,51.965,27300
2026-05-19 14:50:00,51.95,51.95,51.9135,51.9135,10110
2026-05-19 14:55:00,51.885,51.92,51.875,51.905,12317
2026-05-19 15:00:00,51.91,51.945,51.89,51.89,16119
2026-05-19 15:05:00,51.89,51.985,51.89,51.975,20873
2026-05-19 15:10:00,51.98,52.02,51.98,52.02,7330
2026-05-19 15:15:00,52.02,52.025,51.985,51.99,8476
2026-05-19 15:20:00,51.985,51.9899,51.915,51.915,18721
2026-05-19 15:25:00,51.91,51.9456,51.9,51.915,11847
2026-05-19 15:30:00,51.91,51.9251,51.865,51.865,7721
2026-05-19 15:35:00,51.87,51.895,51.8599,51.87,19852
2026-05-19 15:40:00,51.88,51.88,51.835,51.84,38072
2026-05-19 15:45:00,51.84,51.855,51.8244,51.825,21945
2026-05-19 15:50:00,51.825,51.83,51.76,51.77,32337
2026-05-19 15:55:00,51.77,51.815,51.76,51.795,58765
2026-05-19 16:00:00,51.81,51.81,51.81,51.81,226193
2026-05-20 04:05:00,52,52,51.85,51.9,9000
2026-05-20 04:10:00,51.86,52,51.85,51.95,16400
2026-05-20 04:20:00,51.9,52,51.88,51.88,1290
2026-05-20 04:55:00,51.92,52,51.91,51.99,9780
2026-05-20 05:05:00,51.97,51.97,51.97,51.97,400
2026-05-20 05:30:00,51.98,51.98,51.98,51.98,199
2026-05-20 05:45:00,51.9,51.98,51.89,51.93,3190
2026-05-20 06:05:00,51.96,51.96,51.95,51.95,300
2026-05-20 07:20:00,51.9,51.9,51.9,51.9,100
2026-05-20 07:50:00,51.95,51.95,51.95,51.95,199
2026-05-20 08:25:00,52,52,52,52,156
2026-05-20 09:30:00,52.02,52.08,51.73,51.76,38450
2026-05-20 09:35:00,51.75,52.04,51.68,52,22432
2026-05-20 09:40:00,52.01,52.08,51.995,52.05,14024
2026-05-20 09:45:00,52.09,52.2,52.09,52.1,11572
2026-05-20 09:50:00,52.085,52.19,52.07,52.16,9596
2026-05-20 09:55:00,52.19,52.225,52.15,52.16,5859
2026-05-20 10:00:00,52.17,52.17,52.055,52.09,17065
2026-05-20 10:05:00,52.075,52.14,52.07,52.09,6697
2026-05-20 10:10:00,52.125,52.125,51.995,52.1,70102
2026-05-20 10:15:00,52.11,52.45,52.105,52.38,26015
2026-05-20 10:20:00,52.41,52.48,52.35,52.36,19225
2026-05-20 10:25:00,52.37,52.44,52.365,52.44,5456
2026-05-20 10:30:00,52.44,52.57,52.44,52.54,17883
2026-05-20 10:35:00,52.52,52.52,52.42,52.43,9137
2026-05-20 10:40:00,52.42,52.47,52.38,52.47,5929
2026-05-20 10:45:00,52.47,52.52,52.4318,52.48,11730
2026-05-20 10:50:00,52.48,52.53,52.46,52.525,17687
2026-05-20 10:55:00,52.5,52.57,52.495,52.545,10203
2026-05-20 11:00:00,52.55,52.59,52.55,52.58,5948
2026-05-20 11:05:00,52.57,52.57,52.5299,52.55,7221
2026-05-20 11:10:00,52.54,52.54,52.46,52.46,4879
2026-05-20 11:15:00,52.465,52.76,52.455,52.64,81679
2026-05-20 11:20:00,52.65,52.66,52.615,52.625,7824
2026-05-20 11:25:00,52.61,52.61,52.52,52.52,10768
2026-05-20 11:30:00,52.5399,52.5959,52.525,52.585,6023
2026-05-20 11:35:00,52.58,52.665,52.56,52.655,14321
2026-05-20 11:40:00,52.63,52.66,52.615,52.65,5047
2026-05-20 11:45:00,52.64,52.6799,52.6332,52.665,9859
2026-05-20 11:50:00,52.665,52.705,52.6545,52.6699,11128
2026-05-20 11:55:00,52.675,52.68,52.625,52.64,11879
2026-05-20 12:00:00,52.6401,52.66,52.595,52.62,6826
2026-05-20 12:05:00,52.65,52.655,52.61,52.63,7614
2026-05-20 12:10:00,52.625,52.66,52.6116,52.635,8479
2026-05-20 12:15:00,52.64,52.64,52.61,52.625,3360
2026-05-20 12:20:00,52.62,52.62,52.5499,52.58,9573
2026-05-20 12:25:00,52.58,52.58,52.52,52.54,3729
2026-05-20 12:30:00,52.54,52.595,52.515,52.545,17963
2026-05-20 12:35:00,52.5498,52.555,52.525,52.555,2525
2026-05-20 12:40:00,52.545,52.64,52.545,52.64,4151
2026-05-20 12:45:00,52.65,52.65,52.55,52.575,13697
2026-05-20 12:50:00,52.59,52.605,52.575,52.595,2696
2026-05-20 12:55:00,52.59,52.625,52.5643,52.6,688704
2026-05-20 13:00:00,52.59,52.61,52.565,52.565,10666
2026-05-20 13:05:00,52.58,52.58,52.525,52.55,10717
2026-05-20 13:10:00,52.55,52.64,52.55,52.5994,57281
2026-05-20 13:15:00,52.6,52.64,52.6,52.61,4752
2026-05-20 13:20:00,52.62,52.66,52.62,52.65,2738
2026-05-20 13:25:00,52.64,52.7,52.64,52.7,6565
2026-05-20 13:30:00,52.695,52.7099,52.67,52.7099,3406
2026-05-20 13:35:00,52.7,52.74,52.7,52.7351,14467
2026-05-20 13:40:00,52.7399,52.74,52.715,52.72,1981
2026-05-20 13:45:00,52.72,52.73,52.705,52.72,4940
2026-05-20 13:50:00,52.72,52.72,52.665,52.665,1832
2026-05-20 13:55:00,52.665,52.68,52.65,52.65,4277
2026-05-20 14:00:00,52.63,52.6597,52.605,52.605,26086
2026-05-20 14:05:00,52.605,52.6584,52.605,52.625,5879
2026-05-20 14:10:00,52.625,52.675,52.625,52.675,3740
2026-05-20 14:15:00,52.675,52.68,52.655,52.655,4093
2026-05-20 14:20:00,52.66,52.685,52.635,52.655,7898
2026-05-20 14:25:00,52.66,52.67,52.635,52.6598,27227
2026-05-20 14:30:00,52.665,52.7298,52.665,52.715,8487
2026-05-20 14:35:00,52.715,52.7375,52.71,52.7375,3222
2026-05-20 14:40:00,52.745,52.745,52.69,52.69,9066
2026-05-20 14:45:00,52.65,52.715,52.65,52.7099,6202
2026-05-20 14:50:00,52.715,52.7157,52.695,52.71,6268
2026-05-20 14:55:00,52.74,52.74,52.72,52.72,6721
2026-05-20 15:00:00,52.73,52.795,52.73,52.75,3710
2026-05-20 15:05:00,52.745,52.78,52.74,52.7499,7701
2026-05-20 15:10:00,52.745,52.7699,52.73,52.735,6071
2026-05-20 15:15:00,52.735,52.76,52.72,52.76,5895
2026-05-20 15:20:00,52.765,52.765,52.714,52.714,6381
2026-05-20 15:25:00,52.72,52.74,52.715,52.724,12805
2026-05-20 15:30:00,52.73,52.76,52.72,52.755,9736
2026-05-20 15:35:00,52.75,52.815,52.75,52.81,21430
2026-05-20 15:40:00,52.81,52.81,52.76,52.76,26096
2026-05-20 15:45:00,52.765,52.775,52.745,52.755,7707
2026-05-20 15:50:00,52.76,52.78,52.75,52.77,130842
2026-05-20 15:55:00,52.78,52.87,52.775,52.85,35621
2026-05-20 16:00:00,52.86,52.86,52.86,52.86,20401
2026-05-21 04:15:00,52.75,53.5,52.75,52.84,8848
2026-05-21 04:25:00,52.91,52.91,52.91,52.91,100
2026-05-21 04:30:00,52.84,52.9,52.8,52.88,6443
2026-05-21 04:40:00,52.85,52.85,52.85,52.85,100
2026-05-21 04:45:00,52.85,52.85,52.85,52.85,250
2026-05-21 04:50:00,52.85,52.85,52.85,52.85,1000
2026-05-21 05:20:00,52.85,52.85,52.85,52.85,300
2026-05-21 06:25:00,52.9,52.9,52.75,52.75,999
2026-05-21 08:10:00,52.55,52.55,52.55,52.55,300
2026-05-21 08:25:00,52.55,52.55,52.55,52.55,300
2026-05-21 08:30:00,52.55,52.71,52.4,52.71,6354
2026-05-21 08:35:00,52.42,52.43,52.4,52.4,1100
2026-05-21 08:40:00,52.4,52.43,52.4,52.4,799
2026-05-21 09:00:00,52.4,52.4,52.4,52.4,249
2026-05-21 09:30:00,52.57,52.6,52.16,52.23,50421
2026-05-21 09:35:00,52.21,52.28,52.135,52.235,43282
2026-05-21 09:40:00,52.22,52.27,52.14,52.18,13977
2026-05-21 09:45:00,52.22,52.305,52.21,52.305,11168
2026-05-21 09:50:00,52.29,52.59,52.29,52.56,67043
2026-05-21 09:55:00,52.61,52.63,52.57,52.6,7627
2026-05-21 10:00:00,52.6,52.67,52.53,52.67,21824
2026-05-21 10:05:00,52.67,52.75,52.66,52.74,12956
2026-05-21 10:10:00,52.75,52.76,52.71,52.72,49460
2026-05-21 10:15:00,52.72,52.725,52.59,52.59,15331
2026-05-21 10:20:00,52.59,52.62,52.555,52.6,19811
2026-05-21 10:25:00,52.59,52.64,52.59,52.64,2853
2026-05-21 10:30:00,52.69,52.69,52.62,52.63,6476
2026-05-21 10:35:00,52.6,52.62,52.56,52.595,4180
2026-05-21 10:40:00,52.59,52.59,52.485,52.51,5096
2026-05-21 10:45:00,52.505,52.505,52.4395,52.47,9751
2026-05-21 10:50:00,52.45,52.49,52.44,52.485,10939
2026-05-21 10:55:00,52.51,52.51,52.47,52.5,3228
2026-05-21 11:00:00,52.51,52.51,52.474,52.474,7544
2026-05-21 11:05:00,52.48,52.485,52.42,52.445,12978
2026-05-21 11:10:00,52.44,52.59,52.44,52.5254,21905
2026-05-21 11:15:00,52.53,52.54,52.505,52.54,15384
2026-05-21 11:20:00,52.52,52.535,52.51,52.515,5762
2026-05-21 11:25:00,52.505,52.54,52.495,52.54,8384
2026-05-21 11:30:00,52.5,52.5,52.4199,52.4199,8899
2026-05-21 11:35:00,52.42,52.475,52.415,52.455,3493
2026-05-21 11:40:00,52.4697,52.48,52.44,52.475,4640
2026-05-21 11:45:00,52.49,52.5,52.48,52.48,2516
2026-05-21 11:50:00,52.4759,52.485,52.4759,52.485,4850
2026-05-21 11:55:00,52.48,52.495,52.47,52.475,4757
2026-05-21 12:00:00,52.51,52.53,52.505,52.525,7308
2026-05-21 12:05:00,52.5201,52.57,52.5201,52.57,9693
2026-05-21 12:10:00,52.56,52.58,52.5397,52.55,35557
2026-05-21 12:15:00,52.54,52.54,52.515,52.525,3975
2026-05-21 12:20:00,52.5199,52.5199,52.48,52.49,2718
2026-05-21 12:25:00,52.48,52.49,52.475,52.485,9722
2026-05-21 12:30:00,52.47,52.5,52.46,52.49,12934
2026-05-21 12:35:00,52.5,52.5,52.425,52.44,4169
2026-05-21 12:40:00,52.45,52.49,52.45,52.49,3894
2026-05-21 12:45:00,52.49,52.5,52.4251,52.43,16012
2026-05-21 12:50:00,52.43,52.46,52.43,52.4557,2122
2026-05-21 12:55:00,52.47,52.5,52.47,52.49,15606
2026-05-21 13:00:00,52.48,52.505,52.4742,52.495,18389
2026-05-21 13:05:00,52.495,52.5,52.485,52.485,3803
2026-05-21 13:10:00,52.49,52.66,52.49,52.62,56825
2026-05-21 13:15:00,52.63,52.875,52.63,52.8,85785
2026-05-21 13:20:00,52.8,52.93,52.775,52.845,36446
2026-05-21 13:25:00,52.85,52.86,52.825,52.86,7182
2026-05-21 13:30:00,52.875,52.92,52.87,52.88,16055
2026-05-21 13:35:00,52.88,52.925,52.865,52.9,11769
2026-05-21 13:40:00,52.91,52.96,52.91,52.96,11430
2026-05-21 13:45:00,52.985,53.055,52.97,53.05,11798
2026-05-21 13:50:00,53.05,53.1,53.03,53.09,7329
2026-05-21 13:55:00,53.1,53.125,53.005,53.02,13238
2026-05-21 14:00:00,53.04,53.06,52.985,52.99,22117
2026-05-21 14:05:00,52.98,53.07,52.975,53.06,7773
2026-05-21 14:10:00,53.07,53.09,53.03,53.09,6108
2026-05-21 14:15:00,53.06,53.115,53.045,53.11,19043
2026-05-21 14:20:00,53.11,53.15,53.1,53.15,4651
2026-05-21 14:25:00,53.155,53.175,53.13,53.15,9736
2026-05-21 14:30:00,53.15,53.18,53.145,53.145,11671
2026-05-21 14:35:00,53.1503,53.17,53.1301,53.145,12723
2026-05-21 14:40:00,53.16,53.195,53.16,53.195,8217
2026-05-21 14:45:00,53.185,53.185,53.05,53.075,39239
2026-05-21 14:50:00,53.07,53.13,52.88,52.88,34719
2026-05-21 14:55:00,52.87,52.94,52.865,52.935,17906
2026-05-21 15:00:00,52.9358,53.01,52.9242,53.01,30886
2026-05-21 15:05:00,53.025,53.04,52.97,53.04,26888
2026-05-21 15:10:00,53.05,53.07,53.03,53.0558,11248
2026-05-21 15:15:00,53.065,53.0759,53.05,53.06,4799
2026-05-21 15:20:00,53.065,53.065,53.025,53.03,7054
2026-05-21 15:25:00,53.03,53.035,52.99,53.005,10490
2026-05-21 15:30:00,53.015,53.02,52.985,52.995,6966
2026-05-21 15:35:00,52.98,53.04,52.98,53.035,12111
2026-05-21 15:40:00,53.025,53.03,52.97,52.99,8007
2026-05-21 15:45:00,52.9847,53.02,52.97,52.995,10429
2026-05-21 15:50:00,53,53.015,52.92,52.95,36190
2026-05-21 15:55:00,52.95,53.04,52.95,53.01,67667
2026-05-21 16:00:00,53.02,53.02,53.02,53.02,24133
2026-05-22 04:05:00,53,53.15,53,53.15,3713
2026-05-22 04:10:00,53.15,53.15,53.06,53.13,900
2026-05-22 04:20:00,53.05,53.15,53.05,53.06,4131
2026-05-22 04:25:00,53.07,53.07,53.02,53.03,500
2026-05-22 04:40:00,53.05,53.05,53.04,53.04,300
2026-05-22 04:45:00,53.04,53.04,53.04,53.04,381
2026-05-22 05:20:00,53.04,53.09,53.04,53.09,419
2026-05-22 08:10:00,53.17,53.17,53.17,53.17,100
2026-05-22 08:15:00,53.15,53.3,53.1,53.11,6027
2026-05-22 08:35:00,53,53.1,53,53.1,299
2026-05-22 08:40:00,53.09,53.09,53.09,53.09,249
2026-05-22 09:30:00,53.23,53.32,53.22,53.23,31919
2026-05-22 09:35:00,53.22,53.23,53.085,53.085,16798
2026-05-22 09:40:00,53.12,53.22,53.065,53.22,22924
2026-05-22 09:45:00,53.25,53.36,53.25,53.36,8443
2026-05-22 09:50:00,53.32,53.44,53.31,53.44,10667
2026-05-22 09:55:00,53.45,53.49,53.44,53.48,4289
2026-05-22 10:00:00,53.46,53.47,53.4,53.41,23948
2026-05-22 10:05:00,53.41,53.425,53.38,53.39,7978
2026-05-22 10:10:00,53.3999,53.4,53.28,53.28,3341
2026-05-22 10:15:00,53.265,53.29,53.23,53.235,4689
2026-05-22 10:20:00,53.2295,53.24,53.19,53.19,8177
2026-05-22 10:25:00,53.225,53.27,53.2102,53.27,6138
2026-05-22 10:30:00,53.255,53.285,53.2317,53.285,7387
2026-05-22 10:35:00,53.2801,53.33,53.2801,53.32,4336
2026-05-22 10:40:00,53.3149,53.32,53.29,53.32,3022
2026-05-22 10:45:00,53.325,53.325,53.27,53.29,4738
2026-05-22 10:50:00,53.28,53.295,53.25,53.295,8687
2026-05-22 10:55:00,53.28,53.345,53.27,53.3,15141
2026-05-22 11:00:00,53.305,53.31,53.275,53.28,12414
2026-05-22 11:05:00,53.28,53.28,53.19,53.2,2527
2026-05-22 11:10:00,53.2,53.21,53.17,53.21,2717
2026-05-22 11:15:00,53.21,53.24,53.2,53.24,3467
2026-05-22 11:20:00,53.255,53.265,53.235,53.245,4444
2026-05-22 11:25:00,53.22,53.305,53.22,53.305,5166
2026-05-22 11:30:00,53.31,53.345,53.295,53.295,6910
2026-05-22 11:35:00,53.3001,53.335,53.3,53.335,4467
2026-05-22 11:40:00,53.33,53.355,53.32,53.345,3395
2026-05-22 11:45:00,53.35,53.3799,53.345,53.36,12235
2026-05-22 11:50:00,53.355,53.4054,53.355,53.395,12881
2026-05-22 11:55:00,53.3959,53.3959,53.3601,53.37,3171
2026-05-22 12:00:00,53.365,53.385,53.34,53.375,3187
2026-05-22 12:05:00,53.36,53.365,53.3401,53.3401,10739
2026-05-22 12:10:00,53.345,53.37,53.345,53.35,10355
2026-05-22 12:15:00,53.331,53.34,53.31,53.32,7677
2026-05-22 12:20:00,53.3116,53.355,53.3116,53.325,13030
2026-05-22 12:25:00,53.33,53.365,53.33,53.365,3597
2026-05-22 12:30:00,53.3658,53.4,53.345,53.345,5774
2026-05-22 12:35:00,53.345,53.365,53.335,53.35,8136
2026-05-22 12:40:00,53.35,53.38,53.35,53.375,2245
2026-05-22 12:45:00,53.375,53.41,53.375,53.39,7609
2026-05-22 12:50:00,53.405,53.405,53.3723,53.4,5953
2026-05-22 12:55:00,53.4,53.4,53.35,53.37,3346
2026-05-22 13:00:00,53.39,53.41,53.38,53.4054,3050
2026-05-22 13:05:00,53.41,53.41,53.38,53.4,6955
2026-05-22 13:10:00,53.41,53.41,53.385,53.395,2446
2026-05-22 13:15:00,53.395,53.4001,53.31,53.31,12500
2026-05-22 13:20:00,53.31,53.375,53.305,53.37,22412
2026-05-22 13:25:00,53.39,53.56,53.39,53.56,53414
2026-05-22 13:30:00,53.56,53.56,53.4447,53.45,5307
2026-05-22 13:35:00,53.445,53.49,53.445,53.485,6158
2026-05-22 13:40:00,53.4899,53.505,53.48,53.48,4802
2026-05-22 13:45:00,53.475,53.475,53.454,53.4607,3156
2026-05-22 13:50:00,53.46,53.4699,53.425,53.425,6288
2026-05-22 13:55:00,53.44,53.475,53.44,53.475,1500
2026-05-22 14:00:00,53.48,53.49,53.43,53.45,32247
2026-05-22 14:05:00,53.44,53.46,53.435,53.435,4782
2026-05-22 14:10:00,53.4308,53.435,53.4199,53.435,3627
2026-05-22 14:15:00,53.43,53.495,53.425,53.495,13589
2026-05-22 14:20:00,53.505,53.52,53.5008,53.5008,2135
2026-05-22 14:25:00,53.52,53.52,53.475,53.49,9185
2026-05-22 14:30:00,53.485,53.485,53.47,53.485,1428
2026-05-22 14:35:00,53.4851,53.505,53.465,53.465,18748
2026-05-22 14:40:00,53.48,53.48,53.465,53.4703,2528
2026-05-22 14:45:00,53.48,53.48,53.43,53.455,3814
2026-05-22 14:50:00,53.475,53.5,53.475,53.5,4559
2026-05-22 14:55:00,53.495,53.51,53.48,53.495,15589
2026-05-22 15:00:00,53.495,53.4999,53.4,53.4099,16576
2026-05-22 15:05:00,53.405,53.455,53.405,53.44,7339
2026-05-22 15:10:00,53.454,53.485,53.454,53.47,3866
2026-05-22 15:15:00,53.4759,53.505,53.474,53.505,13681
2026-05-22 15:20:00,53.495,53.495,53.465,53.48,12472
2026-05-22 15:25:00,53.475,53.475,53.41,53.41,11398
2026-05-22 15:30:00,53.41,53.46,53.41,53.445,9832
2026-05-22 15:35:00,53.435,53.48,53.435,53.465,7286
2026-05-22 15:40:00,53.455,53.455,53.405,53.43,7201
2026-05-22 15:45:00,53.43,53.43,53.39,53.41,8494
2026-05-22 15:50:00,53.41,53.425,53.375,53.4,24889
2026-05-22 15:55:00,53.415,53.49,53.405,53.45,35694
2026-05-22 16:00:00,53.44,53.44,53.44,53.44,18767
2026-05-22 17:10:00,53.6,53.6,53.6,53.6,100