2026-04-22 07:15:00,29.16,29.16,29.16,29.16,103
2026-04-22 09:30:00,29.16,29.165,29.16,29.1601,12924
2026-04-22 09:35:00,29.1697,29.1699,29.16,29.1699,1742
2026-04-22 09:40:00,29.1697,29.17,29.165,29.1699,4631
2026-04-22 09:45:00,29.165,29.17,29.165,29.165,4023
2026-04-22 09:50:00,29.1699,29.1699,29.165,29.165,781
2026-04-22 09:55:00,29.1601,29.17,29.16,29.17,12436
2026-04-22 10:00:00,29.165,29.17,29.1601,29.167,11311
2026-04-22 10:05:00,29.169,29.1699,29.16,29.16,2580
2026-04-22 10:10:00,29.17,29.17,29.1601,29.1699,2002
2026-04-22 10:15:00,29.165,29.17,29.16,29.17,15699
2026-04-22 10:20:00,29.16,29.165,29.16,29.1601,2853
2026-04-22 10:25:00,29.165,29.17,29.16,29.16,35937
2026-04-22 10:30:00,29.165,29.165,29.16,29.16,4768
2026-04-22 10:35:00,29.16,29.165,29.16,29.165,304
2026-04-22 10:45:00,29.16,29.1601,29.16,29.1601,3257
2026-04-22 10:50:00,29.16,29.1601,29.16,29.1601,1515
2026-04-22 10:55:00,29.1686,29.1686,29.16,29.16,2287
2026-04-22 11:00:00,29.16,29.16,29.16,29.16,6313
2026-04-22 11:05:00,29.155,29.155,29.1502,29.155,8031
2026-04-22 11:10:00,29.15,29.152,29.15,29.152,374
2026-04-22 11:15:00,29.155,29.16,29.1501,29.1501,6393
2026-04-22 11:20:00,29.1561,29.16,29.155,29.155,7046
2026-04-22 11:25:00,29.1599,29.16,29.1501,29.155,6496
2026-04-22 11:30:00,29.155,29.155,29.1526,29.1526,410
2026-04-22 11:35:00,29.155,29.16,29.155,29.155,1737
2026-04-22 11:40:00,29.155,29.155,29.1501,29.1501,2100
2026-04-22 11:45:00,29.155,29.1599,29.1501,29.1501,1544
2026-04-22 11:50:00,29.155,29.155,29.155,29.155,276
2026-04-22 11:55:00,29.16,29.16,29.15,29.155,16672
2026-04-22 12:00:00,29.155,29.1599,29.155,29.1599,1075
2026-04-22 12:05:00,29.155,29.16,29.155,29.1599,4112
2026-04-22 12:10:00,29.155,29.16,29.1548,29.1599,6565
2026-04-22 12:15:00,29.155,29.155,29.155,29.155,1435
2026-04-22 12:20:00,29.16,29.16,29.1501,29.1501,2594
2026-04-22 12:25:00,29.1599,29.1599,29.155,29.155,3613
2026-04-22 12:30:00,29.155,29.16,29.155,29.16,2957
2026-04-22 12:35:00,29.155,29.155,29.15,29.1501,1911
2026-04-22 12:40:00,29.15,29.16,29.15,29.16,7199
2026-04-22 12:45:00,29.1501,29.1599,29.15,29.155,4268
2026-04-22 12:50:00,29.16,29.16,29.155,29.155,533
2026-04-22 12:55:00,29.155,29.155,29.155,29.155,1419
2026-04-22 13:00:00,29.15,29.16,29.15,29.16,3466
2026-04-22 13:05:00,29.16,29.16,29.16,29.16,100
2026-04-22 13:10:00,29.155,29.1565,29.1501,29.155,3384
2026-04-22 13:15:00,29.1501,29.155,29.1501,29.155,1057
2026-04-22 13:20:00,29.1501,29.1597,29.1501,29.1597,1126
2026-04-22 13:25:00,29.1514,29.155,29.1514,29.155,4310
2026-04-22 13:30:00,29.16,29.16,29.15,29.16,1662
2026-04-22 13:35:00,29.155,29.155,29.1501,29.1501,2741
2026-04-22 13:40:00,29.15,29.1599,29.15,29.1599,968
2026-04-22 13:45:00,29.16,29.16,29.16,29.16,100
2026-04-22 13:50:00,29.1597,29.16,29.155,29.1599,969
2026-04-22 13:55:00,29.16,29.16,29.155,29.1599,4350
2026-04-22 14:00:00,29.1591,29.16,29.155,29.16,3642
2026-04-22 14:05:00,29.152,29.16,29.152,29.1599,16069
2026-04-22 14:10:00,29.15,29.16,29.15,29.155,1977
2026-04-22 14:15:00,29.16,29.16,29.15,29.155,4123
2026-04-22 14:20:00,29.1599,29.1599,29.1598,29.1598,384
2026-04-22 14:25:00,29.1598,29.16,29.15,29.16,16012
2026-04-22 14:30:00,29.1599,29.16,29.155,29.16,120753
2026-04-22 14:35:00,29.1599,29.16,29.1599,29.16,1433
2026-04-22 14:40:00,29.1501,29.16,29.1501,29.1541,20910
2026-04-22 14:45:00,29.1501,29.16,29.1501,29.155,3361
2026-04-22 14:50:00,29.155,29.16,29.155,29.159,4472
2026-04-22 14:55:00,29.15,29.16,29.15,29.16,3726
2026-04-22 15:00:00,29.155,29.16,29.1501,29.155,16974
2026-04-22 15:05:00,29.155,29.16,29.155,29.16,2625
2026-04-22 15:10:00,29.16,29.16,29.15,29.155,32881
2026-04-22 15:15:00,29.155,29.16,29.155,29.1599,9246
2026-04-22 15:20:00,29.155,29.16,29.15,29.16,4753
2026-04-22 15:25:00,29.155,29.16,29.1547,29.16,23496
2026-04-22 15:30:00,29.16,29.16,29.155,29.16,1872
2026-04-22 15:35:00,29.151,29.16,29.151,29.16,3968
2026-04-22 15:40:00,29.16,29.16,29.1501,29.1501,7193
2026-04-22 15:45:00,29.16,29.16,29.157,29.16,2299
2026-04-22 15:50:00,29.16,29.16,29.15,29.151,125653
2026-04-22 15:55:00,29.155,29.16,29.1543,29.16,19252
2026-04-22 16:00:00,29.16,29.16,29.16,29.16,644
2026-04-22 16:10:00,29.1515,29.1515,29.1513,29.1513,385
2026-04-22 16:50:00,29.1504,29.1504,29.1504,29.1504,100
2026-04-23 08:15:00,29.16,29.1601,29.16,29.1601,3892
2026-04-23 09:30:00,29.16,29.16,29.1501,29.1599,17909
2026-04-23 09:35:00,29.1542,29.1542,29.1525,29.1525,200
2026-04-23 09:40:00,29.1514,29.16,29.1514,29.16,3585
2026-04-23 09:45:00,29.16,29.16,29.16,29.16,600
2026-04-23 09:50:00,29.1599,29.1599,29.1599,29.1599,2298
2026-04-23 09:55:00,29.1599,29.1599,29.1513,29.1599,1593
2026-04-23 10:00:00,29.16,29.16,29.1501,29.155,1359
2026-04-23 10:05:00,29.155,29.155,29.155,29.155,413
2026-04-23 10:10:00,29.1598,29.1599,29.1501,29.1599,15711
2026-04-23 10:15:00,29.16,29.16,29.1518,29.155,2914
2026-04-23 10:20:00,29.155,29.16,29.1506,29.1506,4483
2026-04-23 10:25:00,29.157,29.157,29.155,29.155,368
2026-04-23 10:30:00,29.16,29.16,29.1599,29.1599,274
2026-04-23 10:35:00,29.1599,29.1599,29.155,29.155,12285
2026-04-23 10:40:00,29.1561,29.1561,29.1501,29.155,8190
2026-04-23 10:45:00,29.16,29.16,29.1597,29.1599,4972
2026-04-23 10:50:00,29.16,29.16,29.1501,29.16,6252
2026-04-23 10:55:00,29.155,29.16,29.1514,29.16,740
2026-04-23 11:00:00,29.16,29.16,29.1532,29.16,4029
2026-04-23 11:05:00,29.1599,29.1599,29.1599,29.1599,332
2026-04-23 11:10:00,29.16,29.16,29.1501,29.155,2461
2026-04-23 11:15:00,29.16,29.16,29.155,29.16,1163
2026-04-23 11:25:00,29.1599,29.16,29.1599,29.16,2984
2026-04-23 11:30:00,29.16,29.16,29.155,29.155,4106
2026-04-23 11:35:00,29.1543,29.1543,29.1543,29.1543,175
2026-04-23 11:40:00,29.155,29.155,29.155,29.155,380
2026-04-23 11:45:00,29.16,29.16,29.1501,29.155,4745
2026-04-23 11:50:00,29.1599,29.16,29.155,29.1599,2555
2026-04-23 11:55:00,29.1597,29.16,29.1501,29.16,4965
2026-04-23 12:00:00,29.155,29.16,29.155,29.1599,3945
2026-04-23 12:05:00,29.155,29.16,29.1501,29.1501,1408
2026-04-23 12:10:00,29.1501,29.1501,29.1501,29.1501,1063
2026-04-23 12:15:00,29.16,29.16,29.16,29.16,122
2026-04-23 12:20:00,29.16,29.16,29.16,29.16,164
2026-04-23 12:25:00,29.155,29.16,29.155,29.16,3309
2026-04-23 12:30:00,29.1598,29.16,29.15,29.16,1003
2026-04-23 12:35:00,29.1516,29.1599,29.1513,29.155,4780
2026-04-23 12:40:00,29.16,29.16,29.155,29.155,361
2026-04-23 12:45:00,29.155,29.16,29.155,29.155,11570
2026-04-23 12:50:00,29.16,29.16,29.155,29.155,7166
2026-04-23 12:55:00,29.16,29.16,29.1523,29.1599,2609
2026-04-23 13:00:00,29.155,29.16,29.155,29.155,300
2026-04-23 13:05:00,29.155,29.155,29.15,29.15,413
2026-04-23 13:10:00,29.1501,29.1599,29.15,29.15,5404
2026-04-23 13:15:00,29.15,29.15,29.145,29.145,6815
2026-04-23 13:20:00,29.1465,29.1465,29.14,29.145,2649
2026-04-23 13:25:00,29.145,29.15,29.1401,29.1401,1600
2026-04-23 13:30:00,29.1401,29.1499,29.1401,29.1499,2142
2026-04-23 13:35:00,29.15,29.15,29.1401,29.1401,14995
2026-04-23 13:40:00,29.14,29.1401,29.135,29.135,38658
2026-04-23 13:45:00,29.138,29.14,29.1301,29.1301,12426
2026-04-23 13:50:00,29.1399,29.145,29.1399,29.145,44336
2026-04-23 13:55:00,29.145,29.15,29.145,29.1496,4836
2026-04-23 14:00:00,29.145,29.15,29.1401,29.15,11376
2026-04-23 14:05:00,29.1499,29.15,29.1412,29.1412,1856
2026-04-23 14:10:00,29.15,29.15,29.1496,29.1496,4200
2026-04-23 14:15:00,29.145,29.15,29.14,29.1413,42257
2026-04-23 14:20:00,29.15,29.15,29.1413,29.1413,1506
2026-04-23 14:25:00,29.15,29.15,29.1401,29.1499,16421
2026-04-23 14:30:00,29.1499,29.15,29.146,29.1499,21489
2026-04-23 14:35:00,29.15,29.15,29.15,29.15,2307
2026-04-23 14:40:00,29.1495,29.1495,29.1495,29.1495,2000
2026-04-23 14:45:00,29.148,29.15,29.14,29.14,12691
2026-04-23 14:50:00,29.1438,29.145,29.14,29.14,11155
2026-04-23 14:55:00,29.1499,29.1499,29.1401,29.145,2674
2026-04-23 15:00:00,29.15,29.15,29.1401,29.15,11772
2026-04-23 15:05:00,29.1401,29.1499,29.14,29.14,5204
2026-04-23 15:10:00,29.15,29.15,29.14,29.14,3562
2026-04-23 15:15:00,29.1499,29.1499,29.1401,29.145,24194
2026-04-23 15:20:00,29.1499,29.1499,29.144,29.145,22717
2026-04-23 15:25:00,29.145,29.15,29.1401,29.1499,11905
2026-04-23 15:30:00,29.145,29.15,29.14,29.1499,18277
2026-04-23 15:35:00,29.145,29.1499,29.1401,29.145,9404
2026-04-23 15:40:00,29.15,29.15,29.1401,29.1401,24186
2026-04-23 15:45:00,29.145,29.15,29.14,29.1401,13173
2026-04-23 15:50:00,29.15,29.15,29.145,29.1451,17124
2026-04-23 15:55:00,29.145,29.15,29.14,29.15,49474
2026-04-23 16:00:00,29.15,29.15,29.1401,29.1402,8632
2026-04-24 07:45:00,29.16,29.16,29.1599,29.1599,23494
2026-04-24 07:50:00,29.16,29.16,29.1599,29.1599,18000
2026-04-24 09:30:00,29.15,29.16,29.15,29.15,28265
2026-04-24 09:35:00,29.15,29.1599,29.15,29.1599,6619
2026-04-24 09:40:00,29.15,29.16,29.15,29.1501,4899
2026-04-24 09:45:00,29.159,29.159,29.155,29.155,312
2026-04-24 09:50:00,29.1501,29.1501,29.1501,29.1501,1029
2026-04-24 09:55:00,29.1584,29.1599,29.15,29.1599,31254
2026-04-24 10:00:00,29.1501,29.16,29.1501,29.16,821
2026-04-24 10:05:00,29.16,29.165,29.16,29.1601,3222
2026-04-24 10:10:00,29.1601,29.175,29.1601,29.1701,5861
2026-04-24 10:15:00,29.1799,29.18,29.1701,29.175,1127
2026-04-24 10:20:00,29.1742,29.1799,29.1742,29.1799,700
2026-04-24 10:25:00,29.175,29.18,29.17,29.175,33107
2026-04-24 10:30:00,29.1701,29.175,29.1701,29.175,604
2026-04-24 10:35:00,29.1799,29.1799,29.175,29.1799,2442
2026-04-24 10:40:00,29.1799,29.18,29.175,29.1799,12628
2026-04-24 10:45:00,29.1701,29.1799,29.1701,29.174,827
2026-04-24 10:50:00,29.1799,29.1799,29.1799,29.1799,1409
2026-04-24 10:55:00,29.1799,29.18,29.175,29.1799,2376
2026-04-24 11:00:00,29.175,29.175,29.1701,29.1701,2962
2026-04-24 11:05:00,29.1701,29.1701,29.1701,29.1701,42119
2026-04-24 11:10:00,29.175,29.175,29.17,29.175,4667
2026-04-24 11:15:00,29.17,29.174,29.17,29.174,688
2026-04-24 11:25:00,29.17,29.1742,29.17,29.1742,448
2026-04-24 11:30:00,29.1722,29.175,29.17,29.175,3980
2026-04-24 11:35:00,29.17,29.1791,29.17,29.1791,1793
2026-04-24 11:40:00,29.17,29.1752,29.17,29.175,22928
2026-04-24 11:45:00,29.175,29.1799,29.175,29.1799,4617
2026-04-24 11:50:00,29.175,29.18,29.17,29.175,15916
2026-04-24 11:55:00,29.1795,29.1795,29.1795,29.1795,2075
2026-04-24 12:00:00,29.175,29.18,29.1701,29.18,5063
2026-04-24 12:05:00,29.1701,29.18,29.1701,29.1701,7170
2026-04-24 12:10:00,29.18,29.18,29.17,29.17,98672
2026-04-24 12:15:00,29.175,29.18,29.175,29.18,5608
2026-04-24 12:20:00,29.179,29.18,29.1701,29.1799,1762
2026-04-24 12:25:00,29.1799,29.1799,29.1799,29.1799,2317
2026-04-24 12:30:00,29.1799,29.18,29.175,29.18,22436
2026-04-24 12:35:00,29.1701,29.18,29.1701,29.18,16884
2026-04-24 12:40:00,29.18,29.18,29.1799,29.1799,877
2026-04-24 12:45:00,29.18,29.18,29.1701,29.1799,35083
2026-04-24 12:50:00,29.18,29.18,29.18,29.18,744
2026-04-24 12:55:00,29.1735,29.1735,29.1735,29.1735,183
2026-04-24 13:00:00,29.1795,29.18,29.1701,29.18,5128
2026-04-24 13:05:00,29.175,29.175,29.175,29.175,14491
2026-04-24 13:10:00,29.175,29.1794,29.175,29.1794,2759
2026-04-24 13:15:00,29.1701,29.1799,29.1701,29.175,6649
2026-04-24 13:20:00,29.18,29.18,29.17,29.1799,7848
2026-04-24 13:25:00,29.175,29.175,29.17,29.1701,6177
2026-04-24 13:30:00,29.18,29.18,29.17,29.17,3931
2026-04-24 13:35:00,29.1701,29.18,29.1701,29.1799,3142
2026-04-24 13:40:00,29.175,29.18,29.175,29.18,7352
2026-04-24 13:45:00,29.1799,29.18,29.1799,29.1799,5376
2026-04-24 13:50:00,29.1799,29.18,29.175,29.175,4030
2026-04-24 13:55:00,29.175,29.18,29.17,29.1799,2178
2026-04-24 14:00:00,29.1799,29.1799,29.1701,29.1701,677
2026-04-24 14:05:00,29.1799,29.18,29.175,29.18,2074
2026-04-24 14:10:00,29.179,29.18,29.175,29.175,4875
2026-04-24 14:15:00,29.1701,29.18,29.1701,29.18,5525
2026-04-24 14:20:00,29.18,29.18,29.18,29.18,1000
2026-04-24 14:25:00,29.1799,29.1799,29.1701,29.1701,1237
2026-04-24 14:30:00,29.175,29.175,29.175,29.175,621
2026-04-24 14:35:00,29.1701,29.175,29.1701,29.175,1631
2026-04-24 14:40:00,29.1799,29.18,29.17,29.18,9087
2026-04-24 14:45:00,29.1799,29.18,29.1799,29.18,751
2026-04-24 14:50:00,29.175,29.18,29.17,29.1799,519666
2026-04-24 14:55:00,29.175,29.18,29.174,29.18,7655
2026-04-24 15:00:00,29.1799,29.18,29.17,29.1761,8418
2026-04-24 15:05:00,29.18,29.18,29.175,29.18,8364
2026-04-24 15:10:00,29.18,29.18,29.1725,29.18,7946
2026-04-24 15:15:00,29.18,29.18,29.1701,29.18,5915
2026-04-24 15:20:00,29.18,29.18,29.1701,29.18,8127
2026-04-24 15:25:00,29.18,29.18,29.1729,29.18,28882
2026-04-24 15:30:00,29.1701,29.18,29.17,29.18,7044
2026-04-24 15:35:00,29.18,29.18,29.179,29.18,2215
2026-04-24 15:40:00,29.18,29.18,29.1717,29.1799,11645
2026-04-24 15:45:00,29.175,29.18,29.1708,29.1756,8588
2026-04-24 15:50:00,29.18,29.18,29.175,29.175,3890
2026-04-24 15:55:00,29.175,29.18,29.17,29.18,57515
2026-04-24 16:00:00,29.17,29.17,29.17,29.17,1652
2026-04-24 16:10:00,29.1713,29.1713,29.1701,29.1713,3873
2026-04-27 09:30:00,29.18,29.18,29.17,29.1701,57293
2026-04-27 09:35:00,29.1701,29.175,29.1701,29.1701,561
2026-04-27 09:40:00,29.1777,29.1777,29.1777,29.1777,1395
2026-04-27 09:50:00,29.17,29.175,29.17,29.175,23591
2026-04-27 09:55:00,29.175,29.175,29.1713,29.175,2972
2026-04-27 10:00:00,29.175,29.175,29.175,29.175,200
2026-04-27 10:10:00,29.1701,29.18,29.17,29.1799,2889
2026-04-27 10:15:00,29.1799,29.18,29.175,29.175,18249
2026-04-27 10:20:00,29.1799,29.1799,29.1701,29.1701,3502
2026-04-27 10:25:00,29.175,29.1799,29.1701,29.1701,1306
2026-04-27 10:30:00,29.1701,29.18,29.17,29.175,1764
2026-04-27 10:35:00,29.1799,29.18,29.1701,29.1701,3041
2026-04-27 10:40:00,29.1701,29.1701,29.1701,29.1701,115
2026-04-27 10:45:00,29.17,29.1799,29.17,29.1799,974
2026-04-27 10:50:00,29.1701,29.175,29.1701,29.175,484
2026-04-27 10:55:00,29.18,29.18,29.175,29.175,3325
2026-04-27 11:00:00,29.175,29.175,29.175,29.175,449
2026-04-27 11:05:00,29.175,29.175,29.17,29.17,2956
2026-04-27 11:10:00,29.1701,29.1786,29.17,29.17,13868
2026-04-27 11:15:00,29.17,29.18,29.17,29.17,5613
2026-04-27 11:20:00,29.17,29.1798,29.17,29.175,6461
2026-04-27 11:25:00,29.17,29.1701,29.165,29.165,23895
2026-04-27 11:30:00,29.169,29.1699,29.165,29.165,9178
2026-04-27 11:35:00,29.17,29.17,29.165,29.165,516
2026-04-27 11:40:00,29.17,29.17,29.165,29.165,2887
2026-04-27 11:45:00,29.165,29.165,29.1624,29.1624,2475
2026-04-27 11:50:00,29.165,29.165,29.1601,29.1601,453
2026-04-27 11:55:00,29.1602,29.17,29.1602,29.165,1779
2026-04-27 12:00:00,29.1601,29.17,29.1601,29.165,4874
2026-04-27 12:05:00,29.165,29.1699,29.165,29.1699,269
2026-04-27 12:10:00,29.1699,29.1699,29.165,29.1699,2898
2026-04-27 12:15:00,29.17,29.17,29.1601,29.17,39318
2026-04-27 12:20:00,29.16,29.17,29.16,29.165,14385
2026-04-27 12:25:00,29.1699,29.17,29.1624,29.165,2614
2026-04-27 12:30:00,29.1699,29.17,29.1699,29.1699,5248
2026-04-27 12:35:00,29.17,29.17,29.165,29.165,3152
2026-04-27 12:40:00,29.1601,29.17,29.1601,29.17,1684
2026-04-27 12:45:00,29.1699,29.1699,29.16,29.1663,7662
2026-04-27 12:50:00,29.165,29.17,29.165,29.165,2577
2026-04-27 12:55:00,29.1644,29.17,29.1644,29.1699,5872
2026-04-27 13:00:00,29.1634,29.18,29.1601,29.18,8276
2026-04-27 13:05:00,29.17,29.1701,29.16,29.165,19130
2026-04-27 13:10:00,29.165,29.17,29.165,29.1699,2492
2026-04-27 13:15:00,29.16,29.165,29.16,29.1601,7159
2026-04-27 13:20:00,29.165,29.165,29.16,29.165,1772
2026-04-27 13:25:00,29.165,29.165,29.1601,29.1601,1275
2026-04-27 13:30:00,29.165,29.165,29.165,29.165,600
2026-04-27 13:35:00,29.16,29.17,29.16,29.17,26581
2026-04-27 13:40:00,29.1699,29.17,29.165,29.1699,9253
2026-04-27 13:45:00,29.1699,29.1699,29.1699,29.1699,836
2026-04-27 13:50:00,29.165,29.165,29.16,29.165,1214
2026-04-27 13:55:00,29.164,29.164,29.1601,29.1601,2810
2026-04-27 14:00:00,29.1699,29.1699,29.16,29.1699,61382
2026-04-27 14:05:00,29.1699,29.17,29.1601,29.1601,16592
2026-04-27 14:10:00,29.17,29.17,29.1601,29.1601,3791
2026-04-27 14:15:00,29.16,29.1699,29.16,29.16,5404638
2026-04-27 14:20:00,29.165,29.17,29.165,29.165,2317
2026-04-27 14:25:00,29.165,29.17,29.1601,29.1601,12067
2026-04-27 14:30:00,29.1612,29.17,29.1612,29.1699,3173
2026-04-27 14:35:00,29.1699,29.17,29.1601,29.165,3413
2026-04-27 14:40:00,29.165,29.165,29.1645,29.165,4913
2026-04-27 14:45:00,29.165,29.165,29.165,29.165,20600
2026-04-27 14:50:00,29.17,29.17,29.165,29.165,2280
2026-04-27 14:55:00,29.1699,29.17,29.16,29.1699,8962
2026-04-27 15:00:00,29.165,29.1699,29.1601,29.165,7889
2026-04-27 15:05:00,29.164,29.164,29.164,29.164,1169
2026-04-27 15:10:00,29.1699,29.17,29.1601,29.1699,13982
2026-04-27 15:15:00,29.165,29.17,29.16,29.17,24086
2026-04-27 15:20:00,29.165,29.17,29.1601,29.165,3998
2026-04-27 15:25:00,29.17,29.17,29.16,29.17,15387
2026-04-27 15:30:00,29.165,29.17,29.1612,29.17,13367
2026-04-27 15:35:00,29.165,29.17,29.1613,29.17,3787
2026-04-27 15:40:00,29.17,29.17,29.1625,29.1698,3924
2026-04-27 15:45:00,29.17,29.17,29.16,29.165,3828
2026-04-27 15:50:00,29.17,29.17,29.165,29.165,5242
2026-04-27 15:55:00,29.1601,29.17,29.1601,29.17,36219
2026-04-27 16:00:00,29.16,29.16,29.16,29.16,2506
2026-04-27 16:30:00,29.16,29.16,29.16,29.16,110
2026-04-27 16:40:00,29.163,29.163,29.1613,29.1613,603
2026-04-28 09:30:00,29.15,29.1501,29.15,29.1501,69289
2026-04-28 09:35:00,29.16,29.16,29.16,29.16,171
2026-04-28 09:40:00,29.16,29.16,29.1541,29.1541,2367
2026-04-28 09:45:00,29.155,29.155,29.15,29.155,1857
2026-04-28 09:50:00,29.1599,29.1599,29.155,29.155,584
2026-04-28 09:55:00,29.1599,29.1599,29.1599,29.1599,310
2026-04-28 10:00:00,29.155,29.1599,29.1501,29.1501,9974
2026-04-28 10:05:00,29.1501,29.155,29.15,29.15,1659
2026-04-28 10:10:00,29.155,29.155,29.15,29.1501,6245
2026-04-28 10:15:00,29.1501,29.1599,29.15,29.15,2581
2026-04-28 10:20:00,29.15,29.15,29.15,29.15,2723
2026-04-28 10:25:00,29.15,29.1599,29.15,29.1599,3170
2026-04-28 10:30:00,29.15,29.1599,29.15,29.15,4822
2026-04-28 10:35:00,29.1501,29.155,29.15,29.1501,9335
2026-04-28 10:40:00,29.155,29.16,29.1501,29.1501,17208
2026-04-28 10:45:00,29.155,29.155,29.15,29.15,1266
2026-04-28 10:50:00,29.155,29.155,29.15,29.15,3504
2026-04-28 10:55:00,29.15,29.15,29.15,29.15,374
2026-04-28 11:00:00,29.155,29.1599,29.15,29.15,3567
2026-04-28 11:05:00,29.15,29.1599,29.15,29.15,3293
2026-04-28 11:15:00,29.155,29.1599,29.155,29.1599,3051
2026-04-28 11:20:00,29.155,29.16,29.15,29.155,6808
2026-04-28 11:25:00,29.1599,29.1599,29.15,29.1599,885
2026-04-28 11:30:00,29.155,29.1599,29.15,29.15,9603
2026-04-28 11:35:00,29.1501,29.16,29.15,29.1599,3771
2026-04-28 11:40:00,29.155,29.155,29.15,29.1501,14848
2026-04-28 11:45:00,29.155,29.16,29.15,29.1574,5848
2026-04-28 11:50:00,29.15,29.155,29.15,29.15,2075
2026-04-28 11:55:00,29.15,29.1599,29.15,29.1599,245
2026-04-28 12:00:00,29.155,29.1599,29.15,29.15,4979
2026-04-28 12:05:00,29.155,29.16,29.15,29.1599,7901
2026-04-28 12:10:00,29.15,29.1599,29.15,29.155,3641
2026-04-28 12:15:00,29.15,29.1599,29.15,29.1599,4881
2026-04-28 12:20:00,29.1501,29.155,29.1501,29.155,1124
2026-04-28 12:25:00,29.155,29.1599,29.155,29.1599,455
2026-04-28 12:30:00,29.155,29.1599,29.1501,29.1501,6206
2026-04-28 12:35:00,29.1501,29.16,29.15,29.155,4828
2026-04-28 12:40:00,29.1599,29.1599,29.15,29.155,2148
2026-04-28 12:45:00,29.155,29.1599,29.15,29.1599,1782
2026-04-28 12:50:00,29.15,29.16,29.15,29.1501,7090
2026-04-28 12:55:00,29.1501,29.153,29.1501,29.1502,4474
2026-04-28 13:00:00,29.1501,29.155,29.1501,29.1501,1731
2026-04-28 13:05:00,29.155,29.1565,29.1502,29.155,1861
2026-04-28 13:10:00,29.15,29.155,29.15,29.1501,12011
2026-04-28 13:15:00,29.16,29.16,29.15,29.155,464
2026-04-28 13:20:00,29.15,29.16,29.15,29.155,5183
2026-04-28 13:25:00,29.16,29.16,29.15,29.155,5334
2026-04-28 13:30:00,29.155,29.155,29.1501,29.1501,1165
2026-04-28 13:35:00,29.155,29.16,29.15,29.155,5088
2026-04-28 13:40:00,29.155,29.16,29.15,29.16,10086
2026-04-28 13:45:00,29.1599,29.1599,29.15,29.155,3588
2026-04-28 13:50:00,29.16,29.16,29.15,29.15,25210
2026-04-28 13:55:00,29.155,29.155,29.15,29.1501,824
2026-04-28 14:00:00,29.1599,29.1599,29.15,29.155,7081
2026-04-28 14:05:00,29.16,29.16,29.15,29.15,4811
2026-04-28 14:10:00,29.1599,29.1599,29.15,29.1501,4303
2026-04-28 14:15:00,29.15,29.16,29.15,29.155,302314
2026-04-28 14:20:00,29.155,29.16,29.15,29.15,17771
2026-04-28 14:25:00,29.1551,29.1599,29.1501,29.1501,7923
2026-04-28 14:30:00,29.155,29.155,29.155,29.155,1100
2026-04-28 14:35:00,29.1501,29.16,29.1501,29.16,7696
2026-04-28 14:40:00,29.155,29.16,29.15,29.155,18220
2026-04-28 14:45:00,29.155,29.16,29.15,29.155,1913
2026-04-28 14:50:00,29.1524,29.155,29.15,29.15,5001
2026-04-28 14:55:00,29.155,29.16,29.1501,29.16,12025
2026-04-28 15:00:00,29.1529,29.16,29.15,29.155,22993
2026-04-28 15:05:00,29.16,29.16,29.1501,29.155,4071
2026-04-28 15:10:00,29.155,29.16,29.15,29.1501,5521
2026-04-28 15:15:00,29.159,29.16,29.15,29.15,4321
2026-04-28 15:20:00,29.1599,29.16,29.1501,29.155,26444
2026-04-28 15:25:00,29.155,29.1599,29.15,29.1501,2209
2026-04-28 15:30:00,29.155,29.16,29.15,29.1599,14426
2026-04-28 15:35:00,29.15,29.16,29.15,29.1501,12081
2026-04-28 15:40:00,29.1562,29.1562,29.15,29.15,7450
2026-04-28 15:45:00,29.1583,29.1599,29.15,29.15,2047
2026-04-28 15:50:00,29.1599,29.16,29.15,29.155,36275
2026-04-28 15:55:00,29.155,29.16,29.15,29.155,20311
2026-04-28 16:00:00,29.15,29.1599,29.15,29.1565,18439
2026-04-29 08:50:00,29.1407,29.1407,29.1407,29.1407,700
2026-04-29 09:30:00,29.14,29.14,29.1301,29.1301,15348
2026-04-29 09:35:00,29.135,29.1399,29.13,29.1399,1562
2026-04-29 09:40:00,29.1301,29.135,29.1301,29.135,1439
2026-04-29 09:45:00,29.135,29.14,29.13,29.13,2718
2026-04-29 09:50:00,29.135,29.1399,29.135,29.135,1773
2026-04-29 09:55:00,29.1399,29.14,29.1301,29.135,3934
2026-04-29 10:00:00,29.1335,29.1399,29.1301,29.1301,10079
2026-04-29 10:05:00,29.1396,29.14,29.13,29.135,15763
2026-04-29 10:10:00,29.135,29.14,29.13,29.13,29842
2026-04-29 10:15:00,29.135,29.14,29.1301,29.1301,2355
2026-04-29 10:20:00,29.135,29.14,29.13,29.1399,1969
2026-04-29 10:25:00,29.1301,29.135,29.13,29.135,2563
2026-04-29 10:30:00,29.1399,29.1399,29.13,29.13,3080
2026-04-29 10:35:00,29.1399,29.14,29.135,29.1399,15211
2026-04-29 10:40:00,29.1399,29.14,29.13,29.1399,1152
2026-04-29 10:45:00,29.135,29.135,29.135,29.135,3400
2026-04-29 10:50:00,29.1301,29.14,29.1301,29.135,3311
2026-04-29 10:55:00,29.135,29.135,29.13,29.13,1618
2026-04-29 11:00:00,29.1399,29.14,29.13,29.1399,2445
2026-04-29 11:10:00,29.1301,29.135,29.1301,29.135,270
2026-04-29 11:20:00,29.135,29.1399,29.135,29.1399,1033
2026-04-29 11:25:00,29.132,29.1399,29.13,29.1399,3071
2026-04-29 11:30:00,29.135,29.1389,29.13,29.1389,18740
2026-04-29 11:35:00,29.1302,29.1386,29.13,29.1367,6186
2026-04-29 11:40:00,29.13,29.135,29.13,29.13,2001
2026-04-29 11:45:00,29.1301,29.1399,29.1301,29.1399,4976
2026-04-29 11:50:00,29.1399,29.1399,29.1201,29.1201,30055
2026-04-29 11:55:00,29.12,29.128,29.12,29.128,16795
2026-04-29 12:00:00,29.12,29.1299,29.12,29.12,2340
2026-04-29 12:05:00,29.13,29.13,29.125,29.1299,24634
2026-04-29 12:10:00,29.12,29.125,29.12,29.125,2754
2026-04-29 12:15:00,29.125,29.13,29.12,29.125,15194
2026-04-29 12:20:00,29.1201,29.13,29.12,29.13,8672
2026-04-29 12:25:00,29.13,29.13,29.125,29.125,1213
2026-04-29 12:30:00,29.12,29.1299,29.12,29.1201,3510
2026-04-29 12:35:00,29.1201,29.1201,29.12,29.12,811
2026-04-29 12:40:00,29.1201,29.1299,29.1201,29.1201,2527
2026-04-29 12:45:00,29.13,29.13,29.12,29.1201,1346
2026-04-29 12:50:00,29.125,29.13,29.1233,29.125,21711
2026-04-29 12:55:00,29.1201,29.125,29.1201,29.125,3084
2026-04-29 13:00:00,29.125,29.1299,29.12,29.12,2806
2026-04-29 13:05:00,29.1299,29.1299,29.1201,29.125,3132
2026-04-29 13:10:00,29.13,29.13,29.1201,29.125,2511
2026-04-29 13:15:00,29.1201,29.1297,29.12,29.125,6368
2026-04-29 13:20:00,29.125,29.125,29.1225,29.125,1431
2026-04-29 13:25:00,29.12,29.13,29.12,29.13,10127
2026-04-29 13:30:00,29.12,29.125,29.12,29.1201,1806
2026-04-29 13:35:00,29.125,29.125,29.12,29.125,4467
2026-04-29 13:40:00,29.125,29.125,29.125,29.125,1360
2026-04-29 13:45:00,29.125,29.13,29.12,29.1299,8461
2026-04-29 13:50:00,29.125,29.13,29.12,29.126,16109
2026-04-29 13:55:00,29.1267,29.1299,29.1201,29.1201,11009
2026-04-29 14:00:00,29.12,29.13,29.1101,29.1201,17364
2026-04-29 14:05:00,29.13,29.13,29.12,29.12,3387
2026-04-29 14:10:00,29.115,29.12,29.11,29.11,3350
2026-04-29 14:15:00,29.12,29.12,29.11,29.115,33786
2026-04-29 14:20:00,29.1199,29.1199,29.115,29.115,1760
2026-04-29 14:25:00,29.115,29.115,29.115,29.115,2587
2026-04-29 14:30:00,29.1199,29.12,29.115,29.1199,19044
2026-04-29 14:35:00,29.115,29.125,29.1101,29.1123,93625
2026-04-29 14:40:00,29.115,29.1199,29.105,29.105,19545
2026-04-29 14:45:00,29.105,29.105,29.105,29.105,1500
2026-04-29 14:50:00,29.1083,29.1099,29.1001,29.1057,7657
2026-04-29 14:55:00,29.1099,29.11,29.1043,29.11,17808
2026-04-29 15:00:00,29.11,29.1199,29.105,29.1199,55925
2026-04-29 15:05:00,29.1199,29.1199,29.115,29.115,1629
2026-04-29 15:10:00,29.12,29.12,29.1199,29.1199,900
2026-04-29 15:15:00,29.115,29.12,29.11,29.12,9914
2026-04-29 15:20:00,29.115,29.12,29.11,29.12,3680
2026-04-29 15:25:00,29.115,29.1199,29.1101,29.1199,3598
2026-04-29 15:30:00,29.1101,29.115,29.1101,29.115,1822
2026-04-29 15:35:00,29.115,29.1199,29.111,29.115,8680
2026-04-29 15:40:00,29.115,29.1199,29.1101,29.1101,1743
2026-04-29 15:45:00,29.1199,29.1199,29.11,29.115,8212
2026-04-29 15:50:00,29.115,29.12,29.1101,29.115,25255
2026-04-29 15:55:00,29.115,29.1199,29.11,29.11,18113
2026-04-29 16:00:00,29.11,29.11,29.11,29.11,5226
2026-04-29 16:05:00,29.115,29.115,29.115,29.115,500
2026-04-30 09:30:00,29.13,29.135,29.13,29.1301,17940
2026-04-30 09:35:00,29.1301,29.1301,29.1301,29.1301,12534
2026-04-30 09:40:00,29.1399,29.1399,29.1399,29.1399,162
2026-04-30 09:45:00,29.135,29.135,29.1301,29.1301,2700
2026-04-30 09:50:00,29.135,29.135,29.13,29.1301,2300
2026-04-30 09:55:00,29.135,29.135,29.13,29.135,2021
2026-04-30 10:00:00,29.1301,29.1399,29.13,29.13,93357
2026-04-30 10:05:00,29.1325,29.1325,29.1301,29.1301,1650
2026-04-30 10:10:00,29.135,29.1399,29.1301,29.1301,3363
2026-04-30 10:15:00,29.135,29.135,29.13,29.13,2307
2026-04-30 10:20:00,29.1333,29.1399,29.1301,29.135,4015
2026-04-30 10:30:00,29.135,29.135,29.1342,29.135,2004
2026-04-30 10:35:00,29.1307,29.135,29.1301,29.135,7630
2026-04-30 10:40:00,29.14,29.14,29.1399,29.1399,3079
2026-04-30 10:45:00,29.135,29.135,29.135,29.135,555
2026-04-30 10:50:00,29.137,29.14,29.13,29.135,3981
2026-04-30 10:55:00,29.135,29.135,29.1301,29.1301,2761
2026-04-30 11:00:00,29.135,29.135,29.135,29.135,639
2026-04-30 11:05:00,29.1301,29.1301,29.1301,29.1301,155
2026-04-30 11:10:00,29.135,29.14,29.131,29.135,1826
2026-04-30 11:15:00,29.1301,29.135,29.1301,29.135,347
2026-04-30 11:20:00,29.13,29.1399,29.13,29.1399,1190
2026-04-30 11:25:00,29.1301,29.14,29.1301,29.14,14841
2026-04-30 11:30:00,29.13,29.14,29.13,29.14,7721
2026-04-30 11:35:00,29.135,29.135,29.1303,29.1303,1905
2026-04-30 11:40:00,29.1399,29.1399,29.135,29.135,2858
2026-04-30 11:45:00,29.135,29.135,29.135,29.135,1816
2026-04-30 11:50:00,29.1302,29.1399,29.1302,29.135,2609
2026-04-30 11:55:00,29.14,29.14,29.1399,29.1399,2297
2026-04-30 12:00:00,29.135,29.135,29.1301,29.1301,1170
2026-04-30 12:05:00,29.135,29.135,29.1301,29.1301,1264
2026-04-30 12:10:00,29.1314,29.14,29.1301,29.1301,2003
2026-04-30 12:15:00,29.135,29.135,29.135,29.135,1400
2026-04-30 12:20:00,29.14,29.14,29.135,29.135,4769
2026-04-30 12:25:00,29.1301,29.1301,29.1301,29.1301,1484
2026-04-30 12:30:00,29.135,29.1367,29.13,29.135,884
2026-04-30 12:35:00,29.135,29.1399,29.13,29.135,4163
2026-04-30 12:40:00,29.13,29.1399,29.13,29.1399,1461
2026-04-30 12:45:00,29.1367,29.1399,29.1306,29.1399,3268
2026-04-30 12:50:00,29.1301,29.1301,29.1301,29.1301,800
2026-04-30 12:55:00,29.1399,29.1399,29.1301,29.1301,604
2026-04-30 13:00:00,29.1301,29.14,29.1301,29.135,4131
2026-04-30 13:05:00,29.1399,29.1399,29.13,29.13,2229
2026-04-30 13:10:00,29.13,29.135,29.13,29.135,5362
2026-04-30 13:15:00,29.1397,29.14,29.1301,29.135,9078
2026-04-30 13:20:00,29.1301,29.135,29.1301,29.135,7168
2026-04-30 13:25:00,29.135,29.14,29.135,29.135,2465
2026-04-30 13:30:00,29.135,29.135,29.1301,29.135,6216
2026-04-30 13:35:00,29.1301,29.14,29.1301,29.14,1175
2026-04-30 13:40:00,29.135,29.1399,29.1301,29.135,10925
2026-04-30 13:45:00,29.14,29.14,29.1343,29.1343,1140
2026-04-30 13:50:00,29.135,29.1357,29.13,29.1335,11118
2026-04-30 13:55:00,29.14,29.14,29.13,29.135,29915
2026-04-30 14:00:00,29.135,29.14,29.13,29.1399,6848
2026-04-30 14:05:00,29.14,29.14,29.135,29.14,3703
2026-04-30 14:10:00,29.14,29.14,29.1314,29.14,5083
2026-04-30 14:15:00,29.135,29.14,29.13,29.1301,6966
2026-04-30 14:20:00,29.14,29.14,29.13,29.1399,4063
2026-04-30 14:25:00,29.14,29.14,29.1301,29.135,5988
2026-04-30 14:30:00,29.14,29.14,29.135,29.135,5050
2026-04-30 14:35:00,29.1325,29.1399,29.1301,29.1399,570
2026-04-30 14:40:00,29.14,29.14,29.135,29.135,1545
2026-04-30 14:45:00,29.1399,29.14,29.135,29.1399,2779
2026-04-30 14:50:00,29.1312,29.14,29.1312,29.135,4319
2026-04-30 14:55:00,29.13,29.14,29.13,29.14,3790
2026-04-30 15:00:00,29.14,29.14,29.13,29.1329,16850
2026-04-30 15:05:00,29.14,29.14,29.1317,29.135,6333
2026-04-30 15:10:00,29.135,29.14,29.1301,29.1375,50378
2026-04-30 15:15:00,29.145,29.1499,29.14,29.145,12101
2026-04-30 15:20:00,29.145,29.145,29.14,29.14,11468
2026-04-30 15:25:00,29.1499,29.1499,29.145,29.145,4538
2026-04-30 15:30:00,29.145,29.145,29.1401,29.145,2918
2026-04-30 15:35:00,29.1497,29.15,29.1401,29.145,2985
2026-04-30 15:40:00,29.145,29.145,29.14,29.145,7476
2026-04-30 15:45:00,29.15,29.15,29.14,29.1401,28362
2026-04-30 15:50:00,29.145,29.15,29.14,29.145,10655
2026-04-30 15:55:00,29.14,29.15,29.13,29.13,28227
2026-04-30 16:00:00,29.13,29.14,29.13,29.14,7292
2026-04-30 16:35:00,29.15,29.15,29.1495,29.1499,7200
2026-05-01 09:30:00,29.05,29.0599,29.05,29.0502,13342
2026-05-01 09:35:00,29.0501,29.0597,29.0501,29.0525,2907
2026-05-01 09:40:00,29.0501,29.0501,29.0501,29.0501,344
2026-05-01 09:45:00,29.0555,29.0584,29.05,29.05,6030
2026-05-01 09:50:00,29.05,29.0599,29.05,29.0501,10510
2026-05-01 09:55:00,29.055,29.0599,29.05,29.055,30324
2026-05-01 10:00:00,29.06,29.06,29.0501,29.06,23794
2026-05-01 10:05:00,29.0699,29.07,29.065,29.0699,10083
2026-05-01 10:10:00,29.065,29.07,29.065,29.065,1587
2026-05-01 10:15:00,29.075,29.075,29.07,29.075,7609
2026-05-01 10:20:00,29.07,29.0799,29.07,29.075,79654
2026-05-01 10:25:00,29.0701,29.0772,29.0701,29.0701,34855
2026-05-01 10:30:00,29.075,29.08,29.07,29.0701,15393
2026-05-01 10:35:00,29.0705,29.0799,29.0705,29.0728,31583
2026-05-01 10:40:00,29.07,29.0786,29.07,29.0786,23626
2026-05-01 10:45:00,29.07,29.07,29.065,29.07,4302
2026-05-01 10:50:00,29.065,29.07,29.06,29.07,15093
2026-05-01 10:55:00,29.065,29.065,29.065,29.065,750
2026-05-01 11:00:00,29.0601,29.0687,29.0601,29.065,2759
2026-05-01 11:05:00,29.065,29.0699,29.055,29.0599,8758
2026-05-01 11:10:00,29.0575,29.0575,29.0501,29.0501,6542
2026-05-01 11:15:00,29.0599,29.06,29.0501,29.0501,1849
2026-05-01 11:20:00,29.0599,29.06,29.055,29.055,1119
2026-05-01 11:25:00,29.0599,29.0599,29.0501,29.055,1160
2026-05-01 11:30:00,29.0599,29.06,29.055,29.055,3567
2026-05-01 11:35:00,29.0501,29.06,29.0501,29.0501,1578
2026-05-01 11:40:00,29.0599,29.06,29.0501,29.0501,129799
2026-05-01 11:45:00,29.055,29.055,29.055,29.055,927
2026-05-01 11:50:00,29.0509,29.06,29.05,29.06,8801
2026-05-01 11:55:00,29.055,29.057,29.055,29.055,1420
2026-05-01 12:00:00,29.0565,29.0599,29.05,29.05,1473
2026-05-01 12:05:00,29.055,29.055,29.0501,29.0501,4855
2026-05-01 12:10:00,29.055,29.06,29.0516,29.0599,17866
2026-05-01 12:15:00,29.055,29.06,29.0512,29.055,9828
2026-05-01 12:20:00,29.059,29.06,29.0584,29.0598,8822
2026-05-01 12:25:00,29.0581,29.0599,29.05,29.0566,15420
2026-05-01 12:30:00,29.055,29.06,29.0501,29.0525,14040
2026-05-01 12:35:00,29.0565,29.06,29.0501,29.0599,5652
2026-05-01 12:40:00,29.055,29.06,29.05,29.05,4914
2026-05-01 12:45:00,29.055,29.06,29.055,29.0599,2900
2026-05-01 12:50:00,29.0599,29.06,29.0599,29.06,3184
2026-05-01 12:55:00,29.0501,29.0599,29.05,29.0599,294339
2026-05-01 13:00:00,29.05,29.0599,29.05,29.0501,2060
2026-05-01 13:05:00,29.055,29.055,29.05,29.05,1058
2026-05-01 13:10:00,29.0599,29.06,29.05,29.05,8383
2026-05-01 13:15:00,29.055,29.06,29.055,29.055,2771
2026-05-01 13:20:00,29.0599,29.0599,29.0599,29.0599,519
2026-05-01 13:25:00,29.0501,29.0599,29.0501,29.0599,1896
2026-05-01 13:30:00,29.06,29.06,29.0599,29.06,886
2026-05-01 13:35:00,29.055,29.06,29.0501,29.06,20338
2026-05-01 13:40:00,29.06,29.06,29.0542,29.0542,2000
2026-05-01 13:45:00,29.05,29.0599,29.05,29.0599,3464
2026-05-01 13:50:00,29.058,29.06,29.0501,29.0501,14963
2026-05-01 13:55:00,29.06,29.06,29.055,29.0599,547259
2026-05-01 14:00:00,29.0501,29.06,29.0501,29.055,4460
2026-05-01 14:05:00,29.06,29.06,29.055,29.055,970
2026-05-01 14:10:00,29.0501,29.06,29.05,29.055,4607
2026-05-01 14:15:00,29.0501,29.06,29.05,29.055,3546
2026-05-01 14:20:00,29.06,29.06,29.05,29.055,351482
2026-05-01 14:25:00,29.055,29.055,29.05,29.055,87577
2026-05-01 14:30:00,29.055,29.055,29.0501,29.0501,50281
2026-05-01 14:35:00,29.0565,29.06,29.0501,29.0501,10093
2026-05-01 14:40:00,29.055,29.06,29.055,29.055,3454
2026-05-01 14:45:00,29.06,29.06,29.06,29.06,500
2026-05-01 14:50:00,29.0599,29.0599,29.0501,29.0501,573
2026-05-01 14:55:00,29.0599,29.06,29.05,29.06,26577
2026-05-01 15:00:00,29.0599,29.06,29.05,29.055,113780
2026-05-01 15:05:00,29.06,29.06,29.0501,29.055,34108
2026-05-01 15:10:00,29.0598,29.0598,29.05,29.055,38908
2026-05-01 15:15:00,29.055,29.06,29.05,29.0517,575879
2026-05-01 15:20:00,29.05,29.06,29.05,29.055,77921
2026-05-01 15:25:00,29.055,29.0584,29.05,29.05,127816
2026-05-01 15:30:00,29.055,29.06,29.05,29.0531,242807
2026-05-01 15:35:00,29.06,29.06,29.0501,29.055,4645
2026-05-01 15:40:00,29.05,29.0599,29.05,29.0501,19350
2026-05-01 15:45:00,29.0599,29.06,29.0501,29.0501,6845
2026-05-01 15:50:00,29.06,29.06,29.0501,29.055,2185
2026-05-01 15:55:00,29.055,29.06,29.05,29.05,22285
2026-05-01 16:00:00,29.05,29.05,29.05,29.05,803
2026-05-04 07:50:00,29.0497,29.0497,29.0497,29.0497,400
2026-05-04 09:30:00,29.04,29.04,29.035,29.035,13917
2026-05-04 09:35:00,29.0342,29.0399,29.0342,29.0399,2632
2026-05-04 09:40:00,29.0315,29.0398,29.03,29.0398,7133
2026-05-04 09:45:00,29.0335,29.0399,29.0335,29.0387,6866
2026-05-04 09:50:00,29.0301,29.0399,29.0301,29.0347,1652
2026-05-04 09:55:00,29.0301,29.04,29.0301,29.04,1543
2026-05-04 10:00:00,29.035,29.0399,29.0301,29.0399,6075
2026-05-04 10:05:00,29.0399,29.0399,29.03,29.0301,35476
2026-05-04 10:10:00,29.03,29.04,29.03,29.0399,2977
2026-05-04 10:15:00,29.0301,29.0301,29.0301,29.0301,2500
2026-05-04 10:20:00,29.035,29.04,29.0329,29.0399,8861
2026-05-04 10:25:00,29.0341,29.0399,29.0329,29.0399,8734
2026-05-04 10:30:00,29.0329,29.04,29.0329,29.04,3112
2026-05-04 10:35:00,29.035,29.04,29.03,29.03,78318
2026-05-04 10:40:00,29.0301,29.0399,29.03,29.0313,7809
2026-05-04 10:45:00,29.03,29.035,29.03,29.035,5887
2026-05-04 10:50:00,29.04,29.04,29.0301,29.035,3486
2026-05-04 10:55:00,29.03,29.031,29.03,29.031,1548
2026-05-04 11:00:00,29.03,29.0399,29.03,29.0301,2524
2026-05-04 11:05:00,29.0302,29.04,29.0302,29.04,1364
2026-05-04 11:10:00,29.035,29.035,29.03,29.035,6447
2026-05-04 11:15:00,29.03,29.035,29.03,29.03,43877
2026-05-04 11:20:00,29.02,29.0298,29.02,29.025,10571
2026-05-04 11:25:00,29.03,29.03,29.02,29.02,5568
2026-05-04 11:30:00,29.0299,29.03,29.02,29.02,3798
2026-05-04 11:35:00,29.02,29.03,29.02,29.0201,5826
2026-05-04 11:40:00,29.0201,29.0299,29.0201,29.0299,1788
2026-05-04 11:45:00,29.02,29.025,29.02,29.025,7382
2026-05-04 11:50:00,29.0201,29.03,29.02,29.025,6037
2026-05-04 11:55:00,29.025,29.025,29.02,29.02,46832
2026-05-04 12:00:00,29.0199,29.02,29.01,29.01,2534
2026-05-04 12:05:00,29.01,29.0199,29,29.0002,167471
2026-05-04 12:10:00,29.005,29.0099,29,29.0099,2075
2026-05-04 12:15:00,29,29.0099,29,29.0099,12512
2026-05-04 12:20:00,29.0001,29.01,29,29,2179
2026-05-04 12:25:00,29.01,29.01,29.0099,29.0099,2198
2026-05-04 12:30:00,29.005,29.005,29.0011,29.0011,12169
2026-05-04 12:35:00,29.005,29.01,29,29.005,24269
2026-05-04 12:40:00,29.0099,29.01,29.005,29.005,1198
2026-05-04 12:45:00,29.01,29.01,29.005,29.0099,116396
2026-05-04 12:50:00,29.0099,29.01,29.0001,29.005,9119
2026-05-04 12:55:00,29.005,29.01,29,29.01,6256
2026-05-04 13:00:00,29.01,29.01,29.001,29.001,6594
2026-05-04 13:05:00,29.01,29.0165,29.0049,29.0165,17638
2026-05-04 13:10:00,29.015,29.015,29.01,29.01,5899
2026-05-04 13:15:00,29.015,29.015,29.01,29.015,9093
2026-05-04 13:20:00,29.02,29.02,29.015,29.015,15890
2026-05-04 13:25:00,29.0101,29.02,29.01,29.015,11679
2026-05-04 13:30:00,29.015,29.0199,29.01,29.0199,14031
2026-05-04 13:35:00,29.015,29.0199,29.01,29.0125,10202
2026-05-04 13:40:00,29.015,29.015,29.01,29.015,6855
2026-05-04 13:45:00,29.015,29.015,29.01,29.0135,17175
2026-05-04 13:50:00,29.0101,29.015,29.01,29.01,2939
2026-05-04 13:55:00,29.0101,29.0199,29.01,29.01,2089
2026-05-04 14:00:00,29.015,29.02,29.0101,29.02,14398
2026-05-04 14:05:00,29.0199,29.02,29.01,29.0199,10244
2026-05-04 14:10:00,29.0199,29.0199,29.015,29.015,1195
2026-05-04 14:15:00,29.015,29.0199,29.01,29.0199,2647
2026-05-04 14:20:00,29.015,29.0199,29.01,29.0199,22047
2026-05-04 14:25:00,29.01,29.02,29.01,29.015,15208
2026-05-04 14:30:00,29.0199,29.02,29.01,29.0101,7533
2026-05-04 14:35:00,29.015,29.0199,29.0101,29.015,4105
2026-05-04 14:40:00,29.0114,29.02,29.01,29.0199,7540
2026-05-04 14:45:00,29.015,29.0199,29.0101,29.0131,8853
2026-05-04 14:50:00,29.015,29.015,29.0101,29.0101,2350
2026-05-04 14:55:00,29.0101,29.02,29.01,29.015,10271
2026-05-04 15:00:00,29.015,29.02,29.015,29.015,1828
2026-05-04 15:05:00,29.011,29.02,29.01,29.0146,2918
2026-05-04 15:10:00,29.015,29.02,29.01,29.0199,669431
2026-05-04 15:15:00,29.015,29.02,29.01,29.0101,58456
2026-05-04 15:20:00,29.02,29.02,29.01,29.02,64072
2026-05-04 15:25:00,29.015,29.02,29.01,29.02,58404
2026-05-04 15:30:00,29.02,29.02,29.0101,29.0199,147376
2026-05-04 15:35:00,29.015,29.02,29.015,29.015,30970
2026-05-04 15:40:00,29.0101,29.02,29.0101,29.015,29099
2026-05-04 15:45:00,29.015,29.02,29.0101,29.015,21270
2026-05-04 15:50:00,29.015,29.02,29.01,29.02,40163
2026-05-04 15:55:00,29.015,29.025,29.01,29.025,41093
2026-05-04 16:00:00,29.03,29.03,29.0235,29.0235,104631
2026-05-05 07:35:00,29.098,29.14,29.098,29.14,300
2026-05-05 07:40:00,29.01,29.14,29.01,29.14,400
2026-05-05 07:45:00,29.01,29.14,29.01,29.14,400
2026-05-05 07:50:00,29.14,29.14,29.01,29.01,200
2026-05-05 09:30:00,29.03,29.0399,29.03,29.0304,28569
2026-05-05 09:35:00,29.035,29.035,29.03,29.035,531
2026-05-05 09:40:00,29.035,29.037,29.035,29.037,5616
2026-05-05 09:45:00,29.03,29.035,29.03,29.035,2936
2026-05-05 09:50:00,29.04,29.04,29.035,29.0399,1224
2026-05-05 09:55:00,29.0381,29.0399,29.03,29.03,5784
2026-05-05 10:00:00,29.035,29.035,29.035,29.035,860
2026-05-05 10:05:00,29.0399,29.0399,29.03,29.03,8193
2026-05-05 10:10:00,29.035,29.035,29.0301,29.035,25624
2026-05-05 10:15:00,29.0301,29.0301,29.0301,29.0301,151
2026-05-05 10:25:00,29.035,29.0399,29.03,29.035,2988
2026-05-05 10:30:00,29.04,29.04,29.03,29.035,2938
2026-05-05 10:35:00,29.038,29.038,29.0301,29.0301,3880
2026-05-05 10:40:00,29.04,29.04,29.035,29.035,7997
2026-05-05 10:45:00,29.03,29.04,29.03,29.04,15943
2026-05-05 10:50:00,29.0301,29.04,29.0301,29.04,721
2026-05-05 10:55:00,29.035,29.035,29.0308,29.0308,2408
2026-05-05 11:00:00,29.035,29.0399,29.035,29.0399,13949
2026-05-05 11:05:00,29.035,29.0399,29.035,29.035,1061
2026-05-05 11:10:00,29.03,29.03,29.03,29.03,146
2026-05-05 11:15:00,29.0301,29.035,29.0301,29.035,587
2026-05-05 11:20:00,29.04,29.04,29.03,29.0365,3397
2026-05-05 11:25:00,29.035,29.04,29.0301,29.04,5505
2026-05-05 11:30:00,29.0399,29.0399,29.0325,29.0399,11908
2026-05-05 11:35:00,29.03,29.0301,29.03,29.0301,15983
2026-05-05 11:40:00,29.035,29.04,29.0316,29.035,18268
2026-05-05 11:45:00,29.03,29.04,29.03,29.035,81908
2026-05-05 11:50:00,29.0301,29.04,29.0301,29.04,48966
2026-05-05 11:55:00,29.035,29.036,29.035,29.036,1344
2026-05-05 12:00:00,29.035,29.035,29.035,29.035,6144
2026-05-05 12:05:00,29.035,29.04,29.035,29.035,7115
2026-05-05 12:10:00,29.04,29.04,29.03,29.035,848
2026-05-05 12:15:00,29.0301,29.038,29.0301,29.035,3342
2026-05-05 12:20:00,29.035,29.035,29.03,29.03,2168
2026-05-05 12:25:00,29.035,29.04,29.03,29.03,20456
2026-05-05 12:30:00,29.03,29.0375,29.03,29.035,6973
2026-05-05 12:35:00,29.03,29.04,29.03,29.03,3739
2026-05-05 12:40:00,29.03,29.04,29.03,29.035,5232
2026-05-05 12:45:00,29.0301,29.0399,29.0301,29.0399,3468
2026-05-05 12:50:00,29.03,29.035,29.03,29.03,400
2026-05-05 12:55:00,29.04,29.04,29.0301,29.035,1856
2026-05-05 13:00:00,29.03,29.035,29.03,29.035,55252
2026-05-05 13:05:00,29.035,29.04,29.031,29.035,8622
2026-05-05 13:10:00,29.03,29.04,29.03,29.03,5847
2026-05-05 13:15:00,29.0301,29.0315,29.03,29.03,2750
2026-05-05 13:20:00,29.03,29.0399,29.03,29.0301,15828
2026-05-05 13:25:00,29.03,29.0399,29.03,29.03,1491
2026-05-05 13:30:00,29.035,29.035,29.035,29.035,600
2026-05-05 13:35:00,29.0399,29.0399,29.03,29.03,6196
2026-05-05 13:40:00,29.0301,29.035,29.03,29.035,2231
2026-05-05 13:45:00,29.03,29.035,29.03,29.035,1600
2026-05-05 13:50:00,29.0399,29.0399,29.035,29.035,443
2026-05-05 13:55:00,29.035,29.0365,29.0301,29.0301,7728
2026-05-05 14:00:00,29.0344,29.0399,29.03,29.0337,26658
2026-05-05 14:05:00,29.035,29.04,29.03,29.04,2452
2026-05-05 14:10:00,29.035,29.035,29.03,29.035,2315
2026-05-05 14:15:00,29.037,29.04,29.03,29.035,8894
2026-05-05 14:20:00,29.035,29.04,29.0335,29.0335,1137
2026-05-05 14:25:00,29.035,29.0399,29.03,29.035,30772
2026-05-05 14:30:00,29.035,29.0399,29.03,29.03,14441
2026-05-05 14:35:00,29.04,29.04,29.03,29.03,9132
2026-05-05 14:40:00,29.035,29.035,29.03,29.035,16735
2026-05-05 14:45:00,29.03,29.0399,29.03,29.0301,7680
2026-05-05 14:50:00,29.04,29.04,29.03,29.03,7928
2026-05-05 14:55:00,29.03,29.035,29.03,29.035,696
2026-05-05 15:00:00,29.03,29.04,29.03,29.0399,28319
2026-05-05 15:05:00,29.0399,29.04,29.03,29.03,10173
2026-05-05 15:10:00,29.035,29.04,29.03,29.04,16308
2026-05-05 15:15:00,29.0399,29.04,29.03,29.0399,4601
2026-05-05 15:20:00,29.035,29.035,29.03,29.035,2697
2026-05-05 15:25:00,29.035,29.0399,29.03,29.0399,8151
2026-05-05 15:30:00,29.04,29.04,29.03,29.03,9728
2026-05-05 15:35:00,29.035,29.04,29.03,29.035,21857
2026-05-05 15:40:00,29.03,29.0399,29.03,29.03,9309
2026-05-05 15:45:00,29.035,29.04,29.03,29.03,7222
2026-05-05 15:50:00,29.0301,29.0399,29.03,29.03,24073
2026-05-05 15:55:00,29.03,29.0399,29.03,29.03,47850
2026-05-05 16:00:00,29.04,29.04,29.04,29.04,21110
2026-05-05 16:20:00,29.0387,29.0387,29.0387,29.0387,2114
2026-05-06 05:30:00,29.04,29.04,29.04,29.04,100
2026-05-06 09:30:00,29.07,29.07,29.065,29.0655,29280
2026-05-06 09:35:00,29.065,29.07,29.065,29.07,200
2026-05-06 09:40:00,29.06,29.0699,29.06,29.0699,2773
2026-05-06 09:45:00,29.065,29.07,29.065,29.07,1600
2026-05-06 09:50:00,29.065,29.0699,29.065,29.0699,3676
2026-05-06 09:55:00,29.065,29.07,29.0601,29.0699,1201
2026-05-06 10:00:00,29.0699,29.07,29.06,29.065,5193
2026-05-06 10:05:00,29.065,29.07,29.065,29.07,500
2026-05-06 10:10:00,29.0699,29.07,29.06,29.065,40233
2026-05-06 10:15:00,29.0699,29.07,29.06,29.06,145727
2026-05-06 10:20:00,29.065,29.065,29.06,29.06,714
2026-05-06 10:25:00,29.07,29.07,29.0601,29.0601,8798
2026-05-06 10:30:00,29.0699,29.07,29.0601,29.0699,7677
2026-05-06 10:35:00,29.065,29.07,29.065,29.07,6440
2026-05-06 10:40:00,29.0601,29.07,29.0601,29.07,1288
2026-05-06 10:45:00,29.07,29.08,29.07,29.075,16921
2026-05-06 10:50:00,29.0799,29.08,29.07,29.0799,171736
2026-05-06 10:55:00,29.075,29.08,29.07,29.075,120031
2026-05-06 11:00:00,29.075,29.08,29.07,29.075,95073
2026-05-06 11:05:00,29.07,29.0799,29.07,29.07,10544
2026-05-06 11:10:00,29.075,29.08,29.07,29.07,5475
2026-05-06 11:15:00,29.0701,29.08,29.07,29.0799,2130
2026-05-06 11:20:00,29.08,29.08,29.0799,29.08,4049
2026-05-06 11:25:00,29.0764,29.08,29.075,29.075,1613
2026-05-06 11:30:00,29.075,29.08,29.075,29.0799,17045
2026-05-06 11:35:00,29.075,29.08,29.075,29.075,2411
2026-05-06 11:40:00,29.075,29.08,29.075,29.075,12906
2026-05-06 11:45:00,29.0799,29.0799,29.0701,29.075,2190
2026-05-06 11:50:00,29.075,29.075,29.0701,29.0701,8248
2026-05-06 11:55:00,29.0799,29.0799,29.0701,29.0799,2045
2026-05-06 12:00:00,29.075,29.08,29.075,29.075,2310
2026-05-06 12:05:00,29.075,29.075,29.07,29.075,4246
2026-05-06 12:10:00,29.08,29.08,29.07,29.0701,312
2026-05-06 12:15:00,29.075,29.08,29.0701,29.075,787
2026-05-06 12:20:00,29.08,29.08,29.07,29.07,4609
2026-05-06 12:25:00,29.075,29.075,29.07,29.075,5028
2026-05-06 12:30:00,29.0799,29.0799,29.07,29.075,2120
2026-05-06 12:35:00,29.07,29.075,29.07,29.0743,2442
2026-05-06 12:40:00,29.075,29.0799,29.075,29.0799,658
2026-05-06 12:45:00,29.075,29.075,29.07,29.075,700
2026-05-06 12:50:00,29.075,29.08,29.07,29.08,2530
2026-05-06 12:55:00,29.0701,29.0799,29.07,29.0799,977
2026-05-06 13:00:00,29.08,29.08,29.075,29.075,2470
2026-05-06 13:05:00,29.075,29.077,29.0701,29.075,6362
2026-05-06 13:10:00,29.075,29.075,29.0701,29.0701,1394
2026-05-06 13:15:00,29.0701,29.0784,29.0701,29.0784,1345
2026-05-06 13:20:00,29.075,29.075,29.0701,29.0701,766
2026-05-06 13:25:00,29.0701,29.0799,29.07,29.0799,1162
2026-05-06 13:30:00,29.0701,29.08,29.0701,29.0701,4201
2026-05-06 13:35:00,29.075,29.0765,29.075,29.0765,1322
2026-05-06 13:40:00,29.075,29.08,29.07,29.07,10928
2026-05-06 13:45:00,29.075,29.08,29.07,29.0701,7379
2026-05-06 13:50:00,29.08,29.08,29.07,29.075,5369
2026-05-06 13:55:00,29.075,29.075,29.0701,29.0701,1289
2026-05-06 14:00:00,29.07,29.0701,29.07,29.0701,563
2026-05-06 14:05:00,29.08,29.08,29.07,29.07,14018
2026-05-06 14:10:00,29.075,29.0799,29.07,29.075,3564
2026-05-06 14:15:00,29.0701,29.08,29.0701,29.0799,16046
2026-05-06 14:20:00,29.075,29.075,29.075,29.075,200
2026-05-06 14:25:00,29.075,29.0784,29.07,29.075,7175
2026-05-06 14:30:00,29.075,29.08,29.075,29.08,959
2026-05-06 14:35:00,29.075,29.08,29.0701,29.075,11402
2026-05-06 14:40:00,29.0701,29.08,29.0701,29.0798,12157
2026-05-06 14:45:00,29.08,29.08,29.0701,29.0701,3090
2026-05-06 14:50:00,29.075,29.0799,29.0701,29.075,2946
2026-05-06 14:55:00,29.0799,29.08,29.07,29.0701,22512
2026-05-06 15:00:00,29.075,29.08,29.0701,29.075,3342
2026-05-06 15:05:00,29.0705,29.0799,29.0701,29.075,9521
2026-05-06 15:10:00,29.075,29.08,29.07,29.07,15284
2026-05-06 15:15:00,29.075,29.08,29.07,29.08,39958
2026-05-06 15:20:00,29.0778,29.08,29.07,29.0799,11390
2026-05-06 15:25:00,29.075,29.08,29.07,29.075,9636
2026-05-06 15:30:00,29.0784,29.08,29.07,29.075,14046
2026-05-06 15:35:00,29.075,29.08,29.07,29.075,8239
2026-05-06 15:40:00,29.075,29.08,29.0701,29.0799,14081
2026-05-06 15:45:00,29.0701,29.075,29.0701,29.075,2393
2026-05-06 15:50:00,29.0799,29.08,29.0701,29.075,3017
2026-05-06 15:55:00,29.075,29.08,29.07,29.0701,72690
2026-05-06 16:00:00,29.07,29.07,29.07,29.07,3728
2026-05-06 16:15:00,29.08,29.08,29.08,29.08,400
2026-05-06 16:35:00,29.0787,29.0787,29.0765,29.0765,3000
2026-05-06 16:40:00,29.0787,29.0787,29.0765,29.0765,901
2026-05-06 16:55:00,29.0696,29.0696,29.0696,29.0696,2000
2026-05-07 09:30:00,29.09,29.0999,29.09,29.0999,18742
2026-05-07 09:35:00,29.095,29.0986,29.09,29.091,16303
2026-05-07 09:40:00,29.095,29.0989,29.09,29.091,7608
2026-05-07 09:45:00,29.09,29.1,29.08,29.085,18474
2026-05-07 09:50:00,29.085,29.0899,29.08,29.085,8171
2026-05-07 09:55:00,29.0801,29.09,29.08,29.08,1645
2026-05-07 10:00:00,29.085,29.09,29.08,29.085,1339
2026-05-07 10:05:00,29.085,29.0899,29.08,29.08,12313
2026-05-07 10:10:00,29.09,29.09,29.08,29.085,2998
2026-05-07 10:15:00,29.08,29.0899,29.08,29.085,8106
2026-05-07 10:20:00,29.08,29.0899,29.08,29.08,4228
2026-05-07 10:25:00,29.085,29.0899,29.08,29.085,9791
2026-05-07 10:30:00,29.085,29.085,29.08,29.08,12608
2026-05-07 10:35:00,29.08,29.0899,29.08,29.08,15337
2026-05-07 10:40:00,29.0882,29.0882,29.08,29.08,5697
2026-05-07 10:45:00,29.08,29.0801,29.08,29.08,3906
2026-05-07 10:50:00,29.0801,29.0801,29.08,29.08,20012
2026-05-07 10:55:00,29.08,29.08,29.08,29.08,4198
2026-05-07 11:00:00,29.08,29.085,29.08,29.08,20060
2026-05-07 11:05:00,29.08,29.0801,29.07,29.075,13395
2026-05-07 11:10:00,29.07,29.0799,29.07,29.07,4476
2026-05-07 11:15:00,29.0799,29.0799,29.07,29.075,12135
2026-05-07 11:20:00,29.0783,29.0799,29.07,29.07,13617
2026-05-07 11:25:00,29.08,29.08,29.06,29.065,40926
2026-05-07 11:30:00,29.065,29.0699,29.0601,29.065,18034
2026-05-07 11:35:00,29.065,29.0699,29.065,29.065,14964
2026-05-07 11:40:00,29.07,29.07,29.0601,29.065,9223
2026-05-07 11:45:00,29.065,29.0699,29.06,29.065,5156
2026-05-07 11:50:00,29.065,29.0699,29.06,29.065,16222
2026-05-07 11:55:00,29.065,29.0699,29.06,29.065,10968
2026-05-07 12:00:00,29.065,29.0699,29.06,29.065,7181
2026-05-07 12:05:00,29.06,29.0699,29.06,29.06,8964
2026-05-07 12:10:00,29.06,29.065,29.06,29.065,5718
2026-05-07 12:15:00,29.06,29.0603,29.06,29.06,7109
2026-05-07 12:20:00,29.0601,29.0699,29.06,29.06,7258
2026-05-07 12:25:00,29.06,29.0699,29.06,29.0603,7097
2026-05-07 12:30:00,29.06,29.0699,29.06,29.0603,9671
2026-05-07 12:35:00,29.065,29.07,29.06,29.06,12154
2026-05-07 12:40:00,29.06,29.065,29.06,29.065,4236
2026-05-07 12:45:00,29.06,29.0699,29.06,29.06,14493
2026-05-07 12:50:00,29.06,29.06,29.06,29.06,7280
2026-05-07 12:55:00,29.06,29.065,29.06,29.06,13037
2026-05-07 13:00:00,29.06,29.0699,29.06,29.06,105079
2026-05-07 13:05:00,29.055,29.055,29.05,29.055,9281
2026-05-07 13:10:00,29.055,29.055,29.05,29.055,6959
2026-05-07 13:15:00,29.055,29.0599,29.05,29.0501,29433
2026-05-07 13:20:00,29.055,29.06,29.05,29.055,17467
2026-05-07 13:25:00,29.055,29.0599,29.05,29.05,22888
2026-05-07 13:30:00,29.055,29.06,29.05,29.05,51001
2026-05-07 13:35:00,29.0501,29.0599,29.05,29.05,11514
2026-05-07 13:40:00,29.055,29.06,29.05,29.055,9790
2026-05-07 13:45:00,29.05,29.0563,29.05,29.05,14414
2026-05-07 13:50:00,29.0503,29.058,29.05,29.058,11517
2026-05-07 13:55:00,29.05,29.0599,29.05,29.05,12928
2026-05-07 14:00:00,29.0501,29.06,29.05,29.051,13535
2026-05-07 14:05:00,29.0599,29.0599,29.05,29.051,5266
2026-05-07 14:10:00,29.055,29.055,29.05,29.05,5342
2026-05-07 14:15:00,29.055,29.06,29.05,29.05,9100
2026-05-07 14:20:00,29.05,29.06,29.05,29.055,5544
2026-05-07 14:25:00,29.05,29.055,29.05,29.05,8865
2026-05-07 14:30:00,29.0501,29.06,29.05,29.06,11119
2026-05-07 14:35:00,29.0575,29.0586,29.05,29.05,4628
2026-05-07 14:40:00,29.05,29.055,29.045,29.045,46820
2026-05-07 14:45:00,29.04,29.05,29.04,29.045,6761
2026-05-07 14:50:00,29.0429,29.0499,29.0401,29.045,11287
2026-05-07 14:55:00,29.045,29.0499,29.0401,29.045,7233
2026-05-07 15:00:00,29.045,29.05,29.04,29.045,16884
2026-05-07 15:05:00,29.045,29.0499,29.04,29.045,29724
2026-05-07 15:10:00,29.045,29.05,29.0415,29.045,34310
2026-05-07 15:15:00,29.045,29.05,29.04,29.045,21916
2026-05-07 15:20:00,29.045,29.05,29.04,29.045,19484
2026-05-07 15:25:00,29.045,29.045,29.045,29.045,16552
2026-05-07 15:30:00,29.045,29.0499,29.0401,29.045,13709
2026-05-07 15:35:00,29.0499,29.05,29.0401,29.045,22237
2026-05-07 15:40:00,29.045,29.0599,29.045,29.051,28924
2026-05-07 15:45:00,29.0501,29.0599,29.05,29.05,26555
2026-05-07 15:50:00,29.055,29.06,29.05,29.05,27052
2026-05-07 15:55:00,29.05,29.0588,29.05,29.05,65707
2026-05-07 16:00:00,29.05,29.0587,29.05,29.0587,8496
2026-05-08 09:20:00,29.08,29.08,29.08,29.08,2500
2026-05-08 09:30:00,29.07,29.08,29.07,29.075,84834
2026-05-08 09:35:00,29.08,29.08,29.0701,29.0701,21175
2026-05-08 09:40:00,29.08,29.08,29.0701,29.0799,2471
2026-05-08 09:45:00,29.08,29.08,29.0702,29.0702,10377
2026-05-08 09:50:00,29.0799,29.08,29.075,29.08,419
2026-05-08 09:55:00,29.075,29.085,29.075,29.0801,3848
2026-05-08 10:00:00,29.0899,29.0899,29.08,29.0801,2142
2026-05-08 10:05:00,29.08,29.0899,29.08,29.08,662
2026-05-08 10:10:00,29.08,29.08,29.07,29.0701,5550
2026-05-08 10:15:00,29.07,29.075,29.07,29.075,357
2026-05-08 10:20:00,29.075,29.0799,29.075,29.075,1654
2026-05-08 10:25:00,29.0734,29.0799,29.0701,29.0718,11976
2026-05-08 10:30:00,29.075,29.08,29.07,29.07,6594
2026-05-08 10:35:00,29.0799,29.0799,29.07,29.075,4747
2026-05-08 10:40:00,29.075,29.0799,29.07,29.0799,1982
2026-05-08 10:45:00,29.0799,29.0799,29.07,29.07,4336
2026-05-08 10:50:00,29.075,29.075,29.07,29.075,855
2026-05-08 10:55:00,29.07,29.08,29.07,29.075,5702
2026-05-08 11:00:00,29.0799,29.0799,29.07,29.075,9113
2026-05-08 11:05:00,29.075,29.075,29.07,29.075,2856
2026-05-08 11:10:00,29.07,29.0799,29.07,29.07,3362
2026-05-08 11:15:00,29.07,29.075,29.07,29.075,1597
2026-05-08 11:20:00,29.0701,29.08,29.07,29.07,752
2026-05-08 11:25:00,29.07,29.07,29.07,29.07,100
2026-05-08 11:30:00,29.0701,29.08,29.07,29.08,10044
2026-05-08 11:35:00,29.0701,29.0799,29.07,29.07,1213
2026-05-08 11:40:00,29.07,29.07,29.07,29.07,100
2026-05-08 11:45:00,29.07,29.08,29.07,29.07,3956
2026-05-08 11:50:00,29.0701,29.0799,29.07,29.07,3441
2026-05-08 11:55:00,29.0799,29.0799,29.07,29.075,2287
2026-05-08 12:00:00,29.07,29.0799,29.07,29.075,1768
2026-05-08 12:05:00,29.075,29.075,29.07,29.075,1722
2026-05-08 12:10:00,29.07,29.075,29.07,29.07,400
2026-05-08 12:15:00,29.07,29.0701,29.07,29.07,5776
2026-05-08 12:20:00,29.07,29.0798,29.07,29.075,5462
2026-05-08 12:25:00,29.07,29.0799,29.07,29.0799,550
2026-05-08 12:30:00,29.07,29.0757,29.07,29.0757,550
2026-05-08 12:35:00,29.07,29.07,29.07,29.07,200
2026-05-08 12:40:00,29.07,29.07,29.07,29.07,3476
2026-05-08 12:45:00,29.073,29.08,29.07,29.0701,1429
2026-05-08 12:50:00,29.0799,29.0799,29.07,29.0701,7504
2026-05-08 12:55:00,29.0799,29.0799,29.07,29.07,1188
2026-05-08 13:00:00,29.0799,29.0799,29.07,29.07,8036
2026-05-08 13:05:00,29.0799,29.0799,29.07,29.07,764
2026-05-08 13:10:00,29.0701,29.075,29.07,29.075,2801
2026-05-08 13:15:00,29.075,29.08,29.07,29.07,9175
2026-05-08 13:20:00,29.08,29.08,29.07,29.07,1030
2026-05-08 13:25:00,29.075,29.0799,29.07,29.07,5678
2026-05-08 13:30:00,29.0701,29.0799,29.07,29.0701,8919
2026-05-08 13:35:00,29.07,29.075,29.07,29.075,3766
2026-05-08 13:40:00,29.07,29.0799,29.07,29.07,1270
2026-05-08 13:45:00,29.075,29.0757,29.07,29.0757,505
2026-05-08 13:50:00,29.07,29.08,29.07,29.075,2997
2026-05-08 13:55:00,29.07,29.075,29.07,29.0701,5885
2026-05-08 14:00:00,29.07,29.0789,29.07,29.0701,1957
2026-05-08 14:05:00,29.07,29.08,29.07,29.075,9449
2026-05-08 14:10:00,29.075,29.0799,29.07,29.0799,2077
2026-05-08 14:15:00,29.0799,29.08,29.07,29.08,6182
2026-05-08 14:20:00,29.07,29.0799,29.07,29.07,6572
2026-05-08 14:25:00,29.0782,29.0799,29.07,29.0741,18663
2026-05-08 14:30:00,29.07,29.0799,29.07,29.07,892
2026-05-08 14:35:00,29.075,29.08,29.07,29.075,1949
2026-05-08 14:40:00,29.0799,29.0799,29.07,29.07,403
2026-05-08 14:45:00,29.07,29.08,29.07,29.0757,843
2026-05-08 14:50:00,29.08,29.08,29.07,29.0799,7522
2026-05-08 14:55:00,29.075,29.08,29.07,29.0701,16795
2026-05-08 15:00:00,29.0799,29.0799,29.07,29.0799,16072
2026-05-08 15:05:00,29.0799,29.0799,29.07,29.075,4472
2026-05-08 15:10:00,29.075,29.075,29.07,29.0701,9373
2026-05-08 15:15:00,29.0701,29.0799,29.07,29.0701,8965
2026-05-08 15:20:00,29.075,29.075,29.07,29.0701,3681
2026-05-08 15:25:00,29.0789,29.08,29.07,29.07,24573
2026-05-08 15:30:00,29.0701,29.0785,29.07,29.0701,4273
2026-05-08 15:35:00,29.07,29.08,29.07,29.07,36369
2026-05-08 15:40:00,29.07,29.08,29.07,29.0701,20642
2026-05-08 15:45:00,29.075,29.0799,29.07,29.075,4073
2026-05-08 15:50:00,29.075,29.08,29.07,29.07,7296
2026-05-08 15:55:00,29.08,29.08,29.07,29.07,18227
2026-05-08 16:00:00,29.07,29.07,29.07,29.07,503
2026-05-08 16:10:00,29.0787,29.0787,29.0787,29.0787,2000
2026-05-08 16:15:00,29.0797,29.0797,29.0797,29.0797,2000
2026-05-08 16:20:00,29.0787,29.0787,29.075,29.0766,3000
2026-05-08 16:25:00,29.0765,29.0799,29.0765,29.0787,2300
2026-05-08 16:30:00,29.079,29.08,29.079,29.08,447
2026-05-11 07:00:00,29.12,29.12,29.12,29.12,250
2026-05-11 09:30:00,29.06,29.0699,29.06,29.06,8935
2026-05-11 09:35:00,29.0601,29.0699,29.06,29.0699,4547
2026-05-11 09:40:00,29.06,29.065,29.06,29.06,500
2026-05-11 09:45:00,29.06,29.0699,29.06,29.0699,200
2026-05-11 09:50:00,29.0699,29.0699,29.06,29.06,875
2026-05-11 09:55:00,29.0699,29.0699,29.06,29.06,1275
2026-05-11 10:00:00,29.065,29.07,29.06,29.0699,2703
2026-05-11 10:05:00,29.06,29.07,29.06,29.06,2200
2026-05-11 10:10:00,29.0601,29.0699,29.06,29.0699,1581
2026-05-11 10:15:00,29.065,29.0699,29.06,29.0699,3179
2026-05-11 10:20:00,29.06,29.06,29.06,29.06,200
2026-05-11 10:25:00,29.065,29.07,29.06,29.0601,4162
2026-05-11 10:30:00,29.0699,29.0699,29.06,29.06,6611
2026-05-11 10:35:00,29.0699,29.0699,29.06,29.0601,21956
2026-05-11 10:40:00,29.06,29.065,29.06,29.0601,7010
2026-05-11 10:45:00,29.06,29.0601,29.06,29.0601,723
2026-05-11 10:50:00,29.0651,29.07,29.06,29.07,2956
2026-05-11 10:55:00,29.06,29.0699,29.06,29.065,3375
2026-05-11 11:00:00,29.065,29.065,29.06,29.0601,5433
2026-05-11 11:05:00,29.06,29.0601,29.06,29.0601,674
2026-05-11 11:10:00,29.065,29.0654,29.06,29.0601,1880
2026-05-11 11:15:00,29.0601,29.0699,29.06,29.065,3064
2026-05-11 11:20:00,29.0601,29.065,29.06,29.065,3240
2026-05-11 11:25:00,29.0699,29.0699,29.06,29.06,649
2026-05-11 11:30:00,29.065,29.0699,29.06,29.065,3776
2026-05-11 11:35:00,29.06,29.0699,29.06,29.065,26213
2026-05-11 11:40:00,29.0601,29.0601,29.06,29.0601,584
2026-05-11 11:45:00,29.0686,29.0686,29.06,29.06,5301
2026-05-11 11:50:00,29.07,29.07,29.06,29.06,546
2026-05-11 11:55:00,29.065,29.065,29.06,29.065,568
2026-05-11 12:00:00,29.0699,29.0699,29.06,29.065,4205
2026-05-11 12:05:00,29.0601,29.0699,29.06,29.065,967
2026-05-11 12:10:00,29.06,29.065,29.06,29.06,6024
2026-05-11 12:15:00,29.065,29.0676,29.06,29.065,1929
2026-05-11 12:20:00,29.065,29.065,29.06,29.0601,1513
2026-05-11 12:25:00,29.06,29.065,29.06,29.06,3023
2026-05-11 12:30:00,29.06,29.0688,29.06,29.0688,1238
2026-05-11 12:35:00,29.06,29.065,29.06,29.06,467
2026-05-11 12:40:00,29.065,29.065,29.05,29.06,22520
2026-05-11 12:45:00,29.05,29.05,29.05,29.05,100
2026-05-11 12:50:00,29.05,29.06,29.05,29.05,930
2026-05-11 12:55:00,29.055,29.0599,29.05,29.0599,7605
2026-05-11 13:00:00,29.055,29.055,29.05,29.05,6340
2026-05-11 13:05:00,29.05,29.06,29.05,29.05,2567
2026-05-11 13:10:00,29.05,29.05,29.05,29.05,100
2026-05-11 13:15:00,29.05,29.06,29.05,29.05,522
2026-05-11 13:20:00,29.055,29.055,29.05,29.05,1101
2026-05-11 13:25:00,29.055,29.056,29.05,29.05,697
2026-05-11 13:30:00,29.06,29.06,29.05,29.05,1331
2026-05-11 13:35:00,29.06,29.06,29.05,29.055,3136
2026-05-11 13:40:00,29.05,29.0599,29.05,29.05,608
2026-05-11 13:45:00,29.05,29.0599,29.05,29.055,1472
2026-05-11 13:50:00,29.06,29.06,29.05,29.05,5366
2026-05-11 13:55:00,29.055,29.06,29.05,29.0599,3893
2026-05-11 14:00:00,29.0599,29.06,29.05,29.0599,6616
2026-05-11 14:05:00,29.05,29.06,29.05,29.06,4834
2026-05-11 14:10:00,29.055,29.06,29.05,29.06,2593
2026-05-11 14:15:00,29.05,29.06,29.05,29.06,921
2026-05-11 14:20:00,29.05,29.055,29.05,29.055,408
2026-05-11 14:25:00,29.0599,29.0599,29.05,29.055,644
2026-05-11 14:30:00,29.0501,29.06,29.05,29.055,13289
2026-05-11 14:35:00,29.0599,29.06,29.05,29.06,2585
2026-05-11 14:40:00,29.05,29.06,29.05,29.055,8061
2026-05-11 14:45:00,29.05,29.0599,29.05,29.05,12077
2026-05-11 14:50:00,29.0501,29.0599,29.05,29.055,1640
2026-05-11 14:55:00,29.05,29.0599,29.05,29.0517,9150
2026-05-11 15:00:00,29.05,29.06,29.05,29.0501,29393
2026-05-11 15:05:00,29.0503,29.0599,29.05,29.0501,53643
2026-05-11 15:10:00,29.05,29.055,29.05,29.055,2838
2026-05-11 15:15:00,29.05,29.0583,29.05,29.0503,16373
2026-05-11 15:20:00,29.055,29.0599,29.05,29.05,6454
2026-05-11 15:25:00,29.05,29.0501,29.05,29.05,776
2026-05-11 15:30:00,29.055,29.06,29.05,29.0599,8950
2026-05-11 15:35:00,29.05,29.0557,29.045,29.0499,78279
2026-05-11 15:40:00,29.0434,29.05,29.04,29.05,10388
2026-05-11 15:45:00,29.045,29.05,29.04,29.045,7461
2026-05-11 15:50:00,29.045,29.05,29.04,29.045,32438
2026-05-11 15:55:00,29.045,29.05,29.04,29.04,38719
2026-05-11 16:00:00,29.04,29.04,29.04,29.04,16841
2026-05-11 16:10:00,29.0487,29.0487,29.0487,29.0487,400
2026-05-11 18:55:00,29.04,29.04,29.04,29.04,115
2026-05-12 07:35:00,29.04,29.04,29.04,29.04,168
2026-05-12 08:30:00,29.0302,29.0302,29.0302,29.0302,100
2026-05-12 09:30:00,29.03,29.0382,29.025,29.025,68104
2026-05-12 09:35:00,29.025,29.025,29.02,29.025,9187
2026-05-12 09:40:00,29.025,29.03,29.02,29.03,32220
2026-05-12 09:45:00,29.025,29.03,29.0201,29.025,12057
2026-05-12 09:50:00,29.03,29.03,29.02,29.02,13977
2026-05-12 09:55:00,29.025,29.03,29.02,29.025,7900
2026-05-12 10:00:00,29.0201,29.025,29.02,29.025,3919
2026-05-12 10:05:00,29.025,29.025,29.02,29.025,9107
2026-05-12 10:10:00,29.025,29.03,29.025,29.025,1846
2026-05-12 10:15:00,29.025,29.0299,29.025,29.025,1064
2026-05-12 10:20:00,29.025,29.0299,29.02,29.025,4168
2026-05-12 10:25:00,29.025,29.025,29.02,29.025,800
2026-05-12 10:30:00,29.02,29.025,29.02,29.025,2786
2026-05-12 10:35:00,29.025,29.0299,29.02,29.025,4904
2026-05-12 10:40:00,29.025,29.03,29.02,29.025,2481
2026-05-12 10:45:00,29.025,29.03,29.02,29.025,5867
2026-05-12 10:50:00,29.023,29.03,29.02,29.025,3091
2026-05-12 10:55:00,29.025,29.025,29.02,29.025,2958
2026-05-12 11:00:00,29.025,29.025,29.02,29.025,1300
2026-05-12 11:05:00,29.025,29.03,29.02,29.025,2514
2026-05-12 11:10:00,29.03,29.03,29.02,29.025,906
2026-05-12 11:15:00,29.025,29.03,29.02,29.0201,4752
2026-05-12 11:20:00,29.025,29.025,29.02,29.025,4391
2026-05-12 11:25:00,29.025,29.0299,29.02,29.025,2162
2026-05-12 11:30:00,29.025,29.0299,29.02,29.025,1182
2026-05-12 11:35:00,29.0299,29.0299,29.0224,29.025,2005
2026-05-12 11:40:00,29.025,29.025,29.02,29.0201,3074
2026-05-12 11:45:00,29.025,29.025,29.02,29.025,4212
2026-05-12 11:50:00,29.025,29.0299,29.02,29.025,1815
2026-05-12 11:55:00,29.025,29.03,29.02,29.025,5723
2026-05-12 12:00:00,29.0201,29.03,29.02,29.03,9887
2026-05-12 12:05:00,29.025,29.03,29.02,29.025,9593
2026-05-12 12:10:00,29.025,29.03,29.02,29.025,5845
2026-05-12 12:15:00,29.025,29.03,29.02,29.025,5797
2026-05-12 12:20:00,29.02,29.0299,29.02,29.02,3246
2026-05-12 12:25:00,29.025,29.0299,29.02,29.025,5317
2026-05-12 12:30:00,29.025,29.0299,29.02,29.025,802
2026-05-12 12:35:00,29.025,29.025,29.02,29.025,1361
2026-05-12 12:40:00,29.025,29.025,29.02,29.025,2396
2026-05-12 12:45:00,29.025,29.025,29.02,29.025,6917
2026-05-12 12:50:00,29.025,29.0299,29.02,29.0201,7144
2026-05-12 12:55:00,29.025,29.03,29.02,29.02,10584
2026-05-12 13:00:00,29.02,29.03,29.02,29.025,1118
2026-05-12 13:05:00,29.025,29.0299,29.02,29.025,3114
2026-05-12 13:10:00,29.025,29.03,29.02,29.025,1438
2026-05-12 13:15:00,29.025,29.025,29.02,29.025,2130
2026-05-12 13:20:00,29.0299,29.03,29.02,29.025,2590
2026-05-12 13:25:00,29.025,29.0299,29.02,29.025,8827
2026-05-12 13:30:00,29.025,29.0299,29.02,29.025,3996
2026-05-12 13:35:00,29.025,29.025,29.02,29.025,860
2026-05-12 13:40:00,29.025,29.0299,29.02,29.025,12910
2026-05-12 13:45:00,29.025,29.03,29.02,29.025,99460
2026-05-12 13:50:00,29.025,29.025,29.02,29.025,1286
2026-05-12 13:55:00,29.025,29.0299,29.02,29.025,3302
2026-05-12 14:00:00,29.025,29.03,29.02,29.025,10096
2026-05-12 14:05:00,29.025,29.025,29.02,29.025,3429
2026-05-12 14:10:00,29.025,29.025,29.02,29.025,2688
2026-05-12 14:15:00,29.025,29.0299,29.02,29.025,6894
2026-05-12 14:20:00,29.025,29.03,29.02,29.025,2398
2026-05-12 14:25:00,29.025,29.03,29.02,29.02,2689
2026-05-12 14:30:00,29.025,29.0299,29.02,29.025,1313
2026-05-12 14:35:00,29.025,29.0299,29.02,29.025,1155
2026-05-12 14:40:00,29.02,29.03,29.02,29.03,1225
2026-05-12 14:45:00,29.025,29.03,29.02,29.025,10388
2026-05-12 14:50:00,29.025,29.0299,29.02,29.025,6769
2026-05-12 14:55:00,29.025,29.025,29.02,29.02,1175
2026-05-12 15:00:00,29.025,29.03,29.02,29.025,8044
2026-05-12 15:05:00,29.025,29.0299,29.02,29.025,1812
2026-05-12 15:10:00,29.025,29.0299,29.02,29.02,2790
2026-05-12 15:15:00,29.025,29.0299,29.02,29.025,8820
2026-05-12 15:20:00,29.0299,29.0299,29.02,29.025,10656
2026-05-12 15:25:00,29.0265,29.03,29.02,29.0201,20701
2026-05-12 15:30:00,29.025,29.0299,29.02,29.025,3269
2026-05-12 15:35:00,29.025,29.0299,29.0201,29.025,5353
2026-05-12 15:40:00,29.025,29.0299,29.025,29.025,2526
2026-05-12 15:45:00,29.025,29.03,29.02,29.025,7312
2026-05-12 15:50:00,29.025,29.0299,29.02,29.025,9023
2026-05-12 15:55:00,29.025,29.03,29.02,29.025,16660
2026-05-12 16:00:00,29.02,29.02,29.02,29.02,979
2026-05-12 16:20:00,29.0287,29.0287,29.0287,29.0287,2000
2026-05-12 16:25:00,29.02,29.02,29.02,29.02,350
2026-05-12 16:35:00,29.0265,29.0265,29.0265,29.0265,1000
2026-05-13 09:30:00,29.02,29.03,29.02,29.025,11972
2026-05-13 09:35:00,29.0258,29.03,29.0201,29.025,5572
2026-05-13 09:40:00,29.025,29.03,29.0201,29.025,13033
2026-05-13 09:45:00,29.03,29.035,29.025,29.035,6409
2026-05-13 09:50:00,29.0399,29.0399,29.03,29.0399,8051
2026-05-13 09:55:00,29.03,29.035,29.03,29.035,565
2026-05-13 10:00:00,29.035,29.035,29.03,29.03,790
2026-05-13 10:05:00,29.0301,29.035,29.03,29.03,601
2026-05-13 10:10:00,29.035,29.035,29.03,29.03,620
2026-05-13 10:15:00,29.035,29.035,29.03,29.03,5621
2026-05-13 10:20:00,29.0391,29.0391,29.02,29.025,60557
2026-05-13 10:25:00,29.025,29.0299,29.02,29.0299,1076
2026-05-13 10:30:00,29.025,29.025,29.02,29.025,4506
2026-05-13 10:35:00,29.02,29.0299,29.02,29.02,2957
2026-05-13 10:40:00,29.02,29.0299,29.02,29.025,818
2026-05-13 10:45:00,29.025,29.0297,29.02,29.02,5454
2026-05-13 10:50:00,29.0293,29.0299,29.02,29.025,3174
2026-05-13 10:55:00,29.025,29.025,29.02,29.02,300
2026-05-13 11:00:00,29.0299,29.03,29.02,29.02,4059
2026-05-13 11:05:00,29.025,29.025,29.02,29.02,997
2026-05-13 11:10:00,29.02,29.025,29.02,29.02,403
2026-05-13 11:15:00,29.02,29.03,29.02,29.02,3089
2026-05-13 11:20:00,29.02,29.025,29.02,29.02,710
2026-05-13 11:25:00,29.025,29.025,29.02,29.025,1299
2026-05-13 11:30:00,29.02,29.0299,29.02,29.02,9051
2026-05-13 11:35:00,29.0299,29.0299,29.02,29.02,10585
2026-05-13 11:40:00,29.0201,29.025,29.02,29.02,1958
2026-05-13 11:45:00,29.025,29.03,29.02,29.02,28210
2026-05-13 11:50:00,29.02,29.025,29.02,29.022,2982
2026-05-13 11:55:00,29.03,29.03,29.02,29.02,15430
2026-05-13 12:00:00,29.025,29.025,29.02,29.02,419
2026-05-13 12:05:00,29.0299,29.0299,29.02,29.0201,1600
2026-05-13 12:10:00,29.0201,29.0265,29.02,29.0265,769919
2026-05-13 12:15:00,29.025,29.0299,29.02,29.025,8487
2026-05-13 12:20:00,29.025,29.03,29.022,29.025,5488
2026-05-13 12:25:00,29.0299,29.035,29.0201,29.035,56509
2026-05-13 12:30:00,29.031,29.04,29.03,29.03,13281
2026-05-13 12:35:00,29.03,29.04,29.03,29.03,13821
2026-05-13 12:40:00,29.035,29.039,29.03,29.03,2101
2026-05-13 12:45:00,29.0399,29.0399,29.03,29.0301,8099
2026-05-13 12:50:00,29.03,29.04,29.03,29.03,5655
2026-05-13 12:55:00,29.03,29.0399,29.03,29.03,5450
2026-05-13 13:00:00,29.0399,29.0399,29.022,29.025,29310
2026-05-13 13:05:00,29.0299,29.03,29.025,29.025,7208
2026-05-13 13:10:00,29.0201,29.0299,29.0201,29.025,33476
2026-05-13 13:15:00,29.0235,29.03,29.02,29.03,24504
2026-05-13 13:20:00,29.0299,29.03,29.0225,29.0225,3054
2026-05-13 13:25:00,29.0201,29.03,29.0201,29.025,3971
2026-05-13 13:30:00,29.025,29.0299,29.025,29.0299,1047
2026-05-13 13:35:00,29.0299,29.03,29.02,29.0299,13077
2026-05-13 13:40:00,29.025,29.03,29.022,29.025,5016
2026-05-13 13:45:00,29.025,29.03,29.025,29.03,8242
2026-05-13 13:50:00,29.023,29.0299,29.023,29.025,6199
2026-05-13 13:55:00,29.025,29.0299,29.025,29.025,5720
2026-05-13 14:00:00,29.025,29.03,29.0243,29.025,14725
2026-05-13 14:05:00,29.025,29.025,29.0201,29.025,796
2026-05-13 14:10:00,29.0275,29.03,29.02,29.025,2625
2026-05-13 14:15:00,29.025,29.0299,29.025,29.0299,4197
2026-05-13 14:20:00,29.025,29.03,29.0201,29.0299,12695
2026-05-13 14:25:00,29.025,29.0299,29.025,29.025,1897
2026-05-13 14:30:00,29.0218,29.03,29.0201,29.025,13571
2026-05-13 14:35:00,29.03,29.03,29.0221,29.025,3396
2026-05-13 14:40:00,29.025,29.03,29.02,29.0299,3390
2026-05-13 14:45:00,29.0201,29.03,29.0201,29.025,6341
2026-05-13 14:50:00,29.02,29.0299,29.02,29.025,48577
2026-05-13 14:55:00,29.0299,29.0299,29.0215,29.027,6236
2026-05-13 15:00:00,29.03,29.03,29.025,29.025,8351
2026-05-13 15:05:00,29.0299,29.03,29.0217,29.025,21098
2026-05-13 15:10:00,29.03,29.03,29.0201,29.025,24782
2026-05-13 15:15:00,29.025,29.03,29.025,29.025,39341
2026-05-13 15:20:00,29.03,29.035,29.025,29.035,7676
2026-05-13 15:25:00,29.035,29.04,29.0301,29.035,7253
2026-05-13 15:30:00,29.035,29.04,29.03,29.032,5194
2026-05-13 15:35:00,29.04,29.04,29.03,29.03,21624
2026-05-13 15:40:00,29.035,29.04,29.03,29.035,2536
2026-05-13 15:45:00,29.035,29.035,29.03,29.035,7992
2026-05-13 15:50:00,29.035,29.04,29.0301,29.035,9993
2026-05-13 15:55:00,29.035,29.04,29.03,29.035,17403
2026-05-13 16:00:00,29.04,29.04,29.03,29.03,23368
2026-05-13 16:35:00,29.0365,29.0387,29.0365,29.0387,1600
2026-05-14 09:30:00,29.05,29.05,29.04,29.045,80630
2026-05-14 09:35:00,29.045,29.045,29.04,29.045,5425
2026-05-14 09:40:00,29.045,29.05,29.04,29.0499,3047
2026-05-14 09:45:00,29.04,29.0499,29.04,29.0499,2298
2026-05-14 09:50:00,29.05,29.05,29.04,29.05,1947
2026-05-14 09:55:00,29.045,29.045,29.04,29.04,800
2026-05-14 10:00:00,29.0401,29.05,29.04,29.04,2369
2026-05-14 10:05:00,29.045,29.05,29.04,29.04,8473
2026-05-14 10:10:00,29.045,29.05,29.04,29.04,17501
2026-05-14 10:15:00,29.04,29.045,29.04,29.045,4201
2026-05-14 10:20:00,29.0401,29.05,29.03,29.03,28651
2026-05-14 10:25:00,29.03,29.04,29.03,29.035,2474
2026-05-14 10:30:00,29.03,29.035,29.03,29.03,586
2026-05-14 10:35:00,29.035,29.035,29.03,29.035,2351
2026-05-14 10:40:00,29.03,29.035,29.03,29.035,600
2026-05-14 10:45:00,29.0399,29.0399,29.03,29.035,4217
2026-05-14 10:50:00,29.0399,29.0399,29.03,29.035,1140
2026-05-14 10:55:00,29.035,29.0399,29.0311,29.035,1654
2026-05-14 11:00:00,29.035,29.0399,29.035,29.035,1929
2026-05-14 11:05:00,29.04,29.04,29.03,29.03,1417
2026-05-14 11:10:00,29.035,29.04,29.03,29.035,1559
2026-05-14 11:15:00,29.03,29.0399,29.03,29.0399,11261
2026-05-14 11:20:00,29.04,29.04,29.03,29.035,9313
2026-05-14 11:25:00,29.04,29.04,29.03,29.0399,972
2026-05-14 11:30:00,29.0399,29.04,29.03,29.035,2052
2026-05-14 11:35:00,29.035,29.04,29.03,29.03,3603
2026-05-14 11:40:00,29.035,29.04,29.03,29.04,70300
2026-05-14 11:45:00,29.04,29.04,29.03,29.035,5733
2026-05-14 11:50:00,29.03,29.04,29.03,29.035,5238
2026-05-14 11:55:00,29.035,29.04,29.0311,29.035,1491
2026-05-14 12:00:00,29.04,29.04,29.0325,29.035,6800
2026-05-14 12:05:00,29.039,29.04,29.0301,29.0399,16358
2026-05-14 12:10:00,29.035,29.04,29.035,29.035,903
2026-05-14 12:15:00,29.035,29.035,29.0325,29.0325,961
2026-05-14 12:20:00,29.035,29.035,29.035,29.035,1213
2026-05-14 12:25:00,29.04,29.04,29.0301,29.035,7716
2026-05-14 12:30:00,29.04,29.04,29.03,29.03,1637
2026-05-14 12:35:00,29.0369,29.04,29.03,29.0399,4451
2026-05-14 12:40:00,29.035,29.04,29.035,29.04,6118
2026-05-14 12:45:00,29.035,29.04,29.03,29.035,3465
2026-05-14 12:50:00,29.03,29.04,29.03,29.03,680
2026-05-14 12:55:00,29.035,29.04,29.03,29.04,22211
2026-05-14 13:00:00,29.035,29.0399,29.03,29.0399,3446
2026-05-14 13:05:00,29.04,29.04,29.035,29.035,3628
2026-05-14 13:10:00,29.035,29.0399,29.03,29.0399,2751
2026-05-14 13:15:00,29.0301,29.04,29.03,29.04,801
2026-05-14 13:20:00,29.0399,29.0399,29.03,29.035,4403
2026-05-14 13:25:00,29.035,29.035,29.035,29.035,2029
2026-05-14 13:30:00,29.04,29.04,29.035,29.035,3009
2026-05-14 13:35:00,29.03,29.04,29.03,29.0314,14830
2026-05-14 13:40:00,29.0399,29.04,29.03,29.0399,3084
2026-05-14 13:45:00,29.04,29.04,29.03,29.04,400
2026-05-14 13:50:00,29.035,29.04,29.03,29.035,1616
2026-05-14 13:55:00,29.035,29.04,29.03,29.04,9625
2026-05-14 14:00:00,29.03,29.04,29.03,29.0301,3760
2026-05-14 14:05:00,29.03,29.035,29.03,29.035,1950
2026-05-14 14:10:00,29.03,29.04,29.03,29.03,13567
2026-05-14 14:15:00,29.031,29.031,29.03,29.03,410
2026-05-14 14:20:00,29.0301,29.04,29.03,29.03,3547
2026-05-14 14:25:00,29.04,29.04,29.03,29.03,749
2026-05-14 14:30:00,29.0301,29.0399,29.03,29.03,5022
2026-05-14 14:35:00,29.0301,29.04,29.03,29.035,3258
2026-05-14 14:40:00,29.035,29.04,29.03,29.04,3820
2026-05-14 14:45:00,29.0399,29.0399,29.03,29.035,2395
2026-05-14 14:50:00,29.04,29.04,29.03,29.03,3772
2026-05-14 14:55:00,29.035,29.035,29.03,29.03,9384
2026-05-14 15:00:00,29.0301,29.04,29.03,29.0399,12055
2026-05-14 15:05:00,29.03,29.0399,29.03,29.03,2858
2026-05-14 15:10:00,29.03,29.04,29.03,29.035,11437
2026-05-14 15:15:00,29.0301,29.04,29.03,29.03,19250
2026-05-14 15:20:00,29.0301,29.035,29.03,29.0301,7155
2026-05-14 15:25:00,29.03,29.04,29.03,29.03,8731
2026-05-14 15:30:00,29.03,29.04,29.03,29.03,15032
2026-05-14 15:35:00,29.035,29.04,29.0201,29.03,51284
2026-05-14 15:40:00,29.02,29.03,29.02,29.025,2952
2026-05-14 15:45:00,29.025,29.03,29.02,29.025,4336
2026-05-14 15:50:00,29.0299,29.0299,29.02,29.025,5122
2026-05-14 15:55:00,29.02,29.03,29.02,29.02,35202
2026-05-14 16:00:00,29.02,29.02,29.02,29.02,308
2026-05-14 16:30:00,29.03,29.03,29.03,29.03,100
2026-05-14 16:35:00,29.02,29.02,29.02,29.02,6600
2026-05-15 09:00:00,29,29,29,29,3300
2026-05-15 09:30:00,29,29.0001,29,29,16754
2026-05-15 09:35:00,29,29,29,29,200
2026-05-15 09:40:00,29,29.005,29,29,1049
2026-05-15 09:45:00,29.005,29.005,28.99,28.99,28847
2026-05-15 09:50:00,28.995,28.995,28.99,28.995,3373
2026-05-15 09:55:00,28.99,28.9954,28.99,28.99,6788
2026-05-15 10:00:00,28.99,28.9999,28.99,28.99,3795
2026-05-15 10:05:00,29,29,28.9901,28.995,1873
2026-05-15 10:10:00,28.995,29,28.9912,28.995,4046
2026-05-15 10:15:00,28.995,29,28.9901,29,4271
2026-05-15 10:20:00,29,29,28.9941,28.995,12756
2026-05-15 10:25:00,29,29,28.995,28.9999,3263
2026-05-15 10:30:00,28.995,29,28.99,28.995,2551
2026-05-15 10:35:00,29,29,28.99,28.995,2877
2026-05-15 10:40:00,28.9999,29,28.995,28.995,17422
2026-05-15 10:45:00,28.995,28.995,28.995,28.995,800
2026-05-15 10:50:00,28.9999,29,28.9901,29,3228
2026-05-15 10:55:00,28.995,29,28.995,28.9999,4008
2026-05-15 11:00:00,28.9999,29,28.9901,28.995,2584
2026-05-15 11:05:00,28.99,29,28.99,29,5100
2026-05-15 11:10:00,29,29,28.99,28.995,3912
2026-05-15 11:15:00,28.9978,28.9999,28.99,28.995,6569
2026-05-15 11:20:00,29,29,28.995,28.995,780
2026-05-15 11:25:00,29,29,28.99,28.9999,7564
2026-05-15 11:30:00,28.99,28.9999,28.99,28.99,7295
2026-05-15 11:35:00,28.995,29,28.99,28.995,7926
2026-05-15 11:40:00,28.9915,29,28.99,28.995,13561
2026-05-15 11:45:00,28.9999,29,28.99,29,5715
2026-05-15 11:50:00,28.99,28.9999,28.99,28.9999,3266
2026-05-15 11:55:00,28.99,29,28.99,28.995,901
2026-05-15 12:00:00,28.995,29,28.99,28.99,7264
2026-05-15 12:05:00,28.9999,28.9999,28.99,28.9993,12534
2026-05-15 12:10:00,28.9999,29,28.99,28.995,3107
2026-05-15 12:15:00,28.9999,28.9999,28.99,28.9999,9696
2026-05-15 12:20:00,28.995,29,28.99,28.995,4482
2026-05-15 12:25:00,28.995,29,28.99,29,1291
2026-05-15 12:30:00,28.99,28.9999,28.99,28.99,6596
2026-05-15 12:35:00,28.995,29,28.99,29,4931
2026-05-15 12:40:00,29,29,28.99,29,4917
2026-05-15 12:45:00,28.9901,28.9999,28.99,28.99,1380
2026-05-15 12:50:00,29,29,28.99,28.995,25638
2026-05-15 12:55:00,28.995,29,28.99,28.99,29515
2026-05-15 13:00:00,28.99,28.9901,28.99,28.9901,2350
2026-05-15 13:05:00,28.9999,28.9999,28.99,28.9991,3499
2026-05-15 13:10:00,28.9999,29,28.99,28.9999,8798
2026-05-15 13:15:00,28.9999,29,28.99,28.995,3998
2026-05-15 13:20:00,28.9999,29,28.99,28.995,2732
2026-05-15 13:25:00,29,29,28.99,28.9998,6120
2026-05-15 13:30:00,28.99,28.995,28.99,28.9901,1265
2026-05-15 13:35:00,28.995,29,28.995,28.9997,4980
2026-05-15 13:40:00,28.99,29,28.99,29,4509
2026-05-15 13:45:00,28.99,28.9901,28.99,28.9901,386
2026-05-15 13:50:00,28.99,28.9999,28.99,28.995,8001
2026-05-15 13:55:00,28.9901,28.9901,28.99,28.9901,1649
2026-05-15 14:00:00,28.99,29,28.99,28.995,3673
2026-05-15 14:05:00,28.9901,28.995,28.99,28.995,2403
2026-05-15 14:10:00,28.9901,29,28.99,29,3997
2026-05-15 14:15:00,28.996,29,28.99,29,2594
2026-05-15 14:20:00,28.9999,29,28.99,28.99,4912
2026-05-15 14:25:00,28.99,28.9975,28.99,28.9975,475
2026-05-15 14:30:00,28.99,29,28.99,28.99,7575
2026-05-15 14:35:00,28.995,29,28.99,28.99,4198
2026-05-15 14:40:00,28.995,29,28.99,29,1996
2026-05-15 14:45:00,28.99,29,28.99,28.99,830
2026-05-15 14:50:00,29,29,28.99,28.99,2096
2026-05-15 14:55:00,28.99,29,28.99,29,2513
2026-05-15 15:00:00,28.99,29,28.99,28.99,23598
2026-05-15 15:05:00,28.99,29,28.99,28.9999,2633
2026-05-15 15:10:00,29,29,28.99,28.99,9405
2026-05-15 15:15:00,28.9999,29,28.99,29,9064
2026-05-15 15:20:00,28.995,29,28.99,28.995,14651
2026-05-15 15:25:00,28.995,29,28.99,28.99,3366
2026-05-15 15:30:00,28.9901,29,28.99,28.99,16805
2026-05-15 15:35:00,28.995,29,28.99,28.995,50374
2026-05-15 15:40:00,28.99,29,28.99,28.99,6040
2026-05-15 15:45:00,28.99,29,28.99,29,15000
2026-05-15 15:50:00,28.9901,29,28.99,28.99,9450
2026-05-15 15:55:00,28.995,29,28.99,28.99,57992
2026-05-15 16:00:00,29,29,29,29,9187
2026-05-15 16:35:00,28.9987,28.9987,28.9987,28.9987,1000
2026-05-15 16:40:00,28.9965,28.9965,28.9965,28.9965,400
2026-05-18 07:40:00,29,29,29,29,2450
2026-05-18 07:55:00,29,29,29,29,550
2026-05-18 09:30:00,29,29.01,29,29.005,85265
2026-05-18 09:35:00,29.005,29.005,29.005,29.005,300
2026-05-18 09:40:00,29.005,29.005,29.005,29.005,744
2026-05-18 09:45:00,29.005,29.015,29.005,29.015,15192
2026-05-18 09:50:00,29.02,29.02,29.015,29.015,750
2026-05-18 09:55:00,29.015,29.0199,29.015,29.0199,399
2026-05-18 10:00:00,29.015,29.017,29.01,29.015,8909
2026-05-18 10:05:00,29.015,29.015,29.01,29.01,3849
2026-05-18 10:10:00,29.0101,29.02,29.01,29.015,2824
2026-05-18 10:15:00,29.01,29.0159,29.01,29.015,6860
2026-05-18 10:20:00,29.01,29.015,29,29.005,12272
2026-05-18 10:25:00,29,29.0099,29,29.0002,2685
2026-05-18 10:30:00,29.005,29.0099,29,29,3287
2026-05-18 10:35:00,29.01,29.01,29,29.005,35154
2026-05-18 10:40:00,29.005,29.0099,29,29.005,11813
2026-05-18 10:45:00,29,29.01,29,29.005,5992
2026-05-18 10:50:00,29.005,29.0099,29,29.005,4983
2026-05-18 10:55:00,29.005,29.0099,29,29,7488
2026-05-18 11:00:00,29.005,29.01,29,29,16886
2026-05-18 11:05:00,29,29,28.99,28.9901,48096
2026-05-18 11:10:00,28.995,29,28.9942,28.995,6673
2026-05-18 11:15:00,28.995,28.9999,28.9912,28.9912,2983
2026-05-18 11:20:00,28.995,28.995,28.995,28.995,615
2026-05-18 11:25:00,28.9997,29,28.99,29,9562
2026-05-18 11:30:00,28.9999,28.9999,28.9926,28.995,9061
2026-05-18 11:35:00,28.995,29,28.995,29,1316
2026-05-18 11:40:00,28.995,29,28.995,28.995,8813
2026-05-18 11:45:00,28.995,28.9998,28.995,28.9998,312
2026-05-18 11:50:00,28.99,29,28.99,29,6825
2026-05-18 11:55:00,28.995,29,28.9901,28.994,6248
2026-05-18 12:00:00,28.9999,29,28.995,28.995,1568
2026-05-18 12:05:00,28.995,29,28.9933,28.9934,3591
2026-05-18 12:10:00,28.9999,28.9999,28.9901,28.995,3862
2026-05-18 12:15:00,28.995,29,28.9916,28.995,3047
2026-05-18 12:20:00,28.995,29,28.9912,28.995,1461
2026-05-18 12:25:00,28.995,29,28.99,28.995,10169
2026-05-18 12:30:00,28.9901,29,28.9901,28.995,6664
2026-05-18 12:35:00,28.995,28.995,28.9901,28.995,809
2026-05-18 12:40:00,28.995,29,28.995,28.995,10098
2026-05-18 12:45:00,28.9999,29,28.995,29,1802
2026-05-18 12:50:00,28.995,28.9999,28.995,28.995,1285
2026-05-18 12:55:00,28.9916,29,28.9914,29,3282
2026-05-18 13:00:00,28.995,29,28.99,28.9901,23223
2026-05-18 13:05:00,28.9901,28.9999,28.9901,28.995,34420
2026-05-18 13:10:00,28.9999,28.9999,28.9912,28.995,7898
2026-05-18 13:15:00,28.995,29,28.99,28.995,2477
2026-05-18 13:20:00,28.995,28.9999,28.995,28.995,4014
2026-05-18 13:25:00,28.9918,28.9999,28.9917,28.995,3911
2026-05-18 13:30:00,28.995,28.9999,28.995,28.995,6473
2026-05-18 13:35:00,28.9929,28.9999,28.9929,28.997,7622
2026-05-18 13:40:00,28.995,28.9999,28.9901,28.9965,7618
2026-05-18 13:45:00,29,29,28.99,28.995,5487
2026-05-18 13:50:00,28.995,28.995,28.995,28.995,203
2026-05-18 13:55:00,28.995,29,28.995,29,911
2026-05-18 14:00:00,28.9999,29,28.995,28.995,42504
2026-05-18 14:05:00,28.99,29,28.99,28.995,4841
2026-05-18 14:10:00,28.99,29,28.99,28.995,7990
2026-05-18 14:15:00,28.99,28.9999,28.99,28.995,5876
2026-05-18 14:20:00,28.995,28.995,28.99,28.995,3277
2026-05-18 14:25:00,28.995,29,28.99,28.995,3484
2026-05-18 14:30:00,28.995,28.995,28.99,28.99,6745
2026-05-18 14:35:00,28.995,28.9999,28.99,28.995,14180
2026-05-18 14:40:00,28.995,28.9957,28.99,28.995,3078
2026-05-18 14:45:00,28.995,28.995,28.99,28.995,1807
2026-05-18 14:50:00,28.995,29,28.99,28.995,14906
2026-05-18 14:55:00,28.99,29,28.99,28.995,13880
2026-05-18 15:00:00,28.995,29.01,28.99,29.0002,181154
2026-05-18 15:05:00,29.005,29.005,29,29,111183
2026-05-18 15:10:00,29.005,29.0099,29,29.005,4712
2026-05-18 15:15:00,29.005,29.005,29,29.005,9234
2026-05-18 15:20:00,29,29.01,29,29.005,16537
2026-05-18 15:25:00,29,29,28.99,29,82155
2026-05-18 15:30:00,28.995,29,28.995,29,18595
2026-05-18 15:35:00,28.995,29,28.9901,29,15498
2026-05-18 15:40:00,29,29,28.995,29,3433
2026-05-18 15:45:00,28.995,29,28.99,29,10790
2026-05-18 15:50:00,29,29.01,29,29.005,17944
2026-05-18 15:55:00,29.005,29.0099,29,29,19557
2026-05-18 16:00:00,29,29,29,29,112411
2026-05-18 16:10:00,29.0087,29.0087,29.0087,29.0087,205
2026-05-18 16:35:00,29.01,29.01,29.01,29.01,5000
2026-05-19 09:30:00,28.98,28.9899,28.98,28.985,13158
2026-05-19 09:35:00,28.98,28.9899,28.98,28.9899,2916
2026-05-19 09:40:00,28.9801,28.9829,28.98,28.98,3836
2026-05-19 09:45:00,28.9809,28.9899,28.98,28.98,8213
2026-05-19 09:50:00,28.9899,28.9899,28.98,28.985,1510
2026-05-19 09:55:00,28.9865,28.9865,28.985,28.985,10070
2026-05-19 10:00:00,28.98,28.985,28.98,28.985,3950
2026-05-19 10:05:00,28.9838,28.985,28.98,28.98,333
2026-05-19 10:10:00,28.9899,28.99,28.98,28.985,7504
2026-05-19 10:15:00,28.98,28.9899,28.98,28.9801,5868
2026-05-19 10:20:00,28.98,28.9801,28.97,28.97,18748
2026-05-19 10:25:00,28.9703,28.9703,28.961,28.965,16027
2026-05-19 10:30:00,28.965,28.97,28.9601,28.97,14457
2026-05-19 10:35:00,28.9703,28.98,28.97,28.97,9839
2026-05-19 10:40:00,28.9701,28.9701,28.97,28.97,923
2026-05-19 10:45:00,28.97,28.9799,28.97,28.97,828
2026-05-19 10:50:00,28.97,28.9788,28.97,28.97,9021
2026-05-19 10:55:00,28.975,28.975,28.97,28.9701,8075
2026-05-19 11:00:00,28.9799,28.98,28.97,28.975,6505
2026-05-19 11:05:00,28.97,28.98,28.97,28.97,1275
2026-05-19 11:10:00,28.975,28.975,28.97,28.9701,12078
2026-05-19 11:15:00,28.975,28.975,28.97,28.9701,5995
2026-05-19 11:20:00,28.975,28.98,28.97,28.97,15630
2026-05-19 11:25:00,28.975,28.975,28.97,28.9701,1777
2026-05-19 11:30:00,28.97,28.9799,28.97,28.9701,10734
2026-05-19 11:35:00,28.9701,28.975,28.97,28.97,794
2026-05-19 11:40:00,28.97,28.975,28.97,28.97,2816
2026-05-19 11:45:00,28.975,28.98,28.97,28.9799,1614
2026-05-19 11:50:00,28.97,28.98,28.97,28.97,3412
2026-05-19 11:55:00,28.97,28.98,28.97,28.97,4065
2026-05-19 12:00:00,28.97,28.97,28.97,28.97,1360
2026-05-19 12:05:00,28.9799,28.98,28.97,28.98,4076
2026-05-19 12:10:00,28.97,28.9799,28.97,28.9701,1910
2026-05-19 12:15:00,28.9799,28.9799,28.97,28.9797,2464
2026-05-19 12:20:00,28.97,28.975,28.97,28.97,3068
2026-05-19 12:25:00,28.97,28.9799,28.97,28.9709,17198
2026-05-19 12:30:00,28.9799,28.9799,28.975,28.9799,7649
2026-05-19 12:35:00,28.97,28.98,28.97,28.9765,5431
2026-05-19 12:40:00,28.97,28.98,28.97,28.97,14191
2026-05-19 12:45:00,28.97,28.975,28.97,28.97,1737
2026-05-19 12:50:00,28.9799,28.9799,28.97,28.97,2105
2026-05-19 12:55:00,28.975,28.975,28.97,28.975,10466
2026-05-19 13:00:00,28.98,28.98,28.975,28.9793,14170
2026-05-19 13:05:00,28.9799,28.98,28.975,28.975,2478
2026-05-19 13:10:00,28.975,28.98,28.975,28.98,9923
2026-05-19 13:15:00,28.975,28.98,28.9701,28.975,10328
2026-05-19 13:20:00,28.98,28.98,28.9799,28.9799,2669
2026-05-19 13:25:00,28.975,28.975,28.975,28.975,200
2026-05-19 13:30:00,28.98,28.99,28.975,28.98,105680
2026-05-19 13:35:00,28.9899,28.9899,28.98,28.98,1849
2026-05-19 13:40:00,28.98,28.98,28.98,28.98,100
2026-05-19 13:45:00,28.985,28.985,28.985,28.985,100
2026-05-19 13:50:00,28.985,28.985,28.985,28.985,1085
2026-05-19 13:55:00,28.9813,28.985,28.9801,28.985,5183
2026-05-19 14:00:00,28.985,28.9899,28.984,28.9899,4242
2026-05-19 14:05:00,28.9899,28.9899,28.985,28.985,7273
2026-05-19 14:10:00,28.985,28.99,28.98,28.98,13194
2026-05-19 14:15:00,28.99,28.99,28.98,28.985,37786
2026-05-19 14:20:00,28.985,28.985,28.98,28.985,2919
2026-05-19 14:25:00,28.98,28.9899,28.98,28.98,5284
2026-05-19 14:30:00,28.9801,28.985,28.9735,28.9798,94065
2026-05-19 14:35:00,28.975,28.98,28.975,28.975,12303
2026-05-19 14:40:00,28.9799,28.99,28.9799,28.9801,117552
2026-05-19 14:45:00,28.9851,28.9899,28.98,28.98,42833
2026-05-19 14:50:00,28.985,28.9886,28.98,28.98,9531
2026-05-19 14:55:00,28.98,28.98,28.97,28.975,26749
2026-05-19 15:00:00,28.975,28.975,28.97,28.9728,1784
2026-05-19 15:05:00,28.9729,28.98,28.97,28.975,87303
2026-05-19 15:10:00,28.976,28.98,28.97,28.97,2022
2026-05-19 15:15:00,28.975,28.98,28.97,28.97,5796
2026-05-19 15:20:00,28.98,28.98,28.97,28.98,236319
2026-05-19 15:25:00,28.98,28.98,28.975,28.975,9706
2026-05-19 15:30:00,28.97,28.98,28.97,28.9799,55245
2026-05-19 15:35:00,28.9799,28.98,28.97,28.98,3103
2026-05-19 15:40:00,28.975,28.98,28.97,28.97,73203
2026-05-19 15:45:00,28.98,28.98,28.9718,28.975,2195
2026-05-19 15:50:00,28.98,28.98,28.975,28.975,5145
2026-05-19 15:55:00,28.975,28.98,28.9712,28.98,25927
2026-05-19 16:00:00,28.98,28.98,28.98,28.98,58193
2026-05-19 16:40:00,28.98,28.98,28.98,28.98,2500
2026-05-19 16:45:00,28.975,28.975,28.975,28.975,800
2026-05-20 05:15:00,28.95,28.95,28.94,28.94,202
2026-05-20 08:15:00,29,29,29,29,102
2026-05-20 09:30:00,28.98,28.9899,28.98,28.9899,24910
2026-05-20 09:35:00,28.9801,28.99,28.98,28.99,11891
2026-05-20 09:40:00,28.98,28.98,28.98,28.98,200
2026-05-20 09:45:00,28.98,28.99,28.98,28.985,342
2026-05-20 09:50:00,28.9899,28.9899,28.98,28.98,200
2026-05-20 09:55:00,28.98,28.98,28.98,28.98,200
2026-05-20 10:00:00,28.985,28.985,28.98,28.98,870
2026-05-20 10:05:00,28.9899,28.9899,28.98,28.9899,1309
2026-05-20 10:10:00,28.98,28.9899,28.98,28.98,3599
2026-05-20 10:15:00,28.985,29.01,28.985,29.0002,13081
2026-05-20 10:20:00,29.01,29.01,29.005,29.005,4308
2026-05-20 10:25:00,29.002,29.0099,29.0001,29.0099,2327
2026-05-20 10:30:00,29,29,29,29,200
2026-05-20 10:35:00,29,29.01,29,29,7987
2026-05-20 10:40:00,29,29.005,29,29.005,4000
2026-05-20 10:45:00,29.005,29.01,29,29,8414
2026-05-20 10:50:00,29.0099,29.0099,29,29.005,15689
2026-05-20 10:55:00,29.01,29.01,29.005,29.005,17923
2026-05-20 11:00:00,29.005,29.01,29.005,29.005,35091
2026-05-20 11:05:00,29.005,29.01,29.005,29.01,558
2026-05-20 11:10:00,29.005,29.005,29,29.005,426
2026-05-20 11:15:00,29.0099,29.035,29.0099,29.02,80715
2026-05-20 11:20:00,29.0299,29.03,29.0299,29.03,3223
2026-05-20 11:25:00,29.0243,29.0243,29.02,29.02,2766
2026-05-20 11:30:00,29.025,29.025,29.02,29.025,15500
2026-05-20 11:35:00,29.025,29.0299,29.02,29.0201,2016
2026-05-20 11:40:00,29.0201,29.0201,29.02,29.02,850
2026-05-20 11:45:00,29.025,29.0299,29.02,29.0299,1220
2026-05-20 11:50:00,29.02,29.0201,29.02,29.0201,8945
2026-05-20 11:55:00,29.025,29.025,29.015,29.0197,23992
2026-05-20 12:00:00,29.015,29.02,29.01,29.01,39543
2026-05-20 12:05:00,29.0101,29.0199,29.01,29.01,5489
2026-05-20 12:10:00,29.015,29.015,29.01,29.01,251
2026-05-20 12:15:00,29.015,29.0199,29.0125,29.0199,2581
2026-05-20 12:20:00,29.01,29.02,29.01,29.01,5263
2026-05-20 12:25:00,29.01,29.02,29.01,29.0199,10209
2026-05-20 12:30:00,29.01,29.0167,29.01,29.015,2312
2026-05-20 12:35:00,29.0101,29.02,29.01,29.01,3564
2026-05-20 12:40:00,29.015,29.0199,29.01,29.0199,6710
2026-05-20 12:45:00,29.019,29.02,29.01,29.02,10574
2026-05-20 12:50:00,29.0199,29.0199,29.01,29.0199,3371
2026-05-20 12:55:00,29.015,29.015,29.01,29.015,1077
2026-05-20 13:00:00,29.0199,29.025,29.015,29.02,48041
2026-05-20 13:05:00,29.0111,29.02,29.0111,29.015,243599
2026-05-20 13:10:00,29.015,29.02,29.0101,29.0199,2105
2026-05-20 13:15:00,29.02,29.02,29.0199,29.02,254739
2026-05-20 13:20:00,29.015,29.015,29.01,29.0114,1980
2026-05-20 13:25:00,29.015,29.02,29.01,29.02,4807
2026-05-20 13:30:00,29.015,29.02,29.01,29.01,1054
2026-05-20 13:35:00,29.02,29.02,29.015,29.015,9600
2026-05-20 13:40:00,29.0199,29.02,29.01,29.01,17885
2026-05-20 13:45:00,29.0101,29.0199,29.01,29.0199,3393
2026-05-20 13:50:00,29.0161,29.0161,29.01,29.01,4982
2026-05-20 13:55:00,29.015,29.02,29.01,29.01,9415
2026-05-20 14:00:00,29.02,29.02,29.01,29.01,3659
2026-05-20 14:05:00,29.0101,29.02,29.01,29.02,2558
2026-05-20 14:10:00,29.0141,29.0199,29.01,29.0199,1642
2026-05-20 14:15:00,29.0199,29.02,29.0113,29.02,15111
2026-05-20 14:20:00,29.0199,29.02,29.015,29.02,6181
2026-05-20 14:25:00,29.0126,29.02,29.0115,29.02,30862
2026-05-20 14:30:00,29.02,29.02,29.0134,29.015,15745
2026-05-20 14:35:00,29.02,29.03,29.02,29.02,38903
2026-05-20 14:40:00,29.0201,29.0299,29.0201,29.0299,790
2026-05-20 14:45:00,29.03,29.03,29.02,29.02,5958
2026-05-20 14:50:00,29.03,29.03,29.02,29.03,5625
2026-05-20 14:55:00,29.025,29.0299,29.02,29.0201,15818
2026-05-20 15:00:00,29.03,29.03,29.02,29.025,33390
2026-05-20 15:05:00,29.025,29.03,29.02,29.025,57838
2026-05-20 15:10:00,29.025,29.03,29.02,29.025,37631
2026-05-20 15:15:00,29.025,29.0298,29.02,29.025,7994
2026-05-20 15:20:00,29.02,29.0299,29.02,29.025,4519
2026-05-20 15:25:00,29.03,29.03,29.02,29.025,84297
2026-05-20 15:30:00,29.0201,29.03,29.02,29.0201,40282
2026-05-20 15:35:00,29.03,29.03,29.02,29.025,139655
2026-05-20 15:40:00,29.025,29.025,29.02,29.025,2879
2026-05-20 15:45:00,29.03,29.03,29.02,29.025,12879
2026-05-20 15:50:00,29.021,29.0299,29.02,29.0201,23225
2026-05-20 15:55:00,29.025,29.0299,29.02,29.025,19916
2026-05-20 16:00:00,29.02,29.0203,29.02,29.0203,1918
2026-05-20 16:25:00,29.02,29.02,29.02,29.02,2100
2026-05-21 09:30:00,29,29,28.99,28.995,29606
2026-05-21 09:35:00,28.995,28.995,28.99,28.99,6280
2026-05-21 09:40:00,28.9901,29,28.99,28.99,3099
2026-05-21 09:45:00,28.9999,28.9999,28.99,28.9983,10344
2026-05-21 09:50:00,28.99,29,28.99,29,17676
2026-05-21 09:55:00,28.995,28.9999,28.99,28.9901,12780
2026-05-21 10:00:00,28.995,28.9999,28.99,28.99,13268
2026-05-21 10:05:00,28.99,28.99,28.99,28.99,200
2026-05-21 10:10:00,28.9999,28.9999,28.99,28.9999,2408
2026-05-21 10:15:00,28.995,29,28.99,28.99,16811
2026-05-21 10:20:00,28.995,28.9999,28.99,28.9901,2703
2026-05-21 10:25:00,28.9999,28.9999,28.99,28.997,8843
2026-05-21 10:30:00,28.99,29,28.99,28.995,14426
2026-05-21 10:35:00,28.995,28.9999,28.99,28.9999,8370
2026-05-21 10:40:00,28.995,28.995,28.99,28.9901,683
2026-05-21 10:45:00,28.99,28.9999,28.99,28.995,12454
2026-05-21 10:50:00,28.9901,28.995,28.99,28.995,16059
2026-05-21 10:55:00,28.9901,28.9999,28.99,28.99,6137
2026-05-21 11:00:00,28.9901,29,28.99,28.99,5847
2026-05-21 11:05:00,28.99,28.99,28.99,28.99,200
2026-05-21 11:10:00,28.995,29,28.99,28.995,5840
2026-05-21 11:15:00,28.9901,28.9999,28.99,28.9901,4748
2026-05-21 11:20:00,28.99,29,28.99,28.99,284133
2026-05-21 11:25:00,28.995,28.995,28.99,28.99,2921
2026-05-21 11:30:00,28.99,29,28.99,28.9999,11373
2026-05-21 11:35:00,28.99,28.9999,28.99,28.995,1059
2026-05-21 11:40:00,28.99,28.9999,28.99,28.99,5766
2026-05-21 11:45:00,29,29,28.99,28.995,18120
2026-05-21 11:50:00,28.9901,28.995,28.99,28.995,6715
2026-05-21 11:55:00,28.99,28.9999,28.99,28.9999,2699
2026-05-21 12:00:00,28.99,29,28.99,28.995,45941
2026-05-21 12:05:00,28.995,29,28.995,28.995,8791
2026-05-21 12:10:00,28.9999,28.9999,28.99,28.995,21555
2026-05-21 12:15:00,28.99,29,28.99,29,1542
2026-05-21 12:20:00,28.995,28.9999,28.99,28.995,8102
2026-05-21 12:25:00,28.99,28.9999,28.99,28.995,41075
2026-05-21 12:30:00,28.995,28.9998,28.99,28.99,28493
2026-05-21 12:35:00,28.995,28.9999,28.99,28.995,10435
2026-05-21 12:40:00,28.995,28.9999,28.99,28.995,30960
2026-05-21 12:45:00,28.995,29,28.99,28.995,12809
2026-05-21 12:50:00,28.995,28.9999,28.99,28.9957,5070
2026-05-21 12:55:00,28.995,29,28.9901,28.995,14920
2026-05-21 13:00:00,28.995,28.9985,28.99,28.99,6936
2026-05-21 13:05:00,29,29,28.99,28.99,1347
2026-05-21 13:10:00,28.9999,29.005,28.9914,29.005,23689
2026-05-21 13:15:00,29.01,29.01,29.01,29.01,12910
2026-05-21 13:20:00,29.01,29.02,29.01,29.0101,8628
2026-05-21 13:25:00,29.015,29.02,29.015,29.015,3432
2026-05-21 13:30:00,29.01,29.0199,29.01,29.0112,3814
2026-05-21 13:35:00,29.01,29.0199,29.01,29.0199,548
2026-05-21 13:40:00,29.015,29.02,29.015,29.015,10507
2026-05-21 13:45:00,29.015,29.02,29.0129,29.02,4499
2026-05-21 13:50:00,29.015,29.02,29.0101,29.02,8568
2026-05-21 13:55:00,29.015,29.02,29.015,29.0199,2726
2026-05-21 14:00:00,29.015,29.0199,29.0143,29.0143,3998
2026-05-21 14:05:00,29.0159,29.0199,29.01,29.0159,6952
2026-05-21 14:10:00,29.0157,29.0199,29.01,29.015,46823
2026-05-21 14:15:00,29.0199,29.0199,29.01,29.01,891
2026-05-21 14:20:00,29.015,29.015,29.01,29.01,2395
2026-05-21 14:25:00,29.015,29.02,29.0101,29.015,11013
2026-05-21 14:30:00,29.02,29.02,29.01,29.0191,22704
2026-05-21 14:35:00,29.0199,29.02,29.01,29.0199,5853
2026-05-21 14:40:00,29.0101,29.02,29.01,29.0199,3894
2026-05-21 14:45:00,29.01,29.02,29.01,29.015,7501
2026-05-21 14:50:00,29.0199,29.0199,29.005,29.0099,46714
2026-05-21 14:55:00,29,29.0099,29,29.0099,8120
2026-05-21 15:00:00,29.005,29.01,29,29.0002,9231
2026-05-21 15:05:00,29.005,29.0099,29,29,1069
2026-05-21 15:10:00,29,29.01,29,29,34842
2026-05-21 15:15:00,29.0099,29.0099,29,29.005,8383
2026-05-21 15:20:00,29.0002,29.0099,29,29,2539
2026-05-21 15:25:00,29.0099,29.0099,29.005,29.0097,5855
2026-05-21 15:30:00,29.005,29.01,29,29.005,5966
2026-05-21 15:35:00,29.005,29.01,29.0001,29.0001,27552
2026-05-21 15:40:00,29.01,29.01,29,29.01,10492
2026-05-21 15:45:00,29.0001,29.01,29,29.01,3113
2026-05-21 15:50:00,29.01,29.01,29.0035,29.01,13846
2026-05-21 15:55:00,29.005,29.02,29.005,29.0169,59937
2026-05-21 16:00:00,29.01,29.01,29.01,29.01,15856
2026-05-21 16:30:00,29.01,29.01,29.01,29.01,2500
2026-05-22 07:20:00,29.13,29.13,29.13,29.13,106
2026-05-22 09:30:00,29.03,29.03,29.02,29.025,34421
2026-05-22 09:35:00,29.025,29.025,29.02,29.025,22433
2026-05-22 09:40:00,29.025,29.0299,29.02,29.02,30537
2026-05-22 09:45:00,29.02,29.026,29.0199,29.0199,21827
2026-05-22 09:50:00,29.015,29.015,29.01,29.01,16832
2026-05-22 09:55:00,29.015,29.0199,29.01,29.015,26818
2026-05-22 10:00:00,29.01,29.01,29,29.005,32573
2026-05-22 10:05:00,29,29.0058,29,29,26695
2026-05-22 10:10:00,29,29.0086,28.9902,28.9902,40537
2026-05-22 10:15:00,28.995,29,28.9942,29,23510
2026-05-22 10:20:00,29,29.0001,28.995,29.0001,26065
2026-05-22 10:25:00,29.0099,29.01,29,29,20041
2026-05-22 10:30:00,29,29.008,29,29.005,27056
2026-05-22 10:35:00,29,29.0099,28.99,28.99,113949
2026-05-22 10:40:00,28.99,29,28.99,28.995,25958
2026-05-22 10:45:00,28.995,28.995,28.99,28.995,20532
2026-05-22 10:50:00,28.995,28.995,28.99,28.995,20369
2026-05-22 10:55:00,28.995,28.995,28.99,28.995,21256
2026-05-22 11:00:00,28.995,28.9999,28.99,28.99,31612
2026-05-22 11:05:00,28.99,29,28.99,28.99,19982
2026-05-22 11:10:00,28.99,28.9999,28.99,28.995,22707
2026-05-22 11:15:00,28.995,28.9999,28.99,28.995,49991
2026-05-22 11:20:00,28.995,28.995,28.99,28.995,26108
2026-05-22 11:25:00,28.995,28.9999,28.99,28.995,22618
2026-05-22 11:30:00,28.995,29,28.99,28.995,35993
2026-05-22 11:35:00,28.99,29,28.99,28.995,28012
2026-05-22 11:40:00,28.995,28.995,28.99,28.995,22024
2026-05-22 11:45:00,28.995,28.9999,28.99,28.995,18510
2026-05-22 11:50:00,28.995,29,28.99,28.995,40232
2026-05-22 11:55:00,28.99,28.995,28.99,28.995,6582
2026-05-22 12:00:00,28.995,29,28.99,28.99,19272
2026-05-22 12:05:00,28.99,29,28.99,28.99,37408
2026-05-22 12:10:00,28.99,28.995,28.99,28.995,19546
2026-05-22 12:15:00,28.995,29,28.99,28.99,163008
2026-05-22 12:20:00,28.99,29,28.99,28.995,20608
2026-05-22 12:25:00,28.995,28.9997,28.99,28.995,27605
2026-05-22 12:30:00,28.995,28.9999,28.995,28.995,24247
2026-05-22 12:35:00,28.995,29,28.99,28.99,17568
2026-05-22 12:40:00,28.99,28.9999,28.99,28.99,19335
2026-05-22 12:45:00,28.99,28.995,28.99,28.995,22259
2026-05-22 12:50:00,28.995,28.995,28.99,28.995,19856
2026-05-22 12:55:00,28.995,29,28.99,28.995,24611
2026-05-22 13:00:00,28.995,28.996,28.99,28.995,27191
2026-05-22 13:05:00,28.995,28.999,28.99,28.9901,26400
2026-05-22 13:10:00,28.99,29,28.99,28.995,401238
2026-05-22 13:15:00,28.995,28.995,28.995,28.995,23410
2026-05-22 13:20:00,28.9905,28.9999,28.99,28.995,32829
2026-05-22 13:25:00,28.995,29,28.99,28.995,26665
2026-05-22 13:30:00,29,29.005,29,29,45409
2026-05-22 13:35:00,29,29,28.995,28.995,32691
2026-05-22 13:40:00,28.995,29,28.9901,28.995,26322
2026-05-22 13:45:00,28.99,29,28.99,28.995,44946
2026-05-22 13:50:00,28.9901,28.995,28.99,28.99,21106
2026-05-22 13:55:00,28.995,28.995,28.99,28.995,22131
2026-05-22 14:00:00,28.995,28.9999,28.99,28.99,23123
2026-05-22 14:05:00,28.995,28.9999,28.99,28.995,29605
2026-05-22 14:10:00,28.995,28.995,28.99,28.99,19507
2026-05-22 14:15:00,28.995,28.995,28.99,28.995,28421
2026-05-22 14:20:00,28.995,29,28.99,28.9999,21422
2026-05-22 14:25:00,28.995,28.9999,28.99,28.995,26630
2026-05-22 14:30:00,28.9901,29,28.99,28.995,32164
2026-05-22 14:35:00,28.99,29,28.99,28.9901,24618
2026-05-22 14:40:00,28.995,29,28.99,29,26538
2026-05-22 14:45:00,28.99,29,28.99,28.995,44399
2026-05-22 14:50:00,28.99,29,28.99,28.9901,23149
2026-05-22 14:55:00,28.995,29,28.99,28.995,138593
2026-05-22 15:00:00,28.995,28.9999,28.99,28.9975,19191
2026-05-22 15:05:00,28.9901,28.9999,28.99,28.99,27262
2026-05-22 15:10:00,28.995,29,28.99,28.9901,28979
2026-05-22 15:15:00,28.995,28.9999,28.99,28.99,19328
2026-05-22 15:20:00,28.995,28.9999,28.99,28.999,29835
2026-05-22 15:25:00,28.995,29,28.99,28.995,23513
2026-05-22 15:30:00,28.9901,28.9999,28.99,28.995,20860
2026-05-22 15:35:00,29,29,28.99,28.995,122879
2026-05-22 15:40:00,28.9999,29,28.99,28.995,26507
2026-05-22 15:45:00,28.995,29,28.99,28.995,29027
2026-05-22 15:50:00,28.99,29,28.99,28.995,29522
2026-05-22 15:55:00,28.995,29.005,28.995,29,76535
2026-05-22 16:00:00,29,29,29,29,800
2026-05-22 16:20:00,28.9919,28.9919,28.9919,28.9919,1644360