2026-04-22 07:20:00,17.4,17.4,17.4,17.4,150
2026-04-22 09:30:00,17.32,17.32,17.315,17.315,7790
2026-04-22 09:35:00,17.31,17.31,17.305,17.31,606
2026-04-22 09:40:00,17.315,17.325,17.315,17.315,1708
2026-04-22 09:45:00,17.325,17.325,17.31,17.31,550
2026-04-22 09:50:00,17.315,17.315,17.315,17.315,1155
2026-04-22 09:55:00,17.32,17.32,17.32,17.32,200
2026-04-22 10:15:00,17.34,17.34,17.34,17.34,100
2026-04-22 10:25:00,17.35,17.35,17.35,17.35,1900
2026-04-22 10:30:00,17.3399,17.3399,17.3399,17.3399,100
2026-04-22 10:35:00,17.33,17.33,17.33,17.33,2958
2026-04-22 10:45:00,17.34,17.34,17.34,17.34,1434
2026-04-22 11:05:00,17.33,17.33,17.33,17.33,200
2026-04-22 11:10:00,17.335,17.335,17.335,17.335,2268
2026-04-22 11:15:00,17.33,17.335,17.33,17.335,600
2026-04-22 11:20:00,17.3366,17.3366,17.3366,17.3366,100
2026-04-22 11:25:00,17.34,17.345,17.34,17.345,300
2026-04-22 11:35:00,17.34,17.34,17.34,17.34,224
2026-04-22 11:40:00,17.32,17.32,17.32,17.32,100
2026-04-22 11:50:00,17.33,17.33,17.33,17.33,160
2026-04-22 12:00:00,17.32,17.32,17.32,17.32,100
2026-04-22 12:10:00,17.33,17.33,17.3299,17.3299,2447
2026-04-22 12:20:00,17.33,17.33,17.325,17.3299,300
2026-04-22 12:25:00,17.325,17.325,17.325,17.325,144
2026-04-22 12:30:00,17.312,17.312,17.312,17.312,500
2026-04-22 12:40:00,17.31,17.31,17.31,17.31,100
2026-04-22 12:55:00,17.31,17.3101,17.31,17.3101,1000
2026-04-22 13:10:00,17.33,17.33,17.33,17.33,100
2026-04-22 13:40:00,17.33,17.33,17.33,17.33,100
2026-04-22 13:45:00,17.3399,17.3399,17.335,17.335,450
2026-04-22 13:55:00,17.3399,17.3399,17.33,17.33,250
2026-04-22 14:10:00,17.33,17.335,17.33,17.335,200
2026-04-22 14:15:00,17.325,17.325,17.325,17.325,898
2026-04-22 14:20:00,17.32,17.325,17.32,17.325,8455
2026-04-22 14:25:00,17.325,17.325,17.325,17.325,119
2026-04-22 14:40:00,17.33,17.33,17.33,17.33,100
2026-04-22 14:45:00,17.33,17.33,17.33,17.33,100
2026-04-22 14:50:00,17.335,17.335,17.335,17.335,150
2026-04-22 14:55:00,17.3271,17.3271,17.3271,17.3271,200
2026-04-22 15:05:00,17.32,17.33,17.32,17.325,1150
2026-04-22 15:15:00,17.335,17.335,17.335,17.335,100
2026-04-22 15:20:00,17.34,17.34,17.3301,17.3301,233
2026-04-22 15:25:00,17.34,17.34,17.34,17.34,2570
2026-04-22 15:35:00,17.34,17.34,17.34,17.34,100
2026-04-22 15:40:00,17.345,17.345,17.345,17.345,800
2026-04-22 15:50:00,17.35,17.36,17.35,17.36,1534
2026-04-22 15:55:00,17.36,17.37,17.36,17.37,4630
2026-04-22 16:00:00,17.35,17.35,17.35,17.35,215
2026-04-23 09:30:00,17.32,17.32,17.32,17.32,470
2026-04-23 09:35:00,17.345,17.3498,17.345,17.345,20000
2026-04-23 09:40:00,17.355,17.36,17.355,17.36,1846
2026-04-23 09:45:00,17.37,17.37,17.37,17.37,100
2026-04-23 09:50:00,17.36,17.36,17.355,17.36,1876
2026-04-23 09:55:00,17.355,17.355,17.35,17.35,657
2026-04-23 10:00:00,17.35,17.35,17.335,17.335,200
2026-04-23 10:05:00,17.35,17.35,17.35,17.35,876
2026-04-23 10:10:00,17.35,17.35,17.3461,17.3461,328
2026-04-23 10:15:00,17.36,17.36,17.36,17.36,100
2026-04-23 10:20:00,17.36,17.3698,17.36,17.3698,2600
2026-04-23 10:25:00,17.36,17.36,17.355,17.355,956
2026-04-23 10:40:00,17.36,17.37,17.36,17.37,10850
2026-04-23 10:45:00,17.37,17.37,17.37,17.37,1100
2026-04-23 10:50:00,17.37,17.37,17.37,17.37,100
2026-04-23 10:55:00,17.38,17.38,17.38,17.38,2000
2026-04-23 11:00:00,17.385,17.385,17.385,17.385,100
2026-04-23 11:05:00,17.38,17.38,17.38,17.38,124
2026-04-23 11:15:00,17.3888,17.3888,17.3888,17.3888,860
2026-04-23 11:25:00,17.3847,17.39,17.3847,17.39,2519
2026-04-23 11:40:00,17.38,17.38,17.375,17.38,600
2026-04-23 11:45:00,17.37,17.3777,17.37,17.3777,630
2026-04-23 12:00:00,17.3675,17.3675,17.3675,17.3675,143
2026-04-23 12:05:00,17.36,17.36,17.36,17.36,300
2026-04-23 12:15:00,17.369,17.369,17.3673,17.3673,442
2026-04-23 12:20:00,17.36,17.36,17.36,17.36,100
2026-04-23 12:30:00,17.3698,17.3698,17.3698,17.3698,100
2026-04-23 12:35:00,17.36,17.36,17.36,17.36,100
2026-04-23 12:45:00,17.37,17.37,17.37,17.37,100
2026-04-23 12:55:00,17.37,17.37,17.37,17.37,130
2026-04-23 13:00:00,17.35,17.35,17.33,17.33,1800
2026-04-23 13:05:00,17.33,17.33,17.31,17.31,1570
2026-04-23 13:10:00,17.3,17.3,17.29,17.29,202
2026-04-23 13:20:00,17.28,17.28,17.27,17.275,3680
2026-04-23 13:25:00,17.265,17.275,17.26,17.26,3149
2026-04-23 13:30:00,17.26,17.2798,17.26,17.27,1100
2026-04-23 13:35:00,17.29,17.29,17.27,17.27,3300
2026-04-23 13:40:00,17.25,17.25,17.21,17.22,300
2026-04-23 13:45:00,17.19,17.21,17.175,17.2,1032
2026-04-23 13:50:00,17.1999,17.26,17.1999,17.245,1400
2026-04-23 13:55:00,17.275,17.275,17.265,17.27,1000
2026-04-23 14:00:00,17.29,17.29,17.29,17.29,200
2026-04-23 14:05:00,17.29,17.3,17.29,17.29,650
2026-04-23 14:10:00,17.3,17.3,17.29,17.29,825
2026-04-23 14:15:00,17.3,17.3,17.3,17.3,702
2026-04-23 14:20:00,17.305,17.31,17.3,17.31,2600
2026-04-23 14:25:00,17.31,17.315,17.31,17.315,534
2026-04-23 14:30:00,17.33,17.335,17.33,17.335,500
2026-04-23 14:35:00,17.34,17.34,17.34,17.34,100
2026-04-23 14:50:00,17.3,17.31,17.3,17.305,1827
2026-04-23 14:55:00,17.31,17.31,17.3,17.3,1109
2026-04-23 15:00:00,17.29,17.29,17.29,17.29,300
2026-04-23 15:05:00,17.3,17.3,17.3,17.3,200
2026-04-23 15:10:00,17.305,17.31,17.3,17.3098,680
2026-04-23 15:15:00,17.325,17.325,17.32,17.32,672
2026-04-23 15:20:00,17.32,17.32,17.32,17.32,1782
2026-04-23 15:25:00,17.315,17.32,17.31,17.3199,20367
2026-04-23 15:30:00,17.32,17.32,17.31,17.31,536
2026-04-23 15:35:00,17.3,17.3,17.29,17.3,861
2026-04-23 15:40:00,17.301,17.31,17.29,17.29,2296
2026-04-23 15:50:00,17.31,17.31,17.28,17.31,1100
2026-04-23 15:55:00,17.32,17.32,17.32,17.32,187
2026-04-23 16:00:00,17.33,17.33,17.33,17.33,117
2026-04-24 07:30:00,17.4107,17.4107,17.4107,17.4107,100
2026-04-24 09:30:00,17.4,17.4,17.35,17.3534,1010
2026-04-24 09:35:00,17.345,17.36,17.345,17.36,300
2026-04-24 09:40:00,17.36,17.36,17.35,17.35,1929
2026-04-24 09:45:00,17.35,17.35,17.345,17.35,3683
2026-04-24 09:50:00,17.36,17.36,17.35,17.35,3211
2026-04-24 09:55:00,17.329,17.33,17.326,17.33,3124
2026-04-24 10:00:00,17.35,17.35,17.34,17.34,4295
2026-04-24 10:05:00,17.34,17.3599,17.34,17.35,16698
2026-04-24 10:10:00,17.35,17.3699,17.345,17.3541,26200
2026-04-24 10:15:00,17.35,17.365,17.35,17.355,7073
2026-04-24 10:20:00,17.365,17.365,17.35,17.355,900
2026-04-24 10:25:00,17.34,17.34,17.34,17.34,500
2026-04-24 10:30:00,17.35,17.35,17.35,17.35,200
2026-04-24 10:35:00,17.35,17.35,17.35,17.35,100
2026-04-24 10:40:00,17.365,17.365,17.365,17.365,150
2026-04-24 10:45:00,17.37,17.37,17.3699,17.3699,787
2026-04-24 10:55:00,17.379,17.38,17.379,17.38,465
2026-04-24 11:05:00,17.38,17.3897,17.38,17.3897,561
2026-04-24 11:15:00,17.385,17.385,17.385,17.385,300
2026-04-24 11:25:00,17.3899,17.3899,17.38,17.38,18516
2026-04-24 11:35:00,17.385,17.385,17.375,17.38,739
2026-04-24 11:40:00,17.395,17.415,17.395,17.415,1989
2026-04-24 11:45:00,17.42,17.43,17.42,17.42,4494
2026-04-24 11:50:00,17.43,17.43,17.43,17.43,100
2026-04-24 12:00:00,17.43,17.43,17.43,17.43,200
2026-04-24 12:05:00,17.42,17.42,17.42,17.42,200
2026-04-24 12:10:00,17.43,17.43,17.425,17.425,5115
2026-04-24 12:15:00,17.42,17.42,17.42,17.42,3033
2026-04-24 12:20:00,17.425,17.425,17.42,17.42,560
2026-04-24 12:25:00,17.42,17.4286,17.42,17.42,600
2026-04-24 12:30:00,17.43,17.43,17.43,17.43,200
2026-04-24 12:35:00,17.4297,17.4297,17.425,17.425,700
2026-04-24 12:40:00,17.425,17.425,17.4199,17.4199,1350
2026-04-24 12:45:00,17.4129,17.425,17.4129,17.42,309
2026-04-24 12:50:00,17.4298,17.4298,17.4202,17.4202,348
2026-04-24 13:00:00,17.43,17.43,17.43,17.43,600
2026-04-24 13:05:00,17.429,17.429,17.429,17.429,500
2026-04-24 13:10:00,17.425,17.425,17.425,17.425,1335
2026-04-24 13:15:00,17.42,17.42,17.415,17.415,4297
2026-04-24 13:25:00,17.42,17.42,17.42,17.42,100
2026-04-24 13:30:00,17.41,17.415,17.41,17.415,232
2026-04-24 13:35:00,17.425,17.425,17.425,17.425,321
2026-04-24 13:55:00,17.43,17.43,17.43,17.43,100
2026-04-24 14:00:00,17.421,17.421,17.421,17.421,485
2026-04-24 14:05:00,17.4197,17.42,17.4197,17.42,200
2026-04-24 14:10:00,17.4213,17.4213,17.4213,17.4213,200
2026-04-24 14:15:00,17.4201,17.43,17.42,17.42,4141
2026-04-24 14:25:00,17.42,17.42,17.415,17.415,5830
2026-04-24 14:30:00,17.42,17.42,17.42,17.42,401
2026-04-24 14:40:00,17.42,17.42,17.42,17.42,300
2026-04-24 14:45:00,17.42,17.42,17.42,17.42,100
2026-04-24 14:50:00,17.42,17.4201,17.42,17.4201,400
2026-04-24 14:55:00,17.425,17.425,17.425,17.425,290
2026-04-24 15:00:00,17.435,17.435,17.43,17.43,415
2026-04-24 15:05:00,17.4299,17.4386,17.4299,17.4386,2909
2026-04-24 15:10:00,17.435,17.44,17.435,17.4399,860
2026-04-24 15:15:00,17.44,17.44,17.4399,17.4399,300
2026-04-24 15:30:00,17.4299,17.4299,17.4263,17.4263,200
2026-04-24 15:40:00,17.44,17.44,17.43,17.43,400
2026-04-24 15:50:00,17.425,17.43,17.425,17.43,700
2026-04-24 15:55:00,17.435,17.44,17.435,17.44,303
2026-04-24 17:10:00,17.4357,17.4357,17.4357,17.4357,200
2026-04-27 04:00:00,17.5,17.5,17.5,17.5,225
2026-04-27 07:00:00,17.4455,17.4455,17.4455,17.4455,150
2026-04-27 07:45:00,17.4498,17.4498,17.4498,17.4498,107
2026-04-27 09:30:00,17.44,17.44,17.42,17.435,13459
2026-04-27 09:35:00,17.44,17.45,17.434,17.44,21790
2026-04-27 09:40:00,17.4499,17.4499,17.435,17.435,13630
2026-04-27 09:45:00,17.435,17.435,17.415,17.415,6477
2026-04-27 09:55:00,17.445,17.445,17.445,17.445,1900
2026-04-27 10:00:00,17.445,17.4499,17.4398,17.4398,2751
2026-04-27 10:05:00,17.44,17.445,17.44,17.445,600
2026-04-27 10:10:00,17.435,17.44,17.435,17.44,2725
2026-04-27 10:15:00,17.43,17.43,17.4299,17.43,2814
2026-04-27 10:20:00,17.43,17.435,17.4299,17.43,6349
2026-04-27 10:25:00,17.4301,17.435,17.43,17.435,2170
2026-04-27 10:30:00,17.42,17.42,17.42,17.42,500
2026-04-27 10:35:00,17.43,17.445,17.43,17.44,1300
2026-04-27 10:40:00,17.4331,17.4331,17.4331,17.4331,300
2026-04-27 10:45:00,17.4399,17.4399,17.435,17.435,515
2026-04-27 10:50:00,17.43,17.43,17.43,17.43,375
2026-04-27 10:55:00,17.44,17.44,17.435,17.435,2004
2026-04-27 11:00:00,17.415,17.415,17.415,17.415,682
2026-04-27 11:05:00,17.4271,17.4271,17.4271,17.4271,1250
2026-04-27 11:10:00,17.42,17.4297,17.42,17.425,3307
2026-04-27 11:15:00,17.425,17.425,17.42,17.42,4487
2026-04-27 11:20:00,17.415,17.4198,17.4001,17.415,700
2026-04-27 11:25:00,17.415,17.42,17.415,17.42,3574
2026-04-27 11:30:00,17.42,17.42,17.415,17.4199,8904
2026-04-27 11:35:00,17.425,17.425,17.425,17.425,750
2026-04-27 11:45:00,17.43,17.43,17.4257,17.43,1000
2026-04-27 11:55:00,17.425,17.43,17.425,17.43,228
2026-04-27 12:05:00,17.43,17.43,17.43,17.43,564
2026-04-27 12:20:00,17.445,17.445,17.445,17.445,209
2026-04-27 12:25:00,17.44,17.44,17.44,17.44,125
2026-04-27 12:30:00,17.4489,17.4489,17.4489,17.4489,100
2026-04-27 12:35:00,17.45,17.45,17.45,17.45,765
2026-04-27 12:45:00,17.445,17.45,17.445,17.45,1017
2026-04-27 13:10:00,17.45,17.45,17.45,17.45,285
2026-04-27 13:15:00,17.445,17.4499,17.445,17.445,662
2026-04-27 13:20:00,17.45,17.455,17.45,17.45,650
2026-04-27 13:25:00,17.445,17.455,17.445,17.455,1237
2026-04-27 13:35:00,17.46,17.46,17.46,17.46,100
2026-04-27 13:50:00,17.46,17.46,17.455,17.455,1300
2026-04-27 14:10:00,17.46,17.46,17.455,17.4598,700
2026-04-27 14:15:00,17.4597,17.46,17.4597,17.46,4910
2026-04-27 14:30:00,17.4677,17.4677,17.4677,17.4677,250
2026-04-27 14:35:00,17.4615,17.4615,17.4615,17.4615,2000
2026-04-27 14:40:00,17.47,17.47,17.46,17.46,586
2026-04-27 14:45:00,17.46,17.46,17.46,17.46,400
2026-04-27 14:50:00,17.4674,17.4699,17.465,17.4699,1230
2026-04-27 15:00:00,17.4605,17.465,17.4605,17.465,1152
2026-04-27 15:05:00,17.465,17.465,17.46,17.46,500
2026-04-27 15:10:00,17.465,17.465,17.465,17.465,100
2026-04-27 15:25:00,17.465,17.465,17.465,17.465,100
2026-04-27 15:30:00,17.465,17.465,17.465,17.465,120
2026-04-27 15:35:00,17.4699,17.4699,17.46,17.465,1112
2026-04-27 15:40:00,17.465,17.465,17.465,17.465,1212
2026-04-27 15:45:00,17.465,17.465,17.465,17.465,150
2026-04-27 15:50:00,17.47,17.47,17.465,17.465,1349
2026-04-27 15:55:00,17.465,17.465,17.43,17.45,8078
2026-04-27 16:00:00,17.47,17.47,17.47,17.47,238
2026-04-27 16:05:00,17.49,17.49,17.49,17.49,199
2026-04-28 07:40:00,17.47,17.47,17.47,17.47,150
2026-04-28 08:00:00,17.4325,17.4325,17.4325,17.4325,2000
2026-04-28 08:05:00,17.42,17.42,17.42,17.42,1000
2026-04-28 09:30:00,17.41,17.41,17.38,17.38,1558
2026-04-28 09:35:00,17.385,17.405,17.385,17.4,26200
2026-04-28 09:40:00,17.41,17.415,17.41,17.415,1809
2026-04-28 09:45:00,17.401,17.405,17.4,17.4,905
2026-04-28 09:50:00,17.395,17.395,17.39,17.39,400
2026-04-28 09:55:00,17.3899,17.39,17.38,17.39,1252
2026-04-28 10:00:00,17.4,17.4,17.38,17.39,2133
2026-04-28 10:05:00,17.4,17.4,17.395,17.395,1255
2026-04-28 10:10:00,17.395,17.395,17.39,17.39,325
2026-04-28 10:15:00,17.38,17.38,17.38,17.38,200
2026-04-28 10:20:00,17.385,17.385,17.38,17.38,1469
2026-04-28 10:25:00,17.38,17.38,17.38,17.38,4038
2026-04-28 10:30:00,17.385,17.385,17.38,17.38,4900
2026-04-28 10:35:00,17.37,17.37,17.3556,17.3556,565
2026-04-28 10:40:00,17.36,17.36,17.36,17.36,100
2026-04-28 10:45:00,17.36,17.36,17.35,17.3598,1836
2026-04-28 10:50:00,17.34,17.345,17.34,17.34,790
2026-04-28 10:55:00,17.34,17.35,17.34,17.35,990
2026-04-28 11:00:00,17.365,17.375,17.365,17.375,1600
2026-04-28 11:05:00,17.36,17.36,17.355,17.36,300
2026-04-28 11:10:00,17.35,17.3579,17.35,17.3579,1090
2026-04-28 11:15:00,17.36,17.36,17.36,17.36,300
2026-04-28 11:20:00,17.355,17.36,17.35,17.35,700
2026-04-28 11:25:00,17.35,17.355,17.35,17.355,761
2026-04-28 11:30:00,17.35,17.35,17.335,17.335,2388
2026-04-28 11:35:00,17.34,17.34,17.34,17.34,464
2026-04-28 11:40:00,17.344,17.344,17.344,17.344,100
2026-04-28 11:45:00,17.345,17.345,17.3357,17.3357,215
2026-04-28 11:50:00,17.345,17.345,17.345,17.345,147
2026-04-28 11:55:00,17.34,17.34,17.34,17.34,1976
2026-04-28 12:00:00,17.35,17.35,17.35,17.35,310
2026-04-28 12:15:00,17.355,17.355,17.355,17.355,147
2026-04-28 12:20:00,17.36,17.36,17.3535,17.36,580
2026-04-28 12:25:00,17.365,17.365,17.36,17.36,388
2026-04-28 12:30:00,17.36,17.36,17.35,17.35,400
2026-04-28 12:35:00,17.345,17.35,17.345,17.35,300
2026-04-28 12:50:00,17.35,17.35,17.35,17.35,110
2026-04-28 12:55:00,17.36,17.36,17.3599,17.3599,286
2026-04-28 13:00:00,17.3501,17.3501,17.35,17.35,250
2026-04-28 13:05:00,17.345,17.345,17.34,17.345,769
2026-04-28 13:20:00,17.345,17.345,17.345,17.345,400
2026-04-28 13:40:00,17.37,17.37,17.37,17.37,100
2026-04-28 13:45:00,17.37,17.37,17.37,17.37,500
2026-04-28 13:50:00,17.375,17.375,17.3611,17.3611,1600
2026-04-28 13:55:00,17.37,17.38,17.37,17.3799,460
2026-04-28 14:00:00,17.37,17.37,17.37,17.37,200
2026-04-28 14:05:00,17.375,17.375,17.375,17.375,100
2026-04-28 14:15:00,17.38,17.38,17.3799,17.38,300
2026-04-28 14:20:00,17.39,17.39,17.39,17.39,175
2026-04-28 14:25:00,17.385,17.385,17.385,17.385,100
2026-04-28 14:30:00,17.38,17.38,17.38,17.38,200
2026-04-28 14:40:00,17.385,17.385,17.385,17.385,100
2026-04-28 14:45:00,17.3835,17.3835,17.3835,17.3835,100
2026-04-28 14:50:00,17.385,17.385,17.385,17.385,400
2026-04-28 14:55:00,17.385,17.385,17.385,17.385,100
2026-04-28 15:00:00,17.39,17.39,17.3899,17.3899,550
2026-04-28 15:05:00,17.39,17.39,17.39,17.39,100
2026-04-28 15:10:00,17.4,17.4083,17.4,17.4083,7033
2026-04-28 15:15:00,17.4,17.4,17.39,17.39,205
2026-04-28 15:35:00,17.385,17.39,17.38,17.3829,6650
2026-04-28 15:40:00,17.39,17.3965,17.39,17.395,8743
2026-04-28 15:45:00,17.395,17.395,17.395,17.395,100
2026-04-28 15:50:00,17.395,17.4,17.39,17.395,1003
2026-04-28 15:55:00,17.4,17.4,17.395,17.395,5784
2026-04-28 17:25:00,17.4981,17.4981,17.4981,17.4981,544
2026-04-29 07:15:00,17.38,17.38,17.38,17.38,500
2026-04-29 08:35:00,17.3999,17.3999,17.3999,17.3999,100
2026-04-29 09:30:00,17.39,17.39,17.3588,17.3799,7443
2026-04-29 09:35:00,17.36,17.37,17.3599,17.3666,35304
2026-04-29 09:40:00,17.365,17.365,17.355,17.355,1121
2026-04-29 09:50:00,17.36,17.37,17.36,17.37,475
2026-04-29 09:55:00,17.365,17.38,17.365,17.38,690
2026-04-29 10:00:00,17.37,17.37,17.36,17.365,12800
2026-04-29 10:05:00,17.37,17.37,17.37,17.37,300
2026-04-29 10:10:00,17.38,17.38,17.375,17.375,4709
2026-04-29 10:25:00,17.39,17.39,17.39,17.39,100
2026-04-29 10:30:00,17.385,17.3898,17.385,17.3898,805
2026-04-29 10:35:00,17.395,17.4,17.39,17.4,2409
2026-04-29 10:45:00,17.39,17.39,17.39,17.39,200
2026-04-29 10:50:00,17.385,17.385,17.385,17.385,100
2026-04-29 10:55:00,17.3899,17.39,17.385,17.385,2040
2026-04-29 11:00:00,17.385,17.385,17.38,17.38,222
2026-04-29 11:05:00,17.375,17.385,17.375,17.3804,1234
2026-04-29 11:15:00,17.365,17.37,17.365,17.37,216
2026-04-29 11:20:00,17.3755,17.3755,17.3755,17.3755,1000
2026-04-29 11:25:00,17.375,17.38,17.375,17.38,517
2026-04-29 11:30:00,17.37,17.375,17.365,17.365,1560
2026-04-29 11:35:00,17.375,17.375,17.375,17.375,200
2026-04-29 11:40:00,17.365,17.365,17.365,17.365,100
2026-04-29 11:50:00,17.375,17.375,17.35,17.35,1394
2026-04-29 11:55:00,17.355,17.355,17.35,17.355,530
2026-04-29 12:00:00,17.355,17.36,17.355,17.3599,2600
2026-04-29 12:10:00,17.365,17.365,17.365,17.365,100
2026-04-29 12:15:00,17.36,17.36,17.36,17.36,100
2026-04-29 12:20:00,17.36,17.36,17.355,17.36,2186
2026-04-29 12:25:00,17.3599,17.36,17.3599,17.36,314
2026-04-29 12:30:00,17.345,17.345,17.335,17.335,1310
2026-04-29 12:35:00,17.34,17.3451,17.34,17.345,729
2026-04-29 12:40:00,17.35,17.3599,17.35,17.3599,1334
2026-04-29 12:45:00,17.355,17.355,17.355,17.355,123
2026-04-29 12:55:00,17.36,17.36,17.35,17.3599,1600
2026-04-29 13:00:00,17.345,17.345,17.345,17.345,520
2026-04-29 13:05:00,17.355,17.355,17.345,17.35,4058
2026-04-29 13:10:00,17.355,17.355,17.355,17.355,617
2026-04-29 13:20:00,17.36,17.36,17.3599,17.3599,6112
2026-04-29 13:25:00,17.35,17.35,17.35,17.35,100
2026-04-29 13:35:00,17.365,17.3677,17.365,17.365,2671
2026-04-29 13:40:00,17.37,17.37,17.365,17.365,368
2026-04-29 13:45:00,17.37,17.37,17.37,17.37,1200
2026-04-29 13:50:00,17.37,17.375,17.37,17.37,1392
2026-04-29 13:55:00,17.37,17.37,17.365,17.365,548
2026-04-29 14:00:00,17.36,17.365,17.36,17.36,1213
2026-04-29 14:05:00,17.35,17.35,17.34,17.34,300
2026-04-29 14:10:00,17.34,17.34,17.34,17.34,100
2026-04-29 14:15:00,17.345,17.345,17.345,17.345,440
2026-04-29 14:25:00,17.35,17.35,17.345,17.3499,600
2026-04-29 14:30:00,17.34,17.34,17.335,17.34,2501
2026-04-29 14:35:00,17.355,17.365,17.35,17.355,3640
2026-04-29 14:40:00,17.34,17.345,17.335,17.335,720
2026-04-29 14:45:00,17.33,17.345,17.33,17.335,1190
2026-04-29 14:50:00,17.36,17.365,17.36,17.365,780
2026-04-29 14:55:00,17.365,17.365,17.36,17.36,25532
2026-04-29 15:00:00,17.37,17.37,17.37,17.37,4428
2026-04-29 15:05:00,17.365,17.37,17.365,17.37,450
2026-04-29 15:10:00,17.37,17.38,17.37,17.38,6367
2026-04-29 15:15:00,17.39,17.39,17.39,17.39,490
2026-04-29 15:30:00,17.38,17.38,17.38,17.38,100
2026-04-29 15:35:00,17.37,17.37,17.37,17.37,100
2026-04-29 15:45:00,17.38,17.38,17.38,17.38,1000
2026-04-29 15:50:00,17.375,17.385,17.375,17.385,985
2026-04-29 15:55:00,17.38,17.405,17.38,17.4,10992
2026-04-29 16:00:00,17.41,17.41,17.41,17.41,237
2026-04-30 07:00:00,17.41,17.41,17.41,17.41,200
2026-04-30 08:15:00,17.48,17.48,17.48,17.48,400
2026-04-30 08:20:00,17.4987,17.5,17.474,17.49,3900
2026-04-30 08:25:00,17.5,17.52,17.5,17.52,1130
2026-04-30 08:30:00,17.56,17.56,17.56,17.56,6700
2026-04-30 08:35:00,17.58,17.58,17.56,17.56,6592
2026-04-30 08:55:00,17.3002,17.3002,17.3002,17.3002,100
2026-04-30 09:30:00,17.47,17.47,17.44,17.45,29003
2026-04-30 09:35:00,17.421,17.421,17.41,17.42,2184
2026-04-30 09:40:00,17.41,17.41,17.41,17.41,800
2026-04-30 09:50:00,17.41,17.415,17.4,17.4,10200
2026-04-30 09:55:00,17.39,17.39,17.39,17.39,100
2026-04-30 10:00:00,17.415,17.415,17.415,17.415,100
2026-04-30 10:05:00,17.415,17.415,17.4,17.4,300
2026-04-30 10:10:00,17.39,17.39,17.3899,17.3899,200
2026-04-30 10:20:00,17.41,17.41,17.41,17.41,253
2026-04-30 10:25:00,17.4,17.4099,17.393,17.4099,1884
2026-04-30 10:30:00,17.425,17.425,17.41,17.41,1957
2026-04-30 10:40:00,17.41,17.41,17.41,17.41,1400
2026-04-30 10:45:00,17.4201,17.4201,17.4201,17.4201,300
2026-04-30 10:55:00,17.45,17.46,17.45,17.46,1900
2026-04-30 11:00:00,17.46,17.465,17.4599,17.46,3010
2026-04-30 11:05:00,17.4586,17.4586,17.455,17.455,216
2026-04-30 11:10:00,17.465,17.469,17.465,17.469,1300
2026-04-30 11:15:00,17.47,17.47,17.465,17.465,24104
2026-04-30 11:20:00,17.465,17.465,17.46,17.46,670
2026-04-30 11:30:00,17.4799,17.4799,17.47,17.47,2218
2026-04-30 11:35:00,17.469,17.469,17.46,17.46,562
2026-04-30 11:40:00,17.455,17.455,17.455,17.455,150
2026-04-30 12:00:00,17.475,17.475,17.465,17.47,6749
2026-04-30 12:10:00,17.475,17.489,17.475,17.489,1121
2026-04-30 12:15:00,17.485,17.4897,17.48,17.485,2110
2026-04-30 12:20:00,17.485,17.485,17.48,17.48,1000
2026-04-30 12:25:00,17.48,17.48,17.48,17.48,3102
2026-04-30 12:30:00,17.48,17.49,17.48,17.485,1452
2026-04-30 12:35:00,17.4899,17.4899,17.4899,17.4899,200
2026-04-30 12:40:00,17.48,17.48,17.48,17.48,2718
2026-04-30 12:45:00,17.47,17.48,17.47,17.48,812
2026-04-30 12:50:00,17.47,17.47,17.47,17.47,300
2026-04-30 12:55:00,17.4628,17.4628,17.46,17.4602,5826
2026-04-30 13:00:00,17.465,17.48,17.465,17.48,1188
2026-04-30 13:05:00,17.4798,17.48,17.4798,17.4799,826
2026-04-30 13:10:00,17.4897,17.5,17.485,17.5,1978
2026-04-30 13:15:00,17.49,17.49,17.49,17.49,1600
2026-04-30 13:20:00,17.49,17.49,17.49,17.49,1298
2026-04-30 13:25:00,17.495,17.495,17.495,17.495,283
2026-04-30 13:30:00,17.5,17.51,17.5,17.51,2019
2026-04-30 13:40:00,17.51,17.51,17.505,17.505,800
2026-04-30 13:50:00,17.515,17.515,17.515,17.515,1979
2026-04-30 13:55:00,17.53,17.53,17.53,17.53,180
2026-04-30 14:00:00,17.53,17.53,17.53,17.53,382
2026-04-30 14:05:00,17.54,17.545,17.54,17.54,5013
2026-04-30 14:15:00,17.54,17.55,17.54,17.545,2377
2026-04-30 14:20:00,17.5411,17.5425,17.5411,17.5425,931
2026-04-30 14:25:00,17.5498,17.5498,17.5413,17.545,7408
2026-04-30 14:30:00,17.5444,17.5497,17.5444,17.5497,1000
2026-04-30 14:35:00,17.55,17.555,17.55,17.555,200
2026-04-30 14:40:00,17.56,17.56,17.56,17.56,13950
2026-04-30 14:50:00,17.565,17.565,17.565,17.565,299
2026-04-30 14:55:00,17.565,17.565,17.56,17.56,4000
2026-04-30 15:00:00,17.56,17.56,17.56,17.56,463
2026-04-30 15:05:00,17.565,17.57,17.56,17.5699,2526
2026-04-30 15:10:00,17.575,17.585,17.57,17.585,2200
2026-04-30 15:15:00,17.585,17.585,17.585,17.585,100
2026-04-30 15:20:00,17.58,17.58,17.5716,17.58,3774
2026-04-30 15:25:00,17.58,17.58,17.5799,17.5799,1538
2026-04-30 15:30:00,17.575,17.575,17.575,17.575,1913
2026-04-30 15:35:00,17.575,17.575,17.575,17.575,1004
2026-04-30 15:40:00,17.579,17.58,17.579,17.58,2699
2026-04-30 15:45:00,17.585,17.585,17.585,17.585,798
2026-04-30 15:50:00,17.585,17.59,17.57,17.58,10453
2026-04-30 15:55:00,17.575,17.58,17.5501,17.56,73544
2026-04-30 16:00:00,17.57,17.57,17.57,17.57,818
2026-05-01 04:00:00,17.35,17.35,17.35,17.35,500
2026-05-01 07:10:00,17.32,17.32,17.32,17.32,108
2026-05-01 09:25:00,17.35,17.35,17.35,17.35,500
2026-05-01 09:30:00,17.41,17.41,17.32,17.34,8358
2026-05-01 09:35:00,17.35,17.355,17.34,17.34,8678
2026-05-01 09:40:00,17.35,17.35,17.35,17.35,600
2026-05-01 09:45:00,17.35,17.35,17.34,17.3451,5346
2026-05-01 09:50:00,17.34,17.355,17.34,17.3502,2225
2026-05-01 09:55:00,17.36,17.38,17.36,17.3759,2591
2026-05-01 10:00:00,17.39,17.395,17.39,17.395,2557
2026-05-01 10:05:00,17.3899,17.39,17.38,17.38,3073
2026-05-01 10:10:00,17.39,17.39,17.39,17.39,430
2026-05-01 10:15:00,17.4,17.4,17.4,17.4,1120
2026-05-01 10:20:00,17.395,17.4,17.395,17.4,3375
2026-05-01 10:25:00,17.4,17.4,17.4,17.4,292
2026-05-01 10:30:00,17.39,17.39,17.37,17.37,4595
2026-05-01 10:35:00,17.36,17.36,17.34,17.34,1100
2026-05-01 10:40:00,17.36,17.36,17.355,17.355,1300
2026-05-01 10:45:00,17.365,17.365,17.365,17.365,575
2026-05-01 10:50:00,17.36,17.365,17.36,17.365,298
2026-05-01 10:55:00,17.36,17.3601,17.36,17.3601,600
2026-05-01 11:00:00,17.35,17.3501,17.34,17.345,38472
2026-05-01 11:20:00,17.365,17.365,17.365,17.365,1380
2026-05-01 11:30:00,17.365,17.369,17.36,17.3651,4517
2026-05-01 11:35:00,17.37,17.375,17.37,17.375,300
2026-05-01 11:40:00,17.38,17.39,17.38,17.385,46392
2026-05-01 11:45:00,17.38,17.39,17.38,17.39,4069
2026-05-01 11:50:00,17.3813,17.3813,17.36,17.37,4687
2026-05-01 12:00:00,17.37,17.375,17.37,17.375,200
2026-05-01 12:05:00,17.3665,17.3665,17.3665,17.3665,325
2026-05-01 12:10:00,17.355,17.355,17.35,17.355,1991
2026-05-01 12:20:00,17.345,17.345,17.34,17.34,200
2026-05-01 12:30:00,17.34,17.34,17.33,17.33,400
2026-05-01 12:40:00,17.34,17.34,17.335,17.335,1150
2026-05-01 12:45:00,17.33,17.33,17.33,17.33,538
2026-05-01 12:50:00,17.335,17.335,17.325,17.335,1000
2026-05-01 13:05:00,17.34,17.34,17.34,17.34,400
2026-05-01 13:10:00,17.345,17.345,17.345,17.345,115
2026-05-01 13:40:00,17.355,17.355,17.355,17.355,300
2026-05-01 13:45:00,17.355,17.355,17.355,17.355,1000
2026-05-01 13:55:00,17.35,17.35,17.35,17.35,518
2026-05-01 14:00:00,17.355,17.355,17.355,17.355,1000
2026-05-01 14:05:00,17.35,17.35,17.348,17.348,4191
2026-05-01 14:10:00,17.345,17.345,17.33,17.33,4515
2026-05-01 14:15:00,17.33,17.33,17.33,17.33,118
2026-05-01 14:20:00,17.335,17.335,17.335,17.335,1000
2026-05-01 14:25:00,17.335,17.335,17.335,17.335,100
2026-05-01 14:35:00,17.33,17.33,17.3243,17.325,1500
2026-05-01 14:40:00,17.33,17.33,17.32,17.3251,5514
2026-05-01 14:45:00,17.32,17.32,17.315,17.32,616
2026-05-01 15:00:00,17.325,17.3299,17.325,17.325,875
2026-05-01 15:10:00,17.33,17.34,17.33,17.34,430
2026-05-01 15:20:00,17.3314,17.3314,17.3314,17.3314,550
2026-05-01 15:25:00,17.335,17.34,17.335,17.34,1677
2026-05-01 15:30:00,17.34,17.34,17.3374,17.3374,200
2026-05-01 15:35:00,17.34,17.34,17.34,17.34,300
2026-05-01 15:40:00,17.34,17.345,17.34,17.34,716
2026-05-01 15:45:00,17.335,17.335,17.335,17.335,100
2026-05-01 15:50:00,17.33,17.33,17.32,17.32,3264
2026-05-01 15:55:00,17.31,17.315,17.31,17.31,3740
2026-05-01 16:00:00,17.31,17.31,17.31,17.31,388
2026-05-04 06:05:00,17.31,17.31,17.31,17.31,100
2026-05-04 07:00:00,17.4,17.4,17.4,17.4,441
2026-05-04 07:10:00,17.35,17.35,17.35,17.35,100
2026-05-04 09:20:00,17.3024,17.3024,17.3024,17.3024,132
2026-05-04 09:30:00,17.3,17.3,17.27,17.285,40134
2026-05-04 09:35:00,17.28,17.285,17.275,17.28,5361
2026-05-04 09:40:00,17.2801,17.295,17.2801,17.295,1404
2026-05-04 09:45:00,17.295,17.295,17.295,17.295,334
2026-05-04 09:50:00,17.305,17.305,17.2921,17.2921,772
2026-05-04 09:55:00,17.295,17.305,17.295,17.305,2889
2026-05-04 10:00:00,17.305,17.305,17.29,17.295,3690
2026-05-04 10:05:00,17.295,17.305,17.295,17.295,5829
2026-05-04 10:10:00,17.305,17.31,17.3,17.3028,2407
2026-05-04 10:15:00,17.315,17.315,17.315,17.315,200
2026-05-04 10:20:00,17.31,17.32,17.31,17.32,3165
2026-05-04 10:25:00,17.32,17.32,17.31,17.31,1612
2026-05-04 10:30:00,17.31,17.33,17.31,17.325,6184
2026-05-04 10:35:00,17.325,17.33,17.315,17.325,28003
2026-05-04 10:40:00,17.33,17.33,17.32,17.32,1700
2026-05-04 10:45:00,17.33,17.33,17.325,17.33,900
2026-05-04 10:50:00,17.33,17.33,17.325,17.3283,1751
2026-05-04 10:55:00,17.325,17.325,17.305,17.305,1360
2026-05-04 11:00:00,17.305,17.315,17.3,17.31,3800
2026-05-04 11:05:00,17.315,17.315,17.305,17.305,1500
2026-05-04 11:10:00,17.305,17.305,17.29,17.29,12675
2026-05-04 11:15:00,17.2994,17.2994,17.265,17.265,2000
2026-05-04 11:20:00,17.26,17.26,17.25,17.25,1712
2026-05-04 11:25:00,17.25,17.25,17.25,17.25,140
2026-05-04 11:30:00,17.255,17.255,17.24,17.25,1900
2026-05-04 11:35:00,17.24,17.25,17.24,17.25,500
2026-05-04 11:40:00,17.245,17.245,17.245,17.245,100
2026-05-04 11:45:00,17.2401,17.245,17.2401,17.245,350
2026-05-04 11:50:00,17.235,17.25,17.235,17.25,1039
2026-05-04 11:55:00,17.245,17.245,17.24,17.245,1090
2026-05-04 12:00:00,17.2399,17.24,17.2399,17.24,275
2026-05-04 12:05:00,17.23,17.23,17.185,17.19,5707
2026-05-04 12:10:00,17.205,17.206,17.205,17.2051,2975
2026-05-04 12:15:00,17.2,17.23,17.2,17.23,936
2026-05-04 12:20:00,17.24,17.24,17.24,17.24,896
2026-05-04 12:25:00,17.24,17.24,17.22,17.22,627
2026-05-04 12:30:00,17.2293,17.24,17.2293,17.24,1000
2026-05-04 12:35:00,17.24,17.24,17.225,17.225,700
2026-05-04 12:40:00,17.23,17.23,17.23,17.23,500
2026-05-04 12:45:00,17.2201,17.2214,17.22,17.22,9722
2026-05-04 12:50:00,17.22,17.22,17.2103,17.2103,6289
2026-05-04 12:55:00,17.215,17.215,17.21,17.21,2161
2026-05-04 13:00:00,17.225,17.225,17.225,17.225,1001
2026-05-04 13:05:00,17.2399,17.2399,17.235,17.235,500
2026-05-04 13:10:00,17.235,17.235,17.235,17.235,4283
2026-05-04 13:15:00,17.25,17.2599,17.25,17.2599,6209
2026-05-04 13:20:00,17.26,17.26,17.26,17.26,1201
2026-05-04 13:25:00,17.255,17.265,17.255,17.265,900
2026-05-04 13:35:00,17.2499,17.2499,17.245,17.245,498
2026-05-04 13:40:00,17.25,17.25,17.25,17.25,100
2026-05-04 13:45:00,17.255,17.255,17.255,17.255,300
2026-05-04 13:50:00,17.26,17.265,17.2557,17.2557,570
2026-05-04 14:00:00,17.26,17.26,17.26,17.26,1500
2026-05-04 14:05:00,17.265,17.265,17.265,17.265,100
2026-05-04 14:10:00,17.265,17.265,17.255,17.255,600
2026-05-04 14:20:00,17.25,17.25,17.25,17.25,1700
2026-05-04 14:25:00,17.24,17.24,17.235,17.235,200
2026-05-04 14:30:00,17.235,17.235,17.235,17.235,100
2026-05-04 14:40:00,17.235,17.235,17.235,17.235,200
2026-05-04 14:50:00,17.235,17.235,17.225,17.225,2455
2026-05-04 14:55:00,17.235,17.235,17.235,17.235,100
2026-05-04 15:00:00,17.23,17.235,17.23,17.235,450
2026-05-04 15:05:00,17.25,17.255,17.25,17.255,361
2026-05-04 15:10:00,17.25,17.25,17.25,17.25,120
2026-05-04 15:15:00,17.255,17.255,17.255,17.255,200
2026-05-04 15:25:00,17.25,17.25,17.245,17.245,280
2026-05-04 15:30:00,17.245,17.25,17.245,17.25,213
2026-05-04 15:35:00,17.25,17.25,17.25,17.25,335
2026-05-04 15:45:00,17.25,17.25,17.25,17.25,900
2026-05-04 15:50:00,17.24,17.24,17.235,17.235,870
2026-05-04 15:55:00,17.24,17.25,17.24,17.245,1301
2026-05-04 16:00:00,17.29,17.29,17.29,17.29,749
2026-05-05 07:00:00,17.31,17.31,17.31,17.31,100
2026-05-05 08:10:00,17.2073,17.2073,17.2073,17.2073,660
2026-05-05 09:30:00,17.3,17.3196,17.3,17.3196,2771
2026-05-05 09:35:00,17.34,17.34,17.3201,17.325,41292
2026-05-05 09:40:00,17.33,17.33,17.33,17.33,400
2026-05-05 09:45:00,17.33,17.34,17.33,17.333,9183
2026-05-05 09:50:00,17.345,17.345,17.3403,17.3403,730
2026-05-05 09:55:00,17.34,17.34,17.34,17.34,300
2026-05-05 10:00:00,17.345,17.345,17.3406,17.345,472
2026-05-05 10:05:00,17.35,17.35,17.35,17.35,501
2026-05-05 10:10:00,17.36,17.36,17.34,17.34,500
2026-05-05 10:15:00,17.335,17.34,17.33,17.33,1600
2026-05-05 10:20:00,17.3303,17.35,17.3303,17.35,3368
2026-05-05 10:25:00,17.36,17.3651,17.36,17.36,2690
2026-05-05 10:30:00,17.355,17.355,17.35,17.3522,2100
2026-05-05 10:35:00,17.35,17.35,17.35,17.35,100
2026-05-05 10:40:00,17.35,17.355,17.35,17.3515,1619
2026-05-05 10:45:00,17.345,17.35,17.34,17.35,775
2026-05-05 10:50:00,17.345,17.35,17.345,17.35,2233
2026-05-05 10:55:00,17.35,17.3522,17.35,17.35,512
2026-05-05 11:00:00,17.355,17.36,17.355,17.36,575
2026-05-05 11:10:00,17.36,17.36,17.36,17.36,600
2026-05-05 11:15:00,17.365,17.365,17.36,17.36,700
2026-05-05 11:20:00,17.36,17.36,17.36,17.36,100
2026-05-05 11:25:00,17.36,17.36,17.36,17.36,400
2026-05-05 11:30:00,17.355,17.36,17.355,17.36,256
2026-05-05 11:35:00,17.355,17.36,17.355,17.36,226
2026-05-05 11:45:00,17.36,17.365,17.36,17.365,2870
2026-05-05 11:50:00,17.36,17.3601,17.35,17.36,16498
2026-05-05 12:00:00,17.36,17.365,17.36,17.365,1928
2026-05-05 12:05:00,17.3603,17.365,17.3603,17.365,600
2026-05-05 12:15:00,17.3699,17.3699,17.365,17.365,2150
2026-05-05 12:20:00,17.37,17.375,17.37,17.375,1062
2026-05-05 12:25:00,17.36,17.36,17.355,17.36,500
2026-05-05 12:30:00,17.3638,17.3638,17.36,17.36,352
2026-05-05 12:35:00,17.365,17.365,17.365,17.365,299
2026-05-05 12:40:00,17.365,17.365,17.365,17.365,161
2026-05-05 12:50:00,17.3651,17.3651,17.3651,17.3651,200
2026-05-05 12:55:00,17.365,17.3651,17.365,17.3651,3515
2026-05-05 13:00:00,17.36,17.365,17.36,17.365,820
2026-05-05 13:05:00,17.36,17.36,17.36,17.36,100
2026-05-05 13:10:00,17.36,17.36,17.36,17.36,2538
2026-05-05 13:15:00,17.36,17.36,17.36,17.36,531
2026-05-05 13:20:00,17.3651,17.3651,17.3651,17.3651,100
2026-05-05 13:25:00,17.37,17.37,17.37,17.37,200
2026-05-05 13:30:00,17.375,17.375,17.37,17.37,1200
2026-05-05 13:35:00,17.375,17.375,17.3701,17.3707,10100
2026-05-05 13:40:00,17.375,17.375,17.375,17.375,300
2026-05-05 14:05:00,17.38,17.3803,17.38,17.3803,8437
2026-05-05 14:10:00,17.38,17.39,17.38,17.39,3226
2026-05-05 14:15:00,17.3901,17.3901,17.39,17.39,600
2026-05-05 14:35:00,17.39,17.39,17.385,17.385,690
2026-05-05 14:50:00,17.385,17.385,17.3842,17.3842,1300
2026-05-05 15:00:00,17.38,17.3801,17.38,17.3801,400
2026-05-05 15:05:00,17.385,17.385,17.385,17.385,223
2026-05-05 15:10:00,17.39,17.39,17.39,17.39,2653
2026-05-05 15:30:00,17.395,17.395,17.395,17.395,100
2026-05-05 15:35:00,17.39,17.39,17.39,17.39,2941
2026-05-05 15:40:00,17.395,17.395,17.395,17.395,659
2026-05-05 15:45:00,17.395,17.395,17.385,17.39,900
2026-05-05 15:50:00,17.38,17.385,17.375,17.375,3559
2026-05-05 15:55:00,17.37,17.375,17.365,17.371,4720
2026-05-05 16:00:00,17.38,17.38,17.38,17.38,330
2026-05-05 18:55:00,17.42,17.42,17.3282,17.359,599
2026-05-06 07:00:00,17.36,17.36,17.36,17.36,190
2026-05-06 08:45:00,17.45,17.45,17.45,17.45,100
2026-05-06 09:10:00,17.381,17.381,17.381,17.381,200
2026-05-06 09:25:00,17.44,17.44,17.43,17.43,600
2026-05-06 09:30:00,17.4,17.484,17.39,17.47,25180
2026-05-06 09:35:00,17.475,17.49,17.475,17.48,2147
2026-05-06 09:40:00,17.48,17.48,17.47,17.4799,2379
2026-05-06 09:45:00,17.475,17.4889,17.471,17.471,4571
2026-05-06 09:50:00,17.475,17.49,17.47,17.49,5721
2026-05-06 09:55:00,17.485,17.49,17.485,17.49,300
2026-05-06 10:00:00,17.495,17.4995,17.4817,17.4817,4545
2026-05-06 10:05:00,17.48,17.49,17.48,17.49,400
2026-05-06 10:10:00,17.5,17.5,17.499,17.5,5377
2026-05-06 10:15:00,17.505,17.505,17.5,17.5,6700
2026-05-06 10:20:00,17.505,17.505,17.505,17.505,1561
2026-05-06 10:25:00,17.51,17.52,17.51,17.52,2200
2026-05-06 10:30:00,17.51,17.5165,17.51,17.51,962
2026-05-06 10:35:00,17.525,17.525,17.525,17.525,900
2026-05-06 10:40:00,17.53,17.545,17.53,17.545,6678
2026-05-06 10:45:00,17.54,17.545,17.54,17.545,1900
2026-05-06 10:50:00,17.545,17.545,17.545,17.545,4600
2026-05-06 10:55:00,17.55,17.5501,17.55,17.55,5500
2026-05-06 11:00:00,17.5597,17.5597,17.5597,17.5597,1345
2026-05-06 11:05:00,17.555,17.555,17.55,17.55,745
2026-05-06 11:10:00,17.545,17.545,17.542,17.545,3000
2026-05-06 11:15:00,17.55,17.55,17.55,17.55,100
2026-05-06 11:25:00,17.555,17.555,17.55,17.5501,50072
2026-05-06 11:30:00,17.55,17.55,17.545,17.545,7174
2026-05-06 11:35:00,17.54,17.54,17.54,17.54,100
2026-05-06 11:40:00,17.53,17.53,17.525,17.525,670
2026-05-06 11:45:00,17.535,17.535,17.535,17.535,200
2026-05-06 11:50:00,17.54,17.545,17.54,17.545,4078
2026-05-06 11:55:00,17.545,17.545,17.54,17.54,4612
2026-05-06 12:00:00,17.54,17.54,17.54,17.54,673
2026-05-06 12:15:00,17.5484,17.5484,17.54,17.54,358
2026-05-06 12:20:00,17.545,17.545,17.545,17.545,275
2026-05-06 12:25:00,17.545,17.545,17.5401,17.5401,2200
2026-05-06 12:30:00,17.545,17.545,17.535,17.535,1590
2026-05-06 12:35:00,17.535,17.535,17.535,17.535,109
2026-05-06 12:40:00,17.5388,17.5388,17.5388,17.5388,200
2026-05-06 12:45:00,17.53,17.53,17.53,17.53,300
2026-05-06 12:50:00,17.5201,17.5201,17.5201,17.5201,130
2026-05-06 12:55:00,17.52,17.525,17.52,17.525,2264
2026-05-06 13:00:00,17.525,17.525,17.525,17.525,1000
2026-05-06 13:05:00,17.53,17.53,17.53,17.53,200
2026-05-06 13:10:00,17.539,17.539,17.539,17.539,500
2026-05-06 13:20:00,17.54,17.54,17.535,17.535,790
2026-05-06 13:25:00,17.53,17.5384,17.53,17.5384,1689
2026-05-06 13:45:00,17.54,17.54,17.54,17.54,484
2026-05-06 14:00:00,17.545,17.545,17.545,17.545,100
2026-05-06 14:05:00,17.55,17.555,17.55,17.555,3574
2026-05-06 14:15:00,17.56,17.56,17.56,17.56,2453
2026-05-06 14:20:00,17.565,17.565,17.565,17.565,2700
2026-05-06 14:35:00,17.57,17.5701,17.57,17.5701,12961
2026-05-06 14:40:00,17.575,17.575,17.575,17.575,1114
2026-05-06 14:50:00,17.56,17.565,17.56,17.565,210
2026-05-06 14:55:00,17.5667,17.5667,17.5667,17.5667,107
2026-05-06 15:15:00,17.57,17.57,17.57,17.57,100
2026-05-06 15:20:00,17.58,17.58,17.58,17.58,13164
2026-05-06 15:30:00,17.585,17.585,17.585,17.585,200
2026-05-06 15:40:00,17.585,17.585,17.585,17.585,100
2026-05-06 15:45:00,17.585,17.585,17.585,17.585,200
2026-05-06 15:50:00,17.59,17.6,17.59,17.6,2003
2026-05-06 15:55:00,17.595,17.5999,17.58,17.58,4367
2026-05-06 16:00:00,17.56,17.56,17.56,17.56,741
2026-05-07 07:00:00,17.624,17.624,17.624,17.624,250
2026-05-07 08:25:00,17.59,17.59,17.59,17.59,100
2026-05-07 09:05:00,17.54,17.54,17.54,17.54,100
2026-05-07 09:25:00,17.59,17.6,17.59,17.6,2100
2026-05-07 09:30:00,17.6,17.615,17.6,17.615,10971
2026-05-07 09:35:00,17.605,17.605,17.605,17.605,500
2026-05-07 09:40:00,17.605,17.61,17.6,17.6001,5178
2026-05-07 09:45:00,17.6,17.605,17.59,17.5942,13444
2026-05-07 09:50:00,17.595,17.595,17.595,17.595,198
2026-05-07 09:55:00,17.59,17.59,17.59,17.59,546
2026-05-07 10:00:00,17.61,17.61,17.61,17.61,100
2026-05-07 10:05:00,17.61,17.6151,17.61,17.6101,16118
2026-05-07 10:10:00,17.605,17.605,17.6015,17.602,2500
2026-05-07 10:15:00,17.605,17.61,17.6,17.6,5088
2026-05-07 10:20:00,17.61,17.61,17.61,17.61,3100
2026-05-07 10:30:00,17.6,17.605,17.6,17.605,2000
2026-05-07 10:35:00,17.61,17.61,17.61,17.61,373
2026-05-07 10:40:00,17.62,17.62,17.62,17.62,200
2026-05-07 10:45:00,17.62,17.6214,17.6112,17.6112,3827
2026-05-07 10:50:00,17.62,17.62,17.62,17.62,400
2026-05-07 11:05:00,17.62,17.625,17.62,17.625,300
2026-05-07 11:10:00,17.615,17.62,17.615,17.62,399
2026-05-07 11:15:00,17.615,17.6151,17.615,17.6151,471
2026-05-07 11:20:00,17.615,17.615,17.615,17.615,200
2026-05-07 11:25:00,17.6,17.605,17.6,17.605,5079
2026-05-07 11:30:00,17.6194,17.6194,17.615,17.615,350
2026-05-07 11:35:00,17.615,17.615,17.615,17.615,150
2026-05-07 11:50:00,17.6003,17.605,17.6,17.605,46832
2026-05-07 11:55:00,17.605,17.605,17.59,17.59,2825
2026-05-07 12:00:00,17.59,17.59,17.585,17.585,3353
2026-05-07 12:05:00,17.58,17.58,17.575,17.575,2158
2026-05-07 12:15:00,17.565,17.565,17.55,17.555,1431
2026-05-07 12:45:00,17.562,17.565,17.56,17.565,3300
2026-05-07 12:50:00,17.56,17.56,17.56,17.56,300
2026-05-07 13:00:00,17.55,17.555,17.55,17.555,9242
2026-05-07 13:05:00,17.55,17.56,17.55,17.551,2458
2026-05-07 13:10:00,17.555,17.555,17.555,17.555,100
2026-05-07 13:20:00,17.54,17.565,17.54,17.565,1200
2026-05-07 13:25:00,17.565,17.57,17.52,17.53,3066
2026-05-07 13:30:00,17.52,17.53,17.52,17.53,420
2026-05-07 13:40:00,17.55,17.55,17.535,17.535,649
2026-05-07 13:45:00,17.535,17.535,17.525,17.53,1410
2026-05-07 13:50:00,17.525,17.535,17.52,17.535,320
2026-05-07 13:55:00,17.54,17.545,17.54,17.545,200
2026-05-07 14:00:00,17.55,17.55,17.55,17.55,200
2026-05-07 14:05:00,17.555,17.555,17.55,17.55,1609
2026-05-07 14:10:00,17.545,17.545,17.545,17.545,1870
2026-05-07 14:15:00,17.5654,17.5654,17.56,17.56,700
2026-05-07 14:20:00,17.555,17.555,17.555,17.555,1500
2026-05-07 14:25:00,17.545,17.545,17.545,17.545,440
2026-05-07 14:30:00,17.555,17.555,17.555,17.555,100
2026-05-07 14:35:00,17.555,17.555,17.5399,17.5399,1500
2026-05-07 14:40:00,17.5498,17.5498,17.535,17.535,545
2026-05-07 14:45:00,17.51,17.525,17.51,17.525,573
2026-05-07 14:50:00,17.52,17.535,17.52,17.525,640
2026-05-07 14:55:00,17.53,17.54,17.53,17.54,764
2026-05-07 15:00:00,17.545,17.545,17.545,17.545,300
2026-05-07 15:10:00,17.54,17.545,17.54,17.545,300
2026-05-07 15:15:00,17.545,17.545,17.525,17.525,490
2026-05-07 15:20:00,17.525,17.525,17.525,17.525,100
2026-05-07 15:25:00,17.53,17.53,17.53,17.53,450
2026-05-07 15:30:00,17.53,17.53,17.52,17.52,6187
2026-05-07 15:40:00,17.54,17.54,17.54,17.54,8780
2026-05-07 15:45:00,17.53,17.53,17.53,17.53,403
2026-05-07 15:50:00,17.54,17.545,17.53,17.5304,1515
2026-05-07 15:55:00,17.54,17.55,17.53,17.54,11967
2026-05-07 16:00:00,17.53,17.53,17.53,17.53,411
2026-05-08 09:30:00,17.6,17.6001,17.595,17.595,977
2026-05-08 09:35:00,17.6,17.615,17.58,17.615,1143
2026-05-08 09:45:00,17.63,17.6414,17.63,17.64,4702
2026-05-08 09:50:00,17.64,17.64,17.635,17.64,400
2026-05-08 09:55:00,17.635,17.635,17.635,17.635,950
2026-05-08 10:00:00,17.63,17.65,17.63,17.6499,5037
2026-05-08 10:05:00,17.635,17.635,17.635,17.635,100
2026-05-08 10:10:00,17.65,17.65,17.65,17.65,627
2026-05-08 10:15:00,17.655,17.66,17.655,17.655,4710
2026-05-08 10:20:00,17.66,17.66,17.66,17.66,872
2026-05-08 10:25:00,17.66,17.6688,17.66,17.6688,2557
2026-05-08 10:30:00,17.655,17.6588,17.65,17.6501,5592
2026-05-08 10:35:00,17.645,17.645,17.645,17.645,5200
2026-05-08 10:40:00,17.655,17.665,17.655,17.665,1400
2026-05-08 10:55:00,17.665,17.665,17.665,17.665,440
2026-05-08 11:00:00,17.661,17.665,17.66,17.665,500
2026-05-08 11:10:00,17.65,17.65,17.65,17.65,1400
2026-05-08 11:15:00,17.65,17.65,17.645,17.645,853
2026-05-08 11:30:00,17.6499,17.6499,17.6499,17.6499,113
2026-05-08 11:45:00,17.66,17.66,17.66,17.66,100
2026-05-08 11:50:00,17.655,17.655,17.655,17.655,283
2026-05-08 12:00:00,17.66,17.66,17.66,17.66,320
2026-05-08 12:05:00,17.6699,17.6699,17.665,17.665,610
2026-05-08 12:15:00,17.6629,17.665,17.6629,17.665,316
2026-05-08 12:20:00,17.67,17.67,17.67,17.67,100
2026-05-08 12:25:00,17.665,17.67,17.665,17.665,1410
2026-05-08 12:45:00,17.655,17.655,17.655,17.655,578
2026-05-08 12:55:00,17.6548,17.6548,17.6548,17.6548,185
2026-05-08 13:00:00,17.655,17.6611,17.655,17.6611,700
2026-05-08 13:10:00,17.66,17.6603,17.66,17.6603,235
2026-05-08 13:15:00,17.665,17.665,17.665,17.665,1000
2026-05-08 13:25:00,17.665,17.665,17.665,17.665,330
2026-05-08 13:35:00,17.67,17.67,17.665,17.665,7753
2026-05-08 13:40:00,17.665,17.665,17.665,17.665,100
2026-05-08 13:45:00,17.6662,17.6662,17.6601,17.6601,499
2026-05-08 13:50:00,17.66,17.66,17.66,17.66,2065
2026-05-08 13:55:00,17.655,17.655,17.655,17.655,1452
2026-05-08 14:00:00,17.66,17.67,17.66,17.665,6832
2026-05-08 14:05:00,17.675,17.675,17.67,17.6701,3900
2026-05-08 14:10:00,17.67,17.67,17.67,17.67,200
2026-05-08 14:15:00,17.6792,17.6792,17.6792,17.6792,500
2026-05-08 14:20:00,17.6746,17.6746,17.6746,17.6746,500
2026-05-08 14:40:00,17.67,17.67,17.67,17.67,300
2026-05-08 14:45:00,17.66,17.6601,17.6599,17.6599,626
2026-05-08 14:55:00,17.64,17.65,17.64,17.65,200
2026-05-08 15:00:00,17.64,17.64,17.64,17.64,1000
2026-05-08 15:10:00,17.655,17.655,17.655,17.655,100
2026-05-08 15:20:00,17.66,17.665,17.66,17.665,200
2026-05-08 15:25:00,17.66,17.66,17.66,17.66,125
2026-05-08 15:40:00,17.655,17.655,17.655,17.655,100
2026-05-08 15:45:00,17.6599,17.6599,17.6599,17.6599,100
2026-05-08 15:50:00,17.66,17.66,17.65,17.66,2460
2026-05-08 15:55:00,17.67,17.67,17.66,17.66,8577
2026-05-08 16:00:00,17.66,17.66,17.66,17.66,546
2026-05-08 16:55:00,17.6302,17.6302,17.6302,17.6302,188
2026-05-11 04:50:00,17.3708,17.3708,17.3708,17.3708,1154
2026-05-11 09:30:00,17.67,17.67,17.67,17.67,3240
2026-05-11 09:35:00,17.68,17.68,17.67,17.675,13325
2026-05-11 09:40:00,17.6769,17.685,17.6769,17.685,440
2026-05-11 09:45:00,17.7,17.7,17.7,17.7,733
2026-05-11 09:50:00,17.705,17.705,17.705,17.705,1250
2026-05-11 09:55:00,17.695,17.715,17.695,17.715,1120
2026-05-11 10:00:00,17.695,17.695,17.6901,17.6901,679
2026-05-11 10:05:00,17.695,17.695,17.695,17.695,113
2026-05-11 10:10:00,17.695,17.695,17.695,17.695,390
2026-05-11 10:15:00,17.7,17.71,17.7,17.71,1957
2026-05-11 10:20:00,17.71,17.715,17.71,17.715,2100
2026-05-11 10:25:00,17.7199,17.7199,17.6999,17.6999,2250
2026-05-11 10:30:00,17.685,17.685,17.68,17.68,1428
2026-05-11 10:35:00,17.685,17.6851,17.685,17.6851,773
2026-05-11 10:40:00,17.69,17.6997,17.69,17.6997,800
2026-05-11 10:45:00,17.6996,17.6996,17.6996,17.6996,109
2026-05-11 10:50:00,17.715,17.715,17.715,17.715,100
2026-05-11 10:55:00,17.715,17.715,17.71,17.71,400
2026-05-11 11:00:00,17.7053,17.7053,17.705,17.705,3145
2026-05-11 11:05:00,17.705,17.705,17.705,17.705,3135
2026-05-11 11:10:00,17.705,17.705,17.705,17.705,285
2026-05-11 11:20:00,17.709,17.715,17.7014,17.715,2785
2026-05-11 11:25:00,17.715,17.7156,17.71,17.7156,1623
2026-05-11 11:30:00,17.715,17.715,17.715,17.715,2043
2026-05-11 11:40:00,17.715,17.715,17.71,17.715,981
2026-05-11 11:50:00,17.715,17.715,17.715,17.715,199
2026-05-11 11:55:00,17.7101,17.7101,17.7101,17.7101,1000
2026-05-11 12:00:00,17.715,17.715,17.715,17.715,113
2026-05-11 12:05:00,17.71,17.71,17.71,17.71,300
2026-05-11 12:10:00,17.715,17.715,17.715,17.715,1000
2026-05-11 12:15:00,17.72,17.72,17.715,17.7174,4993
2026-05-11 12:20:00,17.72,17.72,17.72,17.72,200
2026-05-11 12:25:00,17.7265,17.7265,17.7265,17.7265,500
2026-05-11 12:30:00,17.725,17.725,17.725,17.725,100
2026-05-11 12:35:00,17.725,17.725,17.725,17.725,200
2026-05-11 12:40:00,17.72,17.7201,17.7,17.7,580
2026-05-11 12:45:00,17.715,17.715,17.71,17.715,796
2026-05-11 12:50:00,17.705,17.705,17.705,17.705,350
2026-05-11 12:55:00,17.705,17.705,17.705,17.705,2305
2026-05-11 13:00:00,17.71,17.71,17.71,17.71,1500
2026-05-11 13:05:00,17.705,17.705,17.705,17.705,102
2026-05-11 13:10:00,17.7099,17.7099,17.7099,17.7099,200
2026-05-11 13:15:00,17.705,17.7089,17.695,17.695,3538
2026-05-11 13:20:00,17.7,17.7,17.7,17.7,947
2026-05-11 13:25:00,17.715,17.715,17.715,17.715,406
2026-05-11 13:30:00,17.7199,17.7199,17.7199,17.7199,500
2026-05-11 13:35:00,17.725,17.73,17.725,17.725,420
2026-05-11 13:40:00,17.725,17.725,17.725,17.725,195
2026-05-11 13:45:00,17.725,17.725,17.725,17.725,565
2026-05-11 13:50:00,17.72,17.72,17.72,17.72,100
2026-05-11 13:55:00,17.725,17.725,17.725,17.725,100
2026-05-11 14:00:00,17.725,17.7299,17.725,17.7299,3274
2026-05-11 14:05:00,17.72,17.72,17.72,17.72,100
2026-05-11 14:10:00,17.73,17.73,17.725,17.725,830
2026-05-11 14:15:00,17.725,17.725,17.725,17.725,100
2026-05-11 14:20:00,17.725,17.725,17.72,17.72,10186
2026-05-11 14:25:00,17.72,17.72,17.72,17.72,595
2026-05-11 14:30:00,17.715,17.715,17.715,17.715,750
2026-05-11 14:40:00,17.71,17.71,17.71,17.71,100
2026-05-11 14:45:00,17.705,17.705,17.705,17.705,700
2026-05-11 14:55:00,17.705,17.705,17.695,17.695,765
2026-05-11 15:00:00,17.695,17.695,17.695,17.695,100
2026-05-11 15:05:00,17.685,17.695,17.681,17.695,5071
2026-05-11 15:10:00,17.695,17.6968,17.695,17.6968,1700
2026-05-11 15:15:00,17.6999,17.7,17.69,17.7,1347
2026-05-11 15:20:00,17.69,17.69,17.69,17.69,1600
2026-05-11 15:35:00,17.69,17.695,17.69,17.695,1513
2026-05-11 15:40:00,17.695,17.695,17.69,17.6901,2250
2026-05-11 15:45:00,17.695,17.695,17.695,17.695,100
2026-05-11 15:50:00,17.7,17.7,17.7,17.7,658
2026-05-11 15:55:00,17.705,17.71,17.7,17.7,8104
2026-05-11 16:00:00,17.72,17.72,17.72,17.72,417
2026-05-11 16:10:00,17.71,17.71,17.71,17.71,117
2026-05-11 16:40:00,17.7213,17.7213,17.7213,17.7213,100
2026-05-12 07:00:00,17.65,17.65,17.65,17.65,10000
2026-05-12 09:30:00,17.69,17.69,17.69,17.69,2136
2026-05-12 09:35:00,17.64,17.64,17.625,17.63,1194
2026-05-12 09:40:00,17.64,17.64,17.6399,17.64,7349
2026-05-12 09:45:00,17.65,17.65,17.635,17.6394,1599
2026-05-12 09:50:00,17.62,17.62,17.62,17.62,100
2026-05-12 09:55:00,17.62,17.6201,17.62,17.6201,370
2026-05-12 10:00:00,17.61,17.61,17.61,17.61,233
2026-05-12 10:10:00,17.6121,17.63,17.6121,17.63,1701
2026-05-12 10:15:00,17.63,17.63,17.63,17.63,100
2026-05-12 10:20:00,17.6298,17.6298,17.625,17.625,423
2026-05-12 10:25:00,17.62,17.62,17.605,17.605,800
2026-05-12 10:30:00,17.6,17.6,17.58,17.58,1551
2026-05-12 10:35:00,17.59,17.6,17.59,17.6,300
2026-05-12 10:40:00,17.6,17.6,17.6,17.6,600
2026-05-12 10:45:00,17.5998,17.5998,17.5998,17.5998,100
2026-05-12 10:50:00,17.58,17.59,17.58,17.5877,623
2026-05-12 10:55:00,17.58,17.58,17.5799,17.5799,300
2026-05-12 11:00:00,17.5799,17.5799,17.5799,17.5799,200
2026-05-12 11:10:00,17.585,17.585,17.5744,17.5744,800
2026-05-12 11:20:00,17.5593,17.565,17.54,17.54,5850
2026-05-12 11:25:00,17.545,17.545,17.545,17.545,200
2026-05-12 11:30:00,17.55,17.555,17.55,17.555,300
2026-05-12 11:40:00,17.56,17.5701,17.56,17.5701,700
2026-05-12 11:45:00,17.575,17.575,17.57,17.575,837
2026-05-12 11:50:00,17.57,17.57,17.5688,17.5688,2784
2026-05-12 11:55:00,17.565,17.565,17.5561,17.5561,4047
2026-05-12 12:00:00,17.55,17.55,17.55,17.55,670
2026-05-12 12:05:00,17.5698,17.5698,17.56,17.56,868
2026-05-12 12:10:00,17.5599,17.5599,17.5599,17.5599,100
2026-05-12 12:20:00,17.555,17.555,17.555,17.555,435
2026-05-12 12:25:00,17.56,17.56,17.56,17.56,100
2026-05-12 12:30:00,17.55,17.55,17.55,17.55,100
2026-05-12 12:35:00,17.5598,17.5598,17.5598,17.5598,257
2026-05-12 12:40:00,17.55,17.55,17.55,17.55,183
2026-05-12 12:45:00,17.544,17.544,17.54,17.54,900
2026-05-12 12:50:00,17.54,17.5489,17.54,17.5489,1169
2026-05-12 12:55:00,17.54,17.54,17.54,17.54,200
2026-05-12 13:00:00,17.54,17.56,17.54,17.56,434
2026-05-12 13:15:00,17.57,17.58,17.57,17.58,400
2026-05-12 13:20:00,17.59,17.6,17.59,17.5999,7050
2026-05-12 13:25:00,17.5901,17.5901,17.59,17.59,5691
2026-05-12 13:30:00,17.595,17.605,17.595,17.605,749
2026-05-12 13:35:00,17.5991,17.5999,17.59,17.5999,1349
2026-05-12 13:45:00,17.6059,17.6059,17.5993,17.5993,299
2026-05-12 13:50:00,17.5965,17.6099,17.5965,17.6099,550
2026-05-12 14:00:00,17.62,17.62,17.6189,17.6189,1070
2026-05-12 14:10:00,17.61,17.61,17.605,17.61,2579
2026-05-12 14:15:00,17.61,17.61,17.61,17.61,100
2026-05-12 14:20:00,17.6101,17.625,17.6101,17.625,727
2026-05-12 14:25:00,17.64,17.64,17.639,17.639,700
2026-05-12 14:30:00,17.64,17.64,17.64,17.64,200
2026-05-12 14:35:00,17.64,17.64,17.64,17.64,100
2026-05-12 14:40:00,17.64,17.64,17.64,17.64,200
2026-05-12 14:50:00,17.64,17.64,17.64,17.64,2400
2026-05-12 14:55:00,17.6499,17.6499,17.6499,17.6499,150
2026-05-12 15:05:00,17.645,17.645,17.64,17.645,2041
2026-05-12 15:10:00,17.645,17.65,17.645,17.65,1457
2026-05-12 15:15:00,17.665,17.665,17.665,17.665,100
2026-05-12 15:20:00,17.65,17.65,17.65,17.65,100
2026-05-12 15:25:00,17.655,17.655,17.655,17.655,110
2026-05-12 15:30:00,17.66,17.66,17.66,17.66,800
2026-05-12 15:40:00,17.6707,17.6707,17.6707,17.6707,1060
2026-05-12 15:45:00,17.68,17.68,17.68,17.68,628
2026-05-12 15:50:00,17.69,17.69,17.69,17.69,5919
2026-05-12 15:55:00,17.675,17.68,17.675,17.68,1522
2026-05-12 16:00:00,17.67,17.67,17.67,17.67,1106
2026-05-12 16:05:00,17.6688,17.6688,17.52,17.52,785
2026-05-13 07:30:00,17.68,17.68,17.68,17.68,395
2026-05-13 07:50:00,17.69,17.69,17.69,17.69,567
2026-05-13 08:10:00,17.64,17.64,17.64,17.64,112
2026-05-13 08:20:00,17.64,17.64,17.64,17.64,100
2026-05-13 08:25:00,17.64,17.64,17.64,17.64,100
2026-05-13 09:30:00,17.64,17.6888,17.64,17.6888,2872
2026-05-13 09:35:00,17.6799,17.6799,17.66,17.665,1127
2026-05-13 09:40:00,17.66,17.67,17.66,17.67,716
2026-05-13 09:45:00,17.645,17.645,17.64,17.64,2880
2026-05-13 09:50:00,17.66,17.6612,17.66,17.6612,1353
2026-05-13 09:55:00,17.67,17.67,17.66,17.665,496
2026-05-13 10:00:00,17.66,17.675,17.66,17.67,2384
2026-05-13 10:05:00,17.67,17.67,17.67,17.67,100
2026-05-13 10:10:00,17.675,17.675,17.675,17.675,500
2026-05-13 10:15:00,17.68,17.68,17.68,17.68,283
2026-05-13 10:25:00,17.7,17.7,17.7,17.7,265
2026-05-13 10:30:00,17.695,17.695,17.695,17.695,113
2026-05-13 10:35:00,17.69,17.695,17.69,17.69,400
2026-05-13 10:40:00,17.685,17.69,17.685,17.69,515
2026-05-13 10:45:00,17.695,17.695,17.695,17.695,400
2026-05-13 10:55:00,17.7099,17.7099,17.7099,17.7099,150
2026-05-13 11:00:00,17.71,17.71,17.71,17.71,100
2026-05-13 11:05:00,17.705,17.705,17.705,17.705,100
2026-05-13 11:10:00,17.71,17.71,17.71,17.71,100
2026-05-13 11:20:00,17.705,17.705,17.705,17.705,282
2026-05-13 11:30:00,17.71,17.71,17.71,17.71,100
2026-05-13 11:40:00,17.725,17.725,17.725,17.725,300
2026-05-13 11:45:00,17.725,17.725,17.725,17.725,100
2026-05-13 11:50:00,17.72,17.72,17.715,17.715,3022
2026-05-13 11:55:00,17.715,17.715,17.715,17.715,1300
2026-05-13 12:00:00,17.72,17.72,17.72,17.72,100
2026-05-13 12:20:00,17.7301,17.75,17.7301,17.75,2108
2026-05-13 12:35:00,17.76,17.76,17.76,17.76,216
2026-05-13 12:40:00,17.765,17.765,17.76,17.76,383
2026-05-13 12:45:00,17.755,17.755,17.755,17.755,500
2026-05-13 12:50:00,17.75,17.755,17.75,17.755,400
2026-05-13 12:55:00,17.76,17.77,17.7599,17.77,1500
2026-05-13 13:00:00,17.77,17.77,17.77,17.77,1900
2026-05-13 13:05:00,17.77,17.7731,17.77,17.7731,925
2026-05-13 13:10:00,17.775,17.775,17.775,17.775,365
2026-05-13 13:15:00,17.7745,17.775,17.76,17.77,1866
2026-05-13 13:20:00,17.77,17.77,17.77,17.77,100
2026-05-13 13:35:00,17.765,17.765,17.765,17.765,196
2026-05-13 13:40:00,17.77,17.77,17.77,17.77,1021
2026-05-13 13:45:00,17.7727,17.7727,17.7727,17.7727,554
2026-05-13 13:55:00,17.77,17.77,17.77,17.77,100
2026-05-13 14:00:00,17.7674,17.7674,17.7674,17.7674,100
2026-05-13 14:05:00,17.775,17.775,17.775,17.775,100
2026-05-13 14:20:00,17.795,17.795,17.795,17.795,310
2026-05-13 14:25:00,17.8,17.8,17.7999,17.7999,2032
2026-05-13 14:30:00,17.79,17.79,17.785,17.7899,4756
2026-05-13 14:50:00,17.795,17.795,17.78,17.78,358
2026-05-13 15:10:00,17.78,17.78,17.78,17.78,1000
2026-05-13 15:15:00,17.79,17.795,17.79,17.795,2897
2026-05-13 15:25:00,17.79,17.79,17.785,17.785,1368
2026-05-13 15:30:00,17.785,17.785,17.78,17.785,1700
2026-05-13 15:40:00,17.7801,17.7801,17.7801,17.7801,350
2026-05-13 15:45:00,17.7823,17.785,17.7823,17.785,1493
2026-05-13 15:50:00,17.77,17.77,17.77,17.77,100
2026-05-13 15:55:00,17.76,17.765,17.76,17.76,5918
2026-05-13 16:00:00,17.76,17.76,17.76,17.76,101
2026-05-14 07:00:00,17.72,17.72,17.72,17.72,100
2026-05-14 08:40:00,17.8,17.8,17.7999,17.7999,200
2026-05-14 09:25:00,17.78,17.78,17.78,17.78,1300
2026-05-14 09:30:00,17.76,17.83,17.76,17.83,16216
2026-05-14 09:35:00,17.815,17.815,17.815,17.815,4125
2026-05-14 09:45:00,17.83,17.83,17.83,17.83,6042
2026-05-14 09:50:00,17.835,17.8378,17.825,17.825,984
2026-05-14 09:55:00,17.825,17.825,17.825,17.825,2100
2026-05-14 10:00:00,17.81,17.825,17.81,17.82,715
2026-05-14 10:05:00,17.83,17.83,17.8101,17.815,19202
2026-05-14 10:10:00,17.825,17.825,17.815,17.815,1514
2026-05-14 10:15:00,17.835,17.835,17.835,17.835,226
2026-05-14 10:20:00,17.84,17.84,17.84,17.84,400
2026-05-14 10:30:00,17.8388,17.8388,17.835,17.835,1124
2026-05-14 10:35:00,17.84,17.84,17.84,17.84,100
2026-05-14 10:40:00,17.85,17.85,17.85,17.85,202
2026-05-14 10:50:00,17.86,17.86,17.86,17.86,300
2026-05-14 11:00:00,17.865,17.87,17.865,17.87,739
2026-05-14 11:05:00,17.875,17.875,17.875,17.875,508
2026-05-14 11:15:00,17.88,17.88,17.88,17.88,250
2026-05-14 11:20:00,17.89,17.89,17.89,17.89,400
2026-05-14 11:25:00,17.8864,17.8864,17.8864,17.8864,200
2026-05-14 11:30:00,17.9,17.9,17.8984,17.8984,3250
2026-05-14 11:35:00,17.89,17.89,17.89,17.89,100
2026-05-14 11:40:00,17.89,17.89,17.89,17.89,300
2026-05-14 11:45:00,17.8982,17.8982,17.8982,17.8982,225
2026-05-14 11:50:00,17.895,17.895,17.895,17.895,100
2026-05-14 11:55:00,17.9,17.9099,17.9,17.9099,11810
2026-05-14 12:00:00,17.9199,17.9199,17.9199,17.9199,5000
2026-05-14 12:10:00,17.91,17.915,17.91,17.91,950
2026-05-14 12:15:00,17.91,17.91,17.91,17.91,400
2026-05-14 12:20:00,17.91,17.91,17.91,17.91,225
2026-05-14 12:25:00,17.9,17.9,17.9,17.9,200
2026-05-14 12:30:00,17.88,17.88,17.88,17.88,100
2026-05-14 12:35:00,17.88,17.88,17.88,17.88,100
2026-05-14 12:45:00,17.875,17.88,17.875,17.88,279
2026-05-14 12:50:00,17.875,17.875,17.875,17.875,156
2026-05-14 12:55:00,17.865,17.865,17.865,17.865,1200
2026-05-14 13:00:00,17.885,17.89,17.885,17.89,400
2026-05-14 13:05:00,17.87,17.87,17.87,17.87,3800
2026-05-14 13:10:00,17.865,17.865,17.86,17.86,300
2026-05-14 13:20:00,17.8489,17.855,17.8489,17.85,680
2026-05-14 13:25:00,17.845,17.85,17.845,17.85,975
2026-05-14 13:30:00,17.865,17.865,17.86,17.86,200
2026-05-14 13:35:00,17.8689,17.8689,17.86,17.865,300
2026-05-14 13:40:00,17.87,17.87,17.87,17.87,100
2026-05-14 13:45:00,17.87,17.89,17.87,17.89,1418
2026-05-14 13:50:00,17.885,17.885,17.88,17.88,1000
2026-05-14 13:55:00,17.8701,17.88,17.8701,17.88,382
2026-05-14 14:00:00,17.85,17.85,17.85,17.85,100
2026-05-14 14:05:00,17.86,17.86,17.855,17.855,350
2026-05-14 14:10:00,17.875,17.875,17.875,17.875,1120
2026-05-14 14:15:00,17.88,17.88,17.88,17.88,200
2026-05-14 14:20:00,17.88,17.88,17.88,17.88,100
2026-05-14 14:30:00,17.87,17.875,17.87,17.875,745
2026-05-14 14:40:00,17.875,17.875,17.875,17.875,351
2026-05-14 14:50:00,17.875,17.875,17.875,17.875,304
2026-05-14 14:55:00,17.88,17.88,17.88,17.88,200
2026-05-14 15:00:00,17.89,17.89,17.89,17.89,200
2026-05-14 15:05:00,17.885,17.885,17.885,17.885,450
2026-05-14 15:25:00,17.88,17.88,17.88,17.88,279
2026-05-14 15:30:00,17.8801,17.885,17.8801,17.8801,3926
2026-05-14 15:40:00,17.89,17.89,17.89,17.89,100
2026-05-14 15:45:00,17.8884,17.8884,17.8801,17.8801,457
2026-05-14 15:50:00,17.8799,17.885,17.8799,17.885,1143
2026-05-14 15:55:00,17.875,17.875,17.87,17.873,3582
2026-05-14 16:00:00,17.89,17.89,17.89,17.89,143
2026-05-15 07:15:00,17.87,17.87,17.87,17.87,100
2026-05-15 07:55:00,17.87,17.87,17.74,17.74,1000
2026-05-15 08:45:00,17.4363,17.4363,17.4363,17.4363,230
2026-05-15 09:30:00,17.75,17.75,17.73,17.73,3101
2026-05-15 09:35:00,17.72,17.72,17.69,17.69,400
2026-05-15 09:40:00,17.71,17.71,17.695,17.695,1465
2026-05-15 09:45:00,17.68,17.6801,17.67,17.68,1100
2026-05-15 09:50:00,17.7,17.7134,17.7,17.7134,4550
2026-05-15 09:55:00,17.73,17.73,17.7,17.7,200
2026-05-15 10:00:00,17.715,17.715,17.7,17.7,5518
2026-05-15 10:05:00,17.7,17.71,17.7,17.71,412
2026-05-15 10:10:00,17.72,17.73,17.72,17.73,300
2026-05-15 10:15:00,17.745,17.745,17.745,17.745,538
2026-05-15 10:20:00,17.75,17.77,17.75,17.76,825
2026-05-15 10:25:00,17.75,17.75,17.73,17.73,1750
2026-05-15 10:30:00,17.74,17.747,17.74,17.747,652
2026-05-15 10:35:00,17.7599,17.76,17.75,17.75,1657
2026-05-15 10:45:00,17.745,17.745,17.74,17.74,1068
2026-05-15 10:50:00,17.73,17.73,17.73,17.73,146
2026-05-15 11:00:00,17.74,17.74,17.73,17.73,200
2026-05-15 11:05:00,17.7191,17.74,17.7191,17.74,300
2026-05-15 11:10:00,17.73,17.73,17.73,17.73,100
2026-05-15 11:20:00,17.7465,17.7489,17.7465,17.7489,551
2026-05-15 11:30:00,17.75,17.75,17.75,17.75,100
2026-05-15 11:35:00,17.75,17.75,17.7465,17.7465,755
2026-05-15 11:40:00,17.73,17.73,17.7161,17.7161,1736
2026-05-15 11:45:00,17.71,17.71,17.71,17.71,2256
2026-05-15 11:50:00,17.705,17.705,17.705,17.705,945
2026-05-15 11:55:00,17.7,17.7,17.7,17.7,1911
2026-05-15 12:00:00,17.72,17.72,17.72,17.72,118
2026-05-15 12:05:00,17.71,17.71,17.71,17.71,200
2026-05-15 12:10:00,17.72,17.72,17.72,17.72,100
2026-05-15 12:15:00,17.7125,17.7125,17.7125,17.7125,430
2026-05-15 12:20:00,17.715,17.7301,17.71,17.7301,1709
2026-05-15 12:40:00,17.7399,17.7399,17.7399,17.7399,1650
2026-05-15 12:45:00,17.7466,17.7466,17.745,17.745,400
2026-05-15 12:50:00,17.74,17.74,17.74,17.74,100
2026-05-15 13:00:00,17.7388,17.7399,17.73,17.73,3018
2026-05-15 13:10:00,17.75,17.75,17.7499,17.7499,700
2026-05-15 13:15:00,17.74,17.74,17.74,17.74,200
2026-05-15 13:20:00,17.755,17.76,17.75,17.76,2474
2026-05-15 13:25:00,17.77,17.7701,17.77,17.7701,1135
2026-05-15 13:30:00,17.77,17.77,17.7684,17.7684,225
2026-05-15 13:35:00,17.76,17.76,17.76,17.76,712
2026-05-15 13:40:00,17.76,17.76,17.76,17.76,976
2026-05-15 13:50:00,17.7601,17.765,17.7601,17.765,1575
2026-05-15 13:55:00,17.77,17.77,17.77,17.77,325
2026-05-15 14:00:00,17.775,17.775,17.775,17.775,720
2026-05-15 14:05:00,17.78,17.78,17.78,17.78,600
2026-05-15 14:35:00,17.73,17.74,17.73,17.74,3717
2026-05-15 14:45:00,17.74,17.74,17.73,17.73,999
2026-05-15 14:50:00,17.735,17.735,17.735,17.735,100
2026-05-15 14:55:00,17.745,17.745,17.74,17.74,1400
2026-05-15 15:00:00,17.74,17.745,17.725,17.725,968
2026-05-15 15:05:00,17.73,17.73,17.73,17.73,700
2026-05-15 15:10:00,17.72,17.73,17.72,17.73,1100
2026-05-15 15:15:00,17.72,17.72,17.715,17.715,1382
2026-05-15 15:20:00,17.725,17.725,17.72,17.72,503
2026-05-15 15:25:00,17.715,17.715,17.715,17.715,448
2026-05-15 15:30:00,17.7148,17.7198,17.7148,17.7198,1905
2026-05-15 15:35:00,17.72,17.725,17.72,17.72,1202
2026-05-15 15:40:00,17.72,17.72,17.72,17.72,850
2026-05-15 15:45:00,17.72,17.72,17.72,17.72,562
2026-05-15 15:50:00,17.715,17.715,17.7,17.7,300
2026-05-15 15:55:00,17.68,17.685,17.67,17.67,4982
2026-05-18 07:05:00,17.65,17.65,17.65,17.65,1705
2026-05-18 08:40:00,17.65,17.65,17.65,17.65,295
2026-05-18 09:25:00,17.59,17.59,17.59,17.59,100
2026-05-18 09:30:00,17.7,17.73,17.7,17.7,3530
2026-05-18 09:35:00,17.675,17.68,17.67,17.68,6650
2026-05-18 09:40:00,17.68,17.68,17.67,17.67,1621
2026-05-18 09:45:00,17.655,17.67,17.655,17.66,4311
2026-05-18 09:50:00,17.675,17.71,17.675,17.7051,521
2026-05-18 09:55:00,17.73,17.7318,17.71,17.71,3282
2026-05-18 10:00:00,17.705,17.705,17.705,17.705,1100
2026-05-18 10:05:00,17.67,17.7,17.67,17.695,7182
2026-05-18 10:10:00,17.715,17.715,17.7,17.7,2156
2026-05-18 10:20:00,17.7,17.7,17.7,17.7,100
2026-05-18 10:25:00,17.7,17.7,17.7,17.7,1194
2026-05-18 10:30:00,17.68,17.68,17.66,17.66,1100
2026-05-18 10:35:00,17.65,17.6532,17.63,17.6532,700
2026-05-18 10:40:00,17.66,17.66,17.65,17.65,1596
2026-05-18 10:45:00,17.65,17.66,17.65,17.65,11111
2026-05-18 10:50:00,17.655,17.675,17.655,17.6709,1685
2026-05-18 10:55:00,17.665,17.665,17.665,17.665,500
2026-05-18 11:00:00,17.66,17.66,17.64,17.64,773
2026-05-18 11:10:00,17.6394,17.6394,17.6394,17.6394,250
2026-05-18 11:15:00,17.625,17.625,17.625,17.625,200
2026-05-18 11:20:00,17.62,17.63,17.62,17.62,2239
2026-05-18 11:25:00,17.625,17.63,17.625,17.63,1765
2026-05-18 11:30:00,17.62,17.62,17.6145,17.6145,1200
2026-05-18 11:35:00,17.63,17.64,17.63,17.64,1445
2026-05-18 11:40:00,17.63,17.63,17.625,17.625,1350
2026-05-18 11:45:00,17.6216,17.64,17.6216,17.64,1750
2026-05-18 11:50:00,17.63,17.63,17.63,17.63,100
2026-05-18 12:00:00,17.63,17.63,17.62,17.6235,1426
2026-05-18 12:05:00,17.63,17.63,17.63,17.63,100
2026-05-18 12:10:00,17.63,17.63,17.63,17.63,100
2026-05-18 12:15:00,17.64,17.64,17.64,17.64,773
2026-05-18 12:20:00,17.65,17.655,17.6453,17.6453,551
2026-05-18 12:25:00,17.635,17.635,17.59,17.59,3547
2026-05-18 12:30:00,17.6,17.62,17.6,17.62,400
2026-05-18 12:35:00,17.615,17.615,17.61,17.61,200
2026-05-18 12:40:00,17.615,17.615,17.615,17.615,238
2026-05-18 12:45:00,17.6,17.6,17.6,17.6,100
2026-05-18 12:50:00,17.61,17.64,17.61,17.64,1206
2026-05-18 12:55:00,17.645,17.645,17.645,17.645,200
2026-05-18 13:00:00,17.64,17.64,17.635,17.64,3373
2026-05-18 13:05:00,17.65,17.65,17.65,17.65,300
2026-05-18 13:10:00,17.65,17.65,17.64,17.6429,3200
2026-05-18 13:15:00,17.64,17.645,17.64,17.645,300
2026-05-18 13:20:00,17.64,17.64,17.64,17.64,607
2026-05-18 13:25:00,17.645,17.65,17.641,17.65,783
2026-05-18 13:30:00,17.6499,17.6499,17.635,17.635,2013
2026-05-18 13:40:00,17.6399,17.64,17.6399,17.64,215
2026-05-18 13:45:00,17.64,17.64,17.64,17.64,100
2026-05-18 13:55:00,17.64,17.64,17.64,17.64,100
2026-05-18 14:00:00,17.64,17.64,17.64,17.64,100
2026-05-18 14:05:00,17.61,17.62,17.61,17.6199,1671
2026-05-18 14:15:00,17.6,17.6,17.595,17.595,400
2026-05-18 14:20:00,17.59,17.59,17.585,17.585,257
2026-05-18 14:25:00,17.5799,17.58,17.575,17.58,300
2026-05-18 14:30:00,17.6089,17.6089,17.6,17.6,466
2026-05-18 14:35:00,17.5999,17.5999,17.5999,17.5999,3960
2026-05-18 14:40:00,17.59,17.59,17.585,17.59,569
2026-05-18 14:45:00,17.58,17.58,17.58,17.58,214
2026-05-18 14:50:00,17.5633,17.58,17.5633,17.5701,5115
2026-05-18 14:55:00,17.5741,17.5741,17.5741,17.5741,172
2026-05-18 15:00:00,17.59,17.665,17.59,17.645,1411
2026-05-18 15:05:00,17.645,17.65,17.625,17.625,2021
2026-05-18 15:10:00,17.64,17.64,17.63,17.63,500
2026-05-18 15:15:00,17.63,17.63,17.62,17.62,1175
2026-05-18 15:20:00,17.61,17.61,17.61,17.61,100
2026-05-18 15:25:00,17.61,17.61,17.61,17.61,325
2026-05-18 15:30:00,17.6389,17.6389,17.6389,17.6389,100
2026-05-18 15:35:00,17.63,17.64,17.63,17.64,271
2026-05-18 15:40:00,17.665,17.665,17.665,17.665,101
2026-05-18 15:45:00,17.67,17.67,17.67,17.67,250
2026-05-18 15:50:00,17.68,17.68,17.68,17.68,325
2026-05-18 15:55:00,17.67,17.68,17.67,17.68,6798
2026-05-18 16:00:00,17.66,17.66,17.66,17.66,558
2026-05-19 09:10:00,17.7182,17.7182,17.7182,17.7182,100
2026-05-19 09:30:00,17.67,17.67,17.61,17.61,1962
2026-05-19 09:35:00,17.6,17.625,17.59,17.62,1823
2026-05-19 09:40:00,17.61,17.61,17.59,17.59,300
2026-05-19 09:45:00,17.6,17.615,17.6,17.615,715
2026-05-19 09:50:00,17.61,17.61,17.61,17.61,500
2026-05-19 09:55:00,17.64,17.64,17.62,17.62,1136
2026-05-19 10:00:00,17.605,17.605,17.59,17.59,496
2026-05-19 10:05:00,17.59,17.59,17.575,17.575,730
2026-05-19 10:10:00,17.575,17.585,17.575,17.585,609
2026-05-19 10:15:00,17.565,17.565,17.56,17.56,1465
2026-05-19 10:20:00,17.55,17.55,17.55,17.55,3935
2026-05-19 10:25:00,17.56,17.57,17.56,17.57,500
2026-05-19 10:30:00,17.56,17.565,17.56,17.565,522
2026-05-19 10:35:00,17.56,17.57,17.56,17.57,1315
2026-05-19 10:40:00,17.575,17.575,17.57,17.57,300
2026-05-19 10:45:00,17.555,17.555,17.55,17.55,279
2026-05-19 11:00:00,17.58,17.58,17.58,17.58,100
2026-05-19 11:05:00,17.58,17.58,17.57,17.57,884
2026-05-19 11:10:00,17.58,17.58,17.58,17.58,100
2026-05-19 11:20:00,17.57,17.57,17.56,17.56,584
2026-05-19 11:25:00,17.55,17.565,17.55,17.565,1982
2026-05-19 11:30:00,17.575,17.575,17.575,17.575,500
2026-05-19 11:35:00,17.5689,17.5689,17.5689,17.5689,400
2026-05-19 11:40:00,17.58,17.58,17.58,17.58,600
2026-05-19 11:45:00,17.58,17.58,17.58,17.58,100
2026-05-19 11:50:00,17.5976,17.5976,17.5976,17.5976,1120
2026-05-19 11:55:00,17.57,17.57,17.57,17.57,100
2026-05-19 12:00:00,17.585,17.585,17.585,17.585,150
2026-05-19 12:05:00,17.58,17.58,17.57,17.57,297
2026-05-19 12:15:00,17.5799,17.5799,17.575,17.575,1600
2026-05-19 12:20:00,17.5877,17.5877,17.5877,17.5877,200
2026-05-19 12:40:00,17.6276,17.6299,17.6276,17.6299,1800
2026-05-19 12:50:00,17.63,17.63,17.63,17.63,100
2026-05-19 13:00:00,17.64,17.645,17.64,17.645,2574
2026-05-19 13:15:00,17.67,17.67,17.6699,17.6699,1400
2026-05-19 13:25:00,17.655,17.655,17.655,17.655,100
2026-05-19 13:30:00,17.67,17.67,17.67,17.67,550
2026-05-19 13:35:00,17.666,17.666,17.666,17.666,280
2026-05-19 13:40:00,17.665,17.665,17.665,17.665,100
2026-05-19 13:45:00,17.6599,17.6599,17.65,17.65,2300
2026-05-19 14:05:00,17.6601,17.6601,17.66,17.66,975
2026-05-19 14:20:00,17.65,17.65,17.64,17.65,751
2026-05-19 14:25:00,17.635,17.635,17.635,17.635,554
2026-05-19 14:30:00,17.64,17.64,17.6377,17.6377,400
2026-05-19 14:45:00,17.6299,17.6299,17.6299,17.6299,386
2026-05-19 14:55:00,17.6099,17.61,17.6099,17.61,668
2026-05-19 15:05:00,17.6001,17.6001,17.6001,17.6001,230
2026-05-19 15:10:00,17.635,17.64,17.635,17.64,365
2026-05-19 15:20:00,17.61,17.61,17.61,17.61,100
2026-05-19 15:25:00,17.605,17.605,17.605,17.605,205
2026-05-19 15:50:00,17.6,17.61,17.58,17.58,7662
2026-05-19 15:55:00,17.565,17.6,17.565,17.6,2783
2026-05-19 16:00:00,17.57,17.57,17.57,17.57,179
2026-05-20 08:25:00,17.6,17.6,17.6,17.6,800
2026-05-20 09:30:00,17.66,17.66,17.635,17.635,547
2026-05-20 09:35:00,17.605,17.61,17.6016,17.61,505
2026-05-20 09:40:00,17.625,17.625,17.625,17.625,600
2026-05-20 09:45:00,17.645,17.66,17.645,17.655,400
2026-05-20 09:50:00,17.6499,17.6499,17.6499,17.6499,200
2026-05-20 10:05:00,17.605,17.62,17.605,17.6199,500
2026-05-20 10:10:00,17.6,17.625,17.595,17.625,2372
2026-05-20 10:15:00,17.64,17.67,17.64,17.67,200
2026-05-20 10:20:00,17.675,17.675,17.675,17.675,103
2026-05-20 10:25:00,17.68,17.68,17.68,17.68,2240
2026-05-20 10:30:00,17.68,17.68,17.68,17.68,250
2026-05-20 10:35:00,17.68,17.68,17.68,17.68,125
2026-05-20 10:40:00,17.675,17.675,17.675,17.675,333
2026-05-20 11:10:00,17.6934,17.6934,17.6934,17.6934,2000
2026-05-20 11:15:00,17.715,17.76,17.715,17.755,425
2026-05-20 11:25:00,17.73,17.73,17.72,17.72,300
2026-05-20 11:35:00,17.7257,17.7257,17.7257,17.7257,2000
2026-05-20 11:40:00,17.715,17.7227,17.715,17.7227,1984
2026-05-20 11:45:00,17.73,17.73,17.73,17.73,100
2026-05-20 11:50:00,17.74,17.74,17.74,17.74,125
2026-05-20 11:55:00,17.735,17.735,17.73,17.73,400
2026-05-20 12:05:00,17.725,17.73,17.725,17.73,469
2026-05-20 12:10:00,17.725,17.725,17.725,17.725,300
2026-05-20 12:15:00,17.715,17.715,17.715,17.715,2415
2026-05-20 12:20:00,17.7,17.7,17.695,17.695,310
2026-05-20 12:25:00,17.695,17.695,17.695,17.695,664
2026-05-20 12:30:00,17.69,17.69,17.69,17.69,200
2026-05-20 12:40:00,17.71,17.71,17.71,17.71,100
2026-05-20 12:45:00,17.7188,17.7188,17.7188,17.7188,100
2026-05-20 12:50:00,17.705,17.705,17.705,17.705,3000
2026-05-20 12:55:00,17.7,17.7,17.7,17.7,100
2026-05-20 13:00:00,17.7,17.7,17.7,17.7,100
2026-05-20 13:05:00,17.7,17.7,17.7,17.7,200
2026-05-20 13:10:00,17.71,17.725,17.705,17.705,4477
2026-05-20 13:15:00,17.71,17.715,17.71,17.715,1571
2026-05-20 13:30:00,17.725,17.725,17.725,17.725,100
2026-05-20 13:35:00,17.73,17.73,17.73,17.73,141
2026-05-20 14:15:00,17.725,17.725,17.725,17.725,100
2026-05-20 14:20:00,17.725,17.725,17.725,17.725,400
2026-05-20 14:30:00,17.7214,17.7214,17.7214,17.7214,100
2026-05-20 14:35:00,17.73,17.73,17.73,17.73,100
2026-05-20 14:55:00,17.7201,17.7201,17.72,17.72,492
2026-05-20 15:00:00,17.73,17.73,17.73,17.73,1805
2026-05-20 15:10:00,17.735,17.735,17.735,17.735,310
2026-05-20 15:15:00,17.735,17.735,17.735,17.735,2000
2026-05-20 15:20:00,17.73,17.73,17.73,17.73,100
2026-05-20 15:25:00,17.7301,17.7301,17.7301,17.7301,150
2026-05-20 15:30:00,17.7414,17.7414,17.7414,17.7414,272
2026-05-20 15:35:00,17.75,17.75,17.75,17.75,172
2026-05-20 15:40:00,17.745,17.745,17.745,17.745,100
2026-05-20 15:45:00,17.74,17.74,17.74,17.74,200
2026-05-20 15:55:00,17.74,17.745,17.74,17.74,1667
2026-05-20 16:00:00,17.75,17.75,17.75,17.75,167
2026-05-21 08:35:00,17.7,17.7,17.7,17.7,100
2026-05-21 08:40:00,17.75,17.75,17.75,17.75,100
2026-05-21 09:05:00,17.74,17.74,17.74,17.74,335
2026-05-21 09:30:00,17.74,17.74,17.69,17.69,5785
2026-05-21 09:35:00,17.69,17.69,17.675,17.675,1185
2026-05-21 09:40:00,17.67,17.675,17.67,17.67,780
2026-05-21 09:45:00,17.69,17.69,17.675,17.6783,1739
2026-05-21 09:50:00,17.6804,17.72,17.68,17.72,3096
2026-05-21 09:55:00,17.73,17.73,17.73,17.73,100
2026-05-21 10:00:00,17.725,17.74,17.725,17.74,950
2026-05-21 10:10:00,17.72,17.72,17.72,17.72,100
2026-05-21 10:15:00,17.71,17.71,17.71,17.71,100
2026-05-21 10:20:00,17.69,17.69,17.69,17.69,100
2026-05-21 10:25:00,17.685,17.685,17.685,17.685,170
2026-05-21 10:30:00,17.7,17.7,17.7,17.7,100
2026-05-21 10:35:00,17.695,17.695,17.695,17.695,100
2026-05-21 10:40:00,17.7,17.7,17.69,17.6998,910
2026-05-21 10:45:00,17.705,17.705,17.68,17.68,733
2026-05-21 10:55:00,17.7,17.715,17.7,17.715,765
2026-05-21 11:00:00,17.71,17.71,17.7011,17.7011,200
2026-05-21 11:05:00,17.7,17.7,17.7,17.7,200
2026-05-21 11:10:00,17.685,17.71,17.685,17.71,716
2026-05-21 11:15:00,17.705,17.705,17.705,17.705,239
2026-05-21 11:20:00,17.705,17.705,17.7,17.705,1100
2026-05-21 11:25:00,17.705,17.705,17.705,17.705,190
2026-05-21 11:30:00,17.7,17.7,17.7,17.7,100
2026-05-21 11:35:00,17.705,17.705,17.705,17.705,500
2026-05-21 11:40:00,17.71,17.71,17.71,17.71,150
2026-05-21 11:45:00,17.71,17.71,17.71,17.71,283
2026-05-21 11:50:00,17.7155,17.725,17.7155,17.725,223
2026-05-21 11:55:00,17.715,17.715,17.715,17.715,110
2026-05-21 12:00:00,17.725,17.725,17.725,17.725,176
2026-05-21 12:05:00,17.7299,17.7299,17.715,17.715,398
2026-05-21 12:10:00,17.72,17.72,17.72,17.72,100
2026-05-21 12:20:00,17.715,17.7167,17.7,17.7,1493
2026-05-21 12:25:00,17.705,17.705,17.705,17.705,550
2026-05-21 12:30:00,17.72,17.72,17.72,17.72,105
2026-05-21 13:00:00,17.71,17.71,17.71,17.71,200
2026-05-21 13:10:00,17.73,17.74,17.73,17.74,285
2026-05-21 13:15:00,17.74,17.77,17.74,17.76,600
2026-05-21 13:20:00,17.77,17.77,17.77,17.77,100
2026-05-21 13:30:00,17.77,17.77,17.77,17.77,100
2026-05-21 13:35:00,17.775,17.775,17.775,17.775,350
2026-05-21 13:40:00,17.795,17.795,17.795,17.795,110
2026-05-21 13:50:00,17.8,17.81,17.8,17.81,260
2026-05-21 13:55:00,17.815,17.815,17.8,17.8,350
2026-05-21 14:00:00,17.805,17.805,17.78,17.78,793
2026-05-21 14:05:00,17.795,17.795,17.795,17.795,298
2026-05-21 14:10:00,17.79,17.79,17.7899,17.7899,360
2026-05-21 14:15:00,17.7833,17.7833,17.7833,17.7833,247
2026-05-21 14:25:00,17.795,17.795,17.79,17.79,350
2026-05-21 14:40:00,17.795,17.8,17.795,17.7999,97027
2026-05-21 14:45:00,17.78,17.78,17.78,17.78,100
2026-05-21 14:50:00,17.76,17.77,17.75,17.75,500
2026-05-21 14:55:00,17.74,17.75,17.74,17.75,1240
2026-05-21 15:00:00,17.76,17.76,17.755,17.755,900
2026-05-21 15:05:00,17.775,17.775,17.775,17.775,2417
2026-05-21 15:20:00,17.79,17.79,17.79,17.79,200
2026-05-21 15:25:00,17.78,17.78,17.78,17.78,2300
2026-05-21 15:35:00,17.7826,17.7826,17.7826,17.7826,124
2026-05-21 15:40:00,17.79,17.79,17.79,17.79,1232
2026-05-21 15:55:00,17.79,17.79,17.787,17.787,426
2026-05-21 16:00:00,17.79,17.79,17.79,17.79,267
2026-05-22 07:00:00,17.8,17.8,17.8,17.8,100
2026-05-22 09:30:00,17.9,17.9,17.85,17.89,1199
2026-05-22 09:35:00,17.87,17.875,17.8603,17.875,1862
2026-05-22 09:40:00,17.875,17.875,17.8675,17.8675,568
2026-05-22 09:45:00,17.88,17.88,17.87,17.87,264
2026-05-22 09:55:00,17.87,17.87,17.85,17.855,1378
2026-05-22 10:00:00,17.865,17.865,17.84,17.84,372
2026-05-22 10:05:00,17.8301,17.8301,17.8301,17.8301,468
2026-05-22 10:10:00,17.8403,17.8403,17.83,17.83,380
2026-05-22 10:20:00,17.83,17.83,17.82,17.82,505
2026-05-22 10:25:00,17.825,17.825,17.825,17.825,750
2026-05-22 10:30:00,17.825,17.8336,17.825,17.8336,728
2026-05-22 10:35:00,17.84,17.84,17.84,17.84,100
2026-05-22 10:40:00,17.8489,17.8489,17.8489,17.8489,1000
2026-05-22 10:45:00,17.84,17.84,17.84,17.84,200
2026-05-22 10:55:00,17.845,17.8599,17.845,17.85,586
2026-05-22 11:05:00,17.85,17.85,17.85,17.85,5295
2026-05-22 11:10:00,17.855,17.86,17.855,17.855,513
2026-05-22 11:15:00,17.86,17.865,17.86,17.865,674
2026-05-22 11:25:00,17.875,17.875,17.875,17.875,409
2026-05-22 11:30:00,17.88,17.885,17.88,17.885,572
2026-05-22 11:35:00,17.87,17.88,17.87,17.875,2916
2026-05-22 12:00:00,17.87,17.88,17.87,17.879,474
2026-05-22 12:15:00,17.86,17.87,17.86,17.86,300
2026-05-22 12:30:00,17.865,17.865,17.865,17.865,391
2026-05-22 12:45:00,17.87,17.87,17.8699,17.8699,1319
2026-05-22 12:55:00,17.8609,17.8609,17.8609,17.8609,704
2026-05-22 13:00:00,17.865,17.87,17.865,17.87,200
2026-05-22 13:05:00,17.8799,17.8799,17.875,17.875,1400
2026-05-22 13:15:00,17.875,17.875,17.87,17.8701,405
2026-05-22 13:20:00,17.86,17.87,17.86,17.8699,800
2026-05-22 13:25:00,17.87,17.89,17.87,17.88,2519
2026-05-22 13:30:00,17.9,17.9,17.885,17.885,1606
2026-05-22 13:35:00,17.885,17.885,17.88,17.88,201
2026-05-22 13:40:00,17.885,17.885,17.885,17.885,183
2026-05-22 13:50:00,17.88,17.88,17.86,17.86,4242
2026-05-22 13:55:00,17.86,17.86,17.86,17.86,1958
2026-05-22 14:00:00,17.8699,17.8701,17.86,17.86,2141
2026-05-22 14:15:00,17.87,17.87,17.87,17.87,100
2026-05-22 14:25:00,17.865,17.88,17.865,17.88,25812
2026-05-22 14:35:00,17.86,17.87,17.86,17.87,2185
2026-05-22 14:40:00,17.87,17.87,17.87,17.87,331
2026-05-22 14:45:00,17.86,17.86,17.86,17.86,1854
2026-05-22 14:50:00,17.87,17.87,17.87,17.87,100
2026-05-22 15:00:00,17.87,17.87,17.84,17.84,1744
2026-05-22 15:05:00,17.84,17.84,17.84,17.84,598
2026-05-22 15:20:00,17.85,17.85,17.845,17.845,950
2026-05-22 15:25:00,17.84,17.84,17.84,17.84,500
2026-05-22 15:30:00,17.83,17.83,17.83,17.83,100
2026-05-22 15:35:00,17.83,17.83,17.83,17.83,163
2026-05-22 15:40:00,17.82,17.82,17.82,17.82,200
2026-05-22 15:50:00,17.8251,17.83,17.8251,17.83,205
2026-05-22 15:55:00,17.825,17.83,17.825,17.83,2501
2026-05-22 16:05:00,17.8,17.8,17.8,17.8,110