2026-04-22 09:30:00,51.4,51.4,51.4,51.4,545
2026-04-22 09:40:00,51.425,51.425,51.425,51.425,150
2026-04-22 09:45:00,51.45,51.45,51.45,51.45,100
2026-04-22 11:10:00,51.49,51.49,51.49,51.49,150
2026-04-22 11:30:00,51.5237,51.5237,51.5237,51.5237,150
2026-04-22 12:20:00,51.4601,51.4601,51.4601,51.4601,2000
2026-04-22 12:30:00,51.45,51.45,51.45,51.45,140
2026-04-22 13:45:00,51.5101,51.5101,51.5101,51.5101,1266
2026-04-22 14:35:00,51.47,51.47,51.47,51.47,199
2026-04-22 14:40:00,51.5164,51.5164,51.5164,51.5164,194
2026-04-22 14:50:00,51.51,51.5236,51.51,51.5236,948
2026-04-22 14:55:00,51.48,51.4801,51.48,51.4801,776
2026-04-22 15:00:00,51.47,51.47,51.47,51.47,100
2026-04-22 15:15:00,51.5001,51.5001,51.5,51.5,212
2026-04-22 15:30:00,51.56,51.56,51.56,51.56,213
2026-04-22 15:40:00,51.57,51.57,51.57,51.57,128
2026-04-22 15:55:00,51.61,51.61,51.61,51.61,125
2026-04-23 10:05:00,51.44,51.44,51.44,51.44,100
2026-04-23 10:15:00,51.44,51.44,51.44,51.44,1300
2026-04-23 12:50:00,51.5,51.5,51.5,51.5,100
2026-04-23 13:00:00,51.44,51.44,51.44,51.44,286
2026-04-23 14:15:00,51.27,51.28,51.27,51.28,1192
2026-04-23 14:20:00,51.2801,51.2801,51.2801,51.2801,163
2026-04-23 15:05:00,51.23,51.23,51.23,51.23,377
2026-04-23 15:20:00,51.3,51.3,51.3,51.3,188
2026-04-23 15:40:00,51.22,51.2335,51.21,51.21,11486
2026-04-23 15:45:00,51.24,51.24,51.24,51.24,4673
2026-04-23 15:50:00,51.23,51.23,51.23,51.23,523
2026-04-24 09:35:00,51.515,51.515,51.515,51.515,599
2026-04-24 10:25:00,51.51,51.51,51.51,51.51,7426
2026-04-24 11:45:00,51.81,51.81,51.76,51.8,600
2026-04-24 12:15:00,51.77,51.77,51.77,51.77,111
2026-04-24 13:15:00,51.7891,51.7891,51.7891,51.7891,366
2026-04-24 15:20:00,51.83,51.84,51.83,51.84,460
2026-04-24 15:45:00,51.79,51.7901,51.79,51.7901,256
2026-04-24 15:50:00,51.78,51.8207,51.78,51.8207,450
2026-04-24 15:55:00,51.81,51.81,51.81,51.81,550
2026-04-27 09:30:00,51.81,51.81,51.81,51.81,772
2026-04-27 09:50:00,51.74,51.74,51.74,51.74,162
2026-04-27 10:00:00,51.77,51.77,51.77,51.77,100
2026-04-27 10:20:00,51.7796,51.7796,51.7796,51.7796,579
2026-04-27 10:30:00,51.73,51.73,51.73,51.73,100
2026-04-27 10:35:00,51.77,51.802,51.77,51.802,4300
2026-04-27 10:50:00,51.76,51.76,51.76,51.76,186
2026-04-27 11:05:00,51.74,51.7499,51.74,51.7499,378
2026-04-27 11:25:00,51.69,51.69,51.69,51.69,100
2026-04-27 11:35:00,51.7451,51.7451,51.7451,51.7451,132
2026-04-27 11:55:00,51.74,51.74,51.74,51.74,100
2026-04-27 12:00:00,51.755,51.755,51.755,51.755,100
2026-04-27 12:35:00,51.82,51.82,51.82,51.82,100
2026-04-27 13:00:00,51.82,51.82,51.82,51.82,100
2026-04-27 13:15:00,51.84,51.8451,51.84,51.8451,554
2026-04-27 13:35:00,51.88,51.88,51.88,51.88,100
2026-04-27 13:50:00,51.87,51.8701,51.87,51.8701,630
2026-04-27 14:05:00,51.88,51.88,51.88,51.88,212
2026-04-27 15:10:00,51.86,51.86,51.86,51.86,100
2026-04-27 15:20:00,51.905,51.905,51.905,51.905,200
2026-04-27 15:55:00,51.91,51.9101,51.89,51.89,1766
2026-04-28 09:30:00,51.53,51.53,51.53,51.53,112
2026-04-28 09:45:00,51.62,51.62,51.62,51.62,100
2026-04-28 09:55:00,51.5401,51.5401,51.5401,51.5401,300
2026-04-28 10:00:00,51.53,51.53,51.53,51.53,100
2026-04-28 10:10:00,51.61,51.61,51.61,51.61,900
2026-04-28 10:15:00,51.55,51.55,51.55,51.55,100
2026-04-28 10:30:00,51.54,51.54,51.54,51.54,100
2026-04-28 10:40:00,51.4061,51.445,51.4061,51.445,545
2026-04-28 10:50:00,51.3699,51.3699,51.3699,51.3699,1012
2026-04-28 10:55:00,51.37,51.41,51.37,51.41,6000
2026-04-28 11:05:00,51.37,51.37,51.37,51.37,100
2026-04-28 11:25:00,51.37,51.3701,51.37,51.3701,200
2026-04-28 11:40:00,51.398,51.398,51.398,51.398,150
2026-04-28 12:15:00,51.41,51.41,51.41,51.41,100
2026-04-28 12:25:00,51.4599,51.4599,51.4599,51.4599,421
2026-04-28 12:30:00,51.44,51.44,51.44,51.44,267
2026-04-28 12:50:00,51.455,51.455,51.455,51.455,153
2026-04-28 13:00:00,51.42,51.42,51.42,51.42,601
2026-04-28 14:05:00,51.53,51.5399,51.5135,51.5135,970
2026-04-28 14:10:00,51.525,51.525,51.525,51.525,436
2026-04-28 15:30:00,51.585,51.5864,51.56,51.56,1304
2026-04-28 15:35:00,51.55,51.5501,51.55,51.5501,1324
2026-04-28 15:40:00,51.596,51.596,51.596,51.596,2432
2026-04-28 15:55:00,51.55,51.55,51.55,51.55,1775
2026-04-29 09:30:00,51.64,51.64,51.64,51.64,389
2026-04-29 09:45:00,51.48,51.48,51.48,51.48,259
2026-04-29 09:50:00,51.5,51.5,51.5,51.5,190
2026-04-29 10:40:00,51.62,51.62,51.6,51.6,317
2026-04-29 10:45:00,51.59,51.59,51.59,51.59,1100
2026-04-29 10:50:00,51.615,51.615,51.615,51.615,269
2026-04-29 10:55:00,51.59,51.6101,51.59,51.6101,200
2026-04-29 11:15:00,51.52,51.52,51.52,51.52,107
2026-04-29 11:40:00,51.52,51.52,51.52,51.52,100
2026-04-29 12:10:00,51.51,51.51,51.51,51.51,122
2026-04-29 13:55:00,51.47,51.495,51.47,51.495,200
2026-04-29 14:00:00,51.5,51.5,51.4999,51.4999,782
2026-04-29 14:10:00,51.4097,51.4097,51.4097,51.4097,389
2026-04-29 15:05:00,51.51,51.51,51.51,51.51,251
2026-04-29 15:30:00,51.5,51.5,51.5,51.5,109
2026-04-29 15:35:00,51.525,51.54,51.525,51.54,823
2026-04-29 15:40:00,51.55,51.55,51.53,51.5436,1170
2026-04-29 15:55:00,51.55,51.55,51.55,51.55,975
2026-04-30 09:35:00,51.55,51.555,51.55,51.555,1661
2026-04-30 09:45:00,51.53,51.53,51.53,51.53,100
2026-04-30 09:50:00,51.425,51.425,51.425,51.425,505
2026-04-30 10:20:00,51.43,51.43,51.43,51.43,100
2026-04-30 10:50:00,51.6,51.6,51.5999,51.5999,794
2026-04-30 11:50:00,51.6399,51.6399,51.6399,51.6399,100
2026-04-30 12:25:00,51.675,51.675,51.675,51.675,194
2026-04-30 12:45:00,51.6265,51.6265,51.6265,51.6265,155
2026-04-30 14:00:00,51.9196,51.9196,51.9196,51.9196,121
2026-04-30 14:10:00,51.9138,51.9138,51.9138,51.9138,132
2026-04-30 14:15:00,51.92,51.925,51.92,51.925,267
2026-04-30 15:35:00,51.95,51.95,51.95,51.95,415
2026-04-30 15:45:00,52.015,52.015,52.015,52.015,393
2026-04-30 15:55:00,51.95,51.95,51.95,51.95,900
2026-05-01 09:45:00,52.3387,52.3387,52.3387,52.3387,100
2026-05-01 09:50:00,52.285,52.285,52.285,52.285,501
2026-05-01 09:55:00,52.36,52.36,52.36,52.36,206
2026-05-01 10:30:00,52.3502,52.3502,52.3502,52.3502,100
2026-05-01 11:15:00,52.34,52.34,52.34,52.34,448
2026-05-01 11:35:00,52.4,52.4,52.4,52.4,100
2026-05-01 11:40:00,52.4138,52.4138,52.4138,52.4138,208
2026-05-01 11:45:00,52.42,52.44,52.42,52.44,16847
2026-05-01 11:50:00,52.4,52.4,52.4,52.4,300
2026-05-01 11:55:00,52.385,52.385,52.385,52.385,1430
2026-05-01 12:20:00,52.365,52.365,52.365,52.365,127
2026-05-01 12:35:00,52.305,52.305,52.305,52.305,100
2026-05-01 13:20:00,52.3684,52.3684,52.3684,52.3684,161
2026-05-01 13:25:00,52.36,52.36,52.36,52.36,46626
2026-05-01 13:45:00,52.35,52.35,52.35,52.35,13957
2026-05-01 15:15:00,52.315,52.315,52.315,52.315,966
2026-05-01 15:25:00,52.33,52.33,52.33,52.33,362
2026-05-01 15:50:00,52.31,52.31,52.31,52.31,312
2026-05-04 09:30:00,52.25,52.25,52.25,52.25,498
2026-05-04 09:35:00,52.21,52.21,52.1706,52.1706,477
2026-05-04 10:10:00,52.19,52.2104,52.19,52.2104,258
2026-05-04 10:50:00,52.35,52.35,52.35,52.35,100
2026-05-04 11:25:00,52.11,52.11,52.0816,52.0816,1000
2026-05-04 11:30:00,52.0756,52.0756,52.0506,52.0506,615
2026-05-04 11:50:00,52.05,52.05,52.05,52.05,100
2026-05-04 12:30:00,52.0594,52.0594,52.0594,52.0594,213
2026-05-04 12:35:00,52.055,52.055,52.055,52.055,410
2026-05-04 13:05:00,52.02,52.04,52.02,52.04,900
2026-05-04 13:10:00,52.01,52.0355,52.01,52.035,2688
2026-05-04 13:15:00,52.01,52.035,52.01,52.035,2000
2026-05-04 13:50:00,52.12,52.12,52.12,52.12,102
2026-05-04 13:55:00,52.1101,52.1101,52.1101,52.1101,100
2026-05-04 14:00:00,52.11,52.11,52.11,52.11,779
2026-05-04 14:25:00,52.04,52.045,52.04,52.045,440
2026-05-04 14:30:00,52.075,52.075,52.075,52.075,154
2026-05-04 14:50:00,52.031,52.09,52.01,52.02,7221
2026-05-04 14:55:00,52.042,52.042,52.02,52.02,1158
2026-05-04 15:30:00,52.0701,52.0701,52.0701,52.0701,413
2026-05-04 15:45:00,52.07,52.08,52.07,52.07,1650
2026-05-04 15:50:00,52.03,52.0301,52.03,52.0301,400
2026-05-05 09:40:00,52.405,52.405,52.405,52.405,242
2026-05-05 09:55:00,52.37,52.3701,52.37,52.3701,500
2026-05-05 10:00:00,52.34,52.34,52.34,52.34,100
2026-05-05 10:10:00,52.46,52.46,52.46,52.46,740
2026-05-05 10:15:00,52.36,52.36,52.36,52.36,105
2026-05-05 10:25:00,52.5,52.5,52.5,52.5,220
2026-05-05 10:40:00,52.42,52.42,52.42,52.42,200
2026-05-05 10:45:00,52.41,52.41,52.41,52.41,100
2026-05-05 10:55:00,52.42,52.42,52.42,52.42,100
2026-05-05 11:20:00,52.47,52.47,52.47,52.47,200
2026-05-05 11:55:00,52.461,52.461,52.461,52.461,400
2026-05-05 12:30:00,52.465,52.465,52.465,52.465,300
2026-05-05 12:55:00,52.5101,52.53,52.5101,52.53,2000
2026-05-05 13:25:00,52.53,52.53,52.53,52.53,500
2026-05-05 13:45:00,52.5746,52.5746,52.5746,52.5746,271
2026-05-05 13:55:00,52.55,52.55,52.55,52.55,843
2026-05-05 14:10:00,52.59,52.59,52.5801,52.5801,400
2026-05-05 14:20:00,52.605,52.605,52.605,52.605,973
2026-05-05 14:45:00,52.57,52.618,52.57,52.618,703
2026-05-05 15:05:00,52.57,52.57,52.57,52.57,200
2026-05-05 15:15:00,52.615,52.63,52.615,52.63,209
2026-05-05 15:25:00,52.58,52.58,52.58,52.58,100
2026-05-05 15:35:00,52.57,52.57,52.57,52.57,352
2026-05-05 15:40:00,52.57,52.57,52.57,52.57,100
2026-05-05 15:50:00,52.57,52.57,52.51,52.51,6245
2026-05-06 09:30:00,52.98,52.98,52.98,52.98,548
2026-05-06 09:45:00,52.98,52.98,52.98,52.98,782
2026-05-06 10:15:00,53.055,53.055,53.055,53.055,156
2026-05-06 10:40:00,53.165,53.207,53.165,53.207,1160
2026-05-06 10:45:00,53.16,53.21,53.16,53.1601,307
2026-05-06 10:50:00,53.2199,53.2199,53.2199,53.2199,1895
2026-05-06 11:15:00,53.23,53.23,53.23,53.23,100
2026-05-06 11:40:00,53.19,53.19,53.19,53.19,1400
2026-05-06 11:55:00,53.21,53.21,53.2,53.21,360
2026-05-06 13:10:00,53.2005,53.2005,53.2005,53.2005,376
2026-05-06 13:15:00,53.21,53.21,53.21,53.21,310
2026-05-06 13:35:00,53.2357,53.2357,53.2357,53.2357,300
2026-05-06 13:40:00,53.2138,53.2138,53.2138,53.2138,800
2026-05-06 13:45:00,53.22,53.22,53.21,53.21,16473
2026-05-06 14:05:00,53.25,53.2518,53.25,53.2518,1884
2026-05-06 15:10:00,53.365,53.365,53.365,53.365,579
2026-05-06 15:25:00,53.36,53.37,53.36,53.37,1012
2026-05-06 15:30:00,53.35,53.3749,53.35,53.3749,603
2026-05-06 15:35:00,53.34,53.3401,53.33,53.33,374
2026-05-06 15:40:00,53.39,53.394,53.39,53.39,5402
2026-05-07 09:30:00,53.33,53.33,53.33,53.33,518
2026-05-07 09:40:00,53.45,53.45,53.45,53.45,100
2026-05-07 10:55:00,53.651,53.651,53.651,53.651,216
2026-05-07 11:00:00,53.635,53.635,53.635,53.635,2548
2026-05-07 11:10:00,53.625,53.625,53.625,53.625,272
2026-05-07 11:50:00,53.58,53.59,53.53,53.5899,3701
2026-05-07 11:55:00,53.5,53.5,53.5,53.5,200
2026-05-07 12:35:00,53.401,53.401,53.401,53.401,298
2026-05-07 12:55:00,53.205,53.205,53.205,53.205,384
2026-05-07 13:00:00,53.325,53.325,53.3001,53.3001,1059
2026-05-07 13:15:00,53.24,53.2401,53.23,53.2401,2400
2026-05-07 13:20:00,53.266,53.266,53.266,53.266,3000
2026-05-07 13:25:00,53.29,53.29,53.13,53.2001,8540
2026-05-07 13:30:00,53.17,53.205,53.17,53.205,2205
2026-05-07 13:35:00,53.25,53.25,53.25,53.25,100
2026-05-07 13:40:00,53.25,53.25,53.19,53.19,13400
2026-05-07 13:45:00,53.18,53.18,53.18,53.18,659
2026-05-07 13:55:00,53.23,53.28,53.21,53.27,5739
2026-05-07 14:05:00,53.27,53.271,53.27,53.27,4250
2026-05-07 14:10:00,53.2516,53.2516,53.2516,53.2516,650
2026-05-07 14:30:00,53.29,53.29,53.29,53.29,859
2026-05-07 14:55:00,53.19,53.19,53.19,53.19,500
2026-05-07 15:25:00,53.165,53.165,53.165,53.165,209
2026-05-07 15:35:00,53.23,53.2484,53.22,53.2484,829
2026-05-07 15:45:00,53.235,53.235,53.235,53.235,132
2026-05-07 15:50:00,53.26,53.26,53.26,53.26,148
2026-05-07 15:55:00,53.2101,53.2101,53.21,53.21,302
2026-05-08 09:30:00,53.44,53.44,53.38,53.38,1529
2026-05-08 09:45:00,53.65,53.65,53.65,53.65,100
2026-05-08 10:25:00,53.81,53.85,53.81,53.85,700
2026-05-08 11:10:00,53.79,53.79,53.79,53.79,100
2026-05-08 11:35:00,53.82,53.82,53.82,53.82,600
2026-05-08 11:55:00,53.815,53.815,53.815,53.815,143
2026-05-08 12:05:00,53.83,53.83,53.83,53.83,315
2026-05-08 12:50:00,53.855,53.8665,53.855,53.8665,2783
2026-05-08 14:15:00,53.88,53.88,53.88,53.88,1250
2026-05-08 14:40:00,53.88,53.88,53.88,53.88,113
2026-05-08 14:45:00,53.84,53.84,53.84,53.84,534
2026-05-08 14:50:00,53.86,53.86,53.86,53.86,225
2026-05-08 15:10:00,53.86,53.86,53.86,53.86,125
2026-05-08 15:30:00,53.84,53.84,53.84,53.84,354
2026-05-08 15:35:00,53.885,53.885,53.87,53.87,551
2026-05-11 09:45:00,54.04,54.04,54.04,54.04,100
2026-05-11 10:25:00,54.07,54.07,54.07,54.07,112
2026-05-11 10:50:00,54.05,54.05,54.05,54.05,100
2026-05-11 11:00:00,54.06,54.06,54.06,54.06,130
2026-05-11 11:30:00,54.15,54.15,54.12,54.12,411
2026-05-11 12:55:00,54.07,54.0801,54.07,54.0801,840
2026-05-11 13:00:00,53.73,54.14,53.73,54.1,8547
2026-05-11 13:05:00,54.09,54.09,54.08,54.08,200
2026-05-11 13:10:00,54.05,54.065,54.05,54.05,730
2026-05-11 13:30:00,54.13,54.13,54.1201,54.1201,633
2026-05-11 13:40:00,54.165,54.165,54.16,54.1601,694
2026-05-11 13:45:00,54.165,54.17,54.165,54.17,540
2026-05-11 13:50:00,54.15,54.15,54.15,54.15,100
2026-05-11 14:25:00,54.18,54.18,54.18,54.18,245
2026-05-11 14:55:00,54.06,54.06,54.06,54.06,100
2026-05-11 15:05:00,54.0799,54.0799,54.0799,54.0799,108
2026-05-11 15:15:00,54.0788,54.0788,54.0699,54.0699,564
2026-05-11 15:20:00,54.02,54.02,54.02,54.02,284
2026-05-11 15:35:00,54.01,54.0101,54.01,54.0101,226
2026-05-11 15:40:00,54.01,54.01,54.01,54.01,857
2026-05-11 15:55:00,54.07,54.07,54.07,54.07,3250
2026-05-12 09:30:00,53.875,53.875,53.78,53.7936,985
2026-05-12 09:35:00,53.75,53.76,53.74,53.74,674
2026-05-12 10:10:00,53.6972,53.6972,53.6972,53.6972,110
2026-05-12 10:30:00,53.63,53.6336,53.63,53.6336,500
2026-05-12 10:50:00,53.56,53.58,53.52,53.58,844
2026-05-12 11:20:00,53.39,53.43,53.33,53.33,6750
2026-05-12 11:25:00,53.35,53.35,53.35,53.35,196
2026-05-12 12:00:00,53.38,53.38,53.38,53.38,300
2026-05-12 12:05:00,53.36,53.36,53.36,53.36,100
2026-05-12 12:10:00,53.38,53.38,53.38,53.38,100
2026-05-12 12:15:00,53.4,53.4,53.4,53.4,100
2026-05-12 12:20:00,53.4,53.4,53.38,53.38,200
2026-05-12 12:30:00,53.32,53.32,53.32,53.32,104
2026-05-12 12:40:00,53.32,53.32,53.29,53.29,300
2026-05-12 12:50:00,53.25,53.25,53.24,53.24,500
2026-05-12 12:55:00,53.27,53.27,53.26,53.26,400
2026-05-12 13:00:00,53.26,53.31,53.26,53.31,2584
2026-05-12 13:05:00,53.34,53.36,53.34,53.34,1000
2026-05-12 13:20:00,53.49,53.4901,53.49,53.4901,200
2026-05-12 13:40:00,53.505,53.505,53.505,53.505,126
2026-05-12 13:55:00,53.51,53.5101,53.51,53.5101,200
2026-05-12 14:15:00,53.54,53.54,53.54,53.54,373
2026-05-12 14:25:00,53.64,53.64,53.64,53.64,100
2026-05-12 14:50:00,53.6,53.6388,53.6,53.6388,600
2026-05-12 14:55:00,53.6,53.6001,53.6,53.6001,800
2026-05-12 15:00:00,53.625,53.625,53.625,53.625,153
2026-05-12 15:05:00,53.6399,53.6434,53.6399,53.6434,999
2026-05-12 15:30:00,53.745,53.745,53.745,53.745,1027
2026-05-12 15:40:00,53.8099,53.8099,53.8099,53.8099,159
2026-05-12 15:55:00,53.81,53.81,53.81,53.81,1925
2026-05-13 10:10:00,53.795,53.795,53.795,53.795,561
2026-05-13 10:15:00,53.785,53.785,53.785,53.785,605
2026-05-13 11:00:00,53.98,53.98,53.98,53.98,100
2026-05-13 11:10:00,53.975,53.975,53.975,53.975,117
2026-05-13 11:20:00,53.95,53.95,53.95,53.95,209
2026-05-13 11:25:00,53.92,53.92,53.92,53.92,232
2026-05-13 12:40:00,54.17,54.18,54.1594,54.1594,2586
2026-05-13 12:50:00,54.15,54.17,54.13,54.17,2875
2026-05-13 13:00:00,54.22,54.22,54.22,54.22,450
2026-05-13 13:05:00,54.221,54.24,54.21,54.2336,1700
2026-05-13 13:15:00,54.225,54.225,54.225,54.225,350
2026-05-13 13:30:00,54.215,54.215,54.215,54.215,315
2026-05-13 13:45:00,54.24,54.24,54.24,54.24,103
2026-05-13 13:55:00,54.2,54.2,54.2,54.2,111
2026-05-13 14:10:00,54.27,54.27,54.27,54.27,100
2026-05-13 14:25:00,54.3398,54.3398,54.3398,54.3398,300
2026-05-13 14:40:00,54.26,54.26,54.26,54.26,100
2026-05-13 15:00:00,54.24,54.24,54.24,54.24,147
2026-05-13 15:10:00,54.3,54.3,54.2999,54.2999,832
2026-05-13 15:45:00,54.27,54.27,54.27,54.27,1500
2026-05-14 09:30:00,54.36,54.37,54.36,54.37,1706
2026-05-14 09:35:00,54.38,54.38,54.38,54.38,2938
2026-05-14 10:15:00,54.54,54.54,54.54,54.54,137
2026-05-14 10:50:00,54.65,54.65,54.65,54.65,100
2026-05-14 11:00:00,54.69,54.69,54.675,54.675,2193
2026-05-14 11:05:00,54.65,54.65,54.65,54.65,1564
2026-05-14 11:10:00,54.52,54.92,54.52,54.92,777
2026-05-14 11:15:00,54.73,54.73,54.73,54.73,100
2026-05-14 11:20:00,54.75,54.75,54.75,54.75,171
2026-05-14 11:30:00,54.765,54.765,54.765,54.765,192
2026-05-14 11:50:00,54.74,54.74,54.74,54.74,168
2026-05-14 12:40:00,54.7,54.71,54.7,54.71,1870
2026-05-14 13:45:00,54.6401,54.665,54.64,54.665,1192
2026-05-14 13:50:00,54.684,54.684,54.684,54.684,160
2026-05-14 14:00:00,54.65,54.65,54.56,54.56,1228
2026-05-14 14:30:00,54.664,54.664,54.664,54.664,119
2026-05-14 14:35:00,54.6591,54.6591,54.6591,54.6591,220
2026-05-14 15:40:00,54.69,54.69,54.69,54.69,125
2026-05-14 15:55:00,54.63,54.63,54.62,54.62,2649
2026-05-15 09:30:00,53.9351,53.9351,53.9351,53.9351,122
2026-05-15 09:35:00,53.9,53.9,53.9,53.9,133
2026-05-15 09:40:00,53.9799,53.9799,53.92,53.92,5050
2026-05-15 10:00:00,53.8445,53.8445,53.8445,53.8445,1500
2026-05-15 10:35:00,54.1225,54.1225,54.1225,54.1225,201
2026-05-15 10:50:00,54.05,54.05,54.05,54.05,100
2026-05-15 11:25:00,54.1141,54.1141,54.1141,54.1141,340
2026-05-15 11:50:00,53.98,53.98,53.98,53.98,270
2026-05-15 12:50:00,54.1301,54.1301,54.1,54.1,264
2026-05-15 13:15:00,54.15,54.15,54.15,54.15,100
2026-05-15 13:25:00,54.2401,54.255,54.24,54.255,849
2026-05-15 14:20:00,54.245,54.245,54.245,54.245,450
2026-05-15 14:30:00,54.12,54.1201,54.12,54.1201,600
2026-05-15 14:35:00,54.16,54.16,54.16,54.16,450
2026-05-15 14:50:00,54.165,54.165,54.165,54.165,145
2026-05-15 15:35:00,54.065,54.065,54.065,54.065,269
2026-05-15 15:40:00,54.08,54.0801,54.07,54.0793,1248
2026-05-15 15:55:00,53.91,53.91,53.91,53.91,125
2026-05-18 09:30:00,54.05,54.05,54.05,54.05,196
2026-05-18 10:05:00,53.9943,53.9943,53.9943,53.9943,100
2026-05-18 10:35:00,53.73,53.73,53.73,53.73,100
2026-05-18 11:40:00,53.7201,53.7201,53.65,53.67,1192
2026-05-18 11:45:00,53.69,53.69,53.68,53.68,2100
2026-05-18 11:50:00,53.67,53.67,53.67,53.67,286
2026-05-18 12:30:00,53.555,53.555,53.555,53.555,673
2026-05-18 12:50:00,53.645,53.645,53.645,53.645,305
2026-05-18 12:55:00,53.72,53.72,53.72,53.72,357
2026-05-18 13:05:00,53.69,53.69,53.69,53.69,2424
2026-05-18 13:35:00,53.68,53.68,53.65,53.65,300
2026-05-18 13:45:00,53.6611,53.6611,53.6611,53.6611,1000
2026-05-18 14:00:00,53.63,53.63,53.6299,53.6299,558
2026-05-18 14:05:00,53.6099,53.6099,53.59,53.59,826
2026-05-18 14:35:00,53.49,53.49,53.49,53.49,1070
2026-05-18 14:50:00,53.4001,53.4001,53.4001,53.4001,111
2026-05-18 15:00:00,53.52,53.72,53.52,53.64,823
2026-05-18 15:05:00,53.58,53.5801,53.57,53.57,3800
2026-05-18 15:30:00,53.61,53.61,53.595,53.595,309
2026-05-18 15:35:00,53.64,53.64,53.64,53.64,191
2026-05-18 15:55:00,53.78,53.78,53.78,53.78,2300
2026-05-19 09:30:00,53.4,53.4,53.4,53.4,923
2026-05-19 09:35:00,53.61,53.61,53.61,53.61,4083
2026-05-19 09:40:00,53.64,53.64,53.54,53.54,76745
2026-05-19 09:45:00,53.55,53.6,53.55,53.59,680
2026-05-19 10:00:00,53.56,53.56,53.56,53.56,100
2026-05-19 10:05:00,53.3601,53.3601,53.3601,53.3601,110
2026-05-19 11:00:00,53.41,53.41,53.41,53.41,1650
2026-05-19 11:35:00,53.335,53.335,53.335,53.335,2550
2026-05-19 12:00:00,53.45,53.45,53.45,53.45,236
2026-05-19 12:20:00,53.43,53.43,53.43,53.43,429
2026-05-19 13:50:00,53.68,53.68,53.67,53.67,1784
2026-05-19 13:55:00,53.69,53.69,53.675,53.675,1681
2026-05-19 14:00:00,53.725,53.725,53.725,53.725,934
2026-05-19 14:05:00,53.7399,53.7399,53.73,53.73,1357
2026-05-19 14:25:00,53.7,53.7,53.645,53.645,1152
2026-05-19 14:30:00,53.64,53.64,53.6399,53.6399,200
2026-05-19 14:35:00,53.667,53.667,53.6499,53.6499,632
2026-05-19 14:40:00,53.63,53.63,53.63,53.63,1601
2026-05-19 14:45:00,53.62,53.63,53.605,53.61,3991
2026-05-19 14:50:00,53.6,53.6,53.6,53.6,1145
2026-05-19 14:55:00,53.54,53.54,53.5399,53.5399,1743
2026-05-19 15:00:00,53.57,53.57,53.54,53.54,2179
2026-05-19 15:05:00,53.56,53.605,53.54,53.605,2918
2026-05-19 15:10:00,53.65,53.65,53.65,53.65,1560
2026-05-19 15:15:00,53.65,53.65,53.65,53.65,430
2026-05-19 15:20:00,53.6299,53.6299,53.6,53.6,2560
2026-05-19 15:25:00,53.525,53.55,53.525,53.5498,3139
2026-05-19 15:30:00,53.55,53.57,53.53,53.53,3203
2026-05-19 15:35:00,53.52,53.53,53.52,53.53,1606
2026-05-19 15:40:00,53.5,53.5,53.5,53.5,300
2026-05-19 15:45:00,53.475,53.49,53.475,53.483,1030
2026-05-19 15:50:00,53.445,53.445,53.43,53.43,1297
2026-05-19 15:55:00,53.43,53.46,53.43,53.46,2192
2026-05-20 09:30:00,53.49,53.49,53.49,53.49,1660
2026-05-20 09:35:00,53.61,53.61,53.61,53.61,6889
2026-05-20 09:40:00,53.68,53.68,53.68,53.68,100
2026-05-20 10:30:00,53.85,53.85,53.85,53.85,100
2026-05-20 10:55:00,53.94,53.94,53.94,53.94,117
2026-05-20 11:40:00,54.025,54.025,54.025,54.025,114
2026-05-20 11:55:00,54.02,54.02,54.02,54.02,155
2026-05-20 12:10:00,54.06,54.06,54,54,544
2026-05-20 12:15:00,53.94,54.0199,53.9365,54.0199,1556
2026-05-20 12:20:00,53.92,53.925,53.91,53.91,3970
2026-05-20 12:55:00,53.87,53.95,53.87,53.95,5520
2026-05-20 13:05:00,53.935,53.935,53.935,53.935,125
2026-05-20 13:10:00,53.98,53.98,53.98,53.98,400
2026-05-20 13:15:00,53.95,53.95,53.95,53.95,1025
2026-05-20 13:20:00,53.95,53.99,53.95,53.99,2443
2026-05-20 13:25:00,54,54,53.98,53.98,297
2026-05-20 13:40:00,54,54.05,54,54.05,914
2026-05-20 13:45:00,53.9915,53.9915,53.9915,53.9915,268
2026-05-20 14:10:00,54.02,54.02,54.02,54.02,100
2026-05-20 14:35:00,54.05,54.085,54.05,54.085,234
2026-05-20 14:45:00,54.03,54.05,54.03,54.03,3718
2026-05-20 15:15:00,54.085,54.085,54.085,54.085,403
2026-05-20 15:35:00,54.1,54.12,54.1,54.12,235
2026-05-20 15:40:00,54.1599,54.1599,54.1599,54.1599,465
2026-05-20 15:50:00,54.13,54.1301,54.13,54.1301,436
2026-05-21 09:45:00,53.94,53.95,53.94,53.95,200
2026-05-21 09:55:00,54.1,54.1001,54.1,54.1001,2600
2026-05-21 10:10:00,54.08,54.08,54.08,54.08,464
2026-05-21 10:40:00,54.01,54.01,54.01,54.01,262
2026-05-21 10:50:00,53.96,54.01,53.96,54.01,362
2026-05-21 11:05:00,53.93,53.93,53.93,53.93,197
2026-05-21 11:15:00,54.04,54.04,54.04,54.04,262
2026-05-21 11:25:00,54.01,54.02,54.01,54.02,1185
2026-05-21 11:30:00,54.0484,54.0484,54.0484,54.0484,776
2026-05-21 11:50:00,54.08,54.08,54.08,54.08,500
2026-05-21 12:15:00,54.05,54.07,54.05,54.07,2655
2026-05-21 12:35:00,54.06,54.06,54.06,54.06,103
2026-05-21 12:40:00,54.04,54.04,54.04,54.04,137
2026-05-21 12:45:00,54.07,54.07,54.07,54.07,589
2026-05-21 13:00:00,54.08,54.08,54.065,54.065,1610
2026-05-21 13:10:00,54.09,54.09,54.09,54.09,100
2026-05-21 13:20:00,54.25,54.25,54.25,54.25,100
2026-05-21 13:45:00,54.4299,54.4299,54.4299,54.4299,403
2026-05-21 14:05:00,54.3996,54.3996,54.3996,54.3996,172
2026-05-21 14:10:00,54.375,54.375,54.375,54.375,2403
2026-05-21 14:15:00,54.3404,54.3404,54.3404,54.3404,1430
2026-05-21 14:20:00,54.375,54.38,54.375,54.38,408
2026-05-21 14:25:00,54.38,54.38,54.38,54.38,238
2026-05-21 14:35:00,54.37,54.37,54.37,54.37,243
2026-05-21 15:10:00,54.28,54.2801,54.28,54.2801,2200
2026-05-21 15:20:00,54.32,54.32,54.31,54.31,395
2026-05-21 15:30:00,54.31,54.31,54.31,54.31,459
2026-05-21 15:35:00,54.3499,54.3499,54.32,54.32,447
2026-05-21 15:45:00,54.2808,54.2808,54.2808,54.2808,132
2026-05-21 15:55:00,54.33,54.33,54.32,54.32,1844
2026-05-22 09:30:00,54.58,54.58,54.58,54.58,1302
2026-05-22 09:40:00,54.69,54.69,54.69,54.69,100
2026-05-22 10:20:00,54.56,54.56,54.56,54.56,7648
2026-05-22 10:50:00,54.64,54.64,54.64,54.64,100
2026-05-22 11:15:00,54.71,54.71,54.71,54.71,131
2026-05-22 11:35:00,54.76,54.7601,54.75,54.75,300
2026-05-22 12:00:00,54.76,54.76,54.76,54.76,100
2026-05-22 12:15:00,54.717,54.717,54.717,54.717,300
2026-05-22 12:35:00,54.73,54.73,54.73,54.73,828
2026-05-22 12:50:00,54.7265,54.7265,54.7265,54.7265,330
2026-05-22 13:15:00,54.7501,54.7501,54.7501,54.7501,107
2026-05-22 13:25:00,54.78,54.79,54.78,54.79,344
2026-05-22 13:30:00,54.79,54.79,54.79,54.79,650
2026-05-22 13:35:00,54.7901,54.7901,54.7901,54.7901,600
2026-05-22 13:45:00,54.79,54.79,54.79,54.79,1431
2026-05-22 14:00:00,54.7301,54.7436,54.7301,54.7436,680
2026-05-22 14:15:00,54.7225,54.7225,54.7225,54.7225,205
2026-05-22 14:20:00,54.745,54.745,54.745,54.745,634
2026-05-22 14:55:00,54.735,54.7499,54.735,54.7499,386
2026-05-22 15:00:00,54.72,54.72,54.675,54.675,981
2026-05-22 15:05:00,54.67,54.67,54.67,54.67,121
2026-05-22 15:15:00,54.655,54.655,54.64,54.65,1678
2026-05-22 15:20:00,54.65,54.65,54.65,54.65,718
2026-05-22 15:30:00,54.6,54.63,54.58,54.6293,5011
2026-05-22 15:35:00,54.61,54.64,54.61,54.6399,1728
2026-05-22 15:40:00,54.64,54.64,54.6,54.6199,2095
2026-05-22 15:45:00,54.6199,54.6199,54.58,54.58,3730
2026-05-22 15:50:00,54.6,54.6,54.585,54.585,6092
2026-05-22 15:55:00,54.62,54.62,54.62,54.62,100