2026-03-23 09:30:00,16.65,16.65,16.5378,16.5378,2300
2026-03-23 09:40:00,16.65,16.65,16.65,16.65,420
2026-03-23 09:45:00,16.66,16.66,16.66,16.66,228
2026-03-23 10:10:00,16.595,16.595,16.595,16.595,196
2026-03-23 10:20:00,16.6,16.6,16.55,16.55,240
2026-03-23 10:30:00,16.6,16.6,16.6,16.6,315
2026-03-23 10:50:00,16.5241,16.5241,16.5241,16.5241,100
2026-03-23 12:20:00,16.7,16.7,16.7,16.7,100
2026-03-23 13:30:00,16.73,16.73,16.73,16.73,100
2026-03-23 13:40:00,16.76,16.76,16.76,16.76,100
2026-03-23 13:55:00,16.73,16.73,16.73,16.73,100
2026-03-23 14:40:00,16.78,16.78,16.78,16.78,800
2026-03-23 14:45:00,16.78,16.78,16.78,16.78,100
2026-03-23 14:50:00,16.78,16.78,16.78,16.78,100
2026-03-23 14:55:00,16.78,16.78,16.78,16.78,100
2026-03-23 15:00:00,16.78,16.78,16.78,16.78,600
2026-03-23 15:10:00,16.7,16.7,16.7,16.7,676
2026-03-23 15:25:00,16.7,16.78,16.7,16.78,267
2026-03-23 15:40:00,16.7,16.78,16.7,16.78,257
2026-03-23 15:45:00,16.78,16.78,16.78,16.78,100
2026-03-24 09:30:00,16.61,16.61,16.5,16.5,576
2026-03-24 09:50:00,16.5,16.5,16.5,16.5,121
2026-03-24 10:25:00,16.4,16.4,16.4,16.4,250
2026-03-24 11:00:00,16.3,16.3,16.3,16.3,250
2026-03-24 11:25:00,16.38,16.38,16.38,16.38,100
2026-03-24 12:40:00,16.3,16.3,16.3,16.3,3050
2026-03-24 12:50:00,16.38,16.38,16.38,16.38,400
2026-03-24 13:05:00,16.38,16.38,16.38,16.38,733
2026-03-24 13:10:00,16.225,16.225,16.225,16.225,100
2026-03-24 13:40:00,16.22,16.22,16.2,16.2,650
2026-03-24 13:50:00,16.27,16.27,16.27,16.27,100
2026-03-24 14:00:00,16.19,16.19,16.12,16.12,300
2026-03-24 15:55:00,16.14,16.14,16.14,16.14,386
2026-03-25 09:55:00,16.28,16.2999,16.232,16.2999,673
2026-03-25 10:00:00,16.3,16.3,16.3,16.3,250
2026-03-25 10:25:00,16.38,16.38,16.3472,16.3472,1300
2026-03-25 10:30:00,16.4,16.4,16.3,16.3,200
2026-03-25 10:40:00,16.4,16.4,16.4,16.4,150
2026-03-25 10:45:00,16.5,16.5,16.5,16.5,100
2026-03-25 10:55:00,16.5,16.51,16.5,16.51,3125
2026-03-25 11:10:00,16.4,16.4,16.4,16.4,250
2026-03-25 14:55:00,16.3001,16.3001,16.3001,16.3001,1000
2026-03-25 15:35:00,16.3,16.3,16.3,16.3,250
2026-03-25 15:50:00,16.36,16.36,16.36,16.36,198
2026-03-26 09:30:00,15.6499,15.6499,15.6499,15.6499,500
2026-03-26 10:10:00,15.52,15.52,15.52,15.52,700
2026-03-26 11:40:00,16.05,16.13,16.05,16.13,3930
2026-03-26 11:55:00,15.825,15.825,15.825,15.825,188
2026-03-26 12:55:00,16.13,16.13,16.13,16.13,100
2026-03-27 09:55:00,15.72,15.72,15.72,15.72,137
2026-03-27 11:05:00,16.19,16.19,16.19,16.19,100
2026-03-27 12:20:00,16.17,16.17,16.17,16.17,100
2026-03-27 12:50:00,15.42,15.42,15.42,15.42,339
2026-03-27 14:00:00,15.5,15.51,15.4284,15.51,700
2026-03-27 14:30:00,16.11,16.11,16.11,16.11,100
2026-03-27 14:35:00,15.82,16.08,15.82,16.08,200
2026-03-27 14:40:00,15.83,15.84,15.83,15.84,200
2026-03-27 14:45:00,16.08,16.13,16.08,16.13,200
2026-03-27 14:50:00,15.84,16.08,15.84,15.85,300
2026-03-27 14:55:00,15.85,16.07,15.85,16.07,200
2026-03-27 15:30:00,16.09,16.09,15.79,15.79,565
2026-03-27 15:55:00,15.53,15.56,15.46,15.47,1372
2026-03-30 09:45:00,15.38,15.38,15.38,15.38,209
2026-03-30 10:05:00,15.96,15.96,15.96,15.96,105
2026-03-30 10:10:00,15.96,15.96,15.96,15.96,105
2026-03-30 10:20:00,14.9001,15.83,14.9001,15.83,400
2026-03-30 10:35:00,15.405,15.405,15.405,15.405,100
2026-03-30 10:40:00,15.86,15.86,15.86,15.86,105
2026-03-30 10:45:00,15.38,15.38,15.38,15.38,988
2026-03-30 11:05:00,15.96,15.96,15.96,15.96,108
2026-03-30 11:10:00,15.96,15.96,15.96,15.96,105
2026-03-30 11:35:00,15.78,15.78,15.78,15.78,100
2026-03-30 11:45:00,15.91,15.91,15.91,15.91,105
2026-03-30 12:05:00,15.91,15.91,15.91,15.91,108
2026-03-30 12:20:00,15.74,15.74,15.61,15.61,208
2026-03-30 12:25:00,15.405,15.405,14.9501,14.9501,1351
2026-03-30 12:30:00,15.86,15.86,15.86,15.86,108
2026-03-30 13:00:00,15.74,15.74,15.74,15.74,100
2026-03-30 13:30:00,15.69,15.69,15.69,15.69,105
2026-03-30 14:10:00,15.69,15.69,15.69,15.69,102
2026-03-30 14:25:00,15.69,15.69,15.69,15.69,108
2026-03-30 14:35:00,15.69,15.69,15.69,15.69,205
2026-03-30 14:40:00,15.81,15.81,15.81,15.81,105
2026-03-30 14:55:00,15.51,15.51,15.51,15.51,100
2026-03-30 15:00:00,15.5099,15.5099,15.5099,15.5099,100
2026-03-30 15:20:00,15.51,15.51,15.43,15.43,300
2026-03-30 15:40:00,15.3,15.3,15.3,15.3,108
2026-03-30 15:55:00,15.37,15.38,15.21,15.21,972
2026-03-31 10:45:00,15.02,15.02,15.02,15.02,500
2026-03-31 14:25:00,15.47,15.47,15.47,15.47,200
2026-04-01 10:10:00,15.76,15.76,15.76,15.76,100
2026-04-01 12:20:00,15.74,15.74,15.74,15.74,100
2026-04-01 12:40:00,15.73,15.73,15.73,15.73,100
2026-04-01 14:30:00,15.6013,15.6013,15.6013,15.6013,200
2026-04-02 09:35:00,15.79,15.79,15.79,15.79,200
2026-04-02 10:20:00,15.6001,15.6001,15.6001,15.6001,200
2026-04-02 10:50:00,15.9,15.9,15.8212,15.8212,452
2026-04-02 10:55:00,15.9,15.9,15.8212,15.8212,452
2026-04-02 12:40:00,15.95,16.2,15.8446,15.8446,2840
2026-04-02 14:30:00,15.92,15.92,15.92,15.92,200
2026-04-02 14:35:00,15.93,15.93,15.93,15.93,600
2026-04-02 14:40:00,15.94,15.94,15.94,15.94,400
2026-04-02 14:45:00,15.96,15.96,15.96,15.96,400
2026-04-02 14:50:00,15.96,15.96,15.697,15.96,1315
2026-04-02 14:55:00,15.96,16.17,15.96,16.17,500
2026-04-02 15:00:00,16.17,16.19,16.17,16.19,658
2026-04-02 15:05:00,16.19,16.19,16.19,16.19,558
2026-04-06 12:00:00,16.03,16.03,16.03,16.03,100
2026-04-06 15:20:00,15.9299,15.9299,15.9299,15.9299,944
2026-04-06 15:35:00,15.9099,15.9099,15.9099,15.9099,146
2026-04-07 09:40:00,15.87,15.87,15.87,15.87,100
2026-04-07 10:50:00,15.95,15.95,15.83,15.83,2267
2026-04-07 12:00:00,15.96,15.96,15.96,15.96,100
2026-04-07 13:35:00,15.905,15.905,15.905,15.905,273
2026-04-07 14:50:00,15.77,15.77,15.77,15.77,100
2026-04-08 09:40:00,15.9,15.9,15.9,15.9,100
2026-04-08 10:10:00,16.01,16.01,16.01,16.01,100
2026-04-09 10:05:00,16.2,16.2,16.2,16.2,250
2026-04-09 10:45:00,16.26,16.28,16.125,16.25,800
2026-04-09 11:15:00,16.3,16.3,16.3,16.3,100
2026-04-09 12:40:00,16.3,16.3,16.17,16.17,298
2026-04-09 13:25:00,16.35,16.35,16.35,16.35,100
2026-04-09 14:20:00,16.305,16.305,16.3,16.3,1412
2026-04-09 14:35:00,16.31,16.31,16.3,16.3,300
2026-04-09 14:40:00,16.3,16.3,16.3,16.3,100
2026-04-09 15:55:00,16.4,16.4,16.4,16.4,250
2026-04-09 16:00:00,16.43,16.43,16.43,16.43,174
2026-04-10 09:55:00,16.5,16.5,16.5,16.5,100
2026-04-10 10:25:00,16.32,16.32,16.3,16.3001,1084
2026-04-10 11:25:00,16.31,16.32,16.3,16.31,2724
2026-04-10 11:35:00,16.2,16.201,16.2,16.2001,1967
2026-04-10 11:40:00,16.25,16.25,16.25,16.25,570
2026-04-10 12:25:00,16.3,16.3,16.3,16.3,250
2026-04-10 14:05:00,16.39,16.39,16.39,16.39,100
2026-04-10 14:55:00,16.3,16.3,16.3,16.3,300
2026-04-13 09:35:00,16.38,16.38,16.38,16.38,100
2026-04-13 10:30:00,16.39,16.39,16.39,16.39,100
2026-04-13 15:10:00,16.33,16.33,16.33,16.33,252
2026-04-13 16:00:00,16.39,16.39,16.39,16.39,197
2026-04-14 09:30:00,16.4,16.5,16.4,16.5,500
2026-04-14 11:15:00,16.475,16.55,16.41,16.55,1986
2026-04-15 09:30:00,16.6,16.6,16.6,16.6,250
2026-04-15 10:30:00,16.6999,16.6999,16.6999,16.6999,239
2026-04-15 11:15:00,16.595,16.595,16.595,16.595,222
2026-04-15 15:45:00,16.7,16.7,16.7,16.7,250
2026-04-16 09:35:00,16.8,16.8,16.8,16.8,250
2026-04-16 09:40:00,16.88,17.13,16.88,17.13,1560
2026-04-16 09:45:00,17.2,17.2,17.2,17.2,100
2026-04-16 11:45:00,17.2,17.2,17.1,17.1,500
2026-04-16 11:50:00,17.2,17.3,17.2,17.3,700
2026-04-16 13:10:00,17.3,17.3,17.3,17.3,100
2026-04-16 13:40:00,17.2,17.2,17.2,17.2,197
2026-04-16 15:20:00,17.21,17.21,17.21,17.21,133
2026-04-17 12:20:00,17.4,17.4,17.4,17.4,251
2026-04-17 12:40:00,17.4,17.4,17.4,17.4,100
2026-04-17 13:00:00,17.32,17.32,17.3,17.3,13476
2026-04-17 13:10:00,17.39,17.4,17.39,17.3999,800
2026-04-17 13:40:00,17.38,17.38,17.38,17.38,100
2026-04-17 15:15:00,17.25,17.25,17.25,17.25,1099
2026-04-17 15:55:00,17.33,17.33,17.33,17.33,150
2026-04-20 09:45:00,17.5,17.5,17.4,17.4,450
2026-04-20 11:20:00,17.4,17.4,17.4,17.4,100
2026-04-20 15:55:00,17.395,17.395,17.395,17.395,147
2026-04-21 09:40:00,17.48,17.48,17.48,17.48,100
2026-04-21 10:35:00,17.32,17.32,17.3,17.3,683
2026-04-21 10:55:00,17.2,17.2,17.2,17.2,100
2026-04-21 11:00:00,17.1,17.2,17.1,17.2,600
2026-04-21 15:25:00,17.19,17.19,17.19,17.19,3301