2026-04-07 05:15:00,36.07,36.07,36.07,36.07,200
2026-04-07 09:30:00,36.02,36.06,35.9725,35.984,22291
2026-04-07 09:35:00,35.97,36,35.94,35.98,3830
2026-04-07 09:40:00,35.965,35.98,35.96,35.98,1958
2026-04-07 09:45:00,35.97,35.975,35.935,35.94,17478
2026-04-07 09:50:00,35.935,35.978,35.935,35.978,4047
2026-04-07 09:55:00,35.99,36,35.935,35.94,6769
2026-04-07 10:00:00,35.93,35.93,35.8515,35.8515,12967
2026-04-07 10:05:00,35.855,35.865,35.795,35.795,4920
2026-04-07 10:10:00,35.7898,35.84,35.7898,35.825,8423
2026-04-07 10:15:00,35.8359,35.855,35.83,35.83,5665
2026-04-07 10:20:00,35.84,35.915,35.8399,35.9,7088
2026-04-07 10:25:00,35.91,35.915,35.8899,35.8899,2321
2026-04-07 10:30:00,35.885,35.955,35.88,35.95,2872
2026-04-07 10:35:00,35.9297,35.935,35.9,35.92,2458
2026-04-07 10:40:00,35.91,35.91,35.8729,35.8729,6177
2026-04-07 10:45:00,35.88,35.94,35.88,35.89,5601
2026-04-07 10:50:00,35.895,35.895,35.8501,35.86,3133
2026-04-07 10:55:00,35.865,35.865,35.825,35.825,2537
2026-04-07 11:00:00,35.805,35.81,35.775,35.785,13134
2026-04-07 11:05:00,35.7901,35.7901,35.74,35.745,18510
2026-04-07 11:10:00,35.745,35.805,35.7414,35.785,4436
2026-04-07 11:15:00,35.7801,35.87,35.775,35.8198,10901
2026-04-07 11:20:00,35.81,35.825,35.81,35.81,3166
2026-04-07 11:25:00,35.812,35.825,35.805,35.815,4413
2026-04-07 11:30:00,35.835,35.845,35.825,35.845,2381
2026-04-07 11:35:00,35.85,35.875,35.835,35.865,7178
2026-04-07 11:40:00,35.85,35.85,35.82,35.845,4989
2026-04-07 11:45:00,35.8398,35.8498,35.81,35.825,3873
2026-04-07 11:50:00,35.8301,35.8501,35.83,35.84,4825
2026-04-07 11:55:00,35.85,35.9,35.85,35.87,5859
2026-04-07 12:00:00,35.875,36.05,35.87,36.05,4711
2026-04-07 12:05:00,35.98,35.985,35.945,35.945,1580
2026-04-07 12:10:00,35.94,35.97,35.94,35.965,3972
2026-04-07 12:15:00,35.97,35.97,35.9491,35.965,8013
2026-04-07 12:20:00,35.955,36.03,35.955,35.9799,3599
2026-04-07 12:25:00,36,36.02,35.98,36.02,2358
2026-04-07 12:30:00,36.01,36.03,35.99,36.0158,18494
2026-04-07 12:35:00,36.0297,36.0297,35.995,35.995,3184
2026-04-07 12:40:00,36.0126,36.0299,36.0126,36.0299,1208
2026-04-07 12:45:00,36.0488,36.075,36.04,36.075,2291
2026-04-07 12:50:00,36.06,36.065,36.035,36.06,11182
2026-04-07 12:55:00,36.065,36.0658,36.03,36.035,12584
2026-04-07 13:00:00,36.025,36.06,36.01,36.055,9293
2026-04-07 13:05:00,36.06,36.06,36.04,36.04,3462
2026-04-07 13:10:00,36.04,36.045,36.04,36.04,1361
2026-04-07 13:15:00,36.03,36.04,36.02,36.02,6548
2026-04-07 13:20:00,36.025,36.03,36,36.015,5449
2026-04-07 13:25:00,36.015,36.0199,36,36,1449
2026-04-07 13:30:00,36.005,36.05,36.005,36.05,1854
2026-04-07 13:35:00,36.055,36.14,36.055,36.125,5572
2026-04-07 13:40:00,36.125,36.125,36.085,36.085,7209
2026-04-07 13:45:00,36.085,36.085,36.0643,36.0701,7743
2026-04-07 13:50:00,36.09,36.1057,36.085,36.1057,7641
2026-04-07 13:55:00,36.104,36.104,36.08,36.085,12431
2026-04-07 14:00:00,36.085,36.085,36.07,36.0701,1705
2026-04-07 14:05:00,36.085,36.0899,36.05,36.05,8702
2026-04-07 14:10:00,36.065,36.0699,36.0401,36.0601,1244
2026-04-07 14:15:00,36.0656,36.07,36.065,36.07,61395
2026-04-07 14:20:00,36.08,36.09,36.065,36.0743,66879
2026-04-07 14:25:00,36.06,36.06,36.035,36.05,12859
2026-04-07 14:30:00,36.05,36.05,36.035,36.0499,10062
2026-04-07 14:35:00,36.05,36.055,36.03,36.0351,12152
2026-04-07 14:40:00,36.03,36.04,35.9943,36,8789
2026-04-07 14:45:00,36.0159,36.02,35.99,35.9927,6834
2026-04-07 14:50:00,35.98,35.985,35.96,35.96,3207
2026-04-07 14:55:00,35.93,35.95,35.91,35.93,8737
2026-04-07 15:00:00,35.93,35.955,35.92,35.955,7358
2026-04-07 15:05:00,35.935,35.955,35.905,35.915,8037
2026-04-07 15:10:00,35.925,35.945,35.92,35.945,23066
2026-04-07 15:15:00,35.95,36.04,35.95,36.04,5734
2026-04-07 15:20:00,36.034,36.105,36.03,36.065,6986
2026-04-07 15:25:00,36.04,36.065,36.035,36.065,5404
2026-04-07 15:30:00,36.065,36.065,36.04,36.05,10374
2026-04-07 15:35:00,36.055,36.055,36.025,36.025,7552
2026-04-07 15:40:00,36.0223,36.05,36.0223,36.035,7357
2026-04-07 15:45:00,36.025,36.18,36.025,36.155,21995
2026-04-07 15:50:00,36.13,36.16,36.1051,36.14,6534
2026-04-07 15:55:00,36.13,36.165,36.12,36.14,5111
2026-04-07 16:00:00,36.15,36.2,36.15,36.2,9149
2026-04-07 18:30:00,36.2,36.2,36.2,36.2,200
2026-04-08 09:30:00,37.14,37.14,37.044,37.07,19003
2026-04-08 09:35:00,37.07,37.085,37.045,37.045,4655
2026-04-08 09:40:00,37.0299,37.04,36.99,36.99,14178
2026-04-08 09:45:00,37.005,37.05,36.99,37.035,4544
2026-04-08 09:50:00,37.04,37.045,36.96,36.96,5420
2026-04-08 09:55:00,36.96,36.97,36.94,36.955,9857
2026-04-08 10:00:00,36.9807,36.9807,36.98,36.98,240
2026-04-08 10:05:00,36.97,36.9899,36.95,36.9599,4242
2026-04-08 10:10:00,36.96,36.98,36.9541,36.9707,7289
2026-04-08 10:15:00,36.985,36.99,36.975,36.9798,2392
2026-04-08 10:20:00,36.95,36.99,36.95,36.985,3573
2026-04-08 10:25:00,36.97,36.9703,36.96,36.97,1820
2026-04-08 10:30:00,36.955,36.955,36.93,36.94,4353
2026-04-08 10:35:00,36.93,36.945,36.9,36.925,9724
2026-04-08 10:40:00,36.915,36.94,36.91,36.92,2676
2026-04-08 10:45:00,36.925,36.925,36.885,36.92,3618
2026-04-08 10:50:00,36.93,36.93,36.89,36.89,4799
2026-04-08 10:55:00,36.89,36.9,36.815,36.865,3547
2026-04-08 11:00:00,36.875,36.92,36.875,36.92,3713
2026-04-08 11:05:00,36.925,36.93,36.91,36.91,1898
2026-04-08 11:10:00,36.89,36.89,36.875,36.89,10981
2026-04-08 11:15:00,36.895,36.9,36.885,36.89,4063
2026-04-08 11:20:00,36.89,36.9157,36.89,36.91,6418
2026-04-08 11:25:00,36.92,36.92,36.8901,36.8901,2128
2026-04-08 11:30:00,36.9,36.91,36.89,36.905,2712
2026-04-08 11:35:00,36.925,36.95,36.92,36.95,42034
2026-04-08 11:40:00,36.9458,36.9458,36.93,36.94,5908
2026-04-08 11:45:00,36.9486,36.9701,36.945,36.9701,2257
2026-04-08 11:50:00,36.975,36.99,36.9701,36.985,3407
2026-04-08 11:55:00,36.985,36.99,36.98,36.985,3352
2026-04-08 12:00:00,36.985,37.0197,36.98,37.0197,2182
2026-04-08 12:05:00,37.025,37.025,37.01,37.01,1605
2026-04-08 12:10:00,37.01,37.01,37,37.005,7209
2026-04-08 12:15:00,37.025,37.025,36.99,37.005,27540
2026-04-08 12:20:00,37.01,37.015,37,37.01,8580
2026-04-08 12:25:00,37.015,37.025,37.01,37.025,7805
2026-04-08 12:30:00,37.03,37.045,37.02,37.045,9114
2026-04-08 12:35:00,37.045,37.045,37.035,37.04,2663
2026-04-08 12:40:00,37.06,37.075,37.0558,37.065,4163
2026-04-08 12:45:00,37.07,37.085,37.07,37.08,3726
2026-04-08 12:50:00,37.085,37.09,37.075,37.075,2675
2026-04-08 12:55:00,37.08,37.095,37.08,37.09,3538
2026-04-08 13:00:00,37.0999,37.11,37.085,37.1,27679
2026-04-08 13:05:00,37.09,37.0901,37.06,37.075,4739
2026-04-08 13:10:00,37.07,37.09,37.065,37.07,6131
2026-04-08 13:15:00,37.07,37.07,37.05,37.06,5633
2026-04-08 13:20:00,37.055,37.0699,37.035,37.0497,27143
2026-04-08 13:25:00,37.04,37.04,37.015,37.0299,14978
2026-04-08 13:30:00,37.03,37.05,37.025,37.035,4842
2026-04-08 13:35:00,37.0301,37.05,37.0299,37.0299,3781
2026-04-08 13:40:00,37.03,37.055,37.03,37.05,30291
2026-04-08 13:45:00,37.0501,37.055,37.04,37.05,5223
2026-04-08 13:50:00,37.0499,37.065,37.0499,37.05,6593
2026-04-08 13:55:00,37.0583,37.06,37.05,37.06,2903
2026-04-08 14:00:00,37.065,37.09,37.055,37.0872,13930
2026-04-08 14:05:00,37.0842,37.0999,37.0842,37.09,7229
2026-04-08 14:10:00,37.09,37.095,37.07,37.085,57921
2026-04-08 14:15:00,37.0875,37.095,37.02,37.04,9779
2026-04-08 14:20:00,37.005,37.025,36.99,37.01,2593
2026-04-08 14:25:00,37.03,37.03,37.02,37.02,1429
2026-04-08 14:30:00,37.03,37.035,37.01,37.025,6235
2026-04-08 14:35:00,37.01,37.015,37,37,16475
2026-04-08 14:40:00,36.99,36.99,36.97,36.97,8505
2026-04-08 14:45:00,36.97,36.97,36.9542,36.96,2237
2026-04-08 14:50:00,36.95,36.96,36.94,36.96,448
2026-04-08 14:55:00,36.9501,36.9501,36.91,36.91,959
2026-04-08 15:00:00,36.905,36.9301,36.9,36.92,2084
2026-04-08 15:05:00,36.9199,36.935,36.91,36.935,3814
2026-04-08 15:10:00,36.93,36.9744,36.92,36.9744,3369
2026-04-08 15:15:00,36.9606,36.965,36.94,36.945,2793
2026-04-08 15:20:00,36.93,36.94,36.92,36.93,4551
2026-04-08 15:25:00,36.92,36.92,36.915,36.92,2808
2026-04-08 15:30:00,36.92,36.98,36.92,36.97,4489
2026-04-08 15:35:00,36.985,36.9965,36.975,36.99,7281
2026-04-08 15:40:00,36.99,36.99,36.97,36.985,6671
2026-04-08 15:45:00,36.99,37.01,36.99,36.9901,10459
2026-04-08 15:50:00,36.9951,37.0198,36.9951,37.015,11237
2026-04-08 15:55:00,37.01,37.03,37.01,37.0284,12158
2026-04-08 16:00:00,37.03,37.045,37.03,37.03,1763
2026-04-08 18:20:00,37.03,37.03,37.03,37.03,125
2026-04-09 09:30:00,37.01,37.04,36.98,36.99,32813
2026-04-09 09:35:00,36.9802,37.005,36.975,36.985,2900
2026-04-09 09:40:00,36.99,37.045,36.985,37.045,8176
2026-04-09 09:45:00,37.03,37.045,37.02,37.045,6706
2026-04-09 09:50:00,37.04,37.055,36.995,37.015,10554
2026-04-09 09:55:00,37.02,37.02,36.985,37,5100
2026-04-09 10:00:00,37,37.0059,36.995,36.995,3775
2026-04-09 10:05:00,36.9999,37.025,36.9999,37.009,5109
2026-04-09 10:10:00,36.9954,37.005,36.98,37.005,5255
2026-04-09 10:15:00,36.98,36.985,36.97,36.975,4007
2026-04-09 10:20:00,36.97,36.995,36.97,36.98,3800
2026-04-09 10:25:00,36.99,36.9951,36.95,36.9501,7551
2026-04-09 10:30:00,36.95,36.96,36.935,36.94,5412
2026-04-09 10:35:00,36.95,36.97,36.945,36.97,2650
2026-04-09 10:40:00,36.97,36.99,36.97,36.985,3541
2026-04-09 10:45:00,36.995,36.995,36.985,36.99,1196
2026-04-09 10:50:00,36.995,37.02,36.995,37.02,6135
2026-04-09 10:55:00,37.0158,37.0358,37.015,37.0358,5322
2026-04-09 11:00:00,37.0299,37.04,37.0199,37.0199,7047
2026-04-09 11:05:00,37,37.03,37,37.0281,4889
2026-04-09 11:10:00,37.025,37.055,37.02,37.055,1187
2026-04-09 11:15:00,37.06,37.085,37.06,37.07,7755
2026-04-09 11:20:00,37.1051,37.11,37.09,37.09,1137
2026-04-09 11:25:00,37.09,37.09,37.075,37.075,870
2026-04-09 11:30:00,37.08,37.16,37.0641,37.16,5142
2026-04-09 11:35:00,37.16,37.17,37.13,37.13,4951
2026-04-09 11:40:00,37.1399,37.175,37.131,37.175,4447
2026-04-09 11:45:00,37.1641,37.21,37.15,37.21,7605
2026-04-09 11:50:00,37.205,37.2299,37.1945,37.2299,7585
2026-04-09 11:55:00,37.215,37.24,37.215,37.235,4828
2026-04-09 12:00:00,37.2561,37.33,37.25,37.33,3416
2026-04-09 12:05:00,37.325,37.33,37.2998,37.315,4436
2026-04-09 12:10:00,37.32,37.33,37.305,37.32,2374
2026-04-09 12:15:00,37.29,37.32,37.29,37.315,25236
2026-04-09 12:20:00,37.32,37.328,37.295,37.2999,26825
2026-04-09 12:25:00,37.295,37.305,37.285,37.305,6532
2026-04-09 12:30:00,37.315,37.315,37.285,37.29,4586
2026-04-09 12:35:00,37.305,37.305,37.285,37.285,4620
2026-04-09 12:40:00,37.2801,37.285,37.27,37.275,5046
2026-04-09 12:45:00,37.275,37.2754,37.26,37.26,2138
2026-04-09 12:50:00,37.265,37.3199,37.265,37.315,3071
2026-04-09 12:55:00,37.3,37.305,37.295,37.295,2803
2026-04-09 13:00:00,37.295,37.31,37.2767,37.3,29039
2026-04-09 13:05:00,37.305,37.32,37.3001,37.32,5193
2026-04-09 13:10:00,37.33,37.34,37.3283,37.34,5242
2026-04-09 13:15:00,37.33,37.34,37.32,37.3305,50088
2026-04-09 13:20:00,37.3459,37.35,37.33,37.33,11046
2026-04-09 13:25:00,37.33,37.33,37.315,37.323,6573
2026-04-09 13:30:00,37.315,37.315,37.275,37.3,10797
2026-04-09 13:35:00,37.293,37.315,37.293,37.31,16424
2026-04-09 13:40:00,37.3399,37.345,37.32,37.325,13862
2026-04-09 13:45:00,37.31,37.325,37.31,37.32,4818
2026-04-09 13:50:00,37.3202,37.325,37.3,37.315,5001
2026-04-09 13:55:00,37.3112,37.3112,37.3,37.305,3421
2026-04-09 14:00:00,37.3099,37.315,37.255,37.255,1340
2026-04-09 14:05:00,37.245,37.255,37.22,37.2458,15830
2026-04-09 14:10:00,37.235,37.2558,37.235,37.2399,7635
2026-04-09 14:15:00,37.23,37.255,37.23,37.235,59998
2026-04-09 14:20:00,37.24,37.25,37.21,37.21,24037
2026-04-09 14:25:00,37.205,37.22,37.205,37.22,3073
2026-04-09 14:30:00,37.21,37.21,37.19,37.2,20918
2026-04-09 14:35:00,37.2,37.2176,37.2,37.215,1694
2026-04-09 14:40:00,37.23,37.23,37.21,37.21,5957
2026-04-09 14:45:00,37.2051,37.2201,37.205,37.2201,4185
2026-04-09 14:50:00,37.215,37.225,37.21,37.21,1521
2026-04-09 14:55:00,37.21,37.23,37.21,37.2258,1099763
2026-04-09 15:00:00,37.2261,37.24,37.2261,37.24,1906
2026-04-09 15:05:00,37.2401,37.25,37.24,37.25,3507
2026-04-09 15:10:00,37.255,37.285,37.255,37.28,3989
2026-04-09 15:15:00,37.28,37.2801,37.26,37.26,2109
2026-04-09 15:20:00,37.265,37.265,37.26,37.265,1740
2026-04-09 15:25:00,37.2698,37.285,37.26,37.28,4198
2026-04-09 15:30:00,37.28,37.315,37.2799,37.315,5099
2026-04-09 15:35:00,37.31,37.315,37.295,37.315,1478
2026-04-09 15:40:00,37.305,37.305,37.29,37.305,1319
2026-04-09 15:45:00,37.305,37.325,37.3,37.315,11349
2026-04-09 15:50:00,37.305,37.3185,37.2998,37.3,9063
2026-04-09 15:55:00,37.3,37.31,37.28,37.285,12233
2026-04-09 16:00:00,37.285,37.3,37.28,37.3,8458
2026-04-09 17:05:00,37.45,37.45,37.45,37.45,100
2026-04-10 09:30:00,37.37,37.425,37.37,37.4066,14784
2026-04-10 09:35:00,37.385,37.4,37.38,37.38,4622
2026-04-10 09:40:00,37.385,37.41,37.3799,37.395,12789
2026-04-10 09:45:00,37.385,37.405,37.36,37.36,4307
2026-04-10 09:50:00,37.355,37.375,37.355,37.355,5560
2026-04-10 09:55:00,37.36,37.3814,37.3599,37.375,3453
2026-04-10 10:00:00,37.37,37.375,37.355,37.355,3416
2026-04-10 10:05:00,37.36,37.375,37.355,37.37,9624
2026-04-10 10:10:00,37.38,37.41,37.37,37.41,8318
2026-04-10 10:15:00,37.42,37.435,37.42,37.43,4143
2026-04-10 10:20:00,37.4301,37.44,37.43,37.44,2468
2026-04-10 10:25:00,37.44,37.445,37.435,37.435,11163
2026-04-10 10:30:00,37.44,37.455,37.435,37.445,15022
2026-04-10 10:35:00,37.43,37.435,37.419,37.42,8205
2026-04-10 10:40:00,37.43,37.43,37.38,37.4,4116
2026-04-10 10:45:00,37.395,37.41,37.385,37.39,8386
2026-04-10 10:50:00,37.39,37.4,37.385,37.385,2635
2026-04-10 10:55:00,37.3898,37.41,37.37,37.41,4253
2026-04-10 11:00:00,37.4,37.405,37.39,37.395,18510
2026-04-10 11:05:00,37.395,37.405,37.385,37.405,8507
2026-04-10 11:10:00,37.41,37.42,37.41,37.41,4234
2026-04-10 11:15:00,37.415,37.425,37.415,37.4158,5998
2026-04-10 11:20:00,37.4299,37.43,37.422,37.422,3371
2026-04-10 11:25:00,37.435,37.44,37.41,37.41,2426
2026-04-10 11:30:00,37.395,37.405,37.365,37.365,3821
2026-04-10 11:35:00,37.36,37.36,37.34,37.35,5292
2026-04-10 11:40:00,37.33,37.33,37.315,37.32,17775
2026-04-10 11:45:00,37.335,37.35,37.335,37.335,96548
2026-04-10 11:50:00,37.33,37.33,37.3,37.3,6795
2026-04-10 11:55:00,37.3,37.3099,37.265,37.28,5663
2026-04-10 12:00:00,37.27,37.27,37.255,37.27,2422
2026-04-10 12:05:00,37.265,37.265,37.25,37.2594,11592
2026-04-10 12:10:00,37.2756,37.3,37.27,37.29,1283
2026-04-10 12:15:00,37.3,37.3084,37.29,37.2975,1702
2026-04-10 12:20:00,37.29,37.29,37.27,37.275,1517
2026-04-10 12:25:00,37.28,37.29,37.27,37.28,5312
2026-04-10 12:30:00,37.28,37.2899,37.2699,37.2699,2710
2026-04-10 12:35:00,37.2675,37.2675,37.254,37.26,3201
2026-04-10 12:40:00,37.2557,37.265,37.235,37.24,4786
2026-04-10 12:45:00,37.2302,37.265,37.23,37.265,9324
2026-04-10 12:50:00,37.255,37.3,37.255,37.3,4376
2026-04-10 12:55:00,37.2901,37.2901,37.285,37.285,4466
2026-04-10 13:00:00,37.2843,37.2843,37.255,37.255,2520
2026-04-10 13:05:00,37.26,37.26,37.2432,37.255,3187
2026-04-10 13:10:00,37.255,37.2643,37.245,37.2643,1733
2026-04-10 13:15:00,37.27,37.27,37.25,37.26,3205
2026-04-10 13:20:00,37.2699,37.2699,37.23,37.25,10943
2026-04-10 13:25:00,37.255,37.265,37.2451,37.2451,2012
2026-04-10 13:30:00,37.2484,37.26,37.23,37.25,2299
2026-04-10 13:35:00,37.245,37.255,37.2403,37.2442,2629
2026-04-10 13:40:00,37.25,37.2574,37.24,37.255,1965
2026-04-10 13:45:00,37.26,37.2662,37.25,37.2662,3160
2026-04-10 13:50:00,37.265,37.275,37.265,37.275,2396
2026-04-10 13:55:00,37.2742,37.2792,37.2742,37.275,2499
2026-04-10 14:00:00,37.28,37.28,37.26,37.2662,1238
2026-04-10 14:05:00,37.265,37.265,37.24,37.245,2167
2026-04-10 14:10:00,37.245,37.255,37.245,37.25,1983
2026-04-10 14:15:00,37.255,37.27,37.25,37.27,14414
2026-04-10 14:20:00,37.275,37.275,37.26,37.275,22420
2026-04-10 14:25:00,37.2703,37.29,37.27,37.27,56490
2026-04-10 14:30:00,37.27,37.27,37.255,37.265,2473
2026-04-10 14:35:00,37.265,37.2656,37.25,37.2599,4499
2026-04-10 14:40:00,37.26,37.26,37.24,37.24,2138
2026-04-10 14:45:00,37.25,37.2582,37.25,37.2582,715
2026-04-10 14:50:00,37.26,37.265,37.2597,37.26,10706
2026-04-10 14:55:00,37.269,37.269,37.26,37.2676,3301
2026-04-10 15:00:00,37.27,37.29,37.27,37.29,7194
2026-04-10 15:05:00,37.285,37.2972,37.285,37.29,3921
2026-04-10 15:10:00,37.2851,37.31,37.2851,37.3099,4108
2026-04-10 15:15:00,37.31,37.3185,37.3,37.315,10245
2026-04-10 15:20:00,37.315,37.32,37.305,37.31,4878
2026-04-10 15:25:00,37.315,37.315,37.295,37.2983,1375
2026-04-10 15:30:00,37.3,37.3,37.28,37.2854,7829
2026-04-10 15:35:00,37.28,37.2899,37.26,37.2801,12741
2026-04-10 15:40:00,37.28,37.28,37.25,37.25,3683
2026-04-10 15:45:00,37.28,37.2898,37.265,37.27,5710
2026-04-10 15:50:00,37.265,37.285,37.2643,37.2643,7643
2026-04-10 15:55:00,37.265,37.29,37.26,37.29,12416
2026-04-10 16:00:00,37.295,37.3,37.28,37.3,11146
2026-04-13 09:30:00,37.22,37.2699,37.18,37.18,15831
2026-04-13 09:35:00,37.21,37.21,37.16,37.18,6450
2026-04-13 09:40:00,37.185,37.19,37.18,37.185,5028
2026-04-13 09:45:00,37.175,37.2,37.165,37.2,1277
2026-04-13 09:50:00,37.295,37.3103,37.295,37.3103,377
2026-04-13 09:55:00,37.305,37.315,37.3003,37.315,3723
2026-04-13 10:00:00,37.33,37.37,37.3298,37.3298,3982
2026-04-13 10:05:00,37.355,37.355,37.345,37.345,2570
2026-04-13 10:10:00,37.335,37.335,37.305,37.305,2776
2026-04-13 10:15:00,37.315,37.315,37.285,37.295,4935
2026-04-13 10:20:00,37.31,37.335,37.28,37.31,2924
2026-04-13 10:25:00,37.3202,37.335,37.32,37.33,8468
2026-04-13 10:30:00,37.34,37.345,37.3399,37.34,1917
2026-04-13 10:35:00,37.34,37.34,37.31,37.315,2203
2026-04-13 10:40:00,37.32,37.34,37.315,37.335,3248
2026-04-13 10:45:00,37.34,37.34,37.31,37.31,5625
2026-04-13 10:50:00,37.315,37.33,37.3,37.33,6759
2026-04-13 10:55:00,37.3342,37.37,37.325,37.37,3932
2026-04-13 11:00:00,37.3699,37.37,37.3298,37.3298,3293
2026-04-13 11:05:00,37.32,37.32,37.31,37.31,665
2026-04-13 11:10:00,37.32,37.34,37.32,37.335,1784
2026-04-13 11:15:00,37.33,37.33,37.32,37.32,1594
2026-04-13 11:20:00,37.315,37.34,37.315,37.33,1303
2026-04-13 11:25:00,37.33,37.33,37.3016,37.31,1364
2026-04-13 11:30:00,37.31,37.315,37.3,37.314,1717
2026-04-13 11:35:00,37.31,37.355,37.3036,37.34,6030
2026-04-13 11:40:00,37.34,37.345,37.31,37.3199,6347
2026-04-13 11:45:00,37.32,37.32,37.31,37.31,1911
2026-04-13 11:50:00,37.305,37.31,37.3,37.3044,6792
2026-04-13 11:55:00,37.3,37.3158,37.2999,37.3,2419
2026-04-13 12:00:00,37.3055,37.3055,37.275,37.275,3425
2026-04-13 12:05:00,37.28,37.345,37.28,37.305,16566
2026-04-13 12:10:00,37.31,37.32,37.3,37.305,7251
2026-04-13 12:15:00,37.315,37.34,37.31,37.34,7137
2026-04-13 12:20:00,37.35,37.38,37.35,37.3544,7644
2026-04-13 12:25:00,37.36,37.375,37.36,37.375,1612
2026-04-13 12:30:00,37.39,37.43,37.39,37.41,3145
2026-04-13 12:35:00,37.405,37.45,37.4044,37.415,5194
2026-04-13 12:40:00,37.41,37.42,37.375,37.41,3018
2026-04-13 12:45:00,37.42,37.44,37.42,37.44,200
2026-04-13 12:50:00,37.44,37.48,37.44,37.445,13552
2026-04-13 12:55:00,37.45,37.4601,37.445,37.4601,7167
2026-04-13 13:00:00,37.4601,37.47,37.4599,37.47,9019
2026-04-13 13:05:00,37.475,37.475,37.445,37.45,1507
2026-04-13 13:10:00,37.4501,37.455,37.45,37.455,4664
2026-04-13 13:15:00,37.465,37.4651,37.465,37.465,657
2026-04-13 13:20:00,37.48,37.48,37.46,37.47,1026
2026-04-13 13:25:00,37.465,37.465,37.4599,37.465,1316
2026-04-13 13:30:00,37.47,37.47,37.47,37.47,604
2026-04-13 13:35:00,37.455,37.4701,37.45,37.47,2384
2026-04-13 13:40:00,37.4551,37.465,37.4551,37.465,2934
2026-04-13 13:45:00,37.465,37.465,37.455,37.4551,3711
2026-04-13 13:50:00,37.456,37.47,37.45,37.465,31453
2026-04-13 13:55:00,37.465,37.4768,37.46,37.475,11194
2026-04-13 14:00:00,37.485,37.485,37.485,37.485,2389
2026-04-13 14:05:00,37.505,37.505,37.485,37.505,9946
2026-04-13 14:10:00,37.5,37.505,37.5,37.5001,6023
2026-04-13 14:15:00,37.515,37.515,37.5101,37.515,1825
2026-04-13 14:20:00,37.51,37.515,37.5042,37.51,2672
2026-04-13 14:25:00,37.495,37.4998,37.49,37.49,2535
2026-04-13 14:30:00,37.5042,37.5101,37.495,37.5101,3462
2026-04-13 14:35:00,37.5101,37.5199,37.51,37.5199,1678
2026-04-13 14:40:00,37.51,37.5199,37.51,37.5199,538
2026-04-13 14:45:00,37.5203,37.545,37.52,37.545,3856
2026-04-13 14:50:00,37.5402,37.5699,37.54,37.5699,2751
2026-04-13 14:55:00,37.56,37.565,37.555,37.56,1993
2026-04-13 15:00:00,37.5573,37.57,37.5573,37.565,4115
2026-04-13 15:05:00,37.56,37.56,37.545,37.555,4480
2026-04-13 15:10:00,37.555,37.555,37.535,37.535,2295
2026-04-13 15:15:00,37.5375,37.5499,37.535,37.545,5113
2026-04-13 15:20:00,37.55,37.5699,37.545,37.5699,4176
2026-04-13 15:25:00,37.565,37.5699,37.56,37.564,24337
2026-04-13 15:30:00,37.5643,37.59,37.5643,37.585,3474
2026-04-13 15:35:00,37.585,37.595,37.564,37.585,94911
2026-04-13 15:40:00,37.585,37.585,37.565,37.565,5283
2026-04-13 15:45:00,37.5642,37.575,37.56,37.56,4333
2026-04-13 15:50:00,37.57,37.6543,37.57,37.65,59949
2026-04-13 15:55:00,37.66,37.68,37.655,37.6715,4753
2026-04-13 16:00:00,37.68,37.69,37.67,37.69,10596
2026-04-14 09:30:00,37.79,37.86,37.79,37.86,15649
2026-04-14 09:35:00,37.88,37.965,37.88,37.9601,7191
2026-04-14 09:40:00,37.97,37.99,37.96,37.975,7656
2026-04-14 09:45:00,37.99,37.99,37.96,37.96,4158
2026-04-14 09:50:00,37.97,37.98,37.9599,37.965,5664
2026-04-14 09:55:00,37.95,37.9599,37.95,37.955,2793
2026-04-14 10:00:00,37.945,37.965,37.945,37.965,3312
2026-04-14 10:05:00,37.9554,37.98,37.95,37.98,3634
2026-04-14 10:10:00,38.01,38.01,37.995,38.005,6685
2026-04-14 10:15:00,38.015,38.03,38.015,38.03,9462
2026-04-14 10:20:00,38.02,38.05,38.02,38.03,3096
2026-04-14 10:25:00,38.035,38.045,38.03,38.0401,6191
2026-04-14 10:30:00,38.0553,38.0553,38.04,38.04,6434
2026-04-14 10:35:00,38.04,38.0699,38.0399,38.06,3953
2026-04-14 10:40:00,38.05,38.0599,38.035,38.05,3001
2026-04-14 10:45:00,38.055,38.0701,38.05,38.0701,6039
2026-04-14 10:50:00,38.08,38.08,38.065,38.07,4050
2026-04-14 10:55:00,38.085,38.09,38.075,38.09,5934
2026-04-14 11:00:00,38.08,38.095,38.08,38.085,3549
2026-04-14 11:05:00,38.09,38.09,38.065,38.075,3097
2026-04-14 11:10:00,38.07,38.07,38.055,38.055,5216
2026-04-14 11:15:00,38.0671,38.085,38.06,38.085,9347
2026-04-14 11:20:00,38.095,38.1277,38.095,38.12,8616
2026-04-14 11:25:00,38.1299,38.145,38.12,38.145,3496
2026-04-14 11:30:00,38.14,38.16,38.135,38.155,7917
2026-04-14 11:35:00,38.1501,38.165,38.1501,38.165,7246
2026-04-14 11:40:00,38.165,38.18,38.15,38.17,2598
2026-04-14 11:45:00,38.16,38.18,38.16,38.18,5667
2026-04-14 11:50:00,38.18,38.195,38.175,38.195,6233
2026-04-14 11:55:00,38.195,38.195,38.17,38.175,6077
2026-04-14 12:00:00,38.17,38.175,38.1501,38.175,4952
2026-04-14 12:05:00,38.185,38.1897,38.175,38.18,4828
2026-04-14 12:10:00,38.18,38.185,38.17,38.175,7176
2026-04-14 12:15:00,38.175,38.185,38.175,38.185,3397
2026-04-14 12:20:00,38.19,38.2,38.1899,38.195,1071
2026-04-14 12:25:00,38.2,38.215,38.195,38.215,2737
2026-04-14 12:30:00,38.22,38.22,38.21,38.21,1030
2026-04-14 12:35:00,38.205,38.21,38.2,38.21,3285
2026-04-14 12:40:00,38.21,38.21,38.205,38.21,890
2026-04-14 12:45:00,38.215,38.215,38.205,38.205,10228
2026-04-14 12:50:00,38.21,38.215,38.2,38.2,1515
2026-04-14 12:55:00,38.19,38.1997,38.18,38.18,30396
2026-04-14 13:00:00,38.185,38.195,38.185,38.195,3589
2026-04-14 13:05:00,38.19,38.2,38.188,38.188,2161
2026-04-14 13:10:00,38.1801,38.195,38.18,38.195,5438
2026-04-14 13:15:00,38.195,38.205,38.18,38.205,1576
2026-04-14 13:20:00,38.201,38.205,38.2,38.205,981
2026-04-14 13:25:00,38.215,38.219,38.205,38.205,7517
2026-04-14 13:30:00,38.205,38.225,38.205,38.225,552
2026-04-14 13:35:00,38.225,38.235,38.22,38.225,15366
2026-04-14 13:40:00,38.23,38.235,38.22,38.235,6177
2026-04-14 13:45:00,38.2367,38.2367,38.225,38.235,5364
2026-04-14 13:50:00,38.235,38.25,38.215,38.215,18687
2026-04-14 13:55:00,38.215,38.22,38.205,38.215,3588
2026-04-14 14:00:00,38.215,38.225,38.21,38.2158,8512
2026-04-14 14:05:00,38.215,38.2199,38.2029,38.21,3539
2026-04-14 14:10:00,38.21,38.215,38.185,38.195,6813
2026-04-14 14:15:00,38.19,38.19,38.169,38.169,3689
2026-04-14 14:20:00,38.155,38.155,38.115,38.1201,2011
2026-04-14 14:25:00,38.12,38.14,38.1051,38.13,5105
2026-04-14 14:30:00,38.135,38.145,38.135,38.145,1277
2026-04-14 14:35:00,38.14,38.16,38.14,38.16,5005
2026-04-14 14:40:00,38.155,38.16,38.145,38.145,3440
2026-04-14 14:45:00,38.14,38.14,38.13,38.13,5289
2026-04-14 14:50:00,38.1299,38.1351,38.1242,38.125,5807
2026-04-14 14:55:00,38.12,38.1374,38.12,38.135,2523
2026-04-14 15:00:00,38.13,38.1599,38.13,38.1486,9686
2026-04-14 15:05:00,38.155,38.175,38.155,38.175,2482
2026-04-14 15:10:00,38.17,38.185,38.17,38.185,2651
2026-04-14 15:15:00,38.18,38.198,38.18,38.1973,1603
2026-04-14 15:20:00,38.19,38.22,38.19,38.22,6794
2026-04-14 15:25:00,38.215,38.2199,38.21,38.21,5004
2026-04-14 15:30:00,38.2186,38.245,38.2186,38.235,2593
2026-04-14 15:35:00,38.23,38.23,38.205,38.225,7069
2026-04-14 15:40:00,38.225,38.235,38.215,38.215,6587
2026-04-14 15:45:00,38.22,38.22,38.2101,38.22,3084
2026-04-14 15:50:00,38.215,38.23,38.195,38.205,14692
2026-04-14 15:55:00,38.2,38.235,38.19,38.235,16308
2026-04-14 16:00:00,38.235,38.25,38.23,38.25,6434
2026-04-15 09:30:00,38.29,38.32,38.26,38.32,30095
2026-04-15 09:35:00,38.32,38.37,38.32,38.37,13976
2026-04-15 09:40:00,38.38,38.386,38.34,38.34,17951
2026-04-15 09:45:00,38.33,38.33,38.2451,38.31,20888
2026-04-15 09:50:00,38.315,38.335,38.315,38.32,3084
2026-04-15 09:55:00,38.3101,38.335,38.3099,38.335,2367
2026-04-15 10:00:00,38.335,38.37,38.33,38.35,11942
2026-04-15 10:05:00,38.34,38.34,38.315,38.335,2906
2026-04-15 10:10:00,38.325,38.355,38.325,38.355,1908
2026-04-15 10:15:00,38.355,38.385,38.355,38.385,5088
2026-04-15 10:20:00,38.38,38.39,38.37,38.3866,3232
2026-04-15 10:25:00,38.395,38.4056,38.385,38.3978,11911
2026-04-15 10:30:00,38.4,38.4,38.395,38.4,632
2026-04-15 10:35:00,38.375,38.39,38.375,38.38,4133
2026-04-15 10:40:00,38.37,38.385,38.355,38.375,2390
2026-04-15 10:45:00,38.39,38.395,38.385,38.39,1159
2026-04-15 10:50:00,38.405,38.41,38.395,38.395,1721
2026-04-15 10:55:00,38.3902,38.41,38.39,38.405,10375
2026-04-15 11:00:00,38.405,38.405,38.3845,38.4,1756
2026-04-15 11:05:00,38.4,38.4,38.3607,38.365,7425
2026-04-15 11:10:00,38.365,38.4099,38.365,38.4,4939
2026-04-15 11:15:00,38.405,38.405,38.39,38.395,5918
2026-04-15 11:20:00,38.4044,38.415,38.4044,38.41,4204
2026-04-15 11:25:00,38.405,38.415,38.4,38.415,1432
2026-04-15 11:30:00,38.41,38.41,38.385,38.385,1953
2026-04-15 11:35:00,38.3802,38.3998,38.3802,38.395,5437
2026-04-15 11:40:00,38.3981,38.4199,38.3917,38.4165,7825
2026-04-15 11:45:00,38.41,38.425,38.405,38.405,6869
2026-04-15 11:50:00,38.415,38.415,38.395,38.4,1233
2026-04-15 11:55:00,38.4,38.4,38.3851,38.395,5015
2026-04-15 12:00:00,38.4,38.4,38.3798,38.3801,6868
2026-04-15 12:05:00,38.38,38.395,38.38,38.39,1468
2026-04-15 12:10:00,38.41,38.4158,38.409,38.41,4098
2026-04-15 12:15:00,38.4199,38.4199,38.4056,38.4056,5531
2026-04-15 12:20:00,38.435,38.4401,38.43,38.435,16848
2026-04-15 12:25:00,38.435,38.4401,38.425,38.425,1857
2026-04-15 12:30:00,38.41,38.41,38.4,38.405,3502
2026-04-15 12:35:00,38.41,38.42,38.41,38.42,18359
2026-04-15 12:40:00,38.3899,38.3899,38.355,38.37,1152
2026-04-15 12:45:00,38.36,38.3742,38.3499,38.3603,13836
2026-04-15 12:50:00,38.385,38.385,38.3601,38.3601,4127
2026-04-15 12:55:00,38.37,38.37,38.3505,38.3505,12404
2026-04-15 13:00:00,38.38,38.3998,38.38,38.3998,11828
2026-04-15 13:05:00,38.405,38.425,38.405,38.41,3648
2026-04-15 13:10:00,38.415,38.415,38.405,38.405,5204
2026-04-15 13:15:00,38.405,38.42,38.4,38.42,23349
2026-04-15 13:20:00,38.41,38.4189,38.41,38.41,4493
2026-04-15 13:25:00,38.415,38.425,38.415,38.42,2750
2026-04-15 13:30:00,38.425,38.425,38.42,38.425,460
2026-04-15 13:35:00,38.445,38.45,38.435,38.435,2177
2026-04-15 13:40:00,38.44,38.44,38.414,38.415,2088
2026-04-15 13:45:00,38.4251,38.4251,38.425,38.4251,1328
2026-04-15 13:50:00,38.4202,38.44,38.4201,38.435,6377
2026-04-15 13:55:00,38.43,38.435,38.42,38.42,4401
2026-04-15 14:00:00,38.41,38.465,38.4,38.42,3896
2026-04-15 14:05:00,38.435,38.4499,38.435,38.4401,10117
2026-04-15 14:10:00,38.4399,38.455,38.43,38.455,12016
2026-04-15 14:15:00,38.4599,38.47,38.4599,38.4599,896
2026-04-15 14:20:00,38.46,38.4699,38.4499,38.4699,34366
2026-04-15 14:25:00,38.465,38.47,38.46,38.47,8526
2026-04-15 14:30:00,38.47,38.49,38.4699,38.49,6317
2026-04-15 14:35:00,38.5,38.51,38.5,38.5,6344
2026-04-15 14:40:00,38.495,38.5,38.485,38.5,2486
2026-04-15 14:45:00,38.5,38.525,38.5,38.525,5309
2026-04-15 14:50:00,38.525,38.545,38.525,38.535,15110
2026-04-15 14:55:00,38.54,38.557,38.535,38.545,7727
2026-04-15 15:00:00,38.545,38.5457,38.53,38.535,4067
2026-04-15 15:05:00,38.535,38.545,38.535,38.545,7488
2026-04-15 15:10:00,38.545,38.545,38.53,38.535,4216
2026-04-15 15:15:00,38.53,38.53,38.505,38.515,6726
2026-04-15 15:20:00,38.525,38.535,38.5165,38.535,15078
2026-04-15 15:25:00,38.535,38.5351,38.525,38.535,4543
2026-04-15 15:30:00,38.53,38.53,38.52,38.52,6862
2026-04-15 15:35:00,38.525,38.5278,38.51,38.51,6016
2026-04-15 15:40:00,38.5,38.515,38.5,38.515,5488
2026-04-15 15:45:00,38.515,38.52,38.505,38.5199,2162
2026-04-15 15:50:00,38.5102,38.53,38.5,38.5,10350
2026-04-15 15:55:00,38.525,38.535,38.52,38.535,12603
2026-04-15 16:00:00,38.535,38.5356,38.5,38.5,13001
2026-04-16 09:30:00,38.6,38.6,38.54,38.58,25878
2026-04-16 09:35:00,38.58,38.59,38.53,38.53,5700
2026-04-16 09:40:00,38.54,38.55,38.51,38.52,7250
2026-04-16 09:45:00,38.54,38.54,38.5,38.51,21409
2026-04-16 09:50:00,38.51,38.51,38.43,38.43,9520
2026-04-16 09:55:00,38.44,38.465,38.44,38.465,6704
2026-04-16 10:00:00,38.46,38.46,38.42,38.445,13988
2026-04-16 10:05:00,38.44,38.485,38.44,38.485,1998
2026-04-16 10:10:00,38.48,38.5,38.47,38.48,12612
2026-04-16 10:15:00,38.485,38.49,38.455,38.455,7107
2026-04-16 10:20:00,38.45,38.465,38.43,38.455,5432
2026-04-16 10:25:00,38.45,38.46,38.435,38.46,2564
2026-04-16 10:30:00,38.4551,38.475,38.4551,38.46,4178
2026-04-16 10:35:00,38.46,38.4699,38.45,38.45,10068
2026-04-16 10:40:00,38.44,38.47,38.44,38.47,6883
2026-04-16 10:45:00,38.47,38.4999,38.465,38.495,2838
2026-04-16 10:50:00,38.505,38.5199,38.4951,38.51,5319
2026-04-16 10:55:00,38.51,38.51,38.4877,38.495,2665
2026-04-16 11:00:00,38.505,38.52,38.495,38.515,3798
2026-04-16 11:05:00,38.51,38.534,38.505,38.534,2634
2026-04-16 11:10:00,38.54,38.57,38.54,38.5666,7468
2026-04-16 11:15:00,38.59,38.6099,38.58,38.58,5849
2026-04-16 11:20:00,38.585,38.62,38.585,38.62,4636
2026-04-16 11:25:00,38.615,38.62,38.57,38.57,6751
2026-04-16 11:30:00,38.56,38.59,38.56,38.58,8101
2026-04-16 11:35:00,38.59,38.6498,38.59,38.625,10412
2026-04-16 11:40:00,38.605,38.62,38.59,38.6,63720
2026-04-16 11:45:00,38.6,38.61,38.595,38.61,3246
2026-04-16 11:50:00,38.6163,38.6351,38.6163,38.625,7525
2026-04-16 11:55:00,38.63,38.665,38.63,38.655,11016
2026-04-16 12:00:00,38.66,38.665,38.655,38.665,2290
2026-04-16 12:05:00,38.665,38.67,38.66,38.665,1359
2026-04-16 12:10:00,38.655,38.67,38.655,38.6699,22427
2026-04-16 12:15:00,38.675,38.675,38.67,38.675,4844
2026-04-16 12:20:00,38.67,38.67,38.635,38.635,3780
2026-04-16 12:25:00,38.645,38.65,38.63,38.63,5127
2026-04-16 12:30:00,38.635,38.635,38.545,38.56,4202
2026-04-16 12:35:00,38.58,38.6188,38.58,38.6188,1579
2026-04-16 12:40:00,38.62,38.62,38.59,38.59,5943
2026-04-16 12:45:00,38.6,38.615,38.595,38.61,7323
2026-04-16 12:50:00,38.6098,38.615,38.575,38.575,3765
2026-04-16 12:55:00,38.5891,38.595,38.589,38.59,5538
2026-04-16 13:00:00,38.585,38.585,38.5651,38.575,3440
2026-04-16 13:05:00,38.57,38.575,38.565,38.565,930
2026-04-16 13:10:00,38.585,38.585,38.57,38.57,4711
2026-04-16 13:15:00,38.545,38.55,38.53,38.5499,5956
2026-04-16 13:20:00,38.5596,38.57,38.5398,38.57,2887
2026-04-16 13:25:00,38.59,38.5985,38.57,38.57,4707
2026-04-16 13:30:00,38.57,38.595,38.57,38.585,8403
2026-04-16 13:35:00,38.5701,38.5858,38.57,38.5799,6119
2026-04-16 13:40:00,38.6059,38.61,38.6,38.61,2551
2026-04-16 13:45:00,38.6199,38.63,38.605,38.625,8026
2026-04-16 13:50:00,38.62,38.62,38.61,38.61,14810
2026-04-16 13:55:00,38.61,38.61,38.575,38.5799,6758
2026-04-16 14:00:00,38.585,38.6,38.575,38.59,8205
2026-04-16 14:05:00,38.585,38.59,38.555,38.555,4346
2026-04-16 14:10:00,38.565,38.57,38.55,38.57,1694
2026-04-16 14:15:00,38.57,38.57,38.555,38.555,2477
2026-04-16 14:20:00,38.5599,38.565,38.52,38.52,19132
2026-04-16 14:25:00,38.535,38.535,38.51,38.5102,3092
2026-04-16 14:30:00,38.525,38.57,38.525,38.57,7184
2026-04-16 14:35:00,38.5666,38.5802,38.56,38.5802,6773
2026-04-16 14:40:00,38.5802,38.5999,38.58,38.585,28925
2026-04-16 14:45:00,38.5929,38.6,38.5846,38.5846,3025
2026-04-16 14:50:00,38.5801,38.59,38.5801,38.5835,4576
2026-04-16 14:55:00,38.575,38.58,38.56,38.5651,12312
2026-04-16 15:00:00,38.58,38.6,38.58,38.5901,4341
2026-04-16 15:05:00,38.58,38.585,38.565,38.57,4633
2026-04-16 15:10:00,38.57,38.57,38.55,38.55,5272
2026-04-16 15:15:00,38.575,38.58,38.565,38.58,6446
2026-04-16 15:20:00,38.575,38.58,38.57,38.57,10634
2026-04-16 15:25:00,38.58,38.59,38.58,38.58,8088
2026-04-16 15:30:00,38.58,38.6,38.58,38.6,5325
2026-04-16 15:35:00,38.595,38.605,38.5901,38.6001,14852
2026-04-16 15:40:00,38.61,38.6155,38.6051,38.61,7099
2026-04-16 15:45:00,38.605,38.625,38.605,38.6201,7926
2026-04-16 15:50:00,38.62,38.6279,38.615,38.615,4449
2026-04-16 15:55:00,38.625,38.635,38.62,38.635,14109
2026-04-16 16:00:00,38.64,38.64,38.64,38.64,2725
2026-04-17 08:45:00,38.89,38.89,38.89,38.89,100
2026-04-17 09:30:00,38.93,39,38.93,38.99,25791
2026-04-17 09:35:00,38.995,39.01,38.99,38.99,3716
2026-04-17 09:40:00,38.99,39.01,38.99,39,6690
2026-04-17 09:45:00,39.01,39.035,38.93,39.005,8024
2026-04-17 09:50:00,39.02,39.05,39.02,39.0499,2780
2026-04-17 09:55:00,39.0401,39.07,39.04,39.07,9860
2026-04-17 10:00:00,39.075,39.085,39.07,39.085,3750
2026-04-17 10:05:00,39.0901,39.105,39.08,39.0899,22179
2026-04-17 10:10:00,39.09,39.09,39.075,39.08,7726
2026-04-17 10:15:00,39.085,39.09,39.075,39.08,7975
2026-04-17 10:20:00,39.075,39.095,39.06,39.085,9423
2026-04-17 10:25:00,39.085,39.09,39.075,39.09,3728
2026-04-17 10:30:00,39.095,39.15,39.095,39.13,9699
2026-04-17 10:35:00,39.13,39.145,39.12,39.145,3936
2026-04-17 10:40:00,39.16,39.1858,39.155,39.18,2369
2026-04-17 10:45:00,39.1799,39.195,39.1733,39.195,9971
2026-04-17 10:50:00,39.19,39.195,39.165,39.175,6287
2026-04-17 10:55:00,39.17,39.17,39.1399,39.16,2977
2026-04-17 11:00:00,39.155,39.18,39.14,39.17,6758
2026-04-17 11:05:00,39.17,39.18,39.17,39.175,1268
2026-04-17 11:10:00,39.17,39.17,39.132,39.132,2399
2026-04-17 11:15:00,39.135,39.155,39.125,39.125,2558
2026-04-17 11:20:00,39.11,39.14,39.11,39.14,1996
2026-04-17 11:25:00,39.145,39.145,39.13,39.135,6132
2026-04-17 11:30:00,39.14,39.17,39.13,39.17,12634
2026-04-17 11:35:00,39.17,39.175,39.15,39.165,10898
2026-04-17 11:40:00,39.16,39.16,39.1299,39.13,10996
2026-04-17 11:45:00,39.14,39.165,39.13,39.155,10145
2026-04-17 11:50:00,39.15,39.17,39.15,39.16,10027
2026-04-17 11:55:00,39.165,39.165,39.14,39.14,5813
2026-04-17 12:00:00,39.14,39.165,39.135,39.155,1428
2026-04-17 12:05:00,39.155,39.18,39.155,39.16,8975
2026-04-17 12:10:00,39.17,39.18,39.165,39.175,2976
2026-04-17 12:15:00,39.17,39.17,39.15,39.16,905
2026-04-17 12:20:00,39.15,39.185,39.15,39.18,2253
2026-04-17 12:25:00,39.175,39.18,39.17,39.18,7689
2026-04-17 12:30:00,39.1999,39.2,39.19,39.195,11587
2026-04-17 12:35:00,39.2,39.215,39.2,39.215,13645
2026-04-17 12:40:00,39.215,39.215,39.205,39.215,4715
2026-04-17 12:45:00,39.22,39.2257,39.2151,39.2151,2549
2026-04-17 12:50:00,39.215,39.215,39.2,39.2,1582
2026-04-17 12:55:00,39.2051,39.2051,39.195,39.195,5127
2026-04-17 13:00:00,39.2,39.21,39.19,39.2001,2677
2026-04-17 13:05:00,39.205,39.205,39.14,39.17,11217
2026-04-17 13:10:00,39.155,39.175,39.155,39.165,3223
2026-04-17 13:15:00,39.175,39.175,39.16,39.16,2300
2026-04-17 13:20:00,39.155,39.155,39.065,39.08,4900
2026-04-17 13:25:00,39.09,39.105,39.09,39.0999,1814
2026-04-17 13:30:00,39.11,39.11,39.1,39.105,501
2026-04-17 13:35:00,39.085,39.13,39.085,39.105,1379
2026-04-17 13:40:00,39.12,39.12,39.1,39.105,2050
2026-04-17 13:45:00,39.1198,39.15,39.1198,39.13,11139
2026-04-17 13:50:00,39.13,39.14,39.125,39.135,83636
2026-04-17 13:55:00,39.125,39.1298,39.12,39.125,22743
2026-04-17 14:00:00,39.1199,39.12,39.09,39.1,2967
2026-04-17 14:05:00,39.095,39.0951,39.07,39.07,859
2026-04-17 14:10:00,39.075,39.0799,39.06,39.06,2644
2026-04-17 14:15:00,39.0757,39.0786,39.065,39.065,1935
2026-04-17 14:20:00,39.06,39.075,39.045,39.07,8875
2026-04-17 14:25:00,39.09,39.095,39.065,39.075,4039
2026-04-17 14:30:00,39.0951,39.11,39.085,39.1,6429
2026-04-17 14:35:00,39.0955,39.105,39.09,39.09,3258
2026-04-17 14:40:00,39.09,39.0998,39.0757,39.085,1953
2026-04-17 14:45:00,39.09,39.095,39.085,39.085,2362
2026-04-17 14:50:00,39.08,39.08,39.05,39.06,12577
2026-04-17 14:55:00,39.06,39.085,39.06,39.07,1848
2026-04-17 15:00:00,39.065,39.075,39.06,39.06,6264
2026-04-17 15:05:00,39.065,39.065,39.04,39.05,11017
2026-04-17 15:10:00,39.055,39.055,39.035,39.045,6770
2026-04-17 15:15:00,39.055,39.07,39.055,39.065,6671
2026-04-17 15:20:00,39.07,39.075,39.06,39.065,19291
2026-04-17 15:25:00,39.065,39.07,39.06,39.065,9167
2026-04-17 15:30:00,39.065,39.105,39.065,39.095,8853
2026-04-17 15:35:00,39.095,39.11,39.08,39.11,13985
2026-04-17 15:40:00,39.1,39.125,39.1,39.123,2549
2026-04-17 15:45:00,39.12,39.12,39.09,39.0997,15182
2026-04-17 15:50:00,39.11,39.12,39.105,39.12,9617
2026-04-17 15:55:00,39.11,39.125,39.09,39.09,18950
2026-04-17 16:00:00,39.09,39.09,39.09,39.09,1981
2026-04-20 08:45:00,38.88,38.88,38.88,38.88,200
2026-04-20 09:30:00,39.02,39.06,39.02,39.04,11545
2026-04-20 09:35:00,39.06,39.06,38.98,38.98,1698
2026-04-20 09:40:00,38.98,38.9901,38.97,38.9901,1493
2026-04-20 09:45:00,38.995,39.01,38.97,38.9801,5384
2026-04-20 09:50:00,38.99,39,38.99,39,900
2026-04-20 09:55:00,39.065,39.0703,39.06,39.065,3560
2026-04-20 10:00:00,39.06,39.06,39.035,39.035,17537
2026-04-20 10:05:00,39.04,39.05,39.036,39.036,2749
2026-04-20 10:10:00,39.04,39.04,39,39.03,4937
2026-04-20 10:15:00,39.03,39.03,38.995,39.01,6477
2026-04-20 10:20:00,39.01,39.035,39.004,39.03,4182
2026-04-20 10:25:00,39.0302,39.055,39.01,39.015,3556
2026-04-20 10:30:00,39.01,39.015,38.98,38.98,6436
2026-04-20 10:35:00,38.98,38.995,38.975,38.985,1620
2026-04-20 10:40:00,38.965,38.965,38.95,38.96,1619
2026-04-20 10:45:00,38.95,38.96,38.95,38.96,2084
2026-04-20 10:50:00,38.99,38.995,38.875,38.94,17732
2026-04-20 10:55:00,38.9499,38.9499,38.915,38.915,12090
2026-04-20 11:00:00,38.92,38.93,38.87,38.88,5337
2026-04-20 11:05:00,38.87,38.875,38.85,38.875,11607
2026-04-20 11:10:00,38.905,38.905,38.885,38.89,4673
2026-04-20 11:15:00,38.895,38.9,38.885,38.9,3494
2026-04-20 11:20:00,38.885,38.94,38.885,38.935,3739
2026-04-20 11:25:00,38.945,38.95,38.935,38.95,2365
2026-04-20 11:30:00,38.945,38.9499,38.92,38.93,1355
2026-04-20 11:35:00,38.92,38.93,38.92,38.93,200
2026-04-20 11:40:00,38.9398,38.955,38.925,38.925,3647
2026-04-20 11:45:00,38.93,38.955,38.93,38.95,2280
2026-04-20 11:50:00,38.94,38.945,38.9299,38.945,1375
2026-04-20 11:55:00,38.9491,38.95,38.94,38.945,8759
2026-04-20 12:00:00,38.945,38.945,38.9299,38.9299,2324
2026-04-20 12:05:00,38.9251,38.945,38.9251,38.9401,6303
2026-04-20 12:10:00,38.935,38.95,38.935,38.9401,1997
2026-04-20 12:15:00,38.945,38.945,38.9199,38.92,2995
2026-04-20 12:20:00,38.94,38.94,38.925,38.935,1812
2026-04-20 12:25:00,38.94,38.9465,38.935,38.9465,2013
2026-04-20 12:30:00,38.945,38.945,38.945,38.945,1511
2026-04-20 12:35:00,38.9451,38.9451,38.9327,38.9327,969
2026-04-20 12:40:00,38.93,38.965,38.93,38.965,4536
2026-04-20 12:45:00,38.945,38.945,38.9399,38.9399,796
2026-04-20 12:50:00,38.9401,38.949,38.9348,38.94,2329
2026-04-20 12:55:00,38.935,38.935,38.935,38.935,1510
2026-04-20 13:00:00,38.94,38.945,38.92,38.945,2023
2026-04-20 13:05:00,38.955,38.955,38.955,38.955,562
2026-04-20 13:10:00,38.9551,38.9601,38.945,38.9601,2597
2026-04-20 13:15:00,38.97,38.9798,38.97,38.9798,1630
2026-04-20 13:20:00,38.9798,38.99,38.9757,38.99,470
2026-04-20 13:25:00,38.985,38.985,38.9701,38.975,1629
2026-04-20 13:30:00,38.965,38.965,38.945,38.95,2399
2026-04-20 13:35:00,38.96,38.9659,38.95,38.965,15797
2026-04-20 13:40:00,38.97,38.97,38.95,38.965,3471
2026-04-20 13:45:00,38.965,38.965,38.955,38.965,2503
2026-04-20 13:50:00,38.9654,38.9699,38.9643,38.9699,83281
2026-04-20 13:55:00,38.97,38.97,38.945,38.95,8768
2026-04-20 14:00:00,38.935,38.945,38.93,38.935,14072
2026-04-20 14:05:00,38.94,38.96,38.94,38.96,3958
2026-04-20 14:10:00,38.9502,38.96,38.94,38.96,22858
2026-04-20 14:15:00,38.965,38.9676,38.9602,38.965,4379
2026-04-20 14:20:00,38.97,38.98,38.97,38.98,1760
2026-04-20 14:25:00,38.985,38.985,38.955,38.96,11666
2026-04-20 14:30:00,38.9598,38.969,38.95,38.962,5833
2026-04-20 14:35:00,38.965,38.9664,38.955,38.955,4582
2026-04-20 14:40:00,38.955,38.9651,38.955,38.955,3998
2026-04-20 14:45:00,38.95,38.965,38.945,38.965,578
2026-04-20 14:50:00,38.97,38.9794,38.9666,38.975,2262
2026-04-20 14:55:00,38.9745,38.975,38.9534,38.9534,1554
2026-04-20 15:00:00,38.96,38.9699,38.955,38.9597,2753
2026-04-20 15:05:00,38.955,38.975,38.955,38.975,2364
2026-04-20 15:10:00,38.97,38.975,38.965,38.9651,10670
2026-04-20 15:15:00,38.965,38.965,38.9501,38.9501,3195
2026-04-20 15:20:00,38.955,38.9599,38.955,38.955,1934
2026-04-20 15:25:00,38.9551,38.9551,38.94,38.95,2415
2026-04-20 15:30:00,38.9401,38.9555,38.935,38.935,6528
2026-04-20 15:35:00,38.935,38.945,38.935,38.9444,6130
2026-04-20 15:40:00,38.945,38.945,38.9201,38.9201,6407
2026-04-20 15:45:00,38.9251,38.93,38.92,38.9299,24092
2026-04-20 15:50:00,38.93,38.94,38.925,38.94,11972
2026-04-20 15:55:00,38.93,38.98,38.92,38.98,14127
2026-04-20 16:00:00,38.99,38.99,38.99,38.99,3971
2026-04-21 09:25:00,39.14,39.14,39.14,39.14,1500
2026-04-21 09:30:00,39.15,39.15,39.05,39.05,14411
2026-04-21 09:35:00,39.05,39.05,39.025,39.035,11722
2026-04-21 09:40:00,39.04,39.075,39.04,39.075,3754
2026-04-21 09:45:00,39.075,39.16,39.075,39.16,2099
2026-04-21 09:50:00,39.14,39.16,39.135,39.16,2074
2026-04-21 09:55:00,39.165,39.1868,39.163,39.1868,6622
2026-04-21 10:00:00,39.175,39.2,39.1501,39.19,1524
2026-04-21 10:05:00,39.18,39.205,39.18,39.205,776
2026-04-21 10:10:00,39.2121,39.22,39.21,39.2101,2476
2026-04-21 10:15:00,39.21,39.23,39.2058,39.21,1324
2026-04-21 10:20:00,39.19,39.195,39.18,39.185,4381
2026-04-21 10:25:00,39.19,39.2101,39.19,39.205,1603
2026-04-21 10:30:00,39.22,39.22,39.2,39.21,6750
2026-04-21 10:35:00,39.21,39.21,39.18,39.18,1470
2026-04-21 10:40:00,39.17,39.185,39.165,39.1698,9165
2026-04-21 10:45:00,39.1552,39.1552,39.095,39.105,9032
2026-04-21 10:50:00,39.0997,39.1099,39.085,39.105,28535
2026-04-21 10:55:00,39.09,39.09,39.0798,39.08,660
2026-04-21 11:00:00,39,39,38.965,38.985,4085
2026-04-21 11:05:00,38.98,39.02,38.965,39.02,1545
2026-04-21 11:10:00,39.035,39.04,39.02,39.03,1489
2026-04-21 11:15:00,39.035,39.04,39.005,39.03,4831
2026-04-21 11:20:00,39.03,39.03,38.995,38.995,2486
2026-04-21 11:25:00,38.985,38.985,38.9529,38.97,2430
2026-04-21 11:30:00,38.97,38.991,38.97,38.975,4182
2026-04-21 11:35:00,38.97,38.97,38.945,38.9641,1458
2026-04-21 11:40:00,38.965,38.975,38.96,38.975,13149
2026-04-21 11:45:00,38.99,39.01,38.975,39.01,4936
2026-04-21 11:50:00,38.97,38.98,38.965,38.97,4953
2026-04-21 11:55:00,38.975,38.9999,38.97,38.985,5553
2026-04-21 12:00:00,38.99,39.04,38.99,39.005,4464
2026-04-21 12:05:00,39.005,39.03,39.005,39.03,1099
2026-04-21 12:10:00,39.025,39.025,38.985,38.995,4145
2026-04-21 12:15:00,38.995,39.025,38.995,39.015,1479
2026-04-21 12:20:00,39.0001,39.0001,38.98,38.98,576
2026-04-21 12:25:00,38.98,38.98,38.96,38.965,7953
2026-04-21 12:30:00,38.9651,38.995,38.9651,38.995,5417
2026-04-21 12:35:00,39,39.0057,38.96,38.965,9049
2026-04-21 12:40:00,38.965,38.965,38.955,38.9598,1790
2026-04-21 12:45:00,38.9499,38.9699,38.9499,38.9699,2317
2026-04-21 12:50:00,38.97,38.97,38.94,38.945,4234
2026-04-21 12:55:00,38.938,38.938,38.905,38.905,3398
2026-04-21 13:00:00,38.925,38.95,38.925,38.93,1120
2026-04-21 13:05:00,38.93,38.93,38.88,38.88,1436
2026-04-21 13:10:00,38.9,38.9,38.85,38.86,12231
2026-04-21 13:15:00,38.855,38.865,38.835,38.835,3485
2026-04-21 13:20:00,38.8343,38.845,38.82,38.845,1430
2026-04-21 13:25:00,38.865,38.865,38.86,38.86,447
2026-04-21 13:30:00,38.875,38.895,38.875,38.89,35675
2026-04-21 13:35:00,38.875,38.965,38.875,38.95,14862
2026-04-21 13:40:00,38.95,38.98,38.935,38.954,7738
2026-04-21 13:45:00,38.935,38.94,38.93,38.94,13746
2026-04-21 13:50:00,38.9448,38.945,38.925,38.925,989
2026-04-21 13:55:00,38.92,38.92,38.905,38.9058,1854
2026-04-21 14:00:00,38.9382,38.955,38.9382,38.94,1098
2026-04-21 14:05:00,38.92,38.94,38.91,38.91,8790
2026-04-21 14:10:00,38.9,38.905,38.895,38.905,800
2026-04-21 14:15:00,38.915,38.93,38.87,38.88,11857
2026-04-21 14:20:00,38.88,38.885,38.87,38.875,5157
2026-04-21 14:25:00,38.885,38.89,38.8707,38.875,16120
2026-04-21 14:30:00,38.8966,38.9152,38.885,38.9152,2542
2026-04-21 14:35:00,38.915,38.915,38.8814,38.89,3129
2026-04-21 14:40:00,38.89,38.9,38.89,38.9,829
2026-04-21 14:45:00,38.9,38.9,38.88,38.88,5988
2026-04-21 14:50:00,38.87,38.97,38.87,38.97,23203
2026-04-21 14:55:00,38.96,38.985,38.9105,38.925,3768
2026-04-21 15:00:00,38.97,38.98,38.955,38.965,5014
2026-04-21 15:05:00,38.98,38.99,38.975,38.985,3222
2026-04-21 15:10:00,38.985,39.02,38.96,38.965,15668
2026-04-21 15:15:00,38.985,38.99,38.97,38.975,8957
2026-04-21 15:20:00,38.985,39.04,38.985,39.04,11863
2026-04-21 15:25:00,39.04,39.045,39.0301,39.0359,1844
2026-04-21 15:30:00,39.0401,39.06,39.035,39.035,3239
2026-04-21 15:35:00,39.01,39.01,38.94,38.95,5233
2026-04-21 15:40:00,38.965,38.97,38.78,38.8,11355
2026-04-21 15:45:00,38.805,38.86,38.805,38.835,3412
2026-04-21 15:50:00,38.87,38.88,38.81,38.83,9854
2026-04-21 15:55:00,38.82,38.86,38.82,38.85,18095
2026-04-21 16:00:00,38.84,38.84,38.84,38.84,3819
2026-04-22 09:30:00,39.13,39.13,39.045,39.045,9588
2026-04-22 09:35:00,39.03,39.08,39.03,39.07,3801
2026-04-22 09:40:00,39.07,39.07,39.03,39.05,25095
2026-04-22 09:45:00,39.055,39.09,39.04,39.055,2549
2026-04-22 09:50:00,39.05,39.085,39.04,39.085,8537
2026-04-22 09:55:00,39.08,39.085,39.07,39.075,4543
2026-04-22 10:00:00,39.095,39.12,39.09,39.1,6171
2026-04-22 10:05:00,39.09,39.12,39.0699,39.115,4018
2026-04-22 10:10:00,39.125,39.13,39.105,39.115,7507
2026-04-22 10:15:00,39.1254,39.14,39.1199,39.1199,7101
2026-04-22 10:20:00,39.1351,39.14,39.1297,39.1297,4251
2026-04-22 10:25:00,39.1303,39.1799,39.1303,39.17,4527
2026-04-22 10:30:00,39.15,39.15,39.11,39.11,2468
2026-04-22 10:35:00,39.101,39.15,39.0999,39.15,5798
2026-04-22 10:40:00,39.15,39.16,39.11,39.11,1063
2026-04-22 10:45:00,39.1101,39.135,39.11,39.13,8235
2026-04-22 10:50:00,39.14,39.14,39.1,39.115,3498
2026-04-22 10:55:00,39.12,39.135,39.11,39.135,5562
2026-04-22 11:00:00,39.135,39.135,39.085,39.09,9031
2026-04-22 11:05:00,39.1001,39.14,39.095,39.14,4985
2026-04-22 11:10:00,39.145,39.1557,39.135,39.135,6449
2026-04-22 11:15:00,39.13,39.135,39.11,39.135,1578
2026-04-22 11:20:00,39.14,39.165,39.14,39.16,6261
2026-04-22 11:25:00,39.155,39.165,39.1342,39.16,5259
2026-04-22 11:30:00,39.155,39.16,39.13,39.13,3868
2026-04-22 11:35:00,39.125,39.13,39.1159,39.125,4749
2026-04-22 11:40:00,39.115,39.1301,39.105,39.105,1851
2026-04-22 11:45:00,39.1172,39.1258,39.1102,39.1258,3363
2026-04-22 11:50:00,39.12,39.12,39.1001,39.11,1730
2026-04-22 11:55:00,39.115,39.13,39.11,39.11,1241
2026-04-22 12:00:00,39.12,39.125,39.105,39.1101,1288
2026-04-22 12:05:00,39.1399,39.1399,39.1198,39.13,8199
2026-04-22 12:10:00,39.13,39.135,39.115,39.135,3203
2026-04-22 12:15:00,39.135,39.135,39.125,39.125,2782
2026-04-22 12:20:00,39.115,39.1299,39.115,39.12,3205
2026-04-22 12:25:00,39.11,39.11,39.09,39.09,955
2026-04-22 12:30:00,39.09,39.1,39.08,39.0975,1198
2026-04-22 12:35:00,39.1,39.1,39.0899,39.0999,1936
2026-04-22 12:40:00,39.11,39.115,39.085,39.09,1485
2026-04-22 12:45:00,39.08,39.09,39.07,39.09,5988
2026-04-22 12:50:00,39.09,39.095,39.085,39.085,2250
2026-04-22 12:55:00,39.09,39.09,39.07,39.07,2687
2026-04-22 13:00:00,39.0701,39.1071,39.0701,39.1,3002
2026-04-22 13:05:00,39.12,39.12,39.1034,39.1076,3178
2026-04-22 13:10:00,39.13,39.1534,39.1299,39.1299,1305
2026-04-22 13:15:00,39.1202,39.1202,39.11,39.11,453
2026-04-22 13:20:00,39.13,39.145,39.12,39.12,2836
2026-04-22 13:25:00,39.12,39.12,39.105,39.105,3071
2026-04-22 13:30:00,39.12,39.125,39.12,39.12,2879
2026-04-22 13:35:00,39.115,39.1201,39.11,39.1126,2760
2026-04-22 13:40:00,39.1254,39.1254,39.12,39.12,1025
2026-04-22 13:45:00,39.13,39.135,39.11,39.12,6684
2026-04-22 13:50:00,39.125,39.14,39.125,39.13,43462
2026-04-22 13:55:00,39.125,39.125,39.115,39.115,3213
2026-04-22 14:00:00,39.11,39.12,39.11,39.12,4470
2026-04-22 14:05:00,39.1198,39.12,39.1198,39.12,937
2026-04-22 14:10:00,39.1101,39.12,39.1101,39.115,1167
2026-04-22 14:15:00,39.11,39.11,39.1,39.1,833
2026-04-22 14:20:00,39.1,39.1,39.0701,39.0799,3131
2026-04-22 14:25:00,39.09,39.1,39.09,39.1,1416
2026-04-22 14:30:00,39.1,39.125,39.1,39.12,1686
2026-04-22 14:35:00,39.125,39.125,39.12,39.12,1840
2026-04-22 14:40:00,39.1201,39.1259,39.11,39.125,5023
2026-04-22 14:45:00,39.125,39.1387,39.12,39.1387,5512
2026-04-22 14:50:00,39.135,39.145,39.13,39.1301,1535
2026-04-22 14:55:00,39.125,39.135,39.1199,39.125,3053
2026-04-22 15:00:00,39.12,39.12,39.105,39.1112,4696
2026-04-22 15:05:00,39.1199,39.14,39.1158,39.14,15104
2026-04-22 15:10:00,39.14,39.15,39.14,39.15,4434
2026-04-22 15:15:00,39.15,39.17,39.145,39.17,8738
2026-04-22 15:20:00,39.17,39.17,39.155,39.16,2216
2026-04-22 15:25:00,39.16,39.18,39.16,39.17,5160
2026-04-22 15:30:00,39.165,39.18,39.155,39.155,6902
2026-04-22 15:35:00,39.15,39.175,39.14,39.17,2649
2026-04-22 15:40:00,39.1659,39.18,39.165,39.1701,6838
2026-04-22 15:45:00,39.18,39.19,39.18,39.1899,3341
2026-04-22 15:50:00,39.2,39.24,39.18,39.24,10606
2026-04-22 15:55:00,39.24,39.24,39.21,39.23,28716
2026-04-22 16:00:00,39.24,39.24,39.24,39.24,16669
2026-04-23 09:30:00,39.11,39.11,39.06,39.06,9893
2026-04-23 09:35:00,39.075,39.1,39.065,39.08,6445
2026-04-23 09:40:00,39.09,39.0998,39.09,39.0998,455
2026-04-23 09:45:00,39.09,39.125,39.085,39.11,2528
2026-04-23 09:50:00,39.0999,39.0999,39.06,39.065,1554
2026-04-23 09:55:00,39.07,39.075,39.06,39.06,1305
2026-04-23 10:00:00,39.045,39.0699,39,39.05,2852
2026-04-23 10:05:00,39.05,39.065,39.05,39.05,1147
2026-04-23 10:10:00,39.07,39.08,39.06,39.0733,8041
2026-04-23 10:15:00,39.115,39.115,39.08,39.085,5519
2026-04-23 10:20:00,39.0863,39.1099,39.0801,39.1099,7091
2026-04-23 10:25:00,39.1097,39.115,39.09,39.0999,3112
2026-04-23 10:30:00,39.12,39.1362,39.12,39.1299,5483
2026-04-23 10:35:00,39.12,39.12,39.1,39.1,12735
2026-04-23 10:40:00,39.1025,39.12,39.1,39.12,13287
2026-04-23 10:45:00,39.125,39.14,39.115,39.115,8579
2026-04-23 10:50:00,39.125,39.139,39.125,39.1266,2088
2026-04-23 10:55:00,39.15,39.165,39.15,39.155,10134
2026-04-23 11:00:00,39.165,39.165,39.1366,39.1366,8791
2026-04-23 11:05:00,39.1302,39.1302,39.12,39.12,5635
2026-04-23 11:10:00,39.135,39.14,39.12,39.12,3681
2026-04-23 11:15:00,39.105,39.1679,39.105,39.165,5235
2026-04-23 11:20:00,39.165,39.169,39.1501,39.169,2362
2026-04-23 11:25:00,39.16,39.16,39.155,39.155,1276
2026-04-23 11:30:00,39.155,39.16,39.1401,39.155,5984
2026-04-23 11:35:00,39.155,39.155,39.1232,39.1232,6393
2026-04-23 11:40:00,39.1298,39.145,39.1298,39.14,5904
2026-04-23 11:45:00,39.11,39.113,39.09,39.11,11395
2026-04-23 11:50:00,39.085,39.085,39.068,39.068,17679
2026-04-23 11:55:00,39.09,39.1002,39.085,39.09,2350
2026-04-23 12:00:00,39.095,39.095,39.065,39.065,858
2026-04-23 12:05:00,39.055,39.072,39.055,39.07,669
2026-04-23 12:10:00,39.07,39.0802,39.06,39.08,922
2026-04-23 12:15:00,39.085,39.09,39.075,39.08,2350
2026-04-23 12:20:00,39.085,39.085,39.065,39.0789,3754
2026-04-23 12:25:00,39.065,39.065,39.065,39.065,100
2026-04-23 12:30:00,39.0642,39.085,39.0642,39.085,2401
2026-04-23 12:35:00,39.085,39.085,39.065,39.07,3473
2026-04-23 12:40:00,39.06,39.085,39.06,39.085,2011
2026-04-23 12:45:00,39.07,39.07,39.055,39.055,2230
2026-04-23 12:50:00,39.07,39.07,39.07,39.07,100
2026-04-23 12:55:00,39.065,39.08,39.055,39.06,6866
2026-04-23 13:00:00,39.0745,39.0745,38.98,38.98,10076
2026-04-23 13:05:00,38.9858,38.9858,38.9147,38.92,2871
2026-04-23 13:10:00,38.9,38.92,38.9,38.905,2322
2026-04-23 13:15:00,38.8966,38.8966,38.84,38.84,4624
2026-04-23 13:20:00,38.835,38.835,38.815,38.82,11512
2026-04-23 13:25:00,38.82,38.82,38.805,38.81,3310
2026-04-23 13:30:00,38.8299,38.8699,38.795,38.8699,2475
2026-04-23 13:35:00,38.865,38.865,38.775,38.795,10615
2026-04-23 13:40:00,38.75,38.75,38.655,38.665,7228
2026-04-23 13:45:00,38.65,38.67,38.638,38.65,2026
2026-04-23 13:50:00,38.655,38.8301,38.64,38.78,11475
2026-04-23 13:55:00,38.8,38.86,38.795,38.845,29769
2026-04-23 14:00:00,38.845,38.89,38.84,38.862,18272
2026-04-23 14:05:00,38.85,38.895,38.85,38.88,52785
2026-04-23 14:10:00,38.875,38.91,38.8699,38.88,6651
2026-04-23 14:15:00,38.89,38.925,38.89,38.9202,5727
2026-04-23 14:20:00,38.92,38.93,38.9,38.9203,6089
2026-04-23 14:25:00,38.9203,38.93,38.915,38.925,3143
2026-04-23 14:30:00,38.96,38.98,38.9501,38.975,2439
2026-04-23 14:35:00,38.9811,38.99,38.97,38.97,2709
2026-04-23 14:40:00,38.9654,38.9654,38.93,38.95,1924
2026-04-23 14:45:00,38.95,38.95,38.92,38.9203,6185
2026-04-23 14:50:00,38.92,38.93,38.905,38.9298,6469
2026-04-23 14:55:00,38.915,38.915,38.87,38.87,5297
2026-04-23 15:00:00,38.885,38.8951,38.88,38.8902,7588
2026-04-23 15:05:00,38.904,38.935,38.904,38.9242,9433
2026-04-23 15:10:00,38.925,38.94,38.915,38.94,11551
2026-04-23 15:15:00,38.95,38.97,38.95,38.96,9266
2026-04-23 15:20:00,38.9659,38.9659,38.95,38.955,29397
2026-04-23 15:25:00,38.955,38.97,38.9501,38.97,6580
2026-04-23 15:30:00,38.9698,38.99,38.96,38.96,14467
2026-04-23 15:35:00,38.915,38.9498,38.915,38.94,3040
2026-04-23 15:40:00,38.96,38.9659,38.92,38.92,2921
2026-04-23 15:45:00,38.935,38.945,38.925,38.945,9354
2026-04-23 15:50:00,38.91,38.97,38.89,38.96,30900
2026-04-23 15:55:00,38.96,38.9965,38.9565,38.99,1523
2026-04-23 16:00:00,38.97,38.97,38.97,38.97,207
2026-04-24 09:30:00,39.2,39.2097,39.111,39.13,16120
2026-04-24 09:35:00,39.14,39.1499,39.12,39.14,3075
2026-04-24 09:40:00,39.1598,39.17,39.12,39.12,5759
2026-04-24 09:45:00,39.13,39.17,39.125,39.17,2163
2026-04-24 09:50:00,39.19,39.2,39.13,39.13,1865
2026-04-24 09:55:00,39.13,39.1751,39.13,39.1751,2073
2026-04-24 10:00:00,39.16,39.175,39.13,39.17,9639
2026-04-24 10:05:00,39.1899,39.205,39.165,39.205,4776
2026-04-24 10:10:00,39.1901,39.24,39.19,39.225,4371
2026-04-24 10:15:00,39.215,39.23,39.2,39.225,3251
2026-04-24 10:20:00,39.24,39.24,39.225,39.235,2953
2026-04-24 10:25:00,39.2379,39.2379,39.19,39.22,23038
2026-04-24 10:30:00,39.215,39.215,39.185,39.1976,2055
2026-04-24 10:35:00,39.2299,39.25,39.2199,39.235,5671
2026-04-24 10:40:00,39.2401,39.2501,39.23,39.25,2833
2026-04-24 10:45:00,39.25,39.265,39.2299,39.2299,1800
2026-04-24 10:50:00,39.23,39.23,39.23,39.23,253
2026-04-24 10:55:00,39.24,39.255,39.24,39.25,2754
2026-04-24 11:00:00,39.25,39.255,39.245,39.25,3972
2026-04-24 11:05:00,39.2402,39.262,39.235,39.262,8101
2026-04-24 11:10:00,39.267,39.27,39.26,39.27,3918
2026-04-24 11:15:00,39.27,39.2703,39.265,39.27,5884
2026-04-24 11:20:00,39.29,39.295,39.2833,39.29,4033
2026-04-24 11:25:00,39.28,39.28,39.255,39.26,7106
2026-04-24 11:30:00,39.28,39.28,39.2798,39.28,1609
2026-04-24 11:35:00,39.26,39.275,39.26,39.27,2927
2026-04-24 11:40:00,39.285,39.37,39.28,39.37,11032
2026-04-24 11:45:00,39.375,39.4,39.32,39.36,13580
2026-04-24 11:50:00,39.37,39.405,39.37,39.3951,7546
2026-04-24 11:55:00,39.4,39.405,39.38,39.38,2461
2026-04-24 12:00:00,39.4,39.4,39.38,39.39,14796
2026-04-24 12:05:00,39.4,39.4,39.3599,39.365,7052
2026-04-24 12:10:00,39.37,39.39,39.37,39.38,9181
2026-04-24 12:15:00,39.365,39.3799,39.365,39.3799,2354
2026-04-24 12:20:00,39.375,39.3899,39.3698,39.3698,1919
2026-04-24 12:25:00,39.39,39.39,39.3697,39.37,1834
2026-04-24 12:30:00,39.385,39.4087,39.37,39.385,2857
2026-04-24 12:35:00,39.38,39.3899,39.375,39.38,1472
2026-04-24 12:40:00,39.374,39.374,39.36,39.36,852
2026-04-24 12:45:00,39.365,39.375,39.365,39.37,1913
2026-04-24 12:50:00,39.375,39.39,39.3701,39.382,8969
2026-04-24 12:55:00,39.395,39.4,39.39,39.4,3531
2026-04-24 13:00:00,39.4,39.41,39.4,39.4,2497
2026-04-24 13:05:00,39.395,39.395,39.38,39.3899,670
2026-04-24 13:10:00,39.385,39.39,39.38,39.38,1527
2026-04-24 13:15:00,39.38,39.38,39.37,39.37,5960
2026-04-24 13:20:00,39.37,39.37,39.35,39.35,767
2026-04-24 13:25:00,39.37,39.37,39.365,39.365,3587
2026-04-24 13:30:00,39.36,39.36,39.345,39.35,2761
2026-04-24 13:35:00,39.375,39.3899,39.375,39.375,1462
2026-04-24 13:40:00,39.37,39.3915,39.37,39.3915,1195
2026-04-24 13:45:00,39.39,39.39,39.38,39.385,6434
2026-04-24 13:50:00,39.385,39.43,39.385,39.41,50215
2026-04-24 13:55:00,39.4,39.4,39.395,39.395,5698
2026-04-24 14:00:00,39.385,39.396,39.385,39.385,3048
2026-04-24 14:05:00,39.38,39.38,39.3698,39.3698,2120
2026-04-24 14:10:00,39.385,39.385,39.365,39.37,6772
2026-04-24 14:15:00,39.38,39.38,39.35,39.365,1769
2026-04-24 14:20:00,39.36,39.36,39.3501,39.3599,6492
2026-04-24 14:25:00,39.355,39.37,39.3501,39.3572,4272
2026-04-24 14:30:00,39.355,39.3702,39.355,39.3702,1258
2026-04-24 14:35:00,39.385,39.3999,39.384,39.385,1927
2026-04-24 14:40:00,39.395,39.3974,39.3799,39.3857,3538
2026-04-24 14:45:00,39.38,39.385,39.3799,39.385,650
2026-04-24 14:50:00,39.385,39.385,39.38,39.38,540
2026-04-24 14:55:00,39.3888,39.3959,39.3881,39.3959,3570
2026-04-24 15:00:00,39.395,39.405,39.395,39.4,1808
2026-04-24 15:05:00,39.405,39.415,39.405,39.415,600
2026-04-24 15:10:00,39.42,39.43,39.42,39.4246,3747
2026-04-24 15:15:00,39.435,39.44,39.43,39.43,56734
2026-04-24 15:20:00,39.43,39.43,39.4002,39.4002,9394
2026-04-24 15:25:00,39.395,39.395,39.38,39.395,5908
2026-04-24 15:30:00,39.39,39.3999,39.38,39.385,11336
2026-04-24 15:35:00,39.385,39.385,39.365,39.38,7018
2026-04-24 15:40:00,39.39,39.405,39.39,39.395,3139
2026-04-24 15:45:00,39.39,39.405,39.39,39.405,3912
2026-04-24 15:50:00,39.41,39.415,39.39,39.41,111319
2026-04-24 15:55:00,39.42,39.4399,39.4,39.4,24591
2026-04-24 16:00:00,39.43,39.43,39.43,39.43,3036
2026-04-24 18:20:00,38.9,38.9,38.9,38.9,500
2026-04-27 04:05:00,39.45,39.45,39.45,39.45,130
2026-04-27 09:30:00,39.34,39.41,39.34,39.34,12615
2026-04-27 09:35:00,39.38,39.415,39.37,39.415,22341
2026-04-27 09:40:00,39.42,39.42,39.39,39.405,3299
2026-04-27 09:45:00,39.405,39.41,39.365,39.3699,3565
2026-04-27 09:50:00,39.36,39.39,39.35,39.39,3024
2026-04-27 09:55:00,39.3999,39.3999,39.3932,39.3932,3726
2026-04-27 10:00:00,39.39,39.395,39.38,39.39,2595
2026-04-27 10:05:00,39.38,39.4,39.375,39.3801,1127
2026-04-27 10:10:00,39.36,39.385,39.36,39.375,1343
2026-04-27 10:15:00,39.385,39.385,39.37,39.375,838
2026-04-27 10:20:00,39.39,39.3997,39.39,39.395,2099
2026-04-27 10:25:00,39.41,39.41,39.395,39.395,1102
2026-04-27 10:30:00,39.395,39.395,39.3798,39.38,1816
2026-04-27 10:35:00,39.3998,39.45,39.3998,39.4,5226
2026-04-27 10:40:00,39.4,39.41,39.3899,39.41,2918
2026-04-27 10:45:00,39.41,39.41,39.39,39.39,1528
2026-04-27 10:50:00,39.41,39.41,39.385,39.405,4157
2026-04-27 10:55:00,39.41,39.42,39.4,39.42,2862
2026-04-27 11:00:00,39.43,39.44,39.3665,39.3665,20868
2026-04-27 11:05:00,39.3865,39.3865,39.37,39.3799,1180
2026-04-27 11:10:00,39.375,39.375,39.35,39.35,6101
2026-04-27 11:15:00,39.35,39.36,39.3451,39.3451,855
2026-04-27 11:20:00,39.345,39.345,39.31,39.31,3762
2026-04-27 11:25:00,39.325,39.345,39.31,39.345,4274
2026-04-27 11:30:00,39.35,39.36,39.34,39.34,3360
2026-04-27 11:35:00,39.34,39.3415,39.33,39.33,1027
2026-04-27 11:40:00,39.3299,39.35,39.3299,39.335,23320
2026-04-27 11:45:00,39.3342,39.34,39.3297,39.33,4278
2026-04-27 11:50:00,39.32,39.33,39.3158,39.32,54322
2026-04-27 11:55:00,39.33,39.34,39.33,39.335,602
2026-04-27 12:00:00,39.34,39.34,39.32,39.325,41830
2026-04-27 12:05:00,39.335,39.35,39.335,39.3466,3434
2026-04-27 12:10:00,39.35,39.36,39.345,39.35,5354
2026-04-27 12:15:00,39.355,39.37,39.355,39.36,3155
2026-04-27 12:20:00,39.36,39.3666,39.355,39.355,5483
2026-04-27 12:25:00,39.355,39.36,39.3499,39.3499,13499
2026-04-27 12:30:00,39.355,39.36,39.35,39.36,3526
2026-04-27 12:35:00,39.36,39.36,39.355,39.355,1241
2026-04-27 12:40:00,39.355,39.36,39.35,39.35,7195
2026-04-27 12:45:00,39.36,39.36,39.355,39.36,1174
2026-04-27 12:50:00,39.36,39.36,39.35,39.35,3143
2026-04-27 12:55:00,39.35,39.35,39.34,39.3401,5529
2026-04-27 13:00:00,39.36,39.365,39.355,39.36,9191
2026-04-27 13:05:00,39.359,39.36,39.3551,39.3551,1018
2026-04-27 13:10:00,39.36,39.37,39.3545,39.365,2168
2026-04-27 13:15:00,39.36,39.36,39.3499,39.355,1964
2026-04-27 13:20:00,39.355,39.38,39.355,39.37,3551
2026-04-27 13:25:00,39.37,39.38,39.37,39.38,7785
2026-04-27 13:30:00,39.39,39.3999,39.38,39.3999,3572
2026-04-27 13:35:00,39.3966,39.3966,39.37,39.37,733
2026-04-27 13:40:00,39.3697,39.39,39.365,39.375,39033
2026-04-27 13:45:00,39.3757,39.385,39.3757,39.384,3430
2026-04-27 13:50:00,39.38,39.39,39.365,39.365,4544
2026-04-27 13:55:00,39.3699,39.375,39.365,39.375,1557
2026-04-27 14:00:00,39.37,39.375,39.37,39.37,2993
2026-04-27 14:05:00,39.365,39.375,39.365,39.37,2417
2026-04-27 14:10:00,39.375,39.375,39.37,39.375,8951
2026-04-27 14:15:00,39.375,39.38,39.3701,39.38,3025
2026-04-27 14:20:00,39.375,39.375,39.37,39.37,498
2026-04-27 14:25:00,39.375,39.375,39.365,39.37,3829
2026-04-27 14:30:00,39.375,39.385,39.37,39.385,29217
2026-04-27 14:35:00,39.385,39.3899,39.383,39.383,8299
2026-04-27 14:40:00,39.38,39.38,39.359,39.359,4882
2026-04-27 14:45:00,39.3599,39.365,39.3599,39.365,10962
2026-04-27 14:50:00,39.365,39.365,39.355,39.355,2719
2026-04-27 14:55:00,39.355,39.365,39.355,39.36,4326
2026-04-27 15:00:00,39.355,39.358,39.345,39.345,8144
2026-04-27 15:05:00,39.34,39.34,39.33,39.34,57857
2026-04-27 15:10:00,39.335,39.345,39.335,39.345,1900
2026-04-27 15:15:00,39.3499,39.3499,39.335,39.3401,10274
2026-04-27 15:20:00,39.345,39.345,39.33,39.33,4457
2026-04-27 15:25:00,39.345,39.3499,39.3401,39.3451,3189
2026-04-27 15:30:00,39.345,39.35,39.34,39.345,4416
2026-04-27 15:35:00,39.345,39.355,39.33,39.345,2775
2026-04-27 15:40:00,39.35,39.355,39.34,39.355,9340
2026-04-27 15:45:00,39.355,39.37,39.355,39.37,5676
2026-04-27 15:50:00,39.37,39.37,39.34,39.34,14996
2026-04-27 15:55:00,39.3301,39.335,39.31,39.32,16204
2026-04-27 16:00:00,39.33,39.33,39.33,39.33,5590
2026-04-28 09:30:00,39.14,39.17,39.02,39.135,18512
2026-04-28 09:35:00,39.14,39.15,39.13,39.145,1842
2026-04-28 09:40:00,39.14,39.185,39.14,39.175,3794
2026-04-28 09:45:00,39.17,39.2099,39.17,39.185,8835
2026-04-28 09:50:00,39.19,39.2,39.155,39.155,7327
2026-04-28 09:55:00,39.13,39.135,39.12,39.135,2819
2026-04-28 10:00:00,39.13,39.15,39.11,39.15,1162
2026-04-28 10:05:00,39.17,39.1975,39.17,39.1899,2249
2026-04-28 10:10:00,39.1765,39.19,39.15,39.16,3678
2026-04-28 10:15:00,39.165,39.17,39.155,39.165,1133
2026-04-28 10:20:00,39.16,39.175,39.145,39.155,15538
2026-04-28 10:25:00,39.1598,39.1601,39.14,39.1555,2396
2026-04-28 10:30:00,39.14,39.145,39.1199,39.125,853
2026-04-28 10:35:00,39.1199,39.1199,39.07,39.07,2118
2026-04-28 10:40:00,39.07,39.1156,39.065,39.105,3233
2026-04-28 10:45:00,39.1135,39.12,39.08,39.11,7291
2026-04-28 10:50:00,39.06,39.1,39.06,39.08,6268
2026-04-28 10:55:00,39.075,39.11,39.075,39.11,4717
2026-04-28 11:00:00,39.1424,39.1499,39.135,39.135,1407
2026-04-28 11:05:00,39.135,39.135,39.1099,39.1099,1711
2026-04-28 11:10:00,39.1099,39.1301,39.1099,39.1301,1244
2026-04-28 11:15:00,39.13,39.14,39.122,39.1299,9485
2026-04-28 11:20:00,39.125,39.125,39.095,39.105,2331
2026-04-28 11:25:00,39.1,39.1,39.085,39.085,1788
2026-04-28 11:30:00,39.0799,39.0799,39.07,39.0799,1577
2026-04-28 11:35:00,39.075,39.1,39.07,39.1,6838
2026-04-28 11:40:00,39.085,39.09,39.0799,39.0801,3039
2026-04-28 11:45:00,39.075,39.08,39.065,39.0785,1774
2026-04-28 11:50:00,39.08,39.08,39.08,39.08,100
2026-04-28 11:55:00,39.085,39.09,39.085,39.085,3824
2026-04-28 12:00:00,39.08,39.095,39.08,39.095,2080
2026-04-28 12:05:00,39.0951,39.115,39.09,39.09,4611
2026-04-28 12:10:00,39.11,39.11,39.11,39.11,100
2026-04-28 12:15:00,39.095,39.11,39.095,39.11,3998
2026-04-28 12:20:00,39.105,39.1199,39.105,39.1199,1136
2026-04-28 12:25:00,39.1,39.1051,39.1,39.105,715
2026-04-28 12:30:00,39.115,39.115,39.085,39.085,2966
2026-04-28 12:35:00,39.07,39.075,39.07,39.075,2474
2026-04-28 12:40:00,39.06,39.065,39.06,39.065,840
2026-04-28 12:45:00,39.0555,39.08,39.0555,39.0654,26750
2026-04-28 12:50:00,39.0699,39.09,39.0699,39.09,1653
2026-04-28 12:55:00,39.095,39.095,39.08,39.08,2018
2026-04-28 13:00:00,39.085,39.11,39.065,39.0699,26447
2026-04-28 13:05:00,39.06,39.08,39.06,39.08,931
2026-04-28 13:10:00,39.08,39.0899,39.075,39.0799,21428
2026-04-28 13:15:00,39.07,39.075,39.065,39.065,3794
2026-04-28 13:20:00,39.065,39.075,39.0601,39.07,2047
2026-04-28 13:25:00,39.08,39.095,39.072,39.085,2499
2026-04-28 13:30:00,39.089,39.0951,39.085,39.0951,3162
2026-04-28 13:35:00,39.1,39.12,39.1,39.105,3910
2026-04-28 13:40:00,39.128,39.128,39.12,39.12,209
2026-04-28 13:45:00,39.115,39.13,39.115,39.125,779485
2026-04-28 13:50:00,39.115,39.1234,39.115,39.1234,1016
2026-04-28 13:55:00,39.13,39.14,39.13,39.135,5287
2026-04-28 14:00:00,39.14,39.145,39.1299,39.1299,508
2026-04-28 14:05:00,39.129,39.14,39.129,39.14,466
2026-04-28 14:10:00,39.13,39.14,39.13,39.14,654
2026-04-28 14:15:00,39.1399,39.15,39.13,39.13,2275
2026-04-28 14:20:00,39.15,39.15,39.13,39.145,4997
2026-04-28 14:25:00,39.145,39.1499,39.14,39.14,4849
2026-04-28 14:30:00,39.13,39.135,39.13,39.13,4237
2026-04-28 14:35:00,39.125,39.125,39.119,39.1201,3607
2026-04-28 14:40:00,39.1256,39.13,39.12,39.13,6803
2026-04-28 14:45:00,39.1397,39.1397,39.13,39.13,2364
2026-04-28 14:50:00,39.135,39.1355,39.13,39.1311,3619
2026-04-28 14:55:00,39.1399,39.14,39.13,39.1399,7517
2026-04-28 15:00:00,39.14,39.14,39.135,39.1398,6390
2026-04-28 15:05:00,39.14,39.16,39.14,39.155,6280
2026-04-28 15:10:00,39.15,39.165,39.15,39.15,5276
2026-04-28 15:15:00,39.145,39.15,39.13,39.135,4206
2026-04-28 15:20:00,39.13,39.1487,39.13,39.1356,2365
2026-04-28 15:25:00,39.135,39.14,39.135,39.135,12133
2026-04-28 15:30:00,39.135,39.1351,39.11,39.115,3368
2026-04-28 15:35:00,39.11,39.125,39.11,39.125,2700
2026-04-28 15:40:00,39.125,39.15,39.125,39.1499,3577
2026-04-28 15:45:00,39.135,39.15,39.13,39.145,4235
2026-04-28 15:50:00,39.15,39.16,39.1285,39.14,12005
2026-04-28 15:55:00,39.13,39.15,39.115,39.125,37830
2026-04-28 16:00:00,39.13,39.13,39.13,39.13,8784
2026-04-29 09:30:00,39.13,39.13,39.02,39.02,12058
2026-04-29 09:35:00,39.03,39.07,39.03,39.055,2872
2026-04-29 09:40:00,39.05,39.064,39.045,39.064,3539
2026-04-29 09:45:00,39.05,39.075,39.05,39.075,911
2026-04-29 09:50:00,39.075,39.1,39.0736,39.09,3472
2026-04-29 09:55:00,39.1,39.115,39.09,39.105,1470
2026-04-29 10:00:00,39.095,39.1,39.09,39.0964,2616
2026-04-29 10:05:00,39.1101,39.1198,39.09,39.105,31254
2026-04-29 10:10:00,39.105,39.135,39.105,39.135,1532
2026-04-29 10:15:00,39.124,39.14,39.124,39.14,1341
2026-04-29 10:20:00,39.1281,39.151,39.125,39.15,2283
2026-04-29 10:25:00,39.1599,39.1698,39.1501,39.1698,3230
2026-04-29 10:30:00,39.16,39.1858,39.15,39.1858,2932
2026-04-29 10:35:00,39.19,39.19,39.18,39.185,3380
2026-04-29 10:40:00,39.185,39.185,39.165,39.175,4707
2026-04-29 10:45:00,39.18,39.18,39.16,39.16,1851
2026-04-29 10:50:00,39.145,39.165,39.145,39.165,1311
2026-04-29 10:55:00,39.165,39.18,39.165,39.175,3211
2026-04-29 11:00:00,39.165,39.165,39.1375,39.145,2696
2026-04-29 11:05:00,39.15,39.15,39.11,39.11,1482
2026-04-29 11:10:00,39.1001,39.1001,39.09,39.095,1764
2026-04-29 11:15:00,39.088,39.115,39.088,39.0964,3825
2026-04-29 11:20:00,39.1,39.12,39.1,39.11,1153
2026-04-29 11:25:00,39.125,39.125,39.125,39.125,1132
2026-04-29 11:30:00,39.14,39.14,39.11,39.115,4899
2026-04-29 11:35:00,39.115,39.115,39.1,39.1,4396
2026-04-29 11:40:00,39.105,39.115,39.1001,39.115,1840
2026-04-29 11:45:00,39.125,39.125,39.115,39.115,2184
2026-04-29 11:50:00,39.135,39.14,39.04,39.06,27687
2026-04-29 11:55:00,39.05,39.07,39.05,39.07,1318
2026-04-29 12:00:00,39.0899,39.1,39.0801,39.095,5344
2026-04-29 12:05:00,39.1,39.1199,39.0999,39.1199,2281
2026-04-29 12:10:00,39.12,39.12,39.1044,39.115,7357
2026-04-29 12:15:00,39.1199,39.1199,39.085,39.085,2260
2026-04-29 12:20:00,39.095,39.095,39.085,39.0901,2248
2026-04-29 12:25:00,39.09,39.09,39.07,39.07,5477
2026-04-29 12:30:00,39.06,39.06,39.03,39.03,5191
2026-04-29 12:35:00,39.04,39.062,39.035,39.062,2846
2026-04-29 12:40:00,39.08,39.08,39.0642,39.07,2334
2026-04-29 12:45:00,39.075,39.075,39.07,39.0701,1984
2026-04-29 12:50:00,39.0801,39.095,39.0801,39.085,4020
2026-04-29 12:55:00,39.0834,39.09,39.065,39.065,2055
2026-04-29 13:00:00,39.075,39.075,39.055,39.065,3174
2026-04-29 13:05:00,39.085,39.085,39.075,39.085,1591
2026-04-29 13:10:00,39.0799,39.085,39.0701,39.0701,2187
2026-04-29 13:15:00,39.065,39.0899,39.065,39.0899,246
2026-04-29 13:20:00,39.11,39.11,39.075,39.075,6179
2026-04-29 13:25:00,39.08,39.08,39.075,39.075,1120
2026-04-29 13:30:00,39.09,39.11,39.085,39.11,4709
2026-04-29 13:35:00,39.11,39.11,39.0999,39.1045,3875
2026-04-29 13:40:00,39.1,39.1,39.09,39.09,300
2026-04-29 13:45:00,39.11,39.13,39.11,39.125,4206
2026-04-29 13:50:00,39.125,39.13,39.12,39.12,4836
2026-04-29 13:55:00,39.125,39.1399,39.12,39.1399,1561
2026-04-29 14:00:00,39.105,39.115,39.085,39.085,5987
2026-04-29 14:05:00,39.09,39.1,39.05,39.05,55217
2026-04-29 14:10:00,39.0466,39.06,39.0466,39.06,1650
2026-04-29 14:15:00,39.07,39.095,39.0666,39.095,3569
2026-04-29 14:20:00,39.095,39.095,39.085,39.0901,2103
2026-04-29 14:25:00,39.075,39.0899,39.065,39.0899,3742
2026-04-29 14:30:00,39.07,39.08,39.055,39.07,8321
2026-04-29 14:35:00,39.09,39.11,39.065,39.09,4370
2026-04-29 14:40:00,39.0661,39.0899,39.05,39.05,23503
2026-04-29 14:45:00,39.045,39.085,39.045,39.08,2165
2026-04-29 14:50:00,39.09,39.1123,39.085,39.085,64173
2026-04-29 14:55:00,39.11,39.13,39.105,39.13,15529
2026-04-29 15:00:00,39.1412,39.145,39.1201,39.14,1205
2026-04-29 15:05:00,39.12,39.14,39.11,39.14,3910
2026-04-29 15:10:00,39.14,39.18,39.1308,39.18,10351
2026-04-29 15:15:00,39.18,39.19,39.17,39.19,4300
2026-04-29 15:20:00,39.18,39.185,39.175,39.175,11883
2026-04-29 15:25:00,39.195,39.196,39.175,39.18,15770
2026-04-29 15:30:00,39.151,39.151,39.12,39.13,2374
2026-04-29 15:35:00,39.1399,39.17,39.1399,39.165,5427
2026-04-29 15:40:00,39.165,39.165,39.135,39.145,193218
2026-04-29 15:45:00,39.14,39.15,39.14,39.1498,4149
2026-04-29 15:50:00,39.15,39.165,39.135,39.165,3486
2026-04-29 15:55:00,39.16,39.18,39.135,39.175,23150
2026-04-29 16:00:00,39.19,39.19,39.19,39.19,9859
2026-04-30 09:00:00,39.29,39.29,39.29,39.29,408
2026-04-30 09:25:00,39.14,39.14,39.14,39.14,700
2026-04-30 09:30:00,39.13,39.1961,39.0058,39.0058,14127
2026-04-30 09:35:00,39.01,39.03,38.9301,38.9301,9689
2026-04-30 09:40:00,38.93,38.9499,38.91,38.945,1694
2026-04-30 09:45:00,38.985,38.985,38.94,38.96,4626
2026-04-30 09:50:00,38.92,38.92,38.9,38.9,4060
2026-04-30 09:55:00,38.865,38.8714,38.8301,38.8301,4496
2026-04-30 10:00:00,38.86,38.925,38.86,38.918,5312
2026-04-30 10:05:00,38.9251,38.93,38.8,38.905,13003
2026-04-30 10:10:00,38.88,38.92,38.88,38.92,1585
2026-04-30 10:15:00,38.905,38.92,38.85,38.9101,3027
2026-04-30 10:20:00,38.93,38.955,38.925,38.93,2746
2026-04-30 10:25:00,38.9,38.915,38.9,38.915,397
2026-04-30 10:30:00,38.925,38.97,38.9201,38.9201,8760
2026-04-30 10:35:00,38.93,38.93,38.88,38.9101,4390
2026-04-30 10:40:00,38.93,38.965,38.92,38.965,9211
2026-04-30 10:45:00,38.97,39.01,38.97,39.01,14521
2026-04-30 10:50:00,39,39.06,39,39.06,9412
2026-04-30 10:55:00,39.0501,39.075,39.0501,39.065,7479
2026-04-30 11:00:00,39.075,39.075,39.055,39.06,4929
2026-04-30 11:05:00,39.0298,39.05,39.025,39.045,8264
2026-04-30 11:10:00,39.055,39.065,39.0434,39.055,3489
2026-04-30 11:15:00,39.06,39.065,39.05,39.05,4598
2026-04-30 11:20:00,39.055,39.055,39.0345,39.05,3785
2026-04-30 11:25:00,39.055,39.06,39.0501,39.055,1016
2026-04-30 11:30:00,39.058,39.07,39.045,39.05,2453
2026-04-30 11:35:00,39.045,39.045,39.015,39.03,1512
2026-04-30 11:40:00,39.01,39.02,39.009,39.0143,1412
2026-04-30 11:45:00,39.02,39.02,38.9946,39,1000
2026-04-30 11:50:00,39.05,39.06,39.05,39.06,8592
2026-04-30 11:55:00,39.074,39.08,39.0732,39.08,1770
2026-04-30 12:00:00,39.07,39.07,39.055,39.06,830
2026-04-30 12:05:00,39.085,39.0899,39.085,39.085,14174
2026-04-30 12:10:00,39.08,39.1102,39.0701,39.1102,3086
2026-04-30 12:15:00,39.11,39.11,39.095,39.105,821
2026-04-30 12:20:00,39.11,39.115,39.105,39.11,3855
2026-04-30 12:25:00,39.1,39.11,39.1,39.1,36062
2026-04-30 12:30:00,39.11,39.11,39.1001,39.1001,1934
2026-04-30 12:35:00,39.1001,39.11,39.1,39.1099,5116
2026-04-30 12:40:00,39.11,39.11,39.085,39.085,7203
2026-04-30 12:45:00,39.08,39.1,39.07,39.0999,5669
2026-04-30 12:50:00,39.1,39.1,39.065,39.065,717
2026-04-30 12:55:00,39.06,39.06,39.0499,39.0499,1500
2026-04-30 13:00:00,39.09,39.115,39.085,39.085,1642
2026-04-30 13:05:00,39.1045,39.11,39.1045,39.11,1200
2026-04-30 13:10:00,39.12,39.145,39.12,39.145,3686
2026-04-30 13:15:00,39.14,39.14,39.12,39.13,1366
2026-04-30 13:20:00,39.13,39.13,39.1199,39.125,1516
2026-04-30 13:25:00,39.13,39.13,39.1115,39.13,1851
2026-04-30 13:30:00,39.145,39.17,39.14,39.15,3590
2026-04-30 13:35:00,39.15,39.165,39.15,39.16,1652
2026-04-30 13:40:00,39.1554,39.16,39.1501,39.16,9662
2026-04-30 13:45:00,39.165,39.18,39.1644,39.18,38576
2026-04-30 13:50:00,39.17,39.1743,39.1601,39.17,3163
2026-04-30 13:55:00,39.1601,39.195,39.1601,39.19,4138
2026-04-30 14:00:00,39.2001,39.23,39.2001,39.225,33770
2026-04-30 14:05:00,39.22,39.239,39.21,39.22,4104
2026-04-30 14:10:00,39.235,39.25,39.235,39.25,1061
2026-04-30 14:15:00,39.2402,39.27,39.2402,39.25,1500
2026-04-30 14:20:00,39.2357,39.25,39.2357,39.24,835
2026-04-30 14:25:00,39.2344,39.235,39.229,39.2299,2645
2026-04-30 14:30:00,39.26,39.26,39.24,39.2557,1448
2026-04-30 14:35:00,39.2655,39.285,39.2655,39.2799,9083
2026-04-30 14:40:00,39.29,39.295,39.29,39.295,2562
2026-04-30 14:45:00,39.2943,39.2999,39.29,39.2999,1008
2026-04-30 14:50:00,39.3,39.3,39.275,39.2799,6592
2026-04-30 14:55:00,39.28,39.29,39.27,39.285,23491
2026-04-30 15:00:00,39.285,39.305,39.28,39.3,16718
2026-04-30 15:05:00,39.295,39.31,39.2901,39.295,12683
2026-04-30 15:10:00,39.3099,39.325,39.3099,39.32,644
2026-04-30 15:15:00,39.315,39.325,39.315,39.325,1700
2026-04-30 15:20:00,39.32,39.33,39.315,39.33,3236
2026-04-30 15:25:00,39.335,39.339,39.3297,39.33,2426
2026-04-30 15:30:00,39.325,39.325,39.3129,39.32,5285
2026-04-30 15:35:00,39.32,39.33,39.315,39.3299,18835
2026-04-30 15:40:00,39.33,39.34,39.32,39.34,3362
2026-04-30 15:45:00,39.35,39.35,39.335,39.3399,7280
2026-04-30 15:50:00,39.35,39.36,39.32,39.34,19742
2026-04-30 15:55:00,39.34,39.35,39.3,39.3,8716
2026-04-30 16:00:00,39.28,39.28,39.28,39.28,1419
2026-05-01 09:30:00,39.47,39.52,39.47,39.51,27487
2026-05-01 09:35:00,39.52,39.52,39.46,39.46,10173
2026-05-01 09:40:00,39.46,39.5,39.46,39.49,10812
2026-05-01 09:45:00,39.48,39.48,39.46,39.46,3108
2026-05-01 09:50:00,39.455,39.525,39.455,39.525,3935
2026-05-01 09:55:00,39.53,39.59,39.53,39.58,2542
2026-05-01 10:00:00,39.5401,39.615,39.5401,39.61,4058
2026-05-01 10:05:00,39.585,39.61,39.585,39.5951,2962
2026-05-01 10:10:00,39.62,39.65,39.615,39.645,9094
2026-05-01 10:15:00,39.6134,39.62,39.595,39.595,6374
2026-05-01 10:20:00,39.62,39.63,39.615,39.615,5753
2026-05-01 10:25:00,39.595,39.5999,39.59,39.59,912
2026-05-01 10:30:00,39.58,39.58,39.5601,39.5601,509
2026-05-01 10:35:00,39.54,39.54,39.51,39.5101,2586
2026-05-01 10:40:00,39.52,39.545,39.51,39.545,4279
2026-05-01 10:45:00,39.52,39.535,39.52,39.535,3010
2026-05-01 10:50:00,39.525,39.5299,39.515,39.525,4159
2026-05-01 10:55:00,39.515,39.525,39.51,39.515,6997
2026-05-01 11:00:00,39.49,39.49,39.4789,39.485,5261
2026-05-01 11:05:00,39.48,39.4956,39.475,39.475,2468
2026-05-01 11:10:00,39.4848,39.515,39.48,39.515,2393
2026-05-01 11:15:00,39.52,39.525,39.5001,39.5098,3225
2026-05-01 11:20:00,39.505,39.525,39.505,39.525,6317
2026-05-01 11:25:00,39.525,39.53,39.51,39.51,121183
2026-05-01 11:30:00,39.535,39.535,39.5258,39.5258,15118
2026-05-01 11:35:00,39.54,39.575,39.54,39.5601,8015
2026-05-01 11:40:00,39.565,39.575,39.565,39.575,1632
2026-05-01 11:45:00,39.58,39.595,39.578,39.59,1744
2026-05-01 11:50:00,39.59,39.59,39.51,39.56,30228
2026-05-01 11:55:00,39.565,39.575,39.555,39.555,5118
2026-05-01 12:00:00,39.565,39.5658,39.5497,39.5497,5087
2026-05-01 12:05:00,39.5465,39.5465,39.51,39.51,2096
2026-05-01 12:10:00,39.51,39.52,39.5,39.5,2681
2026-05-01 12:15:00,39.495,39.525,39.495,39.515,4873
2026-05-01 12:20:00,39.5142,39.53,39.48,39.5,9522
2026-05-01 12:25:00,39.495,39.505,39.475,39.505,3114
2026-05-01 12:30:00,39.495,39.4959,39.46,39.47,1802
2026-05-01 12:35:00,39.4741,39.476,39.46,39.475,4444
2026-05-01 12:40:00,39.48,39.48,39.4601,39.465,5323
2026-05-01 12:45:00,39.4597,39.4599,39.45,39.45,4027
2026-05-01 12:50:00,39.45,39.475,39.45,39.475,3300
2026-05-01 12:55:00,39.4758,39.4864,39.4597,39.4597,11312
2026-05-01 13:00:00,39.465,39.4757,39.465,39.47,1502
2026-05-01 13:05:00,39.465,39.4753,39.459,39.459,4965
2026-05-01 13:10:00,39.465,39.4899,39.465,39.4899,15964
2026-05-01 13:15:00,39.485,39.4855,39.475,39.4801,5726
2026-05-01 13:20:00,39.49,39.5001,39.49,39.5001,967
2026-05-01 13:25:00,39.5,39.505,39.495,39.505,3477
2026-05-01 13:30:00,39.5,39.505,39.5,39.5,473
2026-05-01 13:35:00,39.4998,39.4998,39.48,39.48,23739
2026-05-01 13:40:00,39.4901,39.5,39.4901,39.4999,14756
2026-05-01 13:45:00,39.4989,39.4999,39.4801,39.4999,18403
2026-05-01 13:50:00,39.485,39.5,39.485,39.5,3949
2026-05-01 13:55:00,39.4989,39.4989,39.485,39.49,35349
2026-05-01 14:00:00,39.48,39.485,39.47,39.47,1873
2026-05-01 14:05:00,39.465,39.465,39.445,39.46,7401
2026-05-01 14:10:00,39.46,39.46,39.415,39.415,60081
2026-05-01 14:15:00,39.42,39.42,39.405,39.415,16413
2026-05-01 14:20:00,39.405,39.425,39.405,39.425,4256
2026-05-01 14:25:00,39.415,39.425,39.415,39.425,5279
2026-05-01 14:30:00,39.425,39.425,39.4,39.4,92483
2026-05-01 14:35:00,39.395,39.3956,39.395,39.3956,3925
2026-05-01 14:40:00,39.39,39.39,39.375,39.375,3031
2026-05-01 14:45:00,39.37,39.38,39.36,39.375,3626
2026-05-01 14:50:00,39.38,39.385,39.375,39.375,493
2026-05-01 14:55:00,39.3699,39.37,39.3601,39.3601,4394
2026-05-01 15:00:00,39.365,39.39,39.365,39.385,1635
2026-05-01 15:05:00,39.3855,39.405,39.385,39.405,3346
2026-05-01 15:10:00,39.4097,39.42,39.4075,39.42,3170
2026-05-01 15:15:00,39.43,39.435,39.425,39.43,9751
2026-05-01 15:20:00,39.43,39.435,39.425,39.435,5258
2026-05-01 15:25:00,39.44,39.45,39.44,39.44,1217
2026-05-01 15:30:00,39.43,39.43,39.4202,39.425,1949
2026-05-01 15:35:00,39.435,39.435,39.425,39.435,4568
2026-05-01 15:40:00,39.44,39.44,39.44,39.44,900
2026-05-01 15:45:00,39.44,39.44,39.4161,39.4161,4605
2026-05-01 15:50:00,39.41,39.41,39.3635,39.38,11687
2026-05-01 15:55:00,39.365,39.375,39.33,39.33,13677
2026-05-01 16:00:00,39.33,39.33,39.33,39.33,1844
2026-05-04 07:00:00,39.98,39.98,39.98,39.98,1195
2026-05-04 09:30:00,39.32,39.33,39.32,39.33,16383
2026-05-04 09:35:00,39.38,39.3818,39.35,39.35,2127
2026-05-04 09:40:00,39.35,39.37,39.33,39.35,6505
2026-05-04 09:45:00,39.36,39.4,39.3599,39.395,3101
2026-05-04 09:50:00,39.4,39.4,39.385,39.39,1655
2026-05-04 09:55:00,39.39,39.39,39.375,39.38,4478
2026-05-04 10:00:00,39.38,39.38,39.3495,39.3495,3311
2026-05-04 10:05:00,39.36,39.36,39.345,39.36,4873
2026-05-04 10:10:00,39.355,39.43,39.355,39.415,5504
2026-05-04 10:15:00,39.42,39.44,39.4199,39.44,1797
2026-05-04 10:20:00,39.45,39.46,39.44,39.4551,3263
2026-05-04 10:25:00,39.445,39.455,39.435,39.435,4311
2026-05-04 10:30:00,39.435,39.47,39.435,39.46,4138
2026-05-04 10:35:00,39.46,39.4801,39.45,39.475,5136
2026-05-04 10:40:00,39.475,39.49,39.475,39.48,611
2026-05-04 10:45:00,39.49,39.495,39.4801,39.49,4663
2026-05-04 10:50:00,39.49,39.5,39.485,39.4991,1870
2026-05-04 10:55:00,39.5,39.5,39.44,39.455,4737
2026-05-04 11:00:00,39.43,39.48,39.43,39.47,3783
2026-05-04 11:05:00,39.465,39.47,39.43,39.43,7932
2026-05-04 11:10:00,39.45,39.45,39.41,39.41,1836
2026-05-04 11:15:00,39.43,39.43,39.35,39.35,9137
2026-05-04 11:20:00,39.33,39.33,39.29,39.3,4400
2026-05-04 11:25:00,39.3,39.3451,39.3,39.321,4336
2026-05-04 11:30:00,39.3359,39.3359,39.28,39.31,5246
2026-05-04 11:35:00,39.28,39.31,39.26,39.29,2146
2026-05-04 11:40:00,39.255,39.3099,39.255,39.305,5562
2026-05-04 11:45:00,39.3,39.3,39.26,39.26,1684
2026-05-04 11:50:00,39.2796,39.295,39.24,39.285,2703
2026-05-04 11:55:00,39.275,39.275,39.255,39.255,814
2026-05-04 12:00:00,39.25,39.26,39.225,39.225,2079
2026-05-04 12:05:00,39.23,39.235,39.125,39.18,20474
2026-05-04 12:10:00,39.19,39.195,39.165,39.1892,5504
2026-05-04 12:15:00,39.18,39.245,39.165,39.23,10510
2026-05-04 12:20:00,39.23,39.27,39.23,39.27,3343
2026-05-04 12:25:00,39.25,39.26,39.23,39.23,977
2026-05-04 12:30:00,39.23,39.24,39.225,39.225,2123
2026-05-04 12:35:00,39.2499,39.2499,39.205,39.22,2600
2026-05-04 12:40:00,39.22,39.22,39.21,39.2199,3396
2026-05-04 12:45:00,39.215,39.22,39.205,39.205,965
2026-05-04 12:50:00,39.2099,39.2099,39.195,39.205,2764
2026-05-04 12:55:00,39.209,39.21,39.2,39.2001,3702
2026-05-04 13:00:00,39.21,39.22,39.2,39.22,4510
2026-05-04 13:05:00,39.2303,39.24,39.2301,39.2399,1249
2026-05-04 13:10:00,39.235,39.24,39.225,39.23,2358
2026-05-04 13:15:00,39.2301,39.2959,39.2301,39.2959,5644
2026-05-04 13:20:00,39.285,39.2986,39.285,39.2986,983
2026-05-04 13:25:00,39.305,39.31,39.2903,39.31,1563
2026-05-04 13:30:00,39.305,39.3099,39.3,39.3,2012
2026-05-04 13:35:00,39.285,39.285,39.265,39.28,1295
2026-05-04 13:40:00,39.28,39.29,39.2735,39.29,1899
2026-05-04 13:45:00,39.29,39.305,39.29,39.305,467
2026-05-04 13:50:00,39.3,39.32,39.3,39.3001,26075
2026-05-04 13:55:00,39.3099,39.3099,39.295,39.295,3397
2026-05-04 14:00:00,39.295,39.335,39.295,39.335,1938
2026-05-04 14:05:00,39.33,39.335,39.309,39.315,9315
2026-05-04 14:10:00,39.305,39.32,39.305,39.3053,2371
2026-05-04 14:15:00,39.295,39.3,39.295,39.2991,2395
2026-05-04 14:20:00,39.29,39.29,39.28,39.28,4975
2026-05-04 14:25:00,39.2601,39.265,39.24,39.265,2239
2026-05-04 14:30:00,39.27,39.27,39.255,39.265,1147
2026-05-04 14:35:00,39.26,39.27,39.2535,39.27,2301
2026-05-04 14:40:00,39.265,39.27,39.255,39.255,2010
2026-05-04 14:45:00,39.2601,39.27,39.2601,39.27,2332
2026-05-04 14:50:00,39.28,39.285,39.26,39.26,4365
2026-05-04 14:55:00,39.26,39.2899,39.26,39.28,6833
2026-05-04 15:00:00,39.275,39.2765,39.2603,39.275,2413
2026-05-04 15:05:00,39.2899,39.31,39.28,39.295,3180
2026-05-04 15:10:00,39.305,39.305,39.2898,39.3,7285
2026-05-04 15:15:00,39.305,39.315,39.3042,39.305,2714
2026-05-04 15:20:00,39.3,39.3001,39.295,39.2997,4404
2026-05-04 15:25:00,39.305,39.305,39.275,39.3001,2486
2026-05-04 15:30:00,39.305,39.32,39.3001,39.319,10308
2026-05-04 15:35:00,39.3136,39.33,39.31,39.31,13217
2026-05-04 15:40:00,39.32,39.32,39.3,39.3,12259
2026-05-04 15:45:00,39.305,39.3199,39.29,39.3199,9946
2026-05-04 15:50:00,39.31,39.31,39.2741,39.285,18511
2026-05-04 15:55:00,39.29,39.315,39.28,39.31,14037
2026-05-04 16:00:00,39.32,39.32,39.32,39.32,611
2026-05-05 09:30:00,39.64,39.69,39.64,39.65,19432
2026-05-05 09:35:00,39.63,39.65,39.59,39.59,1582
2026-05-05 09:40:00,39.59,39.61,39.57,39.575,14975
2026-05-05 09:45:00,39.605,39.6399,39.605,39.6399,2565
2026-05-05 09:50:00,39.615,39.645,39.615,39.615,12195
2026-05-05 09:55:00,39.595,39.605,39.57,39.57,2943
2026-05-05 10:00:00,39.6099,39.6099,39.57,39.58,1227
2026-05-05 10:05:00,39.58,39.61,39.58,39.61,5407
2026-05-05 10:10:00,39.62,39.62,39.562,39.562,3706
2026-05-05 10:15:00,39.56,39.59,39.535,39.55,13398
2026-05-05 10:20:00,39.55,39.61,39.548,39.61,2856
2026-05-05 10:25:00,39.62,39.62,39.6,39.6,3126
2026-05-05 10:30:00,39.6,39.605,39.58,39.59,4161
2026-05-05 10:35:00,39.605,39.605,39.585,39.585,667
2026-05-05 10:40:00,39.6199,39.62,39.595,39.6,1796
2026-05-05 10:45:00,39.59,39.59,39.56,39.58,2571
2026-05-05 10:50:00,39.58,39.59,39.56,39.59,3791
2026-05-05 10:55:00,39.6,39.6099,39.6,39.6058,4879
2026-05-05 11:00:00,39.605,39.6199,39.6,39.6199,744
2026-05-05 11:05:00,39.6201,39.625,39.6,39.61,3698
2026-05-05 11:10:00,39.61,39.6101,39.605,39.605,2263
2026-05-05 11:15:00,39.605,39.61,39.605,39.61,1371
2026-05-05 11:20:00,39.6,39.605,39.59,39.59,4249
2026-05-05 11:25:00,39.59,39.5999,39.585,39.585,4520
2026-05-05 11:30:00,39.595,39.595,39.5601,39.5651,4941
2026-05-05 11:35:00,39.575,39.575,39.57,39.5701,9468
2026-05-05 11:40:00,39.57,39.575,39.57,39.5701,1749
2026-05-05 11:45:00,39.585,39.5899,39.5841,39.585,6782
2026-05-05 11:50:00,39.585,39.5956,39.58,39.5899,7935
2026-05-05 11:55:00,39.585,39.585,39.575,39.58,3302
2026-05-05 12:00:00,39.575,39.5859,39.575,39.58,6170
2026-05-05 12:05:00,39.5841,39.5864,39.58,39.585,9069
2026-05-05 12:10:00,39.585,39.585,39.585,39.585,1034
2026-05-05 12:15:00,39.585,39.585,39.58,39.585,2312
2026-05-05 12:20:00,39.605,39.605,39.605,39.605,2818
2026-05-05 12:25:00,39.605,39.605,39.59,39.6,5386
2026-05-05 12:30:00,39.6,39.605,39.5901,39.5901,6861
2026-05-05 12:35:00,39.5965,39.5965,39.595,39.595,380
2026-05-05 12:40:00,39.59,39.595,39.585,39.595,847
2026-05-05 12:45:00,39.5901,39.6051,39.5901,39.6,6971
2026-05-05 12:50:00,39.6,39.6021,39.59,39.595,2655
2026-05-05 12:55:00,39.6,39.6,39.59,39.5901,2875
2026-05-05 13:00:00,39.58,39.585,39.58,39.5803,939
2026-05-05 13:05:00,39.595,39.5954,39.58,39.58,10656
2026-05-05 13:10:00,39.575,39.5899,39.575,39.5899,5478
2026-05-05 13:15:00,39.59,39.59,39.5722,39.585,9344
2026-05-05 13:20:00,39.595,39.598,39.59,39.59,3831
2026-05-05 13:25:00,39.605,39.615,39.605,39.61,2263
2026-05-05 13:30:00,39.62,39.62,39.61,39.6103,10338
2026-05-05 13:35:00,39.615,39.6258,39.6101,39.6101,10381
2026-05-05 13:40:00,39.615,39.625,39.615,39.62,1830
2026-05-05 13:45:00,39.63,39.635,39.63,39.635,12646
2026-05-05 13:50:00,39.64,39.6462,39.64,39.6403,55893
2026-05-05 13:55:00,39.6542,39.655,39.65,39.65,1050
2026-05-05 14:00:00,39.655,39.665,39.655,39.665,1970
2026-05-05 14:05:00,39.665,39.6794,39.665,39.6794,16669
2026-05-05 14:10:00,39.675,39.695,39.675,39.695,2006
2026-05-05 14:15:00,39.6999,39.6999,39.685,39.69,10877
2026-05-05 14:20:00,39.69,39.6999,39.69,39.69,6325
2026-05-05 14:25:00,39.685,39.695,39.685,39.695,2560
2026-05-05 14:30:00,39.6901,39.6901,39.665,39.665,5903
2026-05-05 14:35:00,39.665,39.67,39.6603,39.6603,2812
2026-05-05 14:40:00,39.66,39.665,39.66,39.665,3605
2026-05-05 14:45:00,39.665,39.6799,39.665,39.675,4787
2026-05-05 14:50:00,39.6751,39.6751,39.66,39.66,6814
2026-05-05 14:55:00,39.6659,39.6659,39.6601,39.6601,2347
2026-05-05 15:00:00,39.66,39.66,39.645,39.6599,23671
2026-05-05 15:05:00,39.665,39.67,39.66,39.665,8810
2026-05-05 15:10:00,39.665,39.68,39.665,39.67,2628
2026-05-05 15:15:00,39.665,39.6688,39.6601,39.6601,1744
2026-05-05 15:20:00,39.67,39.6798,39.67,39.6798,7552
2026-05-05 15:25:00,39.6701,39.675,39.665,39.665,1992
2026-05-05 15:30:00,39.66,39.675,39.66,39.66,4019
2026-05-05 15:35:00,39.655,39.665,39.655,39.66,5157
2026-05-05 15:40:00,39.665,39.68,39.66,39.675,5985
2026-05-05 15:45:00,39.67,39.67,39.6501,39.6501,2418
2026-05-05 15:50:00,39.65,39.65,39.605,39.61,5189
2026-05-05 15:55:00,39.6,39.61,39.59,39.6,22833
2026-05-05 16:00:00,39.62,39.62,39.62,39.62,463
2026-05-06 09:25:00,39.79,39.79,39.79,39.79,1305
2026-05-06 09:30:00,39.77,39.81,39.73,39.78,28006
2026-05-06 09:35:00,39.78,39.78,39.72,39.73,4111
2026-05-06 09:40:00,39.7,39.75,39.7,39.745,2625
2026-05-06 09:45:00,39.75,39.77,39.745,39.745,9415
2026-05-06 09:50:00,39.745,39.775,39.715,39.775,14158
2026-05-06 09:55:00,39.765,39.78,39.745,39.775,8648
2026-05-06 10:00:00,39.775,39.8,39.77,39.7899,5780
2026-05-06 10:05:00,39.79,39.845,39.76,39.845,10145
2026-05-06 10:10:00,39.84,39.88,39.84,39.875,9323
2026-05-06 10:15:00,39.8799,39.895,39.865,39.865,8133
2026-05-06 10:20:00,39.88,39.915,39.875,39.91,6477
2026-05-06 10:25:00,39.9161,39.96,39.9161,39.925,21710
2026-05-06 10:30:00,39.925,39.9682,39.925,39.965,12086
2026-05-06 10:35:00,39.97,39.975,39.965,39.965,9956
2026-05-06 10:40:00,39.97,39.99,39.965,39.99,12856
2026-05-06 10:45:00,39.97,39.97,39.96,39.9601,3969
2026-05-06 10:50:00,39.97,39.975,39.96,39.96,2924
2026-05-06 10:55:00,39.97,39.9799,39.96,39.97,11929
2026-05-06 11:00:00,39.98,39.9901,39.98,39.98,1900
2026-05-06 11:05:00,39.98,39.985,39.955,39.965,4754
2026-05-06 11:10:00,39.96,39.97,39.951,39.96,12570
2026-05-06 11:15:00,39.96,39.9651,39.96,39.965,2404
2026-05-06 11:20:00,39.9971,39.9971,39.985,39.985,6634
2026-05-06 11:25:00,39.995,39.995,39.985,39.985,4447
2026-05-06 11:30:00,40,40,39.985,39.99,1655
2026-05-06 11:35:00,39.976,39.99,39.97,39.97,3301
2026-05-06 11:40:00,39.975,39.985,39.955,39.97,10346
2026-05-06 11:45:00,39.96,39.985,39.955,39.975,5257
2026-05-06 11:50:00,39.9799,39.9799,39.95,39.96,7157
2026-05-06 11:55:00,39.98,39.995,39.98,39.99,3168
2026-05-06 12:00:00,39.98,39.985,39.965,39.97,16714
2026-05-06 12:05:00,39.96,39.97,39.955,39.955,4316
2026-05-06 12:10:00,39.955,39.9659,39.95,39.95,1640
2026-05-06 12:15:00,39.945,39.955,39.945,39.95,11738
2026-05-06 12:20:00,39.95,39.95,39.94,39.945,7031
2026-05-06 12:25:00,39.9375,39.9375,39.925,39.925,5592
2026-05-06 12:30:00,39.925,39.925,39.905,39.905,8295
2026-05-06 12:35:00,39.91,39.91,39.8902,39.91,23264
2026-05-06 12:40:00,39.9,39.9,39.89,39.89,4473
2026-05-06 12:45:00,39.8759,39.885,39.865,39.87,3162
2026-05-06 12:50:00,39.875,39.88,39.8414,39.8414,3977
2026-05-06 12:55:00,39.86,39.86,39.835,39.835,940
2026-05-06 13:00:00,39.845,39.875,39.845,39.875,3174
2026-05-06 13:05:00,39.87,39.89,39.87,39.89,1028
2026-05-06 13:10:00,39.89,39.91,39.89,39.91,4042
2026-05-06 13:15:00,39.89,39.9,39.89,39.895,4000
2026-05-06 13:20:00,39.9,39.9,39.895,39.9,1038
2026-05-06 13:25:00,39.905,39.905,39.89,39.905,5934
2026-05-06 13:30:00,39.905,39.915,39.905,39.905,2071
2026-05-06 13:35:00,39.9001,39.91,39.885,39.885,4072
2026-05-06 13:40:00,39.89,39.8951,39.885,39.8951,1502
2026-05-06 13:45:00,39.9,39.9164,39.9,39.9164,1697
2026-05-06 13:50:00,39.915,39.915,39.9,39.9077,25005
2026-05-06 13:55:00,39.905,39.917,39.905,39.91,2638
2026-05-06 14:00:00,39.92,39.92,39.915,39.915,975
2026-05-06 14:05:00,39.93,39.94,39.925,39.93,2955
2026-05-06 14:10:00,39.925,39.93,39.91,39.92,3777
2026-05-06 14:15:00,39.93,39.95,39.93,39.95,1996
2026-05-06 14:20:00,39.935,39.96,39.935,39.955,5648
2026-05-06 14:25:00,39.95,39.96,39.95,39.955,3166
2026-05-06 14:30:00,39.96,39.975,39.96,39.975,2757
2026-05-06 14:35:00,39.98,39.99,39.97,39.97,4360
2026-05-06 14:40:00,39.975,39.975,39.96,39.97,6660
2026-05-06 14:45:00,39.965,39.9699,39.945,39.9487,7884
2026-05-06 14:50:00,39.94,39.955,39.935,39.955,3062
2026-05-06 14:55:00,39.955,39.9596,39.945,39.945,10225
2026-05-06 15:00:00,39.945,39.965,39.941,39.96,5287
2026-05-06 15:05:00,39.975,39.98,39.975,39.975,3556
2026-05-06 15:10:00,39.975,39.985,39.97,39.985,2803
2026-05-06 15:15:00,39.98,39.9899,39.975,39.975,7177
2026-05-06 15:20:00,39.9701,39.995,39.97,39.995,3843
2026-05-06 15:25:00,39.995,39.995,39.97,39.975,14044
2026-05-06 15:30:00,39.97,39.98,39.96,39.98,6382
2026-05-06 15:35:00,39.975,39.99,39.975,39.985,14491
2026-05-06 15:40:00,39.9843,39.99,39.975,39.975,5650
2026-05-06 15:45:00,39.97,39.99,39.97,39.975,17799
2026-05-06 15:50:00,39.995,40.0255,39.995,40.02,25938
2026-05-06 15:55:00,40.01,40.02,39.975,39.975,5459
2026-05-06 16:00:00,39.96,39.96,39.96,39.96,114
2026-05-06 17:25:00,39.46,39.46,39.46,39.46,250
2026-05-07 09:30:00,40.11,40.126,40.04,40.04,17205
2026-05-07 09:35:00,40.04,40.06,40.01,40.06,10303
2026-05-07 09:40:00,40.05,40.065,40.025,40.025,1456
2026-05-07 09:45:00,40.015,40.02,39.98,40.005,3002
2026-05-07 09:50:00,39.995,40.025,39.99,40.02,3013
2026-05-07 09:55:00,40.035,40.04,40.02,40.02,4477
2026-05-07 10:00:00,40.02,40.035,40.01,40.03,9461
2026-05-07 10:05:00,40.03,40.0699,40.03,40.055,14812
2026-05-07 10:10:00,40.05,40.055,40.035,40.04,9152
2026-05-07 10:15:00,40.05,40.055,40.015,40.045,77252
2026-05-07 10:20:00,40.055,40.06,40.035,40.04,4520
2026-05-07 10:25:00,40.04,40.065,40.04,40.045,8945
2026-05-07 10:30:00,40.035,40.045,40.03,40.0414,3574
2026-05-07 10:35:00,40.05,40.065,40.04,40.065,8481
2026-05-07 10:40:00,40.07,40.075,40.07,40.07,1925
2026-05-07 10:45:00,40.095,40.105,40.09,40.1,11119
2026-05-07 10:50:00,40.1,40.128,40.1,40.125,13826
2026-05-07 10:55:00,40.13,40.145,40.13,40.14,5254
2026-05-07 11:00:00,40.14,40.14,40.125,40.13,6515
2026-05-07 11:05:00,40.135,40.135,40.11,40.1258,4464
2026-05-07 11:10:00,40.13,40.13,40.1,40.1,2901
2026-05-07 11:15:00,40.1,40.11,40.0913,40.105,13798
2026-05-07 11:20:00,40.1184,40.1188,40.09,40.1188,6282
2026-05-07 11:25:00,40.095,40.095,40.055,40.06,7912
2026-05-07 11:30:00,40.06,40.105,40.06,40.1,19446
2026-05-07 11:35:00,40.095,40.11,40.085,40.085,10955
2026-05-07 11:40:00,40.08,40.1,40.075,40.085,3054
2026-05-07 11:45:00,40.095,40.105,40.085,40.095,22695
2026-05-07 11:50:00,40.095,40.095,40.079,40.09,11351
2026-05-07 11:55:00,40.085,40.085,40.05,40.05,3247
2026-05-07 12:00:00,40.065,40.065,40.03,40.035,12542
2026-05-07 12:05:00,40.02,40.02,40,40.0182,4996
2026-05-07 12:10:00,40.02,40.02,39.985,39.985,10141
2026-05-07 12:15:00,39.95,39.9674,39.945,39.9599,8374
2026-05-07 12:20:00,39.95,39.995,39.945,39.9896,10895
2026-05-07 12:25:00,39.985,40.019,39.985,40.015,11389
2026-05-07 12:30:00,40.015,40.025,39.9951,40.02,12867
2026-05-07 12:35:00,40.005,40.01,39.9799,39.9799,18517
2026-05-07 12:40:00,39.9799,39.9884,39.945,39.9599,16466
2026-05-07 12:45:00,39.96,39.96,39.935,39.935,7734
2026-05-07 12:50:00,39.935,39.94,39.915,39.935,16305
2026-05-07 12:55:00,39.935,39.935,39.905,39.915,24155
2026-05-07 13:00:00,39.92,39.945,39.915,39.935,28843
2026-05-07 13:05:00,39.935,39.965,39.925,39.95,9783
2026-05-07 13:10:00,39.95,39.95,39.92,39.94,11087
2026-05-07 13:15:00,39.9288,39.935,39.905,39.91,14923
2026-05-07 13:20:00,39.91,39.96,39.89,39.96,7491
2026-05-07 13:25:00,39.96,39.97,39.85,39.915,7623
2026-05-07 13:30:00,39.875,39.895,39.86,39.885,10744
2026-05-07 13:35:00,39.89,39.935,39.89,39.92,7287
2026-05-07 13:40:00,39.915,39.94,39.9,39.9,15660
2026-05-07 13:45:00,39.89,39.89,39.87,39.87,14009
2026-05-07 13:50:00,39.865,39.885,39.855,39.8791,5582
2026-05-07 13:55:00,39.8899,39.945,39.8899,39.945,11529
2026-05-07 14:00:00,39.9499,39.96,39.93,39.95,4268
2026-05-07 14:05:00,39.955,39.985,39.95,39.95,5052
2026-05-07 14:10:00,39.95,39.965,39.945,39.965,47230
2026-05-07 14:15:00,39.965,39.9959,39.965,39.99,4458
2026-05-07 14:20:00,39.98,39.995,39.965,39.965,3177
2026-05-07 14:25:00,39.9651,39.98,39.9651,39.98,2287
2026-05-07 14:30:00,39.99,40.01,39.985,40.005,5314
2026-05-07 14:35:00,40.01,40.01,39.9743,40,7832
2026-05-07 14:40:00,39.9903,39.995,39.92,39.925,5689
2026-05-07 14:45:00,39.91,39.9657,39.91,39.935,8425
2026-05-07 14:50:00,39.93,39.97,39.92,39.97,7580
2026-05-07 14:55:00,39.9697,40.005,39.96,40.005,7403
2026-05-07 15:00:00,40.005,40.01,39.98,39.995,7939
2026-05-07 15:05:00,39.99,40.005,39.99,39.995,2449
2026-05-07 15:10:00,39.995,40.02,39.995,40.005,6049
2026-05-07 15:15:00,39.995,39.995,39.94,39.94,1763
2026-05-07 15:20:00,39.93,39.95,39.92,39.9253,4730
2026-05-07 15:25:00,39.92,39.955,39.92,39.93,5502
2026-05-07 15:30:00,39.93,39.955,39.93,39.94,3457
2026-05-07 15:35:00,39.94,39.97,39.94,39.97,2275
2026-05-07 15:40:00,39.97,39.97,39.945,39.96,6000
2026-05-07 15:45:00,39.96,39.96,39.935,39.96,7537
2026-05-07 15:50:00,39.975,39.9827,39.93,39.93,11022
2026-05-07 15:55:00,39.93,39.965,39.93,39.955,3898
2026-05-07 16:00:00,39.97,39.97,39.97,39.97,385
2026-05-07 17:30:00,39.86,39.86,39.86,39.86,160
2026-05-08 09:30:00,40.08,40.0892,40.08,40.0892,12469
2026-05-08 09:35:00,40.0801,40.085,40.05,40.05,3526
2026-05-08 09:40:00,40.03,40.065,40.03,40.06,1053
2026-05-08 09:45:00,40.065,40.1299,40.065,40.11,6397
2026-05-08 09:50:00,40.125,40.125,40.08,40.08,4708
2026-05-08 09:55:00,40.08,40.09,40.07,40.07,2447
2026-05-08 10:00:00,40.095,40.1,40.08,40.08,1298
2026-05-08 10:05:00,40.08,40.1,40.08,40.08,500
2026-05-08 10:10:00,40.09,40.135,40.09,40.135,3868
2026-05-08 10:15:00,40.13,40.14,40.12,40.135,3544
2026-05-08 10:20:00,40.13,40.145,40.125,40.125,4759
2026-05-08 10:25:00,40.14,40.1497,40.12,40.12,2853
2026-05-08 10:30:00,40.12,40.12,40.1,40.11,7466
2026-05-08 10:35:00,40.105,40.12,40.1,40.1199,5101
2026-05-08 10:40:00,40.1306,40.14,40.1267,40.14,3768
2026-05-08 10:45:00,40.145,40.16,40.14,40.145,23234
2026-05-08 10:50:00,40.14,40.145,40.135,40.14,1784
2026-05-08 10:55:00,40.145,40.1698,40.14,40.1401,1527
2026-05-08 11:00:00,40.145,40.16,40.145,40.15,3614
2026-05-08 11:05:00,40.145,40.15,40.14,40.14,1256
2026-05-08 11:10:00,40.13,40.135,40.125,40.125,3929
2026-05-08 11:15:00,40.124,40.125,40.11,40.1199,9618
2026-05-08 11:20:00,40.12,40.14,40.12,40.13,3312
2026-05-08 11:25:00,40.11,40.125,40.11,40.12,2801
2026-05-08 11:30:00,40.135,40.135,40.1143,40.1143,2336
2026-05-08 11:35:00,40.1249,40.155,40.1249,40.145,11281
2026-05-08 11:40:00,40.15,40.15,40.12,40.12,3217
2026-05-08 11:45:00,40.12,40.155,40.12,40.15,4330
2026-05-08 11:50:00,40.1599,40.1599,40.14,40.15,3049
2026-05-08 11:55:00,40.14,40.15,40.14,40.145,5810
2026-05-08 12:00:00,40.155,40.17,40.1544,40.1544,2086
2026-05-08 12:05:00,40.16,40.18,40.16,40.17,2393
2026-05-08 12:10:00,40.18,40.18,40.17,40.1799,4449
2026-05-08 12:15:00,40.195,40.195,40.19,40.19,2627
2026-05-08 12:20:00,40.19,40.19,40.19,40.19,200
2026-05-08 12:25:00,40.195,40.2055,40.19,40.195,4547
2026-05-08 12:30:00,40.2,40.2,40.1889,40.19,947
2026-05-08 12:35:00,40.19,40.195,40.18,40.195,2561
2026-05-08 12:40:00,40.195,40.195,40.17,40.17,9309
2026-05-08 12:45:00,40.17,40.185,40.17,40.1799,4133
2026-05-08 12:50:00,40.18,40.18,40.15,40.155,1694
2026-05-08 12:55:00,40.15,40.155,40.14,40.145,4850
2026-05-08 13:00:00,40.1299,40.135,40.1299,40.135,6177
2026-05-08 13:05:00,40.14,40.14,40.135,40.14,1050
2026-05-08 13:10:00,40.14,40.14,40.135,40.135,890
2026-05-08 13:15:00,40.1554,40.1636,40.155,40.1636,1922
2026-05-08 13:20:00,40.17,40.185,40.1635,40.185,2038
2026-05-08 13:25:00,40.185,40.19,40.185,40.1899,2564
2026-05-08 13:30:00,40.18,40.18,40.175,40.18,1880
2026-05-08 13:35:00,40.185,40.185,40.17,40.17,1065
2026-05-08 13:40:00,40.1601,40.17,40.1601,40.165,7004
2026-05-08 13:45:00,40.16,40.1614,40.1512,40.16,1424
2026-05-08 13:50:00,40.155,40.155,40.155,40.155,5781
2026-05-08 13:55:00,40.16,40.16,40.1499,40.1499,4649
2026-05-08 14:00:00,40.1457,40.175,40.14,40.1657,6396
2026-05-08 14:05:00,40.165,40.165,40.145,40.145,423
2026-05-08 14:10:00,40.15,40.17,40.15,40.17,12670
2026-05-08 14:15:00,40.17,40.18,40.17,40.18,42914
2026-05-08 14:20:00,40.1735,40.175,40.1601,40.1603,2820
2026-05-08 14:25:00,40.16,40.1601,40.155,40.155,3002
2026-05-08 14:30:00,40.165,40.165,40.155,40.155,3098
2026-05-08 14:35:00,40.15,40.15,40.13,40.13,4540
2026-05-08 14:40:00,40.14,40.14,40.12,40.125,5127
2026-05-08 14:45:00,40.11,40.1101,40.0901,40.0901,4264
2026-05-08 14:50:00,40.095,40.1,40.08,40.08,1180
2026-05-08 14:55:00,40.08,40.09,40.065,40.08,3162
2026-05-08 15:00:00,40.0801,40.095,40.0801,40.085,1442
2026-05-08 15:05:00,40.085,40.115,40.085,40.115,3098
2026-05-08 15:10:00,40.11,40.11,40.105,40.105,4679
2026-05-08 15:15:00,40.1028,40.115,40.1028,40.1102,5011
2026-05-08 15:20:00,40.12,40.129,40.115,40.115,17784
2026-05-08 15:25:00,40.11,40.115,40.1,40.1,2761
2026-05-08 15:30:00,40.095,40.115,40.095,40.115,8471
2026-05-08 15:35:00,40.115,40.13,40.115,40.13,2068
2026-05-08 15:40:00,40.125,40.14,40.125,40.14,11978
2026-05-08 15:45:00,40.14,40.145,40.135,40.135,3092
2026-05-08 15:50:00,40.13,40.155,40.125,40.1314,14556
2026-05-08 15:55:00,40.155,40.155,40.13,40.145,17882
2026-05-08 16:00:00,40.16,40.16,40.16,40.16,552