2026-04-29 12:25:00,39,39,38.99,38.99,200
2026-04-30 12:05:00,39.68,39.89,39.49,39.89,1400
2026-05-05 09:35:00,40.43,40.43,40.43,40.43,100
2026-05-05 10:35:00,40.4,40.4,40.4,40.4,100
2026-05-05 15:45:00,40.9,40.9,40.9,40.9,200
2026-05-06 08:35:00,42,42,42,42,250
2026-05-06 09:30:00,41.88,41.88,41.88,41.88,250
2026-05-06 09:35:00,41.83,41.83,41.83,41.83,100
2026-05-06 10:00:00,41.67,41.67,41.67,41.67,425
2026-05-06 10:20:00,41.395,41.395,41.395,41.395,100
2026-05-06 10:30:00,41.435,41.435,41.435,41.435,100
2026-05-06 12:30:00,41.57,41.75,41.37,41.75,1654
2026-05-06 13:30:00,41.505,41.505,41.505,41.505,100
2026-05-07 09:30:00,41.51,41.51,41.51,41.51,200
2026-05-07 10:45:00,41.17,41.36,41.1699,41.3,2938
2026-05-07 12:40:00,40.86,40.86,40.86,40.86,1200
2026-05-08 10:30:00,40.8301,40.8301,40.83,40.83,200
2026-05-08 12:20:00,41.09,41.09,41.09,41.09,100
2026-05-08 14:40:00,41.07,41.07,41.07,41.07,100
2026-05-11 08:25:00,32,32,32,32,150
2026-05-11 09:30:00,40.44,40.44,40.44,40.44,151
2026-05-11 12:00:00,41.09,41.09,41.09,41.09,100
2026-05-11 12:15:00,41.255,41.255,41.255,41.255,150
2026-05-11 12:25:00,41.25,41.25,41.25,41.25,100
2026-05-11 13:35:00,41.35,41.35,41.35,41.35,931
2026-05-11 15:55:00,41.305,41.305,41.305,41.305,100
2026-05-12 09:30:00,41.5,41.5,41.5,41.5,105
2026-05-12 10:10:00,41.15,41.23,41.15,41.23,365
2026-05-12 15:25:00,41.01,41.01,41.01,41.01,197
2026-05-13 09:30:00,41.95,41.95,41.95,41.95,100
2026-05-13 10:05:00,41.81,41.81,41.81,41.81,100
2026-05-13 12:30:00,41.81,41.81,41.81,41.81,107
2026-05-13 13:05:00,41.815,41.815,41.815,41.815,200
2026-05-13 13:45:00,41.815,41.815,41.815,41.815,105
2026-05-13 14:35:00,41.83,41.83,41.83,41.83,200
2026-05-14 11:25:00,42.5,42.5,42.5,42.5,100
2026-05-14 12:40:00,42.515,42.515,42.515,42.515,100
2026-05-14 15:55:00,42.41,42.41,42.41,42.41,1600
2026-05-15 14:20:00,40.7201,40.7201,40.72,40.72,200
2026-05-18 10:40:00,40.42,40.42,40.42,40.42,100
2026-05-18 12:15:00,40.85,40.85,40.84,40.84,200
2026-05-20 14:25:00,39.61,39.61,39.6099,39.6099,200
2026-05-21 09:50:00,39.69,39.69,39.69,39.69,100
2026-05-21 13:50:00,40.48,40.48,40.48,40.48,200
2026-05-21 14:50:00,40.165,40.165,40.165,40.165,100
2026-05-22 09:35:00,40.6814,40.6814,40.68,40.68,200
2026-05-22 13:50:00,40.78,40.78,40.77,40.77,200