2026-04-22 11:05:00,25.75,25.75,25.7499,25.7499,1064
2026-04-23 10:30:00,25.81,25.82,25.81,25.81,1297
2026-04-23 12:55:00,25.71,25.7101,25.71,25.7101,200
2026-04-23 13:50:00,25.37,25.3701,25.37,25.3701,640
2026-04-23 15:15:00,25.64,25.64,25.64,25.64,209
2026-04-24 10:55:00,25.73,25.84,25.72,25.84,2254
2026-04-24 12:35:00,25.79,25.79,25.79,25.79,336
2026-04-24 12:45:00,25.78,25.78,25.78,25.78,300
2026-04-24 12:55:00,25.79,25.79,25.79,25.79,300
2026-04-24 13:10:00,25.78,25.78,25.78,25.78,300
2026-04-24 13:20:00,25.76,25.76,25.76,25.76,288
2026-04-24 13:30:00,25.76,25.76,25.76,25.76,300
2026-04-24 13:40:00,25.77,25.77,25.77,25.77,288
2026-04-24 13:50:00,25.77,25.77,25.77,25.77,288
2026-04-24 14:00:00,25.77,25.77,25.77,25.77,300
2026-04-24 14:15:00,25.76,25.76,25.76,25.76,300
2026-04-24 14:25:00,25.76,25.76,25.76,25.76,300
2026-04-24 14:35:00,25.76,25.76,25.76,25.76,300
2026-04-24 14:45:00,25.77,25.77,25.77,25.77,288
2026-04-24 14:55:00,25.76,25.76,25.76,25.76,300
2026-04-24 15:05:00,25.77,25.77,25.77,25.77,288
2026-04-24 15:20:00,25.78,25.78,25.78,25.78,300
2026-04-24 15:30:00,25.76,25.76,25.76,25.76,200
2026-04-24 15:35:00,25.815,25.815,25.815,25.815,162
2026-04-24 15:40:00,25.76,25.76,25.76,25.76,300
2026-04-24 15:50:00,25.76,25.76,25.76,25.76,288
2026-04-27 09:50:00,25.85,25.85,25.85,25.85,100
2026-04-27 12:00:00,25.71,25.71,25.71,25.71,1851
2026-04-27 12:30:00,25.76,25.77,25.76,25.76,1431
2026-04-27 13:25:00,25.73,25.73,25.7299,25.7299,1000
2026-04-28 11:05:00,25.49,25.49,25.48,25.48,1900
2026-04-28 15:35:00,25.47,25.47,25.47,25.47,800
2026-04-28 15:55:00,25.48,25.5,25.435,25.4799,646
2026-04-29 10:10:00,25.26,25.26,25.26,25.26,545
2026-04-30 10:00:00,25.2101,25.26,25.2101,25.26,3752
2026-04-30 10:30:00,25.38,25.38,25.38,25.38,1559
2026-04-30 12:10:00,25.36,25.36,25.36,25.36,306
2026-04-30 13:30:00,25.35,25.35,25.35,25.35,100
2026-05-01 10:35:00,25.56,25.66,25.56,25.6226,2806
2026-05-01 15:50:00,25.44,25.44,25.44,25.44,100
2026-05-04 10:15:00,25.37,25.37,25.325,25.3394,2734
2026-05-04 11:55:00,25.1599,25.1599,25.1599,25.1599,147
2026-05-04 13:15:00,25.08,25.08,25.08,25.08,100
2026-05-04 15:55:00,25.09,25.09,25.09,25.09,117
2026-05-05 10:50:00,25.3,25.31,25.28,25.31,1680
2026-05-06 09:30:00,25.97,25.97,25.97,25.97,100
2026-05-06 10:25:00,25.96,26.0594,25.96,26.0594,990
2026-05-06 10:45:00,26.06,26.06,26.06,26.06,100
2026-05-06 13:55:00,25.9899,25.9899,25.9899,25.9899,221
2026-05-07 10:00:00,25.95,25.95,25.95,25.95,100
2026-05-07 10:10:00,25.92,25.92,25.92,25.92,100
2026-05-07 14:00:00,25.59,25.59,25.59,25.59,724
2026-05-07 14:15:00,25.61,25.61,25.61,25.61,100
2026-05-07 15:50:00,25.64,25.64,25.64,25.64,200
2026-05-07 15:55:00,25.61,25.61,25.61,25.61,144
2026-05-08 10:25:00,25.5702,25.605,25.5702,25.605,1413
2026-05-08 10:40:00,25.61,25.61,25.61,25.61,437
2026-05-08 10:50:00,25.59,25.59,25.59,25.59,574
2026-05-08 14:20:00,25.61,25.61,25.61,25.61,5100
2026-05-08 14:50:00,25.55,25.58,25.55,25.58,400
2026-05-08 15:05:00,25.5604,25.57,25.5604,25.57,532
2026-05-08 16:00:00,25.61,25.61,25.61,25.61,470
2026-05-11 09:45:00,25.56,25.56,25.56,25.56,100
2026-05-11 10:55:00,25.53,25.54,25.526,25.53,3754
2026-05-12 09:55:00,25.49,25.49,25.49,25.49,100
2026-05-12 11:55:00,25.53,25.53,25.53,25.53,100
2026-05-12 12:10:00,25.55,25.55,25.55,25.55,198
2026-05-12 12:25:00,25.56,25.56,25.56,25.56,192
2026-05-12 12:35:00,25.57,25.57,25.57,25.57,192
2026-05-12 12:50:00,25.55,25.57,25.55,25.57,205
2026-05-12 12:55:00,25.56,25.56,25.56,25.56,105
2026-05-12 13:05:00,25.61,25.61,25.59,25.59,208
2026-05-12 13:20:00,25.61,25.61,25.61,25.61,198
2026-05-12 13:30:00,25.61,25.61,25.61,25.61,216
2026-05-12 13:45:00,25.61,25.61,25.61,25.61,192
2026-05-12 13:55:00,25.61,25.61,25.61,25.61,216
2026-05-12 14:10:00,25.61,25.61,25.61,25.61,192
2026-05-12 14:20:00,25.61,25.61,25.61,25.61,216
2026-05-12 14:30:00,25.65,25.67,25.65,25.67,205
2026-05-12 14:45:00,25.67,25.67,25.67,25.67,192
2026-05-12 14:55:00,25.65,25.65,25.65,25.65,100
2026-05-12 15:05:00,25.67,25.67,25.67,25.67,198
2026-05-12 15:20:00,25.68,25.68,25.68,25.68,210
2026-05-12 15:30:00,25.68,25.68,25.68,25.68,210
2026-05-12 15:45:00,25.67,25.67,25.67,25.67,210
2026-05-12 15:55:00,25.65,25.65,25.65,25.65,100
2026-05-13 10:00:00,25.48,25.48,25.48,25.48,100
2026-05-13 10:15:00,25.39,25.39,25.39,25.39,100
2026-05-13 12:50:00,25.42,25.46,25.42,25.46,2183
2026-05-14 09:30:00,25.58,25.58,25.58,25.58,100
2026-05-14 10:45:00,25.74,25.74,25.69,25.69,2780
2026-05-15 09:45:00,25.48,25.48,25.48,25.48,100
2026-05-15 11:00:00,25.52,25.52,25.52,25.52,1494
2026-05-15 11:10:00,25.4001,25.455,25.4001,25.455,309
2026-05-18 09:45:00,25.65,25.65,25.65,25.65,100
2026-05-18 10:20:00,25.64,25.66,25.64,25.6599,3038
2026-05-18 12:25:00,25.555,25.555,25.555,25.555,100
2026-05-18 14:25:00,25.46,25.46,25.46,25.46,119
2026-05-19 09:30:00,25.69,25.69,25.69,25.69,100
2026-05-19 10:40:00,25.62,25.62,25.62,25.62,893
2026-05-19 11:30:00,25.67,25.67,25.67,25.67,200
2026-05-19 14:05:00,25.5101,25.5101,25.5101,25.5101,145
2026-05-19 14:30:00,25.49,25.49,25.49,25.49,102
2026-05-20 09:30:00,25.6,25.6,25.6,25.6,100
2026-05-20 10:10:00,25.455,25.455,25.455,25.455,485
2026-05-21 09:50:00,25.68,25.68,25.68,25.68,100
2026-05-21 10:05:00,25.76,25.76,25.76,25.76,400
2026-05-21 13:45:00,25.91,25.9203,25.91,25.9203,519
2026-05-22 09:30:00,25.98,25.98,25.98,25.98,100
2026-05-22 10:20:00,25.885,25.885,25.885,25.885,310
2026-05-22 11:55:00,25.845,25.845,25.845,25.845,121
2026-05-22 14:20:00,25.82,25.8201,25.82,25.82,2600