2026-04-22 09:25:00,97.47,97.47,97.47,97.47,500
2026-04-22 09:30:00,97.34,97.34,97.34,97.34,5713
2026-04-22 09:35:00,97.385,97.385,97.385,97.385,256
2026-04-22 09:40:00,97.385,97.385,97.385,97.385,108
2026-04-22 10:00:00,97.54,97.566,97.5222,97.5222,712
2026-04-22 10:05:00,97.42,97.42,97.42,97.42,100
2026-04-22 10:10:00,97.42,97.42,97.42,97.42,100
2026-04-22 10:15:00,97.315,97.315,97.315,97.315,100
2026-04-22 10:30:00,97.43,97.43,97.34,97.34,400
2026-04-22 11:10:00,97.3929,97.3929,97.3929,97.3929,100
2026-04-22 11:40:00,97.605,97.605,97.605,97.605,200
2026-04-22 11:45:00,97.76,97.76,97.76,97.76,100
2026-04-22 12:00:00,97.75,97.75,97.75,97.75,100
2026-04-22 12:15:00,97.595,97.595,97.595,97.595,245
2026-04-22 12:20:00,97.6841,97.715,97.6841,97.715,650
2026-04-22 12:30:00,97.57,97.675,97.57,97.675,200
2026-04-22 12:35:00,97.57,97.57,97.57,97.57,232
2026-04-22 12:40:00,97.78,97.78,97.78,97.78,200
2026-04-22 12:50:00,97.64,97.64,97.64,97.64,409
2026-04-22 13:10:00,97.58,97.58,97.58,97.58,4934
2026-04-22 13:30:00,97.5327,97.5327,97.5327,97.5327,204
2026-04-22 13:55:00,97.62,97.62,97.552,97.61,23995
2026-04-22 14:00:00,97.47,97.595,97.47,97.47,1620
2026-04-22 14:05:00,97.47,97.55,97.47,97.53,7453
2026-04-22 14:25:00,97.58,97.58,97.58,97.58,200
2026-04-22 14:30:00,97.72,97.72,97.72,97.72,12600
2026-04-22 14:35:00,97.79,97.79,97.79,97.79,2310
2026-04-22 14:40:00,97.65,97.65,97.65,97.65,542
2026-04-22 14:45:00,97.77,97.77,97.77,97.77,100
2026-04-22 15:00:00,97.66,97.66,97.66,97.66,8385
2026-04-22 15:10:00,97.69,97.69,97.69,97.69,102
2026-04-22 15:25:00,97.62,97.62,97.62,97.62,2360
2026-04-22 15:30:00,97.58,97.63,97.485,97.485,8688
2026-04-22 15:35:00,97.47,97.47,97.47,97.47,102
2026-04-22 15:40:00,97.51,97.51,97.51,97.51,9790
2026-04-22 15:45:00,97.475,97.62,97.475,97.62,7562
2026-04-22 15:55:00,97.58,97.64,97.55,97.55,324
2026-04-22 16:00:00,97.65,97.65,97.65,97.65,492
2026-04-23 09:30:00,97.29,97.29,97.29,97.29,301
2026-04-23 09:35:00,97.15,97.15,97.15,97.15,221
2026-04-23 09:45:00,97.5,97.5,97.2701,97.2701,240
2026-04-23 09:55:00,97.31,97.31,97.31,97.31,256
2026-04-23 10:00:00,97.295,97.295,97.295,97.295,100
2026-04-23 10:10:00,97.2201,97.2201,97.2201,97.2201,100
2026-04-23 11:05:00,97.32,97.32,97.32,97.32,100
2026-04-23 11:15:00,97.41,97.41,97.4058,97.4058,296
2026-04-23 11:25:00,97.51,97.51,97.3,97.3,770
2026-04-23 12:40:00,97.66,97.67,97.5958,97.62,5272
2026-04-23 12:45:00,97.56,97.62,97.55,97.62,855
2026-04-23 12:50:00,97.6,97.6,97.59,97.59,388
2026-04-23 12:55:00,97.63,97.69,97.63,97.685,995
2026-04-23 13:00:00,97.685,97.958,97.685,97.958,387
2026-04-23 13:05:00,97.845,97.845,97.845,97.845,235
2026-04-23 13:10:00,97.95,97.95,97.95,97.95,200
2026-04-23 13:20:00,98,98,98,98,100
2026-04-23 13:30:00,98.22,98.22,98.22,98.22,153
2026-04-23 13:35:00,98.1885,98.3699,98.1885,98.3699,296
2026-04-23 14:35:00,98.06,98.06,98.06,98.06,100
2026-04-23 14:40:00,98.23,98.23,98.23,98.23,100
2026-04-23 15:05:00,98.2097,98.2097,98.2097,98.2097,110
2026-04-23 15:10:00,98.08,98.08,98.08,98.08,508
2026-04-23 15:15:00,98.18,98.18,98.18,98.18,203
2026-04-23 15:55:00,98.27,98.28,98.27,98.28,200
2026-04-24 08:10:00,100.34,100.34,100.34,100.34,1000
2026-04-24 09:25:00,98.03,98.03,98.03,98.03,100
2026-04-24 09:30:00,97.94,97.94,97.94,97.94,1091
2026-04-24 09:40:00,97.985,98.02,97.985,98.02,376
2026-04-24 10:00:00,97.955,97.99,97.955,97.99,250
2026-04-24 10:05:00,97.8999,97.8999,97.8999,97.8999,146
2026-04-24 10:10:00,97.98,97.98,97.98,97.98,200
2026-04-24 10:15:00,97.96,97.96,97.96,97.96,100
2026-04-24 10:20:00,97.96,97.96,97.96,97.96,121
2026-04-24 10:25:00,97.87,97.87,97.87,97.87,534
2026-04-24 10:35:00,97.7132,97.7132,97.7132,97.7132,287
2026-04-24 10:45:00,97.76,97.77,97.76,97.77,578
2026-04-24 11:15:00,97.99,97.99,97.99,97.99,300
2026-04-24 11:30:00,97.85,97.85,97.85,97.85,500
2026-04-24 12:10:00,97.4,97.5016,97.4,97.5015,1424
2026-04-24 12:35:00,97.57,97.57,97.57,97.57,238
2026-04-24 12:50:00,97.6118,97.6118,97.6118,97.6118,221
2026-04-24 13:05:00,97.61,97.61,97.61,97.61,100
2026-04-24 13:10:00,97.43,97.43,97.43,97.43,272
2026-04-24 13:15:00,97.51,97.51,97.475,97.475,411
2026-04-24 13:50:00,97.22,97.22,97.22,97.22,100
2026-04-24 14:20:00,97.5301,97.5301,97.5301,97.5301,123
2026-04-24 14:30:00,97.5,97.5,97.5,97.5,138
2026-04-24 14:40:00,97.6263,97.6263,97.6263,97.6263,140
2026-04-24 15:30:00,97.9076,97.9076,97.9076,97.9076,122
2026-04-24 15:40:00,97.865,97.865,97.865,97.865,137
2026-04-24 15:45:00,97.88,98,97.88,98,750
2026-04-24 15:55:00,97.875,97.875,97.83,97.83,500
2026-04-24 16:00:00,98,98,98,98,231
2026-04-27 09:30:00,98.23,98.23,98.23,98.23,742
2026-04-27 09:35:00,98.5,98.5,98.5,98.5,100
2026-04-27 09:50:00,98.64,98.64,98.64,98.64,300
2026-04-27 10:00:00,98.617,98.617,98.617,98.617,400
2026-04-27 10:15:00,98.675,98.675,98.675,98.675,600
2026-04-27 10:20:00,98.69,98.79,98.69,98.79,410
2026-04-27 10:30:00,98.58,98.58,98.58,98.58,100
2026-04-27 10:45:00,98.72,98.72,98.63,98.63,400
2026-04-27 10:55:00,98.705,98.705,98.705,98.705,1000
2026-04-27 11:00:00,98.765,98.765,98.765,98.765,132
2026-04-27 11:20:00,98.7929,98.85,98.7929,98.85,328
2026-04-27 11:30:00,98.7,98.7,98.7,98.7,100
2026-04-27 11:50:00,98.69,98.69,98.69,98.69,400
2026-04-27 12:05:00,98.5067,98.5067,98.5067,98.5067,520
2026-04-27 12:25:00,98.3701,98.3701,98.3701,98.3701,1231
2026-04-27 12:45:00,98.46,98.5895,98.46,98.5895,225
2026-04-27 12:55:00,98.575,98.575,98.575,98.575,100
2026-04-27 13:00:00,98.68,98.68,98.68,98.68,100
2026-04-27 13:05:00,98.58,98.58,98.58,98.58,177
2026-04-27 13:20:00,98.84,98.84,98.84,98.84,200
2026-04-27 13:35:00,98.5,98.5,98.5,98.5,143
2026-04-27 14:35:00,98.55,98.55,98.55,98.55,100
2026-04-27 14:45:00,98.375,98.375,98.375,98.375,102
2026-04-27 14:55:00,98.375,98.375,98.375,98.375,138
2026-04-27 15:00:00,98.39,98.47,98.39,98.47,433
2026-04-27 15:05:00,98.47,98.47,98.47,98.47,507
2026-04-27 15:35:00,98.27,98.27,98.27,98.27,100
2026-04-27 15:45:00,98.37,98.37,98.37,98.37,100
2026-04-27 15:50:00,98.365,98.365,98.23,98.23,300
2026-04-27 15:55:00,98.34,98.34,98.34,98.34,500
2026-04-27 16:00:00,98.51,98.51,98.51,98.51,173
2026-04-28 08:15:00,98.9,98.9,98.9,98.9,619
2026-04-28 09:30:00,98.45,98.45,98.45,98.45,1455
2026-04-28 09:35:00,98.26,98.26,98.26,98.26,100
2026-04-28 10:15:00,98.535,98.535,98.535,98.535,406
2026-04-28 10:40:00,98.652,98.652,98.652,98.652,250
2026-04-28 10:55:00,98.41,98.41,98.29,98.29,300
2026-04-28 11:10:00,98.48,98.48,98.48,98.48,500
2026-04-28 11:45:00,98.49,98.57,98.49,98.57,358
2026-04-28 12:20:00,98.445,98.445,98.445,98.445,147
2026-04-28 12:30:00,98.395,98.395,98.3385,98.3385,462
2026-04-28 12:45:00,98.47,98.475,98.21,98.21,2083
2026-04-28 13:15:00,98.3863,98.3863,98.3863,98.3863,274
2026-04-28 13:25:00,98.61,98.61,98.61,98.61,140
2026-04-28 13:35:00,98.623,98.623,98.623,98.623,100
2026-04-28 14:05:00,98.525,98.525,98.525,98.525,139
2026-04-28 14:15:00,98.525,98.525,98.525,98.525,229
2026-04-28 14:20:00,98.565,98.565,98.545,98.545,960
2026-04-28 14:40:00,98.655,98.655,98.655,98.655,867
2026-04-28 15:40:00,98.75,98.75,98.75,98.75,480
2026-04-28 15:55:00,98.78,98.78,98.78,98.78,256
2026-04-28 16:00:00,98.6,98.6,98.6,98.6,110
2026-04-29 05:35:00,98.6,98.6,98.6,98.6,300
2026-04-29 08:00:00,99,99,99,99,100
2026-04-29 09:30:00,99.51,99.51,99.51,99.51,658
2026-04-29 10:15:00,99.485,99.485,99.45,99.45,1200
2026-04-29 10:30:00,99.47,99.47,99.4406,99.4406,303
2026-04-29 10:45:00,99.472,99.472,99.472,99.472,277
2026-04-29 10:55:00,99.532,99.532,99.532,99.532,150
2026-04-29 11:00:00,99.4474,99.4474,99.4474,99.4474,189
2026-04-29 11:05:00,99.54,99.54,99.54,99.54,150
2026-04-29 11:10:00,99.5255,99.5255,99.5255,99.5255,170
2026-04-29 11:15:00,99.4999,99.4999,99.4999,99.4999,150
2026-04-29 11:20:00,99.4999,99.4999,99.4999,99.4999,150
2026-04-29 11:35:00,99.46,99.46,99.46,99.46,201
2026-04-29 11:40:00,99.48,99.48,99.48,99.48,505
2026-04-29 11:45:00,99.4618,99.4618,99.4618,99.4618,264
2026-04-29 11:50:00,99.545,99.6783,99.545,99.545,2590
2026-04-29 11:55:00,99.69,99.69,99.635,99.69,3177
2026-04-29 12:00:00,99.62,99.62,99.54,99.54,1229
2026-04-29 13:20:00,99.5778,99.5778,99.56,99.56,200
2026-04-29 14:00:00,99.61,99.61,99.61,99.61,229
2026-04-29 14:55:00,99.515,99.515,99.515,99.515,213
2026-04-29 15:10:00,99.5,99.5,99.5,99.5,177
2026-04-29 15:20:00,99.68,99.68,99.68,99.68,250
2026-04-29 15:25:00,99.5231,99.5231,99.5231,99.5231,173
2026-04-29 15:50:00,99.69,99.69,99.69,99.69,205
2026-04-29 15:55:00,99.67,99.67,99.67,99.67,100
2026-04-30 09:30:00,99.21,99.21,99.21,99.21,653
2026-04-30 09:35:00,99.15,99.15,99.15,99.15,100
2026-04-30 09:40:00,99.5,99.5,99.5,99.5,111
2026-04-30 09:45:00,99.5189,99.5189,99.39,99.39,300
2026-04-30 09:55:00,99.2001,99.2001,99.2001,99.2001,100
2026-04-30 10:00:00,99.32,99.364,99.28,99.28,1267
2026-04-30 10:05:00,99.395,99.66,99.395,99.66,300
2026-04-30 10:10:00,99.3574,99.46,99.3574,99.46,681
2026-04-30 10:25:00,99.495,99.495,99.495,99.495,137
2026-04-30 10:30:00,99.345,99.345,99.345,99.345,279
2026-04-30 10:45:00,99.5993,99.5993,99.5993,99.5993,250
2026-04-30 11:15:00,99.66,99.6699,99.47,99.5192,2212
2026-04-30 11:20:00,99.49,99.49,99.49,99.49,100
2026-04-30 11:55:00,99.53,99.53,99.53,99.53,170
2026-04-30 12:00:00,99.56,99.58,99.49,99.52,1047
2026-04-30 12:05:00,99.52,99.53,99.52,99.53,1728
2026-04-30 13:05:00,99.61,99.61,99.61,99.61,150
2026-04-30 13:10:00,99.63,99.655,99.53,99.655,768
2026-04-30 13:20:00,99.85,99.85,99.786,99.786,608
2026-04-30 13:25:00,99.76,99.76,99.76,99.76,100
2026-04-30 13:30:00,99.6999,99.6999,99.6999,99.6999,100
2026-04-30 13:35:00,99.7,99.819,99.7,99.819,200
2026-04-30 13:40:00,99.8599,99.8599,99.8599,99.8599,1000
2026-04-30 13:50:00,99.74,99.75,99.74,99.75,200
2026-04-30 14:10:00,99.86,99.86,99.86,99.86,100
2026-04-30 14:20:00,99.725,99.725,99.725,99.725,100
2026-04-30 14:30:00,99.905,99.905,99.905,99.905,497
2026-04-30 14:40:00,99.875,99.875,99.875,99.875,500
2026-04-30 14:45:00,99.875,99.875,99.875,99.875,295
2026-04-30 14:55:00,99.925,99.925,99.925,99.925,100
2026-04-30 15:00:00,99.79,99.94,99.79,99.94,501
2026-04-30 15:05:00,99.8808,99.8808,99.8808,99.8808,120
2026-04-30 15:10:00,99.93,99.93,99.93,99.93,100
2026-04-30 15:50:00,99.895,99.895,99.895,99.895,100
2026-04-30 16:15:00,100.99,101,100.99,101,400
2026-05-01 07:55:00,101.75,101.75,101.75,101.75,300
2026-05-01 09:25:00,99.86,99.86,99.86,99.86,392
2026-05-01 09:30:00,100,100,100,100,3870
2026-05-01 09:45:00,99.95,99.96,99.93,99.93,1000
2026-05-01 09:50:00,99.85,99.85,99.85,99.85,100
2026-05-01 09:55:00,99.78,99.81,99.78,99.81,250
2026-05-01 10:00:00,99.7,99.79,99.7,99.79,200
2026-05-01 10:05:00,99.55,99.665,99.55,99.665,300
2026-05-01 10:10:00,99.53,99.55,99.42,99.42,2266
2026-05-01 10:15:00,99.7199,99.7199,99.7,99.7,250
2026-05-01 10:20:00,99.51,99.51,99.43,99.43,400
2026-05-01 10:35:00,99.73,99.73,99.6311,99.6311,319
2026-05-01 10:45:00,99.7,99.7999,99.7,99.7999,409
2026-05-01 11:05:00,99.975,99.975,99.975,99.975,100
2026-05-01 11:15:00,100.02,100.0399,99.78,100.0399,1105
2026-05-01 12:15:00,99.645,99.645,99.645,99.645,100
2026-05-01 12:20:00,99.49,99.49,99.49,99.49,100
2026-05-01 12:35:00,99.78,99.78,99.78,99.78,100
2026-05-01 13:05:00,99.765,99.88,99.765,99.88,610
2026-05-01 13:10:00,99.77,99.78,99.77,99.78,2597
2026-05-01 13:50:00,99.8,99.8,99.8,99.8,1198
2026-05-01 14:20:00,99.7699,99.7699,99.7699,99.7699,100
2026-05-01 14:55:00,99.8499,99.8499,99.8499,99.8499,100
2026-05-01 15:05:00,99.78,99.78,99.78,99.78,100
2026-05-01 15:10:00,99.705,99.705,99.705,99.705,1999
2026-05-01 15:20:00,99.78,99.78,99.78,99.78,100
2026-05-01 15:25:00,99.75,99.779,99.75,99.75,2100
2026-05-01 15:30:00,99.72,99.72,99.72,99.72,100
2026-05-01 15:35:00,99.55,99.7799,99.55,99.7799,200
2026-05-01 15:55:00,99.78,99.78,99.78,99.78,100
2026-05-01 16:00:00,99.8,99.8,99.8,99.8,204
2026-05-01 17:20:00,104.26,104.7,104.26,104.7,200
2026-05-04 09:15:00,99.8,99.8,99.8,99.8,500
2026-05-04 09:30:00,100.09,100.09,100.05,100.05,1861
2026-05-04 09:40:00,99.83,100,99.83,100,400
2026-05-04 09:50:00,100.0448,100.0448,100.02,100.02,350
2026-05-04 10:00:00,100.05,100.05,100.05,100.05,100
2026-05-04 10:10:00,99.88,99.88,99.83,99.83,1260
2026-05-04 10:35:00,100.195,100.195,100.195,100.195,300
2026-05-04 10:55:00,100.47,100.47,100.47,100.47,100
2026-05-04 11:00:00,100.44,100.44,100.36,100.36,1400
2026-05-04 11:25:00,100.66,100.66,100.66,100.66,300
2026-05-04 11:30:00,100.87,100.87,100.87,100.87,109
2026-05-04 11:45:00,100.66,100.66,100.635,100.635,921
2026-05-04 11:50:00,100.68,100.68,100.57,100.57,1388
2026-05-04 12:00:00,100.54,100.54,100.54,100.54,100
2026-05-04 12:05:00,100.63,100.66,100.63,100.63,3300
2026-05-04 12:15:00,100.65,100.71,100.63,100.635,6479
2026-05-04 12:35:00,100.821,100.821,100.821,100.821,100
2026-05-04 12:45:00,100.87,100.87,100.87,100.87,161
2026-05-04 12:50:00,100.87,100.87,100.87,100.87,100
2026-05-04 13:00:00,100.83,100.83,100.83,100.83,100
2026-05-04 13:15:00,100.72,100.72,100.72,100.72,100
2026-05-04 13:35:00,100.83,100.83,100.83,100.83,100
2026-05-04 13:40:00,100.67,100.67,100.67,100.67,300
2026-05-04 13:55:00,100.88,100.88,100.88,100.88,102
2026-05-04 14:05:00,100.67,100.67,100.67,100.67,100
2026-05-04 14:15:00,100.74,100.74,100.74,100.74,20307
2026-05-04 14:20:00,100.8076,100.8076,100.8076,100.8076,200
2026-05-04 14:25:00,101,101,100.9,100.9,7680
2026-05-04 14:50:00,100.9,100.9,100.9,100.9,100
2026-05-04 14:55:00,100.9,100.9,100.9,100.9,100
2026-05-04 15:00:00,100.88,100.88,100.88,100.88,100
2026-05-04 15:15:00,100.755,100.755,100.7,100.7,1263
2026-05-04 15:45:00,100.82,100.82,100.82,100.82,426
2026-05-04 15:50:00,100.805,100.805,100.805,100.805,500
2026-05-04 15:55:00,100.8999,100.8999,100.835,100.835,340
2026-05-04 16:00:00,100.74,100.74,100.74,100.74,436
2026-05-05 09:10:00,102.98,102.98,102.98,102.98,100
2026-05-05 09:30:00,100.92,100.92,100.92,100.92,678
2026-05-05 09:50:00,100.85,100.85,100.85,100.85,304
2026-05-05 09:55:00,100.78,100.78,100.78,100.78,3120
2026-05-05 10:05:00,100.73,100.82,100.6,100.6,2010
2026-05-05 10:15:00,100.87,100.87,100.78,100.78,200
2026-05-05 10:25:00,100.945,100.945,100.945,100.945,200
2026-05-05 10:30:00,100.93,100.93,100.93,100.93,169
2026-05-05 10:40:00,100.91,100.91,100.91,100.91,248
2026-05-05 10:50:00,100.92,100.92,100.92,100.92,172
2026-05-05 11:05:00,100.87,100.915,100.87,100.915,3475
2026-05-05 11:25:00,101.105,101.19,101.105,101.1426,3684
2026-05-05 11:45:00,100.845,100.88,100.845,100.88,237
2026-05-05 11:50:00,100.875,100.875,100.875,100.875,190
2026-05-05 12:30:00,100.83,100.83,100.83,100.83,100
2026-05-05 12:50:00,100.765,100.765,100.765,100.765,201
2026-05-05 13:10:00,100.81,100.88,100.75,100.75,5000
2026-05-05 13:50:00,100.78,100.78,100.78,100.78,100
2026-05-05 13:55:00,100.785,100.785,100.785,100.785,400
2026-05-05 14:05:00,100.7899,100.7899,100.7899,100.7899,150
2026-05-05 14:15:00,100.875,100.875,100.875,100.875,124
2026-05-05 14:20:00,100.96,100.96,100.96,100.96,100
2026-05-05 14:25:00,100.981,100.981,100.981,100.981,100
2026-05-05 14:40:00,100.89,100.89,100.89,100.89,198
2026-05-05 15:25:00,100.925,100.93,100.875,100.93,992
2026-05-05 15:30:00,100.925,100.925,100.925,100.925,272
2026-05-05 15:55:00,100.9,100.995,100.9,100.995,568
2026-05-06 07:00:00,100.8,100.8,100.8,100.8,100
2026-05-06 09:30:00,99.45,99.45,99.257,99.278,508
2026-05-06 09:40:00,99.23,99.23,99.23,99.23,100
2026-05-06 09:45:00,99.21,99.21,99.105,99.105,210
2026-05-06 09:55:00,99.175,99.175,99.175,99.175,252
2026-05-06 10:05:00,99.3199,99.3199,99.3199,99.3199,322
2026-05-06 10:10:00,99.095,99.095,98.9,98.9,200
2026-05-06 10:25:00,98.861,98.8814,98.861,98.8814,400
2026-05-06 10:40:00,99.0297,99.0297,99.0297,99.0297,100
2026-05-06 10:55:00,99.07,99.07,99.07,99.07,200
2026-05-06 11:00:00,98.96,98.96,98.9401,98.9401,791
2026-05-06 11:05:00,98.92,98.92,98.92,98.92,508
2026-05-06 11:10:00,99.04,99.04,99.04,99.04,115
2026-05-06 11:20:00,98.8707,98.935,98.79,98.79,1666
2026-05-06 11:25:00,99.04,99.04,98.871,98.871,340
2026-05-06 11:40:00,98.91,98.91,98.91,98.91,180
2026-05-06 11:45:00,98.965,98.965,98.9,98.941,1628
2026-05-06 11:50:00,99.02,99.02,99.02,99.02,381
2026-05-06 12:20:00,98.96,98.96,98.935,98.935,225
2026-05-06 12:30:00,98.82,98.82,98.82,98.82,300
2026-05-06 12:35:00,98.79,98.85,98.7701,98.85,3905
2026-05-06 12:40:00,98.831,98.831,98.831,98.831,1141
2026-05-06 12:45:00,98.97,98.97,98.97,98.97,505
2026-05-06 12:50:00,98.98,99.1094,98.92,99.1094,800
2026-05-06 12:55:00,98.9601,99.19,98.9601,99.19,619
2026-05-06 13:05:00,98.89,98.97,98.89,98.97,248
2026-05-06 13:15:00,99.03,99.03,99.03,99.03,178
2026-05-06 13:20:00,99,99,99,99,500
2026-05-06 13:30:00,98.9788,98.9788,98.9788,98.9788,216
2026-05-06 13:35:00,98.905,98.905,98.905,98.905,400
2026-05-06 13:50:00,99,99,99,99,122
2026-05-06 14:05:00,98.9792,98.9792,98.9792,98.9792,323
2026-05-06 14:25:00,98.693,98.693,98.693,98.693,100
2026-05-06 14:30:00,98.68,98.7,98.68,98.7,500
2026-05-06 14:55:00,98.7507,98.7507,98.7507,98.7507,200
2026-05-06 15:10:00,98.77,98.7902,98.735,98.735,2172
2026-05-06 15:25:00,98.705,98.705,98.705,98.705,100
2026-05-06 15:40:00,98.76,98.76,98.76,98.76,266
2026-05-06 15:55:00,98.8,98.8,98.8,98.8,332
2026-05-07 07:20:00,98.5,98.5,98.5,98.5,100
2026-05-07 09:30:00,97.92,97.92,97.82,97.82,1466
2026-05-07 09:35:00,97.87,97.87,97.87,97.87,510
2026-05-07 09:45:00,98.08,98.08,98.08,98.08,100
2026-05-07 09:55:00,97.77,97.77,97.68,97.77,2471
2026-05-07 10:10:00,97.56,97.56,97.405,97.405,320
2026-05-07 10:15:00,97.3648,97.3648,97.32,97.3648,1000
2026-05-07 10:45:00,97.6901,97.6901,97.6901,97.6901,121
2026-05-07 11:10:00,97.98,97.98,97.89,97.89,500
2026-05-07 11:40:00,98.05,98.05,98.05,98.05,102
2026-05-07 12:10:00,98.28,98.28,98.28,98.28,300
2026-05-07 12:30:00,98.42,98.471,98.42,98.471,262
2026-05-07 12:35:00,98.495,98.495,98.495,98.495,188
2026-05-07 12:50:00,98.42,98.42,98.42,98.42,325
2026-05-07 13:10:00,98.38,98.38,98.3,98.3001,1584
2026-05-07 13:30:00,98.444,98.444,98.444,98.444,151
2026-05-07 13:55:00,98.4,98.4,98.4,98.4,100
2026-05-07 14:15:00,98.48,98.48,98.48,98.48,1200
2026-05-07 14:35:00,98.42,98.5,98.42,98.5,713
2026-05-07 15:00:00,98.485,98.56,98.485,98.56,500
2026-05-07 15:05:00,98.55,98.55,98.55,98.55,102
2026-05-07 15:15:00,98.7,98.7,98.7,98.7,102
2026-05-07 15:20:00,98.6801,98.7601,98.6801,98.7601,450
2026-05-07 15:30:00,98.85,98.86,98.85,98.86,207
2026-05-07 15:40:00,98.72,98.86,98.72,98.86,505
2026-05-07 15:50:00,98.9606,98.9606,98.9606,98.9606,179
2026-05-07 15:55:00,98.885,98.885,98.71,98.84,422
2026-05-07 16:00:00,98.64,98.64,98.64,98.64,163
2026-05-07 19:50:00,97,97,97,97,108
2026-05-08 09:25:00,98.5,98.5,98.5,98.5,100
2026-05-08 09:30:00,98.63,98.63,98.63,98.63,563
2026-05-08 09:40:00,98.865,98.865,98.865,98.865,200
2026-05-08 09:45:00,98.76,98.76,98.76,98.76,128
2026-05-08 10:05:00,98.91,99.01,98.82,98.91,4500
2026-05-08 11:00:00,98.995,98.995,98.91,98.9646,800
2026-05-08 11:05:00,99.09,99.09,99.09,99.09,100
2026-05-08 11:30:00,99.045,99.045,99.045,99.045,159
2026-05-08 11:45:00,99.2307,99.2307,99.2307,99.2307,100
2026-05-08 12:00:00,99.0954,99.0954,99.0954,99.0954,134
2026-05-08 12:15:00,98.96,98.96,98.951,98.951,300
2026-05-08 12:20:00,98.951,99.0078,98.95,99.0078,700
2026-05-08 12:45:00,98.95,98.95,98.95,98.95,1000
2026-05-08 13:20:00,98.89,98.89,98.89,98.89,300
2026-05-08 13:25:00,98.86,98.86,98.7701,98.7701,220
2026-05-08 13:50:00,98.95,98.95,98.95,98.95,100
2026-05-08 14:00:00,98.87,98.87,98.87,98.87,100
2026-05-08 14:10:00,98.915,98.915,98.915,98.915,162
2026-05-08 14:20:00,98.915,98.915,98.915,98.915,140
2026-05-08 14:25:00,99.045,99.045,99.045,99.045,111
2026-05-08 14:30:00,99.0937,99.0937,99.035,99.035,382
2026-05-08 14:45:00,99.01,99.1299,99.01,99.1299,429
2026-05-08 14:50:00,99.035,99.035,99.035,99.035,141
2026-05-08 15:30:00,98.95,98.95,98.95,98.95,15250
2026-05-08 15:40:00,99.0022,99.0022,99.0022,99.0022,100
2026-05-08 15:55:00,98.98,98.98,98.98,98.98,100
2026-05-11 09:30:00,100.5,100.5,100.46,100.46,1634
2026-05-11 09:35:00,100.53,100.53,100.53,100.53,141
2026-05-11 10:05:00,100.26,100.26,100.26,100.26,500
2026-05-11 10:50:00,100.535,100.535,100.535,100.535,100
2026-05-11 10:55:00,100.46,100.46,100.46,100.46,100
2026-05-11 11:30:00,100.83,100.83,100.83,100.83,136
2026-05-11 11:50:00,101.06,101.06,100.9725,100.9725,303
2026-05-11 12:45:00,101.108,101.21,101.108,101.21,444
2026-05-11 12:50:00,101.165,101.165,101.165,101.165,2226
2026-05-11 13:15:00,101.085,101.18,101.085,101.18,899
2026-05-11 13:20:00,100.908,100.908,100.908,100.908,436
2026-05-11 13:45:00,100.955,100.955,100.955,100.955,564
2026-05-11 14:05:00,100.8301,100.94,100.8301,100.84,993
2026-05-11 14:10:00,101.05,101.05,101.05,101.05,100
2026-05-11 14:15:00,101.13,101.13,101.13,101.13,100
2026-05-11 14:30:00,100.88,100.885,100.871,100.871,815
2026-05-11 14:35:00,101.098,101.098,101.098,101.098,1085
2026-05-11 14:40:00,100.995,100.995,100.9,100.9,886
2026-05-11 15:00:00,101.045,101.045,101.045,101.045,150
2026-05-11 15:10:00,101.05,101.05,101.05,101.05,170
2026-05-11 15:15:00,101.025,101.0357,101.025,101.0357,200
2026-05-11 15:35:00,101.1089,101.1089,101.1089,101.1089,495
2026-05-11 15:40:00,101.005,101.005,101,101,348
2026-05-11 15:50:00,101.015,101.065,101.015,101.065,600
2026-05-11 15:55:00,101.065,101.065,100.98,100.98,200
2026-05-11 16:00:00,101.04,101.04,101.04,101.04,108
2026-05-12 09:30:00,101.5,101.5,101.5,101.5,548
2026-05-12 09:40:00,102.2565,102.2565,102.2565,102.2565,300
2026-05-12 10:25:00,102.125,102.125,102.125,102.125,490
2026-05-12 10:35:00,101.93,101.93,101.93,101.93,637
2026-05-12 10:50:00,102.05,102.05,102.05,102.05,100
2026-05-12 10:55:00,102.16,102.16,102.1381,102.1381,719
2026-05-12 11:00:00,102.18,102.18,102.18,102.18,200
2026-05-12 11:10:00,102.19,102.19,102.19,102.19,100
2026-05-12 11:15:00,102.125,102.15,102.125,102.15,982
2026-05-12 11:20:00,102,102,101.955,101.955,232
2026-05-12 11:25:00,101.965,101.965,101.965,101.965,120
2026-05-12 11:30:00,101.9,101.9,101.9,101.9,100
2026-05-12 12:00:00,101.99,101.99,101.99,101.99,125
2026-05-12 12:10:00,101.985,101.985,101.985,101.985,300
2026-05-12 12:15:00,101.935,101.935,101.935,101.935,531
2026-05-12 12:20:00,101.975,102.04,101.97,102.04,650
2026-05-12 12:30:00,102.14,102.14,102.065,102.065,236
2026-05-12 13:15:00,102.185,102.185,102.185,102.185,118
2026-05-12 13:35:00,102.11,102.26,102.11,102.26,200
2026-05-12 13:55:00,102.2999,102.2999,102.2999,102.2999,107
2026-05-12 14:00:00,102.3099,102.3099,102.09,102.09,266
2026-05-12 14:10:00,102.48,102.48,102.48,102.48,500
2026-05-12 14:15:00,102.4,102.4,102.4,102.4,151
2026-05-12 14:20:00,102.35,102.35,102.35,102.35,100
2026-05-12 14:45:00,102.545,102.6399,102.545,102.6399,974
2026-05-12 15:25:00,102.61,102.62,102.61,102.6199,495
2026-05-12 15:50:00,102.59,102.59,102.59,102.59,300
2026-05-12 16:00:00,102.69,102.69,102.69,102.69,121
2026-05-13 09:30:00,102.6,102.6,102.6,102.6,847
2026-05-13 09:40:00,102.53,102.53,102.52,102.52,500
2026-05-13 09:55:00,102.69,102.69,102.69,102.69,500
2026-05-13 10:00:00,102.75,102.75,102.75,102.75,500
2026-05-13 10:30:00,102.93,102.93,102.93,102.93,100
2026-05-13 10:50:00,102.6501,102.6501,102.6501,102.6501,459
2026-05-13 10:55:00,102.7,102.7,102.7,102.7,146
2026-05-13 11:05:00,102.835,102.835,102.835,102.835,146
2026-05-13 11:10:00,102.7056,102.7056,102.7056,102.7056,250
2026-05-13 11:25:00,102.5201,102.5201,102.5201,102.5201,100
2026-05-13 11:30:00,102.7463,102.7463,102.7463,102.7463,100
2026-05-13 11:35:00,102.505,102.505,102.505,102.505,112
2026-05-13 11:50:00,102.635,102.635,102.615,102.615,680
2026-05-13 13:00:00,102.45,102.45,102.45,102.45,1615
2026-05-13 13:20:00,102.39,102.39,102.39,102.39,1250
2026-05-13 13:45:00,102.3602,102.3602,102.3602,102.3602,150
2026-05-13 14:00:00,102.315,102.44,102.315,102.44,539
2026-05-13 14:50:00,102.2,102.2,102.2,102.2,150
2026-05-13 15:25:00,102.11,102.11,102.11,102.11,100
2026-05-13 15:50:00,102.23,102.23,102.23,102.23,100
2026-05-13 15:55:00,102.17,102.24,102.1,102.24,553
2026-05-13 16:00:00,102.1,102.1,102.1,102.1,210
2026-05-14 09:30:00,100.95,100.95,100.95,100.95,301
2026-05-14 09:35:00,101.3212,101.3212,101.3212,101.3212,449
2026-05-14 09:40:00,101.43,101.43,101.37,101.37,300
2026-05-14 10:05:00,101.2,101.21,101.2,101.21,233
2026-05-14 11:10:00,101.285,101.285,101.285,101.285,250
2026-05-14 11:15:00,101.18,101.18,101.18,101.18,478
2026-05-14 11:35:00,101.3069,101.3069,101.3069,101.3069,490
2026-05-14 12:50:00,101.22,101.2201,101.22,101.22,400
2026-05-14 13:50:00,101.22,101.22,101.22,101.22,203
2026-05-14 14:05:00,101.38,101.38,101.38,101.38,9080
2026-05-14 14:25:00,101.33,101.33,101.33,101.33,100
2026-05-14 14:30:00,101.46,101.46,101.34,101.34,974
2026-05-14 14:35:00,101.34,101.34,101.34,101.34,375
2026-05-14 15:00:00,101.46,101.46,101.46,101.46,725
2026-05-14 15:30:00,101.285,101.285,101.285,101.285,100
2026-05-14 15:35:00,101.375,101.375,101.375,101.375,100
2026-05-14 15:40:00,101.375,101.375,101.375,101.375,111
2026-05-15 09:30:00,100.54,100.54,100.54,100.54,223
2026-05-15 09:50:00,101,101,100.98,100.98,306
2026-05-15 10:05:00,100.83,100.83,100.83,100.83,100
2026-05-15 10:20:00,100.9699,100.9699,100.9699,100.9699,195
2026-05-15 10:45:00,101.04,101.04,101.04,101.04,100
2026-05-15 10:50:00,101.06,101.06,101.06,101.06,100
2026-05-15 11:05:00,101.055,101.1188,101.055,101.1188,266
2026-05-15 11:25:00,101,101,101,101,100
2026-05-15 11:35:00,101.02,101.02,101.02,101.02,200
2026-05-15 12:00:00,101.1,101.105,101.1,101.105,238
2026-05-15 12:30:00,101.12,101.12,101.12,101.12,100
2026-05-15 12:35:00,101.12,101.1387,101.075,101.1385,2181
2026-05-15 12:40:00,101.12,101.14,101.0798,101.1399,1427
2026-05-15 12:45:00,101.075,101.13,101.075,101.12,888
2026-05-15 12:50:00,101.13,101.13,101.075,101.13,997
2026-05-15 12:55:00,101.0685,101.13,101.0685,101.075,1472
2026-05-15 13:00:00,101.1399,101.1399,100.98,100.98,1651
2026-05-15 13:05:00,101.1,101.21,101.1,101.21,900
2026-05-15 13:10:00,101.1,101.1,101.1,101.1,128
2026-05-15 13:15:00,101.1,101.1,101.1,101.1,287
2026-05-15 13:40:00,101.193,101.2,101.193,101.1999,1200
2026-05-15 14:00:00,101.24,101.24,101.2399,101.2399,798
2026-05-15 14:05:00,101.24,101.24,101.24,101.24,200
2026-05-15 14:25:00,101.195,101.195,101.185,101.185,495
2026-05-15 14:40:00,101.2699,101.2699,101.2699,101.2699,197
2026-05-15 15:30:00,101.12,101.12,101.12,101.12,100
2026-05-15 15:45:00,101.1,101.1,101.1,101.1,277
2026-05-15 15:55:00,101.2,101.2,101.18,101.18,200
2026-05-18 09:30:00,101.34,101.34,101.34,101.34,1006
2026-05-18 10:05:00,101.79,101.79,101.79,101.79,300
2026-05-18 10:10:00,101.9,101.9,101.77,101.77,200
2026-05-18 10:15:00,101.79,101.79,101.79,101.79,100
2026-05-18 10:40:00,101.924,101.96,101.924,101.96,400
2026-05-18 10:50:00,101.95,101.95,101.95,101.95,300
2026-05-18 10:55:00,101.88,101.88,101.88,101.88,200
2026-05-18 11:00:00,101.96,101.96,101.96,101.96,100
2026-05-18 11:10:00,102.02,102.0644,102.01,102.01,700
2026-05-18 11:15:00,102.13,102.13,102.13,102.13,200
2026-05-18 11:25:00,102.025,102.025,102.025,102.025,158
2026-05-18 11:30:00,102.08,102.08,102.08,102.08,100
2026-05-18 12:05:00,102.13,102.145,102.13,102.145,232
2026-05-18 12:20:00,102.165,102.165,102.04,102.04,367
2026-05-18 12:25:00,102.03,102.215,102.03,102.215,1037
2026-05-18 12:40:00,102.05,102.05,102.05,102.05,100
2026-05-18 12:45:00,102.025,102.025,102.025,102.025,719
2026-05-18 12:50:00,102.052,102.1199,102.052,102.1199,1078
2026-05-18 12:55:00,102.045,102.045,102.045,102.045,110
2026-05-18 13:00:00,102.1,102.12,102.1,102.11,2800
2026-05-18 13:05:00,102.055,102.06,102.055,102.06,2765
2026-05-18 13:20:00,101.9,101.9,101.9,101.9,1215
2026-05-18 13:30:00,102.02,102.02,102.02,102.02,200
2026-05-18 14:10:00,102.055,102.1,102.055,102.1,200
2026-05-18 14:25:00,102.22,102.22,102.22,102.22,100
2026-05-18 15:00:00,102.24,102.24,102.24,102.24,100
2026-05-18 15:55:00,101.51,101.515,101.4368,101.51,1391
2026-05-19 09:30:00,102.02,102.03,101.85,102.03,1133
2026-05-19 09:35:00,101.73,101.73,101.73,101.73,100
2026-05-19 09:40:00,101.775,101.775,101.775,101.775,400
2026-05-19 09:55:00,101.58,101.58,101.58,101.58,100
2026-05-19 10:10:00,101.6,101.6,101.6,101.6,100
2026-05-19 10:40:00,101.45,101.59,101.45,101.59,1900
2026-05-19 10:50:00,101.62,101.62,101.555,101.555,701
2026-05-19 10:55:00,101.55,101.55,101.55,101.55,100
2026-05-19 11:00:00,101.58,101.58,101.58,101.58,300
2026-05-19 11:05:00,101.41,101.41,101.41,101.41,200
2026-05-19 11:25:00,101.51,101.51,101.51,101.51,100
2026-05-19 11:30:00,101.5,101.565,101.5,101.565,200
2026-05-19 11:35:00,101.61,101.61,101.61,101.61,100
2026-05-19 11:45:00,101.69,101.69,101.675,101.675,655
2026-05-19 11:50:00,101.69,101.69,101.69,101.69,100
2026-05-19 12:00:00,101.74,101.81,101.74,101.81,240
2026-05-19 12:25:00,101.78,101.78,101.78,101.78,100
2026-05-19 12:30:00,101.81,101.88,101.8053,101.8053,700
2026-05-19 12:35:00,101.86,101.86,101.86,101.86,100
2026-05-19 12:45:00,101.9599,101.9599,101.9599,101.9599,100
2026-05-19 13:00:00,101.88,101.88,101.88,101.88,100
2026-05-19 13:15:00,102.07,102.07,101.995,101.995,256
2026-05-19 13:30:00,101.935,101.935,101.935,101.935,100
2026-05-19 13:40:00,101.85,101.86,101.785,101.785,500
2026-05-19 13:45:00,101.79,101.8,101.79,101.8,200
2026-05-19 14:15:00,101.66,101.769,101.66,101.769,836
2026-05-19 14:20:00,101.77,101.77,101.77,101.77,100
2026-05-19 14:30:00,102.025,102.11,102.025,102.11,200
2026-05-19 14:35:00,102.1,102.1,102.1,102.1,100
2026-05-19 15:10:00,101.95,101.95,101.9499,101.9499,264
2026-05-19 15:20:00,101.905,101.905,101.905,101.905,100
2026-05-19 15:50:00,101.9799,101.9799,101.9799,101.9799,225
2026-05-19 15:55:00,101.9799,101.9799,101.87,101.87,226
2026-05-20 09:30:00,101.46,101.46,101.46,101.46,176
2026-05-20 09:45:00,101.3909,101.3909,101.3909,101.3909,200
2026-05-20 10:00:00,101.48,101.48,101.48,101.48,200
2026-05-20 10:05:00,101.45,101.45,101.45,101.45,100
2026-05-20 10:10:00,101.4755,101.4755,101.28,101.28,838
2026-05-20 10:15:00,101.34,101.34,100.73,100.96,700
2026-05-20 10:20:00,100.85,100.85,100.85,100.85,300
2026-05-20 10:35:00,100.89,100.89,100.89,100.89,113
2026-05-20 10:40:00,101.075,101.075,101.075,101.075,174
2026-05-20 10:50:00,100.99,100.99,100.99,100.99,240
2026-05-20 10:55:00,100.98,100.98,100.98,100.98,114
2026-05-20 11:05:00,100.84,100.84,100.84,100.84,300
2026-05-20 11:15:00,100.19,100.19,100.01,100.01,342
2026-05-20 11:35:00,100.5662,100.5662,100.5662,100.5662,211
2026-05-20 11:50:00,100.49,100.49,100.49,100.49,100
2026-05-20 11:55:00,100.6599,100.6599,100.6599,100.6599,116
2026-05-20 12:10:00,100.34,100.34,100.34,100.34,500
2026-05-20 12:15:00,100.335,100.38,100.335,100.38,322
2026-05-20 12:25:00,100.64,100.64,100.64,100.64,157
2026-05-20 12:40:00,100.325,100.325,100.325,100.325,100
2026-05-20 12:45:00,100.33,100.33,100.295,100.295,598
2026-05-20 12:50:00,100.285,100.32,100.285,100.32,647
2026-05-20 13:10:00,100.25,100.25,100.25,100.25,200
2026-05-20 13:20:00,100.2581,100.2581,100.2581,100.2581,160
2026-05-20 13:25:00,100.31,100.31,100.31,100.31,120
2026-05-20 13:35:00,100.15,100.31,100.15,100.31,200
2026-05-20 14:00:00,100.37,100.37,100.37,100.37,100
2026-05-20 14:20:00,100.5,100.5,100.5,100.5,100
2026-05-20 14:55:00,100.5099,100.5099,100.5099,100.5099,150
2026-05-20 15:00:00,100.44,100.44,100.44,100.44,187
2026-05-20 15:10:00,100.44,100.44,100.44,100.44,100
2026-05-20 15:25:00,100.49,100.5,100.44,100.44,1197
2026-05-20 15:35:00,100.47,100.47,100.47,100.47,100
2026-05-20 15:45:00,100.45,100.5,100.45,100.5,417
2026-05-20 15:55:00,100.41,100.41,100.41,100.41,100
2026-05-21 10:00:00,100.955,100.955,100.955,100.955,100
2026-05-21 10:10:00,101.01,101.01,101.01,101.01,1172
2026-05-21 10:15:00,101.1,101.1,101.031,101.1,7829
2026-05-21 10:25:00,100.7501,100.7501,100.7501,100.7501,150
2026-05-21 10:30:00,100.79,100.79,100.79,100.79,125
2026-05-21 10:45:00,100.75,100.91,100.73,100.7301,1404
2026-05-21 10:55:00,100.91,100.91,100.91,100.91,200
2026-05-21 11:00:00,100.98,100.98,100.98,100.98,100
2026-05-21 11:05:00,100.99,100.99,100.99,100.99,100
2026-05-21 11:10:00,101.08,101.08,101.08,101.08,100
2026-05-21 11:30:00,101.1,101.1,101.1,101.1,100
2026-05-21 11:40:00,100.955,100.955,100.955,100.955,100
2026-05-21 11:45:00,100.955,100.955,100.955,100.955,100
2026-05-21 11:55:00,100.88,100.88,100.88,100.88,100
2026-05-21 12:10:00,100.49,100.65,100.49,100.65,700
2026-05-21 12:20:00,100.77,100.77,100.77,100.77,100
2026-05-21 12:30:00,100.71,100.71,100.71,100.71,628
2026-05-21 12:35:00,100.71,100.71,100.71,100.71,101
2026-05-21 12:40:00,100.72,100.72,100.72,100.72,100
2026-05-21 12:55:00,100.72,100.72,100.72,100.72,100
2026-05-21 13:05:00,100.63,100.63,100.63,100.63,100
2026-05-21 13:10:00,100.4,100.45,100.39,100.45,500
2026-05-21 13:15:00,100.1,100.1,100.1,100.1,100
2026-05-21 13:20:00,99.95,100.11,99.95,100.11,500
2026-05-21 13:25:00,100.0612,100.0612,100.0612,100.0612,500
2026-05-21 13:30:00,100.06,100.085,100.06,100.085,479
2026-05-21 13:35:00,100.1,100.1,100.1,100.1,300
2026-05-21 13:40:00,99.82,99.83,99.73,99.73,600
2026-05-21 13:45:00,99.66,99.66,99.66,99.66,429
2026-05-21 13:55:00,99.51,99.51,99.51,99.51,188
2026-05-21 14:00:00,99.48,99.48,99.46,99.46,400
2026-05-21 14:05:00,99.67,99.67,99.67,99.67,100
2026-05-21 14:25:00,99.635,99.635,99.635,99.635,100
2026-05-21 14:30:00,99.595,99.595,99.595,99.595,1000
2026-05-21 14:55:00,99.95,99.95,99.95,99.95,100
2026-05-21 15:15:00,99.885,100,99.885,100,378
2026-05-21 15:20:00,99.88,99.88,99.88,99.88,103
2026-05-21 15:30:00,100.02,100.02,100.02,100.02,100
2026-05-21 15:35:00,99.76,99.76,99.76,99.76,105
2026-05-21 15:40:00,99.82,99.9,99.82,99.9,500
2026-05-21 15:50:00,99.96,99.96,99.96,99.96,100
2026-05-21 18:35:00,99,99,99,99,368
2026-05-22 09:30:00,99.86,99.86,99.86,99.86,469
2026-05-22 09:35:00,99.97,99.97,99.97,99.97,100
2026-05-22 10:30:00,100.01,100.01,100,100,850
2026-05-22 10:35:00,100.1999,100.1999,100.1999,100.1999,368
2026-05-22 10:40:00,100,100,100,100,739
2026-05-22 11:05:00,100.17,100.17,100.17,100.17,100
2026-05-22 11:30:00,100,100,100,100,500
2026-05-22 12:00:00,99.91,99.91,99.91,99.91,100
2026-05-22 12:10:00,99.85,99.85,99.85,99.85,131
2026-05-22 12:50:00,99.79,99.79,99.79,99.79,100
2026-05-22 12:55:00,99.985,99.985,99.985,99.985,100
2026-05-22 13:00:00,99.825,99.825,99.825,99.825,100
2026-05-22 14:00:00,99.67,99.67,99.67,99.67,100
2026-05-22 15:30:00,99.81,99.81,99.81,99.81,380
2026-05-22 15:45:00,99.64,99.64,99.64,99.64,100
2026-05-22 15:50:00,99.66,99.66,99.66,99.66,140
2026-05-22 15:55:00,99.74,99.74,99.74,99.74,179
2026-05-22 16:00:00,99.55,99.55,99.55,99.55,112
2026-05-22 16:20:00,98.43,98.43,98.43,98.43,113