2026-03-23 09:30:00,59.38,59.38,59.1,59.1,12983
2026-03-23 09:35:00,59.04,59.17,59,59.13,11736
2026-03-23 09:40:00,59.16,59.28,59.08,59.24,8982
2026-03-23 09:45:00,59.17,59.27,59.14,59.26,6936
2026-03-23 09:50:00,59.35,59.41,59.28,59.33,12601
2026-03-23 09:55:00,59.33,59.445,59.31,59.445,18187
2026-03-23 10:00:00,59.44,59.48,59.37,59.38,9480
2026-03-23 10:05:00,59.37,59.39,59.31,59.39,5382
2026-03-23 10:10:00,59.365,59.38,59.31,59.35,3663
2026-03-23 10:15:00,59.36,59.42,59.34,59.42,6348
2026-03-23 10:20:00,59.428,59.52,59.41,59.52,3571
2026-03-23 10:25:00,59.5,59.5,59.44,59.46,2065
2026-03-23 10:30:00,59.45,59.48,59.41,59.48,4163
2026-03-23 10:35:00,59.47,59.49,59.385,59.42,1805
2026-03-23 10:40:00,59.45,59.51,59.45,59.51,5680
2026-03-23 10:45:00,59.51,59.62,59.51,59.59,2613
2026-03-23 10:50:00,59.535,59.59,59.53,59.58,1811
2026-03-23 10:55:00,59.6,59.6,59.53,59.6,2122
2026-03-23 11:00:00,59.59,59.77,59.59,59.75,2784
2026-03-23 11:05:00,59.74,59.81,59.74,59.8,1852
2026-03-23 11:10:00,59.81,59.82,59.73,59.74,2570
2026-03-23 11:15:00,59.75,59.7719,59.73,59.74,1351
2026-03-23 11:20:00,59.76,59.78,59.715,59.7694,5794
2026-03-23 11:25:00,59.69,59.7,59.58,59.6,3297
2026-03-23 11:30:00,59.61,59.64,59.59,59.61,4245
2026-03-23 11:35:00,59.64,59.64,59.51,59.51,1550
2026-03-23 11:40:00,59.55,59.59,59.55,59.57,1792
2026-03-23 11:45:00,59.57,59.57,59.54,59.56,1323
2026-03-23 11:50:00,59.54,59.55,59.48,59.52,3190
2026-03-23 11:55:00,59.55,59.56,59.46,59.48,1345
2026-03-23 12:00:00,59.5,59.51,59.47,59.51,840
2026-03-23 12:05:00,59.5,59.52,59.47,59.52,3754
2026-03-23 12:10:00,59.49,59.56,59.49,59.51,2456
2026-03-23 12:15:00,59.51,59.52,59.51,59.51,703
2026-03-23 12:20:00,59.49,59.49,59.43,59.45,1526
2026-03-23 12:25:00,59.4,59.42,59.37,59.37,4365
2026-03-23 12:30:00,59.32,59.4,59.28,59.4,1165
2026-03-23 12:35:00,59.43,59.43,59.38,59.39,2620
2026-03-23 12:40:00,59.4,59.46,59.4,59.44,2094
2026-03-23 12:45:00,59.44,59.49,59.44,59.46,820
2026-03-23 12:50:00,59.45,59.45,59.43,59.45,620
2026-03-23 12:55:00,59.45,59.46,59.39,59.42,4785
2026-03-23 13:00:00,59.41,59.42,59.41,59.42,260
2026-03-23 13:05:00,59.4,59.42,59.37,59.42,540
2026-03-23 13:10:00,59.48,59.48,59.43,59.43,733
2026-03-23 13:15:00,59.4,59.46,59.38,59.43,1781
2026-03-23 13:20:00,59.37,59.39,59.37,59.39,520
2026-03-23 13:25:00,59.4,59.43,59.39,59.41,2112
2026-03-23 13:30:00,59.43,59.55,59.4228,59.55,3267
2026-03-23 13:35:00,59.68,59.73,59.67,59.71,3720
2026-03-23 13:40:00,59.71,59.71,59.59,59.59,936
2026-03-23 13:45:00,59.61,59.64,59.59,59.64,2150
2026-03-23 13:50:00,59.64,59.64,59.61,59.62,2008
2026-03-23 13:55:00,59.62,59.66,59.62,59.64,1173
2026-03-23 14:00:00,59.64,59.64,59.61,59.63,4735
2026-03-23 14:05:00,59.59,59.59,59.48,59.56,4093
2026-03-23 14:10:00,59.59,59.6,59.58,59.6,770
2026-03-23 14:15:00,59.61,59.62,59.59,59.59,520
2026-03-23 14:20:00,59.61,59.61,59.59,59.59,1630
2026-03-23 14:25:00,59.59,59.59,59.55,59.56,3395
2026-03-23 14:30:00,59.61,59.67,59.6,59.67,1315
2026-03-23 14:35:00,59.68,59.74,59.67,59.68,3349
2026-03-23 14:40:00,59.68,59.68,59.65,59.67,1795
2026-03-23 14:45:00,59.6,59.62,59.6,59.61,1120
2026-03-23 14:50:00,59.6,59.6,59.58,59.59,816
2026-03-23 14:55:00,59.6,59.64,59.6,59.63,1393
2026-03-23 15:00:00,59.63,59.63,59.56,59.59,2174
2026-03-23 15:05:00,59.59,59.59,59.54,59.55,1928
2026-03-23 15:10:00,59.56,59.57,59.5,59.52,6539
2026-03-23 15:15:00,59.5,59.5,59.3808,59.3808,5331
2026-03-23 15:20:00,59.265,59.28,59.2301,59.24,1898
2026-03-23 15:25:00,59.23,59.24,59.1999,59.21,9216
2026-03-23 15:30:00,59.225,59.225,59.17,59.17,6405
2026-03-23 15:35:00,59.17,59.2,59.17,59.1807,4264
2026-03-23 15:40:00,59.19,59.19,59.12,59.16,4149
2026-03-23 15:45:00,59.16,59.21,59.08,59.13,5875
2026-03-23 15:50:00,59.08,59.15,59.02,59.04,12504
2026-03-23 15:55:00,59.02,59.02,58.91,58.95,23946
2026-03-23 16:00:00,58.95,58.95,58.95,58.95,2204
2026-03-24 09:30:00,58.65,58.725,58.46,58.725,8056
2026-03-24 09:35:00,58.735,58.77,58.6,58.66,5298
2026-03-24 09:40:00,58.66,58.74,58.61,58.71,4971
2026-03-24 09:45:00,58.705,58.71,58.54,58.565,8416
2026-03-24 09:50:00,58.53,58.61,58.51,58.61,2320
2026-03-24 09:55:00,58.635,58.74,58.635,58.73,1284
2026-03-24 10:00:00,58.705,58.96,58.705,58.96,2739
2026-03-24 10:05:00,58.97,59.065,58.97,59.01,3886
2026-03-24 10:10:00,59.03,59.07,58.99,58.99,2765
2026-03-24 10:15:00,59.015,59.03,58.985,59.03,1291
2026-03-24 10:20:00,59.0199,59.04,59.0199,59.04,3587
2026-03-24 10:25:00,59.08,59.12,59.08,59.11,540
2026-03-24 10:30:00,59.08,59.14,59.08,59.13,1035
2026-03-24 10:35:00,59.06,59.06,58.97,58.98,680
2026-03-24 10:40:00,59.07,59.1,59.04,59.04,1084
2026-03-24 10:45:00,59.0899,59.0899,59,59,2533
2026-03-24 10:50:00,59.01,59.17,58.95,59.12,2105
2026-03-24 10:55:00,59.16,59.2,59.03,59.1,3323
2026-03-24 11:00:00,59.16,59.18,59.12,59.15,500
2026-03-24 11:05:00,59.14,59.15,59.125,59.15,836
2026-03-24 11:10:00,59.14,59.17,59.14,59.15,840
2026-03-24 11:15:00,59.1827,59.1827,59.15,59.16,696
2026-03-24 11:20:00,59.16,59.19,59.15,59.1722,3811
2026-03-24 11:25:00,59.19,59.19,59.16,59.19,1020
2026-03-24 11:30:00,59.21,59.21,59.12,59.12,1040
2026-03-24 11:35:00,59.15,59.15,59.15,59.15,220
2026-03-24 11:40:00,59.16,59.2,59.16,59.2,420
2026-03-24 11:45:00,59.17,59.18,59.17,59.18,609
2026-03-24 11:50:00,59.21,59.22,59.21,59.22,346
2026-03-24 11:55:00,59.17,59.17,59.095,59.095,1868
2026-03-24 12:00:00,59.05,59.095,59.05,59.08,2970
2026-03-24 12:05:00,59.1,59.125,59.1,59.12,2985
2026-03-24 12:10:00,59.1599,59.16,59.15,59.16,448
2026-03-24 12:15:00,59.16,59.22,59.16,59.22,635
2026-03-24 12:20:00,59.22,59.23,59.18,59.2,1771
2026-03-24 12:25:00,59.19,59.205,59.19,59.205,890
2026-03-24 12:30:00,59.19,59.2,59.1833,59.2,1001
2026-03-24 12:35:00,59.193,59.193,59.1,59.1,2878
2026-03-24 12:40:00,59.1,59.14,59.09,59.14,574
2026-03-24 12:45:00,59.2,59.2,59.16,59.1699,1363
2026-03-24 12:50:00,59.164,59.1999,59.164,59.19,2063
2026-03-24 12:55:00,59.14,59.21,59.14,59.21,444
2026-03-24 13:00:00,59.21,59.21,59.1,59.14,145328
2026-03-24 13:05:00,59.04,59.04,58.97,59.02,1583
2026-03-24 13:10:00,59.04,59.05,59.0172,59.04,3489
2026-03-24 13:15:00,59.06,59.08,59.05,59.07,2485
2026-03-24 13:20:00,59.07,59.11,59.07,59.11,720
2026-03-24 13:25:00,59.11,59.12,59.11,59.11,812
2026-03-24 13:30:00,59.11,59.1572,59.04,59.04,4297
2026-03-24 13:35:00,59.05,59.11,59.03,59.11,2500
2026-03-24 13:40:00,59.14,59.14,59.07,59.07,4124
2026-03-24 13:45:00,59.04,59.08,59.04,59.08,2605
2026-03-24 13:50:00,59.09,59.15,59.06,59.06,5508
2026-03-24 13:55:00,59.07,59.14,59.07,59.14,1160
2026-03-24 14:00:00,59.18,59.19,59.11,59.13,720
2026-03-24 14:05:00,59.11,59.12,58.9248,58.9248,2418
2026-03-24 14:10:00,58.94,58.9561,58.91,58.9383,1546
2026-03-24 14:15:00,58.9,58.98,58.9,58.98,2499
2026-03-24 14:20:00,59.01,59.01,58.95,58.99,700
2026-03-24 14:25:00,59.01,59.05,59.01,59.04,500
2026-03-24 14:30:00,59.05,59.07,59.03,59.06,1503
2026-03-24 14:35:00,59.06,59.2,59.06,59.2,2253
2026-03-24 14:40:00,59.17,59.19,59.12,59.12,2155
2026-03-24 14:45:00,59.1,59.125,59.1,59.125,1061
2026-03-24 14:50:00,59.129,59.16,59.12,59.14,2126
2026-03-24 14:55:00,59.1299,59.1299,59.08,59.11,2290
2026-03-24 15:00:00,59.12,59.14,59.11,59.1193,2852
2026-03-24 15:05:00,59.09,59.1,59.08,59.1,1954
2026-03-24 15:10:00,59.14,59.14,59.12,59.12,1574
2026-03-24 15:15:00,59.1,59.1,59.06,59.06,1945
2026-03-24 15:20:00,59.0599,59.07,59.0599,59.07,760
2026-03-24 15:25:00,59.06,59.06,58.98,59,4031
2026-03-24 15:30:00,59.02,59.03,59.02,59.02,2093
2026-03-24 15:35:00,59.01,59.01,58.9701,58.98,8402
2026-03-24 15:40:00,58.985,58.9982,58.94,58.94,5412
2026-03-24 15:45:00,58.93,58.95,58.83,58.95,11308
2026-03-24 15:50:00,58.94,58.94,58.745,58.745,11387
2026-03-24 15:55:00,58.74,58.74,58.66,58.7,8583
2026-03-24 16:00:00,58.76,58.76,58.76,58.76,2411
2026-03-25 09:25:00,58.99,58.99,58.99,58.99,300
2026-03-25 09:30:00,59.05,59.105,58.98,59.01,6755
2026-03-25 09:35:00,59.02,59.09,58.99,59.01,863
2026-03-25 09:40:00,59.06,59.08,59.025,59.025,2030
2026-03-25 09:45:00,58.9899,58.9899,58.815,58.815,3546
2026-03-25 09:50:00,58.77,58.81,58.77,58.775,3319
2026-03-25 09:55:00,58.74,58.77,58.74,58.74,2131
2026-03-25 10:00:00,58.72,58.72,58.65,58.68,4292
2026-03-25 10:05:00,58.67,58.67,58.61,58.64,5738
2026-03-25 10:10:00,58.63,58.73,58.62,58.73,4926
2026-03-25 10:15:00,58.72,58.7799,58.64,58.64,20183
2026-03-25 10:20:00,58.67,58.69,58.58,58.58,7761
2026-03-25 10:25:00,58.6,58.72,58.59,58.72,6532
2026-03-25 10:30:00,58.76,58.8617,58.76,58.84,908
2026-03-25 10:35:00,58.86,58.8662,58.84,58.84,1300
2026-03-25 10:40:00,58.9099,58.9099,58.88,58.88,829
2026-03-25 10:45:00,58.835,58.85,58.82,58.85,600
2026-03-25 10:50:00,58.88,58.92,58.88,58.895,2357
2026-03-25 10:55:00,58.92,58.92,58.87,58.87,1657
2026-03-25 11:00:00,58.88,58.92,58.88,58.92,2346
2026-03-25 11:05:00,58.9,58.93,58.9,58.9,854
2026-03-25 11:10:00,58.845,58.845,58.78,58.815,581
2026-03-25 11:15:00,58.795,58.8,58.58,58.59,8140
2026-03-25 11:20:00,58.67,58.82,58.67,58.8,2749
2026-03-25 11:25:00,58.81,58.93,58.81,58.93,1255
2026-03-25 11:30:00,58.94,58.97,58.94,58.97,1272
2026-03-25 11:35:00,58.98,58.98,58.91,58.91,800
2026-03-25 11:40:00,58.96,58.965,58.93,58.965,1781
2026-03-25 11:45:00,58.95,58.95,58.95,58.95,100
2026-03-25 11:50:00,58.9275,58.94,58.9275,58.94,677
2026-03-25 11:55:00,58.9692,59.015,58.94,59.015,4670
2026-03-25 12:00:00,58.97,58.99,58.95,58.95,3645
2026-03-25 12:05:00,58.95,58.95,58.88,58.88,295911
2026-03-25 12:10:00,58.88,58.88,58.8386,58.8656,403
2026-03-25 12:15:00,58.87,58.9,58.87,58.88,1510
2026-03-25 12:20:00,58.86,58.92,58.86,58.92,1110
2026-03-25 12:25:00,58.91,58.92,58.9,58.91,1505
2026-03-25 12:30:00,58.925,58.97,58.925,58.97,657
2026-03-25 12:35:00,58.98,59,58.965,58.97,1280
2026-03-25 12:40:00,58.97,59.01,58.97,58.99,3150
2026-03-25 12:45:00,58.97,58.97,58.92,58.92,1102
2026-03-25 12:50:00,58.9364,58.9364,58.9,58.91,480
2026-03-25 12:55:00,58.94,58.97,58.94,58.95,1643
2026-03-25 13:00:00,58.95,58.98,58.91,58.98,5567
2026-03-25 13:05:00,58.94,58.94,58.93,58.93,571
2026-03-25 13:10:00,58.93,58.94,58.9,58.9311,3666
2026-03-25 13:15:00,58.9,58.94,58.9,58.92,2490
2026-03-25 13:25:00,58.99,59.06,58.99,59.06,2088
2026-03-25 13:30:00,59.0772,59.08,59.07,59.07,672
2026-03-25 13:35:00,59.11,59.11,59.11,59.11,393
2026-03-25 13:40:00,59.13,59.14,59.1,59.12,3001
2026-03-25 13:45:00,59.07,59.12,59.07,59.12,760
2026-03-25 13:50:00,59.1,59.1,59.03,59.03,440
2026-03-25 13:55:00,59.02,59.08,59.02,59.04,5237
2026-03-25 14:00:00,59,59,59,59,100
2026-03-25 14:05:00,58.99,59.02,58.99,59,1577
2026-03-25 14:10:00,58.965,58.965,58.96,58.96,451
2026-03-25 14:15:00,58.945,58.96,58.945,58.96,491
2026-03-25 14:20:00,58.9099,58.91,58.82,58.84,3447
2026-03-25 14:25:00,58.86,58.86,58.8317,58.84,611
2026-03-25 14:30:00,58.85,58.85,58.85,58.85,430
2026-03-25 14:35:00,58.85,58.86,58.8199,58.82,2263
2026-03-25 14:40:00,58.83,58.83,58.79,58.83,1288
2026-03-25 14:45:00,58.81,58.81,58.8,58.8,800
2026-03-25 14:50:00,58.8,58.82,58.79,58.81,2309
2026-03-25 14:55:00,58.8,58.8,58.74,58.78,5953
2026-03-25 15:00:00,58.77,58.78,58.75,58.78,881
2026-03-25 15:05:00,58.79,58.8,58.76,58.76,9370
2026-03-25 15:10:00,58.75,58.78,58.75,58.77,2600
2026-03-25 15:15:00,58.84,58.8599,58.84,58.8599,1017
2026-03-25 15:20:00,58.9277,58.9277,58.89,58.9,3572
2026-03-25 15:25:00,58.8899,58.8899,58.86,58.86,1854
2026-03-25 15:30:00,58.89,58.89,58.85,58.86,650
2026-03-25 15:35:00,58.84,58.86,58.84,58.86,1847
2026-03-25 15:40:00,58.85,58.94,58.85,58.93,6518
2026-03-25 15:45:00,58.86,58.92,58.85,58.86,5883
2026-03-25 15:50:00,58.83,58.86,58.74,58.77,15322
2026-03-25 15:55:00,58.75,58.76,58.725,58.74,6109
2026-03-25 16:00:00,58.74,58.74,58.74,58.74,1523
2026-03-26 09:30:00,58.61,58.73,58.455,58.565,27297
2026-03-26 09:35:00,58.55,58.73,58.53,58.68,25191
2026-03-26 09:40:00,58.67,58.82,58.655,58.815,21342
2026-03-26 09:45:00,58.85,59.0099,58.84,58.95,19507
2026-03-26 09:50:00,58.965,59.04,58.91,59.01,32311
2026-03-26 09:55:00,59.01,59.04,58.94,59.02,15325
2026-03-26 10:00:00,58.99,59.04,58.97,59.02,5593
2026-03-26 10:05:00,59,59.05,58.96,59.01,15454
2026-03-26 10:10:00,59.015,59.13,59.015,59.13,1100
2026-03-26 10:15:00,59.1437,59.18,59.1437,59.18,1212
2026-03-26 10:20:00,59.15,59.15,59.1,59.13,5571
2026-03-26 10:25:00,59.07,59.07,59.04,59.055,2600
2026-03-26 10:30:00,59.0951,59.1206,59.0951,59.1206,692
2026-03-26 10:35:00,59.09,59.1,59.06,59.06,1557
2026-03-26 10:40:00,59.07,59.07,58.97,59.07,5475
2026-03-26 10:45:00,59.09,59.14,59.08,59.1,8062
2026-03-26 10:50:00,59.14,59.14,59.05,59.06,1458
2026-03-26 10:55:00,59.1,59.1,59.08,59.0902,2986
2026-03-26 11:00:00,59.1,59.1,59.03,59.08,8902
2026-03-26 11:05:00,59.09,59.12,59.06,59.11,12246
2026-03-26 11:10:00,59.13,59.13,59.13,59.13,100
2026-03-26 11:15:00,59.11,59.13,59.08,59.08,1326
2026-03-26 11:20:00,59.06,59.07,59.06,59.07,200
2026-03-26 11:25:00,59.08,59.08,59.05,59.07,1325
2026-03-26 11:30:00,58.96,59.02,58.96,59.01,1001
2026-03-26 11:35:00,59.0364,59.06,59.03,59.04,3986
2026-03-26 11:40:00,59.03,59.03,58.94,58.94,2125
2026-03-26 11:45:00,58.93,58.99,58.92,58.94,3249
2026-03-26 11:50:00,58.9399,58.96,58.93,58.94,2879
2026-03-26 11:55:00,58.93,58.93,58.91,58.93,2334
2026-03-26 12:00:00,58.93,58.94,58.92,58.92,625
2026-03-26 12:05:00,58.94,58.97,58.9399,58.97,958
2026-03-26 12:10:00,58.96,58.96,58.96,58.96,300
2026-03-26 12:15:00,58.91,58.92,58.91,58.92,300
2026-03-26 12:20:00,58.9701,58.9701,58.95,58.95,2577
2026-03-26 12:25:00,58.9399,58.96,58.931,58.94,962
2026-03-26 12:30:00,58.93,58.95,58.92,58.95,1830
2026-03-26 12:35:00,58.9251,58.9251,58.9041,58.92,632
2026-03-26 12:40:00,58.93,58.93,58.93,58.93,110
2026-03-26 12:45:00,58.97,58.97,58.95,58.95,605
2026-03-26 12:50:00,58.94,58.94,58.93,58.93,949
2026-03-26 12:55:00,58.9298,58.96,58.9201,58.96,1125
2026-03-26 13:00:00,58.97,58.98,58.96,58.96,2260
2026-03-26 13:05:00,58.94,58.94,58.9197,58.94,782
2026-03-26 13:10:00,58.93,58.94,58.93,58.93,778
2026-03-26 13:15:00,58.92,58.92,58.87,58.88,3751
2026-03-26 13:20:00,58.86,58.89,58.85,58.87,1160
2026-03-26 13:25:00,58.86,58.87,58.82,58.87,2284
2026-03-26 13:30:00,58.8572,58.87,58.8572,58.8648,1537
2026-03-26 13:35:00,58.8899,58.8899,58.83,58.83,2027
2026-03-26 13:40:00,58.815,58.82,58.8,58.82,2645
2026-03-26 13:45:00,58.83,58.84,58.8299,58.84,1251
2026-03-26 13:50:00,58.83,58.89,58.83,58.88,3432
2026-03-26 13:55:00,58.885,58.885,58.81,58.82,3855
2026-03-26 14:00:00,58.76,58.83,58.76,58.82,3765
2026-03-26 14:05:00,58.83,58.84,58.74,58.75,2250
2026-03-26 14:10:00,58.75,58.7664,58.7055,58.74,1262
2026-03-26 14:15:00,58.77,58.77,58.76,58.77,403
2026-03-26 14:20:00,58.74,58.815,58.74,58.8,3229
2026-03-26 14:25:00,58.82,58.86,58.81,58.86,2747
2026-03-26 14:30:00,58.88,58.9,58.88,58.88,48763
2026-03-26 14:35:00,58.89,58.89,58.8799,58.8799,1869
2026-03-26 14:40:00,58.85,58.87,58.84,58.85,18773
2026-03-26 14:45:00,58.87,58.87,58.85,58.86,2817
2026-03-26 14:50:00,58.8456,58.8456,58.79,58.79,609
2026-03-26 14:55:00,58.785,58.7948,58.76,58.767,1297
2026-03-26 15:00:00,58.77,58.78,58.71,58.71,2056
2026-03-26 15:05:00,58.705,58.7299,58.68,58.7,8113
2026-03-26 15:10:00,58.69,58.6996,58.6653,58.6653,5340
2026-03-26 15:15:00,58.62,58.69,58.62,58.69,930
2026-03-26 15:20:00,58.68,58.68,58.62,58.62,41784
2026-03-26 15:25:00,58.62,58.65,58.61,58.65,2664
2026-03-26 15:30:00,58.62,58.63,58.61,58.63,2017
2026-03-26 15:35:00,58.65,58.685,58.64,58.67,3229
2026-03-26 15:40:00,58.69,58.69,58.6199,58.6199,2718
2026-03-26 15:45:00,58.68,58.68,58.62,58.64,1849
2026-03-26 15:50:00,58.64,58.65,58.58,58.605,10842
2026-03-26 15:55:00,58.61,58.69,58.61,58.69,12168
2026-03-26 16:00:00,58.69,58.69,58.69,58.69,879
2026-03-27 09:30:00,58.68,58.68,58.46,58.54,4071
2026-03-27 09:35:00,58.515,58.58,58.515,58.58,2008
2026-03-27 09:40:00,58.55,58.61,58.54,58.54,3400
2026-03-27 09:45:00,58.628,58.65,58.605,58.605,2635
2026-03-27 09:50:00,58.62,58.66,58.5797,58.66,3550
2026-03-27 09:55:00,58.58,58.6,58.57,58.57,670
2026-03-27 10:00:00,58.58,58.63,58.58,58.63,270
2026-03-27 10:05:00,58.67,58.69,58.61,58.61,1475
2026-03-27 10:10:00,58.65,58.65,58.56,58.59,2520
2026-03-27 10:15:00,58.6096,58.67,58.6096,58.67,4957
2026-03-27 10:20:00,58.67,58.67,58.66,58.66,3172
2026-03-27 10:25:00,58.67,58.76,58.67,58.68,1273
2026-03-27 10:30:00,58.64,58.6601,58.64,58.6501,2111
2026-03-27 10:35:00,58.63,58.63,58.63,58.63,176
2026-03-27 10:40:00,58.6134,58.62,58.6134,58.62,2043
2026-03-27 10:45:00,58.65,58.65,58.62,58.64,830
2026-03-27 10:50:00,58.7,58.71,58.61,58.61,2522
2026-03-27 10:55:00,58.62,58.69,58.62,58.69,1599
2026-03-27 11:00:00,58.69,58.7099,58.69,58.7099,2403
2026-03-27 11:05:00,58.735,58.77,58.73,58.7466,1534
2026-03-27 11:10:00,58.72,58.72,58.65,58.69,2512
2026-03-27 11:15:00,58.69,58.72,58.6657,58.6657,1185
2026-03-27 11:20:00,58.63,58.77,58.63,58.77,2858
2026-03-27 11:25:00,58.7357,58.7357,58.73,58.73,867
2026-03-27 11:30:00,58.77,58.8,58.77,58.79,1246
2026-03-27 11:35:00,58.8,58.83,58.78,58.79,2750
2026-03-27 11:40:00,58.75,58.8,58.7243,58.8,1892
2026-03-27 11:45:00,58.79,58.79,58.77,58.78,2524
2026-03-27 11:55:00,58.67,58.67,58.62,58.63,3918
2026-03-27 12:00:00,58.63,58.63,58.6,58.62,574
2026-03-27 12:05:00,58.61,58.61,58.5435,58.5519,3481
2026-03-27 12:10:00,58.54,58.57,58.535,58.57,572
2026-03-27 12:15:00,58.5715,58.5715,58.55,58.55,1700
2026-03-27 12:20:00,58.5,58.54,58.5,58.53,4200
2026-03-27 12:25:00,58.53,58.55,58.52,58.55,4660
2026-03-27 12:30:00,58.564,58.564,58.564,58.564,130
2026-03-27 12:35:00,58.57,58.58,58.56,58.58,942
2026-03-27 12:40:00,58.57,58.585,58.57,58.57,400
2026-03-27 12:45:00,58.54,58.55,58.54,58.55,654
2026-03-27 12:50:00,58.56,58.56,58.5401,58.5493,4338
2026-03-27 12:55:00,58.49,58.49,58.45,58.45,7383
2026-03-27 13:00:00,58.44,58.45,58.42,58.435,731
2026-03-27 13:05:00,58.44,58.54,58.44,58.49,5264
2026-03-27 13:10:00,58.47,58.47,58.4639,58.4639,326
2026-03-27 13:15:00,58.4809,58.4809,58.48,58.48,712
2026-03-27 13:20:00,58.48,58.509,58.47,58.509,4707
2026-03-27 13:25:00,58.53,58.53,58.53,58.53,100
2026-03-27 13:30:00,58.51,58.56,58.5028,58.56,1138
2026-03-27 13:35:00,58.56,58.59,58.56,58.59,200
2026-03-27 13:40:00,58.52,58.54,58.51,58.54,5875
2026-03-27 13:45:00,58.54,58.57,58.54,58.57,2953
2026-03-27 13:50:00,58.57,58.57,58.51,58.51,500
2026-03-27 13:55:00,58.5,58.5,58.45,58.45,2083
2026-03-27 14:00:00,58.41,58.42,58.41,58.42,341
2026-03-27 14:05:00,58.3344,58.3658,58.3344,58.3658,432
2026-03-27 14:10:00,58.3101,58.33,58.26,58.28,4091
2026-03-27 14:15:00,58.31,58.325,58.31,58.325,2136
2026-03-27 14:20:00,58.3,58.3,58.3,58.3,2248
2026-03-27 14:25:00,58.2747,58.31,58.25,58.27,1947
2026-03-27 14:30:00,58.29,58.29,58.28,58.285,680
2026-03-27 14:35:00,58.26,58.336,58.26,58.33,823
2026-03-27 14:40:00,58.31,58.34,58.3,58.34,500
2026-03-27 14:45:00,58.34,58.35,58.34,58.34,607
2026-03-27 14:50:00,58.33,58.33,58.3285,58.3285,718
2026-03-27 14:55:00,58.32,58.32,58.2885,58.2885,261
2026-03-27 15:00:00,58.31,58.31,58.18,58.18,1203
2026-03-27 15:05:00,58.17,58.1756,58.1409,58.1756,790
2026-03-27 15:10:00,58.18,58.21,58.18,58.21,4534
2026-03-27 15:15:00,58.19,58.22,58.162,58.19,1484
2026-03-27 15:20:00,58.19,58.19,58.13,58.14,1065
2026-03-27 15:25:00,58.11,58.14,58.11,58.14,3841
2026-03-27 15:30:00,58.17,58.19,58.16,58.19,1817
2026-03-27 15:35:00,58.22,58.23,58.2,58.22,2598
2026-03-27 15:40:00,58.225,58.225,58.15,58.15,4467
2026-03-27 15:45:00,58.12,58.12,58.06,58.11,2498
2026-03-27 15:50:00,58.12,58.13,58.04,58.11,5088
2026-03-27 15:55:00,58.1,58.2,58.1,58.15,9984
2026-03-27 16:00:00,58.14,58.14,58.14,58.14,9206
2026-03-30 09:30:00,58.73,58.77,58.71,58.73,12429
2026-03-30 09:35:00,58.68,58.68,58.615,58.6191,2625
2026-03-30 09:40:00,58.62,58.66,58.6,58.66,10976
2026-03-30 09:45:00,58.62,58.67,58.62,58.62,2685
2026-03-30 09:50:00,58.6,58.6,58.53,58.53,5690
2026-03-30 09:55:00,58.49,58.56,58.49,58.56,200
2026-03-30 10:00:00,58.59,58.74,58.59,58.72,6285
2026-03-30 10:05:00,58.73,58.7597,58.69,58.7597,2442
2026-03-30 10:10:00,58.76,58.76,58.67,58.7,4402
2026-03-30 10:15:00,58.66,58.68,58.63,58.65,1810
2026-03-30 10:20:00,58.67,58.6929,58.645,58.6929,1694
2026-03-30 10:25:00,58.71,58.75,58.7,58.75,2056
2026-03-30 10:30:00,58.76,58.79,58.74,58.79,1360
2026-03-30 10:35:00,58.79,58.84,58.79,58.84,1642
2026-03-30 10:40:00,58.88,58.89,58.85,58.89,22311
2026-03-30 10:45:00,58.89,58.975,58.89,58.915,10574
2026-03-30 10:50:00,58.92,58.93,58.91,58.93,1200
2026-03-30 10:55:00,58.935,59.04,58.935,59.04,4799
2026-03-30 11:00:00,59.05,59.11,59.05,59.1017,1132
2026-03-30 11:05:00,59.11,59.11,59.05,59.05,950
2026-03-30 11:10:00,59.0393,59.05,59.02,59.045,807
2026-03-30 11:15:00,59.03,59.07,58.99,59.07,2817
2026-03-30 11:20:00,59.06,59.06,59.05,59.05,600
2026-03-30 11:25:00,59.04,59.06,59.01,59.0272,1851
2026-03-30 11:30:00,58.99,59.11,58.99,59.08,2891
2026-03-30 11:35:00,59.09,59.09,58.99,59.01,3034
2026-03-30 11:40:00,59.0001,59.0001,58.96,58.96,2041
2026-03-30 11:45:00,58.91,58.91,58.8327,58.86,4055
2026-03-30 11:50:00,58.86,58.91,58.85,58.89,1482
2026-03-30 11:55:00,58.85,58.85,58.82,58.85,1615
2026-03-30 12:00:00,58.8749,58.8749,58.85,58.86,3053
2026-03-30 12:05:00,58.8675,58.8675,58.83,58.86,1738
2026-03-30 12:10:00,58.875,58.91,58.875,58.91,3000
2026-03-30 12:15:00,58.92,58.93,58.865,58.88,3029
2026-03-30 12:20:00,58.88,58.91,58.87,58.91,1300
2026-03-30 12:25:00,58.9,58.9,58.8708,58.8708,976
2026-03-30 12:30:00,58.8462,58.88,58.8462,58.875,1357
2026-03-30 12:35:00,58.885,58.905,58.88,58.9001,1750
2026-03-30 12:40:00,58.88,58.88,58.815,58.83,1096
2026-03-30 12:45:00,58.79,58.82,58.79,58.82,420
2026-03-30 12:50:00,58.79,58.81,58.775,58.8,1999
2026-03-30 12:55:00,58.78,58.7879,58.77,58.77,2140
2026-03-30 13:00:00,58.81,58.81,58.79,58.81,910
2026-03-30 13:05:00,58.82,58.85,58.82,58.8401,650
2026-03-30 13:10:00,58.8,58.8,58.765,58.765,665
2026-03-30 13:15:00,58.675,58.68,58.6,58.6,535
2026-03-30 13:20:00,58.56,58.59,58.5562,58.59,1823
2026-03-30 13:25:00,58.6,58.61,58.59,58.6,950
2026-03-30 13:30:00,58.58,58.58,58.52,58.56,5080
2026-03-30 13:35:00,58.56,58.585,58.54,58.57,1269
2026-03-30 13:40:00,58.6,58.62,58.59,58.62,310
2026-03-30 13:45:00,58.59,58.62,58.55,58.55,2787
2026-03-30 13:50:00,58.55,58.55,58.48,58.49,4254
2026-03-30 13:55:00,58.49,58.49,58.46,58.47,3871
2026-03-30 14:00:00,58.49,58.51,58.45,58.46,2511
2026-03-30 14:05:00,58.4499,58.495,58.4499,58.45,4083
2026-03-30 14:10:00,58.47,58.53,58.46,58.53,4274
2026-03-30 14:15:00,58.54,58.55,58.54,58.55,300
2026-03-30 14:20:00,58.56,58.56,58.515,58.515,2570
2026-03-30 14:25:00,58.495,58.51,58.4834,58.5,29977
2026-03-30 14:30:00,58.46,58.46,58.41,58.42,11064
2026-03-30 14:35:00,58.43,58.45,58.42,58.45,2063
2026-03-30 14:40:00,58.44,58.44,58.41,58.42,640
2026-03-30 14:45:00,58.4,58.43,58.4,58.4,1522
2026-03-30 14:50:00,58.4201,58.4201,58.34,58.34,1220
2026-03-30 14:55:00,58.32,58.335,58.31,58.335,1433
2026-03-30 15:00:00,58.33,58.33,58.2792,58.29,995
2026-03-30 15:05:00,58.29,58.29,58.205,58.205,2814
2026-03-30 15:10:00,58.21,58.21,58.16,58.17,2734
2026-03-30 15:15:00,58.1746,58.1746,58.15,58.15,377
2026-03-30 15:20:00,58.155,58.18,58.13,58.15,20037
2026-03-30 15:25:00,58.13,58.17,58.125,58.14,6434
2026-03-30 15:30:00,58.155,58.16,58.12,58.1599,7758
2026-03-30 15:35:00,58.15,58.265,58.15,58.245,1815
2026-03-30 15:40:00,58.25,58.25,58.17,58.19,4483
2026-03-30 15:45:00,58.19,58.24,58.18,58.21,3507
2026-03-30 15:50:00,58.24,58.33,58.21,58.33,10133
2026-03-30 15:55:00,58.33,58.37,58.3,58.34,16653
2026-03-30 16:00:00,58.36,58.36,58.36,58.36,4585
2026-03-31 09:30:00,58.96,58.96,58.69,58.7,14739
2026-03-31 09:35:00,58.7,58.72,58.6,58.69,10202
2026-03-31 09:40:00,58.7,58.79,58.69,58.69,8963
2026-03-31 09:45:00,58.74,58.79,58.69,58.78,10174
2026-03-31 09:50:00,58.73,58.75,58.72,58.73,6091
2026-03-31 09:55:00,58.74,58.74,58.68,58.71,6983
2026-03-31 10:00:00,58.7,58.77,58.59,58.65,14294
2026-03-31 10:05:00,58.67,58.72,58.67,58.71,5094
2026-03-31 10:10:00,58.73,58.76,58.72,58.76,700
2026-03-31 10:15:00,58.785,58.785,58.68,58.72,7584
2026-03-31 10:20:00,58.76,58.81,58.74,58.81,3516
2026-03-31 10:25:00,58.8,58.83,58.8,58.83,18124
2026-03-31 10:30:00,58.84,58.865,58.82,58.865,12775
2026-03-31 10:35:00,58.88,58.88,58.74,58.74,3825
2026-03-31 10:40:00,58.77,58.785,58.71,58.72,15671
2026-03-31 10:45:00,58.74,58.74,58.66,58.66,17685
2026-03-31 10:50:00,58.65,58.665,58.57,58.64,20809
2026-03-31 10:55:00,58.64,58.64,58.6,58.64,53070
2026-03-31 11:00:00,58.68,58.74,58.6799,58.7,4858
2026-03-31 11:05:00,58.83,58.86,58.83,58.85,700
2026-03-31 11:10:00,58.83,58.8984,58.83,58.8984,2454
2026-03-31 11:15:00,58.92,58.96,58.91,58.93,2369
2026-03-31 11:20:00,58.92,58.94,58.895,58.94,4935
2026-03-31 11:25:00,58.935,58.95,58.89,58.92,1894
2026-03-31 11:30:00,58.915,58.93,58.88,58.93,753
2026-03-31 11:35:00,58.96,58.97,58.94,58.97,7519
2026-03-31 11:40:00,58.98,59.03,58.975,59.025,20225
2026-03-31 11:45:00,59.02,59.05,59,59.05,25576
2026-03-31 11:50:00,59.07,59.13,59.07,59.09,7616
2026-03-31 11:55:00,59.09,59.09,59.055,59.07,54447
2026-03-31 12:00:00,59.05,59.13,59.05,59.09,4090
2026-03-31 12:05:00,59.07,59.14,59.07,59.12,2694
2026-03-31 12:10:00,59.07,59.11,59.03,59.11,6721
2026-03-31 12:15:00,59.12,59.14,59.045,59.055,5214
2026-03-31 12:20:00,59.04,59.13,59.04,59.13,5142
2026-03-31 12:25:00,59.14,59.145,59.04,59.055,4225
2026-03-31 12:30:00,59.04,59.06,59.03,59.06,2096
2026-03-31 12:35:00,59.055,59.21,59.04,59.21,2065
2026-03-31 12:40:00,59.3,59.73,59.3,59.415,12380
2026-03-31 12:45:00,59.36,59.3751,59.2,59.34,5655
2026-03-31 12:50:00,59.42,59.43,59.28,59.28,1126
2026-03-31 12:55:00,59.285,59.37,59.2785,59.37,3272
2026-03-31 13:00:00,59.37,59.39,59.3545,59.38,3325
2026-03-31 13:05:00,59.37,59.37,59.23,59.25,8931
2026-03-31 13:10:00,59.23,59.31,59.2206,59.31,9713
2026-03-31 13:15:00,59.31,59.35,59.305,59.35,4950
2026-03-31 13:20:00,59.35,59.35,59.26,59.285,38340
2026-03-31 13:25:00,59.28,59.29,59.18,59.19,23462
2026-03-31 13:30:00,59.2,59.28,59.2,59.28,41317
2026-03-31 13:35:00,59.3,59.31,59.22,59.24,13243
2026-03-31 13:40:00,59.27,59.29,59.27,59.29,2581
2026-03-31 13:45:00,59.27,59.31,59.27,59.3,2926
2026-03-31 13:50:00,59.3,59.35,59.295,59.34,25905
2026-03-31 13:55:00,59.31,59.31,59.265,59.29,19358
2026-03-31 14:00:00,59.28,59.31,59.24,59.26,18376
2026-03-31 14:05:00,59.25,59.27,59.13,59.17,19739
2026-03-31 14:10:00,59.17,59.175,59.05,59.13,28757
2026-03-31 14:15:00,59.12,59.17,59.12,59.17,4995
2026-03-31 14:20:00,59.17,59.175,59.085,59.09,41822
2026-03-31 14:25:00,59.0638,59.14,59.0638,59.115,7638
2026-03-31 14:30:00,59.11,59.115,59.05,59.075,5147
2026-03-31 14:35:00,59.13,59.135,59.1,59.1,3303
2026-03-31 14:40:00,59.09,59.105,59.075,59.105,7012
2026-03-31 14:45:00,59.105,59.16,59.07,59.115,27872
2026-03-31 14:50:00,59.13,59.17,59.055,59.085,29057
2026-03-31 14:55:00,59.08,59.125,59.07,59.12,21028
2026-03-31 15:00:00,59.12,59.195,59.12,59.18,10606
2026-03-31 15:05:00,59.185,59.2,59.15,59.17,9426
2026-03-31 15:10:00,59.18,59.3,59.18,59.3,4867
2026-03-31 15:15:00,59.32,59.335,59.285,59.325,2187
2026-03-31 15:20:00,59.34,59.405,59.33,59.37,6206
2026-03-31 15:25:00,59.39,59.395,59.33,59.37,11160
2026-03-31 15:30:00,59.37,59.41,59.37,59.38,3891
2026-03-31 15:35:00,59.39,59.48,59.39,59.44,14372
2026-03-31 15:40:00,59.4459,59.4459,59.36,59.36,13973
2026-03-31 15:45:00,59.37,59.43,59.37,59.42,8719
2026-03-31 15:50:00,59.4,59.4,59.17,59.17,24561
2026-03-31 15:55:00,59.16,59.23,59.16,59.22,23137
2026-03-31 16:00:00,59.19,59.3,59.19,59.3,38247
2026-04-01 09:25:00,59.29,59.29,59.29,59.29,300
2026-04-01 09:30:00,59.33,59.33,59.195,59.23,36206
2026-04-01 09:35:00,59.22,59.425,59.22,59.41,25607
2026-04-01 09:40:00,59.4,59.41,59.3,59.32,19854
2026-04-01 09:45:00,59.325,59.49,59.325,59.43,17555
2026-04-01 09:50:00,59.42,59.61,59.4137,59.61,8456
2026-04-01 09:55:00,59.61,59.61,59.505,59.525,18216
2026-04-01 10:00:00,59.525,59.55,59.43,59.46,9103
2026-04-01 10:05:00,59.4798,59.51,59.4,59.43,7701
2026-04-01 10:10:00,59.43,59.43,59.3,59.38,20499
2026-04-01 10:15:00,59.37,59.39,59.35,59.37,4430
2026-04-01 10:20:00,59.37,59.53,59.36,59.51,10345
2026-04-01 10:25:00,59.52,59.57,59.5144,59.57,8389
2026-04-01 10:30:00,59.655,59.655,59.54,59.55,3228
2026-04-01 10:35:00,59.48,59.55,59.41,59.51,12113
2026-04-01 10:40:00,59.49,59.5,59.38,59.48,176998
2026-04-01 10:45:00,59.49,59.5,59.43,59.43,8775
2026-04-01 10:50:00,59.45,59.455,59.405,59.45,10323
2026-04-01 10:55:00,59.43,59.44,59.385,59.385,27377
2026-04-01 11:00:00,59.385,59.48,59.34,59.465,40846
2026-04-01 11:05:00,59.46,59.46,59.34,59.38,29331
2026-04-01 11:10:00,59.37,59.41,59.29,59.41,18080
2026-04-01 11:15:00,59.4303,59.44,59.36,59.38,16090
2026-04-01 11:20:00,59.39,59.41,59.375,59.39,5941
2026-04-01 11:25:00,59.39,59.44,59.38,59.42,8315
2026-04-01 11:30:00,59.4,59.42,59.37,59.4,5541
2026-04-01 11:35:00,59.48,59.51,59.47,59.48,21477
2026-04-01 11:40:00,59.475,59.49,59.41,59.475,2865
2026-04-01 11:45:00,59.51,59.53,59.46,59.485,4429
2026-04-01 11:50:00,59.47,59.545,59.47,59.54,3648
2026-04-01 11:55:00,59.54,59.565,59.505,59.505,6805
2026-04-01 12:00:00,59.5,59.51,59.45,59.47,8637
2026-04-01 12:05:00,59.47,59.52,59.45,59.45,6004
2026-04-01 12:10:00,59.44,59.46,59.4,59.4,6757
2026-04-01 12:15:00,59.42,59.46,59.42,59.445,6038
2026-04-01 12:20:00,59.43,59.5,59.43,59.5,1480
2026-04-01 12:25:00,59.51,59.51,59.48,59.485,1512
2026-04-01 12:30:00,59.54,59.57,59.54,59.57,300
2026-04-01 12:35:00,59.58,59.6199,59.57,59.59,3995
2026-04-01 12:40:00,59.56,59.61,59.55,59.61,7224
2026-04-01 12:45:00,59.6057,59.6057,59.54,59.55,3366
2026-04-01 12:50:00,59.56,59.58,59.54,59.58,2481
2026-04-01 12:55:00,59.575,59.6,59.57,59.6,3091
2026-04-01 13:00:00,59.6078,59.61,59.59,59.6,2292
2026-04-01 13:05:00,59.63,59.64,59.63,59.64,1445
2026-04-01 13:10:00,59.65,59.67,59.65,59.67,659
2026-04-01 13:15:00,59.65,59.68,59.64,59.6747,2451
2026-04-01 13:20:00,59.68,59.7,59.65,59.7,3618
2026-04-01 13:25:00,59.7,59.7,59.65,59.66,1651
2026-04-01 13:30:00,59.665,59.665,59.63,59.6346,104129
2026-04-01 13:35:00,59.635,59.655,59.62,59.64,4182
2026-04-01 13:40:00,59.65,59.67,59.64,59.64,4222
2026-04-01 13:45:00,59.65,59.69,59.65,59.65,2249
2026-04-01 13:50:00,59.665,59.71,59.66,59.66,4389
2026-04-01 13:55:00,59.65,59.66,59.625,59.63,7750
2026-04-01 14:00:00,59.63,59.64,59.53,59.535,11095
2026-04-01 14:05:00,59.55,59.59,59.55,59.59,9768
2026-04-01 14:10:00,59.59,59.595,59.54,59.54,6569
2026-04-01 14:15:00,59.54,59.54,59.5167,59.52,810
2026-04-01 14:20:00,59.54,59.54,59.47,59.47,5116
2026-04-01 14:25:00,59.51,59.53,59.475,59.49,9751
2026-04-01 14:30:00,59.5,59.51,59.46,59.48,4282
2026-04-01 14:35:00,59.47,59.5,59.45,59.5,3720
2026-04-01 14:40:00,59.53,59.5434,59.5,59.5434,1718
2026-04-01 14:45:00,59.55,59.565,59.51,59.545,7617
2026-04-01 14:50:00,59.57,59.57,59.52,59.52,3237
2026-04-01 14:55:00,59.51,59.54,59.49,59.515,10164
2026-04-01 15:00:00,59.55,59.565,59.515,59.545,3563
2026-04-01 15:05:00,59.57,59.58,59.55,59.5599,5832
2026-04-01 15:10:00,59.56,59.5799,59.535,59.55,3528
2026-04-01 15:15:00,59.555,59.63,59.555,59.63,20880
2026-04-01 15:20:00,59.64,59.64,59.595,59.63,8306
2026-04-01 15:25:00,59.635,59.68,59.635,59.675,3103
2026-04-01 15:30:00,59.675,59.72,59.66,59.72,3196
2026-04-01 15:35:00,59.72,59.775,59.69,59.73,10676
2026-04-01 15:40:00,59.7,59.7,59.63,59.635,7910
2026-04-01 15:45:00,59.63,59.67,59.61,59.62,16588
2026-04-01 15:50:00,59.62,59.62,59.55,59.6,16595
2026-04-01 15:55:00,59.585,59.605,59.54,59.55,20195
2026-04-01 16:00:00,59.54,59.54,59.54,59.54,2643
2026-04-01 17:30:00,59.56,59.56,59.56,59.56,100
2026-04-02 04:00:00,59,59,59,59,1182
2026-04-02 08:40:00,59.54,59.54,59.54,59.54,200
2026-04-02 09:25:00,59.43,59.43,59.43,59.43,600
2026-04-02 09:30:00,59.43,59.4475,59.21,59.37,34064
2026-04-02 09:35:00,59.37,59.418,59.33,59.41,6416
2026-04-02 09:40:00,59.46,59.46,59.355,59.39,10092
2026-04-02 09:45:00,59.4,59.44,59.34,59.4,12488
2026-04-02 09:50:00,59.37,59.39,59.3,59.37,13796
2026-04-02 09:55:00,59.37,59.45,59.37,59.425,6117
2026-04-02 10:00:00,59.43,59.59,59.43,59.56,14195
2026-04-02 10:05:00,59.59,59.74,59.59,59.69,25528
2026-04-02 10:10:00,59.62,59.64,59.57,59.57,9686
2026-04-02 10:15:00,59.57,59.66,59.57,59.645,1599
2026-04-02 10:20:00,59.65,59.69,59.64,59.67,14757
2026-04-02 10:25:00,59.67,59.76,59.67,59.76,9532
2026-04-02 10:30:00,59.81,59.91,59.81,59.91,7470
2026-04-02 10:35:00,59.9,60.21,59.9,60.01,18825
2026-04-02 10:40:00,60.015,60.11,60.01,60.06,4928
2026-04-02 10:45:00,60.07,60.11,59.9801,60.04,10230
2026-04-02 10:50:00,60.045,60.05,59.9963,60.03,2793
2026-04-02 10:55:00,60.0401,60.1,60.0401,60.1,4710
2026-04-02 11:00:00,60.09,60.09,60,60.05,8466
2026-04-02 11:05:00,60.05,60.08,60.03,60.08,6336
2026-04-02 11:10:00,60.04,60.08,60.04,60.065,3683
2026-04-02 11:15:00,60.06,60.15,60.06,60.15,2156
2026-04-02 11:20:00,60.16,60.17,60.11,60.17,2300
2026-04-02 11:25:00,60.17,60.23,60.11,60.2299,4846
2026-04-02 11:30:00,60.22,60.22,60.1601,60.18,5513
2026-04-02 11:35:00,60.18,60.2199,60.175,60.2,4440
2026-04-02 11:40:00,60.16,60.16,60.095,60.095,700
2026-04-02 11:45:00,60.14,60.14,60.06,60.07,4394
2026-04-02 11:50:00,60.05,60.1,60.04,60.085,4400
2026-04-02 11:55:00,60.11,60.13,60.04,60.04,5570
2026-04-02 12:00:00,60.04,60.08,60.03,60.07,5746
2026-04-02 12:05:00,60.06,60.08,60.01,60.01,1871
2026-04-02 12:10:00,60.01,60.01,59.95,59.95,3930
2026-04-02 12:15:00,59.95,59.96,59.9,59.9,1800
2026-04-02 12:20:00,59.93,59.93,59.88,59.88,2978
2026-04-02 12:25:00,59.84,59.87,59.84,59.84,4112
2026-04-02 12:30:00,59.83,59.89,59.79,59.87,4564
2026-04-02 12:35:00,59.84,59.87,59.82,59.82,2895
2026-04-02 12:40:00,59.83,59.91,59.83,59.84,13061
2026-04-02 12:45:00,59.855,59.86,59.84,59.85,1614
2026-04-02 12:50:00,59.85,59.91,59.85,59.9,900
2026-04-02 12:55:00,59.91,59.91,59.88,59.9,1875
2026-04-02 13:00:00,59.85,59.95,59.85,59.95,1044
2026-04-02 13:05:00,59.93,59.96,59.93,59.96,8041
2026-04-02 13:10:00,59.96,60.015,59.96,60.01,2720
2026-04-02 13:15:00,60.01,60.04,60.01,60.02,3063
2026-04-02 13:20:00,60.03,60.0999,60.02,60.09,2370
2026-04-02 13:25:00,60.0999,60.1,60.07,60.07,1496
2026-04-02 13:30:00,60.06,60.07,60.04,60.04,3253
2026-04-02 13:35:00,60.03,60.03,60.02,60.02,400
2026-04-02 13:40:00,60.06,60.09,60.045,60.09,2686
2026-04-02 13:45:00,60.09,60.11,60.07,60.07,7273
2026-04-02 13:50:00,60.04,60.04,60.03,60.03,400
2026-04-02 13:55:00,60.01,60.03,59.99,60.03,1900
2026-04-02 14:00:00,60.03,60.07,60.03,60.035,4875
2026-04-02 14:05:00,60.06,60.06,59.99,59.99,1600
2026-04-02 14:10:00,60,60.06,60,60.015,4544
2026-04-02 14:15:00,60.0002,60.0002,59.944,59.98,1066
2026-04-02 14:20:00,59.98,60,59.93,59.93,1986
2026-04-02 14:25:00,59.93,59.935,59.93,59.93,420
2026-04-02 14:30:00,59.935,59.95,59.93,59.93,1255
2026-04-02 14:35:00,59.93,59.93,59.89,59.91,40026
2026-04-02 14:40:00,59.91,60.03,59.91,60.025,26708
2026-04-02 14:45:00,60.05,60.1,60.03,60.06,24725
2026-04-02 14:50:00,60.09,60.13,60.05,60.1,30364
2026-04-02 14:55:00,60.105,60.105,60.065,60.09,5304
2026-04-02 15:00:00,60.1,60.15,60.09,60.1,6225
2026-04-02 15:05:00,60.115,60.13,60.1,60.1,3184
2026-04-02 15:10:00,60.1,60.12,60.09,60.12,2341
2026-04-02 15:15:00,60.07,60.075,60.05,60.065,1513
2026-04-02 15:20:00,60.06,60.07,60.03,60.07,4173
2026-04-02 15:25:00,60.07,60.07,60.01,60.01,1967
2026-04-02 15:30:00,60.03,60.07,60.03,60.07,11386
2026-04-02 15:35:00,60.06,60.15,60.06,60.15,11376
2026-04-02 15:40:00,60.15,60.19,60.15,60.1801,5682
2026-04-02 15:45:00,60.18,60.24,60.18,60.22,11944
2026-04-02 15:50:00,60.22,60.23,60.185,60.195,12813
2026-04-02 15:55:00,60.215,60.24,60.2,60.2,5081
2026-04-02 16:00:00,60.21,60.21,60.17,60.2,15443
2026-04-02 19:05:00,60.25,60.25,60.25,60.25,100
2026-04-02 19:10:00,60.25,60.25,60.25,60.25,100
2026-04-06 09:30:00,60.03,60.045,59.83,59.99,51700
2026-04-06 09:35:00,59.98,60.145,59.98,60.07,19582
2026-04-06 09:40:00,60.07,60.08,59.95,59.99,33661
2026-04-06 09:45:00,59.97,60.01,59.92,59.93,23286
2026-04-06 09:50:00,59.93,60.05,59.93,60.05,5200
2026-04-06 09:55:00,60.06,60.11,60.05,60.1,5804
2026-04-06 10:00:00,60.145,60.31,60.145,60.16,30175
2026-04-06 10:05:00,60.15,60.19,60.1,60.19,10355
2026-04-06 10:10:00,60.19,60.23,60.16,60.23,4606
2026-04-06 10:15:00,60.24,60.26,60.18,60.23,6883
2026-04-06 10:20:00,60.28,60.315,60.26,60.3,4648
2026-04-06 10:25:00,60.3,60.3,60.26,60.2761,9162
2026-04-06 10:30:00,60.275,60.33,60.275,60.305,7296
2026-04-06 10:35:00,60.31,60.31,60.14,60.175,19789
2026-04-06 10:40:00,60.22,60.34,60.22,60.33,9131
2026-04-06 10:45:00,60.32,60.33,60.29,60.305,4820
2026-04-06 10:50:00,60.3,60.31,60.2789,60.285,9175
2026-04-06 10:55:00,60.295,60.31,60.295,60.3,3037
2026-04-06 11:00:00,60.31,60.31,60.26,60.26,1958
2026-04-06 11:05:00,60.3177,60.3177,60.27,60.28,28271
2026-04-06 11:10:00,60.285,60.285,60.255,60.27,3669
2026-04-06 11:15:00,60.26,60.3,60.25,60.26,2577
2026-04-06 11:20:00,60.25,60.265,60.245,60.245,2858
2026-04-06 11:25:00,60.25,60.25,60.18,60.18,2782
2026-04-06 11:30:00,60.18,60.22,60.18,60.22,2196
2026-04-06 11:35:00,60.215,60.215,60.15,60.2,4677
2026-04-06 11:40:00,60.205,60.205,60.155,60.19,3828
2026-04-06 11:45:00,60.1701,60.19,60.16,60.17,3205
2026-04-06 11:50:00,60.1701,60.22,60.1701,60.22,2590
2026-04-06 11:55:00,60.21,60.215,60.19,60.2,5124
2026-04-06 12:00:00,60.195,60.22,60.19,60.2097,4898
2026-04-06 12:05:00,60.21,60.22,60.21,60.22,2011
2026-04-06 12:10:00,60.19,60.2,60.17,60.185,10650
2026-04-06 12:15:00,60.2,60.2,60.18,60.195,838
2026-04-06 12:20:00,60.21,60.22,60.17,60.2,3196
2026-04-06 12:25:00,60.2,60.235,60.2,60.235,2449
2026-04-06 12:30:00,60.24,60.24,60.21,60.22,1885
2026-04-06 12:35:00,60.22,60.23,60.215,60.23,2271
2026-04-06 12:40:00,60.217,60.24,60.217,60.24,5085
2026-04-06 12:45:00,60.24,60.25,60.2301,60.24,8231
2026-04-06 12:50:00,60.26,60.275,60.225,60.225,3327
2026-04-06 12:55:00,60.23,60.25,60.23,60.235,1236
2026-04-06 13:00:00,60.255,60.255,60.18,60.21,8594
2026-04-06 13:05:00,60.2,60.2199,60.2,60.2199,2632
2026-04-06 13:10:00,60.18,60.18,60.12,60.125,2398
2026-04-06 13:15:00,60.12,60.16,60.1,60.12,8766
2026-04-06 13:20:00,60.12,60.2,60.12,60.2,1742
2026-04-06 13:25:00,60.195,60.2,60.18,60.2,606
2026-04-06 13:30:00,60.195,60.22,60.16,60.205,1953
2026-04-06 13:35:00,60.19,60.22,60.17,60.17,3956
2026-04-06 13:40:00,60.165,60.165,60.15,60.16,1106
2026-04-06 13:45:00,60.175,60.175,60.14,60.17,3729
2026-04-06 13:50:00,60.16,60.2,60.16,60.17,2365
2026-04-06 13:55:00,60.18,60.18,60.17,60.17,1448
2026-04-06 14:00:00,60.17,60.2,60.17,60.18,3342
2026-04-06 14:05:00,60.175,60.18,60.145,60.15,4340
2026-04-06 14:10:00,60.17,60.21,60.15,60.16,2952
2026-04-06 14:15:00,60.21,60.2222,60.2047,60.2222,4478
2026-04-06 14:20:00,60.22,60.2222,60.205,60.22,2248
2026-04-06 14:25:00,60.23,60.25,60.205,60.245,2743
2026-04-06 14:30:00,60.25,60.2515,60.235,60.235,7936
2026-04-06 14:35:00,60.23,60.23,60.22,60.22,2080
2026-04-06 14:40:00,60.215,60.215,60.175,60.175,1522
2026-04-06 14:45:00,60.17,60.24,60.17,60.24,3292
2026-04-06 14:50:00,60.255,60.255,60.23,60.2359,1118
2026-04-06 14:55:00,60.23,60.23,60.23,60.23,1488
2026-04-06 15:00:00,60.23,60.23,60.19,60.19,5299
2026-04-06 15:05:00,60.185,60.1899,60.15,60.1534,9788
2026-04-06 15:10:00,60.155,60.17,60.15,60.17,2259
2026-04-06 15:15:00,60.175,60.19,60.17,60.19,2059
2026-04-06 15:20:00,60.195,60.2,60.175,60.175,9282
2026-04-06 15:25:00,60.175,60.2,60.175,60.18,2135
2026-04-06 15:30:00,60.18,60.1957,60.17,60.19,2316
2026-04-06 15:35:00,60.2,60.2,60.165,60.175,6052
2026-04-06 15:40:00,60.17,60.175,60.135,60.165,6277
2026-04-06 15:45:00,60.16,60.18,60.135,60.145,8336
2026-04-06 15:50:00,60.14,60.17,60.13,60.14,10612
2026-04-06 15:55:00,60.135,60.145,60.105,60.14,18814
2026-04-06 16:00:00,60.16,60.16,60.16,60.16,11782
2026-04-07 09:30:00,60.01,60.12,60,60,10053
2026-04-07 09:35:00,59.95,60.02,59.95,59.98,9980
2026-04-07 09:40:00,59.98,60,59.91,59.93,7509
2026-04-07 09:45:00,59.93,59.94,59.85,59.92,14371
2026-04-07 09:50:00,59.92,60.03,59.92,60.01,6859
2026-04-07 09:55:00,60.1397,60.142,60.1,60.142,6278
2026-04-07 10:00:00,60.14,60.17,60.13,60.16,8993
2026-04-07 10:05:00,60.17,60.17,60.14,60.15,4339
2026-04-07 10:10:00,60.13,60.13,60.06,60.08,6082
2026-04-07 10:15:00,60.1,60.15,60.1,60.135,5084
2026-04-07 10:20:00,60.13,60.26,60.13,60.24,2605
2026-04-07 10:25:00,60.23,60.23,60.19,60.22,7431
2026-04-07 10:30:00,60.19,60.32,60.19,60.32,9224
2026-04-07 10:35:00,60.29,60.37,60.27,60.37,1770
2026-04-07 10:40:00,60.35,60.39,60.33,60.36,6610
2026-04-07 10:45:00,60.36,60.43,60.35,60.38,5701
2026-04-07 10:50:00,60.35,60.35,60.35,60.35,2180
2026-04-07 10:55:00,60.35,60.35,60.33,60.34,695
2026-04-07 11:00:00,60.28,60.31,60.26,60.28,6065
2026-04-07 11:05:00,60.28,60.28,60.19,60.2,1590
2026-04-07 11:10:00,60.185,60.2,60.185,60.195,370
2026-04-07 11:15:00,60.16,60.24,60.13,60.13,2893
2026-04-07 11:20:00,60.13,60.13,60.1,60.1,832
2026-04-07 11:25:00,60.11,60.11,60.09,60.09,400
2026-04-07 11:30:00,60.14,60.18,60.14,60.18,1195
2026-04-07 11:35:00,60.26,60.3,60.21,60.3,2694
2026-04-07 11:40:00,60.285,60.285,60.25,60.25,300
2026-04-07 11:45:00,60.23,60.24,60.195,60.195,859
2026-04-07 11:50:00,60.2,60.22,60.2,60.215,4353
2026-04-07 11:55:00,60.27,60.27,60.21,60.24,2482
2026-04-07 12:00:00,60.26,60.5,60.255,60.41,5279
2026-04-07 12:05:00,60.4,60.4,60.38,60.38,500
2026-04-07 12:10:00,60.33,60.37,60.32,60.36,3344
2026-04-07 12:20:00,60.36,60.4,60.35,60.35,1923
2026-04-07 12:25:00,60.33,60.4,60.33,60.4,1015
2026-04-07 12:30:00,60.37,60.4301,60.37,60.4301,1432
2026-04-07 12:35:00,60.4229,60.4229,60.41,60.41,766
2026-04-07 12:40:00,60.37,60.4,60.37,60.4,494
2026-04-07 12:45:00,60.4,60.4,60.4,60.4,100
2026-04-07 12:50:00,60.39,60.39,60.39,60.39,300
2026-04-07 12:55:00,60.39,60.39,60.38,60.38,2589
2026-04-07 13:00:00,60.37,60.38,60.33,60.38,4609
2026-04-07 13:05:00,60.4,60.4,60.375,60.39,2272
2026-04-07 13:10:00,60.38,60.38,60.37,60.37,722
2026-04-07 13:15:00,60.36,60.36,60.33,60.34,1979
2026-04-07 13:20:00,60.35,60.36,60.35,60.36,700
2026-04-07 13:25:00,60.366,60.38,60.35,60.38,303
2026-04-07 13:30:00,60.37,60.37,60.36,60.36,1800
2026-04-07 13:35:00,60.44,60.57,60.44,60.52,3322
2026-04-07 13:40:00,60.5,60.51,60.495,60.51,1374
2026-04-07 13:45:00,60.46,60.46,60.46,60.46,225
2026-04-07 13:50:00,60.48,60.48,60.47,60.4746,1653
2026-04-07 13:55:00,60.47,60.49,60.47,60.49,3348
2026-04-07 14:00:00,60.47,60.48,60.435,60.46,4132
2026-04-07 14:05:00,60.45,60.45,60.42,60.43,3647
2026-04-07 14:10:00,60.45,60.46,60.44,60.455,700
2026-04-07 14:15:00,60.48,60.49,60.48,60.48,2194
2026-04-07 14:20:00,60.495,60.5,60.49,60.5,570
2026-04-07 14:25:00,60.48,60.48,60.46,60.46,1063
2026-04-07 14:30:00,60.47,60.47,60.44,60.45,3029
2026-04-07 14:35:00,60.46,60.47,60.42,60.43,3647
2026-04-07 14:40:00,60.415,60.4299,60.35,60.37,2890
2026-04-07 14:45:00,60.385,60.4,60.36,60.37,3590
2026-04-07 14:50:00,60.37,60.37,60.34,60.34,600
2026-04-07 14:55:00,60.31,60.31,60.24,60.25,5918
2026-04-07 15:00:00,60.26,60.26,60.2,60.2,1654
2026-04-07 15:05:00,60.22,60.22,60.15,60.15,5099
2026-04-07 15:10:00,60.15,60.22,60.15,60.22,3505
2026-04-07 15:15:00,60.224,60.38,60.224,60.36,6196
2026-04-07 15:20:00,60.345,60.52,60.345,60.39,5001
2026-04-07 15:25:00,60.38,60.43,60.38,60.43,3269
2026-04-07 15:30:00,60.44,60.48,60.42,60.475,5452
2026-04-07 15:35:00,60.47,60.47,60.43,60.44,4119
2026-04-07 15:40:00,60.41,60.43,60.38,60.38,2752
2026-04-07 15:45:00,60.38,60.53,60.38,60.475,4741
2026-04-07 15:50:00,60.48,60.495,60.44,60.44,2531
2026-04-07 15:55:00,60.42,60.43,60.36,60.36,7882
2026-04-07 16:00:00,60.37,60.42,60.37,60.4,9404
2026-04-07 18:00:00,60.94,60.99,60.94,60.99,4200
2026-04-08 09:30:00,61.29,61.29,61.14,61.285,6186
2026-04-08 09:35:00,61.2,61.31,61.195,61.22,13676
2026-04-08 09:40:00,61.26,61.38,61.26,61.34,31377
2026-04-08 09:45:00,61.35,61.385,61.31,61.36,6763
2026-04-08 09:50:00,61.3,61.3,61.13,61.19,1976
2026-04-08 09:55:00,61.1,61.23,61.1,61.23,6016
2026-04-08 10:00:00,61.245,61.435,61.245,61.435,15723
2026-04-08 10:05:00,61.44,61.44,61.38,61.38,3802
2026-04-08 10:10:00,61.42,61.43,61.41,61.43,1975
2026-04-08 10:15:00,61.42,61.45,61.42,61.44,6265
2026-04-08 10:20:00,61.44,61.44,61.41,61.41,6836
2026-04-08 10:25:00,61.38,61.38,61.3,61.335,4538
2026-04-08 10:30:00,61.33,61.33,61.17,61.18,3167
2026-04-08 10:35:00,61.2,61.25,61.19,61.205,5907
2026-04-08 10:40:00,61.19,61.29,61.19,61.29,2200
2026-04-08 10:45:00,61.3,61.31,61.25,61.25,2130
2026-04-08 10:50:00,61.28,61.28,61.275,61.28,761
2026-04-08 10:55:00,61.27,61.3,61.23,61.3,4063
2026-04-08 11:00:00,61.32,61.3939,61.3148,61.39,1816
2026-04-08 11:05:00,61.39,61.41,61.39,61.41,1681
2026-04-08 11:10:00,61.37,61.37,61.32,61.3532,5027
2026-04-08 11:15:00,61.33,61.33,61.22,61.22,2742
2026-04-08 11:20:00,61.23,61.25,61.21,61.21,5753
2026-04-08 11:25:00,61.23,61.25,61.22,61.25,4847
2026-04-08 11:30:00,61.2501,61.285,61.25,61.285,696
2026-04-08 11:35:00,61.3394,61.3394,61.325,61.33,614
2026-04-08 11:40:00,61.37,61.4,61.37,61.4,2512
2026-04-08 11:45:00,61.44,61.44,61.4069,61.43,463
2026-04-08 11:50:00,61.465,61.49,61.465,61.49,3277
2026-04-08 11:55:00,61.5,61.5,61.48,61.48,1322
2026-04-08 12:00:00,61.44,61.5,61.44,61.46,2936
2026-04-08 12:05:00,61.47,61.47,61.45,61.47,2095
2026-04-08 12:10:00,61.47,61.48,61.43,61.44,4866
2026-04-08 12:15:00,61.45,61.45,61.39,61.4,4426
2026-04-08 12:20:00,61.39,61.4,61.33,61.33,3264
2026-04-08 12:25:00,61.3299,61.34,61.31,61.31,16346
2026-04-08 12:30:00,61.32,61.37,61.3,61.37,1580
2026-04-08 12:35:00,61.36,61.36,61.295,61.34,3323
2026-04-08 12:40:00,61.37,61.39,61.37,61.37,1712
2026-04-08 12:45:00,61.38,61.4,61.38,61.4,1355
2026-04-08 12:50:00,61.43,61.43,61.41,61.42,981
2026-04-08 12:55:00,61.4,61.44,61.39,61.44,5451
2026-04-08 13:00:00,61.45,61.47,61.4447,61.46,2352
2026-04-08 13:05:00,61.45,61.46,61.445,61.46,3652
2026-04-08 13:10:00,61.44,61.47,61.44,61.46,3060
2026-04-08 13:15:00,61.435,61.45,61.43,61.43,4944
2026-04-08 13:20:00,61.44,61.46,61.42,61.42,2106
2026-04-08 13:25:00,61.4,61.41,61.38,61.39,1239
2026-04-08 13:30:00,61.41,61.41,61.38,61.38,2278
2026-04-08 13:35:00,61.39,61.42,61.39,61.42,425
2026-04-08 13:40:00,61.43,61.45,61.43,61.4301,1716
2026-04-08 13:45:00,61.48,61.49,61.48,61.48,435
2026-04-08 13:50:00,61.465,61.47,61.45,61.47,2313
2026-04-08 13:55:00,61.495,61.5104,61.495,61.5104,645
2026-04-08 14:00:00,61.47,61.48,61.455,61.47,2364
2026-04-08 14:05:00,61.5,61.5,61.49,61.49,978
2026-04-08 14:10:00,61.49,61.5,61.475,61.5,1554
2026-04-08 14:15:00,61.52,61.53,61.45,61.45,2545
2026-04-08 14:20:00,61.395,61.405,61.3418,61.35,1012
2026-04-08 14:25:00,61.35,61.38,61.35,61.3799,2085
2026-04-08 14:30:00,61.37,61.38,61.35,61.35,840
2026-04-08 14:35:00,61.3583,61.3583,61.316,61.316,921
2026-04-08 14:40:00,61.3064,61.3064,61.3,61.3,526
2026-04-08 14:45:00,61.29,61.295,61.2839,61.29,1199
2026-04-08 14:50:00,61.29,61.29,61.28,61.28,220
2026-04-08 14:55:00,61.28,61.28,61.26,61.26,1566
2026-04-08 15:00:00,61.25,61.25,61.22,61.22,2410
2026-04-08 15:05:00,61.24,61.3,61.24,61.3,2271
2026-04-08 15:10:00,61.3054,61.38,61.3,61.37,8983
2026-04-08 15:15:00,61.37,61.43,61.37,61.37,19855
2026-04-08 15:20:00,61.36,61.36,61.31,61.34,12489
2026-04-08 15:25:00,61.39,61.39,61.34,61.36,3319
2026-04-08 15:30:00,61.3,61.35,61.275,61.33,8307
2026-04-08 15:35:00,61.33,61.36,61.28,61.28,6120
2026-04-08 15:40:00,61.28,61.34,61.28,61.3,6609
2026-04-08 15:45:00,61.31,61.315,61.29,61.29,5174
2026-04-08 15:50:00,61.29,61.335,61.2615,61.335,34470
2026-04-08 15:55:00,61.335,61.445,61.335,61.44,13734
2026-04-08 16:00:00,61.445,61.445,61.39,61.41,10266
2026-04-09 09:30:00,61.15,61.37,61.15,61.35,5186
2026-04-09 09:35:00,61.43,61.48,61.41,61.41,2600
2026-04-09 09:40:00,61.405,61.415,61.35,61.375,3123
2026-04-09 09:45:00,61.36,61.4499,61.34,61.44,6866
2026-04-09 09:50:00,61.465,61.48,61.42,61.45,1093
2026-04-09 09:55:00,61.5,61.63,61.48,61.63,6902
2026-04-09 10:00:00,61.6381,61.66,61.63,61.66,3194
2026-04-09 10:05:00,61.67,61.7,61.63,61.7,3745
2026-04-09 10:10:00,61.71,61.71,61.68,61.68,5910
2026-04-09 10:15:00,61.6461,61.6461,61.5401,61.5401,457
2026-04-09 10:20:00,61.6,61.61,61.58,61.58,6411
2026-04-09 10:25:00,61.58,61.61,61.58,61.61,926
2026-04-09 10:30:00,61.62,61.69,61.62,61.69,1528
2026-04-09 10:35:00,61.69,61.7,61.69,61.7,764
2026-04-09 10:40:00,61.72,61.72,61.68,61.68,2202
2026-04-09 10:45:00,61.67,61.7,61.66,61.69,1100
2026-04-09 10:50:00,61.68,61.68,61.68,61.68,214
2026-04-09 10:55:00,61.66,61.7,61.66,61.68,1355
2026-04-09 11:00:00,61.75,61.75,61.72,61.72,200
2026-04-09 11:05:00,61.73,61.8469,61.73,61.8,2561
2026-04-09 11:10:00,61.82,61.84,61.82,61.84,200
2026-04-09 11:15:00,61.85,61.91,61.85,61.9,2828
2026-04-09 11:20:00,61.92,61.94,61.92,61.94,993
2026-04-09 11:25:00,61.935,61.96,61.935,61.96,5956
2026-04-09 11:30:00,61.97,62.09,61.97,62.09,3414
2026-04-09 11:35:00,62.095,62.23,62.07,62.2,4368
2026-04-09 11:40:00,62.21,62.22,62.2,62.2,742
2026-04-09 11:45:00,62.195,62.23,62.195,62.23,1179
2026-04-09 11:55:00,62.22,62.23,62.2,62.22,1000
2026-04-09 12:00:00,62.2201,62.34,62.22,62.32,4657
2026-04-09 12:05:00,62.29,62.31,62.29,62.29,419
2026-04-09 12:10:00,62.27,62.28,62.25,62.25,4917
2026-04-09 12:15:00,62.235,62.3,62.235,62.2999,3108
2026-04-09 12:20:00,62.3,62.31,62.27,62.27,1489
2026-04-09 12:25:00,62.26,62.28,62.23,62.28,2015
2026-04-09 12:30:00,62.29,62.3239,62.29,62.2999,1943
2026-04-09 12:35:00,62.3,62.3,62.29,62.2987,1705
2026-04-09 12:40:00,62.28,62.29,62.27,62.29,400
2026-04-09 12:45:00,62.3,62.3,62.3,62.3,210
2026-04-09 12:50:00,62.3,62.35,62.2901,62.33,2164
2026-04-09 12:55:00,62.35,62.36,62.35,62.35,758
2026-04-09 13:00:00,62.365,62.37,62.33,62.34,2462
2026-04-09 13:05:00,62.33,62.36,62.32,62.33,4120
2026-04-09 13:10:00,62.34,62.37,62.34,62.37,610
2026-04-09 13:15:00,62.37,62.39,62.37,62.39,1609
2026-04-09 13:20:00,62.43,62.43,62.38,62.39,5284
2026-04-09 13:25:00,62.39,62.39,62.37,62.37,1000
2026-04-09 13:30:00,62.375,62.38,62.35,62.36,2318
2026-04-09 13:35:00,62.3699,62.38,62.33,62.38,4253
2026-04-09 13:40:00,62.4,62.405,62.385,62.385,3686
2026-04-09 13:45:00,62.38,62.39,62.37,62.39,2254
2026-04-09 13:50:00,62.38,62.38,62.3,62.3,1525
2026-04-09 13:55:00,62.33,62.33,62.3,62.3,1360
2026-04-09 14:00:00,62.27,62.27,62.15,62.15,2521
2026-04-09 14:05:00,62.13,62.21,62.13,62.15,2570
2026-04-09 14:10:00,62.18,62.18,62.16,62.1697,704
2026-04-09 14:15:00,62.17,62.17,62.15,62.15,648
2026-04-09 14:20:00,62.18,62.18,62.135,62.135,320
2026-04-09 14:25:00,62.1225,62.13,62.1,62.13,1355
2026-04-09 14:30:00,62.12,62.12,62.0801,62.1,1874
2026-04-09 14:35:00,62.119,62.119,62.1,62.1,532
2026-04-09 14:40:00,62.12,62.14,62.12,62.12,1092
2026-04-09 14:45:00,62.11,62.11,62.09,62.0901,3384
2026-04-09 14:50:00,62.07,62.07,62.05,62.05,1007
2026-04-09 14:55:00,62.03,62.03,62.02,62.025,2424
2026-04-09 15:00:00,62.03,62.03,62,62.0153,2166
2026-04-09 15:05:00,62,62.03,61.99,62.03,6635
2026-04-09 15:10:00,62.05,62.11,62.05,62.08,3293
2026-04-09 15:15:00,62.07,62.07,62.01,62.01,1132
2026-04-09 15:20:00,62.01,62.01,62,62,450
2026-04-09 15:25:00,61.99,62.015,61.99,62.01,570
2026-04-09 15:30:00,61.995,62.08,61.995,62.07,2775
2026-04-09 15:35:00,62.03,62.0401,62.03,62.04,4203
2026-04-09 15:40:00,62.025,62.025,61.98,62.0103,5108
2026-04-09 15:45:00,62.01,62.01,61.97,61.99,365646
2026-04-09 15:50:00,61.97,61.99,61.96,61.97,4009
2026-04-09 15:55:00,61.93,61.93,61.9,61.92,10370
2026-04-09 16:00:00,61.93,61.94,61.915,61.92,3981
2026-04-10 09:30:00,61.89,62,61.86,61.865,15915
2026-04-10 09:35:00,61.88,62.045,61.88,62.03,22499
2026-04-10 09:40:00,62.08,62.16,62.08,62.14,9440
2026-04-10 09:45:00,62.15,62.16,62.02,62.06,6566
2026-04-10 09:50:00,62.09,62.19,62.08,62.19,5000
2026-04-10 09:55:00,62.24,62.36,62.23,62.265,9044
2026-04-10 10:00:00,62.26,62.26,62.2,62.22,7016
2026-04-10 10:05:00,62.2,62.24,62.2,62.24,2357
2026-04-10 10:10:00,62.25,62.27,62.23,62.26,4972
2026-04-10 10:15:00,62.24,62.245,62.19,62.22,6498
2026-04-10 10:20:00,62.24,62.277,62.22,62.24,5498
2026-04-10 10:25:00,62.25,62.27,62.22,62.27,4090
2026-04-10 10:30:00,62.26,62.27,62.24,62.24,11475
2026-04-10 10:35:00,62.21,62.2369,62.18,62.2,4775
2026-04-10 10:40:00,62.19,62.19,62.11,62.14,4306
2026-04-10 10:45:00,62.175,62.21,62.155,62.19,3465
2026-04-10 10:50:00,62.18,62.19,62.14,62.1801,2268
2026-04-10 10:55:00,62.19,62.19,62.18,62.18,721
2026-04-10 11:00:00,62.18,62.18,62.15,62.16,900
2026-04-10 11:05:00,62.17,62.17,62.17,62.17,500
2026-04-10 11:10:00,62.17,62.18,62.17,62.18,400
2026-04-10 11:15:00,62.2,62.2,62.16,62.16,732
2026-04-10 11:20:00,62.1651,62.19,62.1651,62.19,546
2026-04-10 11:25:00,62.21,62.21,62.13,62.14,4775
2026-04-10 11:30:00,62.14,62.1699,62.12,62.14,4251
2026-04-10 11:35:00,62.1,62.16,62.075,62.16,1700
2026-04-10 11:40:00,62.17,62.17,62.15,62.15,1600
2026-04-10 11:45:00,62.12,62.13,62.12,62.12,3366
2026-04-10 11:50:00,62.1,62.1,62.08,62.08,3663
2026-04-10 11:55:00,62.0899,62.09,62.06,62.08,4147
2026-04-10 12:00:00,62.06,62.09,62.06,62.085,3288
2026-04-10 12:05:00,62.08,62.1,62.08,62.1,1363
2026-04-10 12:10:00,62.09,62.11,62.09,62.11,1100
2026-04-10 12:15:00,62.11,62.12,62.06,62.07,4635
2026-04-10 12:20:00,62.07,62.07,62.02,62.02,1350
2026-04-10 12:25:00,62.03,62.045,62.02,62.03,1352
2026-04-10 12:30:00,62.04,62.07,62.03,62.04,3225
2026-04-10 12:35:00,62.0399,62.0584,62.0399,62.05,2611
2026-04-10 12:40:00,62.05,62.05,62.03,62.03,1300
2026-04-10 12:45:00,62.03,62.055,62.02,62.055,1478
2026-04-10 12:50:00,62.05,62.06,62.05,62.06,3250
2026-04-10 12:55:00,62.04,62.0465,62.03,62.03,1756
2026-04-10 13:00:00,62.025,62.025,61.98,61.99,1478
2026-04-10 13:05:00,61.97,61.98,61.97,61.98,400
2026-04-10 13:10:00,61.9665,61.99,61.965,61.99,1535
2026-04-10 13:15:00,61.99,62,61.97,61.9818,501
2026-04-10 13:20:00,61.98,61.98,61.97,61.97,1398
2026-04-10 13:25:00,61.98,61.98,61.97,61.97,1500
2026-04-10 13:30:00,61.97,61.97,61.95,61.96,1459
2026-04-10 13:35:00,61.96,61.96,61.93,61.93,600
2026-04-10 13:40:00,61.9027,61.9027,61.885,61.9,600
2026-04-10 13:45:00,61.9,61.9,61.9,61.9,200
2026-04-10 13:50:00,61.91,61.91,61.89,61.9,1741
2026-04-10 13:55:00,61.895,61.9,61.88,61.88,890
2026-04-10 14:00:00,61.88,61.9178,61.88,61.9178,886
2026-04-10 14:05:00,61.91,61.9199,61.9,61.9199,1252
2026-04-10 14:10:00,61.91,61.9369,61.91,61.9369,1231
2026-04-10 14:15:00,61.94,61.97,61.94,61.97,600
2026-04-10 14:20:00,61.98,61.98,61.96,61.96,634
2026-04-10 14:25:00,61.95,61.95,61.91,61.94,2267
2026-04-10 14:30:00,61.95,61.95,61.945,61.945,2270
2026-04-10 14:35:00,61.95,61.95,61.93,61.95,2456
2026-04-10 14:40:00,61.95,61.9523,61.925,61.925,11472
2026-04-10 14:45:00,61.93,61.94,61.93,61.94,2604
2026-04-10 14:50:00,61.948,61.95,61.94,61.94,1425
2026-04-10 14:55:00,61.94,61.99,61.94,61.99,3057
2026-04-10 15:00:00,61.99,61.99,61.94,61.94,2123
2026-04-10 15:05:00,61.94,61.95,61.92,61.92,2086
2026-04-10 15:10:00,61.95,61.96,61.95,61.96,1406
2026-04-10 15:15:00,61.98,61.99,61.97,61.97,1258
2026-04-10 15:20:00,61.97,61.98,61.935,61.945,1741
2026-04-10 15:25:00,61.925,61.93,61.9113,61.9113,1404
2026-04-10 15:30:00,61.9,61.9,61.88,61.88,5360
2026-04-10 15:35:00,61.89,61.96,61.89,61.95,4877
2026-04-10 15:40:00,61.94,61.94,61.88,61.89,2096
2026-04-10 15:45:00,61.91,61.95,61.91,61.92,4501
2026-04-10 15:50:00,61.91,62.03,61.91,62.03,9683
2026-04-10 15:55:00,62.06,62.1118,62.05,62.1118,2008
2026-04-10 16:00:00,62.13,62.15,62.13,62.15,4478
2026-04-13 09:30:00,61.93,61.93,61.85,61.86,5245
2026-04-13 09:35:00,61.88,61.88,61.8,61.86,6433
2026-04-13 09:40:00,61.86,61.86,61.81,61.82,7255
2026-04-13 09:45:00,61.85,61.95,61.83,61.95,1735
2026-04-13 09:50:00,61.96,62.02,61.95,61.95,4851
2026-04-13 09:55:00,61.91,61.99,61.91,61.99,2291
2026-04-13 10:00:00,61.965,62.04,61.96,61.96,4416
2026-04-13 10:05:00,61.94,61.99,61.94,61.97,3432
2026-04-13 10:10:00,61.97,61.9701,61.93,61.95,3364
2026-04-13 10:15:00,61.98,61.99,61.94,61.95,1966
2026-04-13 10:20:00,61.96,62.02,61.95,61.95,2017
2026-04-13 10:25:00,61.98,61.98,61.95,61.95,666
2026-04-13 10:30:00,61.96,61.97,61.95,61.95,2535
2026-04-13 10:35:00,61.95,61.97,61.95,61.97,1700
2026-04-13 10:40:00,61.95,61.975,61.95,61.96,1718
2026-04-13 10:45:00,61.97,61.98,61.94,61.94,9354
2026-04-13 10:50:00,61.94,61.94,61.91,61.91,2715
2026-04-13 10:55:00,61.91,61.94,61.9,61.94,1753
2026-04-13 11:00:00,61.93,61.95,61.91,61.91,6435
2026-04-13 11:05:00,61.915,61.93,61.88,61.88,3064
2026-04-13 11:10:00,61.875,61.91,61.85,61.88,2176
2026-04-13 11:15:00,61.89,61.89,61.87,61.87,1121
2026-04-13 11:20:00,61.855,61.855,61.785,61.81,2569
2026-04-13 11:25:00,61.76,61.76,61.725,61.73,1565
2026-04-13 11:30:00,61.72,61.72,61.67,61.71,2861
2026-04-13 11:35:00,61.71,61.71,61.67,61.67,1933
2026-04-13 11:40:00,61.67,61.68,61.65,61.68,2000
2026-04-13 11:45:00,61.6801,61.6801,61.67,61.68,418
2026-04-13 11:50:00,61.665,61.69,61.66,61.69,422
2026-04-13 11:55:00,61.68,61.71,61.68,61.71,473
2026-04-13 12:00:00,61.73,61.73,61.72,61.72,300
2026-04-13 12:05:00,61.75,61.79,61.75,61.76,2348
2026-04-13 12:10:00,61.77,61.775,61.74,61.75,5936
2026-04-13 12:15:00,61.73,61.74,61.69,61.69,3375
2026-04-13 12:20:00,61.7,61.82,61.7,61.82,1668
2026-04-13 12:25:00,61.85,61.85,61.82,61.82,400
2026-04-13 12:30:00,61.85,61.85,61.82,61.83,900
2026-04-13 12:35:00,61.87,61.87,61.84,61.84,938
2026-04-13 12:40:00,61.85,61.85,61.8199,61.8199,850
2026-04-13 12:45:00,61.84,61.88,61.84,61.86,2911
2026-04-13 12:50:00,61.85,61.88,61.83,61.84,3235
2026-04-13 12:55:00,61.83,61.83,61.79,61.82,1216
2026-04-13 13:00:00,61.86,61.89,61.86,61.89,891
2026-04-13 13:05:00,61.91,61.91,61.895,61.91,1198
2026-04-13 13:10:00,61.93,61.93,61.91,61.92,883
2026-04-13 13:15:00,61.9299,61.93,61.9,61.9,2190
2026-04-13 13:20:00,61.91,61.91,61.875,61.88,1000
2026-04-13 13:25:00,61.865,61.89,61.865,61.88,700
2026-04-13 13:30:00,61.87,61.87,61.8686,61.87,689
2026-04-13 13:35:00,61.865,61.865,61.85,61.85,1330
2026-04-13 13:40:00,61.85,61.85,61.82,61.82,1500
2026-04-13 13:45:00,61.835,61.865,61.835,61.865,761
2026-04-13 13:50:00,61.89,61.89,61.89,61.89,400
2026-04-13 13:55:00,61.905,61.93,61.9,61.92,1097
2026-04-13 14:00:00,61.92,61.93,61.91,61.91,700
2026-04-13 14:05:00,61.92,61.92,61.92,61.92,674
2026-04-13 14:10:00,61.91,61.93,61.9024,61.93,606
2026-04-13 14:15:00,61.94,61.97,61.94,61.97,200
2026-04-13 14:20:00,61.96,61.971,61.95,61.95,1376
2026-04-13 14:25:00,61.94,61.96,61.94,61.96,600
2026-04-13 14:30:00,61.96,61.97,61.96,61.965,936
2026-04-13 14:35:00,61.96,61.96,61.9542,61.96,501
2026-04-13 14:40:00,61.96,61.96,61.95,61.95,1656
2026-04-13 14:45:00,61.96,62,61.96,62,1342
2026-04-13 14:50:00,61.99,61.99,61.99,61.99,302
2026-04-13 14:55:00,61.98,61.99,61.96,61.99,2215
2026-04-13 15:00:00,62,62.03,62,62,2283
2026-04-13 15:05:00,61.9851,61.99,61.94,61.94,2730
2026-04-13 15:10:00,61.9315,61.97,61.9,61.9,4579
2026-04-13 15:15:00,61.91,61.965,61.91,61.96,7058
2026-04-13 15:20:00,61.965,61.995,61.965,61.99,3175
2026-04-13 15:25:00,61.985,62,61.98,62,1630
2026-04-13 15:30:00,62.015,62.035,61.99,61.99,3951
2026-04-13 15:35:00,61.99,61.99,61.92,61.955,6039
2026-04-13 15:40:00,61.95,61.985,61.95,61.98,5057
2026-04-13 15:45:00,62,62,61.93,61.95,8777
2026-04-13 15:50:00,61.96,62.19,61.96,62.18,8457
2026-04-13 15:55:00,62.18,62.265,62.18,62.235,5908
2026-04-13 16:00:00,62.24,62.29,62.24,62.29,9129
2026-04-14 09:30:00,62.21,62.27,62.08,62.18,12920
2026-04-14 09:35:00,62.21,62.36,62.2,62.36,20043
2026-04-14 09:40:00,62.34,62.41,62.32,62.34,12153
2026-04-14 09:45:00,62.235,62.38,62.15,62.38,9450
2026-04-14 09:50:00,62.36,62.39,62.35,62.3699,4884
2026-04-14 09:55:00,62.36,62.48,62.36,62.48,13318
2026-04-14 10:00:00,62.48,62.58,62.48,62.57,4435
2026-04-14 10:05:00,62.59,62.64,62.59,62.6286,1874
2026-04-14 10:10:00,62.65,62.715,62.64,62.7,3447
2026-04-14 10:15:00,62.69,62.71,62.66,62.7,2886
2026-04-14 10:20:00,62.72,62.73,62.7,62.7,1572
2026-04-14 10:25:00,62.655,62.68,62.655,62.67,500
2026-04-14 10:30:00,62.66,62.67,62.64,62.66,3343
2026-04-14 10:35:00,62.65,62.68,62.65,62.68,1841
2026-04-14 10:40:00,62.66,62.68,62.63,62.68,2872
2026-04-14 10:45:00,62.69,62.72,62.69,62.705,6375
2026-04-14 10:50:00,62.71,62.73,62.69,62.69,1534
2026-04-14 10:55:00,62.71,62.71,62.68,62.7,1104
2026-04-14 11:00:00,62.71,62.71,62.69,62.71,1400
2026-04-14 11:05:00,62.69,62.71,62.68,62.71,1137
2026-04-14 11:10:00,62.71,62.71,62.68,62.68,3410
2026-04-14 11:15:00,62.69,62.715,62.69,62.7,1460
2026-04-14 11:20:00,62.71,62.77,62.71,62.77,6197
2026-04-14 11:25:00,62.775,62.78,62.77,62.78,566
2026-04-14 11:30:00,62.78,62.79,62.77,62.78,1752
2026-04-14 11:35:00,62.7601,62.7601,62.75,62.75,463
2026-04-14 11:40:00,62.73,62.74,62.71,62.74,1450
2026-04-14 11:45:00,62.71,62.73,62.69,62.69,1289
2026-04-14 11:50:00,62.685,62.685,62.685,62.685,372
2026-04-14 11:55:00,62.6699,62.675,62.66,62.675,1137
2026-04-14 12:00:00,62.64,62.66,62.64,62.66,782
2026-04-14 12:05:00,62.63,62.63,62.63,62.63,100
2026-04-14 12:10:00,62.63,62.63,62.63,62.63,545
2026-04-14 12:15:00,62.61,62.63,62.61,62.63,1619
2026-04-14 12:20:00,62.64,62.66,62.64,62.66,300
2026-04-14 12:25:00,62.66,62.67,62.66,62.67,210
2026-04-14 12:30:00,62.675,62.68,62.66,62.66,778
2026-04-14 12:35:00,62.65,62.66,62.65,62.66,1417
2026-04-14 12:40:00,62.66,62.66,62.6547,62.6547,500
2026-04-14 12:45:00,62.67,62.67,62.65,62.66,1334
2026-04-14 12:50:00,62.65,62.65,62.6207,62.63,5794
2026-04-14 12:55:00,62.63,62.63,62.6,62.615,2986
2026-04-14 13:00:00,62.61,62.67,62.61,62.67,1529
2026-04-14 13:05:00,62.67,62.67,62.66,62.67,2456
2026-04-14 13:10:00,62.68,62.69,62.66,62.6788,1445
2026-04-14 13:15:00,62.68,62.68,62.66,62.68,2347
2026-04-14 13:20:00,62.68,62.74,62.675,62.74,1949
2026-04-14 13:25:00,62.75,62.765,62.75,62.765,1040
2026-04-14 13:30:00,62.78,62.78,62.76,62.76,1790
2026-04-14 13:35:00,62.77,62.77,62.73,62.735,2028
2026-04-14 13:40:00,62.725,62.725,62.705,62.71,9453
2026-04-14 13:45:00,62.72,62.72,62.715,62.715,579
2026-04-14 13:50:00,62.71,62.72,62.7,62.7,945
2026-04-14 13:55:00,62.68,62.685,62.67,62.685,1300
2026-04-14 14:00:00,62.7,62.74,62.69,62.74,2173
2026-04-14 14:05:00,62.73,62.77,62.73,62.77,1072
2026-04-14 14:10:00,62.785,62.8068,62.78,62.7901,1561
2026-04-14 14:15:00,62.805,62.825,62.8,62.8,1619
2026-04-14 14:20:00,62.79,62.79,62.75,62.77,3866
2026-04-14 14:25:00,62.78,62.8,62.77,62.8,9572
2026-04-14 14:30:00,62.79,62.79,62.76,62.775,3079
2026-04-14 14:35:00,62.78,62.82,62.77,62.82,4438
2026-04-14 14:40:00,62.83,62.83,62.815,62.83,1036
2026-04-14 14:45:00,62.835,62.84,62.8199,62.8199,3284
2026-04-14 14:50:00,62.815,62.82,62.8,62.8,2761
2026-04-14 14:55:00,62.805,62.8299,62.805,62.82,2740
2026-04-14 15:00:00,62.815,62.83,62.79,62.83,23143
2026-04-14 15:05:00,62.8298,62.865,62.81,62.84,8410
2026-04-14 15:10:00,62.84,62.8599,62.84,62.8599,9425
2026-04-14 15:15:00,62.86,62.91,62.86,62.91,1913
2026-04-14 15:20:00,62.92,62.96,62.92,62.96,2678
2026-04-14 15:25:00,62.96,62.99,62.96,62.99,1575
2026-04-14 15:30:00,62.96,63.04,62.96,63,6800
2026-04-14 15:35:00,63,63,62.96,62.99,7825
2026-04-14 15:40:00,63.01,63.04,63.01,63.04,4321
2026-04-14 15:45:00,63.04,63.05,62.975,62.98,4715
2026-04-14 15:50:00,62.985,63.02,62.965,62.99,9833
2026-04-14 15:55:00,62.985,63.04,62.98,63,17475
2026-04-14 16:00:00,62.995,63.03,62.99,63.03,5703
2026-04-15 09:30:00,62.85,62.97,62.72,62.72,5448
2026-04-15 09:35:00,62.72,62.74,62.65,62.73,3274
2026-04-15 09:40:00,62.73,62.86,62.73,62.81,975
2026-04-15 09:45:00,62.78,62.7996,62.6904,62.77,4837
2026-04-15 09:50:00,62.75,62.75,62.65,62.65,9659
2026-04-15 09:55:00,62.61,62.684,62.595,62.655,8556
2026-04-15 10:00:00,62.665,62.7,62.6,62.67,10824
2026-04-15 10:05:00,62.675,62.705,62.645,62.645,10304
2026-04-15 10:10:00,62.66,62.67,62.62,62.62,6349
2026-04-15 10:15:00,62.63,62.66,62.62,62.64,5886
2026-04-15 10:20:00,62.65,62.7,62.64,62.7,2277
2026-04-15 10:25:00,62.71,62.73,62.69,62.69,3194
2026-04-15 10:30:00,62.71,62.73,62.645,62.645,5060
2026-04-15 10:35:00,62.61,62.61,62.57,62.57,9861
2026-04-15 10:40:00,62.56,62.7,62.56,62.7,5245
2026-04-15 10:45:00,62.68,62.73,62.68,62.73,1438
2026-04-15 10:50:00,62.69,62.69,62.66,62.66,2972
2026-04-15 10:55:00,62.65,62.66,62.65,62.655,2848
2026-04-15 11:00:00,62.645,62.645,62.59,62.61,2498
2026-04-15 11:05:00,62.62,62.62,62.57,62.57,5517
2026-04-15 11:10:00,62.57,62.63,62.57,62.63,2094
2026-04-15 11:15:00,62.635,62.635,62.59,62.61,1798
2026-04-15 11:20:00,62.61,62.64,62.59,62.64,2624
2026-04-15 11:25:00,62.635,62.65,62.61,62.65,1364
2026-04-15 11:30:00,62.64,62.65,62.62,62.64,2075
2026-04-15 11:35:00,62.64,62.66,62.64,62.66,720
2026-04-15 11:40:00,62.66,62.69,62.66,62.69,2859
2026-04-15 11:45:00,62.71,62.71,62.69,62.71,600
2026-04-15 11:50:00,62.7138,62.7138,62.67,62.67,1807
2026-04-15 11:55:00,62.67,62.68,62.67,62.68,2149
2026-04-15 12:00:00,62.68,62.69,62.68,62.69,2061
2026-04-15 12:05:00,62.69,62.69,62.66,62.67,2513
2026-04-15 12:10:00,62.67,62.69,62.67,62.69,1154
2026-04-15 12:15:00,62.685,62.7,62.685,62.69,511
2026-04-15 12:20:00,62.7,62.72,62.7,62.72,515
2026-04-15 12:25:00,62.72,62.74,62.72,62.74,2160
2026-04-15 12:30:00,62.75,62.8199,62.75,62.81,998
2026-04-15 12:35:00,62.82,62.83,62.81,62.83,2035
2026-04-15 12:40:00,62.81,62.85,62.81,62.85,426
2026-04-15 12:45:00,62.85,62.88,62.85,62.86,2304
2026-04-15 12:50:00,62.86,62.87,62.81,62.83,3936
2026-04-15 12:55:00,62.8399,62.85,62.83,62.8439,1963
2026-04-15 13:00:00,62.8265,62.85,62.8265,62.85,1552
2026-04-15 13:05:00,62.87,62.87,62.83,62.8303,1647
2026-04-15 13:10:00,62.84,62.87,62.84,62.84,4509
2026-04-15 13:15:00,62.835,62.88,62.835,62.87,1549
2026-04-15 13:20:00,62.88,62.88,62.855,62.855,1000
2026-04-15 13:25:00,62.85,62.86,62.83,62.83,1975
2026-04-15 13:30:00,62.84,62.84,62.83,62.83,865
2026-04-15 13:35:00,62.83,62.84,62.82,62.83,1729
2026-04-15 13:40:00,62.805,62.82,62.8,62.81,6346
2026-04-15 13:45:00,62.81,62.82,62.81,62.82,1221
2026-04-15 13:50:00,62.835,62.84,62.83,62.83,3050
2026-04-15 13:55:00,62.835,62.85,62.815,62.82,3411
2026-04-15 14:00:00,62.815,62.8647,62.815,62.85,4834
2026-04-15 14:05:00,62.88,62.92,62.86,62.91,3996
2026-04-15 14:10:00,62.915,62.92,62.85,62.87,1679
2026-04-15 14:15:00,62.875,62.88,62.86,62.88,825
2026-04-15 14:20:00,62.85,62.85,62.82,62.82,1516
2026-04-15 14:25:00,62.82,62.82,62.809,62.81,1143
2026-04-15 14:30:00,62.81,62.83,62.81,62.81,1284
2026-04-15 14:35:00,62.81,62.81,62.795,62.795,2257
2026-04-15 14:40:00,62.794,62.81,62.79,62.81,1530
2026-04-15 14:45:00,62.825,62.8598,62.825,62.8598,1263
2026-04-15 14:50:00,62.86,62.875,62.85,62.87,77485
2026-04-15 14:55:00,62.85,62.87,62.85,62.865,3457
2026-04-15 15:00:00,62.84,62.86,62.84,62.86,3003
2026-04-15 15:05:00,62.87,62.91,62.87,62.89,2750
2026-04-15 15:10:00,62.885,62.89,62.86,62.86,8731
2026-04-15 15:15:00,62.85,62.88,62.85,62.88,2030
2026-04-15 15:20:00,62.89,62.96,62.89,62.95,24418
2026-04-15 15:25:00,62.955,62.9598,62.92,62.95,10231
2026-04-15 15:30:00,62.95,62.97,62.9487,62.965,14489
2026-04-15 15:35:00,62.965,62.97,62.92,62.92,11701
2026-04-15 15:40:00,62.915,62.92,62.87,62.91,25025
2026-04-15 15:45:00,62.915,62.93,62.91,62.9165,10915
2026-04-15 15:50:00,62.91,62.99,62.91,62.935,14284
2026-04-15 15:55:00,62.95,63.04,62.95,63.025,16020
2026-04-15 16:00:00,63.03,63.03,63.01,63.01,7977
2026-04-16 09:30:00,63.13,63.49,63.13,63.485,18899
2026-04-16 09:35:00,63.54,63.6,63.43,63.48,2143
2026-04-16 09:40:00,63.475,63.49,63.4,63.49,2676
2026-04-16 09:45:00,63.47,63.52,63.43,63.51,7585
2026-04-16 09:50:00,63.52,63.58,63.51,63.54,3460
2026-04-16 09:55:00,63.54,63.54,63.47,63.49,1400
2026-04-16 10:00:00,63.5,63.53,63.46,63.46,2451
2026-04-16 10:05:00,63.42,63.43,63.35,63.35,911
2026-04-16 10:10:00,63.38,63.38,63.3,63.3,6428
2026-04-16 10:15:00,63.32,63.365,63.32,63.35,2357
2026-04-16 10:20:00,63.34,63.36,63.3,63.345,2966
2026-04-16 10:25:00,63.35,63.38,63.345,63.38,1405
2026-04-16 10:30:00,63.38,63.38,63.33,63.36,2050
2026-04-16 10:35:00,63.34,63.36,63.31,63.31,7404
2026-04-16 10:40:00,63.31,63.34,63.3,63.34,3169
2026-04-16 10:45:00,63.335,63.395,63.335,63.37,5669
2026-04-16 10:50:00,63.38,63.4099,63.355,63.355,1891
2026-04-16 10:55:00,63.35,63.35,63.32,63.35,1375
2026-04-16 11:00:00,63.33,63.38,63.33,63.38,1035
2026-04-16 11:05:00,63.38,63.42,63.36,63.42,1629
2026-04-16 11:10:00,63.43,63.46,63.43,63.44,800
2026-04-16 11:15:00,63.45,63.49,63.44,63.49,600
2026-04-16 11:20:00,63.47,63.47,63.45,63.45,573
2026-04-16 11:25:00,63.46,63.47,63.42,63.46,32660
2026-04-16 11:30:00,63.44,63.46,63.4,63.4,800
2026-04-16 11:35:00,63.41,63.45,63.38,63.43,3423
2026-04-16 11:40:00,63.43,63.45,63.405,63.405,1088
2026-04-16 11:45:00,63.39,63.42,63.39,63.41,1240
2026-04-16 11:50:00,63.42,63.44,63.41,63.4399,870
2026-04-16 11:55:00,63.44,63.49,63.44,63.48,1400
2026-04-16 12:00:00,63.47,63.48,63.47,63.48,520
2026-04-16 12:05:00,63.46,63.48,63.44,63.44,1120
2026-04-16 12:10:00,63.445,63.48,63.445,63.46,600
2026-04-16 12:15:00,63.47,63.47,63.41,63.41,3661
2026-04-16 12:20:00,63.42,63.43,63.35,63.38,1430
2026-04-16 12:25:00,63.39,63.395,63.38,63.395,1127
2026-04-16 12:30:00,63.395,63.4,63.35,63.38,2748
2026-04-16 12:35:00,63.39,63.39,63.37,63.37,616
2026-04-16 12:40:00,63.38,63.39,63.345,63.37,2226
2026-04-16 12:45:00,63.35,63.36,63.35,63.35,500
2026-04-16 12:50:00,63.305,63.32,63.29,63.305,1509
2026-04-16 12:55:00,63.31,63.34,63.31,63.325,3175
2026-04-16 13:00:00,63.31,63.315,63.28,63.29,2007
2026-04-16 13:05:00,63.27,63.28,63.25,63.28,650
2026-04-16 13:10:00,63.23,63.29,63.23,63.27,4077
2026-04-16 13:15:00,63.255,63.26,63.22,63.22,1254
2026-04-16 13:20:00,63.22,63.23,63.2,63.23,1120
2026-04-16 13:25:00,63.25,63.27,63.25,63.25,871
2026-04-16 13:30:00,63.265,63.29,63.25,63.28,10121
2026-04-16 13:35:00,63.26,63.29,63.255,63.29,2639
2026-04-16 13:40:00,63.305,63.34,63.305,63.34,3767
2026-04-16 13:45:00,63.33,63.355,63.33,63.355,1223
2026-04-16 13:50:00,63.355,63.38,63.35,63.38,2277
2026-04-16 13:55:00,63.375,63.38,63.33,63.335,2400
2026-04-16 14:00:00,63.33,63.4,63.33,63.38,2143
2026-04-16 14:05:00,63.37,63.405,63.37,63.4,2614
2026-04-16 14:10:00,63.41,63.46,63.41,63.45,1470
2026-04-16 14:15:00,63.465,63.465,63.43,63.45,1000
2026-04-16 14:20:00,63.43,63.45,63.43,63.44,1590
2026-04-16 14:25:00,63.43,63.43,63.4,63.4,2674
2026-04-16 14:30:00,63.41,63.43,63.41,63.42,2600
2026-04-16 14:35:00,63.42,63.43,63.39,63.395,1850
2026-04-16 14:40:00,63.405,63.42,63.4,63.42,2181
2026-04-16 14:45:00,63.42,63.45,63.42,63.45,2748
2026-04-16 14:50:00,63.455,63.467,63.435,63.455,1584
2026-04-16 14:55:00,63.445,63.47,63.435,63.46,1940
2026-04-16 15:00:00,63.45,63.46,63.42,63.45,5259
2026-04-16 15:05:00,63.44,63.47,63.43,63.456,5974
2026-04-16 15:10:00,63.44,63.46,63.385,63.4,4684
2026-04-16 15:15:00,63.41,63.445,63.38,63.44,10888
2026-04-16 15:20:00,63.45,63.47,63.43,63.47,5162
2026-04-16 15:25:00,63.47,63.48,63.45,63.45,9408
2026-04-16 15:30:00,63.45,63.47,63.425,63.4399,7028
2026-04-16 15:35:00,63.421,63.5,63.42,63.5,8636
2026-04-16 15:40:00,63.5,63.5,63.45,63.45,3358
2026-04-16 15:45:00,63.44,63.46,63.42,63.42,7418
2026-04-16 15:50:00,63.43,63.49,63.425,63.455,6840
2026-04-16 15:55:00,63.465,63.51,63.465,63.51,12223
2026-04-16 16:00:00,63.5,63.5,63.5,63.5,1142
2026-04-17 09:30:00,63.74,63.89,63.74,63.89,2723
2026-04-17 09:35:00,63.9,63.9,63.9,63.9,100
2026-04-17 09:40:00,63.82,63.83,63.72,63.83,3243
2026-04-17 09:45:00,63.82,63.9,63.82,63.9,1900
2026-04-17 09:50:00,63.89,64.13,63.89,64.13,3215
2026-04-17 09:55:00,64.185,64.2,64.165,64.19,4775
2026-04-17 10:00:00,64.165,64.225,64.16,64.22,7201
2026-04-17 10:05:00,64.22,64.238,64.13,64.13,2227
2026-04-17 10:10:00,64.14,64.14,64.09,64.09,1390
2026-04-17 10:15:00,64.09,64.11,64.09,64.11,1032
2026-04-17 10:20:00,64.16,64.21,64.14,64.19,10865
2026-04-17 10:25:00,64.21,64.23,64.19,64.23,10105
2026-04-17 10:30:00,64.23,64.25,64.18,64.25,8951
2026-04-17 10:35:00,64.24,64.26,64.22,64.26,1330
2026-04-17 10:40:00,64.31,64.41,64.31,64.39,2229
2026-04-17 10:45:00,64.39,64.42,64.375,64.42,1387
2026-04-17 10:50:00,64.39,64.47,64.39,64.42,3248
2026-04-17 10:55:00,64.4,64.43,64.4,64.4,7060
2026-04-17 11:00:00,64.4,64.4701,64.38,64.4701,3543
2026-04-17 11:05:00,64.4,64.47,64.4,64.46,1170
2026-04-17 11:10:00,64.45,64.45,64.4,64.4,1857
2026-04-17 11:15:00,64.4,64.4,64.31,64.34,2347
2026-04-17 11:20:00,64.35,64.36,64.3,64.3,4755
2026-04-17 11:25:00,64.28,64.28,64.233,64.25,1065
2026-04-17 11:30:00,64.23,64.25,64.21,64.21,1665
2026-04-17 11:35:00,64.24,64.27,64.2347,64.27,1152
2026-04-17 11:40:00,64.28,64.3,64.27,64.295,2321
2026-04-17 11:45:00,64.35,64.39,64.34,64.36,3172
2026-04-17 11:50:00,64.4,64.42,64.4,64.41,1804
2026-04-17 11:55:00,64.44,64.46,64.44,64.46,4846
2026-04-17 12:00:00,64.44,64.5,64.44,64.49,1924
2026-04-17 12:05:00,64.45,64.48,64.45,64.48,1840
2026-04-17 12:10:00,64.47,64.51,64.47,64.51,1738
2026-04-17 12:15:00,64.51,64.51,64.49,64.49,1107
2026-04-17 12:20:00,64.5,64.5,64.46,64.46,518
2026-04-17 12:25:00,64.47,64.49,64.47,64.48,500
2026-04-17 12:30:00,64.48,64.5,64.48,64.5,583
2026-04-17 12:35:00,64.5,64.51,64.49,64.49,1273
2026-04-17 12:40:00,64.51,64.51,64.48,64.5,3482
2026-04-17 12:45:00,64.51,64.52,64.5,64.5,1884
2026-04-17 12:50:00,64.51,64.53,64.51,64.53,410
2026-04-17 12:55:00,64.545,64.55,64.54,64.54,5674
2026-04-17 13:05:00,64.5,64.5,64.45,64.47,2557
2026-04-17 13:10:00,64.48,64.48,64.48,64.48,975
2026-04-17 13:15:00,64.49,64.49,64.47,64.49,1972
2026-04-17 13:20:00,64.43,64.434,64.36,64.38,3687
2026-04-17 13:25:00,64.38,64.42,64.36,64.42,3365
2026-04-17 13:30:00,64.43,64.4486,64.43,64.44,1872
2026-04-17 13:35:00,64.39,64.39,64.37,64.38,2310
2026-04-17 13:40:00,64.37,64.39,64.3699,64.3699,2066
2026-04-17 13:45:00,64.36,64.365,64.36,64.365,275
2026-04-17 13:50:00,64.41,64.435,64.4099,64.435,642
2026-04-17 14:00:00,64.39,64.39,64.39,64.39,200
2026-04-17 14:05:00,64.39,64.42,64.39,64.41,1139
2026-04-17 14:10:00,64.42,64.44,64.42,64.44,737
2026-04-17 14:15:00,64.44,64.46,64.44,64.46,306
2026-04-17 14:20:00,64.46,64.5,64.46,64.5,1020
2026-04-17 14:25:00,64.51,64.52,64.5,64.51,1676
2026-04-17 14:30:00,64.52,64.535,64.52,64.5201,1344
2026-04-17 14:35:00,64.5,64.5,64.455,64.455,2554
2026-04-17 14:40:00,64.46,64.48,64.46,64.48,1950
2026-04-17 14:45:00,64.46,64.48,64.46,64.48,2081
2026-04-17 14:50:00,64.47,64.48,64.46,64.46,1683
2026-04-17 14:55:00,64.47,64.477,64.465,64.475,739
2026-04-17 15:00:00,64.47,64.475,64.46,64.47,1663
2026-04-17 15:05:00,64.47,64.49,64.47,64.475,2374
2026-04-17 15:10:00,64.46,64.46,64.42,64.44,2990
2026-04-17 15:15:00,64.46,64.52,64.46,64.5,4005
2026-04-17 15:20:00,64.4901,64.4901,64.425,64.425,1979
2026-04-17 15:25:00,64.42,64.4918,64.42,64.46,3407
2026-04-17 15:30:00,64.46,64.52,64.46,64.505,6252
2026-04-17 15:35:00,64.49,64.54,64.49,64.53,4224
2026-04-17 15:40:00,64.5351,64.57,64.53,64.56,4699
2026-04-17 15:45:00,64.57,64.57,64.495,64.5,5853
2026-04-17 15:50:00,64.51,64.56,64.48,64.51,15451
2026-04-17 15:55:00,64.5,64.54,64.445,64.5,15955
2026-04-17 16:00:00,64.48,64.48,64.48,64.48,1335
2026-04-20 09:30:00,64.35,64.565,64.35,64.46,18772
2026-04-20 09:35:00,64.26,64.33,64.24,64.33,3248
2026-04-20 09:40:00,64.37,64.57,64.37,64.57,1766
2026-04-20 09:45:00,64.52,64.54,64.47,64.54,2137
2026-04-20 09:50:00,64.53,64.53,64.41,64.41,656
2026-04-20 09:55:00,64.4,64.44,64.3801,64.44,3125
2026-04-20 10:00:00,64.46,64.5699,64.45,64.5699,1888
2026-04-20 10:05:00,64.57,64.57,64.5301,64.55,1706
2026-04-20 10:10:00,64.54,64.54,64.48,64.51,4325
2026-04-20 10:15:00,64.5543,64.62,64.5543,64.62,2143
2026-04-20 10:20:00,64.56,64.56,64.53,64.54,1088
2026-04-20 10:25:00,64.535,64.545,64.525,64.53,761
2026-04-20 10:30:00,64.56,64.56,64.52,64.52,933
2026-04-20 10:35:00,64.46,64.46,64.46,64.46,100
2026-04-20 10:40:00,64.48,64.49,64.48,64.49,228
2026-04-20 10:45:00,64.52,64.57,64.52,64.57,2361
2026-04-20 10:50:00,64.61,64.64,64.51,64.64,25193
2026-04-20 10:55:00,64.62,64.64,64.6101,64.64,2246
2026-04-20 11:00:00,64.65,64.65,64.58,64.58,1016
2026-04-20 11:05:00,64.65,64.65,64.64,64.64,948
2026-04-20 11:10:00,64.65,64.65,64.6,64.62,1651
2026-04-20 11:15:00,64.62,64.64,64.59,64.64,1408
2026-04-20 11:20:00,64.63,64.7,64.62,64.7,2379
2026-04-20 11:25:00,64.68,64.71,64.68,64.68,920
2026-04-20 11:30:00,64.6883,64.69,64.67,64.67,1021
2026-04-20 11:35:00,64.66,64.67,64.66,64.67,310
2026-04-20 11:40:00,64.675,64.685,64.675,64.685,437
2026-04-20 11:45:00,64.66,64.67,64.66,64.67,500
2026-04-20 11:50:00,64.64,64.645,64.64,64.645,477
2026-04-20 11:55:00,64.67,64.69,64.67,64.67,1295
2026-04-20 12:00:00,64.63,64.63,64.6001,64.6001,817
2026-04-20 12:05:00,64.62,64.66,64.62,64.65,1049
2026-04-20 12:10:00,64.66,64.66,64.66,64.66,100
2026-04-20 12:15:00,64.65,64.65,64.65,64.65,100
2026-04-20 12:20:00,64.62,64.67,64.62,64.67,305
2026-04-20 12:25:00,64.67,64.69,64.67,64.69,413
2026-04-20 12:30:00,64.7,64.71,64.63,64.63,6880
2026-04-20 12:35:00,64.5863,64.59,64.58,64.58,910
2026-04-20 12:40:00,64.605,64.61,64.59,64.61,2984
2026-04-20 12:45:00,64.61,64.61,64.6028,64.61,657
2026-04-20 12:50:00,64.635,64.635,64.61,64.61,600
2026-04-20 12:55:00,64.6,64.61,64.5901,64.61,1056
2026-04-20 13:00:00,64.61,64.61,64.58,64.58,500
2026-04-20 13:05:00,64.64,64.64,64.62,64.62,325
2026-04-20 13:10:00,64.64,64.65,64.64,64.64,2545
2026-04-20 13:15:00,64.6299,64.64,64.62,64.64,2810
2026-04-20 13:20:00,64.635,64.67,64.635,64.6699,1401
2026-04-20 13:25:00,64.66,64.68,64.66,64.67,668
2026-04-20 13:30:00,64.67,64.67,64.6,64.6,1125
2026-04-20 13:35:00,64.6,64.63,64.6,64.63,646
2026-04-20 13:40:00,64.591,64.6019,64.59,64.6019,5271
2026-04-20 13:45:00,64.62,64.62,64.62,64.62,363
2026-04-20 13:50:00,64.615,64.62,64.6001,64.62,754
2026-04-20 13:55:00,64.62,64.62,64.61,64.62,947
2026-04-20 14:00:00,64.6,64.605,64.5801,64.5932,1266
2026-04-20 14:05:00,64.63,64.64,64.62,64.62,1150
2026-04-20 14:10:00,64.645,64.69,64.64,64.69,5627
2026-04-20 14:15:00,64.68,64.71,64.68,64.71,6125
2026-04-20 14:20:00,64.71,64.72,64.7,64.7,49072
2026-04-20 14:25:00,64.69,64.69,64.65,64.65,6038
2026-04-20 14:30:00,64.65,64.68,64.63,64.68,2887
2026-04-20 14:35:00,64.69,64.69,64.64,64.67,2031
2026-04-20 14:40:00,64.65,64.6601,64.65,64.65,1371
2026-04-20 14:45:00,64.67,64.68,64.66,64.68,930
2026-04-20 14:50:00,64.7,64.7,64.6925,64.6925,270
2026-04-20 14:55:00,64.705,64.72,64.705,64.7101,1524
2026-04-20 15:00:00,64.72,64.74,64.71,64.725,2332
2026-04-20 15:05:00,64.74,64.75,64.74,64.75,400
2026-04-20 15:10:00,64.74,64.74,64.67,64.68,4489
2026-04-20 15:15:00,64.69,64.7,64.68,64.695,3096
2026-04-20 15:20:00,64.71,64.725,64.68,64.71,2053
2026-04-20 15:25:00,64.71,64.71,64.68,64.68,300
2026-04-20 15:30:00,64.67,64.67,64.63,64.66,3347
2026-04-20 15:35:00,64.67,64.72,64.66,64.71,7423
2026-04-20 15:40:00,64.72,64.7218,64.6647,64.6647,2959
2026-04-20 15:45:00,64.66,64.695,64.65,64.695,3093
2026-04-20 15:50:00,64.7,64.72,64.69,64.71,3358
2026-04-20 15:55:00,64.71,64.78,64.71,64.76,7715
2026-04-20 16:00:00,64.78,64.78,64.78,64.78,1648
2026-04-21 09:30:00,64.75,64.75,64.6,64.64,10468
2026-04-21 09:35:00,64.62,64.69,64.505,64.69,9334
2026-04-21 09:40:00,64.69,64.74,64.55,64.63,8655
2026-04-21 09:45:00,64.62,64.7,64.61,64.61,3361
2026-04-21 09:50:00,64.6317,64.66,64.53,64.58,15899
2026-04-21 09:55:00,64.57,64.58,64.45,64.45,9719
2026-04-21 10:00:00,64.42,64.5,64.41,64.49,4526
2026-04-21 10:05:00,64.48,64.48,64.41,64.42,10231
2026-04-21 10:10:00,64.39,64.43,64.38,64.38,3412
2026-04-21 10:15:00,64.37,64.38,64.33,64.34,4759
2026-04-21 10:20:00,64.36,64.36,64.3,64.3,3331
2026-04-21 10:25:00,64.3,64.3,64.25,64.26,5377
2026-04-21 10:30:00,64.25,64.265,64.22,64.22,4650
2026-04-21 10:35:00,64.18,64.18,64.125,64.135,1800
2026-04-21 10:40:00,64.1,64.15,64.1,64.12,3076
2026-04-21 10:45:00,64.07,64.085,64,64,9030
2026-04-21 10:50:00,64,64.04,63.94,64.04,5062
2026-04-21 10:55:00,64.04,64.1,63.92,63.92,7760
2026-04-21 11:00:00,63.92,63.92,63.84,63.92,4252
2026-04-21 11:05:00,63.92,63.96,63.8501,63.86,2039
2026-04-21 11:10:00,63.83,63.87,63.79,63.87,2841
2026-04-21 11:15:00,63.87,63.91,63.81,63.81,5968
2026-04-21 11:20:00,63.79,63.79,63.72,63.78,6597
2026-04-21 11:25:00,63.77,63.77,63.705,63.71,2625
2026-04-21 11:30:00,63.7,63.8,63.6844,63.79,7274
2026-04-21 11:35:00,63.79,63.79,63.7,63.72,2245
2026-04-21 11:40:00,63.75,63.87,63.75,63.87,2051
2026-04-21 11:45:00,63.87,63.9,63.835,63.88,4103
2026-04-21 11:50:00,63.87,63.88,63.84,63.84,2390
2026-04-21 11:55:00,63.845,63.87,63.825,63.87,1476
2026-04-21 12:00:00,63.89,63.95,63.89,63.94,2975
2026-04-21 12:05:00,63.93,63.94,63.925,63.93,2515
2026-04-21 12:10:00,63.93,63.945,63.9,63.945,1090
2026-04-21 12:15:00,63.93,63.9699,63.93,63.95,3288
2026-04-21 12:20:00,63.95,63.965,63.94,63.96,4678
2026-04-21 12:25:00,63.945,63.975,63.945,63.975,579
2026-04-21 12:30:00,63.995,64.015,63.995,64.015,2050
2026-04-21 12:35:00,64.035,64.035,63.98,63.98,1044
2026-04-21 12:40:00,63.97,63.97,63.97,63.97,100
2026-04-21 12:45:00,63.955,63.975,63.945,63.975,1650
2026-04-21 12:50:00,63.975,63.975,63.925,63.925,1035
2026-04-21 12:55:00,63.91,63.915,63.85,63.85,2749
2026-04-21 13:00:00,63.87,63.87,63.84,63.87,5168
2026-04-21 13:05:00,63.85,63.85,63.82,63.85,1792
2026-04-21 13:10:00,63.87,63.87,63.79,63.79,29541
2026-04-21 13:15:00,63.79,63.79,63.77,63.77,2065
2026-04-21 13:20:00,63.78,63.78,63.75,63.75,1980
2026-04-21 13:25:00,63.76,63.78,63.735,63.735,1827
2026-04-21 13:30:00,63.725,63.795,63.72,63.795,2148
2026-04-21 13:35:00,63.78,63.9,63.78,63.9,4517
2026-04-21 13:40:00,63.89,63.92,63.89,63.92,1025
2026-04-21 13:45:00,63.85,63.855,63.85,63.855,1104
2026-04-21 13:50:00,63.885,63.91,63.87,63.87,3736
2026-04-21 13:55:00,63.86,63.86,63.82,63.84,3480
2026-04-21 14:00:00,63.835,63.87,63.82,63.87,1406
2026-04-21 14:05:00,63.83,63.86,63.82,63.85,5019
2026-04-21 14:10:00,63.82,63.82,63.75,63.81,1488
2026-04-21 14:15:00,63.79,63.83,63.76,63.785,8570
2026-04-21 14:20:00,63.77,63.78,63.7599,63.7599,794
2026-04-21 14:25:00,63.7799,63.84,63.7799,63.82,1839
2026-04-21 14:30:00,63.83,63.885,63.83,63.885,431
2026-04-21 14:35:00,63.9299,63.9299,63.86,63.86,7780
2026-04-21 14:40:00,63.85,63.875,63.845,63.865,1998
2026-04-21 14:45:00,63.87,63.9,63.87,63.89,1017
2026-04-21 14:50:00,63.88,63.92,63.865,63.92,1945
2026-04-21 14:55:00,63.89,63.96,63.88,63.89,3035
2026-04-21 15:00:00,63.9,63.93,63.88,63.908,12144
2026-04-21 15:05:00,63.91,63.92,63.89,63.89,3353
2026-04-21 15:10:00,63.89,63.97,63.89,63.94,9036
2026-04-21 15:15:00,63.98,63.99,63.95,63.96,5309
2026-04-21 15:20:00,63.98,64.04,63.98,64.04,3101
2026-04-21 15:25:00,64.11,64.13,64.1,64.13,4341
2026-04-21 15:30:00,64.13,64.13,64.04,64.04,9689
2026-04-21 15:35:00,64.02,64.02,63.89,63.9,25032
2026-04-21 15:40:00,63.91,63.91,63.76,63.76,6413
2026-04-21 15:45:00,63.775,63.88,63.77,63.85,7703
2026-04-21 15:50:00,63.91,63.91,63.75,63.81,12356
2026-04-21 15:55:00,63.81,63.83,63.72,63.76,22765
2026-04-21 16:00:00,63.74,63.74,63.74,63.74,10484
2026-04-21 17:15:00,63.23,63.23,63.23,63.23,390