2026-03-23 09:30:00,75.58,75.59,75.58,75.585,13231
2026-03-23 09:35:00,75.5851,75.5851,75.5851,75.5851,357
2026-03-23 09:45:00,75.5875,75.5899,75.5822,75.5899,3982
2026-03-23 09:50:00,75.5874,75.59,75.585,75.585,1625
2026-03-23 10:00:00,75.5801,75.59,75.5801,75.585,3544
2026-03-23 10:05:00,75.585,75.585,75.585,75.585,130
2026-03-23 10:10:00,75.585,75.585,75.585,75.585,200
2026-03-23 10:20:00,75.5899,75.5899,75.5854,75.5854,1587
2026-03-23 10:25:00,75.5898,75.5898,75.5898,75.5898,133
2026-03-23 10:30:00,75.59,75.59,75.59,75.59,250
2026-03-23 10:50:00,75.59,75.59,75.585,75.585,305
2026-03-23 10:55:00,75.58,75.58,75.58,75.58,331
2026-03-23 11:00:00,75.585,75.585,75.58,75.58,15385
2026-03-23 11:05:00,75.585,75.59,75.585,75.585,3239
2026-03-23 11:10:00,75.585,75.585,75.585,75.585,1256
2026-03-23 11:15:00,75.59,75.59,75.59,75.59,844
2026-03-23 11:20:00,75.5854,75.5899,75.585,75.5899,1341
2026-03-23 11:25:00,75.59,75.59,75.585,75.59,531
2026-03-23 11:30:00,75.585,75.585,75.585,75.585,271
2026-03-23 11:35:00,75.587,75.587,75.587,75.587,796
2026-03-23 11:40:00,75.585,75.585,75.585,75.585,1090
2026-03-23 11:45:00,75.585,75.585,75.585,75.585,890
2026-03-23 11:50:00,75.585,75.585,75.585,75.585,696
2026-03-23 11:55:00,75.5899,75.59,75.585,75.59,2290
2026-03-23 12:05:00,75.5822,75.5851,75.5822,75.5851,810
2026-03-23 12:10:00,75.585,75.585,75.585,75.585,100
2026-03-23 12:20:00,75.585,75.59,75.585,75.585,13658
2026-03-23 12:25:00,75.585,75.585,75.585,75.585,265
2026-03-23 12:30:00,75.585,75.585,75.585,75.585,1175
2026-03-23 12:35:00,75.5851,75.5851,75.5851,75.5851,500
2026-03-23 12:40:00,75.585,75.59,75.58,75.585,1186
2026-03-23 12:45:00,75.585,75.5899,75.585,75.5899,622
2026-03-23 13:00:00,75.585,75.59,75.585,75.59,935
2026-03-23 13:05:00,75.585,75.585,75.585,75.585,100
2026-03-23 13:15:00,75.585,75.585,75.585,75.585,1774
2026-03-23 13:20:00,75.59,75.59,75.585,75.5866,34662
2026-03-23 13:25:00,75.58,75.58,75.58,75.58,200
2026-03-23 13:45:00,75.585,75.585,75.585,75.585,3609
2026-03-23 13:50:00,75.5898,75.5898,75.5898,75.5898,750
2026-03-23 14:00:00,75.59,75.59,75.59,75.59,635
2026-03-23 14:05:00,75.585,75.585,75.585,75.585,3072
2026-03-23 14:10:00,75.59,75.59,75.59,75.59,300
2026-03-23 14:20:00,75.585,75.585,75.585,75.585,2000
2026-03-23 14:30:00,75.59,75.59,75.59,75.59,220
2026-03-23 14:40:00,75.59,75.59,75.5866,75.5866,1100
2026-03-23 14:45:00,75.585,75.585,75.585,75.585,661
2026-03-23 14:50:00,75.59,75.59,75.5866,75.5866,2098
2026-03-23 14:55:00,75.585,75.59,75.585,75.59,403
2026-03-23 15:05:00,75.59,75.59,75.585,75.585,679
2026-03-23 15:15:00,75.585,75.585,75.585,75.585,167
2026-03-23 15:20:00,75.585,75.59,75.585,75.59,317
2026-03-23 15:25:00,75.585,75.585,75.585,75.585,551
2026-03-23 15:30:00,75.585,75.585,75.585,75.585,377
2026-03-23 15:35:00,75.585,75.585,75.585,75.585,100
2026-03-23 15:40:00,75.5851,75.5851,75.585,75.585,300
2026-03-23 15:45:00,75.5898,75.59,75.585,75.59,500
2026-03-23 15:50:00,75.59,75.595,75.59,75.595,13247
2026-03-23 15:55:00,75.595,75.6,75.59,75.6,8488
2026-03-23 16:00:00,75.6,75.6,75.6,75.6,26223
2026-03-24 09:30:00,75.59,75.59,75.59,75.59,2159
2026-03-24 09:35:00,75.595,75.595,75.595,75.595,203
2026-03-24 09:45:00,75.595,75.595,75.59,75.595,1080
2026-03-24 09:50:00,75.59,75.595,75.59,75.595,2366
2026-03-24 09:55:00,75.595,75.595,75.59,75.59,17700
2026-03-24 10:00:00,75.595,75.5992,75.59,75.59,5007
2026-03-24 10:05:00,75.595,75.595,75.59,75.595,4962
2026-03-24 10:10:00,75.595,75.595,75.595,75.595,300
2026-03-24 10:15:00,75.595,75.595,75.595,75.595,200
2026-03-24 10:20:00,75.6,75.6,75.595,75.595,1527
2026-03-24 10:25:00,75.595,75.595,75.595,75.595,500
2026-03-24 10:30:00,75.595,75.595,75.595,75.595,100
2026-03-24 10:35:00,75.5979,75.5979,75.5979,75.5979,700
2026-03-24 10:40:00,75.595,75.595,75.595,75.595,100
2026-03-24 10:45:00,75.595,75.5965,75.595,75.595,1767
2026-03-24 10:50:00,75.6,75.6,75.595,75.595,8794
2026-03-24 10:55:00,75.595,75.595,75.595,75.595,100
2026-03-24 11:00:00,75.595,75.595,75.595,75.595,100
2026-03-24 11:05:00,75.595,75.595,75.595,75.595,297
2026-03-24 11:10:00,75.6,75.6,75.595,75.595,791
2026-03-24 11:15:00,75.595,75.5958,75.595,75.5958,354
2026-03-24 11:20:00,75.5901,75.5901,75.5901,75.5901,134
2026-03-24 11:25:00,75.5922,75.595,75.5922,75.595,376
2026-03-24 11:30:00,75.595,75.595,75.595,75.595,550
2026-03-24 11:45:00,75.595,75.6,75.5922,75.5922,3790
2026-03-24 11:50:00,75.595,75.595,75.595,75.595,366
2026-03-24 11:55:00,75.595,75.595,75.595,75.595,750
2026-03-24 12:00:00,75.595,75.595,75.595,75.595,400
2026-03-24 12:05:00,75.5999,75.5999,75.595,75.595,800
2026-03-24 12:10:00,75.595,75.595,75.595,75.595,3500
2026-03-24 12:15:00,75.595,75.595,75.59,75.595,1371
2026-03-24 12:20:00,75.595,75.6,75.595,75.595,334992
2026-03-24 12:25:00,75.595,75.5998,75.595,75.5998,937
2026-03-24 12:30:00,75.595,75.595,75.595,75.595,450
2026-03-24 12:35:00,75.595,75.595,75.5901,75.595,1462
2026-03-24 12:40:00,75.595,75.595,75.595,75.595,318
2026-03-24 12:45:00,75.595,75.595,75.595,75.595,400
2026-03-24 12:50:00,75.595,75.595,75.595,75.595,1000
2026-03-24 12:55:00,75.595,75.6,75.595,75.595,9754
2026-03-24 13:00:00,75.6,75.6,75.595,75.595,202
2026-03-24 13:05:00,75.595,75.595,75.595,75.595,5180
2026-03-24 13:10:00,75.6,75.6,75.6,75.6,100
2026-03-24 13:15:00,75.595,75.595,75.595,75.595,630
2026-03-24 13:20:00,75.595,75.595,75.595,75.595,400
2026-03-24 13:25:00,75.5901,75.5901,75.5901,75.5901,206
2026-03-24 13:30:00,75.595,75.595,75.5921,75.595,2570
2026-03-24 13:35:00,75.595,75.595,75.595,75.595,500
2026-03-24 13:40:00,75.595,75.595,75.595,75.595,100
2026-03-24 13:45:00,75.595,75.595,75.595,75.595,117
2026-03-24 13:50:00,75.595,75.595,75.5921,75.5921,1761
2026-03-24 14:00:00,75.595,75.595,75.595,75.595,252
2026-03-24 14:10:00,75.595,75.595,75.595,75.595,100
2026-03-24 14:15:00,75.595,75.595,75.595,75.595,2560
2026-03-24 14:20:00,75.595,75.595,75.595,75.595,499
2026-03-24 14:35:00,75.5984,75.6,75.595,75.595,61886
2026-03-24 14:40:00,75.595,75.595,75.595,75.595,400
2026-03-24 14:45:00,75.595,75.595,75.595,75.595,100
2026-03-24 14:50:00,75.595,75.5997,75.595,75.595,8280
2026-03-24 15:00:00,75.595,75.595,75.595,75.595,661
2026-03-24 15:05:00,75.59,75.595,75.59,75.595,3356
2026-03-24 15:10:00,75.595,75.595,75.595,75.595,140
2026-03-24 15:15:00,75.595,75.595,75.595,75.595,4000
2026-03-24 15:20:00,75.5935,75.5999,75.5901,75.5999,522
2026-03-24 15:25:00,75.595,75.595,75.595,75.595,400
2026-03-24 15:30:00,75.595,75.595,75.595,75.595,252
2026-03-24 15:35:00,75.59,75.59,75.59,75.59,397
2026-03-24 15:45:00,75.5922,75.5951,75.5922,75.595,1407
2026-03-24 15:50:00,75.595,75.6,75.59,75.595,3617
2026-03-24 15:55:00,75.595,75.595,75.59,75.595,3656
2026-03-24 17:25:00,75.32,75.32,75.32,75.32,200
2026-03-24 19:35:00,75.5998,75.5998,75.5998,75.5998,100
2026-03-25 08:40:00,75.6,75.62,75.6,75.62,13478
2026-03-25 09:30:00,75.6,75.6,75.596,75.6,5680
2026-03-25 09:35:00,75.6,75.6,75.6,75.6,1035
2026-03-25 09:40:00,75.605,75.605,75.605,75.605,500
2026-03-25 09:45:00,75.605,75.605,75.605,75.605,1065
2026-03-25 09:50:00,75.6,75.6,75.6,75.6,514
2026-03-25 10:00:00,75.6001,75.605,75.6001,75.605,3241
2026-03-25 10:15:00,75.61,75.61,75.6001,75.6001,1004
2026-03-25 10:25:00,75.6049,75.605,75.6049,75.605,2216
2026-03-25 10:30:00,75.605,75.605,75.605,75.605,2071
2026-03-25 10:35:00,75.605,75.605,75.605,75.605,975
2026-03-25 10:40:00,75.605,75.605,75.605,75.605,170
2026-03-25 10:45:00,75.605,75.605,75.605,75.605,133
2026-03-25 10:50:00,75.605,75.605,75.605,75.605,192
2026-03-25 11:00:00,75.605,75.605,75.6,75.605,691
2026-03-25 11:05:00,75.6082,75.6082,75.6082,75.6082,2000
2026-03-25 11:10:00,75.605,75.61,75.605,75.61,2432
2026-03-25 11:15:00,75.6081,75.6081,75.605,75.605,3353
2026-03-25 11:20:00,75.605,75.61,75.605,75.61,8915
2026-03-25 11:25:00,75.605,75.605,75.605,75.605,350
2026-03-25 11:35:00,75.61,75.61,75.61,75.61,1408
2026-03-25 11:50:00,75.605,75.605,75.605,75.605,326
2026-03-25 11:55:00,75.605,75.605,75.6001,75.6001,1304
2026-03-25 12:05:00,75.6,75.61,75.6,75.61,200
2026-03-25 12:10:00,75.6099,75.61,75.6083,75.6083,6864
2026-03-25 12:20:00,75.61,75.61,75.61,75.61,2645
2026-03-25 12:30:00,75.6099,75.6099,75.605,75.605,4836
2026-03-25 12:35:00,75.605,75.605,75.605,75.605,241
2026-03-25 13:10:00,75.605,75.61,75.605,75.61,2030
2026-03-25 13:20:00,75.605,75.605,75.605,75.605,100
2026-03-25 13:35:00,75.605,75.605,75.605,75.605,100
2026-03-25 13:40:00,75.608,75.608,75.608,75.608,1057
2026-03-25 13:45:00,75.605,75.605,75.605,75.605,309
2026-03-25 13:55:00,75.61,75.61,75.605,75.605,789
2026-03-25 14:00:00,75.6099,75.61,75.608,75.61,13614
2026-03-25 14:05:00,75.61,75.61,75.61,75.61,13225
2026-03-25 14:10:00,75.605,75.605,75.605,75.605,100
2026-03-25 14:30:00,75.605,75.605,75.605,75.605,100
2026-03-25 14:35:00,75.61,75.61,75.605,75.605,724
2026-03-25 14:50:00,75.605,75.605,75.605,75.605,100
2026-03-25 14:55:00,75.605,75.605,75.6,75.605,1400
2026-03-25 15:00:00,75.605,75.605,75.605,75.605,3367
2026-03-25 15:05:00,75.605,75.61,75.605,75.61,500
2026-03-25 15:10:00,75.605,75.605,75.605,75.605,501
2026-03-25 15:15:00,75.605,75.605,75.605,75.605,185
2026-03-25 15:20:00,75.61,75.61,75.605,75.605,301
2026-03-25 15:25:00,75.605,75.61,75.605,75.61,200
2026-03-25 15:30:00,75.6065,75.6065,75.6065,75.6065,495
2026-03-25 15:40:00,75.605,75.61,75.605,75.605,4153
2026-03-25 15:45:00,75.6,75.605,75.6,75.605,200
2026-03-25 15:50:00,75.605,75.61,75.6,75.61,19760
2026-03-25 15:55:00,75.61,75.61,75.6,75.6,102861
2026-03-25 16:00:00,75.59,75.61,75.59,75.61,279279
2026-03-25 19:40:00,75.59,75.59,75.5333,75.5699,400
2026-03-25 19:55:00,75.59,75.59,75.5545,75.58,700
2026-03-26 09:30:00,75.61,75.62,75.61,75.615,4451
2026-03-26 09:55:00,75.615,75.615,75.615,75.615,418
2026-03-26 10:00:00,75.61,75.61,75.61,75.61,1500
2026-03-26 10:05:00,75.615,75.615,75.615,75.615,644
2026-03-26 10:10:00,75.62,75.62,75.62,75.62,1500
2026-03-26 10:20:00,75.615,75.615,75.615,75.615,106
2026-03-26 10:40:00,75.61,75.61,75.61,75.61,100
2026-03-26 10:45:00,75.615,75.615,75.615,75.615,200
2026-03-26 10:55:00,75.615,75.615,75.615,75.615,330
2026-03-26 11:10:00,75.61,75.61,75.61,75.61,100
2026-03-26 11:15:00,75.6168,75.6168,75.6168,75.6168,586
2026-03-26 11:25:00,75.61,75.6199,75.61,75.6199,232
2026-03-26 11:30:00,75.615,75.615,75.615,75.615,300
2026-03-26 11:35:00,75.61,75.61,75.61,75.61,100
2026-03-26 11:45:00,75.615,75.62,75.615,75.62,1724
2026-03-26 11:50:00,75.61,75.61,75.61,75.61,100
2026-03-26 12:10:00,75.615,75.615,75.61,75.61,200
2026-03-26 12:15:00,75.61,75.615,75.61,75.615,548
2026-03-26 12:20:00,75.61,75.61,75.61,75.61,100
2026-03-26 12:25:00,75.6121,75.62,75.6121,75.62,780
2026-03-26 12:35:00,75.615,75.615,75.61,75.61,370
2026-03-26 12:45:00,75.61,75.61,75.61,75.61,122
2026-03-26 13:00:00,75.615,75.615,75.615,75.615,107
2026-03-26 13:05:00,75.615,75.615,75.615,75.615,331
2026-03-26 13:10:00,75.615,75.615,75.615,75.615,916
2026-03-26 13:15:00,75.6101,75.6101,75.6101,75.6101,200
2026-03-26 13:20:00,75.61,75.6121,75.61,75.61,1086
2026-03-26 13:25:00,75.6102,75.6102,75.6102,75.6102,240
2026-03-26 13:30:00,75.615,75.615,75.615,75.615,400
2026-03-26 13:35:00,75.61,75.61,75.61,75.61,100
2026-03-26 13:45:00,75.61,75.61,75.61,75.61,1350
2026-03-26 13:50:00,75.615,75.615,75.615,75.615,662
2026-03-26 14:00:00,75.61,75.61,75.61,75.61,100
2026-03-26 14:05:00,75.62,75.62,75.62,75.62,122
2026-03-26 14:10:00,75.61,75.61,75.61,75.61,100
2026-03-26 14:15:00,75.6184,75.6184,75.6184,75.6184,6567
2026-03-26 14:20:00,75.615,75.615,75.615,75.615,132
2026-03-26 14:30:00,75.6112,75.615,75.61,75.61,7832
2026-03-26 15:00:00,75.6147,75.62,75.61,75.61,300
2026-03-26 15:05:00,75.62,75.62,75.61,75.61,400
2026-03-26 15:10:00,75.6101,75.6101,75.6101,75.6101,4925
2026-03-26 15:15:00,75.6117,75.6117,75.61,75.61,339
2026-03-26 15:20:00,75.615,75.615,75.61,75.6121,3851
2026-03-26 15:25:00,75.6146,75.62,75.61,75.6199,3001
2026-03-26 15:30:00,75.61,75.61,75.61,75.61,100
2026-03-26 15:35:00,75.6118,75.62,75.61,75.61,36441
2026-03-26 15:40:00,75.61,75.62,75.61,75.615,750
2026-03-26 15:45:00,75.61,75.615,75.61,75.615,524
2026-03-26 15:50:00,75.61,75.62,75.61,75.6102,700
2026-03-26 15:55:00,75.615,75.615,75.6111,75.615,434
2026-03-26 16:15:00,75.32,75.32,75.32,75.32,3458
2026-03-27 09:30:00,75.64,75.64,75.63,75.635,16068
2026-03-27 09:35:00,75.6376,75.6376,75.635,75.635,2281
2026-03-27 09:40:00,75.635,75.635,75.631,75.631,4668
2026-03-27 09:45:00,75.635,75.635,75.635,75.635,316
2026-03-27 09:50:00,75.635,75.635,75.635,75.635,258
2026-03-27 10:00:00,75.635,75.635,75.635,75.635,100
2026-03-27 10:05:00,75.64,75.64,75.635,75.6398,960
2026-03-27 10:10:00,75.635,75.635,75.635,75.635,135
2026-03-27 10:15:00,75.635,75.635,75.63,75.635,1053
2026-03-27 10:25:00,75.63,75.63,75.63,75.63,100
2026-03-27 10:30:00,75.635,75.635,75.635,75.635,200
2026-03-27 10:40:00,75.63,75.635,75.63,75.635,300
2026-03-27 10:45:00,75.635,75.635,75.635,75.635,498
2026-03-27 10:50:00,75.63,75.63,75.63,75.63,148
2026-03-27 10:55:00,75.6374,75.6374,75.635,75.635,1321
2026-03-27 11:00:00,75.635,75.635,75.63,75.635,698
2026-03-27 11:05:00,75.63,75.635,75.63,75.6301,3017
2026-03-27 11:15:00,75.635,75.635,75.635,75.635,700
2026-03-27 11:20:00,75.63,75.63,75.63,75.63,100
2026-03-27 11:25:00,75.635,75.635,75.635,75.635,150
2026-03-27 11:30:00,75.6301,75.635,75.6301,75.635,200
2026-03-27 11:35:00,75.635,75.635,75.63,75.635,856
2026-03-27 11:40:00,75.635,75.64,75.63,75.64,799
2026-03-27 11:45:00,75.635,75.64,75.63,75.63,1276
2026-03-27 11:50:00,75.635,75.64,75.63,75.64,1709
2026-03-27 11:55:00,75.63,75.63,75.63,75.63,100
2026-03-27 12:00:00,75.635,75.64,75.635,75.635,30877
2026-03-27 12:05:00,75.635,75.6399,75.635,75.635,912
2026-03-27 12:10:00,75.635,75.635,75.635,75.635,200
2026-03-27 12:15:00,75.635,75.635,75.63,75.635,1046
2026-03-27 12:25:00,75.64,75.64,75.63,75.63,388
2026-03-27 12:30:00,75.635,75.635,75.635,75.635,300
2026-03-27 12:35:00,75.64,75.64,75.635,75.64,1615
2026-03-27 12:40:00,75.64,75.64,75.63,75.6399,987
2026-03-27 12:45:00,75.64,75.64,75.64,75.64,400
2026-03-27 12:50:00,75.635,75.635,75.635,75.635,100
2026-03-27 13:00:00,75.635,75.64,75.63,75.64,3766
2026-03-27 13:05:00,75.633,75.64,75.633,75.64,600
2026-03-27 13:25:00,75.6301,75.6301,75.6301,75.6301,727
2026-03-27 13:30:00,75.635,75.64,75.6318,75.64,2089
2026-03-27 13:35:00,75.635,75.635,75.63,75.635,726
2026-03-27 13:40:00,75.635,75.635,75.635,75.635,452
2026-03-27 13:45:00,75.6317,75.64,75.6317,75.635,2954
2026-03-27 13:50:00,75.64,75.64,75.635,75.635,238
2026-03-27 13:55:00,75.635,75.64,75.635,75.64,300
2026-03-27 14:00:00,75.64,75.64,75.6303,75.6314,8259
2026-03-27 14:05:00,75.635,75.635,75.635,75.635,411
2026-03-27 14:10:00,75.635,75.64,75.635,75.635,1300
2026-03-27 14:15:00,75.635,75.635,75.635,75.635,200
2026-03-27 14:20:00,75.635,75.638,75.63,75.638,861
2026-03-27 14:30:00,75.635,75.64,75.635,75.64,1423
2026-03-27 14:35:00,75.635,75.638,75.635,75.638,1313
2026-03-27 14:40:00,75.635,75.635,75.63,75.63,200
2026-03-27 14:45:00,75.635,75.635,75.635,75.635,1332
2026-03-27 14:55:00,75.635,75.635,75.635,75.635,100
2026-03-27 15:00:00,75.635,75.64,75.63,75.63,700
2026-03-27 15:05:00,75.63,75.64,75.63,75.64,250
2026-03-27 15:10:00,75.63,75.64,75.63,75.635,433
2026-03-27 15:15:00,75.635,75.635,75.635,75.635,100
2026-03-27 15:25:00,75.635,75.635,75.635,75.635,420
2026-03-27 15:30:00,75.64,75.64,75.64,75.64,100
2026-03-27 15:35:00,75.64,75.64,75.635,75.635,7661
2026-03-27 15:40:00,75.635,75.64,75.635,75.635,6789
2026-03-27 15:50:00,75.64,75.64,75.63,75.64,74978
2026-03-27 15:55:00,75.635,75.64,75.635,75.639,4669
2026-03-27 16:00:00,75.64,75.64,75.64,75.64,200
2026-03-27 16:30:00,75.55,75.55,75.55,75.55,165
2026-03-30 07:00:00,75.64,75.64,75.64,75.64,100
2026-03-30 08:30:00,75.63,75.63,75.63,75.63,100
2026-03-30 09:30:00,75.65,75.65,75.64,75.64,30987
2026-03-30 09:35:00,75.645,75.645,75.64,75.645,1807
2026-03-30 09:40:00,75.645,75.645,75.64,75.64,491
2026-03-30 09:50:00,75.645,75.645,75.64,75.645,2765
2026-03-30 09:55:00,75.6432,75.6432,75.6432,75.6432,254
2026-03-30 10:00:00,75.6424,75.645,75.64,75.645,8655
2026-03-30 10:05:00,75.64,75.64,75.64,75.64,500
2026-03-30 10:10:00,75.645,75.645,75.64,75.64,3450
2026-03-30 10:15:00,75.645,75.65,75.64,75.64,3395
2026-03-30 10:20:00,75.64,75.645,75.64,75.64,1879
2026-03-30 10:25:00,75.64,75.64,75.64,75.64,236
2026-03-30 10:30:00,75.6451,75.6451,75.64,75.64,1150
2026-03-30 10:35:00,75.64,75.645,75.64,75.645,437
2026-03-30 10:40:00,75.645,75.645,75.645,75.645,100
2026-03-30 10:45:00,75.645,75.645,75.645,75.645,465
2026-03-30 10:50:00,75.645,75.645,75.645,75.645,100
2026-03-30 11:00:00,75.645,75.645,75.645,75.645,200
2026-03-30 11:05:00,75.6451,75.6451,75.6451,75.6451,278
2026-03-30 11:10:00,75.6401,75.65,75.6401,75.645,7817
2026-03-30 11:15:00,75.645,75.645,75.645,75.645,100
2026-03-30 11:20:00,75.645,75.65,75.64,75.65,3090
2026-03-30 11:30:00,75.645,75.645,75.64,75.64,2145
2026-03-30 11:35:00,75.645,75.645,75.645,75.645,211
2026-03-30 11:40:00,75.645,75.6492,75.645,75.6492,2087
2026-03-30 11:45:00,75.645,75.645,75.64,75.645,1875
2026-03-30 11:50:00,75.6451,75.65,75.64,75.64,3382
2026-03-30 11:55:00,75.645,75.6451,75.64,75.645,1200
2026-03-30 12:00:00,75.645,75.645,75.645,75.645,950
2026-03-30 12:05:00,75.64,75.649,75.64,75.649,932
2026-03-30 12:10:00,75.645,75.6498,75.645,75.6498,750
2026-03-30 12:15:00,75.65,75.65,75.64,75.645,406
2026-03-30 12:20:00,75.645,75.645,75.64,75.64,493
2026-03-30 12:25:00,75.645,75.645,75.645,75.645,300
2026-03-30 12:30:00,75.645,75.645,75.645,75.645,1698
2026-03-30 12:35:00,75.65,75.65,75.65,75.65,100
2026-03-30 12:40:00,75.65,75.65,75.645,75.645,200
2026-03-30 12:45:00,75.645,75.6499,75.64,75.645,9534
2026-03-30 12:50:00,75.645,75.645,75.645,75.645,874
2026-03-30 12:55:00,75.65,75.65,75.645,75.645,745
2026-03-30 13:05:00,75.645,75.6499,75.645,75.645,21031
2026-03-30 13:15:00,75.6431,75.6431,75.6431,75.6431,274
2026-03-30 13:20:00,75.645,75.645,75.6431,75.645,977
2026-03-30 13:30:00,75.6495,75.6495,75.645,75.645,624
2026-03-30 13:45:00,75.64,75.645,75.64,75.64,2217
2026-03-30 13:50:00,75.645,75.645,75.645,75.645,2716
2026-03-30 14:00:00,75.645,75.645,75.64,75.64,276
2026-03-30 14:10:00,75.6499,75.6499,75.6499,75.6499,112
2026-03-30 14:15:00,75.6455,75.6455,75.6455,75.6455,199
2026-03-30 14:20:00,75.65,75.65,75.65,75.65,100
2026-03-30 14:25:00,75.645,75.65,75.6427,75.645,7566
2026-03-30 14:30:00,75.65,75.65,75.65,75.65,100
2026-03-30 14:35:00,75.645,75.645,75.645,75.645,116
2026-03-30 14:45:00,75.645,75.645,75.645,75.645,400
2026-03-30 14:50:00,75.645,75.6499,75.645,75.645,3841
2026-03-30 14:55:00,75.645,75.645,75.645,75.645,466
2026-03-30 15:10:00,75.646,75.646,75.6452,75.6452,2922
2026-03-30 15:25:00,75.645,75.65,75.645,75.645,1438
2026-03-30 15:30:00,75.645,75.645,75.6401,75.6401,6081
2026-03-30 15:35:00,75.6499,75.6499,75.645,75.645,6594
2026-03-30 15:40:00,75.645,75.65,75.645,75.65,961
2026-03-30 15:45:00,75.6451,75.6485,75.6401,75.6401,1645
2026-03-30 15:50:00,75.645,75.65,75.645,75.65,2791
2026-03-30 15:55:00,75.645,75.645,75.645,75.645,1712
2026-03-30 16:00:00,75.65,75.65,75.65,75.65,2530
2026-03-31 07:00:00,75.65,75.65,75.65,75.65,1060
2026-03-31 09:25:00,75.65,75.65,75.65,75.65,300
2026-03-31 09:30:00,75.65,75.66,75.65,75.655,238867
2026-03-31 09:35:00,75.655,75.655,75.65,75.655,1108
2026-03-31 09:45:00,75.6503,75.655,75.6503,75.655,3447
2026-03-31 09:50:00,75.6549,75.6549,75.6549,75.6549,100
2026-03-31 09:55:00,75.66,75.66,75.66,75.66,600
2026-03-31 10:00:00,75.65,75.65,75.65,75.65,289
2026-03-31 10:20:00,75.655,75.655,75.655,75.655,11350
2026-03-31 10:25:00,75.65,75.655,75.65,75.655,1265
2026-03-31 10:30:00,75.655,75.655,75.655,75.655,300
2026-03-31 10:35:00,75.655,75.655,75.655,75.655,1234
2026-03-31 10:45:00,75.655,75.655,75.655,75.655,100
2026-03-31 10:50:00,75.6574,75.6574,75.655,75.655,1135
2026-03-31 10:55:00,75.655,75.66,75.655,75.66,200
2026-03-31 11:00:00,75.655,75.66,75.65,75.66,650
2026-03-31 11:05:00,75.6565,75.6565,75.6565,75.6565,250
2026-03-31 11:10:00,75.655,75.655,75.65,75.65,338
2026-03-31 11:15:00,75.655,75.655,75.655,75.655,1452
2026-03-31 11:20:00,75.655,75.6599,75.65,75.65,2505
2026-03-31 11:25:00,75.655,75.655,75.65,75.65,213
2026-03-31 11:30:00,75.655,75.655,75.655,75.655,422
2026-03-31 11:35:00,75.6574,75.6574,75.65,75.65,3316
2026-03-31 11:45:00,75.6599,75.6599,75.655,75.655,1961
2026-03-31 11:50:00,75.655,75.655,75.65,75.65,420
2026-03-31 11:55:00,75.655,75.655,75.6501,75.6501,2330
2026-03-31 12:00:00,75.655,75.655,75.65,75.655,600
2026-03-31 12:15:00,75.655,75.66,75.65,75.655,13144
2026-03-31 12:20:00,75.66,75.66,75.66,75.66,436
2026-03-31 12:25:00,75.655,75.655,75.65,75.65,2336
2026-03-31 12:30:00,75.655,75.655,75.655,75.655,250
2026-03-31 12:45:00,75.65,75.655,75.65,75.655,399
2026-03-31 12:55:00,75.655,75.655,75.65,75.65,1023
2026-03-31 13:00:00,75.66,75.66,75.655,75.655,11688
2026-03-31 13:05:00,75.655,75.6555,75.655,75.6555,1502
2026-03-31 13:10:00,75.6598,75.66,75.655,75.655,2300
2026-03-31 13:15:00,75.655,75.655,75.655,75.655,100
2026-03-31 13:20:00,75.655,75.655,75.655,75.655,100
2026-03-31 13:25:00,75.6555,75.6555,75.6555,75.6555,160
2026-03-31 13:30:00,75.655,75.655,75.6501,75.6501,12138
2026-03-31 13:35:00,75.655,75.6554,75.65,75.6554,4794
2026-03-31 13:45:00,75.655,75.6599,75.655,75.6599,2741
2026-03-31 13:50:00,75.655,75.655,75.655,75.655,607
2026-03-31 13:55:00,75.655,75.655,75.655,75.655,432
2026-03-31 14:00:00,75.6599,75.6599,75.655,75.655,2019
2026-03-31 14:05:00,75.6599,75.66,75.6501,75.655,3458
2026-03-31 14:10:00,75.655,75.655,75.655,75.655,215
2026-03-31 14:20:00,75.655,75.655,75.655,75.655,100
2026-03-31 14:25:00,75.655,75.655,75.655,75.655,647
2026-03-31 14:30:00,75.66,75.66,75.655,75.655,205
2026-03-31 14:40:00,75.655,75.655,75.655,75.655,100
2026-03-31 14:45:00,75.655,75.655,75.655,75.655,1983
2026-03-31 14:50:00,75.655,75.655,75.655,75.655,100
2026-03-31 14:55:00,75.655,75.655,75.655,75.655,1483
2026-03-31 15:00:00,75.655,75.655,75.655,75.655,100
2026-03-31 15:05:00,75.655,75.66,75.655,75.655,1063
2026-03-31 15:10:00,75.6599,75.6599,75.6501,75.6501,910
2026-03-31 15:15:00,75.655,75.66,75.655,75.655,2600
2026-03-31 15:20:00,75.655,75.6599,75.655,75.6599,433
2026-03-31 15:30:00,75.6599,75.6599,75.655,75.655,553
2026-03-31 15:40:00,75.66,75.66,75.66,75.66,142
2026-03-31 15:45:00,75.655,75.655,75.655,75.655,111
2026-03-31 15:55:00,75.66,75.66,75.66,75.66,12461
2026-03-31 16:00:00,75.66,75.66,75.66,75.66,9299
2026-03-31 16:15:00,75.66,75.66,75.66,75.66,300
2026-04-01 08:15:00,75.46,75.46,75.46,75.46,175
2026-04-01 09:25:00,75.44,75.44,75.44,75.44,300
2026-04-01 09:30:00,75.44,75.445,75.44,75.445,16388
2026-04-01 09:35:00,75.445,75.4499,75.4401,75.4401,666
2026-04-01 09:40:00,75.44,75.445,75.44,75.44,4600
2026-04-01 09:45:00,75.44,75.4451,75.44,75.4451,10442
2026-04-01 09:50:00,75.445,75.445,75.445,75.445,1615
2026-04-01 09:55:00,75.445,75.445,75.445,75.445,1875
2026-04-01 10:00:00,75.445,75.445,75.445,75.445,116
2026-04-01 10:05:00,75.445,75.445,75.445,75.445,100
2026-04-01 10:10:00,75.445,75.445,75.445,75.445,11512
2026-04-01 10:15:00,75.445,75.445,75.445,75.445,6670
2026-04-01 10:20:00,75.44,75.445,75.44,75.445,5220
2026-04-01 10:25:00,75.445,75.4499,75.44,75.4499,2062
2026-04-01 10:30:00,75.445,75.445,75.445,75.445,1700
2026-04-01 10:40:00,75.442,75.445,75.442,75.445,511
2026-04-01 10:45:00,75.445,75.45,75.445,75.445,1144
2026-04-01 10:50:00,75.445,75.4473,75.445,75.4451,1966
2026-04-01 10:55:00,75.4479,75.4479,75.445,75.445,7231
2026-04-01 11:00:00,75.445,75.4474,75.445,75.4474,497
2026-04-01 11:05:00,75.45,75.45,75.445,75.445,4872
2026-04-01 11:15:00,75.445,75.45,75.4422,75.45,1666
2026-04-01 11:20:00,75.45,75.45,75.4454,75.4454,200
2026-04-01 11:30:00,75.445,75.445,75.44,75.445,722
2026-04-01 11:35:00,75.45,75.45,75.45,75.45,200
2026-04-01 11:45:00,75.445,75.445,75.44,75.445,1440
2026-04-01 11:50:00,75.4401,75.4401,75.4401,75.4401,875
2026-04-01 11:55:00,75.45,75.45,75.44,75.44,445
2026-04-01 12:00:00,75.445,75.445,75.445,75.445,100
2026-04-01 12:05:00,75.45,75.45,75.45,75.45,200
2026-04-01 12:10:00,75.45,75.45,75.4499,75.4499,4076
2026-04-01 12:20:00,75.45,75.45,75.445,75.45,2866
2026-04-01 12:30:00,75.445,75.45,75.445,75.45,357
2026-04-01 12:35:00,75.45,75.45,75.45,75.45,100
2026-04-01 12:40:00,75.45,75.45,75.45,75.45,177
2026-04-01 12:45:00,75.445,75.45,75.445,75.45,632
2026-04-01 12:50:00,75.45,75.45,75.45,75.45,291
2026-04-01 12:55:00,75.4498,75.4498,75.4498,75.4498,729
2026-04-01 13:00:00,75.445,75.445,75.445,75.445,861
2026-04-01 13:05:00,75.4466,75.4466,75.445,75.445,309
2026-04-01 13:10:00,75.45,75.45,75.445,75.4451,1609
2026-04-01 13:15:00,75.445,75.445,75.445,75.445,338
2026-04-01 13:20:00,75.445,75.45,75.445,75.45,1712
2026-04-01 13:30:00,75.45,75.45,75.4496,75.45,6178
2026-04-01 13:40:00,75.4466,75.45,75.4466,75.45,1975
2026-04-01 13:45:00,75.445,75.45,75.445,75.45,200
2026-04-01 13:55:00,75.4499,75.45,75.4499,75.45,1513
2026-04-01 14:05:00,75.445,75.45,75.445,75.45,1670
2026-04-01 14:10:00,75.45,75.45,75.45,75.45,600
2026-04-01 14:20:00,75.4498,75.4498,75.4498,75.4498,558
2026-04-01 14:25:00,75.45,75.45,75.45,75.45,226
2026-04-01 14:30:00,75.45,75.45,75.4499,75.4499,233
2026-04-01 14:35:00,75.45,75.45,75.45,75.45,269
2026-04-01 14:40:00,75.4451,75.4451,75.4451,75.4451,838
2026-04-01 14:50:00,75.45,75.45,75.445,75.4476,356
2026-04-01 14:55:00,75.45,75.45,75.445,75.445,665
2026-04-01 15:00:00,75.45,75.45,75.4418,75.4418,3197
2026-04-01 15:05:00,75.4418,75.45,75.4418,75.445,860
2026-04-01 15:10:00,75.45,75.45,75.445,75.4451,858
2026-04-01 15:15:00,75.45,75.45,75.445,75.445,1522
2026-04-01 15:20:00,75.45,75.45,75.45,75.45,400
2026-04-01 15:25:00,75.4498,75.4498,75.445,75.445,500
2026-04-01 15:30:00,75.4498,75.4498,75.44,75.44,331
2026-04-01 15:35:00,75.45,75.45,75.45,75.45,824
2026-04-01 15:40:00,75.4453,75.45,75.4453,75.4453,758
2026-04-01 15:45:00,75.45,75.45,75.45,75.45,737
2026-04-01 15:50:00,75.45,75.45,75.44,75.4475,1487
2026-04-01 15:55:00,75.45,75.45,75.44,75.45,5699
2026-04-02 07:10:00,75.47,75.47,75.47,75.47,1000
2026-04-02 07:55:00,75.5,75.5,75.5,75.5,21200
2026-04-02 09:25:00,75.48,75.48,75.48,75.48,300
2026-04-02 09:30:00,75.48,75.48,75.475,75.475,23041
2026-04-02 09:35:00,75.48,75.48,75.48,75.48,200
2026-04-02 09:40:00,75.48,75.48,75.475,75.475,1224
2026-04-02 09:45:00,75.475,75.475,75.47,75.47,1153
2026-04-02 09:50:00,75.47,75.475,75.47,75.475,1107
2026-04-02 09:55:00,75.475,75.475,75.475,75.475,11252
2026-04-02 10:00:00,75.475,75.475,75.475,75.475,300
2026-04-02 10:05:00,75.479,75.48,75.479,75.4799,13036
2026-04-02 10:10:00,75.4722,75.475,75.4722,75.475,1300
2026-04-02 10:15:00,75.475,75.48,75.475,75.475,600
2026-04-02 10:30:00,75.475,75.475,75.475,75.475,200
2026-04-02 10:35:00,75.48,75.48,75.48,75.48,216
2026-04-02 10:40:00,75.48,75.48,75.48,75.48,200
2026-04-02 10:45:00,75.475,75.475,75.475,75.475,530
2026-04-02 10:55:00,75.48,75.48,75.48,75.48,416
2026-04-02 11:00:00,75.48,75.48,75.4799,75.4799,2069
2026-04-02 11:05:00,75.4799,75.4799,75.475,75.478,3693
2026-04-02 11:10:00,75.475,75.4754,75.475,75.4754,878
2026-04-02 11:15:00,75.475,75.48,75.475,75.48,1988
2026-04-02 11:20:00,75.475,75.48,75.475,75.48,2359
2026-04-02 11:25:00,75.48,75.48,75.4799,75.48,3039
2026-04-02 11:30:00,75.48,75.48,75.4798,75.4798,886
2026-04-02 11:35:00,75.4798,75.48,75.47,75.47,768
2026-04-02 11:40:00,75.475,75.475,75.475,75.475,180
2026-04-02 11:45:00,75.475,75.48,75.47,75.4799,6026
2026-04-02 11:55:00,75.48,75.48,75.48,75.48,200
2026-04-02 12:05:00,75.48,75.48,75.48,75.48,464
2026-04-02 12:10:00,75.47,75.48,75.47,75.48,841
2026-04-02 12:15:00,75.48,75.48,75.475,75.475,648
2026-04-02 12:20:00,75.48,75.48,75.475,75.475,2196
2026-04-02 12:25:00,75.475,75.475,75.475,75.475,200
2026-04-02 12:30:00,75.48,75.48,75.48,75.48,216
2026-04-02 12:35:00,75.48,75.48,75.48,75.48,200
2026-04-02 12:40:00,75.475,75.48,75.475,75.48,1252
2026-04-02 12:45:00,75.48,75.48,75.48,75.48,132
2026-04-02 12:50:00,75.475,75.48,75.47,75.4722,3874
2026-04-02 12:55:00,75.475,75.475,75.4719,75.4719,3454
2026-04-02 13:00:00,75.4763,75.48,75.475,75.475,4542
2026-04-02 13:05:00,75.48,75.48,75.475,75.475,711
2026-04-02 13:10:00,75.475,75.48,75.475,75.48,3131
2026-04-02 13:15:00,75.475,75.48,75.475,75.475,840
2026-04-02 13:20:00,75.475,75.48,75.475,75.475,998
2026-04-02 13:25:00,75.48,75.48,75.475,75.475,1202
2026-04-02 13:30:00,75.48,75.48,75.4716,75.4716,5515
2026-04-02 13:35:00,75.475,75.48,75.475,75.475,3498
2026-04-02 13:40:00,75.48,75.48,75.475,75.475,2656
2026-04-02 13:45:00,75.475,75.4753,75.475,75.4753,1450
2026-04-02 13:50:00,75.475,75.48,75.475,75.48,534
2026-04-02 13:55:00,75.4722,75.4753,75.4722,75.4753,3170
2026-04-02 14:00:00,75.48,75.48,75.475,75.475,878
2026-04-02 14:05:00,75.475,75.475,75.475,75.475,270
2026-04-02 14:10:00,75.48,75.48,75.48,75.48,154
2026-04-02 14:15:00,75.48,75.48,75.475,75.475,918
2026-04-02 14:20:00,75.48,75.48,75.4758,75.4758,584
2026-04-02 14:25:00,75.4758,75.4799,75.475,75.475,2520
2026-04-02 14:30:00,75.4758,75.48,75.475,75.48,1000
2026-04-02 14:35:00,75.48,75.48,75.475,75.475,7056
2026-04-02 14:40:00,75.475,75.48,75.475,75.48,1496
2026-04-02 14:45:00,75.475,75.48,75.475,75.475,900
2026-04-02 14:50:00,75.475,75.475,75.4701,75.4701,9940
2026-04-02 14:55:00,75.4701,75.48,75.4701,75.48,10678
2026-04-02 15:00:00,75.48,75.48,75.474,75.48,3203
2026-04-02 15:05:00,75.4753,75.48,75.4722,75.4799,3517
2026-04-02 15:10:00,75.48,75.48,75.48,75.48,1084
2026-04-02 15:15:00,75.48,75.48,75.48,75.48,793
2026-04-02 15:20:00,75.48,75.48,75.475,75.475,3241
2026-04-02 15:25:00,75.48,75.48,75.4754,75.4754,2415
2026-04-02 15:30:00,75.4751,75.48,75.4751,75.48,2524
2026-04-02 15:35:00,75.475,75.475,75.47,75.474,610
2026-04-02 15:40:00,75.48,75.48,75.48,75.48,444
2026-04-02 15:45:00,75.48,75.48,75.475,75.475,2500
2026-04-02 15:50:00,75.48,75.48,75.475,75.475,1600
2026-04-02 15:55:00,75.475,75.48,75.475,75.475,4537
2026-04-02 16:00:00,75.475,75.48,75.475,75.475,5689
2026-04-02 16:05:00,75.475,75.475,75.475,75.475,100
2026-04-06 09:30:00,75.49,75.49,75.48,75.48,17471
2026-04-06 09:35:00,75.4899,75.4899,75.4801,75.485,637
2026-04-06 09:45:00,75.485,75.4853,75.485,75.4853,764
2026-04-06 09:50:00,75.485,75.485,75.485,75.485,350
2026-04-06 09:55:00,75.485,75.485,75.485,75.485,1076
2026-04-06 10:00:00,75.48,75.49,75.48,75.48,3841
2026-04-06 10:05:00,75.485,75.485,75.485,75.485,2350
2026-04-06 10:10:00,75.485,75.49,75.4801,75.49,608
2026-04-06 10:15:00,75.49,75.49,75.485,75.49,1656
2026-04-06 10:20:00,75.49,75.49,75.4899,75.49,2329
2026-04-06 10:25:00,75.4897,75.4897,75.485,75.485,412
2026-04-06 10:30:00,75.485,75.49,75.485,75.4898,2462
2026-04-06 10:35:00,75.49,75.49,75.4817,75.485,545
2026-04-06 10:40:00,75.485,75.485,75.485,75.485,200
2026-04-06 10:45:00,75.485,75.49,75.485,75.49,2003
2026-04-06 10:50:00,75.49,75.49,75.485,75.485,600
2026-04-06 10:55:00,75.485,75.49,75.485,75.49,1742
2026-04-06 11:00:00,75.49,75.49,75.49,75.49,784
2026-04-06 11:10:00,75.485,75.49,75.485,75.49,2358
2026-04-06 11:15:00,75.4832,75.485,75.4832,75.485,1309
2026-04-06 11:20:00,75.49,75.49,75.49,75.49,1325
2026-04-06 11:25:00,75.485,75.49,75.485,75.485,1590
2026-04-06 11:30:00,75.4832,75.4874,75.4832,75.4874,1317
2026-04-06 11:45:00,75.49,75.49,75.48,75.48,1568
2026-04-06 11:50:00,75.485,75.485,75.485,75.485,409
2026-04-06 11:55:00,75.49,75.49,75.4884,75.4884,1696
2026-04-06 12:00:00,75.485,75.485,75.485,75.485,202
2026-04-06 12:05:00,75.49,75.49,75.485,75.485,600
2026-04-06 12:10:00,75.49,75.49,75.49,75.49,686
2026-04-06 12:15:00,75.49,75.49,75.485,75.4897,2789
2026-04-06 12:20:00,75.485,75.4899,75.485,75.4899,244
2026-04-06 12:25:00,75.49,75.49,75.485,75.49,1055
2026-04-06 12:30:00,75.49,75.49,75.49,75.49,129
2026-04-06 12:35:00,75.48,75.49,75.48,75.485,2753
2026-04-06 12:40:00,75.485,75.485,75.485,75.485,105
2026-04-06 12:50:00,75.48,75.49,75.48,75.49,1060
2026-04-06 12:55:00,75.485,75.49,75.48,75.4877,1923
2026-04-06 13:00:00,75.4899,75.4899,75.485,75.485,19378
2026-04-06 13:05:00,75.4899,75.49,75.485,75.49,6387
2026-04-06 13:10:00,75.485,75.4899,75.485,75.4899,4254
2026-04-06 13:15:00,75.485,75.485,75.485,75.485,600
2026-04-06 13:25:00,75.485,75.49,75.485,75.485,2234
2026-04-06 13:30:00,75.49,75.49,75.49,75.49,100
2026-04-06 13:35:00,75.4899,75.4899,75.4899,75.4899,150
2026-04-06 13:40:00,75.4899,75.4899,75.4899,75.4899,485
2026-04-06 13:45:00,75.4899,75.49,75.48,75.485,2132
2026-04-06 13:50:00,75.49,75.49,75.485,75.4895,7977
2026-04-06 13:55:00,75.4899,75.49,75.485,75.485,1605
2026-04-06 14:00:00,75.4898,75.4898,75.485,75.4898,2365
2026-04-06 14:05:00,75.49,75.49,75.4878,75.4878,826
2026-04-06 14:10:00,75.485,75.49,75.48,75.49,3376
2026-04-06 14:15:00,75.485,75.49,75.48,75.48,3119
2026-04-06 14:20:00,75.4898,75.4898,75.4898,75.4898,100
2026-04-06 14:25:00,75.485,75.49,75.485,75.49,2087
2026-04-06 14:30:00,75.49,75.49,75.4853,75.4853,233
2026-04-06 14:35:00,75.49,75.49,75.49,75.49,1147
2026-04-06 14:40:00,75.48,75.48,75.48,75.48,275
2026-04-06 14:45:00,75.49,75.49,75.49,75.49,203
2026-04-06 14:50:00,75.49,75.49,75.49,75.49,100
2026-04-06 14:55:00,75.485,75.49,75.485,75.4899,5309
2026-04-06 15:00:00,75.4899,75.49,75.48,75.48,4210
2026-04-06 15:05:00,75.49,75.49,75.4899,75.4899,1127
2026-04-06 15:10:00,75.4899,75.49,75.485,75.49,6280
2026-04-06 15:15:00,75.485,75.49,75.485,75.49,1680
2026-04-06 15:20:00,75.49,75.49,75.48,75.49,2948
2026-04-06 15:25:00,75.4899,75.49,75.485,75.49,2529
2026-04-06 15:30:00,75.485,75.49,75.485,75.49,5099
2026-04-06 15:35:00,75.485,75.49,75.485,75.49,1811
2026-04-06 15:40:00,75.485,75.49,75.48,75.49,9931
2026-04-06 15:45:00,75.4833,75.49,75.48,75.4899,4365
2026-04-06 15:50:00,75.49,75.49,75.48,75.49,5565
2026-04-06 15:55:00,75.49,75.49,75.485,75.49,5265
2026-04-07 07:10:00,75.5563,75.5563,75.5563,75.5563,100
2026-04-07 09:30:00,75.49,75.495,75.49,75.495,5191
2026-04-07 09:35:00,75.4998,75.4998,75.4998,75.4998,4304
2026-04-07 09:45:00,75.495,75.495,75.495,75.495,100
2026-04-07 09:50:00,75.495,75.495,75.495,75.495,100
2026-04-07 09:55:00,75.4997,75.4997,75.495,75.495,850
2026-04-07 10:00:00,75.495,75.495,75.495,75.495,464
2026-04-07 10:05:00,75.495,75.495,75.495,75.495,2128
2026-04-07 10:10:00,75.495,75.495,75.49,75.49,2727
2026-04-07 10:15:00,75.495,75.495,75.49,75.495,300
2026-04-07 10:20:00,75.49,75.495,75.49,75.495,4083
2026-04-07 10:25:00,75.495,75.5,75.495,75.495,2436
2026-04-07 10:30:00,75.495,75.495,75.495,75.495,100
2026-04-07 10:40:00,75.495,75.5,75.495,75.5,826
2026-04-07 10:45:00,75.4935,75.495,75.4935,75.495,568
2026-04-07 10:50:00,75.5,75.5,75.5,75.5,500
2026-04-07 10:55:00,75.5,75.5,75.5,75.5,600
2026-04-07 11:05:00,75.495,75.5,75.495,75.5,1494
2026-04-07 11:15:00,75.4998,75.4998,75.495,75.495,441
2026-04-07 11:20:00,75.4999,75.5,75.4999,75.5,6200
2026-04-07 11:25:00,75.495,75.4951,75.495,75.4951,629
2026-04-07 11:40:00,75.5,75.5,75.495,75.4999,1961
2026-04-07 11:45:00,75.4999,75.5,75.495,75.5,2602
2026-04-07 11:50:00,75.5,75.5,75.495,75.495,1021
2026-04-07 11:55:00,75.495,75.5,75.495,75.5,2451
2026-04-07 12:00:00,75.5,75.5,75.495,75.5,944
2026-04-07 12:05:00,75.492,75.495,75.49,75.49,1200
2026-04-07 12:10:00,75.5,75.5,75.495,75.495,841
2026-04-07 12:20:00,75.5,75.5,75.495,75.4998,2342
2026-04-07 12:30:00,75.495,75.5,75.495,75.5,2771
2026-04-07 12:35:00,75.495,75.495,75.495,75.495,100
2026-04-07 12:45:00,75.495,75.5,75.49,75.495,14942
2026-04-07 12:50:00,75.495,75.5,75.495,75.5,2220
2026-04-07 12:55:00,75.495,75.495,75.492,75.492,2344
2026-04-07 13:00:00,75.5,75.5,75.4931,75.4999,2756
2026-04-07 13:05:00,75.5,75.5,75.5,75.5,200
2026-04-07 13:15:00,75.495,75.5,75.495,75.5,1977
2026-04-07 13:20:00,75.5,75.5,75.5,75.5,449
2026-04-07 13:25:00,75.5,75.5,75.4975,75.4975,239
2026-04-07 13:30:00,75.495,75.495,75.495,75.495,316
2026-04-07 13:35:00,75.495,75.5,75.495,75.4999,2088
2026-04-07 13:45:00,75.495,75.495,75.495,75.495,257
2026-04-07 13:50:00,75.5,75.5,75.5,75.5,200
2026-04-07 13:55:00,75.5,75.5,75.5,75.5,600
2026-04-07 14:05:00,75.49,75.49,75.49,75.49,289
2026-04-07 14:15:00,75.495,75.5,75.495,75.495,634
2026-04-07 14:30:00,75.495,75.5,75.495,75.5,491
2026-04-07 14:35:00,75.495,75.495,75.495,75.495,172
2026-04-07 14:40:00,75.495,75.5,75.495,75.495,1110
2026-04-07 14:45:00,75.495,75.5,75.495,75.4997,5123
2026-04-07 14:50:00,75.495,75.5,75.495,75.5,2456
2026-04-07 14:55:00,75.49,75.5,75.49,75.5,2203
2026-04-07 15:00:00,75.5,75.5,75.495,75.495,300
2026-04-07 15:10:00,75.4954,75.5,75.4954,75.5,754
2026-04-07 15:15:00,75.4999,75.4999,75.4999,75.4999,1325
2026-04-07 15:20:00,75.5,75.5,75.5,75.5,600
2026-04-07 15:25:00,75.495,75.5,75.495,75.5,1943
2026-04-07 15:30:00,75.495,75.495,75.495,75.495,675
2026-04-07 15:35:00,75.5,75.5,75.49,75.49,40264
2026-04-07 15:40:00,75.5,75.5,75.5,75.5,133
2026-04-07 15:50:00,75.495,75.5,75.495,75.495,600
2026-04-07 15:55:00,75.5,75.5,75.495,75.495,220
2026-04-07 16:00:00,75.5,75.5,75.5,75.5,2460
2026-04-07 16:25:00,75.4806,75.4806,75.4806,75.4806,1930
2026-04-08 07:50:00,75.51,75.51,75.51,75.51,300
2026-04-08 07:55:00,75.51,75.51,75.51,75.51,500
2026-04-08 09:30:00,75.51,75.5199,75.51,75.5199,5506
2026-04-08 09:35:00,75.5141,75.5141,75.51,75.51,5241
2026-04-08 09:45:00,75.515,75.52,75.515,75.52,830
2026-04-08 09:50:00,75.515,75.515,75.515,75.515,400
2026-04-08 09:55:00,75.5103,75.52,75.51,75.52,701
2026-04-08 10:00:00,75.515,75.515,75.515,75.515,728
2026-04-08 10:05:00,75.5123,75.515,75.5123,75.515,895
2026-04-08 10:10:00,75.515,75.515,75.515,75.515,265
2026-04-08 10:15:00,75.515,75.515,75.5101,75.5101,607
2026-04-08 10:35:00,75.51,75.5199,75.51,75.5199,4619
2026-04-08 10:40:00,75.515,75.515,75.515,75.515,432
2026-04-08 10:45:00,75.5199,75.5199,75.51,75.51,1220
2026-04-08 10:55:00,75.5168,75.52,75.51,75.5101,8415
2026-04-08 11:00:00,75.5101,75.5168,75.51,75.5168,6286
2026-04-08 11:05:00,75.5169,75.5169,75.515,75.515,1900
2026-04-08 11:10:00,75.515,75.515,75.515,75.515,1750
2026-04-08 11:15:00,75.515,75.515,75.51,75.51,14406
2026-04-08 11:20:00,75.515,75.515,75.515,75.515,200
2026-04-08 11:25:00,75.5198,75.5198,75.515,75.5168,2785
2026-04-08 11:40:00,75.5147,75.5147,75.5147,75.5147,263
2026-04-08 11:55:00,75.51,75.52,75.51,75.52,4215
2026-04-08 12:00:00,75.5199,75.52,75.51,75.515,4943
2026-04-08 12:10:00,75.52,75.52,75.52,75.52,200
2026-04-08 12:15:00,75.51,75.5167,75.51,75.5167,219090
2026-04-08 12:20:00,75.515,75.52,75.515,75.515,1550
2026-04-08 12:25:00,75.515,75.52,75.515,75.52,660
2026-04-08 12:30:00,75.5198,75.5198,75.515,75.515,1793
2026-04-08 12:35:00,75.5161,75.5161,75.5161,75.5161,135
2026-04-08 12:40:00,75.5173,75.52,75.515,75.515,2750
2026-04-08 12:45:00,75.52,75.52,75.51,75.51,500
2026-04-08 12:50:00,75.515,75.515,75.5121,75.5121,3236
2026-04-08 12:55:00,75.51,75.52,75.51,75.52,472
2026-04-08 13:00:00,75.515,75.52,75.515,75.5187,32424
2026-04-08 13:05:00,75.5168,75.52,75.5101,75.5101,2742
2026-04-08 13:10:00,75.515,75.515,75.5101,75.515,7323
2026-04-08 13:15:00,75.52,75.52,75.51,75.51,400
2026-04-08 13:20:00,75.51,75.515,75.51,75.515,245
2026-04-08 13:25:00,75.515,75.52,75.515,75.52,1746
2026-04-08 13:30:00,75.515,75.515,75.51,75.51,5083
2026-04-08 13:35:00,75.5199,75.52,75.5197,75.5197,3020
2026-04-08 13:40:00,75.515,75.5199,75.5145,75.5167,4202
2026-04-08 13:45:00,75.5197,75.52,75.5197,75.52,575
2026-04-08 13:50:00,75.515,75.515,75.51,75.515,700
2026-04-08 13:55:00,75.515,75.52,75.515,75.52,4423
2026-04-08 14:05:00,75.515,75.52,75.515,75.52,2287
2026-04-08 14:10:00,75.52,75.52,75.52,75.52,100
2026-04-08 14:15:00,75.52,75.52,75.51,75.52,300
2026-04-08 14:20:00,75.52,75.52,75.52,75.52,100
2026-04-08 14:25:00,75.515,75.52,75.515,75.515,2713
2026-04-08 14:30:00,75.52,75.52,75.515,75.515,3020
2026-04-08 14:35:00,75.515,75.515,75.51,75.515,1070
2026-04-08 14:40:00,75.515,75.515,75.515,75.515,100
2026-04-08 14:45:00,75.515,75.515,75.515,75.515,845
2026-04-08 14:50:00,75.515,75.515,75.5115,75.515,1722
2026-04-08 14:55:00,75.517,75.517,75.51,75.515,6575
2026-04-08 15:00:00,75.515,75.5199,75.515,75.515,4746
2026-04-08 15:05:00,75.5168,75.5168,75.515,75.515,1835
2026-04-08 15:10:00,75.515,75.515,75.515,75.515,355
2026-04-08 15:15:00,75.515,75.515,75.51,75.51,4550
2026-04-08 15:20:00,75.515,75.5198,75.51,75.515,1388
2026-04-08 15:25:00,75.515,75.515,75.515,75.515,1057
2026-04-08 15:30:00,75.515,75.515,75.51,75.515,400
2026-04-08 15:35:00,75.5101,75.5101,75.5101,75.5101,200
2026-04-08 15:40:00,75.515,75.515,75.515,75.515,200
2026-04-08 15:45:00,75.515,75.52,75.515,75.52,1639
2026-04-08 15:50:00,75.52,75.52,75.515,75.515,430
2026-04-08 15:55:00,75.51,75.52,75.51,75.52,635
2026-04-08 16:00:00,75.52,75.52,75.51,75.52,1525
2026-04-08 19:00:00,75.49,75.49,75.49,75.49,100
2026-04-09 08:40:00,75.5108,75.5108,75.5108,75.5108,108
2026-04-09 08:45:00,75.53,75.53,75.53,75.53,950
2026-04-09 08:50:00,75.52,75.53,75.52,75.53,8510
2026-04-09 09:30:00,75.51,75.52,75.51,75.515,9677
2026-04-09 09:35:00,75.515,75.52,75.515,75.515,300
2026-04-09 09:45:00,75.515,75.515,75.515,75.515,316
2026-04-09 10:00:00,75.515,75.515,75.515,75.515,900
2026-04-09 10:05:00,75.515,75.5197,75.515,75.515,1025
2026-04-09 10:10:00,75.515,75.5198,75.515,75.5198,1680
2026-04-09 10:15:00,75.5198,75.5198,75.5198,75.5198,1000
2026-04-09 10:25:00,75.515,75.5151,75.515,75.515,999
2026-04-09 10:30:00,75.515,75.515,75.51,75.515,732
2026-04-09 10:40:00,75.515,75.515,75.515,75.515,843
2026-04-09 10:45:00,75.515,75.515,75.515,75.515,200
2026-04-09 10:50:00,75.515,75.515,75.515,75.515,219
2026-04-09 10:55:00,75.5198,75.5198,75.5198,75.5198,800
2026-04-09 11:05:00,75.5178,75.5178,75.5178,75.5178,450
2026-04-09 11:10:00,75.515,75.52,75.515,75.515,7485
2026-04-09 11:20:00,75.515,75.5199,75.515,75.515,2218
2026-04-09 11:25:00,75.515,75.52,75.515,75.52,5554
2026-04-09 11:30:00,75.515,75.52,75.515,75.52,800
2026-04-09 11:35:00,75.515,75.52,75.51,75.515,3717
2026-04-09 11:40:00,75.516,75.516,75.515,75.515,460
2026-04-09 11:45:00,75.515,75.52,75.515,75.52,208
2026-04-09 11:50:00,75.51,75.515,75.51,75.515,1865
2026-04-09 11:55:00,75.51,75.5199,75.51,75.5199,570
2026-04-09 12:00:00,75.51,75.52,75.51,75.52,1725
2026-04-09 12:05:00,75.515,75.52,75.515,75.5175,5966
2026-04-09 12:10:00,75.515,75.515,75.515,75.515,2009
2026-04-09 12:15:00,75.5199,75.52,75.5199,75.52,1450
2026-04-09 12:25:00,75.5151,75.52,75.5151,75.52,400
2026-04-09 12:30:00,75.515,75.52,75.515,75.52,2967
2026-04-09 12:40:00,75.515,75.52,75.515,75.52,6118
2026-04-09 12:45:00,75.51,75.515,75.51,75.515,829
2026-04-09 12:50:00,75.515,75.52,75.515,75.52,1988
2026-04-09 13:00:00,75.5199,75.5199,75.5199,75.5199,100
2026-04-09 13:05:00,75.515,75.515,75.515,75.515,600
2026-04-09 13:10:00,75.515,75.515,75.515,75.515,2168
2026-04-09 13:15:00,75.5176,75.5176,75.5176,75.5176,534
2026-04-09 13:20:00,75.5159,75.52,75.5159,75.5198,780
2026-04-09 13:25:00,75.515,75.515,75.51,75.51,260
2026-04-09 13:30:00,75.5183,75.5183,75.5183,75.5183,364
2026-04-09 13:40:00,75.5182,75.52,75.5128,75.52,7839
2026-04-09 13:45:00,75.5199,75.5199,75.5199,75.5199,200
2026-04-09 13:50:00,75.5199,75.5199,75.515,75.515,647
2026-04-09 13:55:00,75.515,75.52,75.5132,75.5132,4093
2026-04-09 14:00:00,75.5151,75.52,75.5132,75.5132,1294
2026-04-09 14:05:00,75.5199,75.5199,75.5199,75.5199,132
2026-04-09 14:10:00,75.5176,75.52,75.5176,75.5194,1296
2026-04-09 14:15:00,75.515,75.52,75.515,75.52,559
2026-04-09 14:20:00,75.52,75.52,75.5101,75.515,831
2026-04-09 14:35:00,75.5199,75.52,75.515,75.515,1850
2026-04-09 14:40:00,75.513,75.52,75.513,75.52,3801
2026-04-09 14:45:00,75.5198,75.5198,75.5198,75.5198,158
2026-04-09 14:50:00,75.52,75.52,75.5199,75.5199,1700
2026-04-09 14:55:00,75.5199,75.52,75.515,75.5197,2724
2026-04-09 15:00:00,75.515,75.5197,75.515,75.5197,725
2026-04-09 15:05:00,75.515,75.52,75.515,75.52,1210
2026-04-09 15:10:00,75.52,75.52,75.52,75.52,403
2026-04-09 15:15:00,75.52,75.52,75.515,75.52,813
2026-04-09 15:20:00,75.52,75.52,75.515,75.515,3024
2026-04-09 15:25:00,75.5197,75.52,75.515,75.515,9284
2026-04-09 15:30:00,75.52,75.52,75.515,75.515,2343
2026-04-09 15:35:00,75.515,75.52,75.515,75.52,2020
2026-04-09 15:40:00,75.515,75.52,75.51,75.52,1807
2026-04-09 15:50:00,75.515,75.52,75.515,75.52,1390
2026-04-09 15:55:00,75.52,75.52,75.52,75.52,200
2026-04-09 16:00:00,75.52,75.52,75.52,75.52,6092
2026-04-10 09:25:00,75.52,75.53,75.52,75.525,700
2026-04-10 09:30:00,75.53,75.5385,75.52,75.535,26265
2026-04-10 09:35:00,75.54,75.54,75.53,75.54,6538
2026-04-10 09:40:00,75.535,75.535,75.535,75.535,1508
2026-04-10 09:45:00,75.54,75.54,75.535,75.535,610
2026-04-10 09:50:00,75.535,75.535,75.535,75.535,232
2026-04-10 09:55:00,75.535,75.535,75.535,75.535,150
2026-04-10 10:05:00,75.535,75.535,75.535,75.535,500
2026-04-10 10:10:00,75.538,75.538,75.538,75.538,1334
2026-04-10 10:20:00,75.5383,75.5383,75.5383,75.5383,3955
2026-04-10 10:25:00,75.5331,75.5331,75.5331,75.5331,500
2026-04-10 10:35:00,75.535,75.535,75.53,75.53,992
2026-04-10 10:45:00,75.535,75.535,75.535,75.535,1097
2026-04-10 10:50:00,75.535,75.5398,75.535,75.5398,3207
2026-04-10 10:55:00,75.535,75.5397,75.535,75.5397,434
2026-04-10 11:00:00,75.53,75.54,75.53,75.54,1526
2026-04-10 11:15:00,75.5399,75.5399,75.535,75.535,4664
2026-04-10 11:20:00,75.535,75.535,75.535,75.535,247
2026-04-10 11:25:00,75.535,75.535,75.535,75.535,992
2026-04-10 11:35:00,75.535,75.535,75.535,75.535,100
2026-04-10 11:40:00,75.535,75.535,75.535,75.535,133
2026-04-10 11:45:00,75.538,75.538,75.538,75.538,400
2026-04-10 11:55:00,75.5334,75.5334,75.5334,75.5334,100
2026-04-10 12:00:00,75.535,75.535,75.535,75.535,300
2026-04-10 12:20:00,75.5387,75.5387,75.5355,75.5355,909
2026-04-10 12:25:00,75.535,75.535,75.535,75.535,529
2026-04-10 12:30:00,75.54,75.54,75.54,75.54,200
2026-04-10 12:50:00,75.53,75.53,75.53,75.53,350
2026-04-10 12:55:00,75.535,75.535,75.535,75.535,128
2026-04-10 13:05:00,75.53,75.53,75.53,75.53,135
2026-04-10 13:10:00,75.535,75.535,75.535,75.535,1325
2026-04-10 13:15:00,75.535,75.535,75.535,75.535,397
2026-04-10 13:20:00,75.5301,75.54,75.5301,75.5301,10880
2026-04-10 13:25:00,75.5348,75.5348,75.5348,75.5348,1500
2026-04-10 13:50:00,75.535,75.5399,75.535,75.5399,1427
2026-04-10 13:55:00,75.535,75.5399,75.53,75.53,1194
2026-04-10 14:05:00,75.54,75.54,75.5332,75.535,1245
2026-04-10 14:10:00,75.5334,75.54,75.5331,75.54,1658
2026-04-10 14:15:00,75.5399,75.5399,75.5399,75.5399,123
2026-04-10 14:20:00,75.535,75.535,75.535,75.535,1300
2026-04-10 14:25:00,75.535,75.54,75.5348,75.54,550
2026-04-10 14:30:00,75.535,75.54,75.535,75.54,5800
2026-04-10 14:50:00,75.5399,75.5399,75.5399,75.5399,718
2026-04-10 14:55:00,75.54,75.54,75.54,75.54,564
2026-04-10 15:00:00,75.5319,75.54,75.53,75.54,7674
2026-04-10 15:05:00,75.535,75.535,75.535,75.535,311
2026-04-10 15:10:00,75.533,75.5375,75.533,75.5341,2524
2026-04-10 15:15:00,75.54,75.54,75.54,75.54,100
2026-04-10 15:25:00,75.54,75.54,75.54,75.54,209
2026-04-10 15:30:00,75.535,75.535,75.535,75.535,100
2026-04-10 15:35:00,75.5399,75.5399,75.53,75.53,1731
2026-04-10 15:40:00,75.5399,75.54,75.5397,75.5397,3909
2026-04-10 15:45:00,75.535,75.535,75.535,75.535,563
2026-04-10 15:50:00,75.54,75.54,75.53,75.54,6746
2026-04-10 15:55:00,75.5398,75.54,75.535,75.535,3908
2026-04-10 16:00:00,75.535,75.54,75.535,75.54,5282
2026-04-13 08:00:00,75.54,75.54,75.54,75.54,400
2026-04-13 09:30:00,75.55,75.55,75.549,75.549,5946
2026-04-13 09:35:00,75.545,75.545,75.54,75.545,1607
2026-04-13 09:40:00,75.545,75.545,75.545,75.545,1300
2026-04-13 09:45:00,75.55,75.55,75.548,75.5486,3716
2026-04-13 09:50:00,75.545,75.545,75.545,75.545,220
2026-04-13 09:55:00,75.5414,75.5493,75.5414,75.5493,14422
2026-04-13 10:00:00,75.5401,75.5401,75.5401,75.5401,133
2026-04-13 10:15:00,75.545,75.545,75.545,75.545,5869
2026-04-13 10:25:00,75.545,75.545,75.545,75.545,130
2026-04-13 10:30:00,75.545,75.545,75.545,75.545,300
2026-04-13 10:35:00,75.545,75.545,75.545,75.545,720
2026-04-13 10:40:00,75.545,75.545,75.545,75.545,396
2026-04-13 10:45:00,75.545,75.545,75.54,75.54,873
2026-04-13 10:50:00,75.5401,75.5401,75.5401,75.5401,662
2026-04-13 11:00:00,75.545,75.545,75.545,75.545,517
2026-04-13 11:05:00,75.545,75.545,75.54,75.54,282
2026-04-13 11:15:00,75.5401,75.5401,75.5401,75.5401,141
2026-04-13 11:25:00,75.545,75.545,75.545,75.545,460
2026-04-13 11:35:00,75.5478,75.5478,75.54,75.5448,429
2026-04-13 11:40:00,75.5401,75.545,75.54,75.54,1497
2026-04-13 11:45:00,75.545,75.545,75.545,75.545,2300
2026-04-13 11:50:00,75.5449,75.5449,75.5449,75.5449,400
2026-04-13 11:55:00,75.5403,75.5403,75.5403,75.5403,132
2026-04-13 12:00:00,75.545,75.545,75.545,75.545,500
2026-04-13 12:05:00,75.54,75.5403,75.54,75.5403,384
2026-04-13 12:10:00,75.545,75.545,75.5401,75.545,2048
2026-04-13 12:15:00,75.545,75.545,75.545,75.545,841
2026-04-13 12:20:00,75.545,75.545,75.545,75.545,1083
2026-04-13 12:30:00,75.5421,75.5478,75.5421,75.5478,4308
2026-04-13 12:40:00,75.549,75.549,75.549,75.549,5300
2026-04-13 12:45:00,75.5478,75.5478,75.5478,75.5478,800
2026-04-13 12:50:00,75.545,75.545,75.545,75.545,234
2026-04-13 12:55:00,75.545,75.545,75.545,75.545,132
2026-04-13 13:00:00,75.545,75.545,75.545,75.545,102
2026-04-13 13:05:00,75.545,75.545,75.545,75.545,307
2026-04-13 13:20:00,75.5401,75.545,75.5401,75.545,595
2026-04-13 13:40:00,75.545,75.545,75.54,75.545,1371
2026-04-13 13:45:00,75.545,75.545,75.5401,75.5401,782
2026-04-13 14:05:00,75.55,75.55,75.55,75.55,100
2026-04-13 14:10:00,75.5478,75.5478,75.54,75.545,3072
2026-04-13 14:15:00,75.5401,75.5401,75.5401,75.5401,132
2026-04-13 14:30:00,75.545,75.545,75.545,75.545,132
2026-04-13 14:35:00,75.545,75.545,75.545,75.545,100
2026-04-13 14:45:00,75.5422,75.55,75.54,75.545,1024
2026-04-13 14:50:00,75.545,75.55,75.54,75.545,2816
2026-04-13 14:55:00,75.545,75.545,75.54,75.545,600
2026-04-13 15:00:00,75.545,75.545,75.545,75.545,2035
2026-04-13 15:05:00,75.5482,75.5482,75.54,75.545,1650
2026-04-13 15:10:00,75.545,75.55,75.545,75.545,797
2026-04-13 15:15:00,75.545,75.545,75.545,75.545,398
2026-04-13 15:20:00,75.545,75.545,75.54,75.54,629
2026-04-13 15:25:00,75.54,75.54,75.54,75.54,100
2026-04-13 15:30:00,75.54,75.54,75.54,75.54,100
2026-04-13 15:35:00,75.54,75.545,75.54,75.54,847
2026-04-13 15:40:00,75.54,75.545,75.54,75.54,1000
2026-04-13 15:45:00,75.54,75.545,75.54,75.54,1526
2026-04-13 15:50:00,75.545,75.545,75.54,75.545,4237
2026-04-13 15:55:00,75.54,75.545,75.54,75.54,6677
2026-04-13 16:00:00,75.54,75.54,75.54,75.54,2903
2026-04-13 16:15:00,75.5413,75.5413,75.5413,75.5413,300
2026-04-13 16:25:00,75.545,75.545,75.545,75.545,100
2026-04-14 09:30:00,75.56,75.56,75.555,75.555,7621
2026-04-14 09:35:00,75.5574,75.5574,75.555,75.555,2200
2026-04-14 09:40:00,75.555,75.555,75.55,75.55,442
2026-04-14 09:45:00,75.555,75.555,75.55,75.55,760
2026-04-14 09:50:00,75.55,75.555,75.55,75.555,881
2026-04-14 09:55:00,75.55,75.555,75.55,75.555,2262
2026-04-14 10:00:00,75.555,75.555,75.55,75.55,498
2026-04-14 10:05:00,75.55,75.555,75.55,75.555,1398
2026-04-14 10:10:00,75.5599,75.5599,75.555,75.5599,344
2026-04-14 10:20:00,75.5551,75.5551,75.5551,75.5551,139
2026-04-14 10:25:00,75.555,75.555,75.555,75.555,133
2026-04-14 10:30:00,75.56,75.56,75.56,75.56,397
2026-04-14 10:45:00,75.555,75.555,75.55,75.5501,13604
2026-04-14 10:50:00,75.555,75.555,75.5535,75.5535,457
2026-04-14 10:55:00,75.555,75.555,75.55,75.5501,3184
2026-04-14 11:00:00,75.55,75.5534,75.55,75.5534,2622
2026-04-14 11:05:00,75.555,75.555,75.555,75.555,675
2026-04-14 11:10:00,75.555,75.555,75.555,75.555,119
2026-04-14 11:15:00,75.5578,75.5578,75.55,75.55,2086
2026-04-14 11:25:00,75.5501,75.5501,75.5501,75.5501,600
2026-04-14 11:30:00,75.555,75.555,75.555,75.555,466
2026-04-14 11:40:00,75.56,75.56,75.56,75.56,5000
2026-04-14 11:45:00,75.558,75.558,75.5551,75.5551,5262
2026-04-14 11:50:00,75.558,75.558,75.558,75.558,5000
2026-04-14 11:55:00,75.555,75.56,75.555,75.56,16213
2026-04-14 12:00:00,75.5549,75.5549,75.5549,75.5549,2000
2026-04-14 12:05:00,75.5528,75.5528,75.5511,75.5511,3806
2026-04-14 12:15:00,75.56,75.56,75.56,75.56,134
2026-04-14 12:20:00,75.5542,75.5542,75.5542,75.5542,537
2026-04-14 12:35:00,75.555,75.555,75.555,75.555,161
2026-04-14 12:45:00,75.55,75.5549,75.55,75.5549,1923
2026-04-14 13:00:00,75.5502,75.5502,75.55,75.55,432
2026-04-14 13:05:00,75.555,75.555,75.555,75.555,100
2026-04-14 13:10:00,75.55,75.55,75.55,75.55,199
2026-04-14 13:15:00,75.56,75.56,75.56,75.56,600
2026-04-14 13:30:00,75.56,75.56,75.56,75.56,600
2026-04-14 13:35:00,75.555,75.555,75.555,75.555,914
2026-04-14 13:40:00,75.555,75.56,75.5534,75.5594,4916
2026-04-14 13:45:00,75.555,75.555,75.55,75.555,821
2026-04-14 13:50:00,75.56,75.56,75.55,75.55,2424
2026-04-14 14:05:00,75.56,75.56,75.56,75.56,600
2026-04-14 14:15:00,75.56,75.56,75.56,75.56,300
2026-04-14 14:20:00,75.56,75.56,75.56,75.56,200
2026-04-14 14:25:00,75.56,75.56,75.56,75.56,300
2026-04-14 14:30:00,75.56,75.56,75.56,75.56,300
2026-04-14 14:35:00,75.55,75.56,75.55,75.56,1025
2026-04-14 14:40:00,75.56,75.56,75.56,75.56,485
2026-04-14 14:45:00,75.555,75.56,75.55,75.55,1186
2026-04-14 14:50:00,75.5551,75.56,75.55,75.55,1400
2026-04-14 15:00:00,75.55,75.55,75.55,75.55,100
2026-04-14 15:10:00,75.5598,75.5598,75.5598,75.5598,12500
2026-04-14 15:25:00,75.555,75.555,75.55,75.55,880
2026-04-14 15:30:00,75.55,75.555,75.55,75.555,2104
2026-04-14 15:35:00,75.5501,75.5501,75.55,75.55,901
2026-04-14 15:40:00,75.555,75.555,75.55,75.55,10833
2026-04-14 15:50:00,75.555,75.555,75.555,75.555,457
2026-04-14 15:55:00,75.555,75.555,75.555,75.555,130
2026-04-14 16:00:00,75.555,75.555,75.55,75.55,2277
2026-04-14 16:15:00,75.56,75.56,75.56,75.56,800
2026-04-14 16:25:00,75.56,75.56,75.56,75.56,100
2026-04-14 19:30:00,75.54,75.55,75.5129,75.5129,600
2026-04-15 08:00:00,75.55,75.56,75.55,75.56,1000
2026-04-15 09:30:00,75.56,75.56,75.55,75.5501,23808
2026-04-15 09:35:00,75.555,75.555,75.55,75.5549,834
2026-04-15 09:40:00,75.5527,75.5527,75.5527,75.5527,664
2026-04-15 09:45:00,75.5526,75.5548,75.5526,75.5548,837
2026-04-15 09:50:00,75.555,75.555,75.555,75.555,2219
2026-04-15 09:55:00,75.555,75.5599,75.5549,75.555,1574
2026-04-15 10:10:00,75.555,75.555,75.555,75.555,100
2026-04-15 10:15:00,75.555,75.555,75.555,75.555,510
2026-04-15 10:20:00,75.555,75.555,75.555,75.555,2500
2026-04-15 10:30:00,75.555,75.555,75.555,75.555,110
2026-04-15 10:50:00,75.555,75.555,75.555,75.555,861
2026-04-15 10:55:00,75.555,75.559,75.555,75.559,480
2026-04-15 11:05:00,75.556,75.556,75.556,75.556,300
2026-04-15 11:15:00,75.555,75.555,75.555,75.555,100
2026-04-15 11:20:00,75.55,75.555,75.55,75.555,1100
2026-04-15 11:30:00,75.555,75.5599,75.555,75.5599,1998
2026-04-15 11:45:00,75.555,75.555,75.555,75.555,384
2026-04-15 11:50:00,75.5594,75.5594,75.5594,75.5594,14624
2026-04-15 11:55:00,75.555,75.555,75.555,75.555,709
2026-04-15 12:00:00,75.555,75.555,75.555,75.555,100
2026-04-15 12:05:00,75.5551,75.5551,75.5551,75.5551,443
2026-04-15 12:10:00,75.56,75.56,75.56,75.56,100
2026-04-15 12:15:00,75.555,75.555,75.555,75.555,276
2026-04-15 12:35:00,75.555,75.555,75.555,75.555,343
2026-04-15 12:40:00,75.56,75.56,75.56,75.56,100
2026-04-15 12:45:00,75.56,75.56,75.56,75.56,232
2026-04-15 12:55:00,75.555,75.555,75.555,75.555,1326
2026-04-15 13:00:00,75.56,75.56,75.56,75.56,100
2026-04-15 13:05:00,75.555,75.56,75.555,75.56,675
2026-04-15 13:10:00,75.555,75.5599,75.555,75.5599,683
2026-04-15 13:15:00,75.5576,75.5576,75.5576,75.5576,1874
2026-04-15 13:20:00,75.56,75.56,75.555,75.555,797
2026-04-15 13:25:00,75.555,75.555,75.555,75.555,1772
2026-04-15 13:40:00,75.555,75.555,75.555,75.555,2351
2026-04-15 13:45:00,75.5551,75.5551,75.5551,75.5551,1320
2026-04-15 13:50:00,75.555,75.555,75.555,75.555,229
2026-04-15 14:00:00,75.5598,75.5598,75.555,75.555,687
2026-04-15 14:15:00,75.56,75.56,75.56,75.56,100
2026-04-15 14:25:00,75.56,75.56,75.56,75.56,100
2026-04-15 14:30:00,75.555,75.555,75.555,75.555,1323
2026-04-15 14:35:00,75.5564,75.5564,75.5564,75.5564,270
2026-04-15 14:40:00,75.56,75.56,75.5523,75.56,3309
2026-04-15 14:45:00,75.5562,75.5562,75.5561,75.5561,774
2026-04-15 15:05:00,75.555,75.555,75.555,75.555,2638
2026-04-15 15:10:00,75.56,75.56,75.555,75.555,1250
2026-04-15 15:15:00,75.555,75.56,75.555,75.555,4725
2026-04-15 15:20:00,75.5551,75.5551,75.5551,75.5551,585
2026-04-15 15:25:00,75.555,75.555,75.555,75.555,100
2026-04-15 15:35:00,75.555,75.56,75.555,75.5593,5947
2026-04-15 15:45:00,75.555,75.555,75.55,75.555,4332
2026-04-15 15:50:00,75.56,75.56,75.56,75.56,400
2026-04-15 15:55:00,75.56,75.56,75.556,75.556,617
2026-04-15 16:00:00,75.555,75.555,75.555,75.555,966
2026-04-15 19:40:00,75.56,75.56,75.5262,75.5599,500
2026-04-15 19:50:00,75.55,75.55,75.55,75.55,100
2026-04-16 08:15:00,75.55,75.56,75.55,75.56,800
2026-04-16 09:30:00,75.57,75.57,75.56,75.565,14917
2026-04-16 09:40:00,75.565,75.565,75.565,75.565,128
2026-04-16 09:45:00,75.565,75.565,75.565,75.565,668
2026-04-16 09:50:00,75.565,75.565,75.565,75.565,357
2026-04-16 09:55:00,75.565,75.565,75.565,75.565,565
2026-04-16 10:00:00,75.565,75.565,75.565,75.565,208
2026-04-16 10:15:00,75.57,75.57,75.57,75.57,1022
2026-04-16 10:35:00,75.565,75.57,75.56,75.565,1148
2026-04-16 10:45:00,75.565,75.565,75.565,75.565,5000
2026-04-16 10:50:00,75.56,75.56,75.56,75.56,330
2026-04-16 10:55:00,75.565,75.565,75.565,75.565,399
2026-04-16 11:00:00,75.57,75.57,75.57,75.57,100
2026-04-16 11:15:00,75.565,75.565,75.565,75.565,264
2026-04-16 11:20:00,75.565,75.565,75.565,75.565,2509
2026-04-16 11:25:00,75.565,75.565,75.565,75.565,133
2026-04-16 11:30:00,75.56,75.565,75.56,75.565,1808
2026-04-16 11:40:00,75.565,75.565,75.565,75.565,1211
2026-04-16 11:50:00,75.565,75.565,75.565,75.565,2544
2026-04-16 12:00:00,75.565,75.565,75.565,75.565,1893
2026-04-16 12:20:00,75.565,75.565,75.565,75.565,203
2026-04-16 12:30:00,75.57,75.57,75.57,75.57,130
2026-04-16 12:35:00,75.565,75.565,75.565,75.565,140
2026-04-16 12:40:00,75.565,75.565,75.5601,75.5601,1500
2026-04-16 12:45:00,75.5663,75.5699,75.5663,75.5699,2415
2026-04-16 12:50:00,75.565,75.565,75.565,75.565,1852
2026-04-16 13:05:00,75.565,75.565,75.565,75.565,331
2026-04-16 13:20:00,75.5647,75.5647,75.5647,75.5647,472
2026-04-16 13:35:00,75.565,75.565,75.565,75.565,250
2026-04-16 13:45:00,75.5699,75.5699,75.5699,75.5699,2000
2026-04-16 14:00:00,75.565,75.565,75.565,75.565,458
2026-04-16 14:05:00,75.565,75.57,75.56,75.57,700
2026-04-16 14:10:00,75.569,75.5699,75.569,75.5697,7474
2026-04-16 14:40:00,75.565,75.565,75.565,75.565,140
2026-04-16 14:45:00,75.565,75.565,75.565,75.565,794
2026-04-16 14:50:00,75.56,75.57,75.56,75.57,2464
2026-04-16 14:55:00,75.565,75.565,75.565,75.565,328
2026-04-16 15:05:00,75.5671,75.5671,75.5671,75.5671,331
2026-04-16 15:10:00,75.565,75.565,75.56,75.56,462
2026-04-16 15:15:00,75.57,75.57,75.565,75.565,956
2026-04-16 15:20:00,75.565,75.565,75.565,75.565,561
2026-04-16 15:25:00,75.5663,75.5663,75.5601,75.565,5628
2026-04-16 15:30:00,75.565,75.565,75.565,75.565,642
2026-04-16 15:35:00,75.565,75.565,75.565,75.565,330
2026-04-16 15:40:00,75.565,75.565,75.565,75.565,647
2026-04-16 15:55:00,75.565,75.57,75.56,75.57,2833
2026-04-16 16:00:00,75.56,75.57,75.56,75.57,427
2026-04-17 08:05:00,75.57,75.57,75.57,75.57,5000
2026-04-17 08:15:00,75.56,75.56,75.56,75.56,1500
2026-04-17 09:30:00,75.58,75.59,75.57,75.59,997
2026-04-17 09:35:00,75.5893,75.595,75.5893,75.595,4914
2026-04-17 09:40:00,75.595,75.6,75.59,75.6,2265
2026-04-17 09:45:00,75.605,75.605,75.605,75.605,1918
2026-04-17 09:50:00,75.605,75.605,75.6002,75.6002,3241
2026-04-17 10:00:00,75.605,75.605,75.6,75.6,2400
2026-04-17 10:10:00,75.605,75.605,75.6001,75.6001,2650
2026-04-17 10:15:00,75.605,75.605,75.605,75.605,1700
2026-04-17 10:20:00,75.6,75.605,75.6,75.605,10946
2026-04-17 10:30:00,75.6001,75.6001,75.6001,75.6001,400
2026-04-17 10:40:00,75.605,75.605,75.6001,75.605,1305
2026-04-17 10:45:00,75.6,75.605,75.6,75.605,1946
2026-04-17 10:50:00,75.605,75.605,75.605,75.605,100
2026-04-17 11:00:00,75.605,75.6099,75.605,75.605,4633
2026-04-17 11:05:00,75.605,75.605,75.6,75.6,4259
2026-04-17 11:10:00,75.605,75.605,75.6,75.6,829
2026-04-17 11:15:00,75.605,75.61,75.6049,75.605,4233
2026-04-17 11:20:00,75.6,75.605,75.6,75.6,758
2026-04-17 11:25:00,75.605,75.605,75.6,75.605,1414
2026-04-17 11:30:00,75.605,75.605,75.6,75.6,358
2026-04-17 11:35:00,75.6099,75.6099,75.6,75.605,14568
2026-04-17 11:40:00,75.605,75.605,75.6,75.605,533
2026-04-17 11:45:00,75.605,75.605,75.6,75.605,1356
2026-04-17 11:50:00,75.6,75.605,75.6,75.605,582
2026-04-17 11:55:00,75.6001,75.605,75.6001,75.605,2708
2026-04-17 12:00:00,75.6,75.605,75.6,75.6,660
2026-04-17 12:05:00,75.6,75.605,75.6,75.6014,3910
2026-04-17 12:10:00,75.605,75.605,75.6,75.6,200
2026-04-17 12:15:00,75.605,75.605,75.6,75.6,4975
2026-04-17 12:25:00,75.605,75.605,75.6,75.6,235
2026-04-17 12:30:00,75.605,75.605,75.605,75.605,100
2026-04-17 12:35:00,75.6048,75.6048,75.6,75.6,656
2026-04-17 12:40:00,75.605,75.605,75.6,75.6,321
2026-04-17 12:45:00,75.6035,75.605,75.6,75.6,672
2026-04-17 12:50:00,75.6,75.605,75.6,75.6,1903
2026-04-17 12:55:00,75.605,75.605,75.605,75.605,100
2026-04-17 13:00:00,75.6,75.6,75.6,75.6,100
2026-04-17 13:05:00,75.6048,75.605,75.6,75.6,500
2026-04-17 13:10:00,75.605,75.605,75.6,75.605,300
2026-04-17 13:15:00,75.605,75.605,75.6,75.6,736
2026-04-17 13:20:00,75.6,75.605,75.6,75.605,200
2026-04-17 13:25:00,75.605,75.605,75.6,75.605,562
2026-04-17 13:30:00,75.605,75.61,75.6,75.605,972
2026-04-17 13:35:00,75.605,75.605,75.605,75.605,950
2026-04-17 13:40:00,75.605,75.605,75.6,75.6,300
2026-04-17 13:45:00,75.6,75.605,75.6,75.605,300
2026-04-17 13:50:00,75.605,75.605,75.605,75.605,640
2026-04-17 13:55:00,75.605,75.605,75.605,75.605,1100
2026-04-17 14:05:00,75.6,75.605,75.6,75.605,203
2026-04-17 14:10:00,75.6,75.6,75.6,75.6,300
2026-04-17 14:15:00,75.605,75.605,75.605,75.605,100
2026-04-17 14:20:00,75.605,75.605,75.605,75.605,456
2026-04-17 14:25:00,75.6,75.61,75.6,75.6,1163
2026-04-17 14:30:00,75.6099,75.6099,75.6099,75.6099,100
2026-04-17 14:35:00,75.605,75.605,75.6,75.605,684
2026-04-17 14:40:00,75.605,75.605,75.605,75.605,237
2026-04-17 14:45:00,75.605,75.605,75.6,75.6,200
2026-04-17 14:55:00,75.605,75.61,75.605,75.605,370
2026-04-17 15:00:00,75.6099,75.6099,75.6,75.605,14348
2026-04-17 15:10:00,75.605,75.605,75.605,75.605,200
2026-04-17 15:15:00,75.605,75.605,75.605,75.605,100
2026-04-17 15:20:00,75.605,75.605,75.605,75.605,100
2026-04-17 15:25:00,75.605,75.6099,75.605,75.605,4606
2026-04-17 15:35:00,75.605,75.605,75.6,75.6,466
2026-04-17 15:40:00,75.6001,75.605,75.6,75.605,1821
2026-04-17 15:45:00,75.605,75.605,75.6,75.605,1494
2026-04-17 15:50:00,75.61,75.61,75.605,75.605,2419
2026-04-17 15:55:00,75.605,75.61,75.6,75.605,6627
2026-04-20 08:35:00,75.55,75.55,75.55,75.55,2340
2026-04-20 09:30:00,75.6,75.6,75.5933,75.5933,6409
2026-04-20 09:35:00,75.595,75.6,75.59,75.59,2740
2026-04-20 09:40:00,75.59,75.599,75.59,75.595,2075
2026-04-20 09:45:00,75.595,75.6,75.5901,75.6,3462
2026-04-20 10:00:00,75.5989,75.5989,75.5989,75.5989,2910
2026-04-20 10:05:00,75.6,75.6,75.6,75.6,100
2026-04-20 10:30:00,75.595,75.6,75.595,75.6,4188
2026-04-20 10:35:00,75.595,75.595,75.595,75.595,966
2026-04-20 10:40:00,75.5962,75.5962,75.5962,75.5962,845
2026-04-20 10:45:00,75.6,75.6,75.5999,75.6,1291
2026-04-20 10:50:00,75.6,75.6,75.5999,75.5999,13671
2026-04-20 10:55:00,75.595,75.595,75.595,75.595,103
2026-04-20 11:10:00,75.595,75.595,75.595,75.595,133
2026-04-20 11:25:00,75.595,75.595,75.594,75.594,865
2026-04-20 11:30:00,75.5908,75.6,75.5901,75.595,26383
2026-04-20 11:35:00,75.595,75.5999,75.595,75.5999,3536
2026-04-20 11:45:00,75.595,75.595,75.5901,75.595,11501
2026-04-20 12:00:00,75.595,75.595,75.595,75.595,320
2026-04-20 12:05:00,75.5909,75.5909,75.5909,75.5909,7956
2026-04-20 12:15:00,75.595,75.595,75.595,75.595,100
2026-04-20 12:30:00,75.595,75.595,75.595,75.595,204
2026-04-20 12:45:00,75.595,75.595,75.595,75.595,200
2026-04-20 12:50:00,75.595,75.595,75.595,75.595,105
2026-04-20 12:55:00,75.595,75.5999,75.595,75.595,1065
2026-04-20 13:00:00,75.595,75.595,75.595,75.595,500
2026-04-20 13:05:00,75.595,75.595,75.595,75.595,115
2026-04-20 13:10:00,75.595,75.595,75.595,75.595,652
2026-04-20 13:15:00,75.595,75.595,75.595,75.595,700
2026-04-20 13:20:00,75.5967,75.5967,75.5967,75.5967,1000
2026-04-20 13:25:00,75.5999,75.5999,75.5999,75.5999,494
2026-04-20 13:30:00,75.595,75.595,75.595,75.595,1204
2026-04-20 13:45:00,75.595,75.595,75.595,75.595,661
2026-04-20 13:50:00,75.595,75.595,75.595,75.595,1300
2026-04-20 13:55:00,75.595,75.595,75.595,75.595,812
2026-04-20 14:05:00,75.595,75.595,75.595,75.595,133
2026-04-20 14:10:00,75.595,75.595,75.595,75.595,340
2026-04-20 14:20:00,75.595,75.595,75.595,75.595,400
2026-04-20 14:30:00,75.59,75.595,75.59,75.595,1560
2026-04-20 14:35:00,75.6,75.6,75.599,75.599,2105
2026-04-20 14:40:00,75.595,75.6,75.595,75.6,479
2026-04-20 14:45:00,75.595,75.595,75.595,75.595,735
2026-04-20 14:55:00,75.595,75.599,75.595,75.595,955
2026-04-20 15:00:00,75.595,75.595,75.595,75.595,100
2026-04-20 15:05:00,75.6,75.6,75.6,75.6,100
2026-04-20 15:10:00,75.598,75.6,75.595,75.6,6594
2026-04-20 15:15:00,75.6,75.6,75.6,75.6,100
2026-04-20 15:20:00,75.5941,75.6,75.5941,75.595,1020
2026-04-20 15:25:00,75.595,75.6,75.595,75.6,600
2026-04-20 15:30:00,75.595,75.6,75.59,75.59,530
2026-04-20 15:35:00,75.595,75.6,75.595,75.6,630
2026-04-20 15:40:00,75.6,75.6,75.6,75.6,197
2026-04-20 15:45:00,75.6,75.6,75.6,75.6,4263
2026-04-20 15:50:00,75.595,75.6,75.595,75.6,898
2026-04-20 15:55:00,75.6,75.6,75.6,75.6,5276
2026-04-20 17:30:00,75.329,75.329,75.329,75.329,399
2026-04-20 19:50:00,75.6,75.6062,75.5922,75.6062,400
2026-04-21 09:30:00,75.61,75.61,75.605,75.605,4851
2026-04-21 09:35:00,75.605,75.605,75.6,75.605,2872
2026-04-21 09:40:00,75.6,75.6,75.6,75.6,199
2026-04-21 10:00:00,75.605,75.605,75.605,75.605,330
2026-04-21 10:10:00,75.605,75.605,75.605,75.605,218
2026-04-21 10:15:00,75.6049,75.605,75.6049,75.605,840
2026-04-21 10:20:00,75.605,75.605,75.605,75.605,200
2026-04-21 10:25:00,75.605,75.605,75.605,75.605,748
2026-04-21 10:30:00,75.6084,75.6089,75.605,75.6089,4742
2026-04-21 10:35:00,75.605,75.605,75.605,75.605,2485
2026-04-21 10:40:00,75.605,75.605,75.605,75.605,2721
2026-04-21 10:45:00,75.605,75.605,75.605,75.605,574
2026-04-21 10:50:00,75.605,75.605,75.605,75.605,200
2026-04-21 11:00:00,75.605,75.605,75.605,75.605,1968
2026-04-21 11:05:00,75.605,75.605,75.605,75.605,2185
2026-04-21 11:10:00,75.605,75.605,75.605,75.605,1422
2026-04-21 11:15:00,75.605,75.605,75.605,75.605,100
2026-04-21 11:25:00,75.6099,75.6099,75.605,75.605,2200
2026-04-21 11:30:00,75.605,75.605,75.605,75.605,400
2026-04-21 11:35:00,75.6093,75.6093,75.605,75.605,5069
2026-04-21 11:45:00,75.6079,75.6079,75.605,75.605,2070
2026-04-21 11:50:00,75.6077,75.6099,75.6077,75.6099,1666
2026-04-21 12:05:00,75.605,75.605,75.605,75.605,700
2026-04-21 12:10:00,75.605,75.605,75.605,75.605,661
2026-04-21 12:15:00,75.605,75.605,75.605,75.605,541
2026-04-21 12:20:00,75.6031,75.605,75.6031,75.605,3691
2026-04-21 12:30:00,75.605,75.605,75.605,75.605,106
2026-04-21 12:40:00,75.605,75.605,75.605,75.605,700
2026-04-21 12:45:00,75.605,75.605,75.605,75.605,100
2026-04-21 12:50:00,75.605,75.605,75.605,75.605,100
2026-04-21 12:55:00,75.605,75.605,75.605,75.605,100
2026-04-21 13:00:00,75.605,75.605,75.6,75.601,4707
2026-04-21 13:05:00,75.61,75.61,75.61,75.61,100
2026-04-21 13:10:00,75.605,75.605,75.605,75.605,100
2026-04-21 13:15:00,75.605,75.605,75.605,75.605,100
2026-04-21 13:20:00,75.605,75.605,75.605,75.605,200
2026-04-21 13:25:00,75.605,75.605,75.605,75.605,243
2026-04-21 13:30:00,75.6087,75.6087,75.605,75.6064,2030
2026-04-21 13:35:00,75.605,75.605,75.605,75.605,3369
2026-04-21 13:40:00,75.605,75.606,75.605,75.605,4312
2026-04-21 13:45:00,75.605,75.605,75.605,75.605,100
2026-04-21 13:50:00,75.605,75.6099,75.605,75.605,606
2026-04-21 13:55:00,75.605,75.605,75.605,75.605,100
2026-04-21 14:00:00,75.605,75.605,75.605,75.605,340
2026-04-21 14:05:00,75.605,75.605,75.605,75.605,200
2026-04-21 14:10:00,75.605,75.605,75.605,75.605,100
2026-04-21 14:15:00,75.605,75.605,75.6,75.605,1006
2026-04-21 14:20:00,75.6061,75.6061,75.605,75.605,286
2026-04-21 14:25:00,75.605,75.605,75.605,75.605,500
2026-04-21 14:30:00,75.605,75.605,75.605,75.605,100
2026-04-21 14:35:00,75.605,75.6074,75.605,75.6074,1276
2026-04-21 14:40:00,75.605,75.605,75.6,75.605,1300
2026-04-21 14:45:00,75.605,75.605,75.605,75.605,200
2026-04-21 14:50:00,75.605,75.605,75.605,75.605,200
2026-04-21 14:55:00,75.605,75.605,75.605,75.605,100
2026-04-21 15:00:00,75.605,75.605,75.605,75.605,100
2026-04-21 15:05:00,75.605,75.605,75.605,75.605,483
2026-04-21 15:10:00,75.605,75.605,75.605,75.605,100
2026-04-21 15:15:00,75.61,75.61,75.605,75.605,5747
2026-04-21 15:20:00,75.6075,75.6075,75.6075,75.6075,100
2026-04-21 15:25:00,75.605,75.605,75.6,75.605,1475
2026-04-21 15:30:00,75.605,75.605,75.6,75.6,1247
2026-04-21 15:35:00,75.605,75.6075,75.605,75.6075,2541
2026-04-21 15:40:00,75.604,75.6064,75.604,75.6064,617
2026-04-21 15:45:00,75.605,75.61,75.6034,75.605,2564
2026-04-21 15:50:00,75.605,75.6088,75.605,75.605,3598
2026-04-21 15:55:00,75.605,75.605,75.605,75.605,4609