2026-04-22 09:40:00,33.065,33.15,33.06,33.06,531
2026-04-22 10:05:00,33,33,33,33,100
2026-04-22 10:20:00,33.105,33.105,33.105,33.105,100
2026-04-22 11:30:00,32.96,32.96,32.96,32.96,100
2026-04-22 12:40:00,32.96,32.96,32.78,32.89,13520
2026-04-22 12:45:00,32.965,32.965,32.965,32.965,336
2026-04-22 13:00:00,32.88,32.88,32.88,32.88,100
2026-04-22 13:10:00,32.89,32.89,32.89,32.89,100
2026-04-22 13:25:00,32.89,32.89,32.89,32.89,100
2026-04-22 13:40:00,32.89,32.89,32.89,32.89,100
2026-04-22 13:55:00,32.89,32.89,32.89,32.89,100
2026-04-22 14:10:00,32.89,32.89,32.89,32.89,100
2026-04-22 14:15:00,32.86,32.96,32.86,32.96,725
2026-04-22 14:25:00,32.85,32.85,32.85,32.85,100
2026-04-22 14:30:00,32.84,32.84,32.84,32.84,100
2026-04-22 14:40:00,32.84,32.84,32.84,32.84,100
2026-04-22 14:55:00,32.84,32.868,32.84,32.868,900
2026-04-22 15:00:00,32.82,32.82,32.82,32.82,100
2026-04-22 15:05:00,32.82,32.82,32.82,32.82,100
2026-04-22 15:20:00,32.935,32.935,32.935,32.935,300
2026-04-22 15:30:00,32.83,32.925,32.82,32.8914,1460
2026-04-22 15:40:00,32.82,32.82,32.82,32.82,100
2026-04-22 15:45:00,32.84,32.84,32.84,32.84,100
2026-04-22 15:55:00,32.85,32.85,32.85,32.85,100
2026-04-22 16:00:00,32.84,32.84,32.84,32.84,103
2026-04-23 09:50:00,32.55,32.55,32.55,32.55,100
2026-04-23 11:35:00,32.72,32.72,32.72,32.72,195
2026-04-23 11:55:00,32.58,32.58,32.58,32.58,100
2026-04-23 12:10:00,32.74,32.74,32.66,32.66,858
2026-04-23 12:15:00,32.58,32.5801,32.58,32.5801,200
2026-04-23 12:20:00,32.57,32.57,32.57,32.57,100
2026-04-23 12:30:00,32.57,32.57,32.57,32.57,100
2026-04-23 12:35:00,32.57,32.57,32.57,32.57,416
2026-04-23 12:40:00,32.57,32.575,32.57,32.575,300
2026-04-23 12:45:00,32.57,32.57,32.57,32.57,100
2026-04-23 13:00:00,32.57,32.57,32.5119,32.5119,303
2026-04-23 13:10:00,32.48,32.48,32.38,32.38,200
2026-04-23 13:15:00,32.45,32.45,32.45,32.45,100
2026-04-23 13:30:00,32.33,32.33,32.33,32.33,515
2026-04-23 13:40:00,32.3699,32.3699,32.18,32.18,349
2026-04-23 13:45:00,32.14,32.14,32.12,32.12,700
2026-04-23 14:10:00,32.36,32.36,32.36,32.36,100
2026-04-23 14:15:00,32.4877,32.4877,32.37,32.37,823
2026-04-23 14:30:00,32.41,32.41,32.41,32.41,100
2026-04-23 14:40:00,32.37,32.37,32.37,32.37,200
2026-04-23 14:55:00,32.34,32.34,32.34,32.34,100
2026-04-23 15:15:00,32.35,32.35,32.35,32.35,100
2026-04-23 15:20:00,32.33,32.33,32.33,32.33,100
2026-04-23 15:30:00,32.33,32.33,32.33,32.33,100
2026-04-23 15:40:00,32.28,32.28,32.28,32.28,100
2026-04-23 15:45:00,32.28,32.28,32.28,32.28,100
2026-04-23 15:55:00,32.31,32.32,32.31,32.32,500
2026-04-23 16:00:00,32.32,32.32,32.32,32.32,228
2026-04-24 09:30:00,32.14,32.14,32.14,32.14,685
2026-04-24 09:35:00,32.2575,32.38,32.2575,32.3441,443
2026-04-24 10:00:00,32.23,32.23,32.23,32.23,100
2026-04-24 10:05:00,32.3046,32.3046,32.3046,32.3046,279
2026-04-24 10:35:00,32.385,32.385,32.385,32.385,395
2026-04-24 10:45:00,32.3984,32.3984,32.3984,32.3984,124
2026-04-24 11:00:00,32.27,32.27,32.27,32.27,100
2026-04-24 11:25:00,32.33,32.33,32.33,32.33,100
2026-04-24 12:10:00,32.41,32.41,32.41,32.41,100
2026-04-24 12:45:00,32.37,32.3701,32.36,32.36,1075
2026-04-24 13:00:00,32.38,32.38,32.38,32.38,100
2026-04-24 13:20:00,32.53,32.54,32.37,32.37,2137
2026-04-24 13:35:00,32.39,32.39,32.39,32.39,100
2026-04-24 13:45:00,32.39,32.39,32.39,32.39,100
2026-04-24 14:00:00,32.3804,32.3804,32.3804,32.3804,166
2026-04-24 14:10:00,32.37,32.37,32.37,32.37,100
2026-04-24 14:30:00,32.37,32.3712,32.37,32.3712,1930
2026-04-24 14:55:00,32.38,32.38,32.38,32.38,100
2026-04-24 15:10:00,32.4,32.4,32.4,32.4,100
2026-04-24 15:35:00,32.37,32.465,32.37,32.465,213
2026-04-24 15:40:00,32.47,32.47,32.47,32.47,350
2026-04-24 15:55:00,32.38,32.38,32.38,32.38,100
2026-04-24 16:00:00,32.39,32.39,32.39,32.39,104
2026-04-27 09:30:00,32.59,32.59,32.59,32.59,487
2026-04-27 09:45:00,32.53,32.53,32.53,32.53,100
2026-04-27 10:15:00,32.54,32.54,32.54,32.54,100
2026-04-27 10:40:00,32.55,32.55,32.55,32.55,610
2026-04-27 10:55:00,32.53,32.53,32.53,32.53,1696
2026-04-27 11:15:00,32.51,32.51,32.43,32.43,9828
2026-04-27 11:35:00,32.42,32.6,32.42,32.6,477
2026-04-27 11:40:00,32.44,32.44,32.44,32.44,599
2026-04-27 11:50:00,32.41,32.42,32.41,32.42,200
2026-04-27 12:05:00,32.44,32.44,32.44,32.44,100
2026-04-27 12:15:00,32.515,32.515,32.515,32.515,152
2026-04-27 12:20:00,32.49,32.49,32.49,32.49,200
2026-04-27 12:25:00,32.44,32.44,32.44,32.44,100
2026-04-27 12:35:00,32.44,32.44,32.44,32.44,100
2026-04-27 12:45:00,32.42,32.42,32.42,32.42,100
2026-04-27 13:05:00,32.4,32.4,32.4,32.4,100
2026-04-27 13:25:00,32.485,32.485,32.485,32.485,153
2026-04-27 13:50:00,32.4,32.4,32.4,32.4,100
2026-04-27 14:10:00,32.4,32.4,32.4,32.4,100
2026-04-27 14:40:00,32.401,32.401,32.3,32.3,9900
2026-04-27 14:45:00,32.3,32.37,32.3,32.37,4800
2026-04-27 15:00:00,32.37,32.37,32.37,32.37,100
2026-04-27 15:05:00,32.37,32.37,32.35,32.35,200
2026-04-27 15:15:00,32.35,32.35,32.35,32.35,400
2026-04-27 15:25:00,32.35,32.35,32.35,32.35,100
2026-04-27 15:35:00,32.35,32.35,32.35,32.35,100
2026-04-27 15:40:00,32.34,32.34,32.34,32.34,100
2026-04-27 15:50:00,32.35,32.35,32.35,32.35,100
2026-04-27 15:55:00,32.34,32.34,32.33,32.33,300
2026-04-27 16:00:00,32.32,32.32,32.32,32.32,203
2026-04-28 09:40:00,32.17,32.17,32.17,32.17,100
2026-04-28 10:50:00,32.0469,32.08,32.0469,32.08,677
2026-04-28 11:40:00,32.08,32.1599,32.08,32.1599,258
2026-04-28 12:00:00,32.13,32.13,32.13,32.13,320
2026-04-28 12:10:00,32.1599,32.1599,32.1599,32.1599,213
2026-04-28 12:35:00,32.12,32.12,32.12,32.12,204
2026-04-28 12:40:00,32.07,32.07,32.07,32.07,100
2026-04-28 13:20:00,32.09,32.09,32.09,32.09,100
2026-04-28 13:30:00,32.1209,32.1209,32.1209,32.1209,186
2026-04-28 14:05:00,32.11,32.11,32.11,32.11,2010
2026-04-28 14:20:00,32.105,32.13,32.1,32.13,1400
2026-04-28 15:05:00,32.13,32.13,32.13,32.13,100
2026-04-28 15:35:00,32.12,32.12,32.12,32.12,2100
2026-04-28 15:40:00,32.11,32.11,32.11,32.11,100
2026-04-28 15:45:00,32.11,32.11,32.11,32.11,100
2026-04-28 15:50:00,32.11,32.11,32.11,32.11,2398
2026-04-28 15:55:00,32.1,32.1,32,32,3200
2026-04-28 16:00:00,32.1,32.1,32.1,32.1,103
2026-04-29 09:30:00,32.16,32.16,32.16,32.16,102
2026-04-29 10:00:00,31.9,31.9,31.9,31.9,100
2026-04-29 10:55:00,31.9501,31.9501,31.9501,31.9501,112
2026-04-29 11:50:00,31.93,31.93,31.93,31.93,600
2026-04-29 13:00:00,31.905,31.905,31.905,31.905,138
2026-04-29 13:20:00,31.83,31.83,31.83,31.83,100
2026-04-29 15:25:00,31.81,31.95,31.81,31.95,1107
2026-04-29 15:30:00,31.7839,31.7839,31.7839,31.7839,658
2026-04-29 15:35:00,31.79,31.79,31.77,31.79,1146
2026-04-29 15:40:00,31.78,31.855,31.77,31.7701,3407
2026-04-29 15:45:00,31.85,31.85,31.77,31.79,528
2026-04-29 15:50:00,31.85,31.85,31.76,31.78,4030
2026-04-29 15:55:00,31.78,31.78,31.76,31.76,743
2026-04-29 16:00:00,31.77,31.77,31.77,31.77,400
2026-04-30 09:30:00,31.87,31.87,31.87,31.87,340
2026-04-30 09:45:00,31.9811,31.9811,31.9811,31.9811,187
2026-04-30 10:00:00,31.87,31.87,31.87,31.87,100
2026-04-30 10:10:00,31.98,31.98,31.98,31.98,100
2026-04-30 10:35:00,31.97,31.97,31.97,31.97,100
2026-04-30 12:25:00,32.05,32.05,32.05,32.05,105
2026-04-30 12:30:00,32.04,32.04,32.04,32.04,100
2026-04-30 12:40:00,32.04,32.04,32.04,32.04,100
2026-04-30 14:25:00,32.145,32.145,32.145,32.145,1563
2026-04-30 14:40:00,32.175,32.175,32.175,32.175,221
2026-04-30 14:45:00,32.19,32.19,32.19,32.19,100
2026-04-30 15:05:00,32.29,32.29,32.29,32.29,101
2026-04-30 16:00:00,32.13,32.13,32.13,32.13,700
2026-05-01 09:45:00,32.245,32.245,32.245,32.245,102
2026-05-01 09:55:00,32.22,32.22,32.22,32.22,100
2026-05-01 10:10:00,32.4699,32.4699,32.46,32.46,403
2026-05-01 10:25:00,32.335,32.335,32.335,32.335,257
2026-05-01 10:55:00,32.22,32.22,32.22,32.22,100
2026-05-01 11:55:00,32.22,32.22,32.17,32.17,300
2026-05-01 12:05:00,32.19,32.19,32.19,32.19,100
2026-05-01 12:10:00,32.275,32.275,32.19,32.19,379
2026-05-01 12:20:00,32.28,32.28,32.28,32.28,776
2026-05-01 12:40:00,32.19,32.19,32.19,32.19,100
2026-05-01 12:55:00,32.265,32.265,32.265,32.265,406
2026-05-01 13:30:00,32.15,32.15,32.15,32.15,100
2026-05-01 14:05:00,32.13,32.13,32.13,32.13,200
2026-05-01 14:35:00,32.1,32.1,32.1,32.1,100
2026-05-01 15:25:00,32.13,32.13,32.11,32.1101,2070
2026-05-01 15:30:00,32.205,32.205,32.08,32.0901,10316
2026-05-01 15:35:00,32.0905,32.1746,32.08,32.09,7292
2026-05-01 15:45:00,32.08,32.165,32.08,32.165,225
2026-05-01 15:50:00,32.07,32.07,32.06,32.06,200
2026-05-01 15:55:00,32.06,32.07,32.05,32.05,700
2026-05-04 09:45:00,32.0841,32.0841,32.025,32.03,1097
2026-05-04 10:00:00,31.93,31.93,31.93,31.93,100
2026-05-04 10:40:00,32.04,32.04,32.04,32.04,100
2026-05-04 10:55:00,32.04,32.04,32.04,32.04,100
2026-05-04 11:20:00,31.77,31.77,31.77,31.77,100
2026-05-04 12:50:00,31.77,31.77,31.77,31.77,158
2026-05-04 15:15:00,31.79,31.867,31.79,31.867,936
2026-05-04 15:40:00,31.71,31.71,31.71,31.71,100
2026-05-05 09:30:00,31.78,31.78,31.7726,31.7726,359
2026-05-05 09:45:00,31.77,31.77,31.77,31.77,100
2026-05-05 09:50:00,31.776,31.776,31.7731,31.775,1244
2026-05-05 10:05:00,31.7792,31.7799,31.7792,31.7799,843
2026-05-05 10:10:00,31.775,31.775,31.775,31.775,236
2026-05-05 10:35:00,31.78,32.075,31.775,32.075,1770
2026-05-05 10:40:00,32.02,32.02,32.01,32.01,800
2026-05-05 11:00:00,32.05,32.0501,32.05,32.0501,235
2026-05-05 11:35:00,32.14,32.14,32.14,32.14,100
2026-05-05 12:10:00,32.32,32.32,32.32,32.32,100
2026-05-05 12:25:00,32.13,32.13,32.13,32.13,100
2026-05-05 12:35:00,32.23,32.23,32.23,32.23,668
2026-05-05 14:55:00,32.17,32.17,32.17,32.17,241
2026-05-05 16:00:00,32.08,32.08,32.08,32.08,505
2026-05-06 09:35:00,32.8,32.8,32.8,32.8,183
2026-05-06 09:50:00,32.7,32.7,32.7,32.7,700
2026-05-06 10:00:00,32.8,32.9099,32.69,32.69,1496
2026-05-06 10:25:00,32.72,32.72,32.72,32.72,2189
2026-05-06 10:35:00,32.75,32.75,32.74,32.74,2289
2026-05-06 11:25:00,32.91,32.91,32.91,32.91,310
2026-05-06 11:30:00,32.82,32.82,32.82,32.82,100
2026-05-06 11:55:00,32.84,32.84,32.84,32.84,353
2026-05-06 12:15:00,32.75,32.75,32.75,32.75,171
2026-05-06 12:20:00,32.77,32.77,32.77,32.77,100
2026-05-06 12:25:00,32.77,32.7701,32.77,32.7701,513
2026-05-06 12:30:00,32.91,32.91,32.91,32.91,310
2026-05-06 12:45:00,32.7701,32.7701,32.7701,32.7701,600
2026-05-06 12:55:00,32.82,32.82,32.82,32.82,312
2026-05-06 13:20:00,32.8353,32.8353,32.8353,32.8353,367
2026-05-06 13:30:00,32.78,32.83,32.78,32.83,846
2026-05-06 13:55:00,32.835,32.835,32.7675,32.7675,301
2026-05-06 14:05:00,32.84,32.84,32.84,32.84,1018
2026-05-06 14:10:00,32.781,32.91,32.781,32.845,1504
2026-05-06 14:15:00,32.79,32.7901,32.79,32.7901,1064
2026-05-06 14:20:00,32.79,32.79,32.79,32.79,100
2026-05-06 14:30:00,32.7802,32.7814,32.77,32.77,3321
2026-05-06 14:35:00,32.78,32.84,32.78,32.84,300
2026-05-06 14:40:00,32.78,32.78,32.78,32.78,100
2026-05-06 14:50:00,32.78,32.8309,32.78,32.8309,675
2026-05-06 15:05:00,32.8,32.8,32.8,32.8,100
2026-05-06 15:35:00,32.83,32.83,32.83,32.83,100
2026-05-06 15:50:00,32.831,32.86,32.831,32.86,328
2026-05-06 15:55:00,32.84,32.84,32.84,32.84,100
2026-05-06 16:00:00,32.82,32.82,32.82,32.82,113
2026-05-07 09:40:00,32.97,32.97,32.97,32.97,2100
2026-05-07 10:00:00,32.92,32.92,32.92,32.92,100
2026-05-07 10:05:00,32.9,32.9,32.9,32.9,700
2026-05-07 10:20:00,32.92,32.94,32.92,32.94,1500
2026-05-07 10:40:00,32.92,32.92,32.92,32.92,100
2026-05-07 11:05:00,33.019,33.019,33.019,33.019,163
2026-05-07 11:15:00,32.94,32.94,32.94,32.94,100
2026-05-07 12:00:00,32.76,32.76,32.76,32.76,188
2026-05-07 12:20:00,32.7,32.7,32.7,32.7,100
2026-05-07 13:55:00,32.641,32.6411,32.641,32.6411,200
2026-05-07 14:10:00,32.65,32.65,32.65,32.65,100
2026-05-07 14:15:00,32.685,32.685,32.685,32.685,274
2026-05-07 14:25:00,32.69,32.69,32.69,32.69,177
2026-05-07 15:05:00,32.84,32.84,32.75,32.75,200
2026-05-07 15:35:00,32.661,32.745,32.66,32.665,3372
2026-05-07 15:40:00,32.715,32.715,32.715,32.715,158
2026-05-07 15:45:00,32.72,32.72,32.72,32.72,105
2026-05-07 16:00:00,32.59,32.59,32.59,32.59,100
2026-05-08 09:30:00,32.6,32.6,32.6,32.6,309
2026-05-08 10:00:00,32.53,32.53,32.53,32.53,100
2026-05-08 10:30:00,32.52,32.52,32.52,32.52,1055
2026-05-08 10:40:00,32.52,32.7,32.38,32.515,10526
2026-05-08 11:10:00,32.45,32.45,32.45,32.45,100
2026-05-08 11:15:00,32.43,32.43,32.43,32.43,100
2026-05-08 11:25:00,32.45,32.45,32.45,32.45,100
2026-05-08 11:40:00,32.44,32.44,32.44,32.44,100
2026-05-08 11:45:00,32.45,32.45,32.45,32.45,100
2026-05-08 12:00:00,32.45,32.45,32.45,32.45,100
2026-05-08 12:15:00,32.45,32.45,32.45,32.45,508
2026-05-08 12:20:00,32.46,32.46,32.46,32.46,200
2026-05-08 12:45:00,32.46,32.46,32.46,32.46,100
2026-05-08 13:05:00,32.45,32.45,32.45,32.45,100
2026-05-08 13:10:00,32.44,32.44,32.44,32.44,100
2026-05-08 13:35:00,32.45,32.45,32.45,32.45,100
2026-05-08 13:45:00,32.44,32.44,32.44,32.44,100
2026-05-08 14:00:00,32.5155,32.5155,32.5155,32.5155,189
2026-05-08 14:20:00,32.46,32.46,32.46,32.46,100
2026-05-08 14:25:00,32.46,32.46,32.46,32.46,100
2026-05-08 14:45:00,32.45,32.45,32.45,32.45,100
2026-05-08 15:00:00,32.515,32.515,32.515,32.515,100
2026-05-08 15:05:00,32.44,32.44,32.44,32.44,100
2026-05-08 15:10:00,32.44,32.44,32.44,32.44,100
2026-05-08 15:25:00,32.44,32.44,32.44,32.44,100
2026-05-08 15:40:00,32.44,32.44,32.44,32.44,100
2026-05-08 15:45:00,32.45,32.45,32.45,32.45,100
2026-05-08 15:50:00,32.44,32.44,32.44,32.44,100
2026-05-08 15:55:00,32.45,32.45,32.45,32.45,200
2026-05-08 16:00:00,32.44,32.44,32.44,32.44,104
2026-05-11 09:30:00,32.1,32.1,32.1,32.1,313
2026-05-11 10:00:00,32.16,32.16,32.16,32.16,100
2026-05-11 10:05:00,32.21,32.21,32.21,32.21,100
2026-05-11 11:10:00,32.11,32.11,32.09,32.0901,894
2026-05-11 11:15:00,32.155,32.16,32.155,32.16,500
2026-05-11 11:35:00,32.09,32.09,32.08,32.08,3070
2026-05-11 11:55:00,32.06,32.06,32.06,32.06,150
2026-05-11 12:05:00,32.05,32.05,32.05,32.05,100
2026-05-11 12:25:00,32.02,32.02,32.02,32.02,100
2026-05-11 12:50:00,32,32.0001,31.96,31.9685,603
2026-05-11 13:10:00,31.95,31.95,31.95,31.95,100
2026-05-11 13:15:00,32.1299,32.1299,31.8505,31.86,19217
2026-05-11 13:20:00,31.86,31.94,31.85,31.93,4104
2026-05-11 13:30:00,32.06,32.06,32.06,32.06,350
2026-05-11 13:50:00,31.97,31.97,31.97,31.97,100
2026-05-11 13:55:00,31.98,31.98,31.98,31.98,200
2026-05-11 14:10:00,31.96,31.96,31.96,31.96,100
2026-05-11 15:25:00,32.015,32.015,32.015,32.015,107
2026-05-11 15:55:00,31.93,31.93,31.93,31.93,1300
2026-05-12 09:30:00,31.62,31.62,31.62,31.62,1350
2026-05-12 09:35:00,31.62,31.62,31.62,31.62,138
2026-05-12 09:40:00,31.62,31.655,31.62,31.655,550
2026-05-12 09:50:00,31.51,31.585,31.49,31.585,500
2026-05-12 10:20:00,31.58,31.58,31.58,31.58,238
2026-05-12 11:20:00,31.44,31.44,31.44,31.44,650
2026-05-12 11:40:00,31.43,31.43,31.43,31.43,100
2026-05-12 11:55:00,31.454,31.454,31.454,31.454,163
2026-05-12 12:00:00,31.4,31.4,31.3,31.4,12720
2026-05-12 12:40:00,31.39,31.39,31.39,31.39,190
2026-05-12 12:55:00,31.455,31.455,31.455,31.455,560
2026-05-12 13:20:00,31.5199,31.5199,31.5199,31.5199,467
2026-05-12 14:40:00,31.5199,31.5199,31.5199,31.5199,1703
2026-05-12 14:45:00,31.495,31.495,31.495,31.495,557
2026-05-12 14:50:00,31.48,31.48,31.48,31.48,600
2026-05-12 15:25:00,31.505,31.505,31.505,31.505,735
2026-05-12 15:30:00,31.52,31.52,31.5199,31.5199,900
2026-05-12 15:45:00,31.5302,31.5302,31.5302,31.5302,358
2026-05-12 16:00:00,31.54,31.54,31.54,31.54,324
2026-05-13 09:35:00,31.54,31.54,31.54,31.54,680
2026-05-13 10:20:00,31.645,31.645,31.645,31.645,207
2026-05-13 10:45:00,31.59,31.62,31.56,31.5901,3905
2026-05-13 11:00:00,31.655,31.655,31.655,31.655,1000
2026-05-13 11:35:00,31.62,31.6201,31.62,31.62,300
2026-05-13 11:40:00,31.61,31.61,31.61,31.61,100
2026-05-13 11:55:00,31.61,31.6101,31.61,31.6101,492
2026-05-13 12:20:00,31.62,31.76,31.62,31.76,754
2026-05-13 13:20:00,31.77,31.77,31.77,31.77,100
2026-05-13 13:40:00,31.781,31.781,31.781,31.781,350
2026-05-13 14:20:00,31.62,31.62,31.57,31.57,3300
2026-05-13 14:25:00,31.5401,31.5401,31.5401,31.5401,7028
2026-05-13 14:45:00,31.54,31.54,31.54,31.54,2711
2026-05-13 15:25:00,31.625,31.625,31.625,31.625,110
2026-05-13 15:35:00,31.615,31.615,31.615,31.615,117
2026-05-14 09:40:00,31.91,31.91,31.91,31.91,196
2026-05-14 09:50:00,31.92,31.92,31.92,31.92,172
2026-05-14 10:00:00,31.8742,31.8742,31.8742,31.8742,158
2026-05-14 10:15:00,32.1,32.1,32.1,32.1,300
2026-05-14 11:35:00,31.99,31.99,31.99,31.99,100
2026-05-14 12:50:00,32.05,32.05,32.05,32.05,100
2026-05-14 12:55:00,31.995,31.995,31.995,31.995,1768
2026-05-14 13:00:00,32.08,32.11,31.93,31.93,10100
2026-05-14 15:00:00,31.9231,31.9231,31.9231,31.9231,138
2026-05-14 15:05:00,31.94,31.975,31.9,31.975,7855
2026-05-14 15:25:00,31.9001,31.9238,31.9,31.9238,2837
2026-05-14 15:35:00,31.955,31.955,31.955,31.955,275
2026-05-15 09:30:00,31.3,31.38,31.3,31.38,703
2026-05-15 09:40:00,31.35,31.35,31.34,31.34,2196
2026-05-15 09:50:00,31.415,31.415,31.415,31.415,100
2026-05-15 09:55:00,31.38,31.38,31.35,31.35,1600
2026-05-15 10:25:00,31.42,31.42,31.4,31.42,900
2026-05-15 10:50:00,31.39,31.39,31.37,31.39,2946
2026-05-15 11:35:00,31.3586,31.4646,31.3586,31.4646,544
2026-05-15 11:40:00,31.39,31.39,31.39,31.39,100
2026-05-15 12:00:00,31.31,31.315,31.31,31.315,589
2026-05-15 12:05:00,31.32,31.32,31.32,31.32,300
2026-05-15 12:10:00,31.29,31.29,31.28,31.28,1006
2026-05-15 12:20:00,31.32,31.32,31.32,31.32,200
2026-05-15 12:30:00,31.33,31.33,31.33,31.33,800
2026-05-15 12:50:00,31.4225,31.4225,31.38,31.38,379
2026-05-15 12:55:00,31.3997,31.3997,31.3997,31.3997,500
2026-05-15 14:35:00,31.38,31.3801,31.33,31.33,3449
2026-05-15 14:40:00,31.34,31.365,31.3,31.32,15749
2026-05-15 14:50:00,31.34,31.3899,31.32,31.33,2900
2026-05-15 14:55:00,31.33,31.33,31.33,31.33,147
2026-05-15 15:00:00,31.385,31.385,31.385,31.385,158
2026-05-18 09:30:00,31.526,31.526,31.526,31.526,475
2026-05-18 11:15:00,31.345,31.345,31.345,31.345,100
2026-05-18 11:55:00,31.31,31.31,31.3,31.3,697
2026-05-18 13:05:00,31.39,31.39,31.39,31.39,200
2026-05-18 14:15:00,31.26,31.26,31.24,31.26,4400
2026-05-18 14:20:00,31.19,31.246,31.15,31.216,27026
2026-05-18 14:25:00,31.15,31.15,31.14,31.14,3000
2026-05-18 14:30:00,31.16,31.16,31.16,31.16,200
2026-05-18 14:45:00,31.225,31.225,31.225,31.225,1868
2026-05-18 14:50:00,31.0801,31.0801,31.0801,31.0801,400
2026-05-18 15:00:00,31.21,31.22,31.16,31.21,3800
2026-05-18 15:25:00,31.255,31.255,31.255,31.255,100
2026-05-18 15:55:00,31.25,31.25,31.24,31.24,1000
2026-05-18 16:00:00,31.24,31.24,31.24,31.24,103
2026-05-19 09:35:00,31.02,31.145,31.02,31.145,2240
2026-05-19 10:15:00,31.08,31.08,31.08,31.08,700
2026-05-19 10:20:00,31.135,31.18,31.135,31.18,303
2026-05-19 10:35:00,31.04,31.04,31.04,31.04,100
2026-05-19 11:15:00,31.06,31.06,31.06,31.06,100
2026-05-19 11:20:00,31.04,31.04,31.04,31.04,2100
2026-05-19 11:25:00,31.001,31.001,31.0002,31.0002,756
2026-05-19 11:30:00,31.105,31.105,31.105,31.105,294
2026-05-19 12:10:00,31.03,31.03,31,31,2999
2026-05-19 12:25:00,30.95,30.95,30.945,30.95,10321
2026-05-19 12:45:00,31.1,31.1376,31.09,31.1376,2000
2026-05-19 13:25:00,31.1775,31.1775,31.1775,31.1775,590
2026-05-19 13:50:00,31.18,31.18,31.18,31.18,315
2026-05-19 14:20:00,31.18,31.18,31.18,31.18,315
2026-05-19 14:30:00,31.18,31.18,31.18,31.18,210
2026-05-19 14:35:00,31.15,31.15,31.15,31.15,717
2026-05-19 14:45:00,31.18,31.18,31.18,31.18,210
2026-05-19 14:50:00,31.18,31.18,31.18,31.18,210
2026-05-19 14:55:00,31.18,31.2,31.04,31.12,13014
2026-05-19 15:20:00,31.12,31.12,31.12,31.12,500
2026-05-19 15:40:00,31.0201,31.0201,31.0201,31.0201,177
2026-05-19 15:45:00,31.05,31.05,31.05,31.05,350
2026-05-19 16:00:00,31,31,31,31,103
2026-05-20 09:45:00,31.25,31.25,31.25,31.25,1400
2026-05-20 10:15:00,31.35,31.35,31.35,31.35,1400
2026-05-20 11:20:00,31.58,31.64,31.58,31.63,2727
2026-05-20 11:25:00,31.58,31.58,31.58,31.58,1500
2026-05-20 11:30:00,31.63,31.63,31.63,31.63,1102
2026-05-20 11:45:00,31.59,31.59,31.58,31.58,1202
2026-05-20 12:40:00,31.531,31.531,31.531,31.531,252
2026-05-20 13:25:00,31.615,31.615,31.56,31.56,237
2026-05-20 13:30:00,31.57,31.57,31.57,31.57,472
2026-05-20 13:40:00,31.6241,31.6241,31.6241,31.6241,616
2026-05-20 14:15:00,31.63,31.63,31.63,31.63,563
2026-05-20 14:20:00,31.58,31.58,31.58,31.58,1500
2026-05-20 14:30:00,31.6699,31.6699,31.6699,31.6699,635
2026-05-20 14:40:00,31.571,31.571,31.49,31.49,19151
2026-05-20 14:45:00,31.48,31.67,31.48,31.67,406
2026-05-20 15:05:00,31.575,31.575,31.575,31.575,431
2026-05-20 15:15:00,31.4809,31.4809,31.4809,31.4809,304
2026-05-20 15:20:00,31.5,31.5081,31.49,31.4901,700
2026-05-20 15:30:00,31.575,31.575,31.48,31.575,1272
2026-05-20 15:40:00,31.575,31.575,31.575,31.575,101
2026-05-20 15:45:00,31.56,31.56,31.56,31.56,115
2026-05-21 09:30:00,31.35,31.35,31.35,31.35,661
2026-05-21 09:40:00,31.24,31.24,31.24,31.24,1400
2026-05-21 10:40:00,31.28,31.28,31.28,31.28,2100
2026-05-21 10:50:00,31.325,31.325,31.325,31.325,455
2026-05-21 11:25:00,31.32,31.32,31.32,31.32,384
2026-05-21 11:30:00,31.325,31.325,31.325,31.325,650
2026-05-21 11:50:00,31.31,31.31,31.31,31.31,100
2026-05-21 12:30:00,31.405,31.405,31.405,31.405,148
2026-05-21 13:10:00,31.41,31.41,31.41,31.41,700
2026-05-21 13:40:00,31.58,31.58,31.58,31.58,1500
2026-05-21 13:45:00,31.58,31.58,31.58,31.58,2100
2026-05-21 13:50:00,31.61,31.61,31.61,31.61,2000
2026-05-21 14:00:00,31.51,31.5101,31.4,31.41,18425
2026-05-21 15:45:00,31.5472,31.5472,31.5472,31.5472,190
2026-05-21 15:55:00,31.505,31.51,31.505,31.51,300
2026-05-22 09:40:00,31.73,31.73,31.73,31.73,162
2026-05-22 10:15:00,31.52,31.52,31.45,31.45,10700
2026-05-22 10:20:00,31.44,31.44,31.44,31.44,106
2026-05-22 11:00:00,31.36,31.36,31.28,31.34,22672
2026-05-22 11:15:00,31.37,31.37,31.37,31.37,127
2026-05-22 13:25:00,31.48,31.48,31.47,31.47,700
2026-05-22 13:30:00,31.51,31.51,31.51,31.51,219
2026-05-22 13:35:00,31.505,31.505,31.505,31.505,100
2026-05-22 15:05:00,31.39,31.53,31.39,31.5252,538
2026-05-22 15:25:00,31.45,31.45,31.4001,31.4001,800