2026-03-04 10:10:00,25.36,25.36,25.36,25.36,100
2026-03-04 10:20:00,25.39,25.39,25.39,25.39,656
2026-03-04 11:40:00,25.38,25.4,25.38,25.4,4280
2026-03-04 12:25:00,25.395,25.395,25.395,25.395,160
2026-03-05 09:45:00,25.2402,25.2402,25.24,25.24,200
2026-03-05 10:00:00,25.28,25.28,25.28,25.28,100
2026-03-05 11:10:00,25.24,25.24,25.24,25.24,100
2026-03-05 12:00:00,25.26,25.26,25.25,25.25,952
2026-03-05 12:05:00,25.255,25.2551,25.241,25.2411,400
2026-03-05 13:35:00,25.25,25.25,25.24,25.24,232
2026-03-05 13:40:00,25.2,25.2,25.2,25.2,100
2026-03-05 13:45:00,25.22,25.22,25.22,25.22,180
2026-03-05 14:50:00,25.2735,25.28,25.2735,25.2799,1175
2026-03-06 10:50:00,25.2,25.2,25.2,25.2,100
2026-03-06 11:35:00,25.235,25.235,25.235,25.235,2392
2026-03-06 12:00:00,25.26,25.26,25.26,25.26,1130
2026-03-06 13:10:00,25.28,25.28,25.255,25.255,3150
2026-03-06 13:15:00,25.255,25.2799,25.255,25.2799,1723
2026-03-06 15:55:00,25.22,25.22,25.22,25.22,100
2026-03-09 09:30:00,25.19,25.19,25.19,25.19,100
2026-03-09 10:45:00,25.2,25.2001,25.191,25.1912,665
2026-03-09 10:50:00,25.23,25.23,25.23,25.23,100
2026-03-09 11:45:00,25.24,25.24,25.24,25.24,1099
2026-03-09 11:50:00,25.24,25.24,25.24,25.24,1630
2026-03-09 12:00:00,25.23,25.23,25.23,25.23,227
2026-03-09 12:15:00,25.249,25.25,25.249,25.2499,1500
2026-03-09 12:45:00,25.245,25.245,25.2307,25.2307,2057
2026-03-09 13:55:00,25.23,25.25,25.22,25.22,1406
2026-03-09 14:20:00,25.24,25.24,25.24,25.24,127
2026-03-09 14:25:00,25.22,25.22,25.22,25.22,1280
2026-03-09 15:55:00,25.27,25.27,25.27,25.27,100
2026-03-10 11:45:00,25.27,25.27,25.27,25.27,200
2026-03-10 12:55:00,25.2602,25.2602,25.2602,25.2602,482
2026-03-10 14:15:00,25.26,25.26,25.26,25.26,100
2026-03-10 15:35:00,25.25,25.25,25.25,25.25,100
2026-03-10 15:40:00,25.23,25.2399,25.2201,25.2201,800
2026-03-10 15:55:00,25.23,25.23,25.23,25.23,100
2026-03-11 10:15:00,25.1899,25.1899,25.1899,25.1899,116
2026-03-11 10:35:00,25.2005,25.2005,25.2005,25.2005,149
2026-03-11 11:35:00,25.2,25.2,25.1999,25.1999,200
2026-03-11 12:50:00,25.185,25.185,25.185,25.185,327
2026-03-11 13:40:00,25.17,25.17,25.17,25.17,517
2026-03-11 14:50:00,25.2,25.2,25.2,25.2,7328
2026-03-11 14:55:00,25.17,25.18,25.17,25.18,354
2026-03-11 15:00:00,25.17,25.17,25.17,25.17,100
2026-03-12 10:10:00,25.13,25.13,25.13,25.13,172
2026-03-12 10:35:00,25.13,25.14,25.13,25.14,4212
2026-03-12 11:05:00,25.14,25.14,25.14,25.14,100
2026-03-12 11:30:00,25.14,25.14,25.13,25.13,1888
2026-03-12 11:35:00,25.14,25.14,25.14,25.14,200
2026-03-12 11:55:00,25.14,25.14,25.14,25.14,200
2026-03-12 12:05:00,25.14,25.14,25.14,25.14,200
2026-03-12 12:10:00,25.132,25.14,25.132,25.14,700
2026-03-12 12:45:00,25.15,25.15,25.1499,25.1499,2336
2026-03-12 14:15:00,25.13,25.13,25.1299,25.1299,2000
2026-03-12 15:05:00,25.095,25.095,25.095,25.095,100
2026-03-12 15:55:00,25.08,25.083,25.08,25.083,200
2026-03-13 10:15:00,25.14,25.14,25.14,25.14,687
2026-03-13 11:15:00,25.11,25.11,25.11,25.11,100
2026-03-13 13:35:00,25.075,25.075,25.075,25.075,1050
2026-03-13 13:40:00,25.06,25.06,25.06,25.06,100
