2026-03-04 09:35:00,28.63,28.63,28.62,28.62,200
2026-03-04 09:40:00,28.6,28.6,28.6,28.6,100
2026-03-04 10:00:00,28.65,28.65,28.65,28.65,800
2026-03-04 10:05:00,28.62,28.62,28.62,28.62,100
2026-03-04 11:15:00,28.67,28.67,28.67,28.67,900
2026-03-04 11:20:00,28.67,28.67,28.67,28.67,100
2026-03-04 11:25:00,28.71,28.71,28.71,28.71,100
2026-03-04 12:20:00,28.72,28.72,28.71,28.71,587
2026-03-04 13:05:00,28.7412,28.7412,28.7412,28.7412,1000
2026-03-04 13:40:00,28.8,28.8,28.8,28.8,100
2026-03-04 15:00:00,28.7889,28.7889,28.7889,28.7889,118
2026-03-04 15:10:00,28.79,28.7954,28.79,28.79,400
2026-03-04 15:15:00,28.765,28.765,28.765,28.765,451
2026-03-04 15:30:00,28.8,28.81,28.8,28.81,1299
2026-03-04 15:55:00,28.765,28.765,28.765,28.765,106
2026-03-05 09:30:00,28.57,28.59,28.48,28.48,1300
2026-03-05 09:35:00,28.46,28.46,28.45,28.45,300
2026-03-05 10:05:00,28.41,28.41,28.39,28.39,200
2026-03-05 10:15:00,28.49,28.52,28.49,28.52,550
2026-03-05 10:20:00,28.475,28.475,28.465,28.465,1200
2026-03-05 10:30:00,28.43,28.43,28.43,28.43,500
2026-03-05 10:40:00,28.4,28.4,28.39,28.4,600
2026-03-05 10:45:00,28.44,28.45,28.44,28.45,304
2026-03-05 11:05:00,28.325,28.325,28.325,28.325,400
2026-03-05 14:30:00,28.27,28.27,28.27,28.27,100
2026-03-05 15:05:00,28.32,28.32,28.32,28.32,300
2026-03-05 15:25:00,28.43,28.43,28.43,28.43,100
2026-03-05 15:55:00,28.39,28.39,28.39,28.39,224
2026-03-06 09:30:00,28.32,28.66,28.32,28.39,2276
2026-03-06 10:00:00,28.43,28.43,28.43,28.43,19350
2026-03-06 10:20:00,28.56,28.56,28.56,28.56,700
2026-03-06 11:55:00,28.675,28.685,28.675,28.685,200
2026-03-06 14:55:00,28.8,28.8,28.8,28.8,200
2026-03-06 15:35:00,28.67,28.67,28.67,28.67,271
2026-03-06 15:45:00,28.7,28.7,28.7,28.7,200
2026-03-06 15:55:00,28.67,28.67,28.67,28.67,330
2026-03-09 09:40:00,28.77,28.77,28.77,28.77,100
2026-03-09 09:45:00,28.79,28.8,28.79,28.8,2100
2026-03-09 10:05:00,28.715,28.715,28.715,28.715,104
2026-03-09 10:15:00,28.72,28.72,28.68,28.68,500
2026-03-09 10:30:00,28.72,28.72,28.72,28.72,2000
2026-03-09 11:40:00,28.7161,28.72,28.7161,28.72,2714
2026-03-09 12:35:00,28.72,28.72,28.72,28.72,100
2026-03-09 12:45:00,28.72,28.72,28.7199,28.72,2476
2026-03-09 12:50:00,28.715,28.72,28.715,28.72,831
2026-03-09 13:10:00,28.72,28.72,28.72,28.72,2952
2026-03-09 13:20:00,28.87,28.87,28.87,28.87,600
2026-03-09 14:00:00,28.81,28.81,28.81,28.81,100
2026-03-09 15:15:00,28.9,28.94,28.9,28.94,1292
2026-03-09 15:55:00,28.85,28.85,28.8,28.8,631
2026-03-10 09:30:00,29.08,29.08,29.08,29.08,200
2026-03-10 09:35:00,29.14,29.14,29.14,29.14,100
2026-03-10 09:55:00,29.03,29.03,29.03,29.03,2820
2026-03-10 10:20:00,29.11,29.11,29.11,29.11,100
2026-03-10 10:30:00,29.09,29.09,29.09,29.09,600
2026-03-10 10:55:00,29.06,29.09,29.06,29.09,200
2026-03-10 11:10:00,29.1105,29.1105,29.1105,29.1105,7150
2026-03-10 13:00:00,29.04,29.04,29.04,29.04,100
2026-03-10 13:05:00,29.03,29.03,29.03,29.03,868
2026-03-10 13:25:00,29.01,29.01,29.01,29.01,100
2026-03-10 14:10:00,28.99,28.99,28.99,28.99,1100
2026-03-10 14:25:00,28.9801,28.9801,28.9801,28.9801,2011
2026-03-10 14:30:00,29.01,29.01,29.0,29.01,1700
2026-03-10 14:35:00,28.94,28.94,28.94,28.94,400
2026-03-10 15:05:00,29.0,29.0,29.0,29.0,100
2026-03-10 15:30:00,29.0,29.0,29.0,29.0,300
2026-03-10 15:40:00,29.02,29.02,29.02,29.02,100
2026-03-10 15:55:00,28.97,28.97,28.97,28.97,294
2026-03-11 09:40:00,28.8,28.8,28.8,28.8,200
2026-03-11 09:45:00,28.83,28.83,28.83,28.83,100
2026-03-11 10:00:00,28.87,28.87,28.87,28.87,400
2026-03-11 10:35:00,28.92,28.92,28.92,28.92,100
2026-03-11 11:05:00,28.9384,28.9384,28.9384,28.9384,1355
2026-03-11 11:45:00,28.82,28.82,28.82,28.82,100
2026-03-11 12:05:00,28.835,28.835,28.835,28.835,1365
2026-03-11 12:15:00,28.845,28.845,28.845,28.845,338
2026-03-11 13:20:00,28.87,28.87,28.87,28.87,200
2026-03-11 13:35:00,28.86,28.86,28.86,28.86,100
2026-03-11 14:05:00,28.84,28.8402,28.84,28.8402,4052
2026-03-11 14:55:00,28.89,28.89,28.89,28.89,173
2026-03-11 15:40:00,28.94,28.94,28.94,28.94,269
2026-03-11 15:55:00,28.96,28.96,28.96,28.96,182
2026-03-12 09:30:00,28.97,28.97,28.97,28.97,200
2026-03-12 09:35:00,28.94,28.94,28.94,28.94,400
2026-03-12 10:55:00,29.07,29.07,29.07,29.07,200
2026-03-12 12:10:00,28.84,28.8401,28.84,28.8401,200
2026-03-12 15:55:00,28.89,28.89,28.89,28.89,178
2026-03-13 09:30:00,28.83,28.83,28.83,28.83,821
2026-03-13 10:40:00,28.7,28.7,28.7,28.7,300
2026-03-13 11:00:00,28.6575,28.6575,28.645,28.645,284
2026-03-13 12:50:00,28.6,28.6,28.6,28.6,100
2026-03-13 14:25:00,28.61,28.67,28.61,28.6699,1200
2026-03-13 15:05:00,28.65,28.65,28.65,28.65,100
2026-03-13 15:55:00,28.61,28.61,28.61,28.61,300
2026-03-16 09:30:00,28.74,28.75,28.74,28.75,579
2026-03-16 09:35:00,28.82,28.82,28.82,28.82,100
2026-03-16 10:40:00,28.745,28.745,28.745,28.745,347
2026-03-16 12:20:00,28.76,28.76,28.76,28.76,100
2026-03-16 13:15:00,28.765,28.79,28.74,28.74,2804
2026-03-16 13:50:00,28.715,28.715,28.715,28.715,350
2026-03-16 13:55:00,28.74,28.74,28.74,28.74,100
2026-03-16 14:00:00,28.75,28.76,28.75,28.76,600
2026-03-16 14:05:00,28.7,28.7,28.7,28.7,200
2026-03-16 14:25:00,28.74,28.74,28.7101,28.7101,2842
2026-03-16 14:45:00,28.77,28.77,28.7699,28.7699,260
2026-03-16 15:45:00,28.75,28.75,28.725,28.725,1385
2026-03-16 15:55:00,28.73,28.73,28.73,28.73,118
2026-03-17 09:35:00,28.92,28.92,28.92,28.92,100
2026-03-17 09:55:00,28.896,28.905,28.896,28.905,700
2026-03-17 10:05:00,28.92,28.92,28.92,28.92,100
2026-03-17 11:35:00,28.8,28.8,28.8,28.8,900
2026-03-17 11:45:00,28.84,28.84,28.84,28.84,100
2026-03-17 12:15:00,28.86,28.86,28.86,28.86,500
2026-03-17 13:15:00,28.85,28.85,28.85,28.85,46058
2026-03-17 15:20:00,28.8502,28.8502,28.8502,28.8502,305
2026-03-18 09:35:00,28.79,28.79,28.79,28.79,200
2026-03-18 09:40:00,28.77,28.77,28.77,28.77,200
2026-03-18 10:40:00,28.79,28.81,28.79,28.79,12797
2026-03-18 11:00:00,28.84,28.84,28.84,28.84,200
2026-03-18 11:05:00,28.85,28.85,28.85,28.85,300
2026-03-18 14:40:00,28.72,28.72,28.72,28.72,400
2026-03-18 15:20:00,28.7,28.7,28.7,28.7,100
2026-03-18 15:55:00,28.71,28.71,28.71,28.71,195
2026-03-19 09:30:00,28.19,28.19,28.19,28.19,100
2026-03-19 09:50:00,28.18,28.18,28.18,28.18,100
2026-03-19 10:00:00,28.265,28.265,28.2401,28.255,1400
2026-03-19 10:05:00,28.26,28.275,28.24,28.24,2600
2026-03-19 10:10:00,28.2786,28.2786,28.2786,28.2786,228
2026-03-19 10:20:00,28.23,28.23,28.23,28.23,900
2026-03-19 10:25:00,28.23,28.23,28.23,28.23,100
2026-03-19 10:40:00,28.28,28.29,28.28,28.28,500
2026-03-19 11:25:00,28.28,28.28,28.28,28.28,300
2026-03-19 12:50:00,28.21,28.21,28.21,28.21,100
2026-03-19 14:10:00,28.15,28.15,28.14,28.14,3787
2026-03-19 15:00:00,28.24,28.24,28.24,28.24,300
2026-03-19 15:55:00,28.23,28.23,28.23,28.23,134
2026-03-20 09:55:00,28.26,28.26,28.26,28.26,100
2026-03-20 10:50:00,28.17,28.17,28.17,28.17,100
2026-03-20 11:55:00,28.155,28.155,28.155,28.155,158
2026-03-20 14:40:00,28.1006,28.12,28.1006,28.12,2154
2026-03-20 15:20:00,28.1,28.1,28.1,28.1,325
2026-03-20 15:55:00,28.05,28.1,28.03,28.1,757
2026-03-23 09:30:00,27.96,27.97,27.95,27.96,1427
2026-03-23 10:05:00,27.87,27.87,27.87,27.87,350
2026-03-23 11:50:00,27.83,27.83,27.83,27.83,400
2026-03-23 12:20:00,27.84,27.84,27.84,27.84,465
2026-03-23 12:35:00,27.825,27.825,27.825,27.825,107
2026-03-23 12:45:00,27.83,27.83,27.83,27.83,500
2026-03-23 15:25:00,27.77,27.77,27.7401,27.7401,235
2026-03-23 15:30:00,27.775,27.8,27.775,27.8,600
2026-03-23 15:55:00,27.79,27.79,27.76,27.76,354
2026-03-24 09:50:00,27.88,27.88,27.88,27.88,200
2026-03-24 10:00:00,27.895,27.895,27.895,27.895,150
2026-03-24 10:10:00,27.87,27.8854,27.87,27.8854,300
2026-03-24 13:05:00,27.97,28.0,27.97,28.0,1302
2026-03-24 13:30:00,27.975,27.975,27.975,27.975,2625
2026-03-24 13:45:00,27.98,27.98,27.98,27.98,100
2026-03-24 13:55:00,27.98,27.98,27.93,27.95,8615
2026-03-24 14:00:00,27.968,27.98,27.968,27.98,1200
2026-03-24 14:10:00,27.98,27.99,27.96,27.99,3273
2026-03-24 15:30:00,27.97,27.97,27.97,27.97,143
2026-03-24 15:55:00,27.97,27.98,27.93,27.93,2169
2026-03-25 10:05:00,27.95,27.95,27.95,27.95,100
2026-03-25 12:10:00,27.95,27.95,27.945,27.945,400
2026-03-25 12:15:00,27.94,27.955,27.94,27.955,300
2026-03-25 12:50:00,27.99,27.99,27.99,27.99,609
2026-03-25 15:25:00,27.95,27.955,27.95,27.955,300
2026-03-25 15:45:00,27.985,27.9865,27.985,27.9865,206
2026-03-25 15:55:00,27.985,27.985,27.985,27.985,524
2026-03-26 09:55:00,28.045,28.045,28.045,28.045,256
2026-03-26 10:50:00,28.065,28.065,28.065,28.065,1246
2026-03-26 11:00:00,28.065,28.1,28.065,28.1,1423
2026-03-26 11:05:00,28.0703,28.1,28.07,28.075,954
2026-03-26 11:40:00,28.09,28.09,28.09,28.09,100
2026-03-26 11:45:00,28.09,28.09,28.09,28.09,100
2026-03-26 12:55:00,28.07,28.07,28.07,28.07,100
2026-03-26 14:35:00,28.09,28.09,28.0899,28.0899,200
2026-03-26 15:10:00,28.08,28.08,28.08,28.08,254
2026-03-26 15:45:00,28.045,28.045,28.045,28.045,121
2026-03-26 15:55:00,28.025,28.05,28.025,28.05,237
2026-03-27 09:30:00,28.2,28.2,28.2,28.2,100
2026-03-27 10:10:00,28.185,28.185,28.185,28.185,100
2026-03-27 11:00:00,28.24,28.24,28.24,28.24,200
2026-03-27 13:25:00,28.2,28.2,28.2,28.2,300
2026-03-27 14:05:00,28.24,28.24,28.2389,28.2389,292
2026-03-27 15:25:00,28.28,28.28,28.28,28.28,134
2026-03-27 15:35:00,28.2636,28.275,28.2607,28.2607,489
2026-03-27 15:50:00,28.255,28.255,28.255,28.255,130
2026-03-27 15:55:00,28.27,28.27,28.27,28.27,122
2026-03-30 09:30:00,28.26,28.26,28.26,28.26,100
2026-03-30 09:55:00,28.24,28.24,28.24,28.24,100
2026-03-30 10:35:00,28.24,28.24,28.21,28.21,1692
2026-03-30 11:00:00,28.24,28.24,28.24,28.24,100
2026-03-30 14:30:00,28.22,28.22,28.22,28.22,844
2026-03-30 15:00:00,28.2001,28.2001,28.2001,28.2001,161
2026-03-30 16:00:00,28.28,28.28,28.28,28.28,200
2026-03-31 09:30:00,28.3,28.3,28.245,28.245,851
2026-03-31 09:40:00,28.28,28.28,28.28,28.28,100
2026-03-31 10:25:00,28.3,28.3,28.3,28.3,1000
2026-03-31 12:40:00,28.29,28.29,28.29,28.29,100
2026-03-31 14:05:00,28.28,28.28,28.2,28.2701,2675
2026-03-31 15:10:00,28.25,28.25,28.25,28.25,116
2026-03-31 15:25:00,28.25,28.25,28.25,28.25,113
2026-03-31 15:55:00,28.255,28.255,28.255,28.255,202
2026-04-01 09:30:00,28.23,28.23,28.23,28.23,100
2026-04-01 09:40:00,28.21,28.21,28.21,28.21,100
2026-04-01 09:45:00,28.208,28.208,28.208,28.208,300
2026-04-01 09:50:00,28.2243,28.2243,28.2243,28.2243,100
2026-04-01 15:30:00,28.27,28.27,28.2507,28.2507,900
2026-04-01 15:55:00,28.29,28.29,28.29,28.29,100
2026-04-02 09:35:00,28.57,28.57,28.57,28.57,100
2026-04-02 10:50:00,28.48,28.48,28.48,28.48,100
2026-04-02 13:10:00,28.54,28.54,28.54,28.54,100
2026-04-02 14:35:00,28.56,28.56,28.56,28.56,2015
2026-04-02 14:45:00,28.56,28.56,28.56,28.56,963
2026-04-02 15:05:00,28.56,28.56,28.56,28.56,254
