2026-03-04 09:30:00,16.57,16.57,16.56,16.56,300
2026-03-04 09:40:00,16.51,16.51,16.51,16.51,200
2026-03-04 09:45:00,16.57,16.59,16.57,16.59,300
2026-03-04 10:00:00,16.64,16.64,16.64,16.64,100
2026-03-04 10:15:00,16.66,16.66,16.66,16.66,100
2026-03-04 10:25:00,16.64,16.6442,16.64,16.6442,200
2026-03-04 11:10:00,16.655,16.655,16.655,16.655,500
2026-03-04 14:45:00,16.81,16.81,16.81,16.81,100
2026-03-04 15:05:00,16.77,16.77,16.66,16.76,3000
2026-03-04 15:55:00,16.76,16.76,16.76,16.76,200
2026-03-05 08:40:00,16.96,16.96,16.96,16.96,100
2026-03-05 09:30:00,16.55,16.67,16.55,16.67,300
2026-03-05 10:05:00,16.705,16.705,16.705,16.705,156
2026-03-05 10:10:00,16.745,16.7899,16.745,16.7899,1176
2026-03-05 10:30:00,16.64,16.648,16.61,16.648,500
2026-03-05 10:35:00,16.63,16.63,16.63,16.63,102
2026-03-05 10:45:00,16.71,16.71,16.71,16.71,100
2026-03-05 11:00:00,16.75,16.75,16.75,16.75,100
2026-03-05 11:25:00,16.69,16.69,16.69,16.69,100
2026-03-05 11:40:00,16.7019,16.7019,16.7019,16.7019,210
2026-03-05 12:00:00,16.7299,16.7299,16.7299,16.7299,600
2026-03-05 12:10:00,16.72,16.72,16.72,16.72,1199
2026-03-05 12:35:00,16.55,16.55,16.55,16.55,200
2026-03-05 12:40:00,16.54,16.54,16.54,16.54,250
2026-03-05 13:20:00,16.4164,16.4164,16.4164,16.4164,727
2026-03-05 13:30:00,16.4201,16.4201,16.4201,16.4201,1000
2026-03-05 14:05:00,16.4899,16.4899,16.47,16.47,280
2026-03-05 14:30:00,16.42,16.42,16.4,16.4,221
2026-03-05 14:40:00,16.415,16.415,16.415,16.415,100
2026-03-05 15:00:00,16.42,16.4599,16.42,16.4599,2430
2026-03-05 15:05:00,16.4401,16.4401,16.4401,16.4401,136
2026-03-05 15:10:00,16.6299,16.6299,16.51,16.51,306
2026-03-05 15:15:00,16.52,16.52,16.52,16.52,167
2026-03-06 09:30:00,16.18,16.2,16.16,16.2,535
2026-03-06 09:35:00,16.22,16.22,16.0652,16.0652,526
2026-03-06 09:40:00,16.185,16.185,16.1105,16.1105,729
2026-03-06 09:50:00,16.15,16.15,16.15,16.15,200
2026-03-06 09:55:00,16.06,16.085,16.06,16.085,1306
2026-03-06 10:00:00,16.175,16.195,16.175,16.195,200
2026-03-06 10:05:00,16.2,16.2,16.2,16.2,2100
2026-03-06 10:20:00,16.28,16.28,16.28,16.28,200
2026-03-06 10:25:00,16.255,16.2696,16.255,16.2696,275
2026-03-06 10:30:00,16.25,16.25,16.25,16.25,220
2026-03-06 10:50:00,16.21,16.21,16.21,16.21,100
2026-03-06 10:55:00,16.28,16.28,16.28,16.28,100
2026-03-06 11:05:00,16.33,16.33,16.2801,16.2801,2433
2026-03-06 11:25:00,16.27,16.275,16.251,16.275,858
2026-03-06 12:30:00,16.3,16.3,16.3,16.3,100
2026-03-06 13:30:00,16.225,16.225,16.225,16.225,175
2026-03-06 15:10:00,16.0,16.0,16.0,16.0,912
2026-03-06 15:35:00,15.8099,15.8099,15.8099,15.8099,300
2026-03-06 15:40:00,15.78,15.785,15.78,15.785,300
2026-03-06 15:50:00,15.8,15.8358,15.8,15.8358,670
2026-03-09 09:30:00,15.61,15.695,15.61,15.695,1406
2026-03-09 09:35:00,15.722,15.722,15.56,15.58,7551
2026-03-09 09:40:00,15.63,15.63,15.62,15.62,400
2026-03-09 10:00:00,15.67,15.7,15.67,15.7,300
2026-03-09 10:10:00,15.62,15.63,15.61,15.63,700
2026-03-09 10:15:00,15.66,15.68,15.66,15.68,200
2026-03-09 10:30:00,15.67,15.6702,15.66,15.66,500
2026-03-09 10:35:00,15.67,15.67,15.67,15.67,1250
2026-03-09 11:00:00,15.73,15.73,15.73,15.73,353
2026-03-09 11:05:00,15.73,15.73,15.73,15.73,393
2026-03-09 11:10:00,15.75,15.75,15.75,15.75,200
2026-03-09 11:20:00,15.805,15.805,15.805,15.805,145
2026-03-09 11:30:00,15.8,15.8,15.8,15.8,327
2026-03-09 11:40:00,15.77,15.77,15.77,15.77,100
2026-03-09 11:50:00,15.78,15.78,15.78,15.78,130
2026-03-09 12:50:00,15.89,15.89,15.89,15.89,100
2026-03-09 13:00:00,15.87,15.87,15.83,15.83,985
2026-03-09 13:15:00,15.855,15.855,15.855,15.855,100
2026-03-09 13:45:00,15.8399,15.84,15.8399,15.84,200
2026-03-09 13:50:00,15.8799,15.8799,15.8799,15.8799,181
2026-03-09 14:15:00,15.9105,15.915,15.9105,15.915,400
2026-03-09 15:10:00,15.88,15.88,15.88,15.88,128
2026-03-09 15:25:00,16.021,16.0302,16.021,16.0302,1384
2026-03-09 15:30:00,16.08,16.08,16.08,16.08,149
2026-03-09 15:35:00,16.085,16.085,16.085,16.085,100
2026-03-09 15:55:00,16.086,16.086,16.086,16.086,199
2026-03-09 16:05:00,16.26,16.26,16.26,16.26,500
2026-03-10 09:30:00,16.13,16.17,16.13,16.17,483
2026-03-10 09:50:00,16.19,16.19,16.19,16.19,1000
2026-03-10 09:55:00,16.155,16.155,16.155,16.155,1200
2026-03-10 10:25:00,16.1597,16.1638,16.1597,16.1638,300
2026-03-10 10:35:00,16.18,16.18,16.18,16.18,100
2026-03-10 10:50:00,16.2,16.2,16.2,16.2,100
2026-03-10 11:05:00,16.21,16.21,16.21,16.21,400
2026-03-10 11:10:00,16.22,16.22,16.22,16.22,100
2026-03-10 11:15:00,16.2102,16.2102,16.2,16.2068,699
2026-03-10 11:55:00,16.18,16.1801,16.18,16.1801,5400
2026-03-10 12:10:00,16.1959,16.1959,16.1959,16.1959,300
2026-03-10 12:20:00,16.1959,16.1959,16.185,16.185,246
2026-03-10 12:25:00,16.185,16.185,16.185,16.185,100
2026-03-10 12:30:00,16.1995,16.1995,16.1995,16.1995,100
2026-03-10 12:35:00,16.195,16.2098,16.195,16.2098,1399
2026-03-10 13:05:00,16.22,16.22,16.22,16.22,100
2026-03-10 13:35:00,16.1954,16.1954,16.1954,16.1954,100
2026-03-10 13:55:00,16.21,16.21,16.21,16.21,100
2026-03-10 14:10:00,16.17,16.17,16.16,16.16,200
2026-03-10 14:15:00,16.16,16.16,16.16,16.16,100
2026-03-10 14:20:00,16.14,16.14,16.14,16.14,100
2026-03-10 14:30:00,16.18,16.18,16.18,16.18,135
2026-03-10 14:50:00,16.1635,16.1635,16.1635,16.1635,270
2026-03-10 15:15:00,16.188,16.188,16.188,16.188,155
2026-03-10 15:20:00,16.18,16.18,16.18,16.18,247
2026-03-10 15:55:00,16.164,16.164,16.164,16.164,127
2026-03-11 09:40:00,16.3297,16.3297,16.3297,16.3297,306
2026-03-11 09:45:00,16.3,16.31,16.3,16.31,1000
2026-03-11 09:50:00,16.275,16.275,16.275,16.275,375
2026-03-11 10:00:00,16.33,16.34,16.33,16.34,200
2026-03-11 10:05:00,16.3,16.3,16.3,16.3,2990
2026-03-11 10:50:00,16.29,16.29,16.29,16.29,100
2026-03-11 11:10:00,16.27,16.28,16.27,16.28,400
2026-03-11 11:40:00,16.3118,16.3118,16.3118,16.3118,167
2026-03-11 11:45:00,16.3183,16.3183,16.3183,16.3183,170
2026-03-11 11:55:00,16.2701,16.2701,16.2701,16.2701,100
2026-03-11 12:15:00,16.2999,16.2999,16.2999,16.2999,100
2026-03-11 12:20:00,16.29,16.29,16.29,16.29,200
2026-03-11 12:35:00,16.3299,16.3299,16.28,16.28,510
2026-03-11 12:55:00,16.28,16.28,16.28,16.28,200
2026-03-11 13:00:00,16.29,16.29,16.29,16.29,400
2026-03-11 13:30:00,16.33,16.33,16.3299,16.3299,800
2026-03-11 14:00:00,16.29,16.29,16.29,16.29,200
2026-03-11 14:20:00,16.295,16.295,16.295,16.295,700
2026-03-11 14:45:00,16.31,16.31,16.31,16.31,415
2026-03-11 14:55:00,16.25,16.25,16.206,16.206,600
2026-03-11 15:10:00,16.324,16.328,16.324,16.324,7792
2026-03-11 15:15:00,16.3225,16.34,16.28,16.28,2020
2026-03-11 15:25:00,16.315,16.315,16.315,16.315,178
2026-03-11 15:35:00,16.33,16.33,16.33,16.33,202
2026-03-11 15:45:00,16.31,16.31,16.31,16.31,200
2026-03-12 09:30:00,16.24,16.27,16.22,16.27,495
2026-03-12 09:50:00,16.2,16.2,16.16,16.16,1483
2026-03-12 09:55:00,16.14,16.14,16.14,16.14,334
2026-03-12 10:10:00,16.185,16.185,16.185,16.185,400
2026-03-12 10:30:00,16.13,16.13,16.13,16.13,288
2026-03-12 10:45:00,16.14,16.14,16.14,16.14,100
2026-03-12 11:35:00,16.14,16.16,16.12,16.16,1777
2026-03-12 11:40:00,16.17,16.18,16.17,16.18,200
2026-03-12 12:05:00,16.17,16.17,16.15,16.15,300
2026-03-12 12:10:00,16.1401,16.1401,16.1401,16.1401,100
2026-03-12 12:15:00,16.2,16.21,16.19,16.19,5881
2026-03-12 12:35:00,16.195,16.195,16.195,16.195,200
2026-03-12 13:25:00,16.1799,16.185,16.14,16.14,4826
2026-03-12 13:55:00,16.13,16.17,16.13,16.13,4650
2026-03-12 14:00:00,16.1653,16.1653,16.1653,16.1653,105
2026-03-12 14:20:00,16.15,16.1697,16.15,16.1697,332
2026-03-12 14:25:00,16.1547,16.1547,16.1547,16.1547,500
2026-03-12 14:50:00,16.145,16.145,16.145,16.145,127
2026-03-12 15:10:00,16.13,16.13,16.13,16.13,100
2026-03-12 15:55:00,16.12,16.12,16.12,16.12,105
2026-03-13 09:30:00,15.83,15.83,15.83,15.83,186
2026-03-13 09:35:00,15.83,15.83,15.83,15.83,100
2026-03-13 10:40:00,15.835,15.835,15.83,15.835,500
2026-03-13 11:05:00,15.7765,15.7765,15.7765,15.7765,116
2026-03-13 12:00:00,15.72,15.72,15.72,15.72,900
2026-03-13 12:30:00,15.73,15.73,15.73,15.73,100
2026-03-13 12:40:00,15.725,15.725,15.725,15.725,100
2026-03-13 13:00:00,15.706,15.706,15.706,15.706,126
2026-03-13 13:25:00,15.75,15.75,15.75,15.75,195
2026-03-13 13:30:00,15.76,15.76,15.76,15.76,100
2026-03-13 13:40:00,15.748,15.748,15.748,15.748,100
2026-03-13 14:05:00,15.7194,15.7194,15.7194,15.7194,195
2026-03-13 14:10:00,15.72,15.72,15.69,15.69,276
2026-03-13 14:20:00,15.71,15.71,15.71,15.71,200
2026-03-13 15:05:00,15.6843,15.72,15.6843,15.72,400
2026-03-13 15:40:00,15.69,15.69,15.69,15.69,4329
2026-03-13 15:55:00,15.754,15.754,15.754,15.754,210
