2026-03-04 06:35:00,122.0,122.0,122.0,122.0,129
2026-03-04 08:40:00,122.42,122.42,122.42,122.42,2332
2026-03-04 09:25:00,122.0,122.0,122.0,122.0,267
2026-03-04 09:30:00,121.95,122.44,121.7547,122.11,3574
2026-03-04 09:35:00,121.7664,121.98,121.52,121.52,1731
2026-03-04 09:40:00,121.18,121.2,120.7401,120.7401,2200
2026-03-04 09:45:00,120.85,121.58,120.85,121.23,3493
2026-03-04 09:50:00,121.06,121.33,120.8,121.33,1968
2026-03-04 09:55:00,121.1,121.28,121.0,121.01,610
2026-03-04 10:00:00,121.79,121.82,121.4,121.7,1880
2026-03-04 10:05:00,121.703,122.35,121.65,122.31,700
2026-03-04 10:10:00,122.24,122.24,121.95,121.97,2254
2026-03-04 10:15:00,122.25,122.325,122.17,122.325,420
2026-03-04 10:20:00,122.4,122.81,122.36,122.81,1100
2026-03-04 10:25:00,122.85,123.315,122.85,123.27,3695
2026-03-04 10:30:00,123.19,123.205,122.9,122.9,2918
2026-03-04 10:35:00,122.79,122.79,122.7295,122.76,725
2026-03-04 10:40:00,122.91,122.91,122.78,122.78,1451
2026-03-04 10:45:00,122.62,122.62,122.43,122.5,800
2026-03-04 10:50:00,122.48,122.8281,122.48,122.8281,1275
2026-03-04 10:55:00,123.06,123.19,123.02,123.07,1400
2026-03-04 11:00:00,123.09,123.16,123.0,123.0,1500
2026-03-04 11:05:00,123.02,123.075,122.92,123.07,700
2026-03-04 11:10:00,122.87,122.8751,122.53,122.53,831
2026-03-04 11:15:00,122.57,122.77,122.57,122.5799,860
2026-03-04 11:20:00,122.47,122.47,122.255,122.255,779
2026-03-04 11:25:00,122.32,122.61,122.32,122.43,700
2026-03-04 11:30:00,122.5798,122.5798,122.47,122.5,500
2026-03-04 11:35:00,122.52,122.55,122.44,122.44,800
2026-03-04 11:40:00,122.65,122.945,122.65,122.92,1169
2026-03-04 11:45:00,122.85,122.92,122.85,122.9,3119
2026-03-04 11:50:00,122.8675,122.94,122.85,122.94,700
2026-03-04 11:55:00,122.89,122.999,122.88,122.91,575
2026-03-04 12:00:00,122.87,122.99,122.87,122.99,800
2026-03-04 12:05:00,122.985,122.985,122.985,122.985,120
2026-03-04 12:10:00,122.9,122.9999,122.89,122.95,920
2026-03-04 12:15:00,122.82,122.895,122.82,122.895,320
2026-03-04 12:20:00,122.92,122.92,122.71,122.71,400
2026-03-04 12:25:00,122.84,122.89,122.75,122.75,860
2026-03-04 12:30:00,122.82,122.82,122.5507,122.76,2150
2026-03-04 12:35:00,122.79,122.9,122.785,122.785,1440
2026-03-04 12:40:00,122.86,122.87,122.75,122.75,300
2026-03-04 12:45:00,122.805,122.9,122.805,122.86,690
2026-03-04 12:50:00,122.84,122.9199,122.765,122.9199,462
2026-03-04 12:55:00,122.895,122.895,122.84,122.895,310
2026-03-04 13:00:00,122.94,122.94,122.69,122.69,814
2026-03-04 13:05:00,122.69,122.69,122.6,122.64,1400
2026-03-04 13:10:00,122.53,122.53,122.495,122.495,400
2026-03-04 13:15:00,122.39,122.44,122.39,122.44,220
2026-03-04 13:20:00,122.28,122.28,122.16,122.16,600
2026-03-04 13:25:00,122.1,122.37,122.1,122.37,710
2026-03-04 13:30:00,122.26,122.44,122.26,122.33,3367
2026-03-04 13:35:00,122.52,122.52,122.46,122.49,360
2026-03-04 13:40:00,122.575,122.6176,122.53,122.53,722
2026-03-04 13:45:00,122.6,122.6,122.55,122.56,910
2026-03-04 13:50:00,122.705,122.705,122.61,122.64,1173
2026-03-04 13:55:00,122.6162,122.725,122.6162,122.725,657
2026-03-04 14:00:00,122.82,122.955,122.815,122.955,902
2026-03-04 14:05:00,123.03,123.03,122.975,122.975,672
2026-03-04 14:10:00,123.02,123.02,122.91,122.94,1200
2026-03-04 14:15:00,122.95,123.06,122.95,123.05,700
2026-03-04 14:20:00,122.93,122.93,122.84,122.84,822
2026-03-04 14:25:00,122.83,122.83,122.7779,122.7779,400
2026-03-04 14:30:00,122.85,122.85,122.74,122.74,200
2026-03-04 14:35:00,122.68,122.77,122.68,122.7399,486
2026-03-04 14:40:00,122.78,122.78,122.69,122.69,3021
2026-03-04 14:45:00,122.76,122.82,122.7,122.79,1161
2026-03-04 14:50:00,122.83,122.85,122.8,122.85,653
2026-03-04 14:55:00,122.8312,122.89,122.8,122.88,1182
2026-03-04 15:00:00,122.93,122.95,122.88,122.92,862
2026-03-04 15:05:00,122.99,122.99,122.78,122.78,687
2026-03-04 15:10:00,122.7658,122.7672,122.71,122.74,1511
2026-03-04 15:15:00,122.68,122.85,122.68,122.83,14742
2026-03-04 15:20:00,122.75,122.75,122.7,122.72,1085
2026-03-04 15:25:00,122.74,122.89,122.74,122.89,954
2026-03-04 15:30:00,122.84,122.84,122.78,122.79,420
2026-03-04 15:35:00,122.8399,122.98,122.8399,122.97,1749
2026-03-04 15:40:00,122.985,123.11,122.985,123.11,500
2026-03-04 15:45:00,123.11,123.115,123.0656,123.115,550
2026-03-04 15:50:00,122.89,122.89,122.79,122.855,1229
2026-03-04 15:55:00,122.89,122.89,122.79,122.79,1534
2026-03-04 16:00:00,122.7,122.7,122.7,122.7,1144
2026-03-04 16:05:00,121.7037,121.7037,121.7037,121.7037,209
2026-03-05 09:00:00,121.72,121.72,121.72,121.72,100
2026-03-05 09:30:00,122.03,122.04,121.67,122.04,5304
2026-03-05 09:35:00,122.035,122.27,121.79,121.79,5380
2026-03-05 09:40:00,121.85,121.91,121.53,121.7275,2110
2026-03-05 09:45:00,121.79,122.2937,121.79,122.27,1476
2026-03-05 09:50:00,122.15,122.59,122.15,122.5899,1000
2026-03-05 09:55:00,122.73,122.73,122.57,122.57,300
2026-03-05 10:00:00,122.82,122.85,122.3292,122.3292,1200
2026-03-05 10:05:00,122.0,122.01,121.93,121.93,500
2026-03-05 10:10:00,122.12,122.12,121.91,122.12,630
2026-03-05 10:15:00,122.13,122.29,121.87,121.87,1052
2026-03-05 10:20:00,122.095,122.095,121.6,121.715,1235
2026-03-05 10:25:00,121.52,121.59,121.28,121.44,1749
2026-03-05 10:30:00,121.08,121.08,120.81,120.985,710
2026-03-05 10:35:00,121.11,121.19,121.0,121.19,2636
2026-03-05 10:40:00,121.29,121.29,121.12,121.12,300
2026-03-05 10:45:00,121.12,121.12,121.12,121.12,100
2026-03-05 10:50:00,121.2,121.71,121.2,121.62,1082
2026-03-05 10:55:00,121.5494,121.5494,121.42,121.42,569
2026-03-05 11:00:00,121.41,121.44,121.14,121.14,1319
2026-03-05 11:05:00,121.18,121.18,120.59,120.59,1074
2026-03-05 11:10:00,120.56,120.56,120.24,120.38,1273
2026-03-05 11:15:00,120.5323,120.5323,120.15,120.18,1116
2026-03-05 11:20:00,120.16,120.4,120.1,120.12,890
2026-03-05 11:25:00,120.16,120.25,120.13,120.13,1293
2026-03-05 11:30:00,120.21,120.26,120.21,120.26,200
2026-03-05 11:35:00,120.5,120.5,120.5,120.5,500
2026-03-05 11:40:00,120.37,120.4565,120.37,120.4565,371
2026-03-05 11:45:00,120.67,120.695,120.555,120.555,1760
2026-03-05 11:50:00,120.54,120.74,120.53,120.74,800
2026-03-05 12:05:00,120.925,120.925,120.71,120.7501,575
2026-03-05 12:10:00,120.41,120.5,120.31,120.47,1660
2026-03-05 12:15:00,120.45,120.45,120.45,120.45,100
2026-03-05 12:20:00,120.12,120.14,120.01,120.06,900
2026-03-05 12:25:00,119.96,119.96,119.84,119.9142,543
2026-03-05 12:30:00,119.6901,119.75,119.0,119.0,1924
2026-03-05 12:35:00,119.02,119.27,119.02,119.13,1500
2026-03-05 12:40:00,119.08,119.08,118.8213,118.8213,1801
2026-03-05 12:45:00,118.71,118.75,118.46,118.4996,11952
2026-03-05 12:50:00,118.3348,118.666,118.3348,118.666,1245
2026-03-05 13:00:00,118.5,118.56,118.5,118.56,2302
2026-03-05 13:05:00,118.7109,118.9492,118.7109,118.9492,493
2026-03-05 13:10:00,119.015,119.3,118.88,119.26,1893
2026-03-05 13:15:00,119.18,119.21,119.12,119.12,1177
2026-03-05 13:20:00,118.89,118.9,118.75,118.85,1006
2026-03-05 13:25:00,118.8562,118.8562,118.65,118.72,1653
2026-03-05 13:30:00,118.84,118.85,118.73,118.73,1852
2026-03-05 13:35:00,118.94,118.99,118.94,118.99,300
2026-03-05 13:40:00,119.1176,119.1176,119.1176,119.1176,150
2026-03-05 13:45:00,119.08,119.08,119.0,119.0,1047
2026-03-05 13:50:00,118.9092,118.9092,118.775,118.775,221
2026-03-05 13:55:00,118.93,118.93,118.93,118.93,150
2026-03-05 14:00:00,119.03,119.03,119.03,119.03,100
2026-03-05 14:05:00,119.3,119.38,119.2401,119.3,1531
2026-03-05 14:10:00,119.2,119.2,119.115,119.135,950
2026-03-05 14:15:00,119.38,119.38,119.38,119.38,288
2026-03-05 14:20:00,119.47,119.47,119.439,119.439,351
2026-03-05 14:25:00,119.18,119.2083,119.18,119.2083,1097
2026-03-05 14:30:00,119.0,119.03,118.93,118.93,1459
2026-03-05 14:35:00,118.9,119.035,118.9,119.0,1722
2026-03-05 14:40:00,119.135,119.24,119.12,119.24,975
2026-03-05 14:45:00,119.1,119.28,119.09,119.28,783
2026-03-05 14:50:00,119.38,119.38,119.06,119.06,4946
2026-03-05 14:55:00,119.03,119.11,119.03,119.11,550
2026-03-05 15:00:00,119.085,119.41,119.0,119.41,2814
2026-03-05 15:05:00,119.42,119.42,119.16,119.26,1678
2026-03-05 15:10:00,119.64,119.76,119.64,119.76,800
2026-03-05 15:15:00,119.75,119.9,119.69,119.9,700
2026-03-05 15:25:00,120.2351,120.33,120.2,120.21,1131
2026-03-05 15:30:00,120.233,120.41,120.23,120.41,1849
2026-03-05 15:35:00,120.35,120.59,120.35,120.46,3613
2026-03-05 15:40:00,120.47,120.47,120.43,120.43,1362
2026-03-05 15:45:00,120.46,120.46,120.46,120.46,519
2026-03-05 15:50:00,120.64,120.69,120.58,120.69,3448
2026-03-05 15:55:00,120.81,120.87,120.7253,120.85,9582
2026-03-05 16:00:00,120.89,123.27,120.89,123.27,3071
2026-03-05 19:50:00,123.27,123.27,123.27,123.27,100
2026-03-06 07:00:00,118.51,118.51,118.51,118.51,100
2026-03-06 08:10:00,118.2888,118.2888,118.2888,118.2888,100
2026-03-06 08:30:00,119.31,119.31,118.9,118.9,322
2026-03-06 08:40:00,118.5,118.5,118.5,118.5,100
2026-03-06 08:50:00,118.03,118.03,118.0,118.0,500
2026-03-06 08:55:00,118.0,118.0,117.99,118.0,399
2026-03-06 09:00:00,117.89,117.89,117.89,117.89,100
2026-03-06 09:05:00,117.82,117.82,117.8,117.8,200
2026-03-06 09:25:00,118.32,118.32,118.32,118.32,496
2026-03-06 09:30:00,118.59,118.76,118.25,118.76,15489
2026-03-06 09:35:00,118.32,118.8358,118.32,118.81,1498
2026-03-06 09:40:00,118.69,119.3,118.6,119.105,1902
2026-03-06 09:45:00,119.175,119.175,118.905,118.905,1697
2026-03-06 09:50:00,119.2,119.2,118.73,118.95,3210
2026-03-06 09:55:00,119.02,119.02,118.48,118.73,2575
2026-03-06 10:00:00,118.97,119.8,118.97,119.77,7371
2026-03-06 10:05:00,119.82,120.03,119.34,119.34,3592
2026-03-06 10:10:00,119.49,119.89,119.41,119.875,12163
2026-03-06 10:15:00,120.26,120.44,120.245,120.43,2500
2026-03-06 10:20:00,120.56,120.67,120.36,120.67,6135
2026-03-06 10:25:00,120.65,120.65,120.2969,120.5,4528
2026-03-06 10:30:00,120.55,120.79,120.45,120.62,3726
2026-03-06 10:35:00,120.65,120.8,120.54,120.54,1295
2026-03-06 10:40:00,120.3,120.36,120.2,120.285,5286
2026-03-06 10:45:00,120.16,120.21,120.03,120.03,1784
2026-03-06 10:50:00,119.8,119.8,119.275,119.37,1550
2026-03-06 10:55:00,119.97,120.115,119.97,120.07,1750
2026-03-06 11:00:00,120.23,120.29,120.23,120.29,563
2026-03-06 11:05:00,120.44,120.49,120.03,120.03,3518
2026-03-06 11:10:00,119.88,119.88,119.63,119.63,300
2026-03-06 11:15:00,119.735,120.0,119.735,119.91,848
2026-03-06 11:20:00,120.09,120.09,119.805,120.0,903
2026-03-06 11:25:00,120.02,120.03,119.9293,120.03,500
2026-03-06 11:30:00,120.0,120.0,119.895,119.93,425
2026-03-06 11:35:00,119.89,120.44,119.89,120.44,821
2026-03-06 11:40:00,120.32,120.32,120.3,120.3,220
2026-03-06 11:45:00,120.32,120.7573,120.32,120.7573,1418
2026-03-06 11:50:00,120.69,120.72,120.4249,120.4658,6433
2026-03-06 11:55:00,120.315,120.558,120.21,120.49,3057
2026-03-06 12:00:00,120.49,120.63,120.49,120.5966,795
2026-03-06 12:05:00,120.37,120.37,120.16,120.16,200
2026-03-06 12:10:00,120.215,120.325,120.21,120.3,1150
2026-03-06 12:15:00,120.17,120.19,120.17,120.19,200
2026-03-06 12:20:00,120.23,120.24,120.175,120.24,666
2026-03-06 12:25:00,120.085,120.085,119.915,119.985,1011
2026-03-06 12:30:00,120.055,120.055,120.055,120.055,130
2026-03-06 12:35:00,119.93,119.93,119.72,119.73,855
2026-03-06 12:40:00,119.805,119.805,119.6583,119.73,650
2026-03-06 12:45:00,119.84,119.93,119.84,119.93,300
2026-03-06 12:50:00,120.19,120.1988,120.03,120.155,550
2026-03-06 12:55:00,120.24,120.35,120.24,120.35,347
2026-03-06 13:00:00,120.15,120.39,120.15,120.32,1394
2026-03-06 13:05:00,120.2415,120.57,120.2415,120.57,1677
2026-03-06 13:10:00,120.53,121.09,120.52,121.09,1015
2026-03-06 13:15:00,121.12,121.12,121.12,121.12,100
2026-03-06 13:20:00,121.08,121.1901,121.045,121.09,2300
2026-03-06 13:25:00,120.86,120.87,120.77,120.77,1002
2026-03-06 13:30:00,120.925,121.165,120.925,121.1,1375
2026-03-06 13:35:00,120.92,120.92,120.59,120.59,300
2026-03-06 13:40:00,120.64,120.85,120.64,120.85,400
2026-03-06 13:45:00,120.7632,120.77,120.68,120.68,492
2026-03-06 13:50:00,120.5699,120.63,120.53,120.63,2343
2026-03-06 13:55:00,120.404,120.45,120.39,120.39,468
2026-03-06 14:00:00,120.39,120.39,120.19,120.19,715
2026-03-06 14:10:00,120.409,120.51,120.409,120.51,848
2026-03-06 14:15:00,120.53,120.56,120.44,120.56,729
2026-03-06 14:20:00,120.42,120.42,120.42,120.42,100
2026-03-06 14:25:00,120.2,120.265,120.2,120.265,250
2026-03-06 14:30:00,120.45,120.45,120.45,120.45,364
2026-03-06 14:35:00,120.385,120.4,120.23,120.23,510
2026-03-06 14:40:00,120.36,120.385,120.23,120.23,400
2026-03-06 14:45:00,120.0701,120.15,120.06,120.06,300
2026-03-06 14:50:00,119.99,120.12,119.98,120.015,1389
2026-03-06 14:55:00,120.02,120.02,119.91,119.985,1126
2026-03-06 15:00:00,120.0912,120.2999,120.0912,120.2999,300
2026-03-06 15:05:00,120.16,120.16,119.98,120.005,950
2026-03-06 15:10:00,119.81,119.81,119.39,119.44,1098
2026-03-06 15:15:00,119.6,119.6,119.4025,119.4025,200
2026-03-06 15:20:00,119.04,119.055,118.9319,118.9701,1230
2026-03-06 15:25:00,118.88,118.88,118.49,118.53,7657
2026-03-06 15:30:00,118.35,118.36,118.32,118.32,1015
2026-03-06 15:35:00,118.245,118.47,118.2,118.47,1897
2026-03-06 15:40:00,118.6,119.03,118.6,118.825,5038
2026-03-06 15:45:00,118.87,118.87,118.73,118.73,2710
2026-03-06 15:50:00,118.64,118.72,118.558,118.72,1470
2026-03-06 15:55:00,118.68,118.8,118.59,118.63,6940
2026-03-06 16:00:00,118.7,118.7,118.7,118.7,1220
2026-03-06 16:15:00,118.71,118.71,118.71,118.71,200
2026-03-06 19:25:00,117.31,117.31,117.31,117.31,2300
2026-03-09 07:00:00,117.08,117.08,117.03,117.03,300
2026-03-09 07:55:00,117.87,117.87,117.87,117.87,200
2026-03-09 08:00:00,115.57,115.57,115.57,115.57,248
2026-03-09 08:25:00,116.55,116.55,116.55,116.55,300
2026-03-09 08:35:00,116.4832,116.4832,116.4832,116.4832,250
2026-03-09 08:40:00,116.25,116.55,116.25,116.55,408
2026-03-09 08:50:00,116.76,116.76,116.75,116.75,600
2026-03-09 09:30:00,117.09,117.7449,117.0201,117.615,14075
2026-03-09 09:35:00,117.4694,117.62,116.925,117.09,1956
2026-03-09 09:40:00,117.115,117.115,116.87,117.11,3186
2026-03-09 09:45:00,117.21,117.63,117.0951,117.6037,2433
2026-03-09 09:50:00,117.29,117.305,117.155,117.155,1079
2026-03-09 09:55:00,117.09,117.585,117.09,117.49,650
2026-03-09 10:00:00,117.61,118.205,117.61,118.205,3015
2026-03-09 10:05:00,118.14,118.14,117.15,117.24,3325
2026-03-09 10:10:00,117.045,117.16,116.5,116.91,4096
2026-03-09 10:15:00,116.9335,117.6204,116.785,117.55,4200
2026-03-09 10:20:00,117.49,117.86,117.245,117.86,3975
2026-03-09 10:25:00,117.84,117.84,117.57,117.685,1377
2026-03-09 10:30:00,117.76,117.795,117.68,117.73,1216
2026-03-09 10:35:00,117.92,117.99,117.8,117.99,1446
2026-03-09 10:40:00,118.03,118.22,117.97,118.22,600
2026-03-09 10:45:00,118.29,118.29,118.15,118.15,1971
2026-03-09 10:50:00,118.17,118.25,117.951,118.01,2025
2026-03-09 10:55:00,117.99,117.99,117.81,117.8382,1037
2026-03-09 11:00:00,118.04,118.07,117.91,118.005,727
2026-03-09 11:05:00,118.03,118.09,118.03,118.09,200
2026-03-09 11:10:00,117.9778,118.02,117.97,118.02,520
2026-03-09 11:15:00,118.27,118.29,118.17,118.23,548
2026-03-09 11:20:00,118.19,118.28,118.19,118.28,1063
2026-03-09 11:25:00,118.39,118.666,118.35,118.666,1920
2026-03-09 11:30:00,118.47,118.47,118.38,118.38,892
2026-03-09 11:35:00,118.34,118.44,118.29,118.41,1500
2026-03-09 11:40:00,118.3284,118.3284,118.22,118.22,1074
2026-03-09 11:45:00,118.375,118.4,118.375,118.4,218
2026-03-09 11:50:00,118.3734,118.7,118.3734,118.64,1738
2026-03-09 11:55:00,118.6918,118.76,118.6918,118.76,640
2026-03-09 12:00:00,118.62,118.925,118.62,118.925,877
2026-03-09 12:05:00,118.865,118.865,118.815,118.815,1200
2026-03-09 12:10:00,118.6563,118.836,118.6,118.836,934
2026-03-09 12:15:00,118.69,118.79,118.68,118.79,600
2026-03-09 12:25:00,119.26,119.26,119.26,119.26,121
2026-03-09 12:30:00,119.17,119.17,119.17,119.17,100
2026-03-09 12:35:00,119.205,119.205,119.1641,119.1641,3230
2026-03-09 12:40:00,119.59,119.59,119.59,119.59,148
2026-03-09 12:45:00,119.59,119.715,119.59,119.715,600
2026-03-09 12:50:00,119.63,119.63,119.63,119.63,100
2026-03-09 12:55:00,119.67,119.72,119.67,119.685,930
2026-03-09 13:00:00,119.605,119.605,119.605,119.605,252
2026-03-09 13:05:00,119.5,119.505,119.485,119.505,404
2026-03-09 13:10:00,119.51,119.66,119.51,119.58,4161
2026-03-09 13:15:00,119.52,119.52,119.45,119.45,702
2026-03-09 13:20:00,119.065,119.065,119.065,119.065,356
2026-03-09 13:30:00,119.0,119.03,118.94,118.96,1008
2026-03-09 13:35:00,119.105,119.105,118.99,118.99,688
2026-03-09 13:40:00,118.96,118.99,118.96,118.99,233
2026-03-09 13:45:00,119.14,119.225,119.14,119.225,202
2026-03-09 13:50:00,119.105,119.21,119.09,119.21,543
2026-03-09 14:00:00,119.305,119.305,119.18,119.18,998
2026-03-09 14:05:00,119.3301,119.4,119.32,119.32,12445
2026-03-09 14:10:00,119.37,119.59,119.365,119.59,960
2026-03-09 14:15:00,119.64,119.64,119.64,119.64,100
2026-03-09 14:20:00,119.6947,119.77,119.5,119.67,1412
2026-03-09 14:30:00,119.93,120.0,119.93,119.955,1001
2026-03-09 14:35:00,119.99,119.99,119.91,119.91,600
2026-03-09 14:40:00,119.9,119.9,119.75,119.75,1462
2026-03-09 14:45:00,119.8,119.83,119.8,119.83,509
2026-03-09 14:50:00,119.64,119.76,119.63,119.76,1521
2026-03-09 14:55:00,119.49,119.49,119.24,119.24,1200
2026-03-09 15:00:00,119.265,119.43,119.265,119.42,1415
2026-03-09 15:05:00,119.45,119.46,119.37,119.46,800
2026-03-09 15:10:00,119.52,119.57,119.47,119.47,2681
2026-03-09 15:15:00,119.53,120.34,119.53,120.34,8420
2026-03-09 15:20:00,120.31,121.08,120.31,121.08,4688
2026-03-09 15:25:00,121.1,121.68,121.06,121.67,2136
2026-03-09 15:30:00,121.67,121.745,121.22,121.49,5358
2026-03-09 15:35:00,121.55,122.0,121.35,121.875,2566
2026-03-09 15:40:00,121.67,121.67,121.28,121.33,1000
2026-03-09 15:45:00,121.44,121.66,121.36,121.6386,2970
2026-03-09 15:50:00,121.45,121.45,121.3,121.31,925
2026-03-09 15:55:00,121.3,121.7694,121.3,121.68,3858
2026-03-09 16:00:00,121.67,121.67,121.67,121.67,555
2026-03-09 17:25:00,121.67,121.67,121.63,121.67,2063
2026-03-09 19:00:00,121.01,121.01,121.01,121.01,100
2026-03-10 07:45:00,121.28,121.28,121.28,121.28,2100
2026-03-10 07:50:00,121.28,121.28,121.28,121.28,100
2026-03-10 08:00:00,120.06,120.06,120.06,120.06,268
2026-03-10 08:05:00,121.03,121.03,121.02,121.02,200
2026-03-10 09:05:00,121.68,121.68,121.68,121.68,125
2026-03-10 09:30:00,121.63,121.96,121.45,121.45,7706
2026-03-10 09:35:00,121.36,121.535,121.165,121.24,2511
2026-03-10 09:40:00,121.24,121.52,121.135,121.375,13974
2026-03-10 09:45:00,121.345,121.825,121.21,121.825,3700
2026-03-10 09:50:00,121.85,122.0399,121.71,121.92,4700
2026-03-10 09:55:00,121.78,121.91,121.67,121.77,1700
2026-03-10 10:00:00,121.62,121.62,121.5,121.52,702
2026-03-10 10:05:00,121.59,121.65,121.01,121.01,500
2026-03-10 10:10:00,121.03,121.17,120.865,121.01,615
2026-03-10 10:15:00,121.25,121.25,121.25,121.25,100
2026-03-10 10:20:00,121.48,121.48,121.48,121.48,100
2026-03-10 10:25:00,121.6775,121.6775,121.6775,121.6775,200
2026-03-10 10:30:00,121.75,121.864,121.73,121.864,992
2026-03-10 10:35:00,121.75,122.06,121.7199,122.02,1823
2026-03-10 10:40:00,122.21,122.21,122.1081,122.1081,300
2026-03-10 10:45:00,122.22,122.26,121.96,122.22,1358
2026-03-10 10:50:00,122.44,122.44,122.32,122.32,562
2026-03-10 10:55:00,122.49,122.52,122.45,122.495,1475
2026-03-10 11:00:00,122.5,122.66,122.5,122.66,1976
2026-03-10 11:05:00,122.61,122.61,122.2531,122.2531,934
2026-03-10 11:10:00,122.29,122.52,122.29,122.52,1057
2026-03-10 11:15:00,122.4627,122.4627,122.42,122.42,440
2026-03-10 11:20:00,122.59,122.59,122.59,122.59,100
2026-03-10 11:25:00,122.429,122.472,122.37,122.37,490
2026-03-10 11:30:00,122.58,122.59,122.425,122.425,1300
2026-03-10 11:35:00,122.28,122.42,122.28,122.37,1119
2026-03-10 11:40:00,122.44,122.5,122.44,122.5,200
2026-03-10 11:45:00,122.53,122.53,122.42,122.49,420
2026-03-10 11:50:00,122.66,122.66,122.6152,122.6152,290
2026-03-10 11:55:00,122.47,122.47,122.37,122.43,1413
2026-03-10 12:00:00,122.26,122.34,122.26,122.34,400
2026-03-10 12:05:00,122.08,122.15,122.008,122.13,2308
2026-03-10 12:10:00,122.13,122.3,122.13,122.23,600
2026-03-10 12:15:00,122.225,122.47,122.225,122.47,279
2026-03-10 12:25:00,122.25,122.35,122.18,122.18,1100
2026-03-10 12:30:00,122.33,122.33,122.33,122.33,100
2026-03-10 12:40:00,122.41,122.56,122.385,122.56,1400
2026-03-10 12:45:00,122.49,122.49,122.35,122.49,1700
2026-03-10 12:50:00,122.42,122.67,122.42,122.67,1624
2026-03-10 13:00:00,122.66,122.66,122.66,122.66,692
2026-03-10 13:05:00,122.655,122.88,122.655,122.82,3646
2026-03-10 13:10:00,122.825,122.825,122.655,122.655,2293
2026-03-10 13:15:00,122.6499,122.76,122.6499,122.76,1593
2026-03-10 13:20:00,122.82,122.84,122.82,122.82,500
2026-03-10 13:25:00,122.835,122.94,122.835,122.94,400
2026-03-10 13:30:00,123.0,123.0,122.87,122.87,3198
2026-03-10 13:35:00,122.75,122.75,122.265,122.3,1353
2026-03-10 13:40:00,122.44,122.6,122.43,122.43,800
2026-03-10 13:45:00,122.4,122.52,122.4,122.52,420
2026-03-10 13:50:00,122.58,122.58,122.575,122.575,304
2026-03-10 14:00:00,122.61,122.65,122.61,122.65,1200
2026-03-10 14:05:00,122.56,122.56,122.46,122.46,1605
2026-03-10 14:10:00,122.48,122.48,121.49,121.49,1911
2026-03-10 14:15:00,121.58,121.97,121.43,121.51,3107
2026-03-10 14:20:00,121.54,121.7,121.27,121.6339,1300
2026-03-10 14:25:00,121.88,121.91,121.7,121.7,500
2026-03-10 14:30:00,121.6,122.0,121.6,121.93,2000
2026-03-10 14:35:00,121.91,121.91,121.604,121.9,825
2026-03-10 14:40:00,121.641,121.641,121.641,121.641,3000
2026-03-10 14:45:00,121.47,121.6007,121.445,121.6007,2133
2026-03-10 14:50:00,121.7557,121.78,121.565,121.595,1438
2026-03-10 14:55:00,121.365,121.365,121.3591,121.3591,343
2026-03-10 15:00:00,121.3415,121.3415,121.24,121.24,200
2026-03-10 15:05:00,121.35,121.36,121.35,121.36,200
2026-03-10 15:10:00,121.23,121.23,121.23,121.23,100
2026-03-10 15:15:00,121.465,121.465,121.465,121.465,208
2026-03-10 15:20:00,121.7001,121.7001,121.55,121.65,1069
2026-03-10 15:25:00,121.29,121.29,121.29,121.29,100
2026-03-10 15:30:00,121.185,121.185,121.14,121.14,437
2026-03-10 15:35:00,121.12,121.12,121.12,121.12,520
2026-03-10 15:40:00,121.33,121.6,121.305,121.6,7655
2026-03-10 15:45:00,121.2371,121.2371,120.775,120.775,2173
2026-03-10 15:50:00,120.89,120.89,120.685,120.7001,3000
2026-03-10 15:55:00,120.755,120.825,120.62,120.825,8459
2026-03-10 16:00:00,120.86,120.86,120.86,120.86,767
2026-03-10 16:30:00,120.87,120.87,120.87,120.87,200
2026-03-10 16:40:00,120.12,120.12,120.12,120.12,100
2026-03-10 17:20:00,121.04,121.04,121.04,121.04,857
2026-03-10 17:40:00,121.0,121.0,121.0,121.0,174
2026-03-10 18:25:00,120.66,120.66,120.66,120.66,400
2026-03-11 09:30:00,120.24,120.81,120.24,120.81,5131
2026-03-11 09:35:00,120.73,120.92,120.73,120.865,764
2026-03-11 09:40:00,121.0282,121.0282,120.87,120.87,727
2026-03-11 09:45:00,121.19,121.19,120.8,120.98,2601
2026-03-11 09:50:00,120.96,121.29,120.84,121.05,4066
2026-03-11 09:55:00,121.18,121.18,121.055,121.18,635
2026-03-11 10:00:00,121.78,122.03,121.68,122.03,2200
2026-03-11 10:05:00,122.275,122.275,121.965,121.98,664
2026-03-11 10:10:00,122.02,122.3579,121.94,122.3579,2899
2026-03-11 10:15:00,122.26,122.6,122.18,122.54,1308
2026-03-11 10:20:00,122.4993,122.4993,122.32,122.32,711
2026-03-11 10:25:00,121.815,122.115,121.815,122.115,2603
2026-03-11 10:30:00,122.2,122.2298,122.07,122.07,643
2026-03-11 10:35:00,122.28,122.67,122.28,122.5,893
2026-03-11 10:40:00,122.51,122.55,122.51,122.55,400
2026-03-11 10:45:00,122.66,122.69,122.535,122.55,1181
2026-03-11 10:55:00,122.5094,122.5094,122.5094,122.5094,126
2026-03-11 11:00:00,122.62,122.66,122.62,122.66,244
2026-03-11 11:05:00,122.4595,122.48,122.4595,122.48,1165
2026-03-11 11:10:00,122.22,122.22,121.9,121.9,1112
2026-03-11 11:15:00,121.79,121.79,121.59,121.59,867
2026-03-11 11:20:00,121.705,121.705,121.52,121.53,810
2026-03-11 11:25:00,121.8601,121.8601,121.495,121.495,900
2026-03-11 11:30:00,121.0,121.185,121.0,121.185,2308
2026-03-11 11:35:00,121.26,121.26,121.26,121.26,100
2026-03-11 11:40:00,121.37,121.3899,121.29,121.3899,2307
2026-03-11 11:45:00,121.27,121.27,121.07,121.07,600
2026-03-11 11:50:00,121.48,121.5,121.45,121.5,616
2026-03-11 11:55:00,121.46,121.46,121.46,121.46,100
2026-03-11 12:00:00,121.345,121.345,121.345,121.345,100
2026-03-11 12:05:00,121.09,121.12,121.09,121.12,1776
2026-03-11 12:10:00,121.16,121.16,121.0,121.0,250
2026-03-11 12:20:00,121.38,121.38,121.38,121.38,1644
2026-03-11 12:25:00,121.225,121.225,121.225,121.225,100
2026-03-11 12:35:00,121.6556,121.72,121.46,121.46,562
2026-03-11 12:40:00,121.55,121.55,121.55,121.55,100
2026-03-11 12:45:00,121.54,121.66,121.525,121.525,2088
2026-03-11 12:50:00,121.78,121.78,121.78,121.78,100
2026-03-11 12:55:00,121.81,121.96,121.81,121.915,1784
2026-03-11 13:00:00,121.874,122.0,121.874,122.0,1250
2026-03-11 13:05:00,121.96,121.96,121.9151,121.9151,554
2026-03-11 13:10:00,121.9099,121.9099,121.735,121.735,821
2026-03-11 13:15:00,121.73,121.73,121.73,121.73,100
2026-03-11 13:20:00,121.7,121.825,121.7,121.825,250
2026-03-11 13:25:00,121.84,121.84,121.735,121.735,300
2026-03-11 13:30:00,121.8,121.8087,121.8,121.8087,499
2026-03-11 13:35:00,121.35,121.35,120.84,121.0881,5055
2026-03-11 13:40:00,121.255,121.255,121.06,121.06,220
2026-03-11 13:45:00,121.2,121.26,121.2,121.26,203
2026-03-11 13:50:00,121.3801,121.3801,121.3801,121.3801,493
2026-03-11 13:55:00,121.23,121.23,121.18,121.18,600
2026-03-11 14:00:00,121.4,121.47,121.37,121.47,4386
2026-03-11 14:05:00,121.33,121.38,121.3,121.38,911
2026-03-11 14:10:00,121.2892,121.2892,121.09,121.1414,977
2026-03-11 14:15:00,121.12,121.26,121.12,121.26,452
2026-03-11 14:20:00,121.3,121.3,121.3,121.3,100
2026-03-11 14:25:00,121.249,121.249,121.249,121.249,175
2026-03-11 14:30:00,121.34,121.34,121.34,121.34,116
2026-03-11 14:40:00,121.31,121.31,121.31,121.31,890
2026-03-11 14:45:00,121.24,121.24,121.24,121.24,100
2026-03-11 14:50:00,121.25,121.34,121.23,121.34,665
2026-03-11 15:00:00,121.19,121.23,121.19,121.23,656
2026-03-11 15:10:00,121.025,121.025,121.0,121.0,200
2026-03-11 15:15:00,120.897,120.92,120.865,120.865,640
2026-03-11 15:20:00,120.92,120.92,120.92,120.92,100
2026-03-11 15:25:00,121.02,121.07,120.92,120.92,4893
2026-03-11 15:30:00,120.93,120.99,120.93,120.97,4699
2026-03-11 15:35:00,121.38,121.42,121.3375,121.3526,920
2026-03-11 15:40:00,121.43,121.43,121.43,121.43,131
2026-03-11 15:45:00,121.4,121.41,121.34,121.375,1971
2026-03-11 15:50:00,121.465,121.49,121.465,121.49,1377
2026-03-11 15:55:00,121.53,121.55,121.42,121.55,1478
2026-03-11 16:00:00,121.44,121.44,121.44,121.44,1536
2026-03-11 18:05:00,121.01,121.01,121.01,121.01,100
2026-03-12 09:20:00,120.02,120.02,120.02,120.02,300
2026-03-12 09:30:00,120.66,120.76,120.35,120.59,7009
2026-03-12 09:35:00,120.89,120.89,120.43,120.495,2034
2026-03-12 09:40:00,120.5,120.73,120.245,120.245,7327
2026-03-12 09:45:00,120.0,120.1,119.28,119.68,7156
2026-03-12 09:50:00,119.86,119.9,119.29,119.29,2126
2026-03-12 09:55:00,119.15,119.17,118.9544,119.17,1100
2026-03-12 10:00:00,119.22,120.09,119.22,120.09,1595
2026-03-12 10:05:00,119.96,120.1,119.93,120.1,1439
2026-03-12 10:10:00,120.1735,120.4499,120.1735,120.4499,1292
2026-03-12 10:15:00,120.4969,120.4969,120.43,120.46,393
2026-03-12 10:20:00,119.825,119.825,119.64,119.6475,562
2026-03-12 10:25:00,119.785,119.855,119.215,119.29,2800
2026-03-12 10:30:00,119.0,119.0,118.585,118.615,1753
2026-03-12 10:35:00,118.73,118.91,118.59,118.69,1378
2026-03-12 10:40:00,118.745,118.745,118.65,118.7,850
2026-03-12 10:45:00,118.92,119.36,118.53,118.53,1689
2026-03-12 10:50:00,118.58,118.68,118.4,118.66,6604
2026-03-12 10:55:00,118.745,118.745,118.71,118.72,400
2026-03-12 11:00:00,118.82,118.82,118.71,118.75,443
2026-03-12 11:05:00,118.665,118.665,118.28,118.32,1948
2026-03-12 11:10:00,118.28,118.29,118.0,118.13,2795
2026-03-12 11:15:00,118.23,118.23,118.01,118.2,1922
2026-03-12 11:20:00,118.24,118.33,118.24,118.33,555
2026-03-12 11:25:00,118.46,118.6124,118.46,118.6124,804
2026-03-12 11:30:00,118.57,118.6,118.57,118.59,761
2026-03-12 11:35:00,118.52,119.16,118.4001,119.16,7850
2026-03-12 11:40:00,119.26,119.48,119.13,119.48,1000
2026-03-12 11:45:00,119.22,119.42,119.05,119.1,900
2026-03-12 11:50:00,119.15,119.21,119.15,119.21,652
2026-03-12 11:55:00,119.17,119.17,119.17,119.17,234
2026-03-12 12:00:00,119.23,119.29,119.22,119.29,700
2026-03-12 12:05:00,119.47,119.47,118.9,118.94,4728
2026-03-12 12:10:00,119.13,119.13,119.13,119.13,100
2026-03-12 12:15:00,119.57,119.63,119.57,119.63,200
2026-03-12 12:20:00,119.63,119.63,119.56,119.56,900
2026-03-12 12:25:00,119.68,119.68,119.68,119.68,680
2026-03-12 12:30:00,119.46,119.8995,119.46,119.8995,400
2026-03-12 12:35:00,119.67,120.0,119.67,120.0,1880
2026-03-12 12:40:00,119.905,119.905,119.885,119.885,798
2026-03-12 12:45:00,119.87,119.87,119.38,119.38,426
2026-03-12 12:50:00,119.78,119.8,119.58,119.5801,659
2026-03-12 12:55:00,119.775,119.88,119.75,119.86,1499
2026-03-12 13:00:00,119.843,119.843,119.843,119.843,150
2026-03-12 13:05:00,120.29,120.33,120.29,120.33,405
2026-03-12 13:10:00,120.15,120.15,120.15,120.15,205
2026-03-12 13:15:00,119.9088,119.9088,119.9088,119.9088,236
2026-03-12 13:20:00,120.15,120.22,120.14,120.22,806
2026-03-12 13:25:00,120.33,120.33,120.1916,120.1916,470
2026-03-12 13:30:00,120.1184,120.1184,120.0517,120.0517,893
2026-03-12 13:45:00,119.5,119.7059,119.5,119.7059,557
2026-03-12 13:50:00,119.74,119.74,119.74,119.74,210
2026-03-12 13:55:00,119.59,119.6,119.59,119.6,300
2026-03-12 14:00:00,119.83,119.925,119.83,119.925,200
2026-03-12 14:05:00,119.78,119.78,119.78,119.78,100
2026-03-12 14:10:00,119.83,119.83,119.83,119.83,100
2026-03-12 14:15:00,119.94,119.9712,119.94,119.9712,1652
2026-03-12 14:20:00,119.73,119.73,119.5632,119.5632,362
2026-03-12 14:25:00,119.6315,119.6315,119.6315,119.6315,203
2026-03-12 14:30:00,119.7,119.81,119.7,119.77,450
2026-03-12 14:35:00,119.675,119.7057,119.675,119.7057,200
2026-03-12 14:40:00,119.76,119.76,119.68,119.68,201
2026-03-12 14:45:00,119.63,119.705,119.63,119.705,306
2026-03-12 14:50:00,119.75,119.75,119.75,119.75,100
2026-03-12 15:00:00,119.74,119.74,119.36,119.41,1021
2026-03-12 15:05:00,119.5,119.55,119.3,119.3,500
2026-03-12 15:10:00,119.33,119.33,119.33,119.33,432
2026-03-12 15:15:00,119.365,119.46,119.365,119.46,200
2026-03-12 15:25:00,119.42,119.42,119.31,119.31,1432
2026-03-12 15:30:00,119.48,119.61,119.48,119.59,300
2026-03-12 15:35:00,119.464,119.64,119.464,119.64,1274
2026-03-12 15:40:00,119.48,119.48,119.255,119.255,350
2026-03-12 15:45:00,119.055,119.0822,119.03,119.0822,3949
2026-03-12 15:50:00,118.89,118.89,118.84,118.84,200
2026-03-12 15:55:00,119.06,119.06,118.77,118.82,1561
2026-03-12 16:00:00,118.81,118.81,118.81,118.81,509
2026-03-13 08:45:00,119.9,119.9,119.9,119.9,121
2026-03-13 09:30:00,120.0,120.2,119.69,120.0469,5666
2026-03-13 09:35:00,119.62,119.84,119.62,119.84,400
2026-03-13 09:40:00,120.12,120.12,119.99,120.1,558
2026-03-13 09:45:00,120.42,120.61,120.4,120.4,1814
2026-03-13 09:50:00,120.4,120.67,120.37,120.67,350
2026-03-13 09:55:00,120.56,120.56,119.83,119.83,1000
2026-03-13 10:00:00,120.0497,120.08,119.9952,120.02,1576
2026-03-13 10:05:00,119.955,119.955,119.66,119.66,750
2026-03-13 10:10:00,119.63,119.63,119.51,119.51,434
2026-03-13 10:15:00,119.1687,119.1687,118.795,118.795,1997
2026-03-13 10:20:00,119.04,119.12,118.8,118.8,1500
2026-03-13 10:25:00,118.75,118.8274,118.53,118.655,1385
2026-03-13 10:30:00,118.9,118.9,118.9,118.9,100
2026-03-13 10:35:00,118.791,118.92,118.78,118.92,3260
2026-03-13 10:40:00,118.78,118.78,118.363,118.5888,3627
2026-03-13 10:45:00,118.43,118.43,118.2788,118.2788,1520
2026-03-13 10:50:00,118.39,118.39,118.39,118.39,150
2026-03-13 10:55:00,118.16,118.16,117.5701,117.815,2551
2026-03-13 11:00:00,117.93,117.93,117.93,117.93,100
2026-03-13 11:05:00,118.0227,118.38,118.0227,118.38,1474
2026-03-13 11:10:00,118.6,118.78,118.6,118.78,310
2026-03-13 11:15:00,118.6835,118.6835,118.6835,118.6835,144
2026-03-13 11:20:00,118.67,118.67,118.67,118.67,100
2026-03-13 11:25:00,118.365,118.365,118.365,118.365,100
2026-03-13 11:30:00,118.27,118.35,118.27,118.35,230
2026-03-13 11:35:00,118.44,118.44,118.1403,118.1403,972
2026-03-13 11:40:00,118.44,118.44,117.98,118.04,2758
2026-03-13 11:45:00,118.05,118.4576,118.03,118.4576,1304
2026-03-13 11:50:00,118.2153,118.25,118.11,118.25,2800
2026-03-13 11:55:00,118.14,118.14,118.0,118.08,18922
2026-03-13 12:00:00,118.06,118.155,118.06,118.15,2900
2026-03-13 12:05:00,117.99,118.2,117.95,118.09,26629
2026-03-13 12:10:00,118.09,118.28,118.07,118.07,7939
2026-03-13 12:20:00,117.79,117.88,117.79,117.88,413
2026-03-13 12:25:00,117.745,117.745,117.57,117.57,551
2026-03-13 12:30:00,117.83,117.83,117.83,117.83,429
2026-03-13 12:35:00,117.9201,118.15,117.91,117.91,9865
2026-03-13 12:40:00,117.88,117.88,117.76,117.76,1814
2026-03-13 12:50:00,118.09,118.195,118.06,118.195,2821
2026-03-13 12:55:00,118.15,118.15,117.72,117.72,700
2026-03-13 13:00:00,117.5,117.5,117.5,117.5,200
2026-03-13 13:05:00,117.65,117.65,117.65,117.65,241
2026-03-13 13:10:00,117.53,117.73,117.44,117.73,370
2026-03-13 13:15:00,117.75,117.75,117.71,117.71,300
2026-03-13 13:20:00,117.8001,117.86,117.8001,117.86,750
2026-03-13 13:25:00,117.745,117.745,117.745,117.745,120
2026-03-13 13:35:00,117.7,117.7,117.7,117.7,222
2026-03-13 13:40:00,117.6903,117.8,117.575,117.8,468
2026-03-13 13:45:00,117.67,117.67,117.67,117.67,100
2026-03-13 13:50:00,117.32,117.395,117.32,117.395,300
2026-03-13 13:55:00,117.465,117.465,117.285,117.285,1205
2026-03-13 14:00:00,117.32,117.32,117.27,117.29,400
2026-03-13 14:05:00,117.315,117.315,117.2,117.23,4583
2026-03-13 14:10:00,117.33,117.33,117.33,117.33,200
2026-03-13 14:15:00,117.4,117.44,117.4,117.43,509
2026-03-13 14:20:00,117.16,117.16,117.13,117.13,300
2026-03-13 14:25:00,117.245,117.245,117.18,117.18,551
2026-03-13 14:30:00,117.41,117.53,117.41,117.53,360
2026-03-13 14:35:00,117.575,117.63,117.4701,117.505,1299
2026-03-13 14:40:00,117.54,117.54,117.54,117.54,165
2026-03-13 14:45:00,117.65,117.65,117.575,117.6,2827
2026-03-13 14:50:00,117.67,117.8,117.63,117.6672,2200
2026-03-13 14:55:00,117.66,117.66,117.625,117.625,312
2026-03-13 15:05:00,117.43,117.43,117.43,117.43,180
2026-03-13 15:10:00,117.53,117.53,117.48,117.48,200
2026-03-13 15:15:00,117.47,117.49,117.4425,117.4425,1506
2026-03-13 15:20:00,117.4,117.4,117.0,117.1083,5527
2026-03-13 15:25:00,117.085,117.085,117.0,117.07,1942
2026-03-13 15:30:00,117.15,117.2527,117.0801,117.0801,1020
2026-03-13 15:35:00,117.16,117.24,117.04,117.065,3156
2026-03-13 15:40:00,117.0699,117.0699,117.0699,117.0699,123
2026-03-13 15:45:00,117.035,117.135,117.035,117.135,532
2026-03-13 15:50:00,117.09,117.25,117.06,117.2485,1480
2026-03-13 15:55:00,117.18,117.25,117.18,117.19,2975
2026-03-13 16:00:00,117.27,117.27,117.19,117.19,1084
2026-03-13 17:00:00,116.7002,116.7002,116.7002,116.7002,191
2026-03-13 18:50:00,116.89,116.89,116.89,116.89,100
2026-03-16 08:15:00,118.9,118.9,118.9,118.9,100
2026-03-16 09:30:00,118.73,119.6,118.73,119.6,7814
2026-03-16 09:35:00,119.71,119.91,119.6,119.68,2763
2026-03-16 09:40:00,119.695,119.83,119.695,119.73,2588
2026-03-16 09:45:00,119.82,120.0,119.48,119.62,4611
2026-03-16 09:50:00,119.65,119.67,119.55,119.595,1895
2026-03-16 09:55:00,119.6,119.82,119.59,119.79,1609
2026-03-16 10:00:00,119.8,119.87,119.6,119.6,1451
2026-03-16 10:05:00,119.66,119.8,119.66,119.77,1570
2026-03-16 10:10:00,119.73,119.91,119.58,119.68,1000
2026-03-16 10:15:00,119.8399,119.84,119.7051,119.77,660
2026-03-16 10:20:00,119.88,119.88,119.71,119.745,670
2026-03-16 10:25:00,119.8,119.8,119.56,119.56,869
2026-03-16 10:30:00,119.4297,119.545,119.4297,119.49,2931
2026-03-16 10:35:00,119.39,119.39,119.39,119.39,125
2026-03-16 10:40:00,119.0,119.08,118.775,118.775,1946
2026-03-16 10:45:00,118.84,118.85,118.68,118.68,455
2026-03-16 10:50:00,118.58,118.8405,118.58,118.83,519
2026-03-16 10:55:00,118.82,118.82,118.765,118.81,416
2026-03-16 11:00:00,118.99,118.99,118.8,118.864,1287
2026-03-16 11:05:00,118.815,118.865,118.77,118.865,451
2026-03-16 11:10:00,118.76,118.76,118.75,118.75,200
2026-03-16 11:15:00,118.83,118.89,118.83,118.87,449
2026-03-16 11:20:00,118.9,119.0879,118.89,119.0879,988
2026-03-16 11:25:00,119.09,119.09,119.065,119.065,200
2026-03-16 11:30:00,119.0917,119.0917,119.0917,119.0917,122
2026-03-16 11:35:00,119.3,119.3,119.24,119.248,562
2026-03-16 11:40:00,119.29,119.29,119.29,119.29,100
2026-03-16 11:45:00,119.258,119.36,119.24,119.32,1486
2026-03-16 11:50:00,119.12,119.165,119.12,119.14,954
2026-03-16 11:55:00,119.08,119.08,118.9905,118.995,1284
2026-03-16 12:00:00,118.85,118.91,118.75,118.8085,1429
2026-03-16 12:05:00,118.76,118.83,118.6966,118.6966,700
2026-03-16 12:10:00,118.72,118.72,118.59,118.59,405
2026-03-16 12:15:00,118.66,118.66,118.58,118.6,600
2026-03-16 12:20:00,118.37,118.43,118.29,118.29,400
2026-03-16 12:25:00,118.285,118.285,118.19,118.22,1200
2026-03-16 12:30:00,118.15,118.28,118.1,118.186,1650
2026-03-16 12:35:00,118.21,118.3,118.21,118.3,860
2026-03-16 12:40:00,118.34,118.567,118.34,118.567,271
2026-03-16 12:45:00,118.53,118.53,118.46,118.46,357
2026-03-16 12:50:00,118.419,118.63,118.419,118.63,444
2026-03-16 12:55:00,118.61,118.61,118.61,118.61,100
2026-03-16 13:00:00,118.68,118.82,118.68,118.8,464
2026-03-16 13:05:00,118.64,118.7499,118.59,118.59,810
2026-03-16 13:10:00,118.7,118.73,118.58,118.73,600
2026-03-16 13:15:00,118.77,118.77,118.77,118.77,100
2026-03-16 13:20:00,118.73,118.948,118.73,118.948,1200
2026-03-16 13:25:00,118.94,118.97,118.9,118.9,1094
2026-03-16 13:30:00,118.89,118.98,118.89,118.96,691
2026-03-16 13:35:00,118.97,118.97,118.87,118.87,310
2026-03-16 13:45:00,118.95,118.95,118.83,118.83,300
2026-03-16 13:50:00,118.9076,118.9076,118.81,118.81,472
2026-03-16 13:55:00,118.83,118.875,118.83,118.85,1797
2026-03-16 14:00:00,118.866,119.0,118.866,119.0,2221
2026-03-16 14:05:00,118.96,119.16,118.96,119.14,1254
2026-03-16 14:15:00,119.24,119.29,119.24,119.29,200
2026-03-16 14:20:00,119.4807,119.55,119.47,119.47,2926
2026-03-16 14:25:00,119.596,119.596,119.545,119.55,2128
2026-03-16 14:30:00,119.59,119.6299,119.49,119.5786,1257
2026-03-16 14:35:00,119.52,119.52,119.51,119.51,474
2026-03-16 14:45:00,119.6,119.6396,119.6,119.6396,760
2026-03-16 14:50:00,119.64,119.64,119.63,119.63,300
2026-03-16 15:00:00,119.68,119.68,119.635,119.635,200
2026-03-16 15:05:00,119.6223,120.16,119.62,120.14,2867
2026-03-16 15:10:00,120.3,120.3,119.7716,119.8,750
2026-03-16 15:15:00,119.71,119.71,119.69,119.69,615
2026-03-16 15:20:00,119.545,119.56,119.47,119.54,1471
2026-03-16 15:25:00,119.25,119.32,119.25,119.32,320
2026-03-16 15:30:00,119.2128,119.2128,119.17,119.17,592
2026-03-16 15:35:00,119.1799,119.1799,119.13,119.13,812
2026-03-16 15:40:00,119.2276,119.2276,119.1304,119.1304,330
2026-03-16 15:50:00,119.17,119.22,119.15,119.15,1039
2026-03-16 15:55:00,119.13,119.32,119.13,119.29,2605
2026-03-16 16:00:00,119.25,119.25,119.24,119.24,867
2026-03-16 16:05:00,119.34,119.35,119.34,119.35,640
2026-03-16 16:20:00,120.4117,120.4117,120.4117,120.4117,200
2026-03-16 18:00:00,119.01,119.01,119.01,119.01,200
2026-03-16 18:10:00,119.0021,119.0021,119.0021,119.0021,100
2026-03-16 18:35:00,119.0,119.0,119.0,119.0,300
2026-03-17 08:00:00,118.25,118.57,118.25,118.57,999
2026-03-17 09:30:00,120.03,120.25,119.695,120.25,4937
2026-03-17 09:35:00,120.26,120.5,120.14,120.5,1800
2026-03-17 09:40:00,120.455,121.03,120.455,120.9275,2400
2026-03-17 09:45:00,120.78,120.9,120.695,120.9,1069
2026-03-17 09:50:00,120.87,121.14,120.87,121.14,1045
2026-03-17 09:55:00,121.02,121.3,121.02,121.3,1544
2026-03-17 10:00:00,121.23,121.25,120.92,120.92,1725
2026-03-17 10:05:00,120.93,120.93,120.86,120.905,700
2026-03-17 10:10:00,120.92,120.92,120.81,120.81,300
2026-03-17 10:15:00,120.6901,120.85,120.6901,120.83,1241
2026-03-17 10:20:00,121.04,121.15,120.99,120.99,609
2026-03-17 10:25:00,120.75,120.76,120.69,120.69,400
2026-03-17 10:30:00,120.72,120.75,120.69,120.69,1000
2026-03-17 10:40:00,120.81,121.115,120.77,121.115,1652
2026-03-17 10:45:00,121.225,121.2493,121.22,121.2493,500
2026-03-17 10:50:00,121.29,121.29,121.05,121.05,772
2026-03-17 10:55:00,121.02,121.08,121.02,121.08,300
2026-03-17 11:00:00,121.1,121.12,121.0,121.0,600
2026-03-17 11:05:00,120.9,120.9,120.9,120.9,675
2026-03-17 11:10:00,120.5,120.658,120.5,120.52,1486
2026-03-17 11:15:00,120.54,120.57,120.45,120.45,300
2026-03-17 11:20:00,120.3201,120.425,120.3201,120.425,1779
2026-03-17 11:25:00,120.37,120.37,120.2383,120.2383,392
2026-03-17 11:30:00,120.23,120.23,120.2,120.2,420
2026-03-17 11:35:00,120.01,120.01,119.671,119.671,520
2026-03-17 11:40:00,119.785,119.785,119.66,119.66,500
2026-03-17 11:45:00,119.85,119.905,119.8301,119.8301,887
2026-03-17 11:50:00,119.98,120.04,119.98,120.04,600
2026-03-17 11:55:00,120.22,120.22,120.02,120.02,400
2026-03-17 12:00:00,120.07,120.07,120.07,120.07,100
2026-03-17 12:05:00,120.095,120.16,120.095,120.16,205
2026-03-17 12:10:00,120.17,120.17,120.17,120.17,100
2026-03-17 12:15:00,120.15,120.15,120.15,120.15,100
2026-03-17 12:25:00,120.35,120.36,120.3,120.36,400
2026-03-17 12:40:00,120.15,120.15,120.15,120.15,209
2026-03-17 12:45:00,120.31,120.31,120.255,120.29,600
2026-03-17 12:50:00,120.23,120.29,120.23,120.29,545
2026-03-17 12:55:00,120.29,120.33,120.29,120.3,300
2026-03-17 13:00:00,120.38,120.43,120.38,120.43,500
2026-03-17 13:05:00,120.515,120.6399,120.515,120.6,800
2026-03-17 13:10:00,120.5899,120.5899,120.41,120.4343,600
2026-03-17 13:15:00,120.45,120.5,120.44,120.5,475
2026-03-17 13:20:00,120.6341,120.6341,120.6341,120.6341,867
2026-03-17 13:25:00,120.54,120.5481,120.54,120.5481,520
2026-03-17 13:30:00,120.5,120.67,120.49,120.62,10067
2026-03-17 13:35:00,120.62,120.78,120.595,120.744,2222
2026-03-17 13:40:00,120.77,120.7936,120.68,120.68,558
2026-03-17 13:55:00,120.97,120.97,120.97,120.97,100
2026-03-17 14:00:00,120.96,121.01,120.96,121.003,600
2026-03-17 14:05:00,121.2274,121.295,121.2274,121.295,404
2026-03-17 14:10:00,121.285,121.295,121.255,121.255,559
2026-03-17 14:15:00,121.21,121.2195,121.185,121.185,500
2026-03-17 14:20:00,121.14,121.19,120.9285,120.9285,1282
2026-03-17 14:25:00,120.9,120.9,120.78,120.78,1045
2026-03-17 14:35:00,120.95,120.95,120.95,120.95,300
2026-03-17 14:40:00,120.9113,120.9113,120.9113,120.9113,110
2026-03-17 14:45:00,120.95,121.1073,120.95,121.085,1359
2026-03-17 14:50:00,121.085,121.135,121.085,121.135,423
2026-03-17 14:55:00,121.18,121.18,121.12,121.17,641
2026-03-17 15:00:00,121.23,121.25,121.215,121.25,300
2026-03-17 15:05:00,121.27,121.27,121.27,121.27,700
2026-03-17 15:10:00,121.241,121.28,121.2,121.2,1099
2026-03-17 15:15:00,121.26,121.26,121.245,121.245,300
2026-03-17 15:20:00,121.2,121.2,121.2,121.2,190
2026-03-17 15:25:00,121.18,121.195,121.18,121.195,241
2026-03-17 15:30:00,121.27,121.27,121.16,121.16,950
2026-03-17 15:35:00,121.19,121.3,121.19,121.25,1184
2026-03-17 15:40:00,121.29,121.335,121.29,121.3,400
2026-03-17 15:45:00,121.36,121.5,121.35,121.5,500
2026-03-17 15:50:00,121.45,121.45,121.45,121.45,100
2026-03-17 15:55:00,121.6762,121.84,121.6401,121.82,3838
2026-03-17 16:00:00,121.85,121.85,121.85,121.85,911
2026-03-17 16:30:00,121.8,121.8,121.8,121.8,100
2026-03-17 16:55:00,121.74,121.74,121.024,121.024,264
2026-03-18 08:00:00,122.1412,122.1412,121.86,121.86,239
2026-03-18 09:30:00,120.88,121.575,120.88,121.5175,4424
2026-03-18 09:35:00,121.05,121.06,120.89,121.06,2310
2026-03-18 09:40:00,121.08,121.25,120.86,120.86,600
2026-03-18 09:45:00,120.88,121.15,120.8,120.93,2032
2026-03-18 09:50:00,120.95,121.12,120.9,121.12,975
2026-03-18 09:55:00,120.815,121.23,120.76,121.23,1000
2026-03-18 10:00:00,121.11,121.11,120.88,120.88,400
2026-03-18 10:05:00,120.86,121.0735,120.86,121.0735,400
2026-03-18 10:10:00,120.685,120.85,120.4458,120.4458,1508
2026-03-18 10:15:00,120.57,120.62,120.57,120.61,774
2026-03-18 10:20:00,120.59,120.59,120.59,120.59,300
2026-03-18 10:25:00,120.65,120.65,120.21,120.32,2952
2026-03-18 10:30:00,120.41,120.54,120.41,120.54,372
2026-03-18 10:35:00,120.37,120.37,120.37,120.37,132
2026-03-18 10:40:00,120.37,120.39,120.37,120.39,864
2026-03-18 10:45:00,120.43,120.55,120.42,120.42,407
2026-03-18 10:50:00,120.47,120.5,120.47,120.5,376
2026-03-18 10:55:00,120.64,120.8301,120.64,120.8301,1558
2026-03-18 11:00:00,120.91,121.16,120.77,120.9864,1336
2026-03-18 11:05:00,121.035,121.17,121.035,121.17,465
2026-03-18 11:10:00,121.14,121.14,121.01,121.01,1433
2026-03-18 11:15:00,120.74,120.74,120.69,120.69,200
2026-03-18 11:20:00,120.55,120.55,120.55,120.55,100
2026-03-18 11:30:00,120.42,120.521,120.42,120.521,425
2026-03-18 11:40:00,120.65,120.69,120.52,120.585,6678
2026-03-18 11:45:00,120.47,120.47,120.47,120.47,100
2026-03-18 11:50:00,120.2928,120.3,120.2928,120.3,256
2026-03-18 12:00:00,120.43,120.44,120.41,120.41,1350
2026-03-18 12:05:00,120.28,120.305,120.16,120.16,800
2026-03-18 12:10:00,120.15,120.29,120.15,120.29,700
2026-03-18 12:15:00,120.21,120.295,120.21,120.24,2232
2026-03-18 12:20:00,120.26,120.37,120.26,120.37,300
2026-03-18 12:25:00,120.4,120.4,120.4,120.4,100
2026-03-18 12:30:00,120.48,120.48,120.24,120.25,1856
2026-03-18 12:35:00,120.19,120.38,120.1,120.38,900
2026-03-18 12:40:00,120.36,120.36,120.36,120.36,100
2026-03-18 12:45:00,120.32,120.44,120.32,120.44,400
2026-03-18 13:00:00,120.33,120.33,120.33,120.33,200
2026-03-18 13:05:00,120.27,120.33,120.27,120.33,1367
2026-03-18 13:15:00,120.23,120.33,120.23,120.33,400
2026-03-18 13:20:00,120.33,120.365,120.325,120.325,5064
2026-03-18 13:25:00,120.38,120.415,120.38,120.415,810
2026-03-18 13:30:00,120.51,120.512,120.51,120.512,350
2026-03-18 13:35:00,120.7157,120.748,120.7157,120.748,231
2026-03-18 13:40:00,120.68,120.68,120.68,120.68,100
2026-03-18 13:45:00,120.9,120.9,120.9,120.9,100
2026-03-18 13:50:00,120.87,120.87,120.87,120.87,454
2026-03-18 13:55:00,120.875,120.95,120.875,120.8981,685
2026-03-18 14:00:00,121.06,121.06,120.9905,120.9905,400
2026-03-18 14:05:00,121.135,121.135,121.135,121.135,100
2026-03-18 14:15:00,120.94,120.94,120.76,120.835,1172
2026-03-18 14:20:00,120.725,120.73,120.725,120.73,300
2026-03-18 14:30:00,120.815,120.815,120.785,120.785,309
2026-03-18 14:35:00,120.734,120.94,120.59,120.59,1065
2026-03-18 14:40:00,120.51,120.62,120.51,120.62,1680
2026-03-18 14:45:00,120.4108,120.4108,120.34,120.38,1186
2026-03-18 14:50:00,120.22,120.22,119.765,119.79,2870
2026-03-18 14:55:00,119.685,119.685,119.685,119.685,100
2026-03-18 15:00:00,119.74,119.88,119.74,119.88,200
2026-03-18 15:05:00,119.89,120.02,119.89,120.02,3894
2026-03-18 15:10:00,119.8099,119.82,119.8099,119.82,2000
2026-03-18 15:15:00,119.81,119.81,119.81,119.81,470
2026-03-18 15:20:00,119.4101,119.4101,119.37,119.37,1511
2026-03-18 15:25:00,119.38,119.44,119.38,119.43,357
2026-03-18 15:30:00,119.36,119.36,119.36,119.36,200
2026-03-18 15:35:00,119.36,119.36,119.36,119.36,364
2026-03-18 15:40:00,119.3985,119.3985,119.24,119.24,1345
2026-03-18 15:45:00,119.18,119.18,119.04,119.04,587
2026-03-18 15:50:00,119.12,119.18,119.08,119.1344,2955
2026-03-18 15:55:00,119.11,119.11,118.98,118.98,2062
2026-03-18 16:00:00,118.95,118.95,118.95,118.95,907
2026-03-19 07:30:00,118.0,118.0,118.0,118.0,100
2026-03-19 08:20:00,117.2348,117.2348,117.2348,117.2348,173
2026-03-19 08:50:00,116.944,116.944,116.944,116.944,167
2026-03-19 09:30:00,116.83,116.83,115.9,116.1,7567
2026-03-19 09:35:00,116.0,116.25,115.94,116.14,1859
2026-03-19 09:40:00,116.32,116.32,116.12,116.28,1461
2026-03-19 09:45:00,116.3309,116.35,115.97,115.97,1313
2026-03-19 09:50:00,116.325,116.56,116.2101,116.29,2070
2026-03-19 09:55:00,116.68,116.68,116.395,116.562,1160
2026-03-19 10:00:00,116.74,116.89,116.74,116.89,1097
2026-03-19 10:05:00,116.91,117.01,116.8,116.8,3658
2026-03-19 10:10:00,116.78,117.135,116.75,116.95,3980
2026-03-19 10:15:00,116.77,116.77,116.38,116.38,400
2026-03-19 10:20:00,116.55,116.55,116.17,116.22,1822
2026-03-19 10:25:00,116.335,116.335,116.0,116.0,500
2026-03-19 10:30:00,116.16,116.68,116.16,116.68,200
2026-03-19 10:35:00,117.085,117.085,116.7,116.71,2227
2026-03-19 10:40:00,116.71,116.71,116.71,116.71,100
2026-03-19 10:45:00,116.71,116.8326,116.71,116.8326,367
2026-03-19 10:55:00,116.78,116.78,116.78,116.78,192
2026-03-19 11:00:00,117.01,117.1,117.01,117.1,3524
2026-03-19 11:05:00,117.66,117.66,117.33,117.33,1670
2026-03-19 11:10:00,117.435,117.63,117.435,117.63,300
2026-03-19 11:15:00,117.59,117.71,117.47,117.47,1900
2026-03-19 11:20:00,117.39,117.405,117.25,117.34,1027
2026-03-19 11:25:00,117.28,117.28,117.245,117.245,2400
2026-03-19 11:30:00,117.22,117.22,117.025,117.13,775
2026-03-19 11:35:00,116.84,116.84,116.83,116.84,300
2026-03-19 11:40:00,117.11,117.11,117.035,117.035,250
2026-03-19 11:45:00,116.91,117.0178,116.91,117.0178,200
2026-03-19 11:50:00,116.98,116.9965,116.95,116.95,450
2026-03-19 11:55:00,117.035,117.37,117.035,117.282,515
2026-03-19 12:00:00,117.31,117.75,117.31,117.65,651
2026-03-19 12:05:00,117.84,117.84,117.825,117.825,200
2026-03-19 12:10:00,117.63,117.7299,117.63,117.655,405
2026-03-19 12:20:00,117.6594,117.6594,117.6313,117.6313,300
2026-03-19 12:25:00,117.77,117.77,117.77,117.77,100
2026-03-19 12:30:00,117.885,117.885,117.885,117.885,110
2026-03-19 12:40:00,117.93,117.93,117.93,117.93,125
2026-03-19 12:50:00,117.71,117.85,117.71,117.85,201
2026-03-19 12:55:00,117.8599,117.8599,117.8599,117.8599,224
2026-03-19 13:00:00,117.7903,117.7903,117.7903,117.7903,296
2026-03-19 13:05:00,117.66,117.66,117.66,117.66,100
2026-03-19 13:10:00,117.39,117.39,117.38,117.38,209
2026-03-19 13:15:00,117.4291,117.51,117.4201,117.51,1359
2026-03-19 13:20:00,117.47,117.47,117.47,117.47,115
2026-03-19 13:25:00,117.61,117.63,117.61,117.63,290
2026-03-19 13:35:00,117.52,117.52,117.52,117.52,257
2026-03-19 13:40:00,117.359,117.43,117.359,117.43,201
2026-03-19 13:45:00,117.4,117.435,117.4,117.425,782
2026-03-19 13:50:00,117.74,117.77,117.74,117.77,1443
2026-03-19 13:55:00,117.6901,117.6901,117.62,117.68,831
2026-03-19 14:00:00,117.63,117.63,117.63,117.63,100
2026-03-19 14:05:00,117.64,117.6634,117.64,117.6634,310
2026-03-19 14:10:00,117.93,118.41,117.93,118.41,4628
2026-03-19 14:15:00,118.47,118.47,118.33,118.33,500
2026-03-19 14:20:00,118.4511,118.4511,118.36,118.41,19364
2026-03-19 14:25:00,118.35,118.36,118.17,118.17,3856
2026-03-19 14:30:00,118.16,118.16,118.05,118.05,1019
2026-03-19 14:35:00,118.055,118.055,117.97,117.97,220
2026-03-19 14:40:00,117.92,117.92,117.84,117.8899,900
2026-03-19 14:45:00,117.77,117.83,117.77,117.815,1270
2026-03-19 14:50:00,117.76,117.8851,117.72,117.84,1119
2026-03-19 14:55:00,117.94,118.15,117.94,118.15,875
2026-03-19 15:00:00,118.32,119.09,118.32,118.95,3742
2026-03-19 15:05:00,119.13,119.62,119.13,119.38,5144
2026-03-19 15:10:00,119.37,119.85,119.36,119.48,2312
2026-03-19 15:15:00,119.59,119.6,119.52,119.55,850
2026-03-19 15:20:00,119.44,119.45,119.32,119.38,9231
2026-03-19 15:25:00,119.14,119.14,118.94,119.01,977
2026-03-19 15:30:00,119.11,119.11,118.93,118.93,1368
2026-03-19 15:35:00,118.85,118.86,118.68,118.86,400
2026-03-19 15:40:00,119.0,119.0979,119.0,119.0979,286
2026-03-19 15:45:00,119.04,119.04,119.04,119.04,200
2026-03-19 15:50:00,119.13,119.135,118.8928,118.8928,1761
2026-03-19 15:55:00,119.035,119.035,118.885,118.97,2052
2026-03-19 16:00:00,118.97,118.97,118.97,118.97,479
2026-03-19 18:05:00,120.3872,120.3872,120.3872,120.3872,1200
2026-03-19 18:25:00,120.0244,120.0244,120.0244,120.0244,100
2026-03-20 09:30:00,118.38,118.57,118.11,118.16,6214
2026-03-20 09:35:00,118.0,118.17,117.93,118.12,1229
2026-03-20 09:40:00,117.88,118.15,117.87,118.025,1100
2026-03-20 09:45:00,118.21,118.425,118.21,118.29,3720
2026-03-20 09:50:00,117.93,117.93,117.4,117.4,1247
2026-03-20 09:55:00,117.43,117.43,116.845,116.845,800
2026-03-20 10:00:00,116.84,116.91,116.64,116.855,3963
2026-03-20 10:05:00,117.01,117.23,116.51,116.8,2106
2026-03-20 10:10:00,116.795,116.99,116.2,116.2,2115
2026-03-20 10:15:00,116.26,116.35,116.095,116.13,630
2026-03-20 10:20:00,116.1,116.16,115.98,116.07,1656
2026-03-20 10:25:00,115.98,116.03,115.95,115.99,800
2026-03-20 10:30:00,116.08,116.545,116.08,116.545,1337
2026-03-20 10:35:00,116.65,116.65,116.6256,116.6256,600
2026-03-20 10:40:00,116.6,116.6,116.57,116.57,450
2026-03-20 10:45:00,116.63,116.63,116.62,116.62,263
2026-03-20 10:50:00,116.15,116.15,115.94,115.94,400
2026-03-20 10:55:00,115.88,116.3294,115.88,116.16,2239
2026-03-20 11:00:00,116.21,116.56,116.03,116.1,4264
2026-03-20 11:05:00,116.13,116.2387,115.9,115.99,2263
2026-03-20 11:10:00,116.17,116.5,116.13,116.5,974
2026-03-20 11:15:00,116.465,116.505,116.15,116.15,1877
2026-03-20 11:20:00,116.07,116.85,116.07,116.59,745
2026-03-20 11:25:00,116.34,116.34,116.34,116.34,550
2026-03-20 11:30:00,116.1685,116.1685,116.1685,116.1685,200
2026-03-20 11:35:00,116.25,116.32,116.25,116.32,200
2026-03-20 11:40:00,116.32,116.42,116.32,116.42,200
2026-03-20 11:45:00,116.21,116.32,116.21,116.2991,3505
2026-03-20 11:50:00,116.24,116.25,116.24,116.25,700
2026-03-20 11:55:00,116.306,116.306,116.3,116.3,500
2026-03-20 12:00:00,116.5,116.5,116.5,116.5,300
2026-03-20 12:05:00,116.4,116.4,116.4,116.4,100
2026-03-20 12:10:00,116.565,116.615,116.565,116.615,345
2026-03-20 12:15:00,116.5001,116.535,116.5001,116.535,440
2026-03-20 12:20:00,116.635,116.635,116.635,116.635,128
2026-03-20 12:25:00,116.55,116.55,116.35,116.43,955
2026-03-20 12:30:00,115.97,116.21,115.97,116.18,654
2026-03-20 12:35:00,116.11,116.11,116.0,116.05,1000
2026-03-20 12:45:00,116.0,116.0,116.0,116.0,128
2026-03-20 12:50:00,116.075,116.075,115.78,115.995,2309
2026-03-20 12:55:00,116.07,116.09,116.0,116.09,2559
2026-03-20 13:00:00,116.11,116.11,116.11,116.11,230
2026-03-20 13:05:00,116.06,116.06,116.06,116.06,300
2026-03-20 13:10:00,116.06,116.06,116.03,116.03,600
2026-03-20 13:15:00,115.82,115.82,115.82,115.82,445
2026-03-20 13:20:00,115.8684,115.8684,115.7779,115.7779,1727
2026-03-20 13:25:00,115.69,115.69,115.51,115.51,1923
2026-03-20 13:30:00,115.57,115.6,115.38,115.4,1467
2026-03-20 13:35:00,115.25,115.25,115.08,115.13,3978
2026-03-20 13:40:00,115.17,115.25,115.1,115.1,1709
2026-03-20 13:45:00,115.06,115.06,114.98,115.0,2930
2026-03-20 13:50:00,115.09,115.25,115.09,115.25,300
2026-03-20 13:55:00,115.29,115.37,115.29,115.365,729
2026-03-20 14:00:00,115.45,115.45,115.25,115.29,600
2026-03-20 14:05:00,115.25,115.2787,115.16,115.16,529
2026-03-20 14:10:00,115.13,115.13,115.1,115.12,300
2026-03-20 14:15:00,115.11,115.11,115.06,115.06,528
2026-03-20 14:20:00,115.0,115.0,114.64,114.67,2074
2026-03-20 14:25:00,114.73,114.73,114.67,114.71,400
2026-03-20 14:30:00,114.63,114.63,114.55,114.55,526
2026-03-20 14:35:00,114.4,114.4,114.215,114.32,3664
2026-03-20 14:40:00,114.27,114.33,114.09,114.09,1890
2026-03-20 14:45:00,114.13,114.145,114.1,114.1,735
2026-03-20 14:50:00,114.09,114.21,114.08,114.08,1002
2026-03-20 14:55:00,114.08,114.08,113.96,113.97,3333
2026-03-20 15:00:00,114.15,114.24,114.06,114.06,6597
2026-03-20 15:05:00,114.0002,114.0002,113.82,113.8899,6913
2026-03-20 15:10:00,113.86,113.92,113.7,113.89,3117
2026-03-20 15:15:00,113.935,113.98,113.935,113.96,1960
2026-03-20 15:20:00,113.95,113.96,113.77,113.77,2501
2026-03-20 15:25:00,113.775,113.82,113.735,113.775,1700
2026-03-20 15:30:00,113.85,113.91,113.63,113.63,16584
2026-03-20 15:35:00,113.6301,113.68,113.2601,113.54,4764
2026-03-20 15:40:00,113.51,113.74,113.5,113.7,2450
2026-03-20 15:45:00,113.825,113.825,113.65,113.658,5529
2026-03-20 15:50:00,113.72,114.25,113.7,114.22,6285
2026-03-20 15:55:00,114.27,114.64,114.27,114.64,14158
2026-03-20 16:00:00,114.66,114.66,114.66,114.66,16291
2026-03-23 04:00:00,113.0,113.0,113.0,113.0,100
2026-03-23 04:45:00,112.41,112.41,112.41,112.41,159
2026-03-23 05:50:00,112.42,112.42,112.42,112.42,142
2026-03-23 07:00:00,113.44,113.44,113.44,113.44,100
2026-03-23 07:05:00,114.0,114.0,114.0,114.0,300
2026-03-23 07:10:00,117.0,117.0,117.0,117.0,157
2026-03-23 07:30:00,117.95,117.98,117.95,117.98,300
2026-03-23 08:35:00,116.58,116.6,116.58,116.6,300
2026-03-23 08:40:00,115.4615,115.4615,115.4615,115.4615,100
2026-03-23 09:25:00,116.44,116.44,116.43,116.43,3915
2026-03-23 09:30:00,116.15,116.59,116.15,116.38,8827
2026-03-23 09:35:00,116.62,116.64,116.405,116.64,3310
2026-03-23 09:40:00,116.54,117.08,116.54,116.715,4662
2026-03-23 09:45:00,116.66,117.03,116.63,117.03,1132
2026-03-23 09:50:00,117.04,117.75,117.04,117.75,1781
2026-03-23 09:55:00,117.74,118.0,117.53,117.985,2290
2026-03-23 10:00:00,118.0,118.28,117.74,117.82,2400
2026-03-23 10:05:00,117.89,117.89,117.65,117.77,4005
2026-03-23 10:10:00,117.91,118.05,117.8,117.94,2499
2026-03-23 10:15:00,117.84,118.165,117.84,118.09,9064
2026-03-23 10:20:00,118.09,118.36,118.025,118.29,1600
2026-03-23 10:25:00,118.2371,118.3173,117.9,117.95,3824
2026-03-23 10:30:00,117.8756,117.955,117.86,117.92,1487
2026-03-23 10:35:00,117.97,117.98,117.72,117.75,1328
2026-03-23 10:40:00,117.8399,118.0,117.765,117.845,3845
2026-03-23 10:45:00,117.805,118.11,117.79,118.09,1070
2026-03-23 10:50:00,117.99,118.17,117.99,118.14,3177
2026-03-23 10:55:00,118.12,118.23,118.12,118.23,350
2026-03-23 11:00:00,118.17,118.615,118.17,118.58,1726
2026-03-23 11:05:00,118.59,118.8855,118.56,118.8855,1136
2026-03-23 11:10:00,118.9,118.93,118.75,118.875,695
2026-03-23 11:15:00,118.84,118.89,118.795,118.795,1031
2026-03-23 11:20:00,118.61,118.775,118.42,118.775,1600
2026-03-23 11:25:00,118.785,118.785,118.535,118.535,1564
2026-03-23 11:30:00,118.5028,118.62,118.495,118.495,889
2026-03-23 11:35:00,118.24,118.24,117.78,117.78,2099
2026-03-23 11:40:00,117.79,117.825,117.62,117.62,5000
2026-03-23 11:45:00,117.63,117.66,117.55,117.625,1300
2026-03-23 11:50:00,117.6,117.6,117.22,117.38,1190
2026-03-23 11:55:00,117.12,117.15,116.66,116.66,802
2026-03-23 12:00:00,116.75,116.88,116.75,116.88,300
2026-03-23 12:05:00,116.87,117.08,116.87,117.08,200
2026-03-23 12:10:00,117.37,117.37,117.37,117.37,100
2026-03-23 12:15:00,117.29,117.33,117.29,117.33,200
2026-03-23 12:25:00,116.7501,116.81,116.7501,116.81,231
2026-03-23 12:30:00,117.0,117.0,117.0,117.0,100
2026-03-23 12:35:00,117.05,117.27,117.05,117.27,3959
2026-03-23 12:40:00,117.0106,117.0699,116.95,116.975,1291
2026-03-23 12:45:00,117.29,117.29,117.21,117.21,1352
2026-03-23 12:50:00,117.13,117.21,117.13,117.21,200
2026-03-23 12:55:00,117.135,117.18,117.135,117.18,300
2026-03-23 13:00:00,117.25,117.25,117.25,117.25,300
2026-03-23 13:05:00,117.0,117.18,117.0,117.18,910
2026-03-23 13:10:00,117.3172,117.3172,117.3,117.3,721
2026-03-23 13:15:00,117.1,117.125,117.1,117.125,200
2026-03-23 13:25:00,117.175,117.21,117.175,117.21,504
2026-03-23 13:30:00,117.35,117.75,117.35,117.75,1711
2026-03-23 13:35:00,118.01,118.1,118.0,118.0,400
2026-03-23 13:40:00,117.93,117.93,117.73,117.73,695
2026-03-23 13:45:00,117.6,117.6,117.6,117.6,250
2026-03-23 13:50:00,117.7,117.915,117.64,117.915,3318
2026-03-23 14:00:00,118.215,118.25,118.18,118.25,1668
2026-03-23 14:05:00,118.145,118.1475,118.01,118.14,900
2026-03-23 14:10:00,118.3,118.3,118.2,118.2,4104
2026-03-23 14:15:00,118.22,118.25,118.11,118.11,774
2026-03-23 14:20:00,118.08,118.11,118.0,118.0,350
2026-03-23 14:25:00,118.19,118.24,118.12,118.15,1650
2026-03-23 14:30:00,118.31,118.5,118.215,118.5,569
2026-03-23 14:35:00,118.64,118.64,118.49,118.51,900
2026-03-23 14:40:00,118.59,118.645,118.55,118.58,1203
2026-03-23 14:45:00,118.69,118.71,118.64,118.71,2783
2026-03-23 14:50:00,118.64,118.65,118.5124,118.5125,1353
2026-03-23 14:55:00,118.505,118.505,118.44,118.475,500
2026-03-23 15:00:00,118.46,118.53,118.38,118.38,843
2026-03-23 15:05:00,118.5,118.5,118.5,118.5,100
2026-03-23 15:10:00,118.53,118.53,118.43,118.43,300
2026-03-23 15:15:00,118.18,118.26,118.18,118.26,200
2026-03-23 15:20:00,118.2138,118.275,118.2008,118.275,402
2026-03-23 15:25:00,118.195,118.195,117.99,118.065,1013
2026-03-23 15:30:00,118.04,118.0951,118.04,118.05,1309
2026-03-23 15:35:00,118.02,118.02,117.96,118.015,611
2026-03-23 15:40:00,117.98,118.02,117.965,117.975,1050
2026-03-23 15:45:00,118.02,118.02,117.89,117.92,534
2026-03-23 15:50:00,117.93,117.93,117.725,117.725,672
2026-03-23 15:55:00,117.71,117.71,117.38,117.5,3206
2026-03-23 16:00:00,117.38,117.38,117.38,117.38,1774
2026-03-23 17:20:00,117.51,117.51,117.51,117.51,452
2026-03-24 06:35:00,117.0,117.0,117.0,117.0,149
2026-03-24 09:30:00,116.39,117.44,116.0298,117.44,5643
2026-03-24 09:35:00,117.39,117.4,117.0,117.0,1432
2026-03-24 09:40:00,116.82,116.82,116.27,116.31,1460
2026-03-24 09:45:00,116.19,116.55,116.15,116.15,703
2026-03-24 09:50:00,116.18,116.24,116.0,116.015,775
2026-03-24 09:55:00,116.1,116.35,116.055,116.35,500
2026-03-24 10:00:00,116.36,116.61,116.3101,116.61,535
2026-03-24 10:05:00,116.575,116.86,116.371,116.86,11440
2026-03-24 10:10:00,116.83,116.83,116.06,116.06,450
2026-03-24 10:15:00,116.1,116.17,115.5205,115.61,1494
2026-03-24 10:20:00,115.66,115.7501,115.52,115.743,1020
2026-03-24 10:25:00,115.57,116.0099,115.57,115.88,913
2026-03-24 10:30:00,115.88,115.92,115.82,115.82,400
2026-03-24 10:35:00,115.9,115.93,115.59,115.74,1750
2026-03-24 10:40:00,115.67,115.99,115.65,115.99,593
2026-03-24 10:45:00,116.03,116.22,115.86,115.86,1300
2026-03-24 10:50:00,115.665,116.54,115.57,116.31,910
2026-03-24 10:55:00,116.34,116.61,116.32,116.32,1131
2026-03-24 11:00:00,116.75,117.09,116.615,116.7,1615
2026-03-24 11:05:00,116.645,116.76,116.645,116.7,1392
2026-03-24 11:10:00,116.64,116.64,116.48,116.48,500
2026-03-24 11:20:00,116.81,117.03,116.8,116.97,602
2026-03-24 11:25:00,117.25,117.38,117.25,117.3,421
2026-03-24 11:30:00,117.26,117.26,117.025,117.025,717
2026-03-24 11:35:00,117.035,117.11,117.035,117.05,1144
2026-03-24 11:40:00,117.015,117.06,116.93,116.93,1083
2026-03-24 11:45:00,116.89,116.91,116.89,116.91,575
2026-03-24 11:50:00,116.981,116.981,116.981,116.981,163
2026-03-24 12:00:00,116.14,116.245,115.99,116.0,1505
2026-03-24 12:05:00,116.03,116.03,116.03,116.03,100
2026-03-24 12:10:00,115.98,115.98,115.95,115.95,805
2026-03-24 12:15:00,116.09,116.31,116.09,116.31,786
2026-03-24 12:20:00,116.37,116.37,116.37,116.37,100
2026-03-24 12:25:00,116.43,116.43,116.33,116.41,450
2026-03-24 12:30:00,116.43,116.43,116.3428,116.3428,375
2026-03-24 12:35:00,116.1821,116.1821,116.1821,116.1821,100
2026-03-24 12:40:00,116.11,116.37,116.11,116.37,1621
2026-03-24 12:45:00,116.59,116.6585,116.59,116.6585,904
2026-03-24 12:50:00,116.555,116.61,116.55,116.55,500
2026-03-24 13:00:00,116.375,116.41,116.375,116.41,360
2026-03-24 13:05:00,115.91,115.94,115.72,115.79,1182
2026-03-24 13:10:00,115.52,115.52,115.455,115.47,300
2026-03-24 13:15:00,115.52,115.52,115.5,115.5,200
2026-03-24 13:20:00,115.39,115.53,115.39,115.53,200
2026-03-24 13:30:00,115.73,115.73,115.73,115.73,120
2026-03-24 13:35:00,115.69,115.69,115.69,115.69,100
2026-03-24 13:40:00,115.73,115.73,115.6,115.6,300
2026-03-24 13:45:00,115.54,115.64,115.54,115.629,720
2026-03-24 13:50:00,115.59,115.88,115.58,115.845,1150
2026-03-24 13:55:00,115.71,116.05,115.71,116.05,845
2026-03-24 14:10:00,116.17,116.275,116.17,116.275,605
2026-03-24 14:15:00,116.2317,116.33,116.2317,116.3,329
2026-03-24 14:20:00,116.29,116.43,116.29,116.43,250
2026-03-24 14:25:00,116.46,116.59,116.46,116.59,200
2026-03-24 14:30:00,116.61,116.61,116.61,116.61,100
2026-03-24 14:35:00,116.905,117.07,116.905,117.07,800
2026-03-24 14:40:00,117.12,117.12,116.78,116.78,400
2026-03-24 14:45:00,116.89,116.89,116.89,116.89,100
2026-03-24 14:50:00,116.965,117.02,116.965,117.02,270
2026-03-24 15:00:00,116.93,116.93,116.93,116.93,100
2026-03-24 15:05:00,117.27,117.27,117.27,117.27,100
2026-03-24 15:10:00,117.34,117.37,117.34,117.37,308
2026-03-24 15:15:00,117.34,117.34,117.24,117.24,300
2026-03-24 15:20:00,116.99,117.03,116.99,117.03,400
2026-03-24 15:25:00,117.02,117.02,116.92,116.9399,3254
2026-03-24 15:30:00,116.7801,116.9199,116.7801,116.87,300
2026-03-24 15:35:00,116.77,116.8,116.77,116.8,395
2026-03-24 15:40:00,116.81,116.81,116.81,116.81,424
2026-03-24 15:45:00,116.7,116.72,116.59,116.625,885
2026-03-24 15:50:00,116.62,116.66,116.48,116.535,2983
2026-03-24 15:55:00,116.415,116.45,116.34,116.4,2716
2026-03-24 16:00:00,116.41,116.41,116.41,116.41,3107
2026-03-24 16:20:00,117.78,117.98,117.78,117.98,700
2026-03-25 08:00:00,118.5,118.5,118.5,118.5,325
2026-03-25 08:05:00,118.79,118.8,118.79,118.8,300
2026-03-25 09:30:00,118.75,119.19,118.75,118.85,4703
2026-03-25 09:35:00,118.89,119.35,118.89,118.9947,2748
2026-03-25 09:40:00,119.04,119.22,119.0131,119.02,801
2026-03-25 09:45:00,118.89,119.15,118.88,119.14,3341
2026-03-25 09:50:00,119.03,119.43,119.03,119.28,1000
2026-03-25 09:55:00,119.16,119.28,119.1,119.1,1200
2026-03-25 10:00:00,119.1,119.59,118.95,119.59,1674
2026-03-25 10:05:00,119.31,119.495,119.31,119.495,1697
2026-03-25 10:10:00,119.44,119.67,119.352,119.6,5900
2026-03-25 10:15:00,119.725,119.75,119.455,119.455,2725
2026-03-25 10:20:00,119.66,119.8,119.51,119.51,4081
2026-03-25 10:25:00,119.64,120.01,119.59,119.63,4030
2026-03-25 10:30:00,119.75,120.0,119.62,119.93,2426
2026-03-25 10:35:00,120.055,120.055,119.77,119.77,3226
2026-03-25 10:40:00,119.76,119.76,119.66,119.67,800
2026-03-25 10:45:00,119.56,119.67,119.56,119.67,1019
2026-03-25 10:50:00,119.62,119.63,119.55,119.63,1025
2026-03-25 10:55:00,119.55,119.55,119.45,119.45,2270
2026-03-25 11:00:00,119.59,119.59,119.45,119.545,4157
2026-03-25 11:05:00,119.49,119.52,119.14,119.14,1320
2026-03-25 11:10:00,119.13,119.13,118.83,118.8499,1602
2026-03-25 11:15:00,118.9,118.93,118.36,118.44,1658
2026-03-25 11:20:00,118.5,118.775,118.48,118.75,1882
2026-03-25 11:25:00,118.79,119.05,118.79,119.05,2541
2026-03-25 11:30:00,119.085,119.23,119.085,119.21,1198
2026-03-25 11:35:00,119.13,119.15,118.76,118.8,1500
2026-03-25 11:40:00,118.77,118.795,118.48,118.6,1800
2026-03-25 11:45:00,118.6,118.64,118.55,118.64,930
2026-03-25 11:55:00,118.71,118.75,118.71,118.73,300
2026-03-25 12:05:00,118.25,118.37,118.25,118.37,973
2026-03-25 12:10:00,118.4,118.53,118.4,118.42,733
2026-03-25 12:15:00,118.41,118.44,118.41,118.415,426
2026-03-25 12:20:00,118.8,118.8,118.76,118.76,200
2026-03-25 12:25:00,118.95,118.95,118.89,118.89,500
2026-03-25 12:30:00,119.0,119.0,119.0,119.0,100
2026-03-25 12:35:00,119.1,119.14,119.1,119.14,300
2026-03-25 12:40:00,119.18,119.18,119.13,119.17,410
2026-03-25 12:50:00,119.1,119.1,118.99,119.07,669
2026-03-25 12:55:00,119.1,119.15,119.1,119.125,471
2026-03-25 13:00:00,119.055,119.28,119.03,119.06,2317
2026-03-25 13:05:00,118.83,118.8751,118.83,118.8751,345
2026-03-25 13:10:00,118.825,118.86,118.825,118.86,261
2026-03-25 13:15:00,118.81,118.81,118.8,118.8,200
2026-03-25 13:25:00,118.7685,118.86,118.7685,118.86,1290
2026-03-25 13:30:00,118.84,118.925,118.84,118.925,736
2026-03-25 13:35:00,118.97,118.97,118.97,118.97,100
2026-03-25 13:45:00,119.02,119.02,119.02,119.02,144
2026-03-25 13:50:00,119.08,119.085,118.825,118.825,503
2026-03-25 13:55:00,118.73,118.95,118.69,118.905,400
2026-03-25 14:00:00,118.8,118.8,118.8,118.8,100
2026-03-25 14:05:00,118.89,118.89,118.89,118.89,170
2026-03-25 14:10:00,118.83,118.84,118.83,118.84,249
2026-03-25 14:15:00,118.81,118.88,118.81,118.88,300
2026-03-25 14:20:00,118.96,118.96,118.96,118.96,100
2026-03-25 14:30:00,119.08,119.08,119.08,119.08,100
2026-03-25 14:40:00,118.85,118.8799,118.85,118.8799,544
2026-03-25 14:45:00,118.83,118.83,118.83,118.83,168
2026-03-25 14:55:00,118.81,118.81,118.5,118.69,900
2026-03-25 15:00:00,118.61,118.61,118.5075,118.6098,560
2026-03-25 15:05:00,118.59,118.59,118.59,118.59,100
2026-03-25 15:10:00,118.675,118.83,118.675,118.83,951
2026-03-25 15:15:00,118.91,119.005,118.91,119.005,401
2026-03-25 15:20:00,118.99,119.1,118.99,119.07,4710
2026-03-25 15:25:00,119.0406,119.0406,118.95,118.97,760
2026-03-25 15:30:00,118.95,118.97,118.85,118.9,867
2026-03-25 15:35:00,118.88,118.88,118.77,118.86,754
2026-03-25 15:40:00,118.96,118.96,118.92,118.92,200
2026-03-25 15:45:00,118.78,118.88,118.78,118.88,597
2026-03-25 15:50:00,119.05,119.0695,118.87,119.0,2101
2026-03-25 15:55:00,119.17,119.17,118.91,119.03,2173
2026-03-25 16:00:00,119.02,119.02,119.02,119.02,950
2026-03-26 07:25:00,117.24,117.24,117.24,117.24,100
2026-03-26 08:00:00,118.0,118.95,117.0,118.95,409
2026-03-26 09:30:00,117.13,117.13,116.82,116.82,7599
2026-03-26 09:35:00,116.9038,116.94,116.64,116.81,3337
2026-03-26 09:40:00,116.8151,116.89,116.66,116.89,500
2026-03-26 09:45:00,116.97,117.13,116.97,117.115,400
2026-03-26 09:50:00,116.97,117.175,116.97,117.07,826
2026-03-26 09:55:00,117.135,117.25,116.79,117.14,6542
2026-03-26 10:00:00,116.9999,117.03,116.96,117.03,1469
2026-03-26 10:05:00,116.965,117.18,116.7001,116.82,2138
2026-03-26 10:10:00,116.67,116.73,116.43,116.7,1300
2026-03-26 10:15:00,116.9168,116.9373,116.89,116.89,539
2026-03-26 10:20:00,116.79,117.01,116.74,117.01,1600
2026-03-26 10:25:00,117.04,117.07,117.01,117.07,1043
2026-03-26 10:30:00,117.12,117.12,116.97,117.07,300
2026-03-26 10:35:00,116.94,116.96,116.75,116.9,1305
2026-03-26 10:40:00,116.88,116.95,116.1,116.16,4424
2026-03-26 10:45:00,116.22,116.22,115.75,115.81,2647
2026-03-26 10:50:00,115.9,115.91,115.28,115.28,1985
2026-03-26 10:55:00,115.23,115.63,115.08,115.62,4280
2026-03-26 11:00:00,115.68,115.74,115.665,115.74,881
2026-03-26 11:05:00,115.75,115.89,115.64,115.64,600
2026-03-26 11:10:00,115.62,115.7,115.62,115.7,635
2026-03-26 11:15:00,115.55,115.55,115.46,115.5249,460
2026-03-26 11:20:00,115.51,115.5401,115.51,115.5282,372
2026-03-26 11:25:00,115.57,115.71,115.57,115.71,729
2026-03-26 11:30:00,115.49,115.525,115.48,115.525,466
2026-03-26 11:35:00,115.58,115.76,115.58,115.76,300
2026-03-26 11:40:00,115.78,115.78,115.7,115.7,430
2026-03-26 11:45:00,115.75,115.92,115.75,115.92,916
2026-03-26 12:00:00,116.27,116.27,116.22,116.22,1460
2026-03-26 12:05:00,116.11,116.14,116.11,116.14,200
2026-03-26 12:15:00,115.98,115.98,115.7,115.875,2582
2026-03-26 12:20:00,115.8084,115.8084,115.52,115.62,1340
2026-03-26 12:25:00,115.65,115.65,115.29,115.29,202
2026-03-26 12:30:00,115.14,115.15,115.03,115.145,1000
2026-03-26 12:35:00,115.15,115.16,115.01,115.01,2300
2026-03-26 12:40:00,115.01,115.0587,114.93,114.93,2534
2026-03-26 12:45:00,114.8,114.8,114.63,114.63,1114
2026-03-26 12:50:00,114.6,114.9,114.55,114.9,911
2026-03-26 12:55:00,114.935,114.935,114.88,114.89,1225
2026-03-26 13:00:00,115.0,115.0,115.0,115.0,300
2026-03-26 13:15:00,114.87,114.935,114.87,114.935,240
2026-03-26 13:20:00,114.85,114.85,114.83,114.83,200
2026-03-26 13:25:00,114.715,114.8,114.7,114.8,300
2026-03-26 13:30:00,114.97,114.97,114.97,114.97,500
2026-03-26 13:40:00,115.0699,115.12,114.86,114.86,564
2026-03-26 13:45:00,114.79,114.79,114.74,114.74,900
2026-03-26 13:50:00,114.66,114.66,114.435,114.435,2040
2026-03-26 13:55:00,114.4586,114.4992,114.26,114.26,2333
2026-03-26 14:00:00,114.27,114.545,114.27,114.545,617
2026-03-26 14:05:00,114.43,114.44,114.385,114.44,400
2026-03-26 14:10:00,114.49,114.52,114.43,114.43,775
2026-03-26 14:15:00,114.4001,114.4001,114.27,114.27,632
2026-03-26 14:20:00,114.24,114.33,114.21,114.33,915
2026-03-26 14:25:00,114.26,114.305,114.1,114.1,800
2026-03-26 14:30:00,114.253,114.35,114.253,114.28,989
2026-03-26 14:35:00,114.325,114.34,114.325,114.34,500
2026-03-26 14:40:00,114.38,114.38,114.23,114.23,300
2026-03-26 14:45:00,114.26,114.26,114.26,114.26,100
2026-03-26 14:50:00,114.33,114.33,114.33,114.33,150
2026-03-26 14:55:00,114.35,114.35,114.285,114.33,6246
2026-03-26 15:00:00,114.35,114.35,114.17,114.17,800
2026-03-26 15:05:00,114.0,114.0,113.92,114.0,1526
2026-03-26 15:10:00,113.97,113.97,113.88,113.97,1570
2026-03-26 15:15:00,114.2,114.2,114.18,114.186,740
2026-03-26 15:20:00,114.13,114.13,114.085,114.11,1672
2026-03-26 15:25:00,114.03,114.08,113.95,113.98,600
2026-03-26 15:30:00,114.07,114.07,113.88,113.98,1100
2026-03-26 15:35:00,114.17,114.17,114.0543,114.0543,488
2026-03-26 15:40:00,114.05,114.12,113.92,113.92,770
2026-03-26 15:45:00,113.82,113.94,113.82,113.94,400
2026-03-26 15:50:00,113.955,113.99,113.8,113.8,5426
2026-03-26 15:55:00,113.8,113.855,113.76,113.83,13516
2026-03-26 16:00:00,113.84,113.84,113.76,113.76,790
2026-03-26 16:10:00,114.82,114.82,114.82,114.82,120
2026-03-27 04:35:00,114.0,114.0,114.0,114.0,200
2026-03-27 08:15:00,113.5,114.0,113.5,114.0,1500
2026-03-27 09:30:00,112.82,112.87,112.4805,112.845,5913
2026-03-27 09:35:00,112.23,112.81,112.2,112.81,3284
2026-03-27 09:40:00,112.695,112.695,112.4387,112.4387,700
2026-03-27 09:45:00,112.69,112.8,112.635,112.635,458
2026-03-27 09:50:00,112.56,112.56,111.515,111.515,2104
2026-03-27 09:55:00,111.305,111.41,111.0,111.2241,2421
2026-03-27 10:00:00,111.58,111.58,111.3301,111.58,652
2026-03-27 10:05:00,111.35,111.39,111.35,111.39,200
2026-03-27 10:10:00,111.49,111.68,111.49,111.63,307
2026-03-27 10:15:00,111.53,111.81,111.53,111.79,1660
2026-03-27 10:20:00,111.8699,111.8699,111.32,111.39,900
2026-03-27 10:25:00,111.25,111.25,111.0,111.0,900
2026-03-27 10:30:00,111.17,111.33,111.08,111.11,667
2026-03-27 10:35:00,110.9,110.9,110.9,110.9,100
2026-03-27 10:40:00,111.08,111.08,110.86,110.86,509
2026-03-27 10:45:00,111.03,111.28,110.93,111.28,1211
2026-03-27 10:50:00,111.46,111.57,111.45,111.5,2243
2026-03-27 10:55:00,111.41,111.555,111.41,111.555,1001
2026-03-27 11:00:00,111.53,111.6907,111.53,111.6907,215
2026-03-27 11:05:00,111.53,111.58,111.53,111.58,329
2026-03-27 11:10:00,111.5239,111.6,111.438,111.44,3700
2026-03-27 11:15:00,111.33,111.35,111.26,111.335,2140
2026-03-27 11:20:00,111.36,112.015,111.36,111.73,2073
2026-03-27 11:25:00,111.57,111.64,111.57,111.64,360
2026-03-27 11:35:00,112.36,112.43,112.09,112.09,6275
2026-03-27 11:45:00,111.91,112.04,111.91,112.01,1513
2026-03-27 11:50:00,112.12,112.12,112.05,112.05,310
2026-03-27 11:55:00,111.99,112.055,111.9,111.9,5334
2026-03-27 12:00:00,111.725,111.74,111.725,111.74,200
2026-03-27 12:05:00,111.51,111.51,111.5,111.5,200
2026-03-27 12:10:00,111.555,111.555,111.47,111.51,550
2026-03-27 12:15:00,111.45,111.45,111.42,111.42,275
2026-03-27 12:20:00,111.48,111.48,111.44,111.48,464
2026-03-27 12:25:00,111.37,111.37,111.31,111.365,300
2026-03-27 12:30:00,111.34,111.34,111.25,111.25,476
2026-03-27 12:35:00,111.3407,111.3407,111.1,111.1,1562
2026-03-27 12:40:00,111.08,111.08,111.08,111.08,200
2026-03-27 12:45:00,111.36,111.4,111.36,111.4,431
2026-03-27 12:50:00,111.37,111.39,111.218,111.218,600
2026-03-27 12:55:00,111.23,111.24,111.23,111.24,374
2026-03-27 13:00:00,111.16,111.16,111.032,111.032,2096
2026-03-27 13:05:00,111.04,111.35,111.005,111.195,1503
2026-03-27 13:10:00,111.255,111.255,111.1,111.1,2536
2026-03-27 13:15:00,111.1406,111.145,110.9001,110.935,2428
2026-03-27 13:20:00,110.86,110.86,110.75,110.785,812
2026-03-27 13:25:00,110.65,110.67,110.51,110.51,2320
2026-03-27 13:30:00,110.5429,110.5801,110.535,110.5801,2191
2026-03-27 13:35:00,110.62,110.62,110.58,110.6,960
2026-03-27 13:40:00,110.57,110.57,110.34,110.35,2108
2026-03-27 13:45:00,110.42,110.42,110.325,110.39,549
2026-03-27 13:50:00,110.355,110.355,110.29,110.29,388
2026-03-27 13:55:00,110.24,110.24,110.11,110.11,650
2026-03-27 14:05:00,110.18,110.215,110.16,110.215,925
2026-03-27 14:10:00,110.16,110.18,110.125,110.125,4690
2026-03-27 14:15:00,110.4,110.43,110.36,110.36,381
2026-03-27 14:20:00,110.415,110.415,110.28,110.28,642
2026-03-27 14:25:00,110.23,110.35,110.23,110.35,457
2026-03-27 14:30:00,110.4,110.415,110.4,110.415,200
2026-03-27 14:35:00,110.5,110.5,110.45,110.45,428
2026-03-27 14:40:00,110.44,110.72,110.42,110.51,1600
2026-03-27 14:45:00,110.475,110.475,110.405,110.405,365
2026-03-27 14:50:00,110.41,110.41,110.37,110.37,200
2026-03-27 14:55:00,110.33,110.355,110.32,110.32,402
2026-03-27 15:00:00,110.28,110.28,110.28,110.28,725
2026-03-27 15:05:00,110.255,110.28,110.218,110.218,884
2026-03-27 15:15:00,110.44,110.52,110.43,110.52,550
2026-03-27 15:20:00,110.52,110.58,110.45,110.46,1630
2026-03-27 15:30:00,110.43,110.6,110.43,110.6,2150
2026-03-27 15:35:00,110.515,110.515,110.4714,110.4714,393
2026-03-27 15:40:00,110.4595,110.4595,110.22,110.225,1064
2026-03-27 15:45:00,110.12,110.22,110.02,110.165,1778
2026-03-27 15:50:00,110.01,110.145,109.97,110.145,4510
2026-03-27 15:55:00,110.37,110.38,110.18,110.27,5094
2026-03-27 16:00:00,110.22,110.22,110.22,110.22,1657
2026-03-27 18:15:00,109.99,110.03,109.99,110.0,4600
2026-03-27 19:00:00,110.03,110.03,110.03,110.03,143
2026-03-30 04:00:00,110.0,110.0,110.0,110.0,1852
2026-03-30 07:15:00,110.22,110.22,110.22,110.22,310
2026-03-30 08:40:00,111.02,111.02,111.02,111.02,100
2026-03-30 09:30:00,111.38,111.38,110.865,111.02,6082
2026-03-30 09:35:00,110.585,110.6027,109.63,109.68,6467
2026-03-30 09:40:00,109.54,109.66,109.21,109.66,4300
2026-03-30 09:45:00,109.84,109.84,109.02,109.22,2335
2026-03-30 09:50:00,109.19,109.28,108.895,108.895,2562
2026-03-30 09:55:00,108.72,108.725,108.04,108.25,11407
2026-03-30 10:00:00,108.365,108.77,108.36,108.77,6005
2026-03-30 10:05:00,108.6335,108.79,108.4184,108.79,3760
2026-03-30 10:10:00,108.94,109.2,108.69,109.2,4082
2026-03-30 10:15:00,109.16,109.16,108.66,108.66,1488
2026-03-30 10:20:00,108.7,108.88,108.58,108.735,10967
2026-03-30 10:25:00,108.76,108.76,108.42,108.44,1400
2026-03-30 10:30:00,108.495,108.835,108.24,108.24,2260
2026-03-30 10:35:00,108.27,108.32,108.0,108.16,1600
2026-03-30 10:40:00,108.03,108.04,107.57,107.6,8033
2026-03-30 10:45:00,107.595,108.27,107.5,108.27,2812
2026-03-30 10:50:00,108.1,108.1,108.03,108.08,1111
2026-03-30 10:55:00,108.04,108.56,108.04,108.56,400
2026-03-30 11:00:00,108.64,108.85,108.64,108.8436,2065
2026-03-30 11:05:00,108.8707,108.8707,108.4,108.4,1183
2026-03-30 11:10:00,108.48,108.48,108.39,108.405,1933
2026-03-30 11:15:00,108.3,108.3,107.84,107.99,1600
2026-03-30 11:20:00,107.98,108.155,107.98,108.12,1450
2026-03-30 11:25:00,108.3147,108.3233,108.1201,108.15,1577
2026-03-30 11:30:00,108.1209,108.31,108.07,108.31,2305
2026-03-30 11:35:00,108.61,108.715,108.58,108.635,600
2026-03-30 11:40:00,108.475,108.66,108.475,108.66,400
2026-03-30 11:45:00,108.67,108.67,108.505,108.52,4483
2026-03-30 11:50:00,108.57,108.82,108.57,108.66,2798
2026-03-30 11:55:00,108.53,108.53,108.4,108.4,600
2026-03-30 12:00:00,108.14,108.14,107.88,107.915,1710
2026-03-30 12:05:00,107.97,107.99,107.97,107.975,438
2026-03-30 12:10:00,107.88,108.0,107.88,107.97,6000
2026-03-30 12:15:00,107.8,107.8,107.71,107.8,2500
2026-03-30 12:20:00,107.69,107.69,107.54,107.63,3000
2026-03-30 12:25:00,107.4551,107.4551,107.4551,107.4551,122
2026-03-30 12:30:00,107.49,107.59,107.49,107.59,560
2026-03-30 12:35:00,107.5,107.69,107.5,107.69,3084
2026-03-30 12:40:00,107.67,107.67,107.67,107.67,100
2026-03-30 12:45:00,107.56,107.56,107.56,107.56,300
2026-03-30 12:50:00,107.525,107.525,107.34,107.34,7129
2026-03-30 12:55:00,107.33,107.35,107.1901,107.195,1255
2026-03-30 13:00:00,107.29,107.29,107.25,107.25,728
2026-03-30 13:05:00,107.29,107.29,107.27,107.27,200
2026-03-30 13:10:00,107.17,107.17,107.17,107.17,230
2026-03-30 13:15:00,106.92,106.92,106.86,106.895,696
2026-03-30 13:20:00,106.87,106.87,106.87,106.87,100
2026-03-30 13:25:00,106.79,106.88,106.79,106.88,200
2026-03-30 13:30:00,106.54,106.55,106.53,106.55,850
2026-03-30 13:35:00,106.59,106.75,106.57,106.71,1924
2026-03-30 13:40:00,106.69,106.815,106.69,106.78,1578
2026-03-30 13:45:00,106.82,106.995,106.65,106.65,3114
2026-03-30 13:50:00,106.57,106.66,106.57,106.6211,2109
2026-03-30 13:55:00,106.69,106.69,106.45,106.595,5631
2026-03-30 14:00:00,106.56,106.56,106.56,106.56,100
2026-03-30 14:05:00,106.54,106.56,106.41,106.41,900
2026-03-30 14:10:00,106.42,106.52,106.4,106.52,1027
2026-03-30 14:15:00,106.5,106.5,106.42,106.49,620
2026-03-30 14:20:00,106.61,106.71,106.53,106.555,7893
2026-03-30 14:25:00,106.42,106.42,106.41,106.41,243
2026-03-30 14:30:00,106.445,106.5,106.445,106.5,700
2026-03-30 14:35:00,106.595,106.64,106.4863,106.4863,5944
2026-03-30 14:40:00,106.42,106.47,106.35,106.365,3354
2026-03-30 14:45:00,106.4994,106.4994,106.37,106.41,1540
2026-03-30 14:50:00,106.32,106.32,106.1118,106.1118,992
2026-03-30 14:55:00,106.15,106.175,105.97,105.99,930
2026-03-30 15:00:00,106.03,106.1,106.03,106.04,856
2026-03-30 15:05:00,105.92,105.92,105.7001,105.7001,200
2026-03-30 15:10:00,105.69,105.69,105.6,105.65,744
2026-03-30 15:15:00,105.675,105.89,105.675,105.83,18710
2026-03-30 15:20:00,105.77,105.85,105.7,105.82,1706
2026-03-30 15:25:00,105.8,105.8,105.64,105.69,2192
2026-03-30 15:30:00,105.82,105.82,105.6,105.71,9870
2026-03-30 15:35:00,105.86,105.99,105.82,105.9,2916
2026-03-30 15:40:00,105.92,106.17,105.92,106.16,8834
2026-03-30 15:45:00,106.09,106.24,106.09,106.18,2419
2026-03-30 15:50:00,106.18,106.34,106.18,106.2801,3075
2026-03-30 15:55:00,106.37,106.52,106.35,106.46,2798
2026-03-30 16:00:00,106.46,106.46,106.46,106.46,1184
2026-03-30 17:05:00,105.5044,105.5044,105.5044,105.5044,107
2026-03-31 09:00:00,108.5,108.5,108.5,108.5,140
2026-03-31 09:05:00,108.75,108.75,108.75,108.75,100
2026-03-31 09:30:00,108.32,108.8141,108.32,108.75,7289
2026-03-31 09:35:00,108.8362,108.8362,108.42,108.72,1707
2026-03-31 09:40:00,108.81,109.0,108.625,108.625,4270
2026-03-31 09:45:00,108.8,108.97,108.77,108.9,2959
2026-03-31 09:50:00,109.15,109.18,109.06,109.13,1085
2026-03-31 09:55:00,109.5,109.5,109.2,109.2,900
2026-03-31 10:00:00,109.51,109.52,109.34,109.41,3102
2026-03-31 10:05:00,109.45,109.45,109.08,109.08,3242
2026-03-31 10:10:00,109.12,109.27,109.01,109.27,3042
2026-03-31 10:15:00,109.415,109.75,109.3801,109.56,3390
2026-03-31 10:20:00,109.5,109.8,109.45,109.71,3914
2026-03-31 10:25:00,109.57,109.83,109.53,109.77,1208
2026-03-31 10:30:00,109.63,109.78,109.55,109.78,400
2026-03-31 10:35:00,109.57,109.57,109.34,109.34,2000
2026-03-31 10:40:00,109.46,109.46,109.23,109.23,200
2026-03-31 10:45:00,109.23,109.27,109.0,109.0,651
2026-03-31 10:50:00,108.85,108.85,108.7,108.75,556
2026-03-31 10:55:00,108.56,108.8,108.56,108.7517,881
2026-03-31 11:00:00,108.9591,109.27,108.9591,109.05,2658
2026-03-31 11:05:00,109.21,109.63,109.21,109.405,2311
2026-03-31 11:10:00,109.44,109.91,109.44,109.91,200
2026-03-31 11:15:00,110.0,110.0,109.69,109.69,1876
2026-03-31 11:20:00,109.61,109.61,109.53,109.53,600
2026-03-31 11:25:00,109.73,109.73,109.28,109.36,7129
2026-03-31 11:30:00,109.28,109.28,109.185,109.185,2129
2026-03-31 11:35:00,109.45,109.46,109.31,109.31,816
2026-03-31 11:40:00,109.25,109.25,109.1,109.1,500
2026-03-31 11:45:00,109.05,109.0899,108.99,108.991,1060
2026-03-31 11:50:00,108.961,109.1771,108.961,109.06,10012
2026-03-31 11:55:00,109.01,109.01,108.74,108.74,2258
2026-03-31 12:00:00,109.03,109.03,108.92,108.97,504
2026-03-31 12:05:00,109.1,109.2087,109.1,109.2087,577
2026-03-31 12:10:00,109.17,109.17,108.91,109.09,1888
2026-03-31 12:15:00,109.09,109.28,109.09,109.2,2480
2026-03-31 12:20:00,109.2426,109.46,109.21,109.46,1165
2026-03-31 12:25:00,109.47,109.52,109.395,109.395,2000
2026-03-31 12:30:00,109.345,109.38,109.345,109.38,200
2026-03-31 12:35:00,109.49,109.89,109.45,109.89,1200
2026-03-31 12:40:00,111.08,112.11,111.08,111.51,4650
2026-03-31 12:45:00,111.37,111.37,110.76,110.83,4041
2026-03-31 12:50:00,111.28,111.28,111.28,111.28,324
2026-03-31 12:55:00,111.05,111.14,110.88,111.14,2391
2026-03-31 13:00:00,111.16,111.7,111.16,111.7,3524
2026-03-31 13:05:00,111.46,111.67,111.33,111.35,1331
2026-03-31 13:10:00,111.32,111.62,111.32,111.565,1674
2026-03-31 13:15:00,111.98,112.1099,111.9393,112.1098,533
2026-03-31 13:20:00,112.165,112.36,112.15,112.2,3893
2026-03-31 13:25:00,111.85,111.85,111.85,111.85,100
2026-03-31 13:30:00,112.0599,112.274,112.01,112.274,850
2026-03-31 13:35:00,112.25,112.2971,111.57,111.57,2625
2026-03-31 13:40:00,111.66,111.68,111.525,111.66,8256
2026-03-31 13:45:00,111.7,111.81,111.7,111.79,800
2026-03-31 13:50:00,111.84,111.84,111.7,111.7,1205
2026-03-31 13:55:00,111.55,111.55,111.53,111.53,600
2026-03-31 14:00:00,111.74,111.83,111.71,111.83,556
2026-03-31 14:05:00,111.835,111.91,111.8003,111.91,818
2026-03-31 14:10:00,112.0,112.0,111.83,111.96,1533
2026-03-31 14:15:00,112.12,112.17,112.02,112.02,1739
2026-03-31 14:20:00,112.015,112.015,112.015,112.015,312
2026-03-31 14:25:00,112.02,112.02,112.02,112.02,100
2026-03-31 14:35:00,112.09,112.32,112.09,112.31,3442
2026-03-31 14:45:00,112.2,112.3,112.19,112.2531,1036
2026-03-31 14:50:00,112.35,112.4,112.29,112.32,4592
2026-03-31 14:55:00,112.27,112.33,112.27,112.33,1100
2026-03-31 15:00:00,112.39,112.41,112.37,112.41,1000
2026-03-31 15:05:00,112.35,112.35,112.21,112.21,700
2026-03-31 15:10:00,112.29,112.47,112.29,112.36,707
2026-03-31 15:15:00,112.3572,112.5,112.29,112.39,936
2026-03-31 15:20:00,112.47,112.52,112.47,112.51,1292
2026-03-31 15:25:00,112.48,112.48,112.34,112.34,440
2026-03-31 15:30:00,112.5,112.5,112.3228,112.36,483
2026-03-31 15:35:00,112.345,112.46,112.345,112.46,200
2026-03-31 15:40:00,112.42,112.43,112.34,112.34,2319
2026-03-31 15:45:00,112.4,112.73,112.4,112.6783,30228
2026-03-31 15:50:00,112.73,112.78,112.5,112.51,1903
2026-03-31 15:55:00,112.535,112.56,112.44,112.55,8490
2026-03-31 16:00:00,112.45,112.5,112.45,112.5,1377
2026-03-31 17:55:00,112.8413,112.8413,112.8413,112.8413,300
2026-03-31 18:15:00,112.91,112.91,112.91,112.91,223
2026-03-31 19:35:00,112.91,112.91,112.91,112.91,100
2026-03-31 19:45:00,113.26,113.26,113.26,113.26,125
2026-04-01 07:20:00,114.5,114.5,114.5,114.5,300
2026-04-01 09:30:00,114.45,114.8723,114.14,114.8723,12812
2026-04-01 09:35:00,114.68,115.0368,114.68,115.025,2254
2026-04-01 09:40:00,115.17,115.2,114.48,114.495,5101
2026-04-01 09:45:00,114.55,114.635,114.3105,114.41,3892
2026-04-01 09:50:00,114.45,114.9299,114.45,114.9299,5600
2026-04-01 09:55:00,114.715,114.93,114.715,114.85,1130
2026-04-01 10:00:00,115.2,115.2,114.92,114.92,759
2026-04-01 10:05:00,115.03,115.03,114.53,114.85,1245
2026-04-01 10:10:00,114.91,115.0899,114.82,114.87,4266
2026-04-01 10:15:00,115.03,115.0832,114.95,114.96,2084
2026-04-01 10:20:00,115.1,115.4099,114.97,115.1,4213
2026-04-01 10:25:00,115.09,115.37,115.06,115.32,2161
2026-04-01 10:30:00,115.3508,115.48,115.12,115.12,1696
2026-04-01 10:35:00,114.96,115.34,114.78,115.34,5710
2026-04-01 10:40:00,115.16,115.3,115.16,115.3,211
2026-04-01 10:45:00,115.0798,115.22,114.94,115.22,1200
2026-04-01 10:50:00,115.25,115.34,115.25,115.3301,1755
2026-04-01 10:55:00,115.38,115.44,115.33,115.4,600
2026-04-01 11:00:00,115.45,115.45,115.29,115.32,1050
2026-04-01 11:05:00,115.425,115.4788,115.38,115.39,1450
2026-04-01 11:10:00,115.32,115.34,115.29,115.3181,974
2026-04-01 11:15:00,115.29,115.36,115.29,115.36,500
2026-04-01 11:20:00,115.34,115.37,115.2916,115.37,600
2026-04-01 11:25:00,115.46,115.46,115.31,115.31,510
2026-04-01 11:30:00,115.22,115.4,115.22,115.4,642
2026-04-01 11:35:00,115.4885,115.56,115.4885,115.53,15791
2026-04-01 11:40:00,115.65,115.65,115.65,115.65,100
2026-04-01 11:45:00,115.685,115.73,115.685,115.73,1420
2026-04-01 11:50:00,115.7699,115.91,115.76,115.9,1872
2026-04-01 11:55:00,115.865,116.01,115.86,115.975,4522
2026-04-01 12:00:00,115.97,115.97,115.86,115.9362,1348
2026-04-01 12:05:00,115.9382,116.04,115.9382,116.0159,1630
2026-04-01 12:10:00,116.125,116.125,115.86,115.9499,1030
2026-04-01 12:15:00,115.87,115.87,115.82,115.86,1905
2026-04-01 12:20:00,115.85,115.88,115.82,115.872,400
2026-04-01 12:25:00,115.79,115.81,115.74,115.74,5042
2026-04-01 12:30:00,115.68,115.685,115.63,115.63,1992
2026-04-01 12:35:00,115.72,115.78,115.72,115.78,1721
2026-04-01 12:40:00,115.73,115.785,115.7,115.785,2368
2026-04-01 12:45:00,115.8119,115.8119,115.78,115.8096,600
2026-04-01 12:50:00,115.85,115.87,115.85,115.87,400
2026-04-01 12:55:00,115.82,115.82,115.7533,115.81,1222
2026-04-01 13:00:00,115.75,115.88,115.75,115.88,1074
2026-04-01 13:05:00,116.01,116.07,115.95,115.95,1790
2026-04-01 13:10:00,115.93,115.93,115.93,115.93,100
2026-04-01 13:15:00,115.93,115.93,115.85,115.9,865
2026-04-01 13:25:00,115.75,115.77,115.7368,115.756,500
2026-04-01 13:30:00,115.71,115.71,115.7,115.7,250
2026-04-01 13:35:00,115.6,115.61,115.59,115.59,300
2026-04-01 13:40:00,115.63,115.63,115.545,115.545,632
2026-04-01 13:45:00,115.585,115.585,115.49,115.58,2051
2026-04-01 13:50:00,115.6,115.62,115.555,115.555,400
2026-04-01 13:55:00,115.555,115.58,115.35,115.36,2632
2026-04-01 14:00:00,115.28,115.28,114.9,114.9,1710
2026-04-01 14:05:00,115.03,115.1,114.965,114.98,2300
2026-04-01 14:10:00,114.9353,114.9803,114.9353,114.97,374
2026-04-01 14:15:00,114.8889,114.8889,114.47,114.48,1744
2026-04-01 14:20:00,114.59,114.59,114.28,114.28,1100
2026-04-01 14:25:00,114.23,114.47,114.23,114.39,1688
2026-04-01 14:30:00,114.36,114.385,114.36,114.385,200
2026-04-01 14:35:00,114.18,114.34,114.055,114.31,2181
2026-04-01 14:40:00,114.39,114.77,114.39,114.65,2062
2026-04-01 14:45:00,114.53,114.53,114.4,114.49,725
2026-04-01 14:50:00,114.485,114.485,114.44,114.44,418
2026-04-01 14:55:00,114.39,114.3991,114.39,114.3991,200
2026-04-01 15:00:00,114.335,114.56,114.335,114.56,1000
2026-04-01 15:05:00,114.6,114.715,114.6,114.625,1530
2026-04-01 15:10:00,114.61,114.71,114.535,114.66,4200
2026-04-01 15:15:00,114.69,114.75,114.68,114.75,800
2026-04-01 15:20:00,114.78,114.79,114.67,114.79,1348
2026-04-01 15:25:00,114.91,114.96,114.91,114.9499,1620
2026-04-01 15:30:00,114.92,114.92,114.81,114.81,917
2026-04-01 15:35:00,114.88,114.88,114.8301,114.87,300
2026-04-01 15:40:00,114.96,114.96,114.83,114.83,3057
2026-04-01 15:45:00,114.8201,114.89,114.8201,114.89,875
2026-04-01 15:50:00,114.79,114.79,114.58,114.63,3011
2026-04-01 15:55:00,114.59,114.6,114.49,114.49,3839
2026-04-01 16:00:00,114.51,114.51,114.51,114.51,978
2026-04-01 16:15:00,114.52,114.52,114.52,114.52,100
2026-04-01 19:05:00,114.56,114.56,114.56,114.56,100
2026-04-02 04:00:00,112.5,112.5,112.5,112.5,299
2026-04-02 07:15:00,111.38,111.38,111.38,111.38,899
2026-04-02 08:25:00,110.01,110.01,110.01,110.01,185
2026-04-02 09:20:00,110.1417,110.1417,110.1417,110.1417,200
2026-04-02 09:30:00,110.55,111.755,110.55,111.462,50421
2026-04-02 09:35:00,111.38,111.38,111.11,111.3093,1915
2026-04-02 09:40:00,111.3,111.3,111.11,111.205,400
2026-04-02 09:45:00,111.985,112.12,111.97,112.07,2240
2026-04-02 09:50:00,112.185,113.0,112.185,113.0,400
2026-04-02 09:55:00,112.68,113.05,112.68,113.05,200
2026-04-02 10:00:00,112.99,113.045,112.91,112.965,1401
2026-04-02 10:05:00,112.99,113.7172,112.99,113.71,1019
2026-04-02 10:10:00,113.57,114.05,113.57,113.915,2467
2026-04-02 10:15:00,113.59,113.79,113.51,113.79,2920
2026-04-02 10:20:00,113.77,113.94,113.77,113.81,860
2026-04-02 10:25:00,113.73,113.73,113.48,113.59,740
2026-04-02 10:30:00,113.75,114.17,113.74,114.135,2636
2026-04-02 10:35:00,114.4,116.05,114.38,115.48,6598
2026-04-02 10:40:00,115.29,115.31,114.98,115.23,6261
2026-04-02 10:45:00,115.47,115.47,114.97,115.0651,1274
2026-04-02 10:50:00,114.56,114.92,114.52,114.9,1671
2026-04-02 10:55:00,115.19,115.25,115.13,115.25,573
2026-04-02 11:00:00,115.13,115.205,114.67,114.925,2136
2026-04-02 11:05:00,114.93,114.93,114.93,114.93,109
2026-04-02 11:10:00,115.02,115.31,115.02,115.31,1196
2026-04-02 11:15:00,115.105,115.19,115.105,115.19,1501
2026-04-02 11:20:00,114.86,115.01,114.8109,115.01,639
2026-04-02 11:25:00,114.95,114.95,114.95,114.95,100
2026-04-02 11:30:00,115.01,115.04,114.71,114.81,2275
2026-04-02 11:35:00,114.88,115.2,114.88,115.14,700
2026-04-02 11:40:00,114.89,115.15,114.89,115.15,760
2026-04-02 11:45:00,115.07,115.07,114.82,114.82,728
2026-04-02 11:50:00,114.54,114.75,114.525,114.75,1300
2026-04-02 11:55:00,114.945,114.96,114.78,114.78,301
2026-04-02 12:00:00,114.89,115.01,114.89,115.01,500
2026-04-02 12:05:00,114.77,114.77,114.41,114.57,791
2026-04-02 12:10:00,114.42,114.51,114.42,114.51,627
2026-04-02 12:15:00,114.45,114.45,114.21,114.21,624
2026-04-02 12:20:00,113.95,114.1,113.95,114.1,741
2026-04-02 12:25:00,113.915,113.96,113.915,113.96,1005
2026-04-02 12:30:00,113.935,114.2294,113.935,114.2294,400
2026-04-02 12:35:00,114.09,114.09,113.86,113.955,2471
2026-04-02 12:40:00,114.03,114.31,114.03,114.26,800
2026-04-02 12:50:00,114.325,114.37,114.22,114.35,772
2026-04-02 12:55:00,114.32,114.32,114.32,114.32,100
2026-04-02 13:00:00,114.11,114.11,114.03,114.1,760
2026-04-02 13:05:00,114.105,114.14,113.9801,113.9801,755
2026-04-02 13:10:00,114.08,114.21,114.0154,114.21,2223
2026-04-02 13:15:00,114.43,114.43,114.43,114.43,108
2026-04-02 13:20:00,114.36,114.36,114.36,114.36,160
2026-04-02 13:25:00,114.27,114.27,114.27,114.27,100
2026-04-02 13:30:00,114.235,114.29,114.235,114.29,691
2026-04-02 13:40:00,114.22,114.26,114.18,114.26,420
2026-04-02 13:45:00,114.235,114.235,113.89,113.89,300
2026-04-02 13:50:00,113.89,114.03,113.89,114.0,1373
2026-04-02 13:55:00,114.0,114.0,113.83,113.9,1740
2026-04-02 14:00:00,113.94,113.98,113.94,113.98,357
2026-04-02 14:05:00,114.015,114.015,113.975,113.975,532
2026-04-02 14:10:00,113.995,114.07,113.96,114.015,1822
2026-04-02 14:15:00,113.94,114.02,113.94,114.02,400
2026-04-02 14:20:00,113.99,114.06,113.99,114.06,502
2026-04-02 14:25:00,113.91,113.91,113.91,113.91,125
2026-04-02 14:30:00,113.9,114.0,113.88,113.88,478
2026-04-02 14:35:00,114.0,114.0,114.0,114.0,170
2026-04-02 14:40:00,114.01,114.13,114.01,114.13,400
2026-04-02 14:45:00,114.2,114.2,114.2,114.2,279
2026-04-02 14:50:00,114.25,114.25,114.2301,114.2301,2166
2026-04-02 14:55:00,114.245,114.245,114.245,114.245,131
2026-04-02 15:00:00,114.23,114.23,114.23,114.23,209
2026-04-02 15:05:00,114.206,114.44,114.206,114.3701,599
2026-04-02 15:10:00,114.45,114.51,114.425,114.425,1637
2026-04-02 15:15:00,114.34,114.34,114.32,114.32,787
2026-04-02 15:20:00,114.32,114.435,114.31,114.435,592
2026-04-02 15:25:00,114.34,114.4,114.34,114.4,705
2026-04-02 15:30:00,114.43,114.5,114.4,114.4,1405
2026-04-02 15:35:00,114.43,114.49,114.4006,114.49,800
2026-04-02 15:40:00,114.53,114.68,114.53,114.68,6036
2026-04-02 15:45:00,114.56,114.64,114.56,114.64,665
2026-04-02 15:50:00,114.67,114.84,114.67,114.84,200
2026-04-02 15:55:00,114.79,114.96,114.77,114.94,4044
2026-04-02 16:00:00,114.9,114.9,114.9,114.9,945
2026-04-02 16:05:00,114.87,114.87,114.87,114.87,179
2026-04-02 17:15:00,114.41,114.41,114.41,114.41,100
2026-04-02 18:00:00,114.0604,114.0604,114.0604,114.0604,149
2026-04-02 19:25:00,114.74,114.74,114.7,114.74,408
