2026-03-04 12:45:00,42.28,42.28,42.28,42.28,100
2026-03-05 10:45:00,42.03,42.03,42.03,42.03,100
2026-03-05 14:45:00,41.85,41.85,41.85,41.85,100
2026-03-09 11:00:00,41.33,41.33,41.33,41.33,100
2026-03-09 12:50:00,41.535,41.54,41.53,41.54,604
2026-03-09 15:15:00,41.56,41.56,41.56,41.56,100
2026-03-10 14:00:00,42.02,42.02,42.02,42.02,180
2026-03-10 14:05:00,42.0,42.0,42.0,42.0,200
2026-03-10 14:10:00,42.01,42.01,42.01,42.01,100
2026-03-10 14:15:00,41.89,41.89,41.83,41.83,200
2026-03-11 11:00:00,41.85,41.85,41.85,41.85,100
2026-03-11 12:30:00,41.66,41.66,41.66,41.66,103
2026-03-12 11:35:00,41.42,41.42,41.42,41.42,100
2026-03-16 12:45:00,41.43,41.43,41.43,41.43,600
2026-03-19 12:00:00,40.89,40.89,40.89,40.89,100
2026-03-23 10:45:00,41.12,41.12,41.12,41.12,169
2026-03-23 11:55:00,40.97,40.97,40.97,40.97,130540
2026-03-23 12:00:00,40.96,40.96,40.96,40.96,284529
2026-03-23 12:35:00,40.87,40.87,40.87,40.87,600
2026-03-23 13:00:00,40.87,40.89,40.87,40.89,216
2026-03-23 13:30:00,40.91,40.91,40.91,40.91,100
2026-03-23 13:35:00,40.96,40.96,40.96,40.96,100
2026-03-23 14:30:00,41.05,41.05,40.99,40.99,300
2026-03-23 14:50:00,41.045,41.045,41.045,41.045,511
2026-03-23 15:45:00,41.0017,41.0017,41.0017,41.0017,167
2026-03-24 10:10:00,40.8,40.8,40.7,40.7242,420
2026-03-24 10:40:00,40.72,40.72,40.72,40.72,100
2026-03-24 10:50:00,40.76,40.76,40.75,40.76,900
2026-03-24 10:55:00,40.77,40.7701,40.76,40.7601,4110
2026-03-24 12:45:00,40.79,40.82,40.77,40.82,2790
2026-03-24 13:10:00,40.66,40.66,40.66,40.66,100
2026-03-24 13:30:00,40.6816,40.6816,40.6816,40.6816,485
2026-03-24 13:40:00,40.7,40.7,40.7,40.7,100
2026-03-24 13:50:00,40.69,40.69,40.69,40.69,100
2026-03-24 13:55:00,40.745,40.745,40.745,40.745,140
2026-03-24 14:30:00,40.78,40.78,40.78,40.78,100
2026-03-24 14:40:00,40.8,40.8,40.8,40.8,100
2026-03-24 14:55:00,40.79,40.79,40.79,40.79,100
2026-03-25 14:55:00,40.9,40.9,40.9,40.9,100
2026-03-25 15:25:00,40.92,40.92,40.92,40.92,105
2026-03-25 15:55:00,40.84,40.84,40.84,40.84,100
2026-03-26 10:55:00,40.71,40.71,40.65,40.65,413
2026-03-26 13:40:00,40.49,40.49,40.49,40.49,100
2026-03-26 15:15:00,40.46,40.46,40.41,40.41,300
2026-03-27 10:15:00,40.115,40.115,40.115,40.115,113
2026-03-27 11:05:00,40.13,40.13,40.12,40.1201,1238
2026-03-27 13:45:00,40.0,40.0,40.0,40.0,117
2026-03-27 15:55:00,39.86,39.86,39.86,39.86,100
2026-03-30 09:30:00,40.22,40.22,40.22,40.22,361
2026-03-30 09:40:00,40.08,40.08,40.08,40.08,100
2026-03-30 10:15:00,39.985,39.985,39.985,39.985,371
2026-03-30 10:45:00,40.01,40.01,40.01,40.01,3987
2026-03-30 11:05:00,40.03,40.03,40.03,40.03,100
2026-03-30 12:55:00,39.95,40.0199,39.95,40.01,3028
2026-03-30 13:15:00,39.91,39.91,39.91,39.91,100
2026-03-30 13:20:00,39.94,39.94,39.94,39.94,398391
2026-03-30 13:25:00,39.94,39.94,39.94,39.94,190613
2026-03-30 13:30:00,39.86,39.86,39.86,39.86,100
2026-03-30 14:30:00,39.9,39.91,39.845,39.91,464
2026-03-31 10:00:00,40.295,40.295,40.295,40.295,126
2026-03-31 10:15:00,40.2788,40.2788,40.2788,40.2788,378
2026-03-31 10:40:00,40.22,40.22,40.22,40.22,200
2026-03-31 11:05:00,40.26,40.26,40.26,40.26,100
2026-03-31 12:55:00,40.445,40.445,40.445,40.445,155
2026-03-31 13:35:00,40.44,40.44,40.44,40.44,100
2026-04-01 10:20:00,40.845,40.9,40.845,40.9,448
2026-04-01 10:35:00,40.79,40.83,40.79,40.79,1304
2026-04-01 10:40:00,40.93,40.93,40.93,40.93,1638
2026-04-01 10:50:00,40.96,40.96,40.955,40.955,1700
2026-04-01 10:55:00,40.975,40.98,40.975,40.98,1700
2026-04-01 11:00:00,40.985,40.99,40.985,40.99,1700
2026-04-01 11:10:00,40.995,41.0,40.995,41.0,1700
2026-04-01 11:15:00,40.98,40.98,40.98,40.98,1700
2026-04-01 11:20:00,40.985,40.99,40.985,40.99,1700
2026-04-01 11:25:00,40.98,40.99,40.98,40.99,1700
2026-04-01 11:30:00,40.97,40.97,40.97,40.97,1364
2026-04-01 13:55:00,40.965,40.965,40.92,40.92,600
2026-04-01 14:00:00,40.87,40.87,40.87,40.87,300
2026-04-01 14:25:00,40.815,40.88,40.815,40.8799,509
2026-04-01 15:15:00,40.85,40.85,40.85,40.85,278
2026-04-01 15:45:00,40.91,40.91,40.91,40.91,529
2026-04-01 16:00:00,40.82,40.82,40.82,40.82,133
2026-04-02 10:35:00,40.78,40.945,40.7799,40.945,712
2026-04-02 11:50:00,40.84,40.84,40.84,40.84,100
2026-04-02 12:15:00,40.8299,40.8299,40.8299,40.8299,124
2026-04-02 12:45:00,40.87,40.87,40.87,40.87,1400
2026-04-02 13:10:00,40.84,40.84,40.75,40.75,385
2026-04-02 15:00:00,40.89,40.89,40.89,40.89,281
2026-04-02 15:55:00,40.87,40.93,40.87,40.929,656
