2026-03-04 09:25:00,81.65,81.65,81.65,81.65,100
2026-03-04 09:30:00,81.98,81.98,81.98,81.98,100
2026-03-04 10:00:00,81.88,81.88,81.88,81.88,914
2026-03-04 10:10:00,81.741,81.741,81.74,81.7401,300
2026-03-04 13:10:00,82.65,82.65,82.64,82.65,300
2026-03-04 13:15:00,82.46,82.46,82.46,82.46,242
2026-03-04 13:20:00,82.6,82.6,82.6,82.6,490
2026-03-04 14:20:00,82.7312,82.7312,82.7312,82.7312,176
2026-03-04 14:40:00,83.19,83.19,83.19,83.19,443
2026-03-04 15:55:00,82.58,82.58,82.58,82.58,225
2026-03-05 09:30:00,81.32,81.32,81.32,81.32,158
2026-03-05 10:30:00,80.93,80.93,80.93,80.93,100
2026-03-05 10:35:00,80.9945,80.9945,80.9945,80.9945,176
2026-03-05 11:30:00,80.475,80.475,80.475,80.475,124
2026-03-05 11:40:00,80.7113,80.7113,80.7113,80.7113,458
2026-03-05 13:35:00,80.0,80.0,80.0,80.0,100
2026-03-05 15:15:00,80.14,80.14,80.14,80.14,362
2026-03-06 09:30:00,79.73,79.86,79.73,79.86,477
2026-03-06 09:40:00,79.46,79.46,79.13,79.13,627
2026-03-06 10:25:00,80.335,80.335,80.335,80.335,310
2026-03-06 10:45:00,80.245,80.245,80.245,80.245,142
2026-03-06 10:55:00,80.345,80.345,80.345,80.345,180
2026-03-06 11:20:00,80.32,80.32,80.32,80.32,100
2026-03-06 12:40:00,80.116,80.2,80.116,80.2,226
2026-03-06 15:35:00,80.53,80.53,80.53,80.53,100
2026-03-09 09:30:00,79.12,79.12,79.12,79.12,272
2026-03-09 09:35:00,79.38,79.5117,79.11,79.205,1405
2026-03-09 09:40:00,78.99,79.1175,78.16,78.16,1100
2026-03-09 10:10:00,78.62,78.62,78.62,78.62,100
2026-03-09 10:40:00,79.505,79.505,79.505,79.505,123
2026-03-09 10:50:00,79.48,79.48,79.48,79.48,500
2026-03-09 10:55:00,79.63,79.63,79.63,79.63,100
2026-03-09 11:15:00,79.86,79.86,79.86,79.86,100
2026-03-09 11:20:00,79.83,79.83,79.83,79.83,100
2026-03-10 09:30:00,84.16,84.16,84.16,84.16,406
2026-03-10 09:35:00,81.35,81.35,81.35,81.35,200
2026-03-10 10:00:00,81.22,81.22,81.22,81.22,200
2026-03-10 10:30:00,81.72,81.72,81.72,81.72,100
2026-03-10 10:40:00,82.36,82.78,82.36,82.78,300
2026-03-10 10:45:00,83.05,83.05,82.9208,82.9208,560
2026-03-10 13:35:00,83.35,83.35,83.35,83.35,100
2026-03-10 14:20:00,82.4,82.4,82.4,82.4,100
2026-03-10 14:45:00,82.009,82.009,82.009,82.009,100
2026-03-10 15:25:00,81.57,81.57,81.57,81.57,166
2026-03-10 15:40:00,81.45,81.605,81.45,81.605,638
2026-03-11 09:30:00,82.14,82.14,81.95,81.95,200
2026-03-11 13:35:00,81.697,81.697,81.697,81.697,100
2026-03-11 13:40:00,81.65,81.65,81.65,81.65,100
2026-03-11 15:35:00,81.79,81.79,81.79,81.79,100
2026-03-11 19:00:00,85.4458,85.4458,85.4458,85.4458,115
2026-03-12 10:05:00,79.91,79.91,79.89,79.89,400
2026-03-12 11:00:00,79.67,79.67,79.67,79.67,100
2026-03-12 14:25:00,79.44,79.44,79.44,79.44,137
2026-03-12 15:55:00,79.38,79.38,79.38,79.38,100
2026-03-13 09:40:00,80.89,80.89,80.89,80.89,100
2026-03-13 09:55:00,80.875,80.875,80.875,80.875,100
2026-03-13 10:40:00,80.54,80.54,80.54,80.54,100
2026-03-13 12:35:00,79.9669,79.9669,79.9669,79.9669,122
2026-03-13 13:35:00,79.93,79.93,79.93,79.93,100
2026-03-13 13:45:00,79.81,79.81,79.81,79.81,600
2026-03-13 14:00:00,79.81,79.81,79.81,79.81,100
2026-03-13 15:40:00,79.55,79.55,79.55,79.55,100
2026-03-16 09:35:00,81.08,81.08,81.08,81.08,100
2026-03-16 10:15:00,81.49,81.49,81.49,81.49,100
2026-03-16 10:55:00,81.534,81.534,81.534,81.534,241
2026-03-16 15:15:00,81.805,81.805,81.8,81.8,502
2026-03-16 15:20:00,81.79,81.79,81.7899,81.7899,244
2026-03-16 15:35:00,81.755,81.755,81.755,81.755,376
2026-03-16 15:55:00,81.7569,81.7569,81.7569,81.7569,110
2026-03-17 09:30:00,81.41,81.41,81.41,81.41,100
2026-03-17 09:55:00,82.425,82.55,82.425,82.55,410
2026-03-17 10:10:00,82.6,82.6,82.6,82.6,400
2026-03-17 10:15:00,82.44,82.6,82.44,82.57,1000
2026-03-17 11:00:00,82.515,82.515,82.515,82.515,1210
2026-03-17 11:05:00,82.3301,82.485,82.3301,82.485,313
2026-03-17 12:15:00,82.18,82.18,82.18,82.18,205
2026-03-18 09:30:00,80.98,80.98,80.98,80.98,125
2026-03-18 09:40:00,81.56,81.56,81.56,81.56,100
2026-03-18 10:25:00,81.47,81.47,81.47,81.47,100
2026-03-18 11:35:00,81.465,81.4906,81.465,81.4906,440
2026-03-18 14:50:00,81.155,81.155,81.155,81.155,119
2026-03-18 15:40:00,80.62,80.6201,80.62,80.6201,200
2026-03-19 09:30:00,80.5,80.5,78.08,78.26,1147
2026-03-19 09:35:00,78.485,79.54,78.485,79.54,200
2026-03-19 09:50:00,79.05,79.0501,79.05,79.0501,400
2026-03-19 10:00:00,79.59,79.59,79.59,79.59,100
2026-03-19 10:20:00,79.52,79.52,79.52,79.52,100
2026-03-19 10:35:00,79.58,79.58,79.5568,79.5568,440
2026-03-19 10:55:00,79.785,79.785,79.785,79.785,100
2026-03-19 12:20:00,79.7873,79.7873,79.7873,79.7873,110
2026-03-19 12:50:00,79.705,79.705,79.705,79.705,252
2026-03-19 13:50:00,79.89,79.89,79.89,79.89,248
2026-03-19 14:25:00,79.806,79.806,79.806,79.806,123
2026-03-20 09:30:00,79.95,79.95,79.95,79.95,245
2026-03-20 11:10:00,78.8,78.8001,78.8,78.8001,200
2026-03-20 11:30:00,78.78,78.78,78.78,78.78,393
2026-03-20 15:30:00,77.92,77.92,77.92,77.92,358
2026-03-23 09:30:00,80.42,80.42,80.42,80.42,651
2026-03-23 10:20:00,80.3,80.73,80.3,80.73,600
2026-03-23 10:35:00,80.685,80.685,80.685,80.685,150
2026-03-23 11:55:00,80.08,80.08,80.08,80.08,200
2026-03-23 12:05:00,79.55,79.55,79.55,79.55,405
2026-03-23 12:10:00,79.58,79.58,79.58,79.58,100
2026-03-23 12:15:00,79.51,79.51,79.5099,79.5099,200
2026-03-23 14:10:00,80.035,80.035,79.91,79.91,300
2026-03-23 14:30:00,80.08,80.08,80.08,80.08,168
2026-03-24 09:45:00,78.41,78.41,78.41,78.41,100
2026-03-24 10:00:00,78.53,78.58,78.53,78.58,400
2026-03-24 10:10:00,78.62,78.62,78.62,78.62,100
2026-03-24 10:50:00,78.69,78.9301,78.69,78.93,400
2026-03-24 11:10:00,78.9,78.9,78.9,78.9,470
2026-03-24 11:55:00,79.13,79.13,79.13,79.13,100
2026-03-24 12:00:00,78.81,78.81,78.81,78.81,203
2026-03-24 12:50:00,79.14,79.14,79.1399,79.1399,200
2026-03-24 14:00:00,78.975,78.975,78.975,78.975,101
2026-03-25 11:00:00,80.37,80.37,80.37,80.37,125
2026-03-25 14:20:00,80.498,80.498,80.498,80.498,143
2026-03-25 15:55:00,80.23,80.23,80.23,80.23,207
2026-03-26 12:00:00,78.62,78.62,78.62,78.62,175
2026-03-26 12:15:00,78.5,78.5,78.5,78.5,326
2026-03-26 15:25:00,77.6631,77.6631,77.6631,77.6631,100
2026-03-27 10:50:00,77.7399,77.7399,77.605,77.605,625
2026-03-27 14:50:00,77.06,77.06,77.03,77.03,963
2026-03-27 15:50:00,77.06,77.06,77.06,77.06,100
2026-03-30 09:30:00,77.71,77.71,77.71,77.71,152
2026-03-30 10:20:00,76.9428,76.9428,76.9428,76.9428,222
2026-03-30 11:15:00,77.15,77.15,77.15,77.15,100
2026-03-31 09:25:00,76.89,76.89,76.89,76.89,100
2026-03-31 09:30:00,77.62,77.62,77.13,77.13,1312
2026-03-31 10:30:00,77.63,77.63,77.63,77.63,376
2026-03-31 12:15:00,77.295,77.295,77.295,77.295,182
2026-03-31 13:50:00,78.4101,78.4101,78.4101,78.4101,165
2026-03-31 13:55:00,78.44,78.44,78.44,78.44,104
2026-03-31 15:50:00,79.14,79.14,79.14,79.14,100
2026-04-01 09:30:00,79.85,79.85,79.85,79.85,178
2026-04-01 10:20:00,79.975,79.975,79.975,79.975,187
2026-04-01 10:45:00,80.01,80.01,80.01,80.01,209
2026-04-02 09:50:00,77.04,77.04,77.04,77.04,100
2026-04-02 10:35:00,78.19,78.19,78.19,78.19,100
2026-04-02 10:50:00,79.52,79.52,79.52,79.52,100
2026-04-02 15:15:00,79.12,79.12,79.12,79.12,228
2026-04-02 15:25:00,78.8,78.8,78.8,78.8,650
2026-04-02 15:50:00,78.92,78.92,78.92,78.92,144
2026-04-02 15:55:00,78.955,78.955,78.71,78.955,351
