2026-03-04 14:55:00,39.5,39.5,39.49,39.49,22886
2026-03-05 10:45:00,39.27,39.285,39.26,39.285,2700
2026-03-05 11:05:00,39.22,39.22,39.22,39.22,100
2026-03-05 15:00:00,39.12,39.12,39.11,39.12,1600
2026-03-05 15:10:00,39.19,39.19,39.19,39.19,20476
2026-03-05 15:25:00,39.22,39.23,39.2,39.2,2000
2026-03-05 16:00:00,39.27,39.27,39.27,39.27,2162
2026-03-06 10:55:00,39.021,39.021,39.021,39.021,403
2026-03-06 15:00:00,39.09,39.09,39.08,39.08,25218
2026-03-06 15:25:00,38.94,38.94,38.94,38.94,100
2026-03-06 15:55:00,38.94,38.96,38.94,38.96,622
2026-03-06 16:00:00,38.97,38.97,38.97,38.97,4088
2026-03-09 10:35:00,38.63,38.63,38.63,38.63,100
2026-03-09 14:20:00,38.87,38.87,38.87,38.87,100
2026-03-09 14:30:00,38.89,38.89,38.88,38.88,66222
2026-03-09 14:55:00,38.85,38.87,38.85,38.87,900
2026-03-09 15:30:00,39.09,39.09,39.09,39.09,400
2026-03-09 15:40:00,39.13,39.13,39.13,39.13,100
2026-03-09 15:55:00,39.12,39.16,39.12,39.15,709
2026-03-09 16:00:00,39.16,39.16,39.16,39.16,3074
2026-03-10 15:00:00,39.17,39.17,39.16,39.16,23079
2026-03-10 16:00:00,39.12,39.12,39.12,39.12,1136
2026-03-11 15:15:00,39.01,39.01,39.0,39.0,20280
2026-03-12 12:45:00,38.82,38.83,38.82,38.83,300
2026-03-12 15:00:00,38.78,38.78,38.77,38.77,24459
2026-03-12 15:55:00,38.74,38.74,38.72,38.72,932
2026-03-12 16:00:00,38.73,38.73,38.73,38.73,3113
2026-03-13 10:15:00,38.77,38.77,38.75,38.77,4600
2026-03-13 14:50:00,38.67,38.67,38.66,38.66,11673
2026-03-16 14:55:00,38.83,38.83,38.83,38.83,40561
2026-03-17 13:30:00,38.77,38.77,38.77,38.77,260
2026-03-17 14:35:00,38.8,38.8,38.8,38.8,100
2026-03-17 14:45:00,38.8,38.8,38.8,38.8,100
2026-03-17 14:50:00,38.81,38.81,38.79,38.79,7277
2026-03-17 15:20:00,38.71,38.71,38.71,38.71,2282
2026-03-17 15:55:00,38.78,38.78,38.78,38.78,100
2026-03-18 09:30:00,38.71,38.71,38.71,38.71,250
2026-03-18 14:35:00,38.6,38.6,38.59,38.59,16747
2026-03-18 15:55:00,38.49,38.49,38.49,38.49,116
2026-03-18 16:00:00,38.49,38.49,38.49,38.49,2331
2026-03-19 15:10:00,38.52,38.52,38.51,38.51,37180
2026-03-19 15:55:00,38.41,38.41,38.41,38.41,126
2026-03-19 16:00:00,38.44,38.44,38.44,38.44,3041
2026-03-20 14:40:00,38.15,38.16,38.15,38.16,7238
2026-03-20 15:00:00,38.16,38.16,38.16,38.16,125
2026-03-20 16:00:00,38.24,38.24,38.24,38.24,2512
2026-03-23 14:55:00,38.44,38.44,38.43,38.43,3873
2026-03-23 15:45:00,38.41,38.41,38.41,38.41,500
2026-03-23 16:00:00,38.35,38.35,38.35,38.35,1216
2026-03-24 15:25:00,38.35,38.35,38.35,38.35,22542
2026-03-24 16:00:00,38.32,38.32,38.32,38.32,1589
2026-03-25 09:55:00,38.35,38.35,38.35,38.35,100
2026-03-25 14:55:00,38.35,38.35,38.35,38.35,100
2026-03-25 15:25:00,38.29,38.3,38.29,38.3,44421
2026-03-26 15:15:00,38.15,38.16,38.15,38.16,13010
2026-03-27 09:30:00,38.12,38.13,38.12,38.13,8503
2026-03-27 15:10:00,38.22,38.22,38.21,38.21,9162
2026-03-27 15:55:00,38.18,38.18,38.18,38.18,100
2026-03-30 15:15:00,38.28,38.28,38.27,38.27,20525
2026-03-30 15:55:00,38.26,38.26,38.26,38.26,100
2026-03-30 16:00:00,38.23,38.23,38.12,38.12,2404
2026-03-31 12:40:00,38.24,38.24,38.23,38.24,1140
2026-03-31 15:15:00,38.29,38.29,38.28,38.28,15133
2026-04-01 09:30:00,38.31,38.31,38.31,38.31,310
2026-04-01 10:15:00,38.41,38.42,38.41,38.41,2594
2026-04-01 10:20:00,38.34,38.34,38.34,38.34,200
2026-04-01 10:35:00,38.36,38.36,38.36,38.36,400
2026-04-01 11:10:00,38.39,38.39,38.39,38.39,2600
2026-04-01 11:35:00,38.39,38.4,38.39,38.4,2500
2026-04-01 11:40:00,38.4,38.4,38.4,38.4,400
2026-04-01 11:45:00,38.4,38.4,38.4,38.4,500
2026-04-01 11:55:00,38.41,38.42,38.41,38.42,3100
2026-04-01 12:00:00,38.42,38.42,38.42,38.42,800
2026-04-01 12:05:00,38.42,38.42,38.42,38.42,400
2026-04-01 12:10:00,38.42,38.42,38.42,38.42,200
2026-04-01 12:20:00,38.41,38.41,38.41,38.41,600
2026-04-01 12:35:00,38.4,38.41,38.4,38.41,2600
2026-04-01 12:45:00,38.41,38.41,38.41,38.41,400
2026-04-01 12:50:00,38.41,38.41,38.41,38.41,1000
2026-04-01 13:00:00,38.42,38.42,38.42,38.42,5800
2026-04-01 14:15:00,38.37,38.37,38.37,38.37,100
2026-04-01 15:15:00,38.48,38.48,38.47,38.47,61444
2026-04-02 09:35:00,38.21,38.21,38.21,38.21,1174
2026-04-02 15:15:00,38.45,38.45,38.44,38.44,307819
2026-04-02 16:00:00,38.45,38.45,38.45,38.45,1108
