2026-03-04 07:20:00,61.1,61.1,61.1,61.1,100
2026-03-04 08:00:00,59.99,60.12,59.99,60.03,2214
2026-03-04 08:10:00,61.39,61.39,61.39,61.39,162
2026-03-04 08:25:00,61.51,61.51,61.51,61.51,130
2026-03-04 08:40:00,61.52,61.52,61.51,61.51,494
2026-03-04 09:30:00,61.64,61.91,61.52,61.89,33483
2026-03-04 09:35:00,61.95,61.95,61.58,61.6095,55734
2026-03-04 09:40:00,61.57,61.635,61.43,61.51,22387
2026-03-04 09:45:00,61.45,61.96,61.45,61.96,11869
2026-03-04 09:50:00,61.83,61.92,61.72,61.82,5474
2026-03-04 09:55:00,61.78,61.83,61.705,61.72,15511
2026-03-04 10:00:00,62.0,62.01,61.815,61.92,2212
2026-03-04 10:05:00,61.91,62.11,61.84,62.1,2200
2026-03-04 10:10:00,62.01,62.08,61.92,61.92,3655
2026-03-04 10:15:00,62.02,62.22,62.02,62.22,1257
2026-03-04 10:20:00,62.18,62.457,62.18,62.39,16109
2026-03-04 10:25:00,62.39,62.61,62.36,62.61,5533
2026-03-04 10:30:00,62.58,62.675,62.57,62.57,17829
2026-03-04 10:35:00,62.55,62.58,62.33,62.33,5378
2026-03-04 10:40:00,62.245,62.265,62.205,62.205,400
2026-03-04 10:45:00,62.2175,62.3,62.17,62.27,24433
2026-03-04 10:50:00,62.26,62.44,62.26,62.39,6749
2026-03-04 10:55:00,62.39,62.57,62.39,62.57,6821
2026-03-04 11:00:00,62.59,62.615,62.55,62.6,2200
2026-03-04 11:05:00,62.47,62.5599,62.45,62.495,2849
2026-03-04 11:10:00,62.475,62.475,62.29,62.34,1746
2026-03-04 11:15:00,62.36,62.37,62.29,62.305,1830
2026-03-04 11:20:00,62.32,62.32,62.205,62.2683,3310
2026-03-04 11:25:00,62.23,62.41,62.23,62.39,3108
2026-03-04 11:30:00,62.37,62.475,62.35,62.45,2414
2026-03-04 11:35:00,62.475,62.5,62.4,62.43,1233
2026-03-04 11:40:00,62.4374,62.58,62.4374,62.58,3997
2026-03-04 11:45:00,62.58,62.605,62.57,62.59,1708
2026-03-04 11:50:00,62.58,62.61,62.52,62.59,5223
2026-03-04 11:55:00,62.57,62.575,62.53,62.53,4704
2026-03-04 12:00:00,62.58,62.63,62.56,62.625,8533
2026-03-04 12:05:00,62.64,62.7,62.61,62.61,9532
2026-03-04 12:10:00,62.65,62.66,62.6,62.63,2892
2026-03-04 12:15:00,62.63,62.7,62.63,62.68,2089
2026-03-04 12:20:00,62.6768,62.6768,62.61,62.61,2300
2026-03-04 12:25:00,62.68,62.705,62.6,62.6,754
2026-03-04 12:30:00,62.5874,62.7096,62.52,62.7096,1993
2026-03-04 12:35:00,62.62,62.65,62.59,62.65,1015
2026-03-04 12:40:00,62.65,62.65,62.5979,62.5979,885
2026-03-04 12:45:00,62.66,62.695,62.645,62.68,1041
2026-03-04 12:50:00,62.62,62.63,62.57,62.63,541
2026-03-04 12:55:00,62.66,62.695,62.6268,62.65,1346
2026-03-04 13:00:00,62.67,62.69,62.67,62.69,681
2026-03-04 13:05:00,62.63,62.63,62.5951,62.6,561
2026-03-04 13:10:00,62.64,62.6897,62.59,62.6,750
2026-03-04 13:15:00,62.56,62.6,62.53,62.53,1891
2026-03-04 13:20:00,62.51,62.5489,62.485,62.5,2430
2026-03-04 13:25:00,62.525,62.57,62.525,62.54,1200
2026-03-04 13:30:00,62.59,62.6924,62.59,62.65,1484
2026-03-04 13:35:00,62.66,62.71,62.61,62.67,1784
2026-03-04 13:40:00,62.71,62.73,62.71,62.73,3488
2026-03-04 13:45:00,62.71,62.75,62.685,62.75,3303
2026-03-04 13:50:00,62.79,62.83,62.78,62.79,6409
2026-03-04 13:55:00,62.775,62.81,62.75,62.81,4749
2026-03-04 14:00:00,62.83,62.9203,62.83,62.9203,1432
2026-03-04 14:05:00,62.9,62.925,62.89,62.925,8465
2026-03-04 14:10:00,62.9,62.9,62.831,62.831,1402
2026-03-04 14:15:00,62.88,62.934,62.85,62.9,5200
2026-03-04 14:20:00,62.91,62.91,62.86,62.89,4977
2026-03-04 14:25:00,62.89,62.89,62.855,62.865,5884
2026-03-04 14:30:00,62.88,62.95,62.845,62.845,31153
2026-03-04 14:35:00,62.88,63.0,62.88,62.95,10548
2026-03-04 14:40:00,63.0,63.025,62.89,62.89,10828
2026-03-04 14:45:00,62.88,62.9,62.81,62.8295,2354
2026-03-04 14:50:00,62.84,62.85,62.77,62.77,400
2026-03-04 14:55:00,62.8,62.83,62.73,62.83,800
2026-03-04 15:00:00,62.73,62.78,62.69,62.78,1558
2026-03-04 15:05:00,62.775,62.775,62.68,62.68,938
2026-03-04 15:10:00,62.68,62.68,62.56,62.58,1642
2026-03-04 15:15:00,62.55,62.61,62.55,62.55,1100
2026-03-04 15:20:00,62.535,62.535,62.47,62.47,900
2026-03-04 15:25:00,62.545,62.62,62.545,62.56,1566
2026-03-04 15:30:00,62.6,62.605,62.58,62.605,1274
2026-03-04 15:35:00,62.605,62.695,62.58,62.695,1100
2026-03-04 15:40:00,62.66,62.7225,62.625,62.66,4198
2026-03-04 15:45:00,62.6,62.645,62.6,62.625,1315
2026-03-04 15:50:00,62.6,62.6,62.5,62.5401,16132
2026-03-04 15:55:00,62.563,62.563,62.5,62.56,1969
2026-03-04 16:00:00,62.5,62.5,62.5,62.5,801
2026-03-04 18:00:00,63.4,63.4,63.4,63.4,100
2026-03-05 04:20:00,62.95,62.95,62.95,62.95,128
2026-03-05 04:50:00,61.16,61.16,61.16,61.16,100
2026-03-05 08:00:00,62.08,62.08,61.9,61.9,445
2026-03-05 09:00:00,62.11,62.14,62.11,62.14,341
2026-03-05 09:20:00,62.14,62.14,62.14,62.14,364
2026-03-05 09:30:00,62.09,62.335,62.001,62.335,7836
2026-03-05 09:35:00,62.3844,62.525,62.3844,62.43,2847
2026-03-05 09:40:00,62.49,62.49,62.3,62.31,8937
2026-03-05 09:45:00,62.23,62.56,62.23,62.48,13280
2026-03-05 09:50:00,62.41,62.69,62.41,62.69,30847
2026-03-05 09:55:00,62.705,62.9499,62.65,62.94,2477
2026-03-05 10:00:00,62.94,62.94,62.85,62.85,661
2026-03-05 10:05:00,62.8471,62.8471,62.67,62.7,3788
2026-03-05 10:10:00,62.73,62.93,62.71,62.85,27734
2026-03-05 10:15:00,62.83,62.83,62.65,62.7206,33171
2026-03-05 10:20:00,62.6,62.615,62.49,62.5124,2989
2026-03-05 10:25:00,62.3639,62.3639,62.17,62.17,8434
2026-03-05 10:30:00,62.22,62.23,61.91,61.98,3724
2026-03-05 10:35:00,62.025,62.195,62.025,62.195,770
2026-03-05 10:40:00,62.3,62.3,62.15,62.19,1302
2026-03-05 10:45:00,62.215,62.215,62.18,62.18,404
2026-03-05 10:50:00,62.22,62.41,62.22,62.41,353
2026-03-05 10:55:00,62.34,62.39,62.32,62.32,614
2026-03-05 11:00:00,62.35,62.35,62.23,62.23,200
2026-03-05 11:05:00,62.1663,62.1663,62.0,62.0,2460
2026-03-05 11:10:00,61.985,62.07,61.87,62.07,4171
2026-03-05 11:15:00,61.9301,61.9301,61.87,61.88,1600
2026-03-05 11:20:00,61.93,61.93,61.92,61.93,487
2026-03-05 11:25:00,61.86,61.86,61.86,61.86,300
2026-03-05 11:30:00,61.95,62.075,61.95,61.995,355
2026-03-05 11:35:00,61.98,62.08,61.97,62.08,600
2026-03-05 11:40:00,62.15,62.15,62.0049,62.0049,864
2026-03-05 11:45:00,62.14,62.14,62.14,62.14,100
2026-03-05 11:55:00,62.1939,62.1939,62.155,62.155,542
2026-03-05 12:00:00,62.11,62.26,62.11,62.26,600
2026-03-05 12:05:00,62.19,62.1995,62.09,62.09,1607
2026-03-05 12:10:00,62.05,62.06,62.005,62.05,1203
2026-03-05 12:15:00,61.9,61.9,61.8667,61.8667,1088
2026-03-05 12:20:00,61.805,61.805,61.7611,61.7611,5802
2026-03-05 12:30:00,61.7799,61.7799,61.45,61.46,5121
2026-03-05 12:35:00,61.498,61.55,61.38,61.43,3400
2026-03-05 12:40:00,61.4438,61.4438,61.32,61.33,1565
2026-03-05 12:45:00,61.24,61.24,61.045,61.09,8020
2026-03-05 12:50:00,61.0,61.21,60.94,61.21,4442
2026-03-05 12:55:00,61.03,61.19,61.03,61.19,3400
2026-03-05 13:00:00,61.08,61.18,61.0401,61.18,8646
2026-03-05 13:05:00,61.19,61.35,61.17,61.35,1882
2026-03-05 13:10:00,61.365,61.405,61.26,61.4,10215
2026-03-05 13:15:00,61.4,61.4,61.16,61.16,550
2026-03-05 13:20:00,61.09,61.19,61.06,61.13,6690
2026-03-05 13:25:00,61.15,61.15,61.01,61.01,1474
2026-03-05 13:30:00,61.08,61.14,61.0,61.0,1143
2026-03-05 13:35:00,61.17,61.17,61.17,61.17,600
2026-03-05 13:40:00,61.29,61.36,61.29,61.355,1454
2026-03-05 13:45:00,61.35,61.3606,61.22,61.26,1401
2026-03-05 13:50:00,61.2,61.2,61.1747,61.1747,350
2026-03-05 13:55:00,61.22,61.22,61.22,61.22,200
2026-03-05 14:00:00,61.34,61.345,61.34,61.345,700
2026-03-05 14:05:00,61.4128,61.4399,61.29,61.3,1676
2026-03-05 14:15:00,61.4499,61.4499,61.395,61.395,789
2026-03-05 14:20:00,61.45,61.45,61.35,61.39,858
2026-03-05 14:25:00,61.33,61.365,61.3,61.3,3267
2026-03-05 14:30:00,61.2,61.2,61.12,61.2,500
2026-03-05 14:35:00,61.2,61.2,61.17,61.17,1000
2026-03-05 14:40:00,61.23,61.23,61.23,61.23,556
2026-03-05 14:45:00,61.21,61.3,61.21,61.3,1120
2026-03-05 14:50:00,61.29,61.29,61.27,61.27,411
2026-03-05 14:55:00,61.17,61.255,61.15,61.23,1413
2026-03-05 15:00:00,61.23,61.295,61.19,61.29,4886
2026-03-05 15:05:00,61.315,61.41,61.315,61.41,1013
2026-03-05 15:10:00,61.5587,61.5587,61.4415,61.46,7522
2026-03-05 15:15:00,61.52,61.58,61.52,61.58,900
2026-03-05 15:20:00,61.58,61.72,61.57,61.72,682
2026-03-05 15:25:00,61.815,61.86,61.75,61.75,632
2026-03-05 15:30:00,61.69,61.69,61.69,61.69,278
2026-03-05 15:35:00,61.8093,61.815,61.8093,61.815,550
2026-03-05 15:45:00,61.72,61.72,61.72,61.72,396
2026-03-05 15:50:00,61.85,61.9033,61.81,61.89,2070
2026-03-05 15:55:00,61.9065,62.01,61.88,61.96,2109
2026-03-05 16:00:00,62.08,62.08,62.08,62.08,767
2026-03-06 04:35:00,62.9,62.9,62.9,62.9,116
2026-03-06 08:00:00,61.49,62.96,61.49,62.96,258
2026-03-06 08:35:00,62.4859,62.4859,62.4859,62.4859,380
2026-03-06 08:45:00,61.113,61.113,61.05,61.05,3175
2026-03-06 09:00:00,61.1641,61.1641,61.1641,61.1641,360
2026-03-06 09:05:00,61.48,61.48,61.2294,61.2294,381
2026-03-06 09:15:00,61.25,61.25,61.2,61.2,541
2026-03-06 09:25:00,61.18,61.18,61.16,61.16,276
2026-03-06 09:30:00,61.03,61.2,60.87,61.12,18130
2026-03-06 09:35:00,61.2,61.2,60.8,61.05,17750
2026-03-06 09:40:00,61.15,61.2599,61.0,61.12,8096
2026-03-06 09:45:00,61.14,61.27,61.14,61.16,950
2026-03-06 09:50:00,61.24,61.41,61.19,61.405,2300
2026-03-06 09:55:00,61.4,61.41,61.14,61.17,1582
2026-03-06 10:00:00,61.49,61.64,61.49,61.64,1350
2026-03-06 10:05:00,61.575,61.575,61.56,61.56,400
2026-03-06 10:10:00,61.47,61.76,61.41,61.7,8224
2026-03-06 10:20:00,61.825,61.825,61.78,61.78,500
2026-03-06 10:25:00,61.92,61.95,61.87,61.95,16573
2026-03-06 10:30:00,61.93,61.99,61.93,61.96,3553
2026-03-06 10:35:00,61.9599,62.124,61.9599,62.0519,1864
2026-03-06 10:40:00,61.96,61.96,61.84,61.84,1580
2026-03-06 10:45:00,61.9,61.9,61.725,61.725,3696
2026-03-06 10:50:00,61.622,61.63,61.59,61.63,427
2026-03-06 10:55:00,61.69,61.84,61.69,61.84,1200
2026-03-06 11:00:00,61.9,61.9,61.89,61.9,611
2026-03-06 11:05:00,61.95,61.965,61.84,61.84,4186
2026-03-06 11:10:00,61.7982,61.7982,61.73,61.73,1440
2026-03-06 11:15:00,61.79,61.84,61.79,61.84,2032
2026-03-06 11:20:00,61.83,61.83,61.67,61.75,8148
2026-03-06 11:25:00,61.8392,61.8392,61.8392,61.8392,600
2026-03-06 11:30:00,61.8476,61.8476,61.84,61.84,750
2026-03-06 11:35:00,61.8699,62.01,61.84,62.01,3069
2026-03-06 11:40:00,62.03,62.0422,61.95,61.955,610
2026-03-06 11:45:00,62.095,62.095,61.9885,62.05,800
2026-03-06 11:50:00,62.09,62.09,61.985,61.985,3350
2026-03-06 11:55:00,62.02,62.02,62.02,62.02,557
2026-03-06 12:00:00,61.99,62.03,61.99,62.025,803
2026-03-06 12:05:00,62.09,62.09,61.955,61.955,225
2026-03-06 12:10:00,61.89,61.89,61.89,61.89,100
2026-03-06 12:15:00,61.855,61.88,61.83,61.88,1590
2026-03-06 12:20:00,61.9,61.9,61.87,61.87,629
2026-03-06 12:25:00,61.68,61.7573,61.68,61.73,515
2026-03-06 12:30:00,61.74,61.74,61.73,61.73,1600
2026-03-06 12:35:00,61.7329,61.7329,61.57,61.57,710
2026-03-06 12:40:00,61.59,61.6,61.5,61.6,1637
2026-03-06 12:45:00,61.59,61.685,61.4901,61.6798,1445
2026-03-06 12:50:00,61.7,61.7,61.65,61.65,300
2026-03-06 12:55:00,61.615,61.66,61.615,61.625,526
2026-03-06 13:00:00,61.61,61.69,61.61,61.66,2250
2026-03-06 13:05:00,61.58,61.685,61.58,61.685,617
2026-03-06 13:10:00,61.69,61.87,61.69,61.87,1626
2026-03-06 13:15:00,61.9,61.975,61.9,61.94,1700
2026-03-06 13:20:00,61.88,61.88,61.87,61.87,600
2026-03-06 13:25:00,61.85,61.86,61.84,61.84,700
2026-03-06 13:30:00,61.87,61.92,61.84,61.92,2313
2026-03-06 13:35:00,61.82,61.82,61.77,61.795,1111
2026-03-06 13:40:00,61.83,61.87,61.83,61.86,567
2026-03-06 13:45:00,61.89,61.89,61.874,61.874,200
2026-03-06 13:50:00,61.9247,61.9247,61.751,61.751,1920
2026-03-06 13:55:00,61.73,61.7599,61.73,61.7599,313
2026-03-06 14:00:00,61.685,61.685,61.64,61.64,1013
2026-03-06 14:05:00,61.61,61.75,61.61,61.735,3908
2026-03-06 14:10:00,61.755,61.8325,61.755,61.815,1408
2026-03-06 14:15:00,61.81,61.8201,61.7012,61.7012,11200
2026-03-06 14:20:00,61.765,61.8299,61.765,61.8299,261
2026-03-06 14:25:00,61.675,61.76,61.675,61.76,23597
2026-03-06 14:30:00,61.78,61.78,61.77,61.77,2750
2026-03-06 14:35:00,61.8,61.8,61.7,61.7,700
2026-03-06 14:40:00,61.74,61.76,61.67,61.67,9620
2026-03-06 14:45:00,61.5901,61.63,61.59,61.63,4462
2026-03-06 14:50:00,61.5601,61.65,61.5601,61.58,1000
2026-03-06 14:55:00,61.63,61.66,61.61,61.61,2211
2026-03-06 15:00:00,61.65,61.71,61.65,61.7,582
2026-03-06 15:10:00,61.5,61.5,61.22,61.24,7386
2026-03-06 15:15:00,61.35,61.36,61.23,61.23,2980
2026-03-06 15:20:00,61.17,61.19,61.0,61.0,1827
2026-03-06 15:25:00,60.9301,60.9301,60.7701,60.7701,3067
2026-03-06 15:30:00,60.75,60.81,60.7182,60.7182,2885
2026-03-06 15:35:00,60.62,60.625,60.56,60.62,3401
2026-03-06 15:40:00,60.6935,60.9,60.6935,60.83,3189
2026-03-06 15:45:00,60.86,60.93,60.8,60.93,1706
2026-03-06 15:50:00,60.93,60.93,60.81,60.9075,4561
2026-03-06 15:55:00,60.75,60.93,60.75,60.86,6333
2026-03-06 16:00:00,60.9,60.9,60.9,60.9,543
2026-03-06 16:05:00,60.93,60.93,60.93,60.93,200
2026-03-06 18:20:00,60.5,60.5,60.5,60.5,134
2026-03-09 05:30:00,60.5,60.5,60.5,60.5,220
2026-03-09 07:00:00,60.48,60.5,60.48,60.5,258
2026-03-09 08:00:00,60.5,60.5,59.01,60.0,1295
2026-03-09 08:25:00,60.1618,60.1618,60.1618,60.1618,130
2026-03-09 09:05:00,60.0514,60.16,60.0514,60.16,200
2026-03-09 09:25:00,60.48,60.86,60.48,60.82,1293
2026-03-09 09:30:00,60.99,61.46,60.99,61.4,22695
2026-03-09 09:35:00,61.42,61.48,61.21,61.24,7944
2026-03-09 09:40:00,61.26,61.285,61.045,61.125,4315
2026-03-09 09:45:00,61.13,61.32,61.1001,61.2399,2877
2026-03-09 09:50:00,61.22,61.235,61.05,61.05,3748
2026-03-09 09:55:00,61.02,61.36,61.02,61.295,15499
2026-03-09 10:00:00,61.25,61.7299,61.21,61.7299,6271
2026-03-09 10:05:00,61.63,61.63,61.36,61.36,5976
2026-03-09 10:10:00,61.22,61.23,61.09,61.23,1555
2026-03-09 10:15:00,61.2767,61.35,61.25,61.2912,4935
2026-03-09 10:20:00,61.5399,61.655,61.38,61.655,4735
2026-03-09 10:25:00,61.69,61.69,61.48,61.48,1106
2026-03-09 10:30:00,61.57,61.66,61.56,61.635,4198
2026-03-09 10:35:00,61.71,61.8217,61.65,61.8217,3012
2026-03-09 10:40:00,61.8881,62.0,61.785,61.98,16530
2026-03-09 10:45:00,62.03,62.0876,61.995,61.995,5485
2026-03-09 10:50:00,62.0492,62.1,62.01,62.075,10777
2026-03-09 10:55:00,62.09,62.09,61.96,62.0893,13553
2026-03-09 11:00:00,62.0699,62.07,62.0447,62.07,3350
2026-03-09 11:05:00,62.15,62.15,62.15,62.15,100
2026-03-09 11:10:00,62.06,62.2171,62.06,62.18,2470
2026-03-09 11:15:00,62.23,62.2754,62.155,62.155,1409
2026-03-09 11:20:00,62.15,62.4,62.15,62.4,2895
2026-03-09 11:25:00,62.305,62.48,62.305,62.47,875
2026-03-09 11:30:00,62.43,62.4399,62.3216,62.365,5002
2026-03-09 11:35:00,62.3,62.369,62.295,62.34,2631
2026-03-09 11:40:00,62.3,62.3,62.3,62.3,154
2026-03-09 11:45:00,62.29,62.29,62.29,62.29,308
2026-03-09 11:50:00,62.365,62.525,62.365,62.525,3054
2026-03-09 11:55:00,62.48,62.58,62.48,62.5,4408
2026-03-09 12:00:00,62.52,62.66,62.52,62.59,3101
2026-03-09 12:05:00,62.61,62.62,62.57,62.5796,748
2026-03-09 12:10:00,62.59,62.59,62.59,62.59,100
2026-03-09 12:15:00,62.6099,62.6099,62.6099,62.6099,148
2026-03-09 12:20:00,62.5905,62.5905,62.4224,62.56,2023
2026-03-09 12:25:00,62.6251,62.6251,62.6251,62.6251,205
2026-03-09 12:30:00,62.6569,62.6569,62.55,62.6,603
2026-03-09 12:35:00,62.6724,62.71,62.6301,62.71,1819
2026-03-09 12:40:00,62.73,62.8,62.72,62.8,893
2026-03-09 12:45:00,62.81,62.86,62.81,62.86,773
2026-03-09 12:50:00,62.8218,62.8218,62.815,62.815,516
2026-03-09 12:55:00,62.8,62.8,62.8,62.8,100
2026-03-09 13:00:00,62.7219,62.7219,62.65,62.69,1419
2026-03-09 13:05:00,62.62,62.63,62.62,62.63,422
2026-03-09 13:10:00,62.68,62.69,62.68,62.69,1448
2026-03-09 13:15:00,62.6101,62.6101,62.54,62.54,500
2026-03-09 13:20:00,62.4301,62.445,62.39,62.39,3767
2026-03-09 13:25:00,62.38,62.4,62.3213,62.35,761
2026-03-09 13:30:00,62.4,62.4,62.335,62.37,735
2026-03-09 13:35:00,62.3899,62.3899,62.3899,62.3899,100
2026-03-09 13:40:00,62.35,62.35,62.26,62.29,1138
2026-03-09 13:45:00,62.2886,62.405,62.2886,62.405,3637
2026-03-09 13:50:00,62.34,62.42,62.34,62.42,276
2026-03-09 13:55:00,62.4,62.4,62.4,62.4,127
2026-03-09 14:05:00,62.42,62.54,62.41,62.41,2408
2026-03-09 14:10:00,62.45,62.495,62.45,62.495,4453
2026-03-09 14:15:00,62.5481,62.55,62.53,62.53,1245
2026-03-09 14:20:00,62.57,62.63,62.55,62.62,4179
2026-03-09 14:30:00,62.51,62.63,62.51,62.63,1840
2026-03-09 14:35:00,62.65,62.65,62.65,62.65,100
2026-03-09 14:40:00,62.57,62.64,62.57,62.64,246
2026-03-09 14:45:00,62.59,62.65,62.59,62.65,500
2026-03-09 14:50:00,62.638,62.638,62.58,62.58,290
2026-03-09 14:55:00,62.54,62.54,62.46,62.46,950
2026-03-09 15:00:00,62.479,62.5,62.479,62.485,700
2026-03-09 15:05:00,62.5,62.55,62.5,62.54,1631
2026-03-09 15:10:00,62.6289,62.6289,62.605,62.605,300
2026-03-09 15:15:00,62.63,62.74,62.62,62.74,1051
2026-03-09 15:20:00,62.995,63.36,62.995,63.36,1144
2026-03-09 15:25:00,63.31,63.6905,63.31,63.6905,1785
2026-03-09 15:30:00,63.59,63.83,63.57,63.72,4106
2026-03-09 15:35:00,63.85,64.05,63.66,64.02,9135
2026-03-09 15:40:00,63.91,63.91,63.61,63.635,12862
2026-03-09 15:45:00,63.64,63.83,63.52,63.62,6448
2026-03-09 15:50:00,63.67,63.725,63.5294,63.635,5813
2026-03-09 15:55:00,63.67,63.96,63.66,63.87,9724
2026-03-09 16:00:00,63.93,63.93,63.93,63.93,976
2026-03-09 16:30:00,63.74,63.74,63.74,63.74,100
2026-03-09 18:50:00,63.0,63.0,63.0,63.0,406
2026-03-09 19:30:00,63.8,63.8,63.8,63.8,782
2026-03-10 04:00:00,64.06,64.06,64.06,64.06,155
2026-03-10 07:00:00,64.39,64.39,64.39,64.39,566
2026-03-10 07:30:00,64.37,64.37,64.37,64.37,233
2026-03-10 07:35:00,64.47,64.5,64.47,64.5,500
2026-03-10 07:40:00,64.49,64.5,64.03,64.03,1013
2026-03-10 08:00:00,65.37,65.37,64.16,64.16,986
2026-03-10 08:50:00,63.9,63.9,63.9,63.9,600
2026-03-10 09:20:00,64.74,64.74,64.74,64.74,300
2026-03-10 09:30:00,65.07,65.4053,65.055,65.29,22363
2026-03-10 09:35:00,65.32,65.4,65.17,65.39,29691
2026-03-10 09:40:00,65.3,65.4,65.2,65.29,11238
2026-03-10 09:45:00,65.39,65.5,65.29,65.4965,7130
2026-03-10 09:50:00,65.4451,65.45,65.34,65.34,10760
2026-03-10 09:55:00,65.32,65.32,65.21,65.26,4155
2026-03-10 10:00:00,65.2,65.2,65.1001,65.149,3095
2026-03-10 10:05:00,65.23,65.28,64.8613,64.8613,10012
2026-03-10 10:10:00,64.931,65.09,64.931,65.09,20053
2026-03-10 10:15:00,65.08,65.2299,65.01,65.2299,3682
2026-03-10 10:20:00,65.2643,65.3899,65.21,65.32,2235
2026-03-10 10:25:00,65.44,65.52,65.39,65.39,7341
2026-03-10 10:30:00,65.405,65.63,65.405,65.61,12143
2026-03-10 10:35:00,65.62,65.73,65.6,65.73,7731
2026-03-10 10:40:00,65.78,65.86,65.7351,65.84,8621
2026-03-10 10:45:00,65.84,65.88,65.745,65.8686,13580
2026-03-10 10:50:00,65.8598,65.9446,65.81,65.9446,7050
2026-03-10 10:55:00,65.9374,66.035,65.93,66.035,8876
2026-03-10 11:00:00,66.04,66.16,66.04,66.11,9010
2026-03-10 11:05:00,66.08,66.08,65.92,65.93,8597
2026-03-10 11:10:00,65.92,65.98,65.92,65.94,3675
2026-03-10 11:15:00,65.94,66.11,65.94,66.11,6723
2026-03-10 11:20:00,66.07,66.07,65.9988,65.9988,3909
2026-03-10 11:25:00,66.02,66.0374,65.96,65.96,1522
2026-03-10 11:30:00,66.0,66.03,65.9354,65.95,1256
2026-03-10 11:35:00,65.915,65.94,65.915,65.94,1732
2026-03-10 11:40:00,65.97,66.055,65.97,66.0101,2901
2026-03-10 11:45:00,66.05,66.06,65.95,66.0199,6571
2026-03-10 11:50:00,66.02,66.08,65.995,66.0,3041
2026-03-10 11:55:00,66.02,66.02,66.02,66.02,400
2026-03-10 12:00:00,66.0,66.02,65.86,65.86,5013
2026-03-10 12:05:00,65.85,65.85,65.75,65.76,4850
2026-03-10 12:10:00,65.875,65.8969,65.79,65.79,3111
2026-03-10 12:15:00,65.86,65.9795,65.84,65.977,1360
2026-03-10 12:20:00,65.93,65.945,65.865,65.89,2730
2026-03-10 12:25:00,65.93,66.0265,65.9233,65.9233,5413
2026-03-10 12:30:00,65.93,66.01,65.93,65.995,2375
2026-03-10 12:35:00,66.05,66.05,66.005,66.005,2132
2026-03-10 12:40:00,66.0127,66.06,66.0127,66.06,341
2026-03-10 12:45:00,66.0693,66.0693,65.94,65.97,1879
2026-03-10 12:50:00,65.9201,66.085,65.9201,66.075,1888
2026-03-10 12:55:00,66.1057,66.1057,66.08,66.0966,1426
2026-03-10 13:00:00,66.08,66.17,66.08,66.16,7756
2026-03-10 13:05:00,66.18,66.23,66.17,66.22,12468
2026-03-10 13:10:00,66.195,66.22,66.18,66.19,4597
2026-03-10 13:15:00,66.2,66.38,66.2,66.38,6873
2026-03-10 13:20:00,66.36,66.41,66.345,66.41,2846
2026-03-10 13:25:00,66.4098,66.458,66.4,66.458,3844
2026-03-10 13:30:00,66.455,66.455,66.31,66.31,11096
2026-03-10 13:35:00,66.28,66.28,66.1,66.1,2418
2026-03-10 13:40:00,66.1293,66.2,66.1293,66.16,1182
2026-03-10 13:45:00,66.1,66.2896,66.1,66.2896,947
2026-03-10 13:50:00,66.235,66.3168,66.235,66.3,662
2026-03-10 13:55:00,66.27,66.27,66.14,66.225,1463
2026-03-10 14:00:00,66.2699,66.29,66.25,66.29,2192
2026-03-10 14:05:00,66.26,66.26,66.19,66.19,1484
2026-03-10 14:10:00,66.15,66.2,65.93,65.93,3698
2026-03-10 14:15:00,65.76,65.825,65.55,65.65,2732
2026-03-10 14:20:00,65.58,65.66,65.482,65.62,2668
2026-03-10 14:25:00,65.66,65.8,65.66,65.75,3691
2026-03-10 14:30:00,65.75,65.9,65.75,65.85,1080
2026-03-10 14:35:00,65.77,65.77,65.6601,65.6601,1079
2026-03-10 14:40:00,65.675,65.75,65.667,65.667,2940
2026-03-10 14:45:00,65.6899,65.705,65.67,65.705,1284
2026-03-10 14:50:00,65.7413,65.76,65.72,65.72,1167
2026-03-10 14:55:00,65.69,65.7,65.54,65.54,6818
2026-03-10 15:00:00,65.59,65.6156,65.55,65.59,1743
2026-03-10 15:05:00,65.505,65.505,65.505,65.505,173
2026-03-10 15:10:00,65.57,65.57,65.54,65.54,240
2026-03-10 15:15:00,65.705,65.705,65.705,65.705,103
2026-03-10 15:20:00,65.75,65.75,65.56,65.655,2695
2026-03-10 15:25:00,65.61,65.61,65.59,65.59,201
2026-03-10 15:30:00,65.46,65.49,65.3301,65.3301,2567
2026-03-10 15:35:00,65.375,65.4599,65.3001,65.4599,4551
2026-03-10 15:40:00,65.46,65.57,65.3604,65.38,10035
2026-03-10 15:45:00,65.3177,65.345,65.2201,65.23,2067
2026-03-10 15:50:00,65.28,65.31,65.16,65.3,11724
2026-03-10 15:55:00,65.355,65.39,65.21,65.37,14093
2026-03-10 16:00:00,65.32,66.2655,64.1352,64.1352,717
2026-03-10 18:15:00,65.98,65.98,65.98,65.98,500
2026-03-10 19:55:00,66.213,66.213,66.213,66.213,150
2026-03-11 06:40:00,64.98,64.98,64.98,64.98,600
2026-03-11 08:00:00,66.2078,66.2078,64.78,65.35,1731
2026-03-11 08:50:00,65.32,65.32,65.32,65.32,264
2026-03-11 09:25:00,65.14,65.14,65.14,65.14,162
2026-03-11 09:30:00,65.16,65.42,65.16,65.32,9742
2026-03-11 09:35:00,65.32,65.49,65.2901,65.4024,7224
2026-03-11 09:40:00,65.57,65.58,65.485,65.485,5700
2026-03-11 09:45:00,65.49,65.59,65.43,65.48,3806
2026-03-11 09:50:00,65.4,65.56,65.37,65.445,5494
2026-03-11 09:55:00,65.435,65.63,65.405,65.615,3783
2026-03-11 10:00:00,65.61,65.865,65.61,65.8,4153
2026-03-11 10:05:00,65.88,65.9,65.58,65.58,1858
2026-03-11 10:10:00,65.65,65.7,65.65,65.67,612
2026-03-11 10:15:00,65.8034,65.9481,65.67,65.9481,5992
2026-03-11 10:20:00,65.835,65.835,65.5601,65.5601,26245
2026-03-11 10:25:00,65.595,65.595,65.475,65.475,580
2026-03-11 10:30:00,65.63,65.655,65.35,65.365,3417
2026-03-11 10:35:00,65.415,65.61,65.415,65.5,1535
2026-03-11 10:40:00,65.5108,65.5836,65.5108,65.58,2659
2026-03-11 10:45:00,65.56,65.675,65.55,65.6576,1096
2026-03-11 10:50:00,65.6596,65.67,65.605,65.63,1041
2026-03-11 10:55:00,65.62,65.7274,65.55,65.725,5563
2026-03-11 11:00:00,65.77,65.77,65.555,65.64,600
2026-03-11 11:05:00,65.64,65.705,65.64,65.68,586
2026-03-11 11:10:00,65.685,65.685,65.41,65.54,2773
2026-03-11 11:15:00,65.51,65.51,65.36,65.36,553
2026-03-11 11:20:00,65.45,65.5364,65.39,65.5364,1059
2026-03-11 11:25:00,65.51,65.51,65.31,65.31,320
2026-03-11 11:30:00,65.25,65.34,65.2,65.25,2436
2026-03-11 11:35:00,65.275,65.33,65.275,65.295,420
2026-03-11 11:40:00,65.2601,65.2601,65.22,65.23,570
2026-03-11 11:45:00,65.105,65.12,65.08,65.09,1100
2026-03-11 11:50:00,65.21,65.3099,65.21,65.26,784
2026-03-11 11:55:00,65.275,65.275,65.205,65.2499,603
2026-03-11 12:00:00,65.15,65.2,65.115,65.115,1075
2026-03-11 12:05:00,65.11,65.11,65.06,65.06,1822
2026-03-11 12:10:00,65.145,65.145,65.05,65.091,1850
2026-03-11 12:15:00,65.145,65.15,65.08,65.15,1130
2026-03-11 12:20:00,65.05,65.06,65.0131,65.06,427
2026-03-11 12:25:00,65.1,65.12,65.08,65.12,1940
2026-03-11 12:30:00,65.16,65.31,65.16,65.31,1225
2026-03-11 12:35:00,65.31,65.345,65.24,65.24,1243
2026-03-11 12:40:00,65.28,65.298,65.265,65.298,300
2026-03-11 12:45:00,65.28,65.37,65.27,65.27,1316
2026-03-11 12:50:00,65.27,65.295,65.24,65.295,595
2026-03-11 12:55:00,65.34,65.385,65.33,65.385,835
2026-03-11 13:00:00,65.455,65.465,65.42,65.42,1178
2026-03-11 13:05:00,65.39,65.42,65.39,65.42,968
2026-03-11 13:10:00,65.405,65.405,65.34,65.34,600
2026-03-11 13:15:00,65.395,65.395,65.23,65.25,810
2026-03-11 13:20:00,65.245,65.245,65.2201,65.2201,3433
2026-03-11 13:25:00,65.365,65.375,65.365,65.375,1360
2026-03-11 13:30:00,65.36,65.365,65.33,65.33,732
2026-03-11 13:35:00,65.365,65.365,65.0,65.06,2892
2026-03-11 13:40:00,65.13,65.19,65.09,65.09,720
2026-03-11 13:45:00,65.16,65.19,65.16,65.19,934
2026-03-11 13:50:00,65.18,65.28,65.18,65.18,1024
2026-03-11 13:55:00,65.18,65.18,65.18,65.18,103
2026-03-11 14:00:00,65.22,65.24,65.205,65.205,1070
2026-03-11 14:05:00,65.16,65.16,65.105,65.135,3035
2026-03-11 14:10:00,65.04,65.04,65.04,65.04,100
2026-03-11 14:15:00,65.08,65.1008,65.0,65.1008,1053
2026-03-11 14:20:00,65.115,65.14,65.08,65.08,742
2026-03-11 14:25:00,65.1,65.11,65.1,65.11,1000
2026-03-11 14:30:00,65.25,65.27,65.25,65.27,700
2026-03-11 14:35:00,65.29,65.29,65.27,65.285,900
2026-03-11 14:40:00,65.23,65.23,65.23,65.23,100
2026-03-11 14:45:00,65.26,65.26,65.1519,65.185,941
2026-03-11 14:50:00,65.24,65.345,65.24,65.25,680
2026-03-11 14:55:00,65.305,65.345,65.26,65.26,802
2026-03-11 15:00:00,65.315,65.315,65.2263,65.29,1013
2026-03-11 15:05:00,65.28,65.28,65.19,65.19,1343
2026-03-11 15:10:00,65.191,65.225,65.14,65.15,1462
2026-03-11 15:15:00,65.15,65.18,65.145,65.18,834
2026-03-11 15:20:00,65.185,65.2,65.14,65.2,1025
2026-03-11 15:25:00,65.2244,65.2551,65.2244,65.24,1743
2026-03-11 15:30:00,65.22,65.35,65.22,65.35,663
2026-03-11 15:35:00,65.325,65.3423,65.31,65.34,1140
2026-03-11 15:40:00,65.34,65.35,65.31,65.35,1749
2026-03-11 15:45:00,65.36,65.36,65.32,65.36,900
2026-03-11 15:50:00,65.36,65.42,65.3301,65.42,1319
2026-03-11 15:55:00,65.48,65.49,65.4,65.425,8372
2026-03-11 16:00:00,65.4,65.4,65.4,65.4,397
2026-03-11 18:05:00,65.6283,65.6283,65.6283,65.6283,100
2026-03-11 19:15:00,64.1894,64.1894,64.1894,64.1894,100
2026-03-12 04:05:00,64.76,64.76,64.76,64.76,100
2026-03-12 07:00:00,64.73,64.73,64.73,64.73,100
2026-03-12 08:00:00,64.42,64.65,64.32,64.65,1815
2026-03-12 08:10:00,64.75,64.75,64.75,64.75,4000
2026-03-12 08:30:00,64.74,64.74,64.74,64.74,100
2026-03-12 09:25:00,64.08,64.08,63.98,64.01,5960
2026-03-12 09:30:00,64.05,64.41,64.0301,64.41,13989
2026-03-12 09:35:00,64.33,64.4,64.27,64.27,2266
2026-03-12 09:40:00,64.26,64.3,64.0,64.0558,12880
2026-03-12 09:45:00,64.02,64.0214,63.5401,63.62,12611
2026-03-12 09:50:00,63.87,63.94,63.52,63.56,3730
2026-03-12 09:55:00,63.51,63.71,63.4,63.71,3261
2026-03-12 10:00:00,63.7692,63.825,63.7,63.79,1957
2026-03-12 10:05:00,63.715,63.8561,63.69,63.78,2678
2026-03-12 10:10:00,63.8,63.88,63.71,63.82,1407
2026-03-12 10:15:00,63.85,63.92,63.61,63.65,3892
2026-03-12 10:20:00,63.64,63.7,63.64,63.655,1050
2026-03-12 10:25:00,63.68,63.69,63.51,63.58,1677
2026-03-12 10:30:00,63.44,63.475,63.37,63.37,3645
2026-03-12 10:35:00,63.43,63.4401,63.27,63.35,5327
2026-03-12 10:40:00,63.2926,63.43,63.29,63.43,709
2026-03-12 10:45:00,63.5,63.675,63.37,63.37,2657
2026-03-12 10:50:00,63.21,63.306,63.21,63.23,1853
2026-03-12 10:55:00,63.3305,63.3305,63.28,63.31,684
2026-03-12 11:00:00,63.25,63.28,63.19,63.28,1694
2026-03-12 11:05:00,63.17,63.19,63.09,63.09,1696
2026-03-12 11:10:00,63.08,63.09,62.98,63.03,2689
2026-03-12 11:15:00,63.03,63.169,62.99,63.169,1291
2026-03-12 11:20:00,63.04,63.12,63.0,63.12,1514
2026-03-12 11:25:00,63.3001,63.3281,63.29,63.3281,3474
2026-03-12 11:30:00,63.25,63.35,63.25,63.2609,2163
2026-03-12 11:35:00,63.23,63.45,63.23,63.45,3286
2026-03-12 11:40:00,63.53,63.66,63.51,63.65,1454
2026-03-12 11:45:00,63.49,63.62,63.49,63.62,1383
2026-03-12 11:50:00,63.56,63.6,63.56,63.6,719
2026-03-12 11:55:00,63.59,63.65,63.59,63.65,434
2026-03-12 12:00:00,63.6,63.655,63.6,63.655,468
2026-03-12 12:05:00,63.72,63.72,63.5,63.5,1031
2026-03-12 12:10:00,63.49,63.52,63.44,63.52,1840
2026-03-12 12:15:00,63.67,63.7317,63.57,63.57,596
2026-03-12 12:20:00,63.7201,63.77,63.71,63.74,750
2026-03-12 12:25:00,63.55,63.5878,63.45,63.45,1960
2026-03-12 12:30:00,63.55,63.7,63.55,63.7,2356
2026-03-12 12:35:00,63.7499,63.78,63.68,63.68,2660
2026-03-12 12:40:00,63.6772,63.6772,63.63,63.63,2673
2026-03-12 12:45:00,63.59,63.59,63.46,63.505,3525
2026-03-12 12:50:00,63.605,63.605,63.47,63.5,700
2026-03-12 12:55:00,63.64,63.64,63.49,63.49,5350
2026-03-12 13:00:00,63.545,63.64,63.545,63.64,428
2026-03-12 13:05:00,63.67,63.73,63.61,63.61,685
2026-03-12 13:10:00,63.625,63.8,63.57,63.57,166465
2026-03-12 13:15:00,63.59,63.6375,63.58,63.6148,3189
2026-03-12 13:20:00,63.55,63.631,63.49,63.54,16501
2026-03-12 13:25:00,63.545,63.57,63.33,63.34,99167
2026-03-12 13:30:00,63.38,63.45,63.38,63.43,3585
2026-03-12 13:35:00,63.42,63.5,63.42,63.445,3819
2026-03-12 13:40:00,63.475,63.475,63.4,63.42,3432
2026-03-12 13:45:00,63.3754,63.3754,63.3009,63.33,1015
2026-03-12 13:50:00,63.3859,63.3859,63.3859,63.3859,100
2026-03-12 13:55:00,63.3,63.3,63.23,63.29,1207
2026-03-12 14:00:00,63.3043,63.45,63.3043,63.37,1485
2026-03-12 14:05:00,63.31,63.46,63.31,63.405,1592
2026-03-12 14:10:00,63.4022,63.4022,63.39,63.39,376
2026-03-12 14:15:00,63.435,63.4799,63.435,63.4799,446
2026-03-12 14:20:00,63.35,63.4163,63.32,63.4163,1300
2026-03-12 14:25:00,63.42,63.42,63.36,63.36,1100
2026-03-12 14:30:00,63.4093,63.48,63.4,63.48,622
2026-03-12 14:35:00,63.33,63.375,63.32,63.375,600
2026-03-12 14:40:00,63.32,63.33,63.32,63.33,300
2026-03-12 14:45:00,63.3,63.3,63.28,63.28,800
2026-03-12 14:50:00,63.37,63.37,63.31,63.315,576
2026-03-12 14:55:00,63.32,63.321,63.22,63.22,1309
2026-03-12 15:00:00,63.3,63.3,63.19,63.19,1068
2026-03-12 15:05:00,63.27,63.27,63.215,63.2696,964
2026-03-12 15:10:00,63.2653,63.2653,63.175,63.175,663
2026-03-12 15:15:00,63.29,63.29,63.29,63.29,388
2026-03-12 15:20:00,63.31,63.31,63.235,63.29,590
2026-03-12 15:25:00,63.2,63.38,63.2,63.34,890
2026-03-12 15:30:00,63.365,63.43,63.365,63.385,1001
2026-03-12 15:35:00,63.35,63.37,63.2468,63.37,7400
2026-03-12 15:40:00,63.28,63.28,63.23,63.24,1000
2026-03-12 15:45:00,63.23,63.2727,63.21,63.2727,2120
2026-03-12 15:50:00,63.25,63.255,63.14,63.2,10902
2026-03-12 15:55:00,63.38,63.38,63.11,63.12,3428
2026-03-12 16:00:00,63.23,63.23,63.23,63.23,860
2026-03-12 16:50:00,63.52,63.52,63.52,63.52,200
2026-03-12 18:05:00,63.27,63.27,63.27,63.27,200
2026-03-12 18:10:00,63.3,63.3,63.3,63.3,192
2026-03-13 04:00:00,63.5,63.5,63.5,63.5,250
2026-03-13 07:35:00,63.39,63.39,63.39,63.39,143
2026-03-13 08:00:00,63.34,63.57,63.14,63.57,1162
2026-03-13 09:30:00,63.6,63.71,63.6,63.655,6881
2026-03-13 09:35:00,63.715,63.72,63.525,63.525,6680
2026-03-13 09:40:00,63.83,64.0,63.83,64.0,2577
2026-03-13 09:45:00,64.18,64.195,64.1,64.1,4010
2026-03-13 09:50:00,64.13,64.28,64.05,64.185,10861
2026-03-13 09:55:00,64.155,64.27,64.0,64.0,4277
2026-03-13 10:00:00,64.0217,64.0217,63.825,63.91,2630
2026-03-13 10:05:00,63.94,63.94,63.7,63.7,5059
2026-03-13 10:10:00,63.71,63.815,63.68,63.75,10476
2026-03-13 10:15:00,63.72,63.76,63.68,63.76,700
2026-03-13 10:20:00,63.675,63.79,63.675,63.73,5026
2026-03-13 10:25:00,63.69,63.8499,63.61,63.61,11190
2026-03-13 10:30:00,63.715,63.86,63.66,63.78,17120
2026-03-13 10:35:00,63.6,63.67,63.56,63.67,990
2026-03-13 10:40:00,63.615,63.615,63.545,63.545,1849
2026-03-13 10:45:00,63.33,63.38,63.1717,63.255,13118
2026-03-13 10:50:00,63.295,63.295,63.15,63.24,800
2026-03-13 10:55:00,63.2507,63.2507,62.96,62.96,4588
2026-03-13 11:00:00,62.94,62.96,62.94,62.95,5991
2026-03-13 11:10:00,63.2124,63.2124,63.2124,63.2124,185
2026-03-13 11:15:00,63.12,63.12,63.12,63.12,100
2026-03-13 11:20:00,63.06,63.102,63.0,63.0,1863
2026-03-13 11:25:00,62.94,62.95,62.83,62.9,3934
2026-03-13 11:30:00,62.89,62.9329,62.88,62.89,1132
2026-03-13 11:35:00,62.975,62.975,62.83,62.84,1237
2026-03-13 11:40:00,62.88,62.88,62.58,62.58,5681
2026-03-13 11:45:00,62.67,62.86,62.67,62.86,900
2026-03-13 11:50:00,62.85,62.85,62.7,62.7,1015
2026-03-13 11:55:00,62.725,62.725,62.66,62.66,200
2026-03-13 12:00:00,62.735,62.8201,62.7238,62.8201,1795
2026-03-13 12:05:00,62.805,62.83,62.7162,62.83,1677
2026-03-13 12:10:00,62.91,62.91,62.91,62.91,100
2026-03-13 12:15:00,62.7822,62.7822,62.7822,62.7822,200
2026-03-13 12:20:00,62.7654,62.7654,62.7654,62.7654,400
2026-03-13 12:25:00,62.7746,62.7746,62.7746,62.7746,600
2026-03-13 12:30:00,62.87,62.87,62.81,62.81,530
2026-03-13 12:35:00,62.9115,62.9115,62.9115,62.9115,100
2026-03-13 12:40:00,62.91,62.91,62.91,62.91,100
2026-03-13 12:50:00,63.0073,63.0375,63.0073,63.0375,610
2026-03-13 12:55:00,62.95,62.95,62.84,62.87,2100
2026-03-13 13:00:00,62.73,62.74,62.67,62.735,21060
2026-03-13 13:05:00,62.72,62.85,62.6916,62.85,3207
2026-03-13 13:10:00,62.84,62.93,62.84,62.93,3797
2026-03-13 13:15:00,63.0,63.0,63.0,63.0,753
2026-03-13 13:25:00,62.945,62.945,62.945,62.945,100
2026-03-13 13:30:00,62.99,62.99,62.8301,62.8301,647
2026-03-13 13:40:00,62.83,62.83,62.83,62.83,150
2026-03-13 13:45:00,62.815,62.8499,62.815,62.8499,418
2026-03-13 13:55:00,62.66,62.66,62.66,62.66,159
2026-03-13 14:00:00,62.67,62.695,62.67,62.695,400
2026-03-13 14:05:00,62.7,62.7,62.68,62.68,1097
2026-03-13 14:10:00,62.7001,62.7051,62.7,62.7,580
2026-03-13 14:20:00,62.625,62.625,62.625,62.625,145
2026-03-13 14:25:00,62.75,62.75,62.75,62.75,200
2026-03-13 14:30:00,62.8028,62.83,62.7901,62.83,550
2026-03-13 14:35:00,62.9275,62.9275,62.8,62.8,665
2026-03-13 14:40:00,62.835,62.835,62.835,62.835,100
2026-03-13 14:45:00,62.91,62.9899,62.91,62.9899,417
2026-03-13 14:50:00,62.9646,62.98,62.9646,62.98,273
2026-03-13 14:55:00,62.92,62.9717,62.92,62.92,2966
2026-03-13 15:00:00,62.92,62.92,62.79,62.79,1989
2026-03-13 15:05:00,62.77,62.825,62.77,62.825,3162
2026-03-13 15:10:00,62.808,62.808,62.8,62.8,295
2026-03-13 15:15:00,62.73,62.73,62.73,62.73,226
2026-03-13 15:20:00,62.635,62.6462,62.635,62.6462,900
2026-03-13 15:25:00,62.68,62.68,62.68,62.68,100
2026-03-13 15:30:00,62.685,62.685,62.67,62.67,1328
2026-03-13 15:35:00,62.675,62.675,62.61,62.61,537
2026-03-13 15:40:00,62.594,62.63,62.594,62.63,260
2026-03-13 15:45:00,62.5801,62.66,62.5801,62.66,1090
2026-03-13 15:50:00,62.68,62.71,62.67,62.71,1965
2026-03-13 15:55:00,62.67,62.7999,62.6101,62.69,10197
2026-03-13 16:00:00,62.76,62.76,62.76,62.76,389
2026-03-13 16:05:00,62.6085,62.6085,62.6085,62.6085,200
2026-03-16 04:55:00,63.59,63.59,63.59,63.59,100
2026-03-16 08:00:00,64.11,64.11,63.45,63.45,948
2026-03-16 09:30:00,64.61,64.96,64.61,64.96,10764
2026-03-16 09:35:00,64.97,65.15,64.97,65.08,8128
2026-03-16 09:40:00,65.02,65.0755,64.95,64.98,5584
2026-03-16 09:45:00,64.8701,65.2,64.8701,65.1166,11435
2026-03-16 09:50:00,64.9516,65.0999,64.9516,65.0999,1153
2026-03-16 09:55:00,64.9234,65.135,64.9234,65.135,4710
2026-03-16 10:00:00,65.07,65.1715,65.01,65.06,2428
2026-03-16 10:05:00,64.945,65.06,64.945,65.045,379
2026-03-16 10:10:00,65.045,65.1034,64.9001,64.99,11041
2026-03-16 10:15:00,65.06,65.095,65.06,65.075,2785
2026-03-16 10:20:00,65.12,65.12,64.98,64.98,1555
2026-03-16 10:25:00,64.996,64.996,64.975,64.975,971
2026-03-16 10:30:00,64.91,64.9556,64.895,64.895,800
2026-03-16 10:35:00,64.92,64.92,64.72,64.77,2675
2026-03-16 10:40:00,64.7971,64.83,64.675,64.8,2837
2026-03-16 10:45:00,64.78,64.78,64.69,64.71,10408
2026-03-16 10:50:00,64.7,64.7983,64.7,64.7983,568
2026-03-16 10:55:00,64.81,64.8699,64.79,64.835,968
2026-03-16 11:00:00,64.9,64.9,64.83,64.83,461
2026-03-16 11:05:00,64.79,64.8584,64.75,64.85,3150
2026-03-16 11:10:00,64.855,65.0,64.73,64.99,2705
2026-03-16 11:15:00,64.995,64.995,64.905,64.905,520
2026-03-16 11:20:00,64.97,65.05,64.91,65.03,1695
2026-03-16 11:25:00,65.01,65.03,64.97,64.985,12622
2026-03-16 11:30:00,65.07,65.1,65.04,65.1,2150
2026-03-16 11:35:00,65.1,65.1,65.04,65.04,1000
2026-03-16 11:40:00,65.11,65.12,65.05,65.12,1214
2026-03-16 11:45:00,65.075,65.12,65.0401,65.085,1247
2026-03-16 11:50:00,65.06,65.06,65.0447,65.0447,768
2026-03-16 11:55:00,65.0,65.0,64.92,64.92,1285
2026-03-16 12:00:00,64.98,64.98,64.95,64.95,610
2026-03-16 12:05:00,64.94,65.0699,64.8401,65.04,1530
2026-03-16 12:10:00,64.985,65.0099,64.94,64.95,2078
2026-03-16 12:15:00,64.91,65.0,64.91,65.0,938
2026-03-16 12:20:00,64.94,64.94,64.85,64.85,1100
2026-03-16 12:25:00,64.81,64.8494,64.7503,64.8494,5944
2026-03-16 12:30:00,64.8,64.815,64.8,64.815,200
2026-03-16 12:35:00,64.89,64.89,64.89,64.89,200
2026-03-16 12:40:00,64.96,64.998,64.96,64.99,2429
2026-03-16 12:45:00,64.95,64.95,64.86,64.93,2085
2026-03-16 12:50:00,64.94,64.99,64.94,64.95,1255
2026-03-16 12:55:00,64.91,64.925,64.91,64.925,950
2026-03-16 13:00:00,64.93,65.08,64.93,64.97,4983
2026-03-16 13:05:00,64.96,65.01,64.96,65.01,3905
2026-03-16 13:10:00,65.0531,65.0531,65.015,65.015,233
2026-03-16 13:15:00,65.02,65.07,64.96,65.025,1802
2026-03-16 13:20:00,65.025,65.12,65.025,65.045,2077
2026-03-16 13:25:00,65.065,65.12,65.02,65.02,1024
2026-03-16 13:30:00,65.025,65.025,64.99,64.99,320
2026-03-16 13:35:00,65.005,65.005,65.005,65.005,400
2026-03-16 13:40:00,65.005,65.01,64.96,64.99,650
2026-03-16 13:45:00,64.97,64.97,64.95,64.95,1630
2026-03-16 13:50:00,64.99,64.99,64.99,64.99,100
2026-03-16 13:55:00,65.03,65.03,65.03,65.03,1025
2026-03-16 14:00:00,65.04,65.07,65.01,65.07,1316
2026-03-16 14:05:00,65.05,65.13,65.04,65.13,2233
2026-03-16 14:10:00,65.1179,65.13,65.1,65.1,3575
2026-03-16 14:15:00,65.19,65.19,65.19,65.19,200
2026-03-16 14:20:00,65.16,65.22,65.13,65.22,1382
2026-03-16 14:25:00,65.18,65.23,65.18,65.22,938
2026-03-16 14:30:00,65.185,65.185,65.185,65.185,129
2026-03-16 14:35:00,65.205,65.21,65.17,65.21,1206
2026-03-16 14:40:00,65.2499,65.25,65.215,65.23,920
2026-03-16 14:45:00,65.25,65.25,65.2376,65.2376,374
2026-03-16 14:50:00,65.25,65.25,65.21,65.21,1309
2026-03-16 14:55:00,65.22,65.22,65.19,65.19,400
2026-03-16 15:00:00,65.19,65.22,65.1491,65.1491,1668
2026-03-16 15:05:00,65.176,65.43,65.14,65.43,2207
2026-03-16 15:10:00,65.505,65.505,65.25,65.25,2358
2026-03-16 15:15:00,65.305,65.305,65.205,65.205,1015
2026-03-16 15:20:00,65.195,65.195,65.19,65.19,220
2026-03-16 15:25:00,65.18,65.18,65.11,65.17,1884
2026-03-16 15:30:00,65.15,65.15,65.1,65.1,568
2026-03-16 15:35:00,65.09,65.09,65.085,65.09,790
2026-03-16 15:40:00,65.08,65.08,65.03,65.05,3040
2026-03-16 15:45:00,65.02,65.035,64.875,64.875,2932
2026-03-16 15:50:00,64.9299,65.0,64.82,64.907,2903
2026-03-16 15:55:00,64.99,65.08,64.99,65.07,5536
2026-03-16 16:00:00,65.05,65.05,65.05,65.05,1000
2026-03-16 16:35:00,64.085,64.085,64.085,64.085,200
2026-03-16 16:45:00,64.78,64.78,64.78,64.78,231
2026-03-16 17:35:00,64.0517,64.0517,64.0517,64.0517,188
2026-03-16 18:20:00,64.7,64.7,64.7,64.7,188
2026-03-16 19:15:00,64.0998,64.0998,64.0998,64.0998,150
2026-03-17 08:00:00,65.0,65.0,65.0,65.0,1123
2026-03-17 08:20:00,65.03,65.03,65.02,65.02,544
2026-03-17 08:50:00,65.2,65.2,65.2,65.2,303
2026-03-17 09:25:00,65.21,65.21,65.21,65.21,174
2026-03-17 09:30:00,65.16,65.335,65.0,65.295,15835
2026-03-17 09:35:00,65.3185,65.34,65.235,65.28,7494
2026-03-17 09:40:00,65.16,65.29,65.16,65.28,5612
2026-03-17 09:45:00,65.2701,65.34,65.25,65.26,12726
2026-03-17 09:50:00,65.3,65.3,65.18,65.26,3500
2026-03-17 09:55:00,65.31,65.31,65.2,65.23,2035
2026-03-17 10:00:00,65.29,65.33,65.1694,65.1694,1030
2026-03-17 10:05:00,65.24,65.25,65.22,65.25,2018
2026-03-17 10:10:00,65.16,65.26,65.16,65.1755,3639
2026-03-17 10:15:00,65.1101,65.235,65.11,65.235,2588
2026-03-17 10:20:00,65.245,65.29,65.245,65.29,1033
2026-03-17 10:25:00,65.26,65.26,65.18,65.26,705
2026-03-17 10:30:00,65.23,65.31,65.22,65.27,8676
2026-03-17 10:35:00,65.255,65.32,65.18,65.2,1900
2026-03-17 10:40:00,65.23,65.4,65.23,65.39,1318
2026-03-17 10:45:00,65.385,65.43,65.32,65.32,477
2026-03-17 10:50:00,65.3202,65.3839,65.3202,65.355,548
2026-03-17 10:55:00,65.395,65.4394,65.32,65.32,1038
2026-03-17 11:00:00,65.37,65.4297,65.32,65.32,3811
2026-03-17 11:05:00,65.3,65.3,65.12,65.12,2899
2026-03-17 11:10:00,65.0801,65.19,65.0801,65.15,1207
2026-03-17 11:15:00,65.23,65.25,65.23,65.25,200
2026-03-17 11:20:00,65.185,65.185,65.1,65.1,1375
2026-03-17 11:25:00,65.07,65.07,65.07,65.07,400
2026-03-17 11:30:00,65.01,65.01,64.95,64.9788,2078
2026-03-17 11:35:00,64.8642,64.9,64.79,64.9,737
2026-03-17 11:40:00,64.95,64.9888,64.88,64.9888,755
2026-03-17 11:45:00,65.01,65.02,64.94,64.94,1403
2026-03-17 11:50:00,64.9793,65.0497,64.9793,65.03,870
2026-03-17 11:55:00,65.0418,65.0418,65.0418,65.0418,132
2026-03-17 12:00:00,64.95,64.9999,64.93,64.93,461
2026-03-17 12:05:00,64.98,64.99,64.86,64.925,9450
2026-03-17 12:10:00,64.955,64.965,64.95,64.95,1339
2026-03-17 12:15:00,64.92,65.05,64.92,65.05,780
2026-03-17 12:20:00,65.05,65.05,65.05,65.05,153
2026-03-17 12:25:00,65.08,65.08,65.06,65.06,1333
2026-03-17 12:30:00,65.09,65.09,65.0,65.08,12159
2026-03-17 12:35:00,65.02,65.02,65.02,65.02,200
2026-03-17 12:40:00,65.0,65.045,64.93,65.045,2585
2026-03-17 12:45:00,65.0551,65.0551,65.01,65.01,525
2026-03-17 12:50:00,65.0,65.0,65.0,65.0,150
2026-03-17 12:55:00,65.035,65.0778,65.02,65.02,967
2026-03-17 13:00:00,65.06,65.14,65.055,65.14,1325
2026-03-17 13:05:00,65.09,65.14,65.09,65.12,1586
2026-03-17 13:10:00,65.065,65.065,65.065,65.065,550
2026-03-17 13:20:00,65.16,65.18,65.155,65.155,509
2026-03-17 13:25:00,65.11,65.11,65.11,65.11,800
2026-03-17 13:30:00,65.14,65.145,65.14,65.145,200
2026-03-17 13:35:00,65.16,65.205,65.16,65.205,1100
2026-03-17 13:40:00,65.2,65.2,65.13,65.13,2157
2026-03-17 13:45:00,65.15,65.15,65.124,65.124,1070
2026-03-17 13:50:00,65.18,65.19,65.17,65.19,904
2026-03-17 13:55:00,65.23,65.23,65.215,65.22,997
2026-03-17 14:00:00,65.22,65.24,65.22,65.24,500
2026-03-17 14:05:00,65.26,65.315,65.26,65.2632,1207
2026-03-17 14:10:00,65.295,65.33,65.295,65.31,659
2026-03-17 14:15:00,65.26,65.31,65.2,65.2572,1687
2026-03-17 14:20:00,65.25,65.25,65.25,65.25,154
2026-03-17 14:25:00,65.1308,65.2008,65.06,65.06,1905
2026-03-17 14:30:00,65.07,65.14,65.02,65.14,3463
2026-03-17 14:40:00,65.115,65.2,65.1,65.1,982
2026-03-17 14:45:00,65.12,65.16,65.12,65.1383,1100
2026-03-17 14:50:00,65.11,65.154,65.11,65.154,3590
2026-03-17 14:55:00,65.09,65.09,65.09,65.09,200
2026-03-17 15:00:00,65.08,65.08,65.08,65.08,430
2026-03-17 15:05:00,65.08,65.08,65.01,65.065,14083
2026-03-17 15:10:00,65.065,65.065,65.065,65.065,225
2026-03-17 15:15:00,65.1,65.12,65.09,65.09,2085
2026-03-17 15:20:00,65.05,65.08,65.05,65.07,1001
2026-03-17 15:25:00,65.07,65.09,65.07,65.08,2300
2026-03-17 15:30:00,65.07,65.09,65.0,65.0,14863
2026-03-17 15:35:00,65.02,65.03,65.0,65.0223,7513
2026-03-17 15:40:00,65.0174,65.0582,65.0,65.0,2050
2026-03-17 15:45:00,65.04,65.14,65.04,65.0401,2216
2026-03-17 15:50:00,65.1299,65.135,65.0601,65.12,1468
2026-03-17 15:55:00,65.17,65.225,65.0501,65.225,8937
2026-03-17 16:00:00,65.29,65.29,65.29,65.29,2017
2026-03-18 04:00:00,66.2,66.2,66.2,66.2,150
2026-03-18 04:05:00,66.34,66.34,66.34,66.34,214
2026-03-18 06:50:00,66.79,66.79,66.79,66.79,391
2026-03-18 07:00:00,66.51,66.51,66.51,66.51,249
2026-03-18 08:00:00,66.5,66.78,66.0,66.38,2773
2026-03-18 08:10:00,66.15,66.15,66.15,66.15,500
2026-03-18 08:30:00,66.0,66.0,66.0,66.0,100
2026-03-18 08:35:00,65.7,65.7,65.7,65.7,373
2026-03-18 08:50:00,65.42,65.42,65.29,65.42,700
2026-03-18 09:30:00,66.27,66.63,66.27,66.5,37809
2026-03-18 09:35:00,66.55,66.7,66.52,66.58,7859
2026-03-18 09:40:00,66.62,66.69,66.49,66.5056,31963
2026-03-18 09:45:00,66.58,66.71,66.56,66.66,3770
2026-03-18 09:50:00,66.66,66.7102,66.54,66.68,12880
2026-03-18 09:55:00,66.655,66.8,66.62,66.8,4667
2026-03-18 10:00:00,66.8,66.8,66.685,66.74,5444
2026-03-18 10:05:00,66.74,66.91,66.74,66.91,8218
2026-03-18 10:10:00,66.87,66.872,66.6,66.6,2450
2026-03-18 10:15:00,66.545,66.77,66.545,66.63,6328
2026-03-18 10:20:00,66.5968,66.5968,66.485,66.49,10127
2026-03-18 10:25:00,66.42,66.42,66.205,66.205,2180
2026-03-18 10:30:00,66.39,66.39,66.34,66.34,979
2026-03-18 10:35:00,66.315,66.41,66.315,66.325,1376
2026-03-18 10:40:00,66.28,66.3,66.25,66.3,6264
2026-03-18 10:45:00,66.3,66.325,66.3,66.32,2950
2026-03-18 10:50:00,66.235,66.235,66.235,66.235,108
2026-03-18 10:55:00,66.255,66.5137,66.255,66.5137,2153
2026-03-18 11:00:00,66.42,66.5469,66.42,66.525,3128
2026-03-18 11:05:00,66.59,66.735,66.59,66.735,3623
2026-03-18 11:10:00,66.71,66.71,66.56,66.56,1811
2026-03-18 11:15:00,66.6,66.6,66.475,66.475,1104
2026-03-18 11:20:00,66.52,66.52,66.41,66.465,1925
2026-03-18 11:25:00,66.48,66.5199,66.47,66.5199,1892
2026-03-18 11:30:00,66.4481,66.54,66.4481,66.48,1557
2026-03-18 11:35:00,66.495,66.565,66.495,66.555,1106
2026-03-18 11:40:00,66.56,66.5715,66.495,66.5699,1653
2026-03-18 11:45:00,66.58,66.58,66.47,66.488,765
2026-03-18 11:50:00,66.5047,66.55,66.475,66.49,1723
2026-03-18 11:55:00,66.6,66.6,66.59,66.595,1650
2026-03-18 12:00:00,66.54,66.5518,66.54,66.5518,737
2026-03-18 12:10:00,66.4242,66.54,66.4242,66.54,562
2026-03-18 12:15:00,66.495,66.5593,66.495,66.5593,677
2026-03-18 12:20:00,66.5687,66.5687,66.48,66.505,955
2026-03-18 12:25:00,66.5,66.5799,66.5,66.53,523
2026-03-18 12:30:00,66.5481,66.5481,66.41,66.41,2353
2026-03-18 12:35:00,66.405,66.405,66.405,66.405,250
2026-03-18 12:40:00,66.48,66.53,66.48,66.53,200
2026-03-18 12:45:00,66.435,66.5199,66.35,66.44,843
2026-03-18 12:50:00,66.396,66.445,66.396,66.445,350
2026-03-18 12:55:00,66.455,66.47,66.42,66.42,969
2026-03-18 13:00:00,66.47,66.47,66.32,66.3373,1167
2026-03-18 13:05:00,66.32,66.38,66.32,66.38,230
2026-03-18 13:10:00,66.3,66.3,66.3,66.3,400
2026-03-18 13:15:00,66.32,66.4,66.32,66.4,205
2026-03-18 13:20:00,66.4,66.43,66.4,66.43,200
2026-03-18 13:30:00,66.43,66.47,66.42,66.4375,1645
2026-03-18 13:35:00,66.502,66.57,66.502,66.57,1848
2026-03-18 13:40:00,66.535,66.535,66.485,66.485,1910
2026-03-18 13:45:00,66.52,66.6,66.52,66.53,1080
2026-03-18 13:50:00,66.53,66.5947,66.53,66.5947,2477
2026-03-18 13:55:00,66.6899,66.6899,66.6899,66.6899,738
2026-03-18 14:00:00,66.5973,66.79,66.5973,66.79,4110
2026-03-18 14:10:00,66.7,66.7,66.63,66.63,1896
2026-03-18 14:15:00,66.61,66.66,66.54,66.54,1196
2026-03-18 14:20:00,66.63,66.6721,66.51,66.51,815
2026-03-18 14:25:00,66.59,66.59,66.59,66.59,100
2026-03-18 14:30:00,66.63,66.63,66.485,66.49,3495
2026-03-18 14:35:00,66.48,66.62,66.455,66.55,10690
2026-03-18 14:40:00,66.49,66.565,66.46,66.532,2233
2026-03-18 14:45:00,66.48,66.51,66.4201,66.445,3370
2026-03-18 14:50:00,66.37,66.385,66.1742,66.1742,3266
2026-03-18 14:55:00,66.26,66.27,66.2,66.2,1850
2026-03-18 15:00:00,66.2,66.375,66.2,66.375,4425
2026-03-18 15:05:00,66.35,66.39,66.22,66.39,5231
2026-03-18 15:10:00,66.36,66.36,66.26,66.275,1832
2026-03-18 15:15:00,66.275,66.28,66.13,66.27,2927
2026-03-18 15:20:00,66.24,66.27,66.1,66.155,3071
2026-03-18 15:25:00,66.075,66.15,66.07,66.15,2900
2026-03-18 15:30:00,66.1373,66.14,66.1,66.14,1072
2026-03-18 15:35:00,66.078,66.078,66.078,66.078,372
2026-03-18 15:40:00,66.06,66.06,65.95,65.99,3063
2026-03-18 15:45:00,66.02,66.05,65.985,66.03,1775
2026-03-18 15:50:00,66.0,66.09,65.9911,66.07,3216
2026-03-18 15:55:00,66.0,66.1099,65.92,65.95,4165
2026-03-18 16:00:00,66.0,66.0,66.0,66.0,1038
2026-03-18 17:10:00,66.3801,66.4834,66.3801,66.4834,220
2026-03-18 18:10:00,65.81,65.81,65.53,65.53,393
2026-03-19 04:50:00,64.98,64.99,64.97,64.97,556
2026-03-19 06:40:00,65.1,65.1,65.08,65.08,501
2026-03-19 08:00:00,64.5402,65.45,64.5402,65.03,1279
2026-03-19 08:05:00,64.67,64.67,64.67,64.67,373
2026-03-19 08:30:00,65.0,65.0,65.0,65.0,100
2026-03-19 09:20:00,64.2,64.2,64.15,64.15,300
2026-03-19 09:25:00,64.05,64.05,64.01,64.01,399
2026-03-19 09:30:00,63.73,63.73,63.45,63.57,18711
2026-03-19 09:35:00,63.56,63.8,63.45,63.735,16774
2026-03-19 09:40:00,63.7265,63.9899,63.7265,63.895,12198
2026-03-19 09:45:00,63.9,64.07,63.87,63.97,6980
2026-03-19 09:50:00,64.08,64.29,64.08,64.29,3178
2026-03-19 09:55:00,64.37,64.4,64.26,64.395,1210
2026-03-19 10:00:00,64.445,64.63,64.32,64.495,2732
2026-03-19 10:05:00,64.51,64.6,64.5,64.54,4002
2026-03-19 10:10:00,64.7,64.735,64.585,64.63,3029
2026-03-19 10:15:00,64.69,64.69,64.4811,64.53,3120
2026-03-19 10:20:00,64.44,64.535,64.295,64.41,3513
2026-03-19 10:25:00,64.41,64.45,64.26,64.295,3327
2026-03-19 10:30:00,64.285,64.615,64.285,64.615,5853
2026-03-19 10:35:00,64.65,64.65,64.44,64.44,1633
2026-03-19 10:40:00,64.5399,64.555,64.505,64.55,2907
2026-03-19 10:45:00,64.53,64.595,64.52,64.595,1048
2026-03-19 10:50:00,64.685,64.77,64.67,64.67,2145
2026-03-19 10:55:00,64.55,64.5984,64.55,64.5984,400
2026-03-19 11:00:00,64.67,64.74,64.67,64.74,200
2026-03-19 11:05:00,64.78,64.84,64.71,64.7999,1323
2026-03-19 11:10:00,64.775,64.86,64.775,64.785,1360
2026-03-19 11:15:00,64.7814,64.8736,64.77,64.77,646
2026-03-19 11:20:00,64.6001,64.6001,64.51,64.58,2407
2026-03-19 11:25:00,64.5,64.5,64.4,64.42,1870
2026-03-19 11:30:00,64.41,64.41,64.32,64.32,680
2026-03-19 11:35:00,64.2233,64.3499,64.2,64.29,2436
2026-03-19 11:40:00,64.315,64.33,64.315,64.3296,1061
2026-03-19 11:45:00,64.28,64.4294,64.26,64.375,6742
2026-03-19 11:50:00,64.3729,64.4,64.33,64.4,1600
2026-03-19 11:55:00,64.42,64.42,64.42,64.42,100
2026-03-19 12:00:00,64.625,64.65,64.625,64.65,380
2026-03-19 12:05:00,64.5501,64.7,64.5501,64.7,4500
2026-03-19 12:10:00,64.56,64.6599,64.56,64.56,1623
2026-03-19 12:15:00,64.58,64.58,64.58,64.58,140
2026-03-19 12:20:00,64.5344,64.542,64.505,64.542,1495
2026-03-19 12:25:00,64.53,64.65,64.53,64.65,2013
2026-03-19 12:30:00,64.5501,64.635,64.5501,64.635,400
2026-03-19 12:35:00,64.57,64.57,64.57,64.57,908
2026-03-19 12:40:00,64.68,64.72,64.68,64.72,1300
2026-03-19 12:45:00,64.8,64.8,64.715,64.7199,500
2026-03-19 12:50:00,64.6737,64.6737,64.58,64.6001,4300
2026-03-19 12:55:00,64.609,64.63,64.609,64.63,1765
2026-03-19 13:00:00,64.67,64.67,64.67,64.67,400
2026-03-19 13:05:00,64.588,64.59,64.565,64.59,435
2026-03-19 13:10:00,64.425,64.425,64.4,64.4,1200
2026-03-19 13:15:00,64.435,64.485,64.435,64.485,1106
2026-03-19 13:20:00,64.5001,64.58,64.5,64.5676,1249
2026-03-19 13:25:00,64.6,64.6537,64.6,64.625,757
2026-03-19 13:30:00,64.595,64.6,64.595,64.6,1696
2026-03-19 13:35:00,64.55,64.55,64.5,64.5,1510
2026-03-19 13:40:00,64.5,64.56,64.5,64.551,5872
2026-03-19 13:45:00,64.52,64.52,64.52,64.52,2300
2026-03-19 13:50:00,64.525,64.6,64.522,64.6,855
2026-03-19 13:55:00,64.605,64.605,64.605,64.605,100
2026-03-19 14:00:00,64.595,64.595,64.53,64.53,820
2026-03-19 14:05:00,64.58,64.65,64.58,64.58,1260
2026-03-19 14:10:00,64.61,64.74,64.61,64.74,409
2026-03-19 14:15:00,64.73,64.73,64.7101,64.7101,496
2026-03-19 14:20:00,64.795,64.8,64.795,64.8,200
2026-03-19 14:25:00,64.75,64.75,64.73,64.73,954
2026-03-19 14:30:00,64.73,64.73,64.67,64.67,860
2026-03-19 14:35:00,64.7,64.7,64.65,64.65,236
2026-03-19 14:40:00,64.62,64.62,64.575,64.575,500
2026-03-19 14:45:00,64.55,64.55,64.55,64.55,400
2026-03-19 14:50:00,64.5497,64.61,64.47,64.61,2427
2026-03-19 14:55:00,64.66,64.77,64.62,64.77,323
2026-03-19 15:00:00,65.0,65.09,65.0,65.04,1181
2026-03-19 15:05:00,65.28,65.47,65.22,65.4,3822
2026-03-19 15:10:00,65.36,65.49,65.22,65.22,2225
2026-03-19 15:15:00,65.48,65.59,65.41,65.47,5917
2026-03-19 15:20:00,65.44,65.44,65.325,65.325,3481
2026-03-19 15:25:00,65.3,65.3,65.205,65.205,250
2026-03-19 15:30:00,65.33,65.33,65.29,65.29,405
2026-03-19 15:35:00,65.17,65.195,65.11,65.195,953
2026-03-19 15:40:00,65.22,65.3,65.22,65.3,906
2026-03-19 15:45:00,65.24,65.39,65.1701,65.2581,1930
2026-03-19 15:50:00,65.1801,65.33,65.1801,65.2,4638
2026-03-19 15:55:00,65.235,65.31,65.1601,65.22,8860
2026-03-19 16:00:00,65.22,65.22,65.22,65.22,2044
2026-03-20 05:45:00,64.98,64.98,64.98,64.98,100
2026-03-20 08:00:00,64.62,64.62,64.62,64.62,1750
2026-03-20 09:30:00,64.51,64.51,64.0801,64.1696,19849
2026-03-20 09:35:00,64.105,64.275,64.1,64.145,1613
2026-03-20 09:40:00,64.17,64.25,64.15,64.25,1800
2026-03-20 09:45:00,64.355,64.395,64.26,64.33,1300
2026-03-20 09:50:00,64.26,64.26,63.9225,63.955,4884
2026-03-20 09:55:00,63.865,63.9,63.61,63.76,4356
2026-03-20 10:00:00,63.615,63.7899,63.6,63.75,6690
2026-03-20 10:05:00,63.83,63.86,63.55,63.55,3216
2026-03-20 10:10:00,63.67,63.8,63.41,63.44,4741
2026-03-20 10:15:00,63.48,63.5499,63.4481,63.51,3310
2026-03-20 10:20:00,63.38,63.45,63.325,63.325,400
2026-03-20 10:25:00,63.395,63.47,63.245,63.42,5856
2026-03-20 10:30:00,63.42,63.53,63.35,63.46,3438
2026-03-20 10:35:00,63.495,63.5,63.45,63.5,690
2026-03-20 10:40:00,63.4201,63.51,63.4201,63.475,1090
2026-03-20 10:45:00,63.48,63.48,63.4,63.435,979
2026-03-20 10:50:00,63.429,63.429,63.19,63.19,4778
2026-03-20 10:55:00,63.19,63.4,63.19,63.4,3819
2026-03-20 11:00:00,63.3,63.485,63.2,63.26,3007
2026-03-20 11:05:00,63.31,63.3399,63.22,63.29,3877
2026-03-20 11:10:00,63.3169,63.53,63.3169,63.485,1088
2026-03-20 11:15:00,63.37,63.38,63.23,63.295,2658
2026-03-20 11:20:00,63.265,63.63,63.265,63.37,8888
2026-03-20 11:25:00,63.27,63.41,63.21,63.21,5061
2026-03-20 11:30:00,63.25,63.45,63.245,63.41,996
2026-03-20 11:35:00,63.3697,63.39,63.335,63.335,1850
2026-03-20 11:40:00,63.37,63.415,63.37,63.415,1266
2026-03-20 11:45:00,63.34,63.4,63.34,63.4,1074
2026-03-20 11:50:00,63.41,63.43,63.35,63.43,6698
2026-03-20 11:55:00,63.435,63.493,63.425,63.45,2142
2026-03-20 12:00:00,63.45,63.64,63.45,63.64,2879
2026-03-20 12:05:00,63.63,63.63,63.56,63.56,1050
2026-03-20 12:10:00,63.56,63.68,63.5,63.57,1850
2026-03-20 12:15:00,63.505,63.56,63.505,63.56,1000
2026-03-20 12:30:00,63.4,63.4,63.25,63.3,1100
2026-03-20 12:35:00,63.26,63.26,63.26,63.26,375
2026-03-20 12:40:00,63.25,63.26,63.2129,63.245,8084
2026-03-20 12:45:00,63.22,63.24,63.1833,63.1833,740
2026-03-20 12:50:00,63.175,63.19,63.12,63.15,3438
2026-03-20 12:55:00,63.195,63.285,63.15,63.285,739
2026-03-20 13:00:00,63.2923,63.2923,63.2923,63.2923,120
2026-03-20 13:05:00,63.24,63.25,63.12,63.24,7233
2026-03-20 13:10:00,63.185,63.185,63.18,63.18,338
2026-03-20 13:15:00,63.07,63.105,63.07,63.07,1224
2026-03-20 13:20:00,63.07,63.135,63.06,63.135,3574
2026-03-20 13:25:00,63.13,63.13,63.0,63.0,5027
2026-03-20 13:30:00,63.0,63.05,62.87,62.87,1087
2026-03-20 13:35:00,62.87,62.93,62.72,62.7493,3303
2026-03-20 13:40:00,62.875,62.875,62.8,62.8,2225
2026-03-20 13:45:00,62.825,62.84,62.75,62.75,1929
2026-03-20 13:50:00,62.8562,62.91,62.7601,62.91,1626
2026-03-20 13:55:00,62.8685,62.8998,62.8685,62.8998,427
2026-03-20 14:00:00,62.945,62.945,62.89,62.9,1230
2026-03-20 14:05:00,62.93,62.99,62.88,62.935,3952
2026-03-20 14:10:00,62.86,62.895,62.83,62.83,690
2026-03-20 14:15:00,62.7913,62.8709,62.7913,62.8,5941
2026-03-20 14:20:00,62.805,62.82,62.63,62.67,6248
2026-03-20 14:25:00,62.64,62.755,62.64,62.755,6459
2026-03-20 14:30:00,62.74,62.76,62.63,62.63,4127
2026-03-20 14:35:00,62.5301,62.63,62.485,62.56,5747
2026-03-20 14:40:00,62.56,62.57,62.4,62.56,5949
2026-03-20 14:45:00,62.475,62.54,62.4101,62.42,7946
2026-03-20 14:50:00,62.45,62.58,62.41,62.485,4112
2026-03-20 14:55:00,62.49,62.49,62.41,62.46,2105
2026-03-20 15:00:00,62.47,62.5399,62.47,62.48,3713
2026-03-20 15:05:00,62.53,62.53,62.33,62.385,10257
2026-03-20 15:10:00,62.36,62.41,62.2819,62.385,3823
2026-03-20 15:15:00,62.455,62.455,62.38,62.41,1848
2026-03-20 15:20:00,62.4605,62.4605,62.375,62.375,1430
2026-03-20 15:25:00,62.345,62.36,62.29,62.36,2930
2026-03-20 15:30:00,62.34,62.34,62.28,62.28,8367
2026-03-20 15:35:00,62.22,62.28,62.08,62.18,8562
2026-03-20 15:40:00,62.25,62.32,62.18,62.315,40503
2026-03-20 15:45:00,62.2501,62.35,62.25,62.25,2637
2026-03-20 15:50:00,62.28,62.4376,62.2669,62.355,11974
2026-03-20 15:55:00,62.3701,62.57,62.3701,62.53,13504
2026-03-20 16:00:00,62.53,62.53,62.53,62.53,534
2026-03-20 16:10:00,63.01,63.01,63.01,63.01,100
2026-03-20 16:50:00,63.47,63.47,63.47,63.47,100
2026-03-20 17:15:00,63.82,63.82,63.81,63.81,200
2026-03-20 17:55:00,63.25,63.25,63.25,63.25,151
2026-03-20 18:40:00,63.25,63.25,63.25,63.25,100
2026-03-23 04:00:00,62.08,62.08,62.06,62.06,200
2026-03-23 04:40:00,61.76,61.76,61.76,61.76,100
2026-03-23 05:40:00,61.27,61.27,61.27,61.27,100
2026-03-23 07:45:00,63.55,63.55,63.55,63.55,100
2026-03-23 08:00:00,64.7265,64.7265,61.65,61.65,381
2026-03-23 08:30:00,63.8507,63.8507,63.8507,63.8507,100
2026-03-23 08:55:00,63.99,64.0,63.99,64.0,300
2026-03-23 09:10:00,63.82,63.82,63.82,63.82,130
2026-03-23 09:30:00,63.66,63.89,63.425,63.725,28045
2026-03-23 09:35:00,63.79,64.1,63.61,63.985,19180
2026-03-23 09:40:00,63.95,64.1,63.84,63.95,22416
2026-03-23 09:45:00,63.88,64.33,63.83,64.33,16996
2026-03-23 09:50:00,64.29,64.4,64.27,64.305,17860
2026-03-23 09:55:00,64.265,64.358,64.235,64.3,1322
2026-03-23 10:00:00,64.4,64.5799,64.31,64.345,11923
2026-03-23 10:05:00,64.3,64.57,64.3,64.395,5006
2026-03-23 10:10:00,64.56,64.655,64.36,64.58,11857
2026-03-23 10:15:00,64.6365,64.78,64.6365,64.78,2647
2026-03-23 10:20:00,64.7001,64.92,64.7001,64.92,5767
2026-03-23 10:25:00,64.8836,64.8836,64.7,64.72,5409
2026-03-23 10:30:00,64.72,64.7258,64.6297,64.7258,7421
2026-03-23 10:35:00,64.6999,64.6999,64.48,64.48,6525
2026-03-23 10:40:00,64.6094,64.6094,64.525,64.53,3783
2026-03-23 10:45:00,64.5,64.66,64.5,64.66,2797
2026-03-23 10:50:00,64.52,64.54,64.52,64.54,872
2026-03-23 10:55:00,64.505,64.505,64.5,64.5,2100
2026-03-23 11:00:00,64.51,64.69,64.51,64.58,554
2026-03-23 11:05:00,64.8,64.8,64.715,64.745,1163
2026-03-23 11:15:00,64.71,64.71,64.65,64.65,300
2026-03-23 11:20:00,64.545,64.635,64.545,64.635,1400
2026-03-23 11:25:00,64.61,64.61,64.445,64.445,1496
2026-03-23 11:30:00,64.46,64.53,64.46,64.48,1230
2026-03-23 11:35:00,64.34,64.3599,64.195,64.195,738
2026-03-23 11:40:00,64.07,64.13,64.025,64.1,2066
2026-03-23 11:45:00,64.005,64.05,63.89,64.05,3478
2026-03-23 11:50:00,63.915,63.915,63.84,63.84,700
2026-03-23 11:55:00,63.68,63.68,63.4674,63.515,2588
2026-03-23 12:00:00,63.485,63.61,63.43,63.43,3681
2026-03-23 12:05:00,63.48,63.6317,63.47,63.6317,1150
2026-03-23 12:10:00,63.7599,63.7599,63.6951,63.6951,2423
2026-03-23 12:15:00,63.71,63.71,63.58,63.58,681
2026-03-23 12:20:00,63.585,63.67,63.56,63.595,4744
2026-03-23 12:25:00,63.44,63.44,63.44,63.44,189
2026-03-23 12:30:00,63.45,63.57,63.45,63.57,880
2026-03-23 12:35:00,63.68,63.68,63.68,63.68,340
2026-03-23 12:40:00,63.72,63.7482,63.69,63.7384,2996
2026-03-23 12:45:00,63.725,63.82,63.725,63.77,1557
2026-03-23 12:50:00,63.6101,63.6101,63.6101,63.6101,119
2026-03-23 12:55:00,63.6811,63.81,63.56,63.56,650
2026-03-23 13:00:00,63.67,63.67,63.64,63.64,400
2026-03-23 13:05:00,63.64,63.64,63.64,63.64,100
2026-03-23 13:10:00,63.645,63.71,63.645,63.71,1853
2026-03-23 13:15:00,63.55,63.55,63.46,63.46,210
2026-03-23 13:20:00,63.44,63.44,63.44,63.44,200
2026-03-23 13:25:00,63.55,63.6001,63.55,63.6001,320
2026-03-23 13:30:00,63.76,63.87,63.76,63.87,1750
2026-03-23 13:40:00,63.88,63.9395,63.7201,63.7201,1126
2026-03-23 13:50:00,63.82,63.82,63.82,63.82,300
2026-03-23 13:55:00,63.92,63.9896,63.92,63.9896,1100
2026-03-23 14:00:00,64.05,64.1391,64.02,64.1391,46330
2026-03-23 14:05:00,64.105,64.105,63.96,64.02,2818
2026-03-23 14:10:00,64.11,64.11,64.11,64.11,180
2026-03-23 14:25:00,64.02,64.05,63.99,63.99,355
2026-03-23 14:30:00,64.17,64.17,64.17,64.17,300
2026-03-23 14:35:00,64.32,64.335,64.21,64.21,400
2026-03-23 14:40:00,64.26,64.26,64.2,64.2,352
2026-03-23 14:45:00,64.3299,64.3299,64.25,64.25,899
2026-03-23 14:50:00,64.24,64.245,64.24,64.245,521
2026-03-23 14:55:00,64.32,64.32,64.16,64.16,411
2026-03-23 15:00:00,64.194,64.194,64.194,64.194,108
2026-03-23 15:05:00,64.2,64.2268,64.2,64.2268,467
2026-03-23 15:10:00,64.17,64.17,64.17,64.17,200
2026-03-23 15:15:00,64.16,64.16,64.06,64.125,816
2026-03-23 15:20:00,64.15,64.15,64.0918,64.0918,380
2026-03-23 15:30:00,64.14,64.21,64.1,64.1,8144
2026-03-23 15:35:00,64.1,64.155,64.1,64.155,2778
2026-03-23 15:40:00,64.1815,64.196,64.11,64.196,680
2026-03-23 15:45:00,64.2101,64.2101,64.19,64.19,1702
2026-03-23 15:50:00,64.15,64.15,64.05,64.09,2241
2026-03-23 15:55:00,64.06,64.0784,63.9505,63.97,2914
2026-03-23 16:00:00,63.88,63.88,63.88,63.88,456
2026-03-23 16:05:00,63.0,63.0,63.0,63.0,147
2026-03-23 16:35:00,64.01,64.01,64.01,64.01,100
2026-03-23 17:45:00,64.1354,64.1354,64.1354,64.1354,220
2026-03-23 18:55:00,65.0,65.0,65.0,65.0,100
2026-03-24 08:00:00,63.86,63.86,63.86,63.86,126
2026-03-24 08:30:00,63.9,63.9,63.9,63.9,114
2026-03-24 09:15:00,63.5,63.5,63.5,63.5,200
2026-03-24 09:25:00,63.56,63.56,63.56,63.56,192
2026-03-24 09:30:00,63.54,64.04,63.54,64.04,6868
2026-03-24 09:35:00,63.98,64.0,63.85,63.85,1835
2026-03-24 09:40:00,63.7464,63.7464,63.33,63.33,4141
2026-03-24 09:45:00,63.48,63.515,63.34,63.34,4710
2026-03-24 09:50:00,63.2203,63.3,63.2203,63.3,600
2026-03-24 09:55:00,63.36,63.63,63.36,63.5,2950
2026-03-24 10:00:00,63.4774,63.615,63.4774,63.56,1084
2026-03-24 10:05:00,63.54,63.7011,63.5,63.605,900
2026-03-24 10:10:00,63.56,63.56,63.56,63.56,775
2026-03-24 10:15:00,63.62,63.62,63.62,63.62,657
2026-03-24 10:20:00,63.615,63.615,63.32,63.445,3373
2026-03-24 10:25:00,63.365,63.44,63.27,63.42,925
2026-03-24 10:30:00,63.425,63.425,63.33,63.33,4450
2026-03-24 10:35:00,63.425,63.425,63.34,63.34,1925
2026-03-24 10:40:00,63.365,63.5,63.365,63.5,1000
2026-03-24 10:45:00,63.52,63.67,63.48,63.5908,4290
2026-03-24 10:50:00,63.42,63.942,63.42,63.72,22003
2026-03-24 10:55:00,63.72,63.95,63.63,63.685,5150
2026-03-24 11:00:00,63.82,63.835,63.82,63.835,3130
2026-03-24 11:05:00,63.88,63.91,63.7101,63.91,537
2026-03-24 11:10:00,63.76,63.76,63.74,63.74,400
2026-03-24 11:15:00,63.96,63.96,63.87,63.905,1200
2026-03-24 11:20:00,63.88,63.9496,63.88,63.9496,4867
2026-03-24 11:25:00,64.0481,64.11,64.01,64.01,2417
2026-03-24 11:30:00,64.0,64.0,64.0,64.0,100
2026-03-24 11:35:00,64.034,64.034,64.034,64.034,144
2026-03-24 11:40:00,63.97,64.0299,63.97,64.0299,433
2026-03-24 11:45:00,63.965,64.0199,63.955,63.955,1200
2026-03-24 11:50:00,63.955,64.05,63.955,64.0,1013
2026-03-24 11:55:00,63.975,63.975,63.74,63.79,8040
2026-03-24 12:00:00,63.78,63.8,63.64,63.64,1064
2026-03-24 12:05:00,63.64,63.65,63.57,63.64,1178
2026-03-24 12:10:00,63.655,63.655,63.555,63.6,1650
2026-03-24 12:15:00,63.72,63.775,63.72,63.775,3200
2026-03-24 12:20:00,63.82,63.82,63.82,63.82,100
2026-03-24 12:25:00,63.7715,63.7715,63.7,63.7,359
2026-03-24 12:30:00,63.79,63.79,63.79,63.79,100
2026-03-24 12:35:00,63.7,63.7,63.57,63.58,2094
2026-03-24 12:40:00,63.59,63.59,63.59,63.59,110
2026-03-24 12:45:00,63.7475,63.775,63.7475,63.775,623
2026-03-24 12:50:00,63.8,63.8,63.77,63.77,350
2026-03-24 12:55:00,63.76,63.81,63.67,63.81,27296
2026-03-24 13:00:00,63.75,63.75,63.75,63.75,200
2026-03-24 13:05:00,63.5,63.58,63.43,63.43,4320
2026-03-24 13:10:00,63.4,63.42,63.38,63.42,4048
2026-03-24 13:15:00,63.43,63.46,63.35,63.35,1275
2026-03-24 13:20:00,63.35,63.45,63.35,63.45,2300
2026-03-24 13:25:00,63.385,63.47,63.3359,63.47,1050
2026-03-24 13:30:00,63.47,63.53,63.47,63.53,356
2026-03-24 13:35:00,63.49,63.49,63.3601,63.3601,4875
2026-03-24 13:40:00,63.49,63.5,63.455,63.485,1788
2026-03-24 13:45:00,63.4599,63.46,63.365,63.45,1364
2026-03-24 13:50:00,63.52,63.56,63.45,63.45,10045
2026-03-24 13:55:00,63.52,63.7,63.51,63.64,6904
2026-03-24 14:00:00,63.7,63.77,63.69,63.77,526
2026-03-24 14:05:00,63.71,63.71,63.675,63.675,954
2026-03-24 14:10:00,63.665,63.665,63.665,63.665,255
2026-03-24 14:15:00,63.7399,63.7399,63.58,63.655,3078
2026-03-24 14:20:00,63.681,63.685,63.665,63.665,625
2026-03-24 14:25:00,63.7249,63.79,63.7249,63.79,578
2026-03-24 14:30:00,63.75,63.845,63.75,63.845,600
2026-03-24 14:35:00,63.895,63.93,63.895,63.93,601
2026-03-24 14:45:00,63.855,63.855,63.79,63.79,2450
2026-03-24 14:50:00,63.83,63.95,63.83,63.9499,6376
2026-03-24 14:55:00,63.82,63.82,63.82,63.82,100
2026-03-24 15:05:00,63.869,63.9,63.865,63.9,420
2026-03-24 15:10:00,64.0,64.0,64.0,64.0,410
2026-03-24 15:15:00,63.94,64.0,63.93,63.93,1256
2026-03-24 15:20:00,63.9999,63.9999,63.91,63.91,1108
2026-03-24 15:25:00,63.935,63.935,63.86,63.86,885
2026-03-24 15:30:00,63.76,63.86,63.71,63.71,4014
2026-03-24 15:35:00,63.72,63.74,63.7,63.74,2807
2026-03-24 15:40:00,63.775,63.775,63.775,63.775,100
2026-03-24 15:45:00,63.75,63.75,63.655,63.7,1028
2026-03-24 15:50:00,63.7,63.8,63.69,63.705,1317
2026-03-24 15:55:00,63.62,63.69,63.62,63.63,1394
2026-03-24 16:00:00,63.69,63.69,63.69,63.69,401
2026-03-24 16:20:00,64.13,64.13,64.13,64.13,100
2026-03-24 18:05:00,64.7707,64.7707,64.7707,64.7707,100
2026-03-25 07:35:00,65.02,65.02,65.02,65.02,367
2026-03-25 07:45:00,65.02,65.02,65.02,65.02,199
2026-03-25 08:00:00,64.91,64.91,64.91,64.91,100
2026-03-25 08:35:00,64.78,64.78,64.78,64.78,700
2026-03-25 09:30:00,65.0,65.1676,64.99,65.02,14072
2026-03-25 09:35:00,65.21,65.42,65.21,65.25,12636
2026-03-25 09:40:00,65.26,65.49,64.99,65.045,45659
2026-03-25 09:45:00,65.04,65.05,65.0,65.01,7342
2026-03-25 09:50:00,65.005,65.005,64.7251,64.73,9659
2026-03-25 09:55:00,64.76,64.9,64.76,64.76,4059
2026-03-25 10:00:00,64.755,65.06,64.68,65.06,48103
2026-03-25 10:05:00,65.005,65.2492,65.005,65.18,1080
2026-03-25 10:10:00,65.11,65.2744,65.1,65.2744,2116
2026-03-25 10:15:00,65.31,65.3899,65.19,65.19,2035
2026-03-25 10:20:00,65.35,65.48,65.3201,65.4,1831
2026-03-25 10:25:00,65.4,65.5,65.39,65.39,1582
2026-03-25 10:30:00,65.41,65.53,65.39,65.4,1324
2026-03-25 10:35:00,65.45,65.49,65.405,65.4301,19289
2026-03-25 10:40:00,65.4431,65.56,65.4431,65.47,5815
2026-03-25 10:45:00,65.465,65.465,65.44,65.44,304
2026-03-25 10:50:00,65.5,65.5,65.465,65.465,404
2026-03-25 10:55:00,65.44,65.44,65.4,65.4,549
2026-03-25 11:00:00,65.36,65.39,65.35,65.35,2400
2026-03-25 11:05:00,65.37,65.37,65.235,65.275,2286
2026-03-25 11:10:00,65.16,65.21,64.9682,64.9682,3997
2026-03-25 11:15:00,65.055,65.055,64.71,64.815,10199
2026-03-25 11:20:00,64.935,65.1,64.935,65.09,4532
2026-03-25 11:25:00,65.135,65.135,65.0857,65.0857,230
2026-03-25 11:35:00,65.2,65.24,65.1601,65.24,500
2026-03-25 11:40:00,65.1499,65.1499,65.0,65.0,269
2026-03-25 11:45:00,65.0899,65.12,65.0899,65.12,254
2026-03-25 11:50:00,65.045,65.045,65.045,65.045,100
2026-03-25 11:55:00,65.04,65.04,65.04,65.04,100
2026-03-25 12:00:00,64.93,64.93,64.9,64.9,408
2026-03-25 12:10:00,64.935,65.07,64.935,65.06,8240
2026-03-25 12:15:00,65.0051,65.04,64.995,65.0,2848
2026-03-25 12:20:00,65.01,65.08,64.97,65.08,600
2026-03-25 12:25:00,65.145,65.24,65.1135,65.18,15759
2026-03-25 12:30:00,65.12,65.28,65.12,65.25,3858
2026-03-25 12:35:00,65.2124,65.2218,65.2124,65.2218,1184
2026-03-25 12:40:00,65.215,65.2225,65.2,65.205,1725
2026-03-25 12:45:00,65.25,65.25,65.225,65.25,6808
2026-03-25 12:50:00,65.18,65.22,65.145,65.22,1050
2026-03-25 12:55:00,65.265,65.285,65.19,65.21,8174
2026-03-25 13:00:00,65.27,65.27,65.15,65.15,1888
2026-03-25 13:05:00,65.155,65.155,65.155,65.155,100
2026-03-25 13:10:00,65.08,65.08,65.08,65.08,153
2026-03-25 13:15:00,65.18,65.18,65.1,65.1,3353
2026-03-25 13:20:00,65.085,65.135,65.085,65.13,600
2026-03-25 13:25:00,65.215,65.215,65.205,65.205,250
2026-03-25 13:30:00,65.1336,65.2,65.1336,65.19,1797
2026-03-25 13:35:00,65.25,65.29,65.18,65.29,2115
2026-03-25 13:40:00,65.26,65.41,65.26,65.395,1700
2026-03-25 13:50:00,65.265,65.2881,65.242,65.2881,1137
2026-03-25 13:55:00,65.1906,65.31,65.1906,65.31,490
2026-03-25 14:00:00,65.14,65.27,65.14,65.23,800
2026-03-25 14:05:00,65.2699,65.35,65.235,65.235,1329
2026-03-25 14:10:00,65.28,65.28,65.2,65.2,312
2026-03-25 14:15:00,65.2848,65.3572,65.27,65.2875,1504
2026-03-25 14:20:00,65.3,65.34,65.28,65.28,1075
2026-03-25 14:25:00,65.245,65.245,65.245,65.245,100
2026-03-25 14:30:00,65.24,65.27,65.24,65.27,500
2026-03-25 14:40:00,65.2,65.2,65.175,65.175,2799
2026-03-25 14:45:00,65.18,65.19,65.18,65.19,2047
2026-03-25 14:50:00,65.16,65.16,65.16,65.16,100
2026-03-25 14:55:00,65.11,65.11,65.01,65.01,500
2026-03-25 15:00:00,64.955,64.955,64.955,64.955,105
2026-03-25 15:05:00,64.925,64.925,64.925,64.925,100
2026-03-25 15:10:00,64.95,64.995,64.95,64.995,400
2026-03-25 15:15:00,65.04,65.065,65.04,65.065,225
2026-03-25 15:20:00,65.1,65.1,65.1,65.1,100
2026-03-25 15:30:00,65.08,65.08,64.935,64.945,1105
2026-03-25 15:35:00,64.945,64.99,64.93,64.95,5363
2026-03-25 15:40:00,64.95,65.0,64.95,65.0,3442
2026-03-25 15:45:00,64.975,65.03,64.905,64.96,3403
2026-03-25 15:50:00,64.98,65.05,64.96,65.0,2292
2026-03-25 15:55:00,65.0,65.02,64.96,65.0,3220
2026-03-25 16:00:00,65.01,65.01,65.01,65.01,309
2026-03-25 18:45:00,65.436,65.436,65.436,65.436,100
2026-03-25 18:50:00,65.436,65.436,65.436,65.436,100
2026-03-26 04:50:00,63.96,63.96,63.96,63.96,361
2026-03-26 08:05:00,64.0,64.0,64.0,64.0,841
2026-03-26 08:15:00,63.5,63.5,63.5,63.5,200
2026-03-26 08:35:00,63.93,63.93,63.93,63.93,403
2026-03-26 08:40:00,63.2047,63.2047,63.2047,63.2047,200
2026-03-26 08:45:00,63.79,63.79,63.79,63.79,150
2026-03-26 09:10:00,64.0,64.0,64.0,64.0,150
2026-03-26 09:25:00,63.35,63.35,63.35,63.35,108
2026-03-26 09:30:00,63.3,63.3,63.01,63.0875,7921
2026-03-26 09:35:00,63.1914,63.225,63.01,63.02,3721
2026-03-26 09:40:00,63.06,63.117,62.91,63.0856,10341
2026-03-26 09:45:00,63.15,63.33,63.14,63.175,2604
2026-03-26 09:50:00,63.305,63.305,63.08,63.29,1864
2026-03-26 09:55:00,63.285,63.2999,62.985,63.1,2957
2026-03-26 10:00:00,63.26,63.26,63.035,63.11,1595
2026-03-26 10:05:00,63.03,63.15,63.01,63.01,650
2026-03-26 10:10:00,63.1,63.17,63.02,63.17,1344
2026-03-26 10:15:00,63.18,63.3,63.18,63.3,425
2026-03-26 10:20:00,63.175,63.39,63.06,63.26,3267
2026-03-26 10:25:00,63.285,63.285,63.1001,63.11,8106
2026-03-26 10:30:00,63.14,63.14,63.1,63.1,609
2026-03-26 10:35:00,63.15,63.15,63.0,63.055,6616
2026-03-26 10:40:00,63.08,63.09,62.87,62.875,5532
2026-03-26 10:45:00,62.63,62.74,62.57,62.68,7151
2026-03-26 10:50:00,62.63,62.63,62.495,62.51,1775
2026-03-26 10:55:00,62.41,62.52,62.41,62.52,2769
2026-03-26 11:00:00,62.58,62.625,62.57,62.6,1167
2026-03-26 11:05:00,62.68,62.68,62.565,62.585,1371
2026-03-26 11:10:00,62.5497,62.66,62.5497,62.66,726
2026-03-26 11:15:00,62.6014,62.62,62.435,62.435,1589
2026-03-26 11:20:00,62.4101,62.5694,62.4101,62.4511,1350
2026-03-26 11:25:00,62.51,62.58,62.51,62.58,1302
2026-03-26 11:30:00,62.4801,62.4801,62.4801,62.4801,830
2026-03-26 11:35:00,62.49,62.53,62.4866,62.52,2847
2026-03-26 11:40:00,62.53,62.56,62.53,62.555,1053
2026-03-26 11:45:00,62.585,62.66,62.55,62.63,2506
2026-03-26 11:50:00,62.69,62.74,62.6401,62.7187,2472
2026-03-26 11:55:00,62.735,62.75,62.61,62.65,1734
2026-03-26 12:00:00,62.6532,62.66,62.555,62.555,853
2026-03-26 12:05:00,62.64,62.645,62.6043,62.6043,1123
2026-03-26 12:10:00,62.61,62.61,62.53,62.59,1314
2026-03-26 12:15:00,62.5,62.5,62.35,62.465,3919
2026-03-26 12:20:00,62.46,62.46,62.34,62.345,1350
2026-03-26 12:25:00,62.24,62.3,62.16,62.165,1950
2026-03-26 12:30:00,62.16,62.16,62.0601,62.1599,2671
2026-03-26 12:35:00,62.17,62.19,62.11,62.11,1697
2026-03-26 12:40:00,62.09,62.1,62.055,62.055,677
2026-03-26 12:45:00,62.0555,62.0555,61.95,61.975,2059
2026-03-26 12:50:00,61.94,62.025,61.89,62.025,3461
2026-03-26 12:55:00,61.98,61.98,61.9524,61.9524,790
2026-03-26 13:00:00,62.015,62.05,61.96,62.05,927
2026-03-26 13:05:00,61.9701,62.0941,61.9701,62.0941,275
2026-03-26 13:10:00,61.99,62.0,61.912,61.912,2550
2026-03-26 13:15:00,61.9235,62.01,61.9235,62.0,3030
2026-03-26 13:20:00,61.9,61.9121,61.9,61.91,3125
2026-03-26 13:25:00,61.84,61.97,61.775,61.93,45203
2026-03-26 13:30:00,61.98,61.98,61.98,61.98,200
2026-03-26 13:35:00,62.0399,62.0399,61.88,61.88,3131
2026-03-26 13:40:00,61.94,61.94,61.79,61.8075,1684
2026-03-26 13:45:00,61.805,61.805,61.74,61.76,3733
2026-03-26 13:50:00,61.74,61.77,61.62,61.6864,3101
2026-03-26 13:55:00,61.7099,61.7099,61.5224,61.5224,5804
2026-03-26 14:00:00,61.59,61.69,61.59,61.6632,2008
2026-03-26 14:05:00,61.64,61.66,61.58,61.66,1575
2026-03-26 14:10:00,61.63,61.63,61.63,61.63,250
2026-03-26 14:15:00,61.615,61.615,61.565,61.59,1017
2026-03-26 14:20:00,61.61,61.62,61.585,61.62,1943
2026-03-26 14:25:00,61.66,61.68,61.51,61.51,1269
2026-03-26 14:30:00,61.55,61.58,61.55,61.58,500
2026-03-26 14:35:00,61.65,61.68,61.5767,61.64,4219
2026-03-26 14:40:00,61.63,61.63,61.63,61.63,222
2026-03-26 14:45:00,61.6486,61.66,61.6225,61.66,850
2026-03-26 14:50:00,61.72,61.798,61.72,61.745,2550
2026-03-26 14:55:00,61.715,61.7586,61.71,61.7586,4208
2026-03-26 15:00:00,61.705,61.75,61.65,61.7399,1185
2026-03-26 15:05:00,61.595,61.595,61.56,61.56,1000
2026-03-26 15:10:00,61.58,61.58,61.49,61.49,1740
2026-03-26 15:15:00,61.57,61.67,61.53,61.6699,4493
2026-03-26 15:20:00,61.65,61.65,61.5801,61.5801,412
2026-03-26 15:25:00,61.585,61.61,61.48,61.48,2547
2026-03-26 15:30:00,61.6,61.6098,61.4,61.48,25391
2026-03-26 15:35:00,61.53,61.61,61.4601,61.59,6530
2026-03-26 15:40:00,61.45,61.57,61.45,61.465,6370
2026-03-26 15:45:00,61.46,61.47,61.41,61.47,2630
2026-03-26 15:50:00,61.48,61.51,61.34,61.38,12102
2026-03-26 15:55:00,61.4,61.41,61.33,61.38,2690
2026-03-26 16:00:00,61.4,61.4,61.4,61.4,736
2026-03-26 16:45:00,62.61,62.61,62.61,62.61,300
2026-03-26 17:45:00,62.08,62.08,62.07,62.07,1600
2026-03-26 18:25:00,62.32,62.32,62.32,62.32,141
2026-03-26 19:20:00,63.06,63.06,63.06,63.06,150
2026-03-27 04:15:00,62.0,62.0,62.0,62.0,134
2026-03-27 06:35:00,61.52,61.52,61.51,61.51,300
2026-03-27 07:00:00,61.51,61.51,61.51,61.51,180
2026-03-27 07:05:00,61.25,61.25,61.25,61.25,220
2026-03-27 08:00:00,62.0,62.0,61.25,61.5,2160
2026-03-27 08:05:00,61.0,61.28,61.0,61.28,387
2026-03-27 08:10:00,61.32,61.32,61.32,61.32,310
2026-03-27 09:30:00,61.04,61.15,60.7507,60.7507,10806
2026-03-27 09:35:00,60.74,61.18,60.74,61.18,14740
2026-03-27 09:40:00,60.925,60.96,60.8801,60.9483,3565
2026-03-27 09:45:00,61.06,61.224,61.06,61.155,4132
2026-03-27 09:50:00,61.07,61.07,60.62,60.62,3490
2026-03-27 09:55:00,60.64,60.64,60.4,60.4,1487
2026-03-27 10:00:00,60.46,60.6799,60.44,60.5683,7683
2026-03-27 10:05:00,60.575,60.72,60.575,60.72,1250
2026-03-27 10:10:00,60.53,60.69,60.53,60.6651,4043
2026-03-27 10:15:00,60.76,60.87,60.7204,60.7204,6274
2026-03-27 10:20:00,60.855,60.855,60.59,60.62,929
2026-03-27 10:25:00,60.635,60.665,60.48,60.48,2685
2026-03-27 10:30:00,60.4729,60.58,60.4729,60.58,3029
2026-03-27 10:35:00,60.56,60.56,60.23,60.39,8164
2026-03-27 10:40:00,60.4194,60.43,60.325,60.34,7506
2026-03-27 10:45:00,60.43,60.5,60.37,60.49,4097
2026-03-27 10:50:00,60.59,60.64,60.57,60.62,1471
2026-03-27 10:55:00,60.65,60.65,60.61,60.61,374
2026-03-27 11:00:00,60.615,60.745,60.605,60.745,1061
2026-03-27 11:05:00,60.69,60.77,60.63,60.63,500
2026-03-27 11:15:00,60.6699,60.6699,60.49,60.53,4505
2026-03-27 11:20:00,60.5599,60.825,60.4,60.72,39770
2026-03-27 11:25:00,60.735,60.89,60.7109,60.89,4681
2026-03-27 11:30:00,60.975,61.01,60.975,61.01,304
2026-03-27 11:35:00,61.0,61.0,60.94,60.94,284
2026-03-27 11:40:00,60.82,60.845,60.82,60.845,950
2026-03-27 11:45:00,60.88,60.88,60.88,60.88,100
2026-03-27 11:50:00,60.935,60.99,60.89,60.89,23842
2026-03-27 11:55:00,60.9,60.9,60.825,60.83,2497
2026-03-27 12:00:00,60.8402,60.8899,60.76,60.8899,2040
2026-03-27 12:05:00,60.795,60.795,60.75,60.75,600
2026-03-27 12:10:00,60.68,60.68,60.68,60.68,100
2026-03-27 12:15:00,60.655,60.655,60.56,60.56,1239
2026-03-27 12:20:00,60.6899,60.6899,60.65,60.65,393
2026-03-27 12:25:00,60.6,60.6,60.55,60.55,200
2026-03-27 12:30:00,60.55,60.55,60.55,60.55,2636
2026-03-27 12:35:00,60.51,60.51,60.42,60.42,400
2026-03-27 12:40:00,60.45,60.47,60.4,60.47,865
2026-03-27 12:45:00,60.545,60.545,60.545,60.545,400
2026-03-27 12:50:00,60.62,60.62,60.5576,60.58,4400
2026-03-27 12:55:00,60.58,60.62,60.58,60.61,615
2026-03-27 13:00:00,60.545,60.545,60.45,60.5,1087
2026-03-27 13:05:00,60.46,60.57,60.46,60.56,695
2026-03-27 13:10:00,60.5,60.5,60.42,60.42,861
2026-03-27 13:15:00,60.475,60.475,60.36,60.36,1280
2026-03-27 13:20:00,60.375,60.4099,60.345,60.345,11930
2026-03-27 13:25:00,60.3,60.3,60.155,60.16,2336
2026-03-27 13:30:00,60.215,60.215,60.1602,60.1602,3282
2026-03-27 13:35:00,60.215,60.235,60.215,60.215,1200
2026-03-27 13:40:00,60.17,60.1962,60.12,60.12,3700
2026-03-27 13:45:00,60.155,60.155,60.1,60.125,9557
2026-03-27 13:50:00,60.07,60.14,60.07,60.095,5836
2026-03-27 13:55:00,60.115,60.1199,60.05,60.07,2649
2026-03-27 14:00:00,60.09,60.09,60.04,60.045,1366
2026-03-27 14:05:00,60.085,60.09,60.05,60.08,3482
2026-03-27 14:10:00,60.05,60.1,60.05,60.1,3603
2026-03-27 14:15:00,60.1,60.19,60.08,60.17,3687
2026-03-27 14:20:00,60.24,60.25,60.175,60.175,4286
2026-03-27 14:25:00,60.175,60.22,60.1688,60.18,2994
2026-03-27 14:30:00,60.205,60.23,60.17,60.23,3338
2026-03-27 14:35:00,60.235,60.235,60.18,60.185,900
2026-03-27 14:40:00,60.24,60.31,60.18,60.235,3699
2026-03-27 14:45:00,60.28,60.28,60.13,60.1651,2266
2026-03-27 14:50:00,60.17,60.17,60.17,60.17,132
2026-03-27 14:55:00,60.14,60.14,60.14,60.14,150
2026-03-27 15:00:00,60.14,60.14,60.11,60.11,500
2026-03-27 15:05:00,60.08,60.12,60.08,60.12,1211
2026-03-27 15:10:00,60.08,60.1522,60.08,60.1521,1544
2026-03-27 15:20:00,60.19,60.235,60.165,60.235,3211
2026-03-27 15:25:00,60.2,60.2,60.1201,60.16,2288
2026-03-27 15:30:00,60.2,60.2399,60.15,60.2399,1218
2026-03-27 15:35:00,60.24,60.27,60.21,60.21,827
2026-03-27 15:40:00,60.17,60.19,60.12,60.1733,6927
2026-03-27 15:45:00,60.14,60.14,60.1,60.105,2631
2026-03-27 15:50:00,60.07,60.24,60.0643,60.21,6622
2026-03-27 15:55:00,60.145,60.3399,60.1201,60.21,8710
2026-03-27 16:00:00,60.28,60.4,60.1736,60.1736,821
2026-03-27 17:40:00,61.74,61.74,60.0917,60.0917,718
2026-03-27 17:55:00,61.0,61.0,61.0,61.0,161
2026-03-30 04:00:00,60.7,60.7,60.51,60.51,494
2026-03-30 07:00:00,60.1793,60.1793,60.1793,60.1793,105
2026-03-30 07:30:00,60.5,60.5,60.5,60.5,400
2026-03-30 07:40:00,60.49,60.49,60.49,60.49,200
2026-03-30 08:20:00,60.5,60.5,60.5,60.5,223
2026-03-30 09:05:00,60.9998,60.9998,60.9998,60.9998,400
2026-03-30 09:20:00,60.81,60.81,60.81,60.81,200
2026-03-30 09:30:00,61.17,61.19,61.04,61.17,11084
2026-03-30 09:35:00,60.94,61.08,60.5,60.5,5763
2026-03-30 09:40:00,60.28,60.448,60.255,60.4195,1726
2026-03-30 09:45:00,60.44,60.44,60.071,60.071,4878
2026-03-30 09:50:00,60.21,60.23,60.1,60.1,23986
2026-03-30 09:55:00,60.01,60.0101,59.8,59.87,7886
2026-03-30 10:00:00,59.93,60.06,59.87,59.9524,3051
2026-03-30 10:05:00,59.9485,59.9485,59.8805,59.8901,1288
2026-03-30 10:10:00,60.15,60.19,60.02,60.19,1000
2026-03-30 10:15:00,60.25,60.25,60.17,60.2,2029
2026-03-30 10:20:00,60.11,60.194,60.0501,60.0501,3900
2026-03-30 10:25:00,60.05,60.06,59.89,59.905,2981
2026-03-30 10:30:00,60.0,60.04,59.835,59.835,5750
2026-03-30 10:35:00,59.84,59.84,59.725,59.79,1614
2026-03-30 10:40:00,59.84,59.84,59.51,59.5101,10351
2026-03-30 10:45:00,59.55,59.82,59.55,59.73,4590
2026-03-30 10:50:00,59.7427,59.795,59.7,59.795,1692
2026-03-30 10:55:00,59.92,59.95,59.92,59.95,310
2026-03-30 11:00:00,60.07,60.155,60.07,60.155,811
2026-03-30 11:05:00,60.225,60.225,59.93,59.97,1516
2026-03-30 11:10:00,59.975,59.975,59.85,59.85,270
2026-03-30 11:15:00,59.8,59.8,59.6601,59.6601,4137
2026-03-30 11:20:00,59.755,59.755,59.72,59.725,1000
2026-03-30 11:25:00,59.86,60.02,59.86,60.02,1217
2026-03-30 11:30:00,59.865,59.94,59.865,59.94,608
2026-03-30 11:35:00,60.2201,60.2999,60.105,60.105,1319
2026-03-30 11:40:00,60.01,60.15,60.0,60.15,7409
2026-03-30 11:45:00,60.1368,60.1368,60.1368,60.1368,249
2026-03-30 11:50:00,60.25,60.25,60.15,60.15,4129
2026-03-30 11:55:00,60.15,60.15,60.15,60.15,200
2026-03-30 12:00:00,59.79,59.79,59.79,59.79,172
2026-03-30 12:05:00,59.82,59.82,59.79,59.79,598
2026-03-30 12:15:00,59.655,59.66,59.615,59.65,958
2026-03-30 12:20:00,59.71,59.71,59.6385,59.645,2702
2026-03-30 12:25:00,59.57,59.59,59.5,59.5,2143
2026-03-30 12:30:00,59.5,59.59,59.5,59.59,3700
2026-03-30 12:40:00,59.58,59.585,59.58,59.58,1795
2026-03-30 12:45:00,59.6006,59.6006,59.52,59.52,1716
2026-03-30 12:50:00,59.62,59.62,59.508,59.508,5063
2026-03-30 12:55:00,59.5,59.5,59.42,59.4851,3917
2026-03-30 13:00:00,59.54,59.54,59.54,59.54,100
2026-03-30 13:05:00,59.42,59.5244,59.42,59.5244,735
2026-03-30 13:10:00,59.43,59.44,59.35,59.35,1270
2026-03-30 13:15:00,59.31,59.31,59.31,59.31,125
2026-03-30 13:25:00,59.1,59.1,59.1,59.1,2111
2026-03-30 13:30:00,59.12,59.13,59.07,59.07,4554
2026-03-30 13:35:00,59.07,59.16,59.07,59.16,741
2026-03-30 13:40:00,59.19,59.19,59.19,59.19,403
2026-03-30 13:45:00,59.28,59.28,59.25,59.25,700
2026-03-30 13:50:00,59.21,59.25,59.21,59.25,1336
2026-03-30 13:55:00,59.16,59.1825,59.145,59.145,598
2026-03-30 14:00:00,59.135,59.218,59.1284,59.13,1107
2026-03-30 14:05:00,59.07,59.17,59.07,59.075,2044
2026-03-30 14:10:00,59.07,59.09,59.07,59.09,865
2026-03-30 14:15:00,59.16,59.16,59.09,59.09,420
2026-03-30 14:20:00,59.105,59.1699,59.105,59.11,1137
2026-03-30 14:25:00,59.01,59.01,58.92,58.985,5630
2026-03-30 14:35:00,59.06,59.09,59.01,59.01,794
2026-03-30 14:40:00,58.95,59.0783,58.9201,59.0,1018
2026-03-30 14:45:00,58.9887,58.9887,58.96,58.96,665
2026-03-30 14:50:00,58.85,58.86,58.84,58.86,2368
2026-03-30 14:55:00,58.87,58.92,58.82,58.82,877
2026-03-30 15:00:00,58.92,58.92,58.8101,58.8101,1231
2026-03-30 15:05:00,58.8,58.8,58.71,58.72,800
2026-03-30 15:10:00,58.69,58.69,58.6,58.6,2110
2026-03-30 15:15:00,58.67,58.67,58.65,58.655,1558
2026-03-30 15:20:00,58.655,58.722,58.655,58.66,3358
2026-03-30 15:25:00,58.6549,58.6549,58.5204,58.63,1921
2026-03-30 15:30:00,58.7293,58.7293,58.54,58.66,30043
2026-03-30 15:35:00,58.65,58.82,58.65,58.8,8396
2026-03-30 15:40:00,58.78,58.895,58.77,58.88,7397
2026-03-30 15:45:00,58.8979,58.9983,58.85,58.94,2447
2026-03-30 15:50:00,58.88,59.05,58.88,59.025,30954
2026-03-30 15:55:00,59.09,59.135,59.05,59.105,8184
2026-03-30 16:00:00,59.06,59.06,59.06,59.06,258
2026-03-30 17:40:00,59.84,59.84,59.84,59.84,200
2026-03-30 17:55:00,59.8,59.8,59.8,59.8,100
2026-03-30 19:05:00,59.41,59.41,59.41,59.41,100
2026-03-30 19:30:00,59.18,59.18,59.18,59.18,202
2026-03-31 04:00:00,60.5,60.5,59.06,59.06,1559
2026-03-31 04:05:00,59.85,59.85,59.85,59.85,223
2026-03-31 06:40:00,59.07,59.07,59.07,59.07,223
2026-03-31 07:00:00,58.7367,58.7367,58.7367,58.7367,375
2026-03-31 07:05:00,59.54,59.54,59.5,59.5,398
2026-03-31 07:15:00,59.95,59.95,59.95,59.95,102
2026-03-31 08:00:00,60.1723,60.1723,60.1723,60.1723,160
2026-03-31 08:15:00,59.91,59.91,59.91,59.91,250
2026-03-31 08:20:00,59.91,59.91,59.86,59.86,1000
2026-03-31 08:45:00,59.91,59.91,59.91,59.91,238
2026-03-31 08:50:00,59.45,59.45,59.45,59.45,200
2026-03-31 08:55:00,59.08,59.08,59.08,59.08,195
2026-03-31 09:30:00,59.32,59.65,59.22,59.65,10275
2026-03-31 09:35:00,59.6,59.61,59.46,59.46,9490
2026-03-31 09:40:00,59.45,59.6503,59.415,59.415,5604
2026-03-31 09:45:00,59.48,59.71,59.48,59.71,4466
2026-03-31 09:50:00,59.72,60.0,59.72,60.0,11681
2026-03-31 09:55:00,60.09,60.09,59.93,59.93,966
2026-03-31 10:00:00,60.09,60.14,59.9,60.06,1301
2026-03-31 10:05:00,60.17,60.17,59.9,59.985,1461
2026-03-31 10:10:00,60.0202,60.0202,59.9,60.015,1317
2026-03-31 10:15:00,60.09,60.1,60.035,60.1,425
2026-03-31 10:20:00,60.25,60.26,60.25,60.26,436
2026-03-31 10:25:00,60.15,60.19,60.15,60.18,1400
2026-03-31 10:30:00,60.1501,60.2999,60.1501,60.26,1270
2026-03-31 10:35:00,60.31,60.31,60.14,60.16,2148
2026-03-31 10:40:00,60.01,60.01,60.01,60.01,100
2026-03-31 10:45:00,59.96,60.0,59.8648,59.9,1795
2026-03-31 10:50:00,59.7514,59.86,59.7,59.71,825
2026-03-31 10:55:00,59.67,59.6799,59.5771,59.5771,1389
2026-03-31 11:00:00,59.67,59.795,59.63,59.795,2196
2026-03-31 11:05:00,59.93,59.98,59.85,59.86,700
2026-03-31 11:10:00,59.84,59.8721,59.84,59.8721,370
2026-03-31 11:15:00,60.04,60.075,60.0,60.035,3061
2026-03-31 11:20:00,60.035,60.035,59.895,59.895,2414
2026-03-31 11:25:00,60.0,60.0,59.84,59.84,300
2026-03-31 11:30:00,59.835,59.835,59.8,59.8,1637
2026-03-31 11:35:00,59.88,59.89,59.8,59.865,544
2026-03-31 11:40:00,59.7601,59.8,59.76,59.76,1664
2026-03-31 11:45:00,59.74,59.74,59.68,59.68,600
2026-03-31 11:50:00,59.76,59.86,59.745,59.745,5565
2026-03-31 11:55:00,59.7128,59.7128,59.7,59.7,2173
2026-03-31 12:00:00,59.61,59.7,59.61,59.7,600
2026-03-31 12:05:00,59.82,59.82,59.82,59.82,150
2026-03-31 12:10:00,59.81,59.83,59.69,59.77,1667
2026-03-31 12:15:00,59.9778,59.9778,59.925,59.9324,1610
2026-03-31 12:20:00,59.93,60.0,59.93,60.0,2104
2026-03-31 12:25:00,60.0501,60.07,60.0286,60.0286,1195
2026-03-31 12:30:00,60.06,60.06,60.05,60.05,1500
2026-03-31 12:35:00,60.08,60.19,60.08,60.19,572
2026-03-31 12:40:00,60.524,61.15,60.524,61.06,6602
2026-03-31 12:45:00,61.0127,61.12,60.83,60.8902,2183
2026-03-31 12:50:00,61.0399,61.09,60.895,61.04,15211
2026-03-31 12:55:00,60.98,61.0485,60.89,60.975,8118
2026-03-31 13:00:00,61.05,61.31,61.05,61.31,3351
2026-03-31 13:05:00,61.18,61.24,61.1,61.1,2860
2026-03-31 13:10:00,61.1,61.2,61.1,61.2,1825
2026-03-31 13:15:00,61.28,61.5,61.28,61.4799,5644
2026-03-31 13:20:00,61.455,61.46,61.42,61.4219,6007
2026-03-31 13:25:00,61.4984,61.4984,61.22,61.295,1834
2026-03-31 13:30:00,61.27,61.45,61.27,61.445,956
2026-03-31 13:35:00,61.5,61.5,61.04,61.04,3807
2026-03-31 13:40:00,61.23,61.23,61.115,61.15,3978
2026-03-31 13:45:00,61.19,61.225,61.1517,61.2,9356
2026-03-31 13:50:00,61.21,61.2379,61.17,61.2,5545
2026-03-31 13:55:00,61.1671,61.1671,61.1671,61.1671,163
2026-03-31 14:00:00,61.1415,61.17,61.1415,61.155,461
2026-03-31 14:05:00,61.1945,61.2607,61.127,61.2607,1534
2026-03-31 14:10:00,61.245,61.245,61.1601,61.215,912
2026-03-31 14:15:00,61.27,61.27,61.25,61.25,200
2026-03-31 14:20:00,61.35,61.35,61.3,61.305,5184
2026-03-31 14:25:00,61.25,61.26,61.175,61.26,2784
2026-03-31 14:30:00,61.317,61.3423,61.23,61.23,9837
2026-03-31 14:35:00,61.22,61.47,61.19,61.47,437
2026-03-31 14:40:00,61.4,61.4,61.32,61.38,730
2026-03-31 14:45:00,61.43,61.46,61.425,61.425,1820
2026-03-31 14:50:00,61.47,61.47,61.47,61.47,1144
2026-03-31 14:55:00,61.465,61.47,61.46,61.46,662
2026-03-31 15:00:00,61.475,61.55,61.475,61.55,3119
2026-03-31 15:05:00,61.475,61.475,61.4099,61.4099,3879
2026-03-31 15:10:00,61.365,61.52,61.365,61.52,2649
2026-03-31 15:15:00,61.41,61.59,61.41,61.56,1313
2026-03-31 15:20:00,61.64,61.68,61.64,61.68,1473
2026-03-31 15:25:00,61.565,61.64,61.565,61.63,1342
2026-03-31 15:30:00,61.5,61.63,61.5,61.565,3739
2026-03-31 15:35:00,61.57,61.72,61.57,61.645,2421
2026-03-31 15:40:00,61.71,61.71,61.5801,61.65,5196
2026-03-31 15:45:00,61.66,61.78,61.65,61.765,52526
2026-03-31 15:50:00,61.94,61.94,61.71,61.795,10607
2026-03-31 15:55:00,61.825,61.92,61.765,61.84,9725
2026-03-31 16:00:00,61.85,61.85,61.85,61.85,330
2026-03-31 16:50:00,60.9352,60.9352,60.9352,60.9352,263
2026-03-31 18:50:00,61.7243,61.7243,61.7243,61.7243,3205
2026-04-01 04:00:00,62.7,63.79,62.5,63.2,1221
2026-04-01 04:35:00,63.69,63.75,63.68,63.75,823
2026-04-01 07:00:00,62.695,62.695,62.695,62.695,100
2026-04-01 07:45:00,63.16,63.22,63.16,63.22,13984
2026-04-01 07:50:00,63.23,63.23,63.23,63.23,168
2026-04-01 08:05:00,63.63,63.63,63.63,63.63,200
2026-04-01 08:10:00,63.69,63.69,63.69,63.69,117
2026-04-01 08:30:00,63.9137,63.9137,63.9137,63.9137,157
2026-04-01 08:40:00,62.8952,62.8952,62.8952,62.8952,100
2026-04-01 09:25:00,63.61,63.61,63.61,63.61,252
2026-04-01 09:30:00,63.85,64.4,63.7574,64.38,20692
2026-04-01 09:35:00,64.34,64.56,64.3,64.545,3087
2026-04-01 09:40:00,64.51,64.52,63.9964,64.14,9778
2026-04-01 09:45:00,64.13,64.13,63.882,64.0,4576
2026-04-01 09:50:00,63.885,64.2433,63.885,64.0,24361
2026-04-01 09:55:00,64.01,64.16,64.0,64.05,2949
2026-04-01 10:00:00,64.075,64.27,64.07,64.13,3791
2026-04-01 10:05:00,64.235,64.3495,64.2,64.27,6850
2026-04-01 10:10:00,64.39,64.39,64.255,64.34,1960
2026-04-01 10:15:00,64.42,64.42,64.28,64.28,1755
2026-04-01 10:20:00,64.48,64.6799,64.4,64.5077,13854
2026-04-01 10:25:00,64.49,64.56,64.45,64.51,1375
2026-04-01 10:30:00,64.6,64.6,64.47,64.47,4060
2026-04-01 10:35:00,64.32,64.54,64.2,64.49,8413
2026-04-01 10:40:00,64.53,64.5499,64.4,64.4,9336
2026-04-01 10:45:00,64.33,64.53,64.33,64.53,2775
2026-04-01 10:50:00,64.58,64.66,64.555,64.64,4206
2026-04-01 10:55:00,64.57,64.62,64.525,64.595,2050
2026-04-01 11:00:00,64.64,64.705,64.64,64.69,2653
2026-04-01 11:05:00,64.65,64.74,64.64,64.7,5845
2026-04-01 11:10:00,64.695,64.695,64.61,64.655,8744
2026-04-01 11:15:00,64.625,64.69,64.58,64.675,9989
2026-04-01 11:20:00,64.63,64.71,64.63,64.68,3800
2026-04-01 11:25:00,64.625,64.625,64.545,64.545,1650
2026-04-01 11:30:00,64.46,64.54,64.44,64.54,2525
2026-04-01 11:35:00,64.58,64.65,64.58,64.65,5155
2026-04-01 11:40:00,64.635,64.71,64.59,64.71,1915
2026-04-01 11:45:00,64.75,64.75,64.7,64.725,5267
2026-04-01 11:50:00,64.69,64.8,64.69,64.8,1850
2026-04-01 11:55:00,64.825,64.93,64.825,64.88,3413
2026-04-01 12:00:00,64.88,64.9,64.8101,64.86,15809
2026-04-01 12:05:00,64.87,64.925,64.83,64.895,8581
2026-04-01 12:10:00,64.89,64.89,64.8,64.83,1647
2026-04-01 12:15:00,64.81,64.85,64.779,64.85,1238
2026-04-01 12:20:00,64.855,64.88,64.845,64.845,600
2026-04-01 12:25:00,64.86,64.88,64.735,64.74,3386
2026-04-01 12:30:00,64.74,64.76,64.71,64.71,3169
2026-04-01 12:35:00,64.7316,64.79,64.7316,64.77,700
2026-04-01 12:40:00,64.745,64.83,64.73,64.83,1742
2026-04-01 12:45:00,64.83,64.835,64.825,64.825,774
2026-04-01 12:50:00,64.86,64.9,64.84,64.9,1635
2026-04-01 12:55:00,64.875,64.9,64.875,64.9,1010
2026-04-01 13:00:00,64.87,64.96,64.865,64.96,19921
2026-04-01 13:05:00,64.96,65.0,64.955,64.985,1861
2026-04-01 13:10:00,64.99,64.99,64.94,64.96,705
2026-04-01 13:15:00,64.9984,64.9984,64.955,64.955,2441
2026-04-01 13:20:00,64.9301,64.96,64.9,64.9,15151
2026-04-01 13:25:00,64.935,64.935,64.8501,64.9,1705
2026-04-01 13:30:00,64.84,64.84,64.83,64.83,17954
2026-04-01 13:35:00,64.81,64.83,64.795,64.83,780
2026-04-01 13:40:00,64.815,64.815,64.7501,64.79,5750
2026-04-01 13:45:00,64.765,64.765,64.74,64.745,504
2026-04-01 13:50:00,64.735,64.739,64.65,64.675,6050
2026-04-01 13:55:00,64.625,64.6399,64.58,64.585,9296
2026-04-01 14:00:00,64.575,64.575,64.38,64.43,1070
2026-04-01 14:05:00,64.4,64.5,64.4,64.43,6175
2026-04-01 14:10:00,64.395,64.405,64.355,64.355,1257
2026-04-01 14:15:00,64.32,64.32,64.175,64.175,620
2026-04-01 14:20:00,64.15,64.19,64.075,64.075,1150
2026-04-01 14:25:00,64.075,64.17,64.01,64.08,1330
2026-04-01 14:30:00,64.055,64.055,64.0,64.0,300
2026-04-01 14:35:00,64.0,64.065,63.935,64.065,2689
2026-04-01 14:40:00,64.15,64.2,64.135,64.135,2390
2026-04-01 14:45:00,64.14,64.16,64.095,64.095,1717
2026-04-01 14:50:00,64.04,64.11,64.04,64.11,700
2026-04-01 14:55:00,64.11,64.11,64.075,64.085,900
2026-04-01 15:00:00,64.08,64.155,64.08,64.155,2260
2026-04-01 15:05:00,64.18,64.28,64.18,64.28,1851
2026-04-01 15:10:00,64.22,64.23,64.19,64.23,300
2026-04-01 15:15:00,64.25,64.32,64.25,64.295,770
2026-04-01 15:20:00,64.35,64.38,64.325,64.38,750
2026-04-01 15:25:00,64.4,64.48,64.39,64.435,1160
2026-04-01 15:30:00,64.46,64.46,64.39,64.39,2120
2026-04-01 15:35:00,64.39,64.45,64.375,64.4001,726
2026-04-01 15:40:00,64.4,64.47,64.365,64.41,5324
2026-04-01 15:45:00,64.42,64.49,64.395,64.44,1887
2026-04-01 15:50:00,64.4,64.4,64.2923,64.2923,2553
2026-04-01 15:55:00,64.27,64.35,64.25,64.31,4793
2026-04-01 16:00:00,64.29,64.29,64.29,64.29,909
2026-04-01 16:20:00,65.0,65.0,65.0,65.0,7940
2026-04-01 16:45:00,64.08,64.08,64.08,64.08,1000
2026-04-01 16:50:00,64.08,64.08,64.08,64.08,1500
2026-04-01 19:20:00,65.0,65.0,64.7,64.7,5000
2026-04-01 19:25:00,65.0,66.0,64.97,65.29,9854
2026-04-02 05:25:00,62.16,62.18,62.16,62.17,952
2026-04-02 05:30:00,62.2,62.21,62.2,62.21,200
2026-04-02 06:10:00,61.65,61.65,61.6,61.6,552
2026-04-02 07:00:00,62.21,62.21,61.8,61.863,850
2026-04-02 07:05:00,61.7,61.7,61.7,61.7,350
2026-04-02 07:10:00,61.78,61.78,61.78,61.78,4000
2026-04-02 07:15:00,61.68,61.68,61.0,61.0,10416
2026-04-02 07:20:00,61.09,61.09,61.09,61.09,3000
2026-04-02 07:30:00,61.28,61.28,61.28,61.28,100
2026-04-02 08:10:00,61.25,61.25,61.2,61.2,263
2026-04-02 08:25:00,61.33,61.33,61.33,61.33,100
2026-04-02 08:45:00,61.4447,61.4447,61.4447,61.4447,1336
2026-04-02 09:25:00,61.52,61.52,61.52,61.52,100
2026-04-02 09:30:00,61.24,61.51,61.0,61.42,11250
2026-04-02 09:35:00,61.22,61.22,60.89,60.89,11423
2026-04-02 09:40:00,60.855,61.07,60.8,61.07,15123
2026-04-02 09:45:00,61.0919,61.4358,61.0919,61.35,7843
2026-04-02 09:50:00,61.34,61.87,61.2,61.825,42520
2026-04-02 09:55:00,61.77,62.04,61.7259,61.985,5010
2026-04-02 10:00:00,62.03,62.07,61.925,61.925,14273
2026-04-02 10:05:00,62.0599,62.28,61.89,62.22,8002
2026-04-02 10:10:00,62.33,62.41,62.08,62.25,2000
2026-04-02 10:15:00,62.225,62.49,62.225,62.49,2971
2026-04-02 10:20:00,62.43,62.5899,62.42,62.5899,1136
2026-04-02 10:25:00,62.29,62.29,62.225,62.2683,1789
2026-04-02 10:30:00,62.3,62.46,62.3,62.46,1690
2026-04-02 10:35:00,62.73,63.56,62.73,63.0579,10437
2026-04-02 10:40:00,63.26,63.33,63.1,63.183,4860
2026-04-02 10:45:00,63.2,63.2,63.0,63.1545,8543
2026-04-02 10:50:00,62.95,63.03,62.92,63.02,2553
2026-04-02 10:55:00,63.05,63.19,63.05,63.15,2091
2026-04-02 11:00:00,63.16,63.16,62.91,62.91,1154
2026-04-02 11:05:00,62.995,63.0161,62.97,63.0161,1239
2026-04-02 11:10:00,63.06,63.23,63.055,63.195,2824
2026-04-02 11:15:00,63.1264,63.21,63.125,63.125,2304
2026-04-02 11:20:00,63.02,63.02,62.925,62.925,958
2026-04-02 11:25:00,63.07,63.17,63.03,63.03,2948
2026-04-02 11:30:00,63.02,63.02,62.97,62.97,923
2026-04-02 11:35:00,63.16,63.22,63.16,63.22,388
2026-04-02 11:40:00,63.0532,63.1,62.91,63.1,3002
2026-04-02 11:45:00,63.035,63.035,63.0,63.0,876
2026-04-02 11:50:00,62.87,62.93,62.81,62.93,3927
2026-04-02 11:55:00,62.97,63.0089,62.97,63.0089,286
2026-04-02 12:00:00,62.975,63.08,62.975,63.08,390
2026-04-02 12:05:00,62.885,62.885,62.81,62.8306,942
2026-04-02 12:10:00,62.9,62.9,62.85,62.9,912
2026-04-02 12:20:00,62.64,62.78,62.61,62.78,1238
2026-04-02 12:25:00,62.75,62.82,62.75,62.82,500
2026-04-02 12:30:00,62.83,62.9151,62.83,62.9151,842
2026-04-02 12:35:00,62.855,62.855,62.75,62.75,520
2026-04-02 12:40:00,62.82,63.02,62.82,62.92,5077
2026-04-02 12:45:00,63.06,63.08,63.06,63.08,808
2026-04-02 12:50:00,62.965,62.98,62.965,62.98,418
2026-04-02 12:55:00,63.08,63.08,63.08,63.08,500
2026-04-02 13:00:00,62.795,62.8,62.795,62.795,1243
2026-04-02 13:05:00,62.83,62.83,62.83,62.83,120
2026-04-02 13:10:00,62.885,63.02,62.885,63.02,1020
2026-04-02 13:20:00,63.1379,63.1379,63.1379,63.1379,440
2026-04-02 13:30:00,62.97,62.99,62.97,62.99,802
2026-04-02 13:35:00,63.015,63.015,62.88,62.88,306
2026-04-02 13:40:00,62.91,63.025,62.91,63.025,1179
2026-04-02 13:45:00,62.995,62.995,62.845,62.845,674
2026-04-02 13:50:00,62.82,62.87,62.72,62.865,2836
2026-04-02 13:55:00,62.92,62.92,62.74,62.92,1550
2026-04-02 14:00:00,62.94,62.94,62.88,62.94,2892
2026-04-02 14:05:00,62.89,62.98,62.86,62.93,3454
2026-04-02 14:10:00,62.97,63.04,62.93,62.94,4502
2026-04-02 14:15:00,62.98,63.08,62.84,62.8838,20726
2026-04-02 14:20:00,62.96,63.07,62.96,62.96,3185
2026-04-02 14:25:00,62.96,62.96,62.96,62.96,287
2026-04-02 14:30:00,62.96,62.96,62.96,62.96,109
2026-04-02 14:35:00,62.96,62.96,62.96,62.96,988
2026-04-02 14:40:00,63.05,63.19,63.05,63.19,500
2026-04-02 14:45:00,63.07,63.07,63.0,63.0,3045
2026-04-02 14:50:00,63.02,63.19,63.01,63.155,594
2026-04-02 14:55:00,63.15,63.15,63.06,63.08,996
2026-04-02 15:00:00,63.2,63.2,63.11,63.11,280
2026-04-02 15:05:00,63.14,63.19,63.14,63.15,672
2026-04-02 15:10:00,63.24,63.3099,63.185,63.3,2384
2026-04-02 15:15:00,63.1846,63.31,63.165,63.31,2687
2026-04-02 15:20:00,63.165,63.23,63.1,63.19,1629
2026-04-02 15:25:00,63.13,63.14,63.05,63.14,1676
2026-04-02 15:30:00,63.1426,63.1426,63.04,63.04,318
2026-04-02 15:35:00,63.155,63.185,63.0662,63.185,1313
2026-04-02 15:40:00,63.25,63.25,63.01,63.18,7476
2026-04-02 15:45:00,63.16,63.18,63.08,63.18,2249
2026-04-02 15:50:00,63.25,63.2937,63.15,63.22,3758
2026-04-02 15:55:00,63.35,63.39,63.2,63.3,11496
2026-04-02 16:00:00,63.32,63.32,63.32,63.32,397
2026-04-02 16:55:00,63.48,63.48,63.48,63.48,100
2026-04-02 18:30:00,63.31,63.31,63.31,63.31,600
