2026-03-04 12:10:00,51.545,51.545,51.54,51.54,300
2026-03-04 12:15:00,51.54,51.54,51.54,51.54,100
2026-03-04 12:20:00,51.545,51.545,51.545,51.545,200
2026-03-04 12:30:00,51.545,51.545,51.53,51.53,500
2026-03-04 13:50:00,51.55,51.55,51.55,51.55,260
2026-03-06 13:45:00,51.2,51.2,51.2,51.2,200
2026-03-09 11:50:00,51.09,51.09,51.09,51.09,533
2026-03-10 15:00:00,51.415,51.415,51.415,51.415,100
2026-03-11 11:10:00,51.27,51.27,51.27,51.27,100
2026-03-11 14:55:00,51.205,51.205,51.18,51.197,4590
2026-03-12 12:20:00,51.09,51.09,51.09,51.09,100
