2026-03-04 10:00:00,73.32,73.32,73.32,73.32,100
2026-03-04 10:05:00,73.44,73.44,73.4399,73.4399,200
2026-03-04 10:10:00,73.615,73.66,73.615,73.66,800
2026-03-04 10:35:00,73.9,73.9,73.9,73.9,131
2026-03-04 11:10:00,73.74,73.74,73.74,73.74,500
2026-03-04 14:10:00,73.8,73.8,73.8,73.8,1179
2026-03-04 14:25:00,73.78,73.78,73.725,73.725,300
2026-03-05 10:25:00,72.5401,72.5401,72.5401,72.5401,400
2026-03-05 12:15:00,72.25,72.25,72.25,72.25,100
2026-03-05 12:20:00,72.0884,72.09,72.025,72.025,1340
2026-03-06 10:50:00,70.95,70.95,70.95,70.95,9985
2026-03-06 11:20:00,70.82,70.82,70.82,70.82,104
2026-03-06 11:45:00,70.85,70.905,70.84,70.905,2898
2026-03-06 12:15:00,70.7,70.72,70.7,70.7199,7764
2026-03-06 12:25:00,70.7,70.7,70.64,70.7,2575
2026-03-06 12:35:00,70.53,70.53,70.53,70.53,121
2026-03-06 13:00:00,70.63,70.63,70.5926,70.5926,900
2026-03-06 13:05:00,70.6029,70.6029,70.57,70.57,1000
2026-03-06 14:00:00,70.62,70.62,70.62,70.62,2498
2026-03-06 14:05:00,70.56,70.56,70.56,70.56,124
2026-03-06 14:25:00,70.53,70.53,70.53,70.53,100
2026-03-06 15:10:00,70.5,70.51,70.34,70.34,10125
2026-03-06 15:15:00,70.37,70.37,70.3,70.3,208
2026-03-06 15:20:00,70.3,70.3,70.3,70.3,9761
2026-03-06 15:30:00,70.03,70.03,70.03,70.03,106
2026-03-06 15:35:00,70.01,70.01,70.01,70.01,536
2026-03-09 09:30:00,68.77,69.01,68.66,69.01,3401
2026-03-09 09:40:00,68.9,68.9,68.8,68.8,10164
2026-03-09 09:45:00,68.71,68.71,68.64,68.64,5416
2026-03-09 09:50:00,68.6,68.6,68.44,68.59,4897
2026-03-09 10:55:00,69.17,69.19,69.17,69.19,300
2026-03-09 11:10:00,69.3601,69.3601,69.3601,69.3601,100
2026-03-09 11:45:00,69.3601,69.3601,69.3601,69.3601,100
2026-03-09 11:50:00,69.48,69.48,69.48,69.48,144
2026-03-09 14:35:00,69.88,69.88,69.88,69.88,200
2026-03-10 10:10:00,71.1,71.1,71.1,71.1,100
2026-03-10 11:50:00,71.78,71.78,71.78,71.78,100
2026-03-10 12:50:00,71.75,71.75,71.75,71.75,100
2026-03-10 13:35:00,71.88,71.88,71.82,71.82,560
2026-03-10 14:40:00,71.4432,71.4432,71.4432,71.4432,100
2026-03-11 10:00:00,71.34,71.34,71.34,71.34,371
2026-03-11 13:05:00,71.02,71.02,71.02,71.02,500
2026-03-11 14:40:00,70.96,70.96,70.96,70.96,200
2026-03-11 14:45:00,70.97,70.97,70.97,70.97,993
2026-03-12 09:30:00,69.83,69.83,69.83,69.83,251
2026-03-12 09:40:00,70.185,70.185,70.185,70.185,900
2026-03-12 09:45:00,69.93,69.93,69.93,69.93,300
2026-03-12 09:50:00,70.1,70.1,70.1,70.1,118
2026-03-12 10:40:00,69.7,69.7,69.7,69.7,4094
2026-03-12 10:50:00,69.7,69.78,69.66,69.7,5809
2026-03-13 09:30:00,69.96,69.96,69.96,69.96,200
2026-03-13 10:05:00,70.57,70.57,70.57,70.57,128
