2026-03-04 09:30:00,47.8,47.8,47.8,47.8,116
2026-03-04 09:35:00,47.6901,47.6901,47.6901,47.6901,167
2026-03-04 09:55:00,47.66,47.66,47.66,47.66,165
2026-03-04 10:05:00,47.78,47.78,47.78,47.78,900
2026-03-04 10:10:00,47.76,47.82,47.73,47.82,3100
2026-03-04 10:20:00,47.87,47.87,47.87,47.87,900
2026-03-04 10:25:00,47.92,47.92,47.84,47.84,2063
2026-03-04 10:45:00,47.86,47.86,47.86,47.86,1100
2026-03-04 10:55:00,47.85,47.89,47.85,47.89,1292
2026-03-04 11:40:00,47.9,47.9,47.9,47.9,600
2026-03-04 11:45:00,47.9,47.9,47.9,47.9,200
2026-03-04 11:50:00,47.91,47.91,47.91,47.91,800
2026-03-04 13:10:00,47.92,47.92,47.92,47.92,2200
2026-03-04 13:45:00,47.94,47.94,47.94,47.94,480
2026-03-04 14:05:00,47.931,47.9311,47.93,47.93,3400
2026-03-04 15:20:00,47.93,47.93,47.93,47.93,240
2026-03-04 15:55:00,47.88,47.88,47.88,47.88,100
2026-03-05 09:30:00,47.76,47.9,47.76,47.9,816
2026-03-05 10:25:00,47.78,47.78,47.78,47.78,100
2026-03-05 10:30:00,47.71,47.71,47.71,47.71,490
2026-03-05 10:45:00,47.77,47.77,47.77,47.77,100
2026-03-05 10:55:00,47.783,47.7836,47.783,47.7836,299
2026-03-05 11:00:00,47.77,47.77,47.77,47.77,100
2026-03-05 11:10:00,47.71,47.71,47.71,47.71,180
2026-03-05 11:35:00,47.74,47.74,47.74,47.74,100
2026-03-05 12:25:00,47.69,47.69,47.69,47.69,160
2026-03-05 12:55:00,47.5503,47.5503,47.5503,47.5503,600
2026-03-05 13:10:00,47.61,47.61,47.61,47.61,100
2026-03-05 13:15:00,47.61,47.61,47.61,47.61,100
2026-03-05 13:40:00,47.63,47.63,47.63,47.63,100
2026-03-05 14:25:00,47.59,47.6,47.59,47.6,2230
2026-03-05 14:35:00,47.585,47.6172,47.585,47.61,1100
2026-03-05 14:40:00,47.585,47.585,47.585,47.585,100
2026-03-05 14:45:00,47.585,47.62,47.585,47.6199,500
2026-03-05 15:25:00,47.69,47.69,47.69,47.69,200
2026-03-05 15:55:00,47.72,47.72,47.7,47.7,493
2026-03-06 10:10:00,47.44,47.44,47.44,47.44,1200
2026-03-06 10:15:00,47.4883,47.4883,47.4883,47.4883,128
2026-03-06 10:30:00,47.51,47.51,47.46,47.4756,655
2026-03-06 10:55:00,47.5,47.5,47.5,47.5,1100
2026-03-06 11:25:00,47.5489,47.5489,47.5489,47.5489,150
2026-03-06 12:20:00,47.495,47.495,47.495,47.495,890
2026-03-06 13:35:00,47.45,47.45,47.45,47.45,181
2026-03-06 14:15:00,47.5132,47.5132,47.5132,47.5132,125
2026-03-06 14:50:00,47.44,47.44,47.44,47.44,400
2026-03-06 15:40:00,47.43,47.45,47.43,47.45,200
2026-03-09 10:00:00,47.22,47.22,47.22,47.22,238
2026-03-09 10:10:00,47.15,47.15,47.11,47.121,1225
2026-03-09 10:20:00,47.16,47.16,47.16,47.16,100
2026-03-09 10:40:00,47.235,47.235,47.23,47.23,372
2026-03-09 12:25:00,47.385,47.385,47.385,47.385,1349
2026-03-09 12:40:00,47.4,47.4,47.4,47.4,200
2026-03-09 13:05:00,47.39,47.39,47.39,47.39,1058
2026-03-09 13:25:00,47.31,47.31,47.31,47.31,200
2026-03-09 13:35:00,47.3,47.3,47.3,47.3,100
2026-03-09 13:40:00,47.3,47.3,47.3,47.3,100
2026-03-09 14:35:00,47.37,47.37,47.37,47.37,200
2026-03-09 15:50:00,47.59,47.6,47.58,47.5801,1200
2026-03-09 15:55:00,47.645,47.67,47.59,47.62,1171
2026-03-10 09:40:00,47.6,47.6,47.6,47.6,146
2026-03-10 10:00:00,47.575,47.575,47.575,47.575,629
2026-03-10 10:10:00,47.565,47.565,47.565,47.565,253
2026-03-10 10:40:00,47.68,47.68,47.68,47.68,100
2026-03-10 11:25:00,47.76,47.76,47.76,47.76,150
2026-03-10 13:15:00,47.78,47.78,47.78,47.78,100
2026-03-10 13:35:00,47.77,47.77,47.77,47.77,2000
2026-03-10 14:10:00,47.73,47.73,47.71,47.71,1860
2026-03-10 14:15:00,47.69,47.69,47.69,47.69,140
2026-03-10 14:25:00,47.69,47.7,47.69,47.7,200
2026-03-10 15:30:00,47.63,47.63,47.63,47.63,100
2026-03-10 15:35:00,47.61,47.61,47.61,47.61,120
2026-03-10 15:45:00,47.6,47.6,47.6,47.6,100
2026-03-10 15:55:00,47.64,47.64,47.64,47.64,100
2026-03-11 09:30:00,47.58,47.58,47.58,47.58,1200
2026-03-11 09:40:00,47.65,47.65,47.65,47.65,250
2026-03-11 10:20:00,47.6,47.61,47.6,47.61,1033
2026-03-11 10:35:00,47.595,47.595,47.595,47.595,128
2026-03-11 10:50:00,47.615,47.615,47.615,47.615,827
2026-03-11 11:25:00,47.57,47.57,47.57,47.57,100
2026-03-11 11:45:00,47.525,47.525,47.525,47.525,262
2026-03-11 13:50:00,47.54,47.54,47.54,47.54,100
2026-03-11 14:25:00,47.51,47.51,47.5,47.5,600
2026-03-11 14:45:00,47.51,47.51,47.51,47.51,100
2026-03-11 14:55:00,47.54,47.54,47.54,47.54,100
2026-03-11 15:55:00,47.55,47.55,47.55,47.55,111
2026-03-12 09:40:00,47.415,47.415,47.415,47.415,348
2026-03-12 09:45:00,47.31,47.31,47.3,47.31,2275
2026-03-12 10:15:00,47.34,47.3799,47.34,47.34,400
2026-03-12 10:45:00,47.34,47.34,47.34,47.34,200
2026-03-12 11:35:00,47.33,47.33,47.33,47.33,100
2026-03-12 11:55:00,47.3628,47.3628,47.3628,47.3628,556
2026-03-12 12:00:00,47.355,47.355,47.355,47.355,300
2026-03-12 12:20:00,47.36,47.36,47.36,47.36,200
2026-03-12 13:05:00,47.3481,47.3481,47.3481,47.3481,473
2026-03-12 14:50:00,47.2975,47.2975,47.2975,47.2975,396
2026-03-12 15:20:00,47.27,47.27,47.27,47.27,115
2026-03-12 15:55:00,47.2,47.2,47.2,47.2,129
2026-03-13 09:30:00,47.35,47.35,47.35,47.35,200
2026-03-13 10:00:00,47.3806,47.3806,47.3806,47.3806,380
2026-03-13 10:30:00,47.35,47.3691,47.35,47.3691,336
2026-03-13 11:00:00,47.23,47.23,47.23,47.23,120
2026-03-13 11:25:00,47.21,47.21,47.21,47.21,140
2026-03-13 11:40:00,47.19,47.19,47.19,47.19,160
2026-03-13 11:55:00,47.17,47.17,47.17,47.17,150
2026-03-13 12:35:00,47.16,47.16,47.1301,47.15,4870
2026-03-13 14:15:00,47.13,47.13,47.13,47.13,2073
2026-03-13 14:40:00,47.145,47.145,47.145,47.145,100
2026-03-13 15:10:00,47.135,47.135,47.135,47.135,113
2026-03-13 15:35:00,47.0601,47.0601,47.0601,47.0601,144
2026-03-16 09:30:00,47.3989,47.3989,47.3989,47.3989,218
2026-03-16 10:00:00,47.41,47.41,47.41,47.41,410
2026-03-16 10:45:00,47.33,47.33,47.33,47.33,172
2026-03-16 10:55:00,47.37,47.37,47.37,47.37,100
2026-03-16 11:35:00,47.41,47.41,47.41,47.41,100
2026-03-16 12:10:00,47.39,47.39,47.39,47.39,668
2026-03-16 12:50:00,47.4,47.4,47.4,47.4,264
2026-03-16 13:25:00,47.39,47.39,47.39,47.39,100
2026-03-16 14:15:00,47.39,47.39,47.39,47.39,100
2026-03-16 15:05:00,47.4,47.4,47.4,47.4,100
2026-03-16 15:40:00,47.35,47.35,47.35,47.35,120
2026-03-17 10:10:00,47.55,47.55,47.55,47.55,110
2026-03-17 10:30:00,47.52,47.52,47.52,47.52,307
2026-03-17 12:10:00,47.47,47.5,47.47,47.5,29810
2026-03-17 12:15:00,47.47,47.47,47.46,47.47,2500
2026-03-17 12:25:00,47.495,47.495,47.495,47.495,995
2026-03-17 12:35:00,47.46,47.49,47.46,47.49,1250
2026-03-17 12:40:00,47.48,47.48,47.48,47.48,3672
2026-03-17 12:55:00,47.46,47.495,47.46,47.4808,1711
2026-03-17 13:00:00,47.5,47.5,47.5,47.5,100
2026-03-17 13:30:00,47.47,47.495,47.47,47.495,20135
2026-03-17 13:40:00,47.4976,47.4976,47.495,47.495,458
2026-03-17 14:05:00,47.505,47.505,47.505,47.505,147
2026-03-17 14:25:00,47.4606,47.4606,47.4606,47.4606,1044
2026-03-17 14:30:00,47.484,47.495,47.484,47.495,393
2026-03-17 14:35:00,47.4817,47.4817,47.4817,47.4817,292
2026-03-17 14:40:00,47.4847,47.4847,47.4847,47.4847,354
2026-03-17 15:00:00,47.4985,47.4985,47.4985,47.4985,1146
2026-03-17 15:05:00,47.46,47.46,47.46,47.46,802
2026-03-17 15:10:00,47.47,47.47,47.47,47.47,100
2026-03-17 15:35:00,47.47,47.47,47.47,47.47,100
2026-03-17 15:55:00,47.485,47.485,47.46,47.46,923
2026-03-18 10:00:00,47.37,47.3701,47.37,47.37,810
2026-03-18 10:35:00,47.36,47.36,47.3,47.3,678
2026-03-18 12:00:00,47.3899,47.3899,47.3899,47.3899,176
2026-03-18 12:25:00,47.35,47.35,47.35,47.35,257
2026-03-18 13:15:00,47.325,47.325,47.325,47.325,475
2026-03-18 13:55:00,47.32,47.32,47.32,47.32,100
2026-03-18 14:00:00,47.33,47.33,47.305,47.305,4540
2026-03-18 14:50:00,47.27,47.27,47.27,47.27,100
2026-03-18 15:10:00,47.2321,47.245,47.2321,47.245,674
2026-03-18 15:40:00,47.21,47.2101,47.19,47.19,650
2026-03-19 09:50:00,47.02,47.02,47.02,47.02,100
2026-03-19 10:50:00,47.0299,47.0299,47.0299,47.0299,488
2026-03-19 11:05:00,47.03,47.03,47.03,47.03,100
2026-03-19 11:15:00,47.0371,47.0371,47.0371,47.0371,1320
2026-03-19 11:40:00,46.9318,46.9318,46.9318,46.9318,264
2026-03-19 12:15:00,47.0,47.0,47.0,47.0,161
2026-03-19 12:40:00,47.01,47.01,47.01,47.01,100
2026-03-19 13:15:00,46.93,46.9501,46.91,46.9343,1500
2026-03-19 13:50:00,46.96,46.975,46.96,46.975,300
2026-03-19 13:55:00,46.96,46.96,46.96,46.96,100
2026-03-19 14:10:00,46.99,46.99,46.99,46.99,300
2026-03-19 15:00:00,47.11,47.11,47.11,47.11,189
2026-03-19 15:30:00,47.13,47.15,47.07,47.07,698
2026-03-19 15:45:00,47.07,47.0702,47.06,47.07,1938
2026-03-19 15:55:00,47.05,47.05,47.05,47.05,166
2026-03-20 10:05:00,46.85,46.86,46.85,46.85,5395
2026-03-20 10:15:00,46.83,46.83,46.83,46.83,200
2026-03-20 11:30:00,46.845,46.845,46.845,46.845,125
2026-03-20 12:15:00,46.86,46.8699,46.86,46.86,580
2026-03-20 12:20:00,46.89,46.89,46.89,46.89,200
2026-03-20 12:55:00,46.85,46.85,46.85,46.85,100
2026-03-20 13:05:00,46.84,46.84,46.84,46.84,100
2026-03-20 13:30:00,46.81,46.81,46.81,46.81,116
2026-03-20 14:00:00,46.84,46.84,46.84,46.84,2018
2026-03-20 14:20:00,46.79,46.79,46.75,46.75,400
2026-03-20 14:30:00,46.7609,46.7609,46.7609,46.7609,600
2026-03-20 14:35:00,46.6815,46.6815,46.67,46.67,300
2026-03-20 14:50:00,46.7,46.7,46.7,46.7,445
2026-03-20 15:30:00,46.66,46.66,46.66,46.66,180
2026-03-20 15:40:00,46.605,46.605,46.605,46.605,200
2026-03-20 15:45:00,46.605,46.605,46.6,46.6002,2160
2026-03-20 15:50:00,46.62,46.62,46.62,46.62,100
2026-03-20 15:55:00,46.7,46.7,46.7,46.7,100
2026-03-23 09:30:00,47.0677,47.0677,47.0677,47.0677,150
2026-03-23 10:10:00,47.2143,47.2143,47.18,47.18,573
2026-03-23 10:15:00,47.17,47.17,47.17,47.17,100
2026-03-23 10:20:00,47.22,47.22,47.22,47.22,200
2026-03-23 10:55:00,47.18,47.18,47.18,47.18,100
2026-03-23 11:00:00,47.24,47.24,47.24,47.24,211
2026-03-23 11:50:00,47.13,47.14,47.13,47.14,220
2026-03-23 11:55:00,47.06,47.0687,47.0001,47.0001,1908
2026-03-23 12:05:00,47.0101,47.04,47.001,47.02,782
2026-03-23 12:15:00,47.021,47.0287,47.02,47.02,1092
2026-03-23 12:20:00,47.07,47.07,47.07,47.07,186
2026-03-23 12:25:00,47.0,47.0,46.98,46.98,200
2026-03-23 12:30:00,46.96,46.9601,46.95,46.95,1200
2026-03-23 12:35:00,46.9712,46.9951,46.9601,46.9618,713
2026-03-23 12:45:00,47.01,47.01,47.01,47.01,100
2026-03-23 12:50:00,47.005,47.005,47.005,47.005,200
2026-03-23 13:30:00,47.02,47.03,47.02,47.03,400
2026-03-23 13:40:00,47.047,47.047,47.047,47.047,559
2026-03-23 13:50:00,47.04,47.04,47.04,47.04,100
2026-03-23 14:20:00,47.04,47.04,47.04,47.04,400
2026-03-23 14:30:00,47.1,47.1,47.1,47.1,200
2026-03-23 14:50:00,47.1,47.1,47.1,47.1,100
2026-03-23 15:20:00,47.06,47.06,47.06,47.06,100
2026-03-23 15:35:00,47.085,47.085,47.085,47.085,264
2026-03-23 15:55:00,46.98,46.98,46.98,46.98,193
2026-03-24 10:05:00,46.86,46.86,46.85,46.85,200
2026-03-24 10:45:00,46.91,46.91,46.91,46.91,100
2026-03-24 10:50:00,46.94,46.94,46.94,46.94,600
2026-03-24 11:15:00,46.96,46.96,46.96,46.96,100
2026-03-24 13:15:00,46.87,46.8701,46.86,46.8701,350
2026-03-24 13:25:00,46.87,46.8701,46.87,46.8701,200
2026-03-24 13:30:00,46.88,46.88,46.88,46.88,142
2026-03-24 13:35:00,46.89,46.89,46.89,46.89,100
2026-03-24 14:00:00,46.95,46.95,46.95,46.95,200
2026-03-24 14:15:00,46.9,46.9,46.9,46.9,100
2026-03-24 14:25:00,46.97,46.97,46.97,46.97,1212
2026-03-24 14:35:00,46.99,46.99,46.99,46.99,200
2026-03-24 15:10:00,46.97,46.97,46.97,46.97,100
2026-03-24 15:15:00,47.0,47.0,47.0,47.0,540
2026-03-24 15:35:00,46.955,46.955,46.955,46.955,319
2026-03-24 15:55:00,46.9262,46.9262,46.89,46.89,325
2026-03-25 09:55:00,47.04,47.04,47.04,47.04,100
2026-03-25 10:35:00,47.1,47.1,47.1,47.1,100
2026-03-25 10:50:00,47.12,47.1357,47.12,47.1357,1950
2026-03-25 11:15:00,47.02,47.02,47.02,47.02,100
2026-03-25 11:20:00,47.04,47.04,47.04,47.04,100
2026-03-25 11:25:00,47.06,47.07,47.06,47.07,200
2026-03-25 13:40:00,47.14,47.14,47.14,47.14,100
2026-03-25 15:15:00,47.06,47.06,47.06,47.06,1084
2026-03-25 15:20:00,47.06,47.06,47.06,47.06,450
2026-03-25 15:25:00,47.04,47.0401,47.04,47.04,1000
2026-03-25 15:30:00,47.02,47.05,47.02,47.0212,32411
2026-03-25 15:45:00,47.05,47.05,47.05,47.05,217
2026-03-25 15:50:00,47.0238,47.0238,47.0238,47.0238,515
2026-03-26 09:45:00,46.91,46.91,46.91,46.91,100
2026-03-26 09:55:00,46.95,46.95,46.95,46.95,100
2026-03-26 10:05:00,46.91,46.91,46.91,46.91,279
2026-03-26 10:15:00,46.95,46.95,46.95,46.95,304
2026-03-26 10:20:00,46.9999,46.9999,46.96,46.96,310
2026-03-26 10:25:00,46.9307,46.9307,46.92,46.92,252
2026-03-26 10:45:00,46.9599,46.9599,46.9599,46.9599,104
2026-03-26 10:50:00,46.895,46.895,46.895,46.895,1300
2026-03-26 11:05:00,46.89,46.89,46.875,46.875,200
2026-03-26 11:15:00,46.85,46.85,46.85,46.85,100
2026-03-26 12:05:00,46.86,46.86,46.85,46.85,2797
2026-03-26 12:15:00,46.83,46.83,46.83,46.83,100
2026-03-26 12:20:00,46.815,46.815,46.815,46.815,844
2026-03-26 13:00:00,46.77,46.77,46.77,46.77,660
2026-03-26 13:10:00,46.75,46.75,46.75,46.75,180
2026-03-26 13:20:00,46.73,46.73,46.71,46.71,320
2026-03-26 13:25:00,46.71,46.71,46.71,46.71,140
2026-03-26 15:10:00,46.6,46.6,46.6,46.6,100
2026-03-26 15:55:00,46.551,46.57,46.551,46.57,325
2026-03-27 09:45:00,46.43,46.43,46.43,46.43,100
2026-03-27 10:10:00,46.3918,46.3918,46.3918,46.3918,275
2026-03-27 10:40:00,46.3,46.3,46.3,46.3,103
2026-03-27 11:05:00,46.38,46.38,46.38,46.38,100
2026-03-27 11:20:00,46.375,46.42,46.375,46.42,700
2026-03-27 11:50:00,46.37,46.37,46.37,46.37,100
2026-03-27 12:35:00,46.29,46.29,46.29,46.29,100
2026-03-27 12:40:00,46.27,46.2701,46.27,46.2701,300
2026-03-27 12:55:00,46.3019,46.3019,46.3019,46.3019,235
2026-03-27 13:45:00,46.18,46.18,46.18,46.18,134
2026-03-27 13:55:00,46.2,46.2,46.17,46.18,1000
2026-03-27 14:15:00,46.15,46.15,46.15,46.15,100
2026-03-27 14:40:00,46.2,46.2,46.2,46.2,100
2026-03-27 15:45:00,46.1,46.15,46.1,46.15,1300
2026-03-27 15:55:00,46.125,46.125,46.11,46.11,300
2026-03-30 09:30:00,46.4399,46.4399,46.33,46.38,2115
2026-03-30 09:50:00,46.279,46.279,46.279,46.279,148
2026-03-30 09:55:00,46.2499,46.2499,46.2499,46.2499,622
2026-03-30 10:00:00,46.2107,46.2107,46.2107,46.2107,131
2026-03-30 10:35:00,46.215,46.215,46.215,46.215,117
2026-03-30 10:55:00,46.23,46.23,46.23,46.23,100
2026-03-30 11:00:00,46.25,46.3,46.25,46.3,200
2026-03-30 11:05:00,46.32,46.32,46.29,46.29,200
2026-03-30 11:25:00,46.22,46.22,46.22,46.22,100
2026-03-30 11:35:00,46.28,46.33,46.245,46.33,300
2026-03-30 11:40:00,46.329,46.329,46.329,46.329,100
2026-03-30 12:00:00,46.23,46.23,46.23,46.23,100
2026-03-30 12:10:00,46.2745,46.2745,46.2745,46.2745,106
2026-03-30 12:15:00,46.28,46.28,46.28,46.28,109
2026-03-30 12:50:00,46.239,46.239,46.239,46.239,268
2026-03-30 14:10:00,46.0789,46.0789,46.0789,46.0789,334
2026-03-30 14:15:00,46.07,46.07,46.07,46.07,300
2026-03-30 14:30:00,46.03,46.03,46.03,46.03,100
2026-03-30 14:55:00,46.035,46.035,46.035,46.035,196
2026-03-30 15:45:00,45.96,45.99,45.96,45.97,800
2026-03-30 15:50:00,45.99,45.99,45.96,45.96,1855
2026-03-31 09:50:00,46.48,46.48,46.48,46.48,200
2026-03-31 10:05:00,46.42,46.42,46.42,46.42,160
2026-03-31 10:15:00,46.39,46.39,46.39,46.39,100
2026-03-31 10:30:00,46.43,46.43,46.43,46.43,200
2026-03-31 10:35:00,46.3711,46.3711,46.3711,46.3711,138
2026-03-31 11:05:00,46.36,46.36,46.36,46.36,200
2026-03-31 11:10:00,46.37,46.37,46.37,46.37,100
2026-03-31 11:45:00,46.36,46.36,46.36,46.36,253
2026-03-31 11:55:00,46.36,46.43,46.36,46.43,1556
2026-03-31 12:15:00,46.4,46.4,46.4,46.4,100
2026-03-31 12:40:00,46.57,46.59,46.57,46.59,400
2026-03-31 12:50:00,46.63,46.63,46.63,46.63,1490
2026-03-31 13:00:00,46.62,46.7,46.62,46.7,200
2026-03-31 14:30:00,46.695,46.695,46.695,46.695,110
2026-03-31 14:50:00,46.68,46.68,46.68,46.68,100
2026-03-31 15:05:00,46.65,46.65,46.65,46.65,150
2026-03-31 15:15:00,46.74,46.745,46.74,46.745,272
2026-03-31 15:20:00,46.75,46.75,46.75,46.75,100
2026-03-31 15:40:00,46.73,46.75,46.73,46.75,300
2026-03-31 15:50:00,46.82,46.82,46.82,46.82,300
2026-03-31 15:55:00,46.74,46.74,46.74,46.74,100
2026-04-01 10:35:00,47.04,47.04,47.04,47.04,100
2026-04-01 10:50:00,47.0301,47.0301,47.0301,47.0301,141
2026-04-01 10:55:00,47.0899,47.0899,47.0899,47.0899,325
2026-04-01 11:00:00,47.09,47.09,47.09,47.09,100
2026-04-01 11:20:00,47.1,47.1,47.06,47.06,405
2026-04-01 11:30:00,47.06,47.0956,47.06,47.0956,535
2026-04-01 12:00:00,47.11,47.11,47.11,47.11,100
2026-04-01 12:10:00,47.11,47.16,47.1011,47.16,6584
2026-04-01 12:55:00,47.1,47.1,47.1,47.1,100
2026-04-01 13:35:00,47.13,47.145,47.13,47.145,1095
2026-04-01 13:45:00,47.12,47.12,47.12,47.12,472
2026-04-01 14:10:00,47.04,47.04,47.04,47.04,100
2026-04-01 15:00:00,47.0,47.0,47.0,47.0,100
2026-04-01 15:25:00,47.03,47.03,47.03,47.03,100
2026-04-01 15:40:00,47.05,47.05,47.05,47.05,100
2026-04-01 15:55:00,46.99,46.99,46.99,46.99,100
2026-04-02 09:30:00,46.6678,46.6678,46.6678,46.6678,150
2026-04-02 09:50:00,46.72,46.72,46.72,46.72,100
2026-04-02 10:10:00,46.8199,46.8199,46.8199,46.8199,170
2026-04-02 10:15:00,46.8632,46.8632,46.8632,46.8632,590
2026-04-02 10:20:00,46.8823,46.8823,46.8823,46.8823,132
2026-04-02 10:40:00,47.0009,47.0009,47.0009,47.0009,257
2026-04-02 10:55:00,47.065,47.065,47.065,47.065,1639
2026-04-02 11:10:00,47.03,47.03,47.03,47.03,263
2026-04-02 11:50:00,46.98,46.98,46.98,46.98,438
2026-04-02 11:55:00,47.0345,47.0345,47.0345,47.0345,295
2026-04-02 12:15:00,46.94,46.94,46.94,46.94,100
2026-04-02 13:20:00,46.97,46.97,46.96,46.96,400
