2026-03-04 09:30:00,45.75,45.75,45.75,45.75,551
2026-03-04 09:50:00,45.725,45.725,45.725,45.725,144
2026-03-04 11:25:00,45.975,45.975,45.975,45.975,275
2026-03-04 11:40:00,46.0,46.0,46.0,46.0,156
2026-03-04 11:45:00,46.115,46.115,46.115,46.115,148
2026-03-04 12:05:00,46.09,46.09,46.09,46.09,165
2026-03-04 13:30:00,46.05,46.0501,46.05,46.0501,400
2026-03-04 15:35:00,46.07,46.07,46.062,46.062,262
2026-03-05 09:45:00,46.16,46.16,46.16,46.16,173
2026-03-05 10:40:00,45.935,45.935,45.93,45.93,346
2026-03-05 10:50:00,45.93,45.93,45.92,45.93,1557
2026-03-05 11:00:00,45.99,45.99,45.99,45.99,100
2026-03-05 11:25:00,45.775,45.775,45.775,45.775,100
2026-03-05 12:35:00,45.86,45.86,45.86,45.86,122
2026-03-05 12:55:00,45.67,45.6702,45.66,45.6702,600
2026-03-05 13:10:00,45.75,45.75,45.75,45.75,100
2026-03-05 13:30:00,45.64,45.64,45.64,45.64,105
2026-03-05 13:55:00,45.82,45.82,45.82,45.82,200
2026-03-05 14:10:00,45.815,45.815,45.815,45.815,100
2026-03-05 15:10:00,45.8075,45.8075,45.8,45.8,550
2026-03-05 15:15:00,45.815,45.815,45.815,45.815,100
2026-03-05 15:20:00,45.82,45.82,45.82,45.82,100
2026-03-05 15:25:00,45.91,45.91,45.91,45.91,100
2026-03-05 15:30:00,45.94,45.94,45.94,45.94,130
2026-03-06 09:50:00,45.375,45.375,45.375,45.375,124
2026-03-06 10:05:00,45.25,45.25,45.25,45.25,100
2026-03-06 10:10:00,45.405,45.405,45.405,45.405,151
2026-03-06 12:40:00,45.64,45.64,45.64,45.64,198
2026-03-06 13:05:00,45.63,45.6301,45.63,45.6301,1000
2026-03-06 13:35:00,45.63,45.6301,45.63,45.6301,400
2026-03-06 14:10:00,45.73,45.73,45.73,45.73,100
2026-03-06 15:10:00,45.8759,45.8759,45.85,45.85,200
2026-03-06 15:55:00,45.7505,45.7505,45.7505,45.7505,149
2026-03-09 09:30:00,44.6,44.6,44.6,44.6,756
2026-03-09 10:05:00,45.0,45.0,45.0,45.0,296
2026-03-09 10:15:00,44.86,44.86,44.86,44.86,200
2026-03-09 10:45:00,44.96,45.13,44.96,45.13,500
2026-03-09 11:20:00,45.33,45.33,45.33,45.33,537
2026-03-09 12:20:00,45.4899,45.4899,45.4899,45.4899,114
2026-03-09 14:30:00,45.275,45.275,45.275,45.275,100
2026-03-09 14:45:00,45.36,45.43,45.36,45.43,200
2026-03-09 15:05:00,45.37,45.37,45.37,45.37,1159
2026-03-09 15:20:00,45.575,45.575,45.575,45.575,100
2026-03-09 15:35:00,45.81,45.88,45.81,45.88,200
2026-03-10 10:40:00,45.465,45.465,45.465,45.465,100
2026-03-10 11:05:00,45.48,45.48,45.48,45.48,100
2026-03-10 11:25:00,45.7,45.7,45.7,45.7,100
2026-03-11 11:10:00,45.09,45.09,45.09,45.09,199
2026-03-11 11:40:00,45.01,45.01,45.01,45.01,330
2026-03-11 11:50:00,44.95,44.95,44.95,44.95,200
2026-03-11 12:30:00,45.07,45.07,45.07,45.07,100
2026-03-11 13:00:00,45.24,45.24,45.24,45.24,100
2026-03-11 15:25:00,45.23,45.23,45.23,45.23,1000
2026-03-11 15:50:00,45.34,45.353,45.34,45.3529,530
2026-03-12 09:30:00,45.01,45.01,45.01,45.01,115
2026-03-12 09:50:00,45.1842,45.1842,45.1842,45.1842,125
2026-03-12 10:55:00,45.0802,45.0809,45.04,45.0809,4204
2026-03-12 12:15:00,44.735,44.735,44.735,44.735,100
2026-03-12 12:45:00,44.72,44.72,44.72,44.72,100
2026-03-12 13:00:00,44.74,44.74,44.74,44.74,100
2026-03-12 13:05:00,44.85,44.85,44.85,44.85,200
2026-03-13 10:30:00,44.755,44.755,44.755,44.755,100
2026-03-13 10:35:00,44.75,44.76,44.75,44.76,200
2026-03-13 12:05:00,44.325,44.325,44.325,44.325,360
2026-03-13 12:45:00,44.26,44.26,44.26,44.26,100
2026-03-13 12:50:00,44.29,44.29,44.29,44.29,100
2026-03-13 14:05:00,44.29,44.325,44.29,44.325,510
2026-03-13 14:40:00,44.385,44.385,44.385,44.385,228
2026-03-13 14:45:00,44.37,44.3701,44.37,44.3701,200
2026-03-13 15:15:00,44.36,44.36,44.36,44.36,200
2026-03-13 15:45:00,44.3,44.3,44.3,44.3,500
2026-03-13 15:50:00,44.31,44.31,44.31,44.31,200
2026-03-13 15:55:00,44.375,44.375,44.375,44.375,100
2026-03-13 16:00:00,44.31,44.31,44.31,44.31,104
2026-03-16 09:30:00,44.69,44.6901,44.69,44.6901,400
2026-03-16 10:00:00,44.979,44.979,44.979,44.979,100
2026-03-16 10:10:00,45.08,45.08,45.08,45.08,123
2026-03-16 10:50:00,44.785,44.785,44.78,44.78,900
2026-03-16 11:10:00,44.79,44.79,44.79,44.79,100
2026-03-16 11:15:00,44.85,44.865,44.85,44.865,308
2026-03-16 11:20:00,44.88,44.88,44.88,44.88,100
2026-03-16 11:30:00,44.98,44.98,44.98,44.98,500
2026-03-16 11:55:00,44.47,44.863,44.47,44.863,19452
2026-03-16 12:10:00,44.84,44.84,44.84,44.84,648
2026-03-16 12:15:00,44.85,44.85,44.84,44.84,1407
2026-03-16 12:20:00,44.84,44.863,44.84,44.8527,2008
2026-03-16 12:35:00,44.75,44.77,44.75,44.77,500
2026-03-16 12:40:00,44.85,44.85,44.84,44.84,401
2026-03-16 13:45:00,44.7828,44.7828,44.7828,44.7828,100
2026-03-16 14:15:00,44.82,44.82,44.82,44.82,200
2026-03-16 14:25:00,44.87,44.87,44.87,44.87,500
2026-03-16 14:30:00,44.795,44.795,44.795,44.795,114
2026-03-16 14:35:00,44.81,44.9,44.81,44.9,400
2026-03-16 14:40:00,44.93,44.93,44.93,44.93,200
2026-03-17 09:30:00,45.03,45.03,45.03,45.03,223
2026-03-17 11:05:00,45.194,45.194,45.194,45.194,262
2026-03-17 11:15:00,45.1809,45.1809,45.1809,45.1809,491
2026-03-17 15:15:00,45.09,45.09,45.09,45.09,200
2026-03-17 15:30:00,45.0722,45.0722,45.0722,45.0722,100
2026-03-18 11:30:00,44.91,44.92,44.91,44.92,2700
2026-03-18 11:35:00,44.93,44.93,44.93,44.93,600
2026-03-18 12:50:00,44.78,44.78,44.78,44.78,198
2026-03-18 13:35:00,44.84,44.84,44.84,44.84,100
2026-03-18 14:05:00,44.93,44.93,44.92,44.92,1300
2026-03-18 15:40:00,44.68,44.6801,44.68,44.6801,398
2026-03-19 11:10:00,44.49,44.515,44.49,44.515,1872
2026-03-19 11:20:00,44.39,44.4401,44.39,44.4401,572
2026-03-19 12:50:00,44.175,44.175,44.175,44.175,200
2026-03-19 13:05:00,44.1715,44.1715,44.1715,44.1715,150
2026-03-19 14:30:00,44.19,44.2399,44.19,44.2399,612
2026-03-19 14:50:00,44.19,44.1901,44.19,44.1901,720
2026-03-19 14:55:00,44.305,44.32,44.305,44.32,200
2026-03-19 15:00:00,44.395,44.59,44.395,44.59,746
2026-03-19 15:40:00,44.53,44.53,44.53,44.53,100
2026-03-20 09:55:00,44.085,44.085,44.085,44.085,512
2026-03-20 10:00:00,44.0,44.0,44.0,44.0,191
2026-03-20 13:05:00,44.17,44.17,44.17,44.17,229
2026-03-20 13:50:00,44.09,44.09,44.09,44.09,113
2026-03-20 14:20:00,43.98,43.98,43.98,43.98,100
2026-03-20 15:00:00,43.91,43.91,43.91,43.91,1526
2026-03-20 15:05:00,43.82,43.82,43.82,43.82,100
2026-03-20 15:30:00,43.7501,43.7501,43.7501,43.7501,840
2026-03-20 15:55:00,43.91,43.91,43.91,43.91,200
2026-03-23 09:30:00,44.61,44.61,44.61,44.61,303
2026-03-23 10:15:00,44.845,44.845,44.845,44.845,161
2026-03-23 10:25:00,44.71,44.71,44.71,44.71,100
2026-03-23 11:20:00,44.85,44.88,44.85,44.865,2987
2026-03-23 14:05:00,44.58,44.58,44.58,44.58,194
2026-03-23 14:10:00,44.71,44.71,44.71,44.71,169
2026-03-23 15:00:00,44.72,44.72,44.72,44.72,512
2026-03-23 18:50:00,44.53,44.53,44.53,44.53,100
2026-03-23 18:55:00,44.54,44.54,44.54,44.54,210
2026-03-24 09:30:00,43.88,43.88,43.88,43.88,413
2026-03-24 09:35:00,43.7001,43.7001,43.7001,43.7001,311
2026-03-24 10:05:00,43.53,43.53,43.53,43.53,398
2026-03-24 10:10:00,43.58,43.58,43.58,43.58,168
2026-03-24 11:30:00,43.74,43.7401,43.74,43.7401,1544
2026-03-24 12:20:00,43.73,43.73,43.73,43.73,18000
2026-03-24 12:25:00,43.76,43.76,43.76,43.76,1500
2026-03-24 12:35:00,43.63,43.63,43.63,43.63,743
2026-03-24 12:45:00,43.7,43.7,43.7,43.7,200
2026-03-24 13:35:00,43.57,43.57,43.57,43.57,156
2026-03-24 13:40:00,43.57,43.57,43.57,43.57,100
2026-03-24 14:25:00,43.62,43.62,43.62,43.62,100
2026-03-24 14:35:00,43.72,43.73,43.69,43.69,5661
2026-03-24 14:40:00,43.81,43.81,43.81,43.81,200
2026-03-24 15:00:00,43.82,43.82,43.79,43.79,612
2026-03-24 15:45:00,43.665,43.74,43.665,43.69,3864
2026-03-25 09:30:00,43.93,43.93,43.93,43.93,1045
2026-03-25 11:25:00,43.41,43.51,43.41,43.51,10576
2026-03-25 11:35:00,43.6,43.625,43.58,43.625,974
2026-03-25 11:45:00,43.43,43.43,43.43,43.43,4609
2026-03-25 11:50:00,43.4808,43.4808,43.4808,43.4808,183
2026-03-25 11:55:00,43.5,43.515,43.5,43.505,3300
2026-03-25 12:00:00,43.51,43.515,43.51,43.51,900
2026-03-25 12:10:00,43.51,43.515,43.51,43.515,500
2026-03-25 12:20:00,43.52,43.52,43.52,43.52,100
2026-03-25 13:20:00,43.68,43.68,43.66,43.66,8508
2026-03-25 14:20:00,43.725,43.76,43.725,43.73,700
2026-03-25 14:30:00,43.63,43.63,43.63,43.63,804
2026-03-25 14:55:00,43.56,43.56,43.56,43.56,107
2026-03-25 15:00:00,43.55,43.55,43.55,43.55,100
2026-03-25 15:25:00,43.6409,43.6409,43.6409,43.6409,142
2026-03-25 15:30:00,43.64,43.64,43.64,43.64,111
2026-03-26 09:30:00,43.05,43.05,43.05,43.05,731
2026-03-26 09:55:00,43.88,43.88,43.88,43.88,100
2026-03-26 10:30:00,43.9955,43.9955,43.9955,43.9955,161
2026-03-26 10:40:00,44.07,44.07,44.07,44.07,178
2026-03-26 11:30:00,43.795,43.795,43.795,43.795,112
2026-03-26 11:45:00,43.81,43.81,43.81,43.81,100
2026-03-26 13:00:00,43.51,43.51,43.51,43.51,100
2026-03-26 13:30:00,43.4763,43.4763,43.4763,43.4763,139
2026-03-26 15:40:00,43.32,43.33,43.31,43.3101,2297
2026-03-27 09:30:00,42.73,43.02,42.65,43.02,1507
2026-03-27 09:50:00,42.33,42.33,42.33,42.33,136
2026-03-27 09:55:00,42.11,42.11,42.11,42.11,100
2026-03-27 10:15:00,42.15,42.15,42.15,42.15,165
2026-03-27 10:20:00,42.275,42.275,42.275,42.275,221
2026-03-27 13:55:00,42.02,42.06,42.02,42.06,520
2026-03-27 14:40:00,42.09,42.09,42.09,42.09,100
2026-03-27 15:55:00,42.021,42.021,42.02,42.0201,1382
2026-03-30 11:00:00,42.48,42.48,42.48,42.48,100
2026-03-30 11:25:00,42.43,42.43,42.43,42.43,400
2026-03-30 11:35:00,42.53,42.53,42.53,42.53,100
2026-03-30 11:50:00,42.53,42.53,42.53,42.53,100
2026-03-30 12:10:00,42.55,42.57,42.55,42.57,200
2026-03-30 12:35:00,42.47,42.4904,42.47,42.4904,996
2026-03-30 13:45:00,42.19,42.19,42.19,42.19,300
2026-03-30 14:10:00,42.1,42.1,42.05,42.05,1707
2026-03-30 15:35:00,41.99,41.99,41.99,41.99,100
2026-03-30 15:40:00,42.01,42.02,42.01,42.02,200
2026-03-30 15:50:00,42.07,42.07,42.07,42.07,100
2026-03-31 09:30:00,42.505,42.505,42.505,42.505,200
2026-03-31 10:25:00,42.63,42.63,42.63,42.63,100
2026-03-31 12:20:00,42.665,42.665,42.665,42.665,100
2026-03-31 12:35:00,42.7,42.7,42.7,42.7,100
2026-03-31 15:50:00,43.27,43.27,43.27,43.27,100
2026-04-01 09:30:00,43.49,43.49,43.49,43.49,168
2026-04-01 10:40:00,43.4144,43.4144,43.4144,43.4144,230
2026-04-01 11:05:00,43.46,43.46,43.46,43.46,300
2026-04-01 11:40:00,43.63,43.63,43.63,43.63,157
2026-04-01 12:15:00,43.64,43.64,43.64,43.64,100
2026-04-01 12:40:00,43.61,43.61,43.61,43.61,100
2026-04-01 12:45:00,43.62,43.62,43.61,43.61,200
2026-04-01 14:55:00,43.28,43.28,43.245,43.245,11919
2026-04-01 15:15:00,43.36,43.36,43.32,43.35,6013
2026-04-01 15:20:00,43.18,43.18,43.18,43.18,2713
2026-04-01 15:25:00,43.36,43.36,43.36,43.36,100
2026-04-02 09:30:00,42.67,42.67,42.67,42.67,225
2026-04-02 10:30:00,43.05,43.05,43.05,43.05,2514
2026-04-02 10:35:00,43.46,43.62,43.46,43.61,300
2026-04-02 10:50:00,43.23,43.23,43.23,43.23,100
2026-04-02 14:50:00,43.29,43.29,43.29,43.29,100
