2026-03-04 08:00:00,35.07,35.07,35.07,35.07,100
2026-03-04 09:45:00,35.569,35.569,35.569,35.569,100
2026-03-04 10:30:00,35.61,35.61,35.61,35.61,180
2026-03-04 11:10:00,35.6,35.6,35.6,35.6,200
2026-03-04 11:45:00,35.6,35.6,35.6,35.6,100
2026-03-04 11:50:00,35.6175,35.6175,35.6175,35.6175,136
2026-03-04 13:50:00,35.445,35.445,35.445,35.445,138
2026-03-04 14:10:00,35.2365,35.2365,35.2365,35.2365,100
2026-03-04 14:20:00,35.549,35.549,35.549,35.549,100
2026-03-04 15:40:00,35.5896,35.5896,35.5896,35.5896,100
2026-03-04 15:45:00,35.53,35.53,35.53,35.53,155
2026-03-04 15:50:00,35.58,35.58,35.535,35.58,519
2026-03-04 15:55:00,35.59,35.6187,35.05,35.6187,400
2026-03-05 09:45:00,35.77,35.77,35.7324,35.7324,200
2026-03-05 09:55:00,35.95,35.95,35.95,35.95,173
2026-03-05 10:15:00,35.87,35.87,35.87,35.87,150
2026-03-05 10:25:00,35.695,35.695,35.695,35.695,110
2026-03-05 10:55:00,35.75,35.75,35.7158,35.7158,200
2026-03-05 12:25:00,35.6012,35.6012,35.6012,35.6012,206
2026-03-05 12:40:00,35.46,35.46,35.46,35.46,100
2026-03-05 12:50:00,35.35,35.35,35.35,35.35,1000
2026-03-05 12:55:00,35.2,35.2,35.2,35.2,100
2026-03-05 13:25:00,35.4,35.4,35.4,35.4,200
2026-03-05 13:35:00,35.4275,35.4275,35.395,35.395,302
2026-03-05 13:50:00,35.48,35.48,35.48,35.48,289
2026-03-05 13:55:00,35.52,35.52,35.52,35.52,100
2026-03-05 15:10:00,35.455,35.455,35.455,35.455,100
2026-03-05 15:20:00,35.4912,35.4912,35.4912,35.4912,100
2026-03-05 15:30:00,35.51,35.59,35.51,35.59,200
2026-03-05 15:35:00,35.58,35.64,35.43,35.63,500
2026-03-05 15:40:00,35.65,35.65,35.65,35.65,100
2026-03-06 09:45:00,35.57,35.57,35.57,35.57,100
2026-03-06 09:50:00,35.54,35.54,35.54,35.54,100
2026-03-06 09:55:00,35.356,35.64,35.356,35.64,200
2026-03-06 10:00:00,35.65,35.65,35.65,35.65,200
2026-03-06 10:05:00,35.67,35.67,35.67,35.67,100
2026-03-06 10:25:00,35.7293,35.76,35.7293,35.76,200
2026-03-06 12:30:00,35.56,35.56,35.56,35.56,130
2026-03-06 13:45:00,35.575,35.575,35.575,35.575,100
2026-03-09 09:30:00,35.13,35.13,35.13,35.13,786
2026-03-09 09:45:00,35.425,35.425,35.425,35.425,100
2026-03-09 10:00:00,35.395,35.395,35.395,35.395,100
2026-03-09 10:05:00,35.4645,35.4645,35.4645,35.4645,100
2026-03-09 10:20:00,35.5246,35.5246,35.5246,35.5246,100
2026-03-09 11:35:00,35.56,35.56,35.56,35.56,100
2026-03-09 11:55:00,35.55,35.55,35.55,35.55,100
2026-03-09 12:10:00,35.5632,35.5632,35.5632,35.5632,415
2026-03-09 12:15:00,35.61,35.61,35.57,35.57,200
2026-03-09 12:45:00,35.7,35.7,35.635,35.635,200
2026-03-09 12:50:00,35.6999,35.6999,35.6999,35.6999,100
2026-03-09 13:20:00,35.511,35.511,35.51,35.51,235
2026-03-09 13:40:00,35.6,35.6,35.6,35.6,200
2026-03-09 14:35:00,35.65,35.65,35.6292,35.6292,200
2026-03-09 15:25:00,35.6401,35.7999,35.6401,35.7999,200
2026-03-09 15:50:00,35.73,35.73,35.73,35.73,125
2026-03-10 09:30:00,35.99,35.99,35.99,35.99,482
2026-03-10 12:05:00,35.35,35.35,35.35,35.35,300
2026-03-10 13:40:00,35.305,35.305,35.305,35.305,100
2026-03-10 13:50:00,35.2692,35.2692,35.2692,35.2692,106
2026-03-10 14:15:00,35.4393,35.4393,35.4393,35.4393,100
2026-03-10 14:20:00,35.5285,35.5285,35.425,35.425,400
2026-03-10 15:15:00,35.36,35.36,35.36,35.36,100
2026-03-10 15:20:00,35.43,35.43,35.43,35.43,100
2026-03-10 15:25:00,35.3893,35.43,35.3893,35.43,235
2026-03-10 15:30:00,35.45,35.45,35.45,35.45,100
2026-03-11 09:55:00,35.37,35.47,35.37,35.47,500
2026-03-11 10:20:00,35.6428,35.6428,35.6428,35.6428,100
2026-03-11 10:50:00,35.6696,35.6696,35.6696,35.6696,100
2026-03-11 11:50:00,35.7199,35.7199,35.7199,35.7199,100
2026-03-11 13:15:00,35.72,35.72,35.72,35.72,139
2026-03-11 13:50:00,35.66,35.66,35.66,35.66,300
2026-03-11 14:35:00,35.89,35.89,35.89,35.89,300
2026-03-11 15:45:00,35.78,35.78,35.78,35.78,100
2026-03-11 15:55:00,35.74,35.74,35.74,35.74,100
2026-03-12 09:30:00,35.36,35.36,35.36,35.36,201
2026-03-12 09:45:00,35.69,35.69,35.69,35.69,100
2026-03-12 09:50:00,35.76,35.76,35.76,35.76,100
2026-03-12 10:00:00,35.8,35.8,35.8,35.8,100
2026-03-12 10:35:00,35.63,35.63,35.63,35.63,100
2026-03-12 10:45:00,35.72,35.72,35.72,35.72,100
2026-03-12 10:50:00,35.5018,35.5018,35.5,35.5,300
2026-03-12 10:55:00,35.6,35.6,35.57,35.57,200
2026-03-12 11:25:00,35.595,35.595,35.595,35.595,100
2026-03-12 11:35:00,35.6492,35.6492,35.6492,35.6492,100
2026-03-12 11:40:00,35.92,35.92,35.92,35.92,100
2026-03-12 12:40:00,35.95,35.97,35.9092,35.97,400
2026-03-12 14:00:00,35.85,35.85,35.85,35.85,100
2026-03-12 14:15:00,35.919,35.919,35.919,35.919,100
2026-03-12 15:55:00,35.62,35.62,35.62,35.62,100
2026-03-13 09:35:00,36.165,36.165,36.165,36.165,111
2026-03-13 09:45:00,36.26,36.26,36.26,36.26,100
2026-03-13 11:00:00,35.88,35.88,35.88,35.88,200
2026-03-13 12:05:00,35.8458,35.8458,35.8458,35.8458,100
2026-03-13 12:10:00,36.215,36.215,36.215,36.215,100
2026-03-13 12:30:00,35.94,35.94,35.94,35.94,100
2026-03-13 12:50:00,36.005,36.005,36.005,36.005,100
2026-03-13 12:55:00,35.94,35.94,35.94,35.94,100
2026-03-13 13:10:00,35.965,35.965,35.965,35.965,100
2026-03-13 13:20:00,36.05,36.05,36.05,36.05,100
2026-03-13 13:35:00,36.2499,36.2499,36.2499,36.2499,100
2026-03-13 14:45:00,36.09,36.09,36.09,36.09,100
2026-03-13 15:50:00,35.83,35.855,35.83,35.855,1021
2026-03-13 15:55:00,35.92,35.92,35.92,35.92,100
2026-03-16 09:35:00,36.6,36.6,36.6,36.6,100
2026-03-16 09:50:00,36.62,36.62,36.62,36.62,100
2026-03-16 10:00:00,36.55,36.55,36.55,36.55,100
2026-03-16 10:55:00,36.48,36.48,36.48,36.48,100
2026-03-16 13:40:00,36.44,36.48,36.44,36.48,200
2026-03-16 14:15:00,36.5592,36.5592,36.5592,36.5592,100
2026-03-16 15:10:00,36.54,36.75,36.54,36.75,400
2026-03-16 15:15:00,36.481,36.532,36.481,36.532,254
2026-03-16 15:25:00,36.53,36.53,36.53,36.53,100
2026-03-16 15:35:00,36.6,36.6,36.6,36.6,300
2026-03-17 09:35:00,36.59,36.59,36.59,36.59,100
2026-03-17 09:40:00,36.59,36.59,36.59,36.59,100
2026-03-17 10:00:00,36.485,36.485,36.485,36.485,100
2026-03-17 10:20:00,36.64,36.64,36.6158,36.6158,200
2026-03-17 10:30:00,36.52,36.52,36.52,36.52,100
2026-03-17 10:50:00,36.542,36.57,36.514,36.57,908
2026-03-17 11:35:00,36.44,36.44,36.4058,36.4058,200
2026-03-17 11:45:00,36.48,36.48,36.48,36.48,100
2026-03-17 12:05:00,36.455,36.455,36.455,36.455,100
2026-03-17 12:50:00,36.54,36.54,36.54,36.54,100
2026-03-17 13:45:00,37.395,37.395,37.3,37.3,200
2026-03-17 14:00:00,36.53,36.54,36.53,36.54,400
2026-03-17 15:50:00,36.52,36.52,36.52,36.52,100
2026-03-17 15:55:00,36.559,36.559,36.559,36.559,100
2026-03-18 09:30:00,36.669,36.669,36.669,36.669,100
2026-03-18 11:00:00,36.692,36.692,36.692,36.692,100
2026-03-18 11:45:00,36.67,36.67,36.6358,36.6358,300
2026-03-18 11:55:00,36.66,36.71,36.66,36.66,500
2026-03-18 12:00:00,36.64,36.6545,36.64,36.6545,570
2026-03-18 12:30:00,36.72,36.72,36.6892,36.6892,3000
2026-03-18 12:45:00,36.73,36.73,36.73,36.73,100
2026-03-18 13:45:00,36.73,36.73,36.73,36.73,200
2026-03-18 14:00:00,36.728,36.728,36.728,36.728,100
2026-03-18 15:10:00,36.62,36.62,36.62,36.62,109
2026-03-18 15:45:00,36.63,36.63,36.63,36.63,125
2026-03-18 15:50:00,36.66,36.66,36.636,36.636,300
2026-03-18 15:55:00,36.57,36.57,36.57,36.57,254
2026-03-19 09:30:00,35.87,35.87,35.87,35.87,201
2026-03-19 09:40:00,35.804,35.804,35.804,35.804,100
2026-03-19 09:45:00,35.86,35.86,35.86,35.86,100
2026-03-19 09:50:00,35.99,35.99,35.99,35.99,100
2026-03-19 10:05:00,36.24,37.64,35.72,37.64,500
2026-03-19 10:50:00,36.4,36.4,36.3692,36.3692,200
2026-03-19 11:15:00,36.3,36.3209,36.3,36.3209,550
2026-03-19 14:10:00,36.34,36.34,36.34,36.34,100
2026-03-19 15:00:00,36.4727,36.4727,36.4727,36.4727,100
2026-03-19 15:05:00,36.46,36.46,36.46,36.46,100
2026-03-19 15:10:00,36.64,36.64,36.6058,36.64,520
2026-03-19 15:15:00,36.6051,36.6051,36.6051,36.6051,103
2026-03-19 15:30:00,36.5545,36.5545,36.5545,36.5545,100
2026-03-19 15:40:00,36.575,36.575,36.575,36.575,428
2026-03-19 15:45:00,36.585,36.585,36.585,36.585,100
2026-03-19 15:50:00,36.62,36.62,36.62,36.62,100
2026-03-19 15:55:00,36.6,36.6,36.6,36.6,100
2026-03-20 09:45:00,36.6,36.613,36.6,36.613,361
2026-03-20 09:50:00,36.595,36.595,36.54,36.54,200
2026-03-20 10:35:00,36.25,36.25,36.25,36.25,600
2026-03-20 11:20:00,36.31,36.31,36.31,36.31,100
2026-03-20 12:05:00,36.4282,36.4282,36.4282,36.4282,100
2026-03-20 12:25:00,36.31,36.3287,36.19,36.3287,590
2026-03-20 13:30:00,36.035,36.04,36.035,36.04,200
2026-03-20 14:10:00,35.7701,35.83,35.7701,35.83,1500
2026-03-20 14:50:00,35.615,35.615,35.615,35.615,132
2026-03-20 14:55:00,35.56,35.56,35.55,35.55,221
2026-03-20 15:00:00,35.55,35.55,35.55,35.55,100
2026-03-20 15:55:00,35.58,35.62,35.58,35.62,200
2026-03-23 09:30:00,36.15,36.15,36.15,36.15,106
2026-03-23 09:40:00,36.29,36.29,36.2899,36.2899,200
2026-03-23 09:50:00,36.43,36.43,36.43,36.43,100
2026-03-23 09:55:00,36.5,36.5,36.5,36.5,100
2026-03-23 10:05:00,36.46,36.46,36.46,36.46,125
2026-03-23 10:10:00,36.52,36.52,36.52,36.52,100
2026-03-23 10:50:00,36.56,36.56,36.56,36.56,100
2026-03-23 11:20:00,36.4,36.4,36.4,36.4,100
2026-03-23 11:50:00,36.17,36.17,36.17,36.17,100
2026-03-23 13:35:00,36.03,36.03,36.03,36.03,100
2026-03-23 14:15:00,36.0781,36.0781,36.0781,36.0781,101
2026-03-23 14:35:00,36.155,36.155,36.155,36.155,100
2026-03-23 15:00:00,36.36,36.36,36.36,36.36,678
2026-03-23 15:10:00,36.12,36.12,36.12,36.12,100
2026-03-23 15:35:00,36.0467,36.0467,36.0467,36.0467,186
2026-03-23 15:45:00,36.07,36.07,36.07,36.07,100
2026-03-24 09:40:00,35.79,35.79,35.79,35.79,100
2026-03-24 09:45:00,35.8799,35.8799,35.8799,35.8799,100
2026-03-24 10:10:00,36.1002,36.1002,36.1002,36.1002,100
2026-03-24 10:45:00,35.975,35.975,35.975,35.975,100
2026-03-24 10:50:00,36.09,36.09,36.09,36.09,100
2026-03-24 11:30:00,36.115,36.115,36.115,36.115,100
2026-03-24 15:15:00,36.49,36.49,36.49,36.49,100
2026-03-24 15:25:00,36.3,36.3,36.3,36.3,428
2026-03-24 15:35:00,36.22,36.22,36.22,36.22,300
2026-03-24 15:45:00,36.22,36.22,36.22,36.22,100
2026-03-25 08:00:00,36.23,36.23,36.23,36.23,101
2026-03-25 09:30:00,36.31,36.31,36.31,36.31,102
2026-03-25 09:55:00,36.62,36.62,36.62,36.62,100
2026-03-25 10:15:00,36.7,36.7,36.7,36.7,100
2026-03-25 10:20:00,36.84,36.84,36.84,36.84,100
2026-03-25 10:30:00,36.725,36.725,36.725,36.725,100
2026-03-25 10:40:00,36.82,36.82,36.82,36.82,100
2026-03-25 11:05:00,36.665,36.665,36.665,36.665,150
2026-03-25 11:15:00,36.47,36.47,36.47,36.47,200
2026-03-25 11:40:00,36.575,36.575,36.501,36.5169,500
2026-03-25 12:00:00,36.643,36.643,36.643,36.643,100
2026-03-25 12:20:00,36.575,36.575,36.575,36.575,100
2026-03-25 13:45:00,36.77,36.77,36.77,36.77,100
2026-03-25 14:40:00,36.665,36.665,36.665,36.665,100
2026-03-25 15:40:00,36.61,36.61,36.61,36.61,829
2026-03-26 09:55:00,36.22,36.22,36.22,36.22,100
2026-03-26 10:20:00,36.03,36.03,36.03,36.03,522
2026-03-26 10:50:00,35.75,35.75,35.75,35.75,260
2026-03-26 11:45:00,35.815,35.815,35.815,35.815,100
2026-03-26 11:50:00,35.98,35.98,35.98,35.98,100
2026-03-26 13:15:00,35.66,35.66,35.66,35.66,168
2026-03-26 13:35:00,35.615,35.615,35.615,35.615,386
2026-03-26 14:10:00,35.4,35.4,35.4,35.4,100
2026-03-26 14:50:00,35.77,35.77,35.47,35.69,628
2026-03-26 15:35:00,35.495,35.495,35.495,35.495,498
2026-03-26 15:45:00,35.415,35.415,35.415,35.415,149
2026-03-26 15:55:00,35.36,35.36,35.36,35.36,100
2026-03-27 09:30:00,35.6,35.6,35.6,35.6,100
2026-03-27 09:35:00,35.68,35.68,35.68,35.68,100
2026-03-27 09:45:00,35.73,35.73,35.73,35.73,300
2026-03-27 10:15:00,35.575,35.575,35.575,35.575,190
2026-03-27 10:50:00,35.62,35.62,35.62,35.62,100
2026-03-27 14:35:00,35.435,35.435,35.435,35.435,400
2026-03-27 15:40:00,35.61,35.61,35.52,35.52,473
2026-03-27 15:55:00,35.5,35.5,35.495,35.495,200
2026-03-30 09:30:00,35.0,35.1,35.0,35.1,364
2026-03-30 10:10:00,34.46,34.46,34.46,34.46,377
2026-03-30 11:25:00,34.3,34.3,34.3,34.3,549
2026-03-30 14:30:00,33.99,33.99,33.99,33.99,500
2026-03-30 15:35:00,33.995,34.04,33.995,34.04,300
2026-03-30 15:45:00,34.075,34.075,34.075,34.075,100
2026-03-30 15:55:00,34.1299,34.1299,34.1299,34.1299,100
2026-03-31 10:00:00,34.515,34.515,34.515,34.515,200
2026-03-31 10:05:00,34.46,34.46,34.46,34.46,100
2026-03-31 10:10:00,34.45,34.45,34.45,34.45,132
2026-03-31 12:40:00,34.6,34.6,34.6,34.6,200
2026-03-31 12:45:00,34.8,34.8,34.8,34.8,100
2026-03-31 13:25:00,34.53,34.53,34.53,34.53,100
2026-03-31 15:00:00,34.649,34.649,34.649,34.649,100
2026-03-31 15:50:00,34.65,34.65,34.65,34.65,200
2026-03-31 15:55:00,34.68,34.68,34.6799,34.6799,380
2026-04-01 09:30:00,34.985,34.985,34.985,34.985,400
2026-04-01 09:35:00,35.06,35.06,35.06,35.06,100
2026-04-01 10:00:00,35.06,35.14,35.01,35.085,1666
2026-04-01 11:15:00,35.105,35.105,35.105,35.105,206
2026-04-01 11:20:00,35.15,35.15,35.15,35.15,200
2026-04-01 13:40:00,35.36,35.36,35.36,35.36,200
2026-04-01 15:35:00,35.11,35.11,35.11,35.11,100
2026-04-02 09:30:00,34.29,34.29,34.29,34.29,106
2026-04-02 10:25:00,34.98,34.98,34.98,34.98,100
2026-04-02 10:35:00,35.17,35.18,35.17,35.17,2300
2026-04-02 14:20:00,35.27,35.27,35.27,35.27,120
2026-04-02 14:55:00,35.27,35.27,35.27,35.27,125
2026-04-02 15:10:00,35.275,35.47,35.275,35.47,299
2026-04-02 15:30:00,35.24,35.24,35.24,35.24,214
2026-04-02 15:35:00,35.29,35.29,35.29,35.29,600
2026-04-02 15:40:00,35.31,35.31,35.31,35.31,155
2026-04-02 15:45:00,35.245,35.245,35.245,35.245,199
2026-04-02 15:50:00,35.36,35.36,35.36,35.36,100
