2026-03-04 07:45:00,46.99,47.32,46.99,47.32,271
2026-03-04 08:00:00,45.75,45.75,45.75,45.75,4000
2026-03-04 09:30:00,46.87,47.35,46.87,47.35,14537
2026-03-04 09:35:00,47.3,47.36,46.93,47.2,11488
2026-03-04 09:40:00,47.05,47.15,47.05,47.15,1199
2026-03-04 09:45:00,47.09,47.4099,47.09,47.4099,1654
2026-03-04 09:50:00,47.32,47.4399,47.17,47.336,11500
2026-03-04 10:00:00,47.24,47.42,47.24,47.32,12381
2026-03-04 10:05:00,47.29,47.31,47.2601,47.2601,1119
2026-03-04 10:10:00,47.35,47.39,47.29,47.29,5538
2026-03-04 10:15:00,47.3,47.51,47.3,47.51,3384
2026-03-04 10:20:00,47.58,47.81,47.56,47.8,36745
2026-03-04 10:25:00,47.81,47.99,47.7301,47.97,25822
2026-03-04 10:30:00,47.99,48.4656,47.99,48.4417,2670
2026-03-04 10:35:00,48.4354,48.4354,48.0687,48.0687,2409
2026-03-04 10:40:00,47.95,48.03,47.825,47.98,7316
2026-03-04 10:45:00,47.9801,48.02,47.91,47.94,4909
2026-03-04 10:50:00,48.06,48.08,47.9601,48.06,9295
2026-03-04 10:55:00,48.085,48.1279,48.05,48.1279,2448
2026-03-04 11:00:00,48.115,48.22,48.115,48.215,4722
2026-03-04 11:05:00,48.18,48.18,48.0501,48.0501,3534
2026-03-04 11:10:00,48.11,48.11,48.01,48.01,1050
2026-03-04 11:15:00,48.1,48.13,48.03,48.035,7232
2026-03-04 11:20:00,47.98,47.99,47.94,47.99,3039
2026-03-04 11:25:00,47.99,48.09,47.99,47.99,4735
2026-03-04 11:30:00,48.09,48.21,48.09,48.21,20517
2026-03-04 11:35:00,48.154,48.19,48.154,48.19,1036
2026-03-04 11:40:00,48.145,48.25,48.145,48.25,3475
2026-03-04 11:45:00,48.26,48.27,48.215,48.25,3952
2026-03-04 11:55:00,48.2293,48.35,48.2293,48.35,1733
2026-03-04 12:00:00,48.35,48.39,48.3337,48.36,3672
2026-03-04 12:05:00,48.42,48.44,48.38,48.44,5144
2026-03-04 12:10:00,48.38,48.3917,48.37,48.3917,850
2026-03-04 12:15:00,48.375,48.66,48.375,48.51,13091
2026-03-04 12:20:00,48.4056,48.4056,48.4056,48.4056,126
2026-03-04 12:25:00,48.4437,48.4437,48.4,48.4,2176
2026-03-04 12:30:00,48.41,48.46,48.41,48.445,1883
2026-03-04 12:35:00,48.41,48.46,48.41,48.46,763
2026-03-04 12:40:00,48.42,48.42,48.42,48.42,100
2026-03-04 12:45:00,48.49,48.55,48.485,48.55,19427
2026-03-04 12:50:00,48.635,48.635,48.635,48.635,165
2026-03-04 12:55:00,48.58,48.58,48.53,48.535,4016
2026-03-04 13:00:00,48.54,48.54,48.47,48.48,3101
2026-03-04 13:05:00,48.4925,48.5399,48.43,48.495,6126
2026-03-04 13:15:00,48.43,48.465,48.43,48.465,854
2026-03-04 13:20:00,48.465,48.465,48.41,48.41,607
2026-03-04 13:30:00,48.48,48.48,48.46,48.46,1104
2026-03-04 13:35:00,48.46,48.52,48.45,48.48,1387
2026-03-04 13:45:00,48.545,48.545,48.545,48.545,100
2026-03-04 13:50:00,48.545,48.61,48.545,48.56,8922
2026-03-04 13:55:00,48.56,48.6199,48.56,48.6199,302
2026-03-04 14:00:00,48.62,48.71,48.595,48.68,14627
2026-03-04 14:05:00,48.67,48.83,48.67,48.76,10065
2026-03-04 14:10:00,48.77,48.77,48.77,48.77,613
2026-03-04 14:15:00,48.8,48.8,48.8,48.8,610
2026-03-04 14:20:00,48.82,48.82,48.72,48.72,200
2026-03-04 14:30:00,48.865,49.23,48.865,49.045,2578
2026-03-04 14:35:00,49.135,49.17,49.135,49.145,3000
2026-03-04 14:40:00,49.175,49.24,49.14,49.14,712
2026-03-04 14:45:00,49.02,49.16,48.875,49.0701,57246
2026-03-04 14:55:00,49.0823,49.12,48.97,48.975,5383
2026-03-04 15:00:00,49.0544,49.06,48.85,48.87,21476
2026-03-04 15:05:00,48.9535,48.9704,48.84,48.84,1601
2026-03-04 15:10:00,48.83,48.9499,48.66,48.695,8016
2026-03-04 15:15:00,48.78,48.8199,48.69,48.69,15054
2026-03-04 15:20:00,48.68,48.68,48.575,48.64,11190
2026-03-04 15:25:00,48.7999,48.8,48.65,48.65,1470
2026-03-04 15:30:00,48.735,48.75,48.65,48.7,1400
2026-03-04 15:35:00,48.77,48.8,48.75,48.8,3080
2026-03-04 15:40:00,48.81,48.81,48.79,48.8,1550
2026-03-04 15:45:00,48.77,48.77,48.67,48.745,8513
2026-03-04 15:50:00,48.745,48.79,48.53,48.53,16843
2026-03-04 15:55:00,48.49,48.55,48.3,48.45,19758
2026-03-04 16:00:00,48.49,48.49,48.49,48.49,3928
2026-03-05 09:30:00,46.88,47.23,46.7116,47.23,5565
2026-03-05 09:35:00,47.36,47.36,47.085,47.09,2950
2026-03-05 09:40:00,47.125,47.125,46.9111,46.9111,9201
2026-03-05 09:45:00,46.91,47.1135,46.89,47.05,2777
2026-03-05 09:50:00,47.163,47.25,47.163,47.1697,1111
2026-03-05 09:55:00,47.205,47.35,47.205,47.35,1117
2026-03-05 10:00:00,47.45,47.52,47.447,47.52,1251
2026-03-05 10:05:00,47.25,47.29,47.25,47.29,1300
2026-03-05 10:10:00,47.31,47.31,47.27,47.27,200
2026-03-05 10:15:00,47.12,47.12,47.1,47.11,1810
2026-03-05 10:20:00,46.8902,47.02,46.73,46.73,5511
2026-03-05 10:25:00,46.62,46.6768,46.61,46.635,3442
2026-03-05 10:30:00,46.565,46.565,46.37,46.42,1699
2026-03-05 10:35:00,46.43,46.5,46.3914,46.3914,2130
2026-03-05 10:40:00,46.64,46.64,46.41,46.41,1409
2026-03-05 10:45:00,46.445,46.47,46.3,46.3444,5065
2026-03-05 10:50:00,46.425,46.425,46.425,46.425,200
2026-03-05 10:55:00,46.43,46.47,46.31,46.35,7516
2026-03-05 11:00:00,46.26,46.26,46.26,46.26,100
2026-03-05 11:05:00,46.305,46.305,46.1316,46.1316,1599
2026-03-05 11:15:00,46.09,46.11,45.91,45.91,4426
2026-03-05 11:20:00,45.81,45.82,45.7301,45.7701,4100
2026-03-05 11:30:00,46.15,46.2,46.15,46.155,725
2026-03-05 11:35:00,46.35,46.44,46.35,46.4,422
2026-03-05 11:40:00,46.37,46.37,46.36,46.36,200
2026-03-05 11:45:00,46.39,46.39,46.39,46.39,100
2026-03-05 11:50:00,46.3998,46.3998,46.26,46.29,3600
2026-03-05 12:00:00,46.5,46.5,46.5,46.5,550
2026-03-05 12:05:00,46.52,46.52,46.27,46.27,719
2026-03-05 12:10:00,46.23,46.23,46.1,46.1485,716
2026-03-05 12:20:00,46.0,46.11,46.0,46.11,920
2026-03-05 12:25:00,46.025,46.1683,46.025,46.1683,1917
2026-03-05 12:30:00,45.8,45.8,45.8,45.8,100
2026-03-05 12:35:00,45.755,45.955,45.755,45.955,754
2026-03-05 12:40:00,45.895,45.895,45.62,45.62,5192
2026-03-05 12:45:00,45.69,45.69,45.5,45.5,335
2026-03-05 12:50:00,45.42,45.575,45.42,45.425,2274
2026-03-05 12:55:00,45.415,45.415,45.415,45.415,100
2026-03-05 13:05:00,45.59,45.59,45.59,45.59,100
2026-03-05 13:10:00,45.73,45.73,45.6567,45.6567,951
2026-03-05 13:15:00,45.457,45.457,45.457,45.457,100
2026-03-05 13:20:00,45.37,45.54,45.34,45.5,4664
2026-03-05 13:25:00,45.3553,45.3553,45.2601,45.3493,1496
2026-03-05 13:35:00,45.51,45.53,45.39,45.4509,4317
2026-03-05 13:40:00,45.5651,45.76,45.5651,45.76,830
2026-03-05 13:45:00,45.72,45.74,45.58,45.665,4711
2026-03-05 13:50:00,45.555,45.6,45.42,45.4768,1946
2026-03-05 13:55:00,45.45,45.54,45.43,45.54,4250
2026-03-05 14:05:00,45.6262,45.6262,45.6262,45.6262,280
2026-03-05 14:10:00,45.695,45.695,45.695,45.695,300
2026-03-05 14:15:00,45.6,45.77,45.59,45.71,4332
2026-03-05 14:20:00,45.76,45.79,45.7,45.71,5950
2026-03-05 14:25:00,45.64,45.71,45.5,45.52,3304
2026-03-05 14:30:00,45.495,45.495,45.3616,45.365,2697
2026-03-05 14:35:00,45.33,45.335,45.28,45.29,912
2026-03-05 14:40:00,45.375,45.375,45.375,45.375,875
2026-03-05 14:45:00,45.29,45.38,45.17,45.38,5535
2026-03-05 14:50:00,45.38,45.38,45.286,45.286,4270
2026-03-05 14:55:00,45.255,45.36,45.255,45.3,3684
2026-03-05 15:00:00,45.3373,45.355,45.3373,45.355,2281
2026-03-05 15:05:00,45.47,45.62,45.39,45.59,5914
2026-03-05 15:10:00,45.71,45.71,45.6,45.63,5431
2026-03-05 15:15:00,45.76,45.76,45.66,45.66,3050
2026-03-05 15:20:00,45.79,46.04,45.77,46.02,13225
2026-03-05 15:25:00,46.13,46.25,45.99,45.99,1925
2026-03-05 15:30:00,45.8,45.91,45.79,45.91,2250
2026-03-05 15:35:00,46.04,46.0555,46.0,46.0,400
2026-03-05 15:40:00,45.98,45.98,45.86,45.86,709
2026-03-05 15:45:00,45.875,46.06,45.84,45.9301,18557
2026-03-05 15:50:00,46.1,46.1068,46.1,46.1,620
2026-03-05 15:55:00,46.15,46.165,45.97,46.1,1550
2026-03-05 16:00:00,45.98,45.98,45.98,45.98,1527
2026-03-05 19:55:00,45.8,45.8,45.8,45.8,100
2026-03-06 09:30:00,44.72,44.98,44.72,44.915,10578
2026-03-06 09:35:00,44.66,44.77,44.55,44.77,1491
2026-03-06 09:40:00,44.805,44.86,44.62,44.835,3510
2026-03-06 09:45:00,44.94,44.94,44.93,44.93,783
2026-03-06 09:50:00,44.86,44.86,44.81,44.81,2362
2026-03-06 09:55:00,44.9683,45.13,44.9683,45.13,4470
2026-03-06 10:00:00,45.27,45.5132,45.27,45.5132,645
2026-03-06 10:05:00,45.3,45.3,45.28,45.28,1328
2026-03-06 10:10:00,45.156,45.21,45.14,45.21,2121
2026-03-06 10:15:00,45.43,45.5099,45.26,45.385,1400
2026-03-06 10:20:00,45.42,45.55,45.37,45.55,592
2026-03-06 10:25:00,45.4,45.51,45.4,45.51,1328
2026-03-06 10:30:00,45.6,45.73,45.6,45.7,400
2026-03-06 10:35:00,45.75,45.85,45.75,45.76,1828
2026-03-06 10:40:00,45.49,45.63,45.49,45.63,209
2026-03-06 10:45:00,45.36,45.45,45.36,45.45,651
2026-03-06 10:50:00,45.345,45.35,45.345,45.35,210
2026-03-06 10:55:00,45.45,45.63,45.45,45.63,840
2026-03-06 11:00:00,45.64,45.7,45.64,45.7,1600
2026-03-06 11:05:00,45.78,45.78,45.78,45.78,100
2026-03-06 11:10:00,45.54,45.54,45.54,45.54,200
2026-03-06 11:15:00,45.65,45.65,45.56,45.56,296
2026-03-06 11:20:00,45.61,45.62,45.5,45.5,1529
2026-03-06 11:25:00,45.48,45.56,45.47,45.56,485
2026-03-06 11:30:00,45.6406,45.67,45.52,45.67,930
2026-03-06 11:35:00,45.63,45.81,45.63,45.81,68300
2026-03-06 11:45:00,45.78,45.78,45.7,45.7,854
2026-03-06 11:50:00,45.85,45.85,45.7,45.7,1931
2026-03-06 11:55:00,45.65,45.76,45.65,45.76,500
2026-03-06 12:00:00,45.74,45.74,45.715,45.715,7722
2026-03-06 12:05:00,45.47,45.6119,45.47,45.6119,690
2026-03-06 12:10:00,45.48,45.48,45.48,45.48,200
2026-03-06 12:15:00,45.52,45.605,45.51,45.605,860
2026-03-06 12:20:00,45.702,45.702,45.6337,45.675,639
2026-03-06 12:25:00,45.54,45.59,45.53,45.59,1132
2026-03-06 12:30:00,45.46,45.64,45.46,45.64,1200
2026-03-06 12:35:00,45.36,45.47,45.35,45.35,600
2026-03-06 12:45:00,45.35,45.4637,45.35,45.4637,925
2026-03-06 12:50:00,45.538,45.538,45.538,45.538,225
2026-03-06 13:00:00,45.575,45.575,45.48,45.48,360
2026-03-06 13:05:00,45.43,45.59,45.43,45.59,640
2026-03-06 13:10:00,45.8,45.86,45.8,45.86,297
2026-03-06 13:15:00,45.85,45.93,45.84,45.93,1661
2026-03-06 13:20:00,45.82,45.86,45.756,45.84,927
2026-03-06 13:25:00,45.855,45.855,45.855,45.855,183
2026-03-06 13:30:00,45.84,45.84,45.84,45.84,100
2026-03-06 13:35:00,45.71,45.84,45.71,45.84,1000
2026-03-06 13:45:00,45.82,45.82,45.82,45.82,456
2026-03-06 13:50:00,45.74,45.76,45.74,45.76,400
2026-03-06 13:55:00,45.78,45.84,45.74,45.84,500
2026-03-06 14:05:00,45.79,45.82,45.79,45.82,324
2026-03-06 14:10:00,45.85,46.0599,45.84,46.0599,2854
2026-03-06 14:20:00,45.9625,45.9625,45.895,45.895,352
2026-03-06 14:25:00,45.9388,45.9388,45.9388,45.9388,375
2026-03-06 14:30:00,45.89,45.96,45.88,45.96,1137
2026-03-06 14:35:00,45.91,45.91,45.91,45.91,200
2026-03-06 14:40:00,45.78,45.9,45.78,45.9,400
2026-03-06 14:45:00,45.76,45.7601,45.75,45.75,885
2026-03-06 14:50:00,45.75,45.75,45.75,45.75,200
2026-03-06 14:55:00,45.81,45.82,45.81,45.82,300
2026-03-06 15:00:00,45.9,45.9,45.9,45.9,200
2026-03-06 15:05:00,45.93,45.93,45.91,45.91,300
2026-03-06 15:10:00,45.83,45.83,45.67,45.67,1518
2026-03-06 15:15:00,45.6601,45.73,45.64,45.73,538
2026-03-06 15:20:00,45.45,45.45,45.45,45.45,200
2026-03-06 15:25:00,45.4624,45.5599,45.31,45.31,3219
2026-03-06 15:30:00,45.32,45.32,45.17,45.24,1840
2026-03-06 15:35:00,45.1999,45.1999,45.0945,45.1,1751
2026-03-06 15:40:00,45.1651,45.44,45.1651,45.44,751
2026-03-06 15:45:00,45.35,45.37,45.34,45.36,1142
2026-03-06 15:50:00,45.42,45.5199,45.285,45.285,2773
2026-03-06 15:55:00,45.3477,45.52,45.31,45.52,1350
2026-03-09 08:25:00,44.0,44.0,44.0,44.0,412
2026-03-09 09:25:00,44.78,44.78,44.78,44.78,750
2026-03-09 09:30:00,44.97,45.02,44.74,45.0,16656
2026-03-09 09:35:00,45.06,45.08,44.82,44.82,2701
2026-03-09 09:40:00,44.8,44.8799,44.57,44.7,2611
2026-03-09 09:45:00,44.56,44.78,44.51,44.666,2855
2026-03-09 09:50:00,44.59,44.6,44.43,44.43,2892
2026-03-09 09:55:00,44.5,44.63,44.5,44.57,3354
2026-03-09 10:00:00,44.64,44.74,44.64,44.74,400
2026-03-09 10:05:00,44.71,44.745,44.45,44.45,1202
2026-03-09 10:10:00,44.34,44.51,44.33,44.51,950
2026-03-09 10:15:00,44.6,44.69,44.6,44.685,500
2026-03-09 10:20:00,44.85,44.85,44.75,44.77,3405
2026-03-09 10:30:00,44.86,44.905,44.86,44.905,200
2026-03-09 10:35:00,44.95,45.04,44.95,45.04,200
2026-03-09 10:40:00,45.13,45.13,45.11,45.13,1240
2026-03-09 10:45:00,45.29,45.29,45.16,45.21,1469
2026-03-09 10:50:00,45.12,45.29,45.12,45.29,4617
2026-03-09 10:55:00,45.23,45.23,45.22,45.22,1278
2026-03-09 11:00:00,45.19,45.2901,45.19,45.23,5569
2026-03-09 11:05:00,45.3492,45.3492,45.3492,45.3492,2862
2026-03-09 11:10:00,45.37,45.45,45.37,45.43,2933
2026-03-09 11:15:00,45.39,45.39,45.39,45.39,100
2026-03-09 11:20:00,45.45,45.62,45.45,45.62,949
2026-03-09 11:25:00,45.64,45.64,45.64,45.64,100
2026-03-09 11:30:00,45.67,45.67,45.6,45.63,637
2026-03-09 11:35:00,45.53,45.53,45.48,45.48,1250
2026-03-09 11:40:00,45.5,45.5,45.48,45.48,308
2026-03-09 11:45:00,45.53,45.645,45.53,45.645,200
2026-03-09 11:50:00,45.651,45.6595,45.64,45.64,360
2026-03-09 11:55:00,45.72,45.72,45.61,45.61,373
2026-03-09 12:00:00,45.67,45.68,45.67,45.67,500
2026-03-09 12:05:00,45.74,45.74,45.74,45.74,100
2026-03-09 12:10:00,45.75,45.82,45.75,45.82,1175
2026-03-09 12:15:00,45.785,45.7966,45.785,45.7966,250
2026-03-09 12:20:00,45.62,45.795,45.62,45.795,6680
2026-03-09 12:25:00,45.86,45.86,45.86,45.86,367
2026-03-09 12:35:00,45.85,45.86,45.82,45.82,933
2026-03-09 12:40:00,45.89,45.89,45.86,45.88,1382
2026-03-09 12:45:00,45.92,45.99,45.92,45.99,725
2026-03-09 12:50:00,45.96,45.96,45.96,45.96,100
2026-03-09 12:55:00,45.94,45.94,45.94,45.94,225
2026-03-09 13:00:00,45.85,45.85,45.77,45.79,3649
2026-03-09 13:05:00,45.7,45.7,45.7,45.7,100
2026-03-09 13:10:00,45.76,45.76,45.66,45.66,451
2026-03-09 13:15:00,45.7,45.7,45.685,45.7,4911
2026-03-09 13:20:00,45.508,45.5999,45.49,45.55,3114
2026-03-09 13:25:00,45.535,45.535,45.44,45.44,1473
2026-03-09 13:30:00,45.49,45.49,45.49,45.49,100
2026-03-09 13:45:00,45.42,45.49,45.42,45.49,300
2026-03-09 13:50:00,45.62,45.62,45.62,45.62,100
2026-03-09 13:55:00,45.655,45.655,45.63,45.63,2108
2026-03-09 14:00:00,45.57,45.57,45.57,45.57,400
2026-03-09 14:05:00,45.61,45.63,45.61,45.63,300
2026-03-09 14:10:00,45.5,45.6999,45.5,45.6999,1147
2026-03-09 14:20:00,45.66,45.8,45.6,45.66,1966
2026-03-09 14:25:00,45.685,45.685,45.685,45.685,400
2026-03-09 14:30:00,45.695,45.695,45.695,45.695,200
2026-03-09 14:35:00,45.73,45.735,45.73,45.735,1007
2026-03-09 14:40:00,45.72,45.725,45.72,45.725,222
2026-03-09 14:45:00,45.72,45.73,45.72,45.73,512
2026-03-09 14:50:00,45.745,45.765,45.745,45.765,211
2026-03-09 14:55:00,45.71,45.71,45.59,45.59,375
2026-03-09 15:00:00,45.67,45.7644,45.67,45.7,859
2026-03-09 15:05:00,45.755,45.755,45.755,45.755,1406
2026-03-09 15:10:00,45.73,45.8,45.73,45.8,3102
2026-03-09 15:15:00,45.755,45.87,45.755,45.87,1913
2026-03-09 15:20:00,46.31,46.55,46.31,46.49,6531
2026-03-09 15:25:00,46.4939,47.0,46.44,47.0,16276
2026-03-09 15:30:00,47.01,47.04,46.75,47.04,9412
2026-03-09 15:35:00,47.0305,47.285,47.0125,47.285,995
2026-03-09 15:40:00,46.8,46.85,46.75,46.75,3277
2026-03-09 15:45:00,46.76,46.78,46.68,46.72,3745
2026-03-09 15:50:00,46.81,46.85,46.72,46.82,3385
2026-03-09 15:55:00,46.73,47.05,46.725,47.02,9505
2026-03-09 16:00:00,47.125,47.125,47.125,47.125,974
2026-03-09 19:55:00,49.34,49.34,49.34,49.34,200
2026-03-10 09:30:00,47.5,47.5,47.405,47.405,4702
2026-03-10 09:55:00,47.2,47.2,47.2,47.2,250
2026-03-10 10:05:00,47.2,47.2,47.2,47.2,1416
2026-03-10 10:20:00,47.495,47.495,47.495,47.495,205
2026-03-10 10:25:00,47.74,47.74,47.7,47.7,554
2026-03-10 10:30:00,47.8597,47.92,47.8597,47.92,637
2026-03-10 10:35:00,47.875,47.9366,47.81,47.81,1642
2026-03-10 10:40:00,47.925,47.925,47.9165,47.9165,4750
2026-03-10 10:45:00,48.02,48.02,48.02,48.02,114
2026-03-10 10:55:00,48.29,48.29,48.29,48.29,206
2026-03-10 11:00:00,48.43,48.44,48.3301,48.385,2830
2026-03-10 11:05:00,48.3693,48.3693,48.185,48.185,650
2026-03-10 11:15:00,48.32,48.32,48.32,48.32,914
2026-03-10 11:20:00,48.36,48.36,48.27,48.27,396
2026-03-10 11:30:00,48.225,48.225,48.205,48.205,210
2026-03-10 11:45:00,48.35,48.35,48.35,48.35,378
2026-03-10 11:50:00,48.29,48.29,48.29,48.29,100
2026-03-10 12:00:00,48.28,48.28,48.11,48.11,341
2026-03-10 12:10:00,48.1664,48.1664,48.13,48.13,500
2026-03-10 12:25:00,48.273,48.273,48.205,48.205,869
2026-03-10 12:40:00,48.36,48.36,48.36,48.36,600
2026-03-10 12:45:00,48.3432,48.3432,48.3432,48.3432,540
2026-03-10 12:50:00,48.425,48.425,48.425,48.425,517
2026-03-10 12:55:00,48.455,48.455,48.4517,48.4517,596
2026-03-10 13:00:00,48.509,48.509,48.509,48.509,310
2026-03-10 13:05:00,48.485,48.61,48.485,48.61,739
2026-03-10 13:10:00,48.6799,48.6799,48.55,48.55,877
2026-03-10 13:15:00,48.725,48.725,48.725,48.725,717
2026-03-10 13:20:00,48.88,48.88,48.88,48.88,100
2026-03-10 13:25:00,48.86,48.9,48.84,48.89,2938
2026-03-10 13:35:00,48.52,48.525,48.425,48.525,3408
2026-03-10 13:40:00,48.64,48.64,48.6143,48.6143,472
2026-03-10 13:45:00,48.49,48.6,48.49,48.6,1102
2026-03-10 13:50:00,48.685,48.685,48.685,48.685,630
2026-03-10 13:55:00,48.62,48.62,48.62,48.62,168
2026-03-10 14:00:00,48.67,48.67,48.66,48.66,1848
2026-03-10 14:05:00,48.6,48.64,48.6,48.64,1173
2026-03-10 14:10:00,48.515,48.515,48.32,48.32,990
2026-03-10 14:15:00,48.04,48.135,47.7,47.74,2945
2026-03-10 14:20:00,47.555,47.68,47.555,47.68,367
2026-03-10 14:25:00,47.51,47.605,47.51,47.605,334
2026-03-10 14:30:00,47.915,48.03,47.832,48.03,3853
2026-03-10 14:35:00,47.81,47.905,47.775,47.905,2000
2026-03-10 14:45:00,47.848,47.92,47.848,47.92,639
2026-03-10 14:50:00,47.73,47.73,47.73,47.73,300
2026-03-10 14:55:00,47.7999,47.7999,47.7999,47.7999,100
2026-03-10 15:00:00,47.79,47.79,47.78,47.78,200
2026-03-10 15:05:00,47.77,47.8281,47.77,47.8196,1162
2026-03-10 15:10:00,47.74,47.74,47.74,47.74,555
2026-03-10 15:15:00,47.94,47.95,47.865,47.865,3629
2026-03-10 15:20:00,47.84,47.84,47.725,47.725,851
2026-03-10 15:25:00,47.7,47.7,47.51,47.62,3637
2026-03-10 15:30:00,47.48,47.48,47.48,47.48,100
2026-03-10 15:35:00,47.44,47.44,47.43,47.43,1611
2026-03-10 15:40:00,47.6,47.66,47.485,47.49,800
2026-03-10 15:45:00,47.44,47.44,47.2856,47.2856,3412
2026-03-10 15:50:00,47.32,47.32,47.29,47.29,1700
2026-03-10 15:55:00,47.33,47.52,47.29,47.37,5309
2026-03-10 16:00:00,47.38,47.38,47.38,47.38,1291
2026-03-11 09:25:00,47.77,47.78,47.77,47.77,331
2026-03-11 09:30:00,47.53,47.77,47.53,47.65,7365
2026-03-11 09:35:00,47.575,47.6766,47.575,47.6766,830
2026-03-11 09:40:00,47.7397,47.795,47.66,47.66,1365
2026-03-11 09:45:00,47.59,47.71,47.58,47.675,3627
2026-03-11 09:50:00,47.62,47.62,47.62,47.62,137
2026-03-11 09:55:00,47.6799,47.85,47.6565,47.835,2550
2026-03-11 10:00:00,48.06,48.07,47.82,47.82,9805
2026-03-11 10:05:00,47.995,47.995,47.83,47.83,725
2026-03-11 10:25:00,47.745,47.759,47.745,47.759,5335
2026-03-11 10:30:00,47.73,47.7346,47.73,47.7346,290
2026-03-11 10:35:00,47.82,47.83,47.82,47.83,1000
2026-03-11 10:40:00,47.86,47.9499,47.855,47.9499,370
2026-03-11 10:45:00,47.9282,47.9282,47.9282,47.9282,100
2026-03-11 11:10:00,47.88,47.88,47.88,47.88,500
2026-03-11 11:15:00,47.755,47.755,47.755,47.755,400
2026-03-11 11:25:00,47.775,47.775,47.7,47.7,500
2026-03-11 11:30:00,47.585,47.585,47.585,47.585,334
2026-03-11 11:35:00,47.6458,47.6458,47.6458,47.6458,300
2026-03-11 11:45:00,47.545,47.545,47.545,47.545,100
2026-03-11 11:55:00,47.7,47.7,47.7,47.7,150
2026-03-11 12:00:00,47.4001,47.4001,47.4001,47.4001,147
2026-03-11 12:10:00,47.4,47.485,47.4,47.485,1805
2026-03-11 12:25:00,47.355,47.355,47.28,47.28,700
2026-03-11 12:30:00,47.49,47.49,47.49,47.49,184
2026-03-11 12:40:00,47.5512,47.5512,47.5512,47.5512,179
2026-03-11 12:55:00,47.6025,47.6257,47.6025,47.6257,440
2026-03-11 13:00:00,47.6456,47.6456,47.6456,47.6456,188
2026-03-11 13:15:00,47.6002,47.6202,47.6002,47.6202,400
2026-03-11 13:20:00,47.65,47.65,47.57,47.57,305
2026-03-11 13:25:00,47.61,47.61,47.61,47.61,140
2026-03-11 13:35:00,47.58,47.6,47.335,47.335,1836
2026-03-11 13:40:00,47.47,47.5,47.365,47.365,2497
2026-03-11 13:45:00,47.41,47.41,47.41,47.41,1300
2026-03-11 13:50:00,47.41,47.4485,47.41,47.415,1484
2026-03-11 13:55:00,47.36,47.36,47.36,47.36,100
2026-03-11 14:00:00,47.49,47.5,47.49,47.5,200
2026-03-11 14:10:00,47.375,47.375,47.275,47.275,600
2026-03-11 14:15:00,47.315,47.315,47.315,47.315,200
2026-03-11 14:20:00,47.36,47.36,47.36,47.36,100
2026-03-11 14:25:00,47.37,47.37,47.29,47.29,1154
2026-03-11 14:40:00,47.52,47.52,47.52,47.52,100
2026-03-11 14:45:00,47.44,47.44,47.44,47.44,1050
2026-03-11 15:00:00,47.5584,47.5584,47.5584,47.5584,150
2026-03-11 15:05:00,47.55,47.55,47.55,47.55,590
2026-03-11 15:15:00,47.59,47.6599,47.57,47.6599,2162
2026-03-11 15:20:00,47.595,47.5951,47.595,47.5951,4947
2026-03-11 15:35:00,47.685,47.685,47.685,47.685,104
2026-03-11 15:40:00,47.7683,47.7683,47.7683,47.7683,194
2026-03-11 15:45:00,47.7238,47.7238,47.7238,47.7238,250
2026-03-11 15:50:00,47.785,47.785,47.785,47.785,146
2026-03-11 15:55:00,47.82,47.92,47.82,47.9,5582
2026-03-11 16:00:00,47.94,47.94,47.94,47.94,5727
2026-03-12 09:25:00,48.0,48.0,48.0,48.0,100
2026-03-12 09:30:00,46.71,46.72,46.63,46.63,20154
2026-03-12 09:35:00,46.63,46.63,46.11,46.44,33404
2026-03-12 09:40:00,46.42,46.42,46.26,46.28,18496
2026-03-12 09:45:00,46.15,46.15,45.4356,45.765,9817
2026-03-12 09:50:00,45.92,45.92,45.62,45.62,809
2026-03-12 09:55:00,45.64,45.64,45.64,45.64,175
2026-03-12 10:00:00,45.705,45.8695,45.705,45.81,4075
2026-03-12 10:05:00,45.6819,45.6819,45.6819,45.6819,100
2026-03-12 10:10:00,45.7,45.83,45.5501,45.5501,5386
2026-03-12 10:15:00,45.685,45.69,45.65,45.66,3862
2026-03-12 10:20:00,45.445,45.5899,45.445,45.58,4726
2026-03-12 10:30:00,45.43,45.445,45.4,45.4,2050
2026-03-12 10:35:00,45.35,45.46,45.185,45.185,933
2026-03-12 10:45:00,45.55,45.6,45.3,45.3,3998
2026-03-12 10:50:00,45.215,45.255,45.215,45.255,280
2026-03-12 10:55:00,45.38,45.38,45.38,45.38,300
2026-03-12 11:00:00,45.3299,45.3299,45.3299,45.3299,221
2026-03-12 11:05:00,45.1035,45.1035,45.1035,45.1035,110
2026-03-12 11:10:00,45.11,45.11,45.11,45.11,300
2026-03-12 11:15:00,45.025,45.025,45.0,45.0,335
2026-03-12 11:20:00,45.12,45.12,44.955,44.9651,1946
2026-03-12 11:25:00,44.9801,45.145,44.9801,45.145,1664
2026-03-12 11:30:00,45.13,45.13,45.13,45.13,179
2026-03-12 11:35:00,45.19,45.19,45.19,45.19,300
2026-03-12 11:40:00,45.48,45.57,45.45,45.57,8499
2026-03-12 11:45:00,45.576,45.576,45.495,45.495,657
2026-03-12 11:50:00,45.57,45.57,45.57,45.57,1048
2026-03-12 12:00:00,45.6,45.6,45.6,45.6,600
2026-03-12 12:05:00,45.6147,45.6147,45.3296,45.3296,1065
2026-03-12 12:10:00,45.3799,45.3799,45.3799,45.3799,400
2026-03-12 12:15:00,45.36,45.52,45.36,45.5199,1128
2026-03-12 12:20:00,45.55,45.55,45.55,45.55,1000
2026-03-12 12:25:00,45.42,45.42,45.42,45.42,180
2026-03-12 12:40:00,45.55,45.56,45.55,45.56,2439
2026-03-12 12:45:00,45.3772,45.3772,45.3772,45.3772,500
2026-03-12 12:50:00,45.4829,45.4829,45.4829,45.4829,138
2026-03-12 13:05:00,45.48,45.48,45.47,45.47,400
2026-03-12 13:10:00,45.47,45.485,45.425,45.425,675
2026-03-12 13:15:00,45.41,45.41,45.41,45.41,110
2026-03-12 13:20:00,45.3401,45.465,45.3401,45.465,258
2026-03-12 13:25:00,45.54,45.54,45.54,45.54,167
2026-03-12 13:35:00,45.435,45.51,45.435,45.51,1810
2026-03-12 13:45:00,45.37,45.37,45.3,45.3,2040
2026-03-12 13:50:00,45.315,45.315,45.285,45.285,1524
2026-03-12 13:55:00,45.255,45.28,45.22,45.24,7669
2026-03-12 14:00:00,45.3711,45.3711,45.3711,45.3711,440
2026-03-12 14:05:00,45.2201,45.35,45.2201,45.35,988
2026-03-12 14:10:00,45.42,45.42,45.42,45.42,100
2026-03-12 14:20:00,45.3,45.3001,45.27,45.285,1228
2026-03-12 14:25:00,45.34,45.34,45.26,45.2917,682
2026-03-12 14:35:00,45.23,45.23,45.155,45.155,2154
2026-03-12 14:40:00,45.149,45.149,45.1,45.1,1035
2026-03-12 14:50:00,45.244,45.244,45.244,45.244,243
2026-03-12 14:55:00,45.29,45.29,45.28,45.28,1069
2026-03-12 15:00:00,45.275,45.275,45.24,45.24,1880
2026-03-12 15:10:00,45.19,45.21,45.19,45.19,1294
2026-03-12 15:15:00,45.25,45.25,45.25,45.25,691
2026-03-12 15:20:00,45.195,45.195,45.195,45.195,3200
2026-03-12 15:25:00,45.19,45.19,45.18,45.18,907
2026-03-12 15:30:00,45.205,45.3,45.205,45.3,1147
2026-03-12 15:40:00,45.22,45.22,45.22,45.22,454
2026-03-12 15:50:00,45.145,45.145,45.1,45.105,1538
2026-03-12 15:55:00,45.16,45.18,45.06,45.18,7435
2026-03-13 09:30:00,46.22,46.47,46.22,46.29,2219
2026-03-13 09:35:00,46.32,46.54,46.28,46.54,3898
2026-03-13 09:40:00,46.62,46.8,46.59,46.8,681
2026-03-13 09:45:00,46.7376,46.7799,46.54,46.54,1327
2026-03-13 09:50:00,46.525,46.58,46.505,46.58,3806
2026-03-13 10:05:00,46.25,46.29,46.25,46.29,1712
2026-03-13 10:10:00,46.21,46.28,46.21,46.28,1300
2026-03-13 10:15:00,46.215,46.215,46.0258,46.08,3399
2026-03-13 10:20:00,46.147,46.147,46.13,46.13,1018
2026-03-13 10:25:00,46.265,46.265,46.21,46.22,800
2026-03-13 10:30:00,46.23,46.31,46.1,46.31,28404
2026-03-13 10:35:00,46.21,46.21,46.21,46.21,250
2026-03-13 10:40:00,46.07,46.1177,45.94,45.94,1725
2026-03-13 10:45:00,45.87,45.87,45.87,45.87,100
2026-03-13 10:50:00,45.92,45.92,45.92,45.92,200
2026-03-13 10:55:00,45.7,45.7,45.69,45.69,547
2026-03-13 11:00:00,45.68,45.785,45.68,45.765,791
2026-03-13 11:05:00,45.71,45.874,45.71,45.77,1200
2026-03-13 11:10:00,45.89,45.95,45.89,45.91,1100
2026-03-13 11:15:00,45.84,45.9013,45.82,45.8936,4067
2026-03-13 11:20:00,45.9055,45.9299,45.61,45.61,24360
2026-03-13 11:30:00,45.63,45.63,45.63,45.63,300
2026-03-13 11:40:00,45.57,45.57,45.57,45.57,100
2026-03-13 11:45:00,45.41,45.71,45.41,45.71,740
2026-03-13 12:00:00,45.5868,45.66,45.5868,45.66,3120
2026-03-13 12:05:00,45.64,45.64,45.63,45.63,1172
2026-03-13 12:10:00,45.67,45.72,45.67,45.72,863
2026-03-13 12:15:00,45.54,45.54,45.54,45.54,200
2026-03-13 12:20:00,45.51,45.64,45.51,45.57,3403
2026-03-13 12:30:00,45.6,45.6544,45.59,45.6,874
2026-03-13 12:35:00,45.68,45.71,45.68,45.71,260
2026-03-13 12:50:00,45.76,45.76,45.76,45.76,120
2026-03-13 12:55:00,45.7498,45.7498,45.63,45.63,1389
2026-03-13 13:00:00,45.63,45.6799,45.63,45.6799,979
2026-03-13 13:05:00,45.645,45.645,45.645,45.645,4726
2026-03-13 13:10:00,45.68,45.71,45.68,45.71,291
2026-03-13 13:15:00,45.74,45.75,45.74,45.75,475
2026-03-13 13:25:00,45.71,45.71,45.71,45.71,100
2026-03-13 13:30:00,45.72,45.8,45.72,45.8,1171
2026-03-13 13:35:00,45.755,45.755,45.755,45.755,921
2026-03-13 13:40:00,45.67,45.67,45.67,45.67,100
2026-03-13 13:45:00,45.82,45.82,45.6911,45.6911,220
2026-03-13 13:50:00,45.5,45.5,45.5,45.5,100
2026-03-13 14:00:00,45.43,45.43,45.42,45.42,499
2026-03-13 14:15:00,45.44,45.44,45.44,45.44,100
2026-03-13 14:20:00,45.44,45.44,45.38,45.39,300
2026-03-13 14:25:00,45.465,45.465,45.465,45.465,585
2026-03-13 14:30:00,45.51,45.65,45.51,45.65,459
2026-03-13 14:35:00,45.6987,45.6987,45.63,45.63,698
2026-03-13 14:40:00,45.7,45.7,45.665,45.665,576
2026-03-13 14:50:00,45.63,45.63,45.63,45.63,303
2026-03-13 14:55:00,45.6981,45.6981,45.605,45.605,988
2026-03-13 15:00:00,45.4692,45.5,45.4692,45.5,988
2026-03-13 15:10:00,45.46,45.46,45.46,45.46,100
2026-03-13 15:15:00,45.455,45.455,45.4,45.4,313
2026-03-13 15:20:00,45.3,45.3,45.3,45.3,200
2026-03-13 15:25:00,45.29,45.3873,45.29,45.3873,400
2026-03-13 15:30:00,45.33,45.34,45.3,45.3,445
2026-03-13 15:35:00,45.27,45.27,45.255,45.255,398
2026-03-13 15:40:00,45.18,45.22,45.16,45.16,1438
2026-03-13 15:45:00,45.24,45.24,45.24,45.24,1088
2026-03-13 15:50:00,45.275,45.275,45.16,45.235,1869
2026-03-13 15:55:00,45.22,45.285,45.21,45.242,2276
2026-03-13 16:00:00,45.38,45.38,45.38,45.38,204
2026-03-16 09:30:00,47.38,47.38,47.38,47.38,496
2026-03-16 09:40:00,47.6791,47.7,47.6565,47.6854,1247
2026-03-16 09:45:00,47.79,47.935,47.79,47.935,3916
2026-03-16 09:50:00,47.9603,47.9603,47.955,47.955,307
2026-03-16 09:55:00,47.9177,47.9177,47.9177,47.9177,130
2026-03-16 10:10:00,47.945,47.945,47.9,47.9,400
2026-03-16 10:15:00,47.75,47.75,47.75,47.75,100
2026-03-16 10:20:00,47.72,47.72,47.72,47.72,200
2026-03-16 10:35:00,47.69,47.69,47.69,47.69,198
2026-03-16 10:55:00,47.715,47.77,47.715,47.77,334
2026-03-16 11:00:00,47.8199,47.8199,47.695,47.695,570
2026-03-16 11:05:00,47.645,47.645,47.645,47.645,167
2026-03-16 11:35:00,47.8006,47.8006,47.8006,47.8006,258
2026-03-16 11:40:00,47.68,47.68,47.67,47.67,200
2026-03-16 11:45:00,47.6995,47.8,47.6995,47.75,1047
2026-03-16 12:00:00,47.53,47.53,47.53,47.53,100
2026-03-16 12:05:00,47.605,47.605,47.605,47.605,100
2026-03-16 12:15:00,47.7,47.7,47.7,47.7,350
2026-03-16 12:20:00,47.59,47.59,47.59,47.59,100
2026-03-16 12:25:00,47.485,47.5,47.485,47.485,1100
2026-03-16 12:30:00,47.41,47.45,47.39,47.39,563237
2026-03-16 12:40:00,47.54,47.67,47.54,47.6,1162
2026-03-16 13:00:00,47.62,47.63,47.62,47.63,200
2026-03-16 13:05:00,47.695,47.695,47.695,47.695,418
2026-03-16 13:10:00,47.67,47.745,47.67,47.7425,500
2026-03-16 13:20:00,47.64,47.64,47.64,47.64,100
2026-03-16 13:35:00,47.57,47.57,47.57,47.57,100
2026-03-16 13:40:00,47.6442,47.6442,47.62,47.62,647
2026-03-16 13:45:00,47.64,47.64,47.64,47.64,200
2026-03-16 13:50:00,47.49,47.49,47.49,47.49,360
2026-03-16 14:00:00,47.57,47.57,47.57,47.57,100
2026-03-16 14:10:00,47.77,47.83,47.74,47.74,1265
2026-03-16 14:15:00,47.74,47.77,47.74,47.77,1171
2026-03-16 14:20:00,47.75,47.8,47.75,47.8,200
2026-03-16 14:25:00,47.98,47.98,47.98,47.98,800
2026-03-16 14:30:00,47.9523,47.9523,47.83,47.83,581
2026-03-16 14:35:00,47.89,47.89,47.86,47.86,245
2026-03-16 14:45:00,47.99,47.99,47.99,47.99,100
2026-03-16 14:55:00,47.94,48.03,47.94,48.03,200
2026-03-16 15:05:00,47.98,47.9834,47.98,47.9834,1324
2026-03-16 15:10:00,48.02,48.02,48.02,48.02,100
2026-03-16 15:20:00,48.1189,48.1189,48.1189,48.1189,116
2026-03-16 15:25:00,47.88,47.94,47.88,47.94,200
2026-03-16 15:35:00,47.8714,47.8714,47.86,47.86,320
2026-03-16 15:40:00,47.77,47.8999,47.77,47.8999,200
2026-03-16 15:45:00,47.899,47.899,47.69,47.77,950
2026-03-16 15:50:00,47.73,47.85,47.72,47.806,3350
2026-03-16 15:55:00,47.82,47.9,47.81,47.86,3870
2026-03-16 16:00:00,47.89,47.89,47.89,47.89,429
2026-03-17 09:30:00,48.49,48.49,48.415,48.415,1007
2026-03-17 09:35:00,48.535,48.535,48.535,48.535,284
2026-03-17 09:50:00,48.589,48.589,48.589,48.589,205
2026-03-17 09:55:00,48.555,48.555,48.555,48.555,119
2026-03-17 10:00:00,48.525,48.525,48.525,48.525,205
2026-03-17 10:05:00,48.6786,48.7,48.63,48.6886,8142
2026-03-17 10:15:00,48.57,48.61,48.5202,48.5202,918
2026-03-17 10:20:00,48.575,48.575,48.575,48.575,205
2026-03-17 10:25:00,48.62,48.6394,48.49,48.49,964
2026-03-17 10:30:00,48.4601,48.4601,48.4601,48.4601,219
2026-03-17 10:35:00,48.55,48.57,48.49,48.5,502
2026-03-17 10:50:00,48.625,48.625,48.625,48.625,164
2026-03-17 10:55:00,48.604,48.604,48.604,48.604,104
2026-03-17 11:05:00,48.5,48.5,48.5,48.5,100
2026-03-17 11:10:00,48.41,48.41,48.41,48.41,108
2026-03-17 11:15:00,48.428,48.428,48.428,48.428,578
2026-03-17 11:20:00,48.43,48.49,48.354,48.3847,3854
2026-03-17 11:25:00,48.365,48.365,48.2,48.2,941
2026-03-17 11:30:00,48.28,48.28,48.185,48.185,250
2026-03-17 11:35:00,48.0,48.0,48.0,48.0,200
2026-03-17 11:45:00,48.12,48.12,48.12,48.12,100
2026-03-17 11:50:00,48.185,48.185,48.185,48.185,137
2026-03-17 11:55:00,48.21,48.21,48.21,48.21,100
2026-03-17 12:10:00,48.37,48.37,48.349,48.349,15260
2026-03-17 12:15:00,48.2682,48.2682,48.2682,48.2682,100
2026-03-17 12:20:00,48.36,48.3725,48.36,48.3725,364
2026-03-17 12:25:00,48.34,48.392,48.34,48.392,310
2026-03-17 12:30:00,48.31,48.31,48.3009,48.3009,213
2026-03-17 12:40:00,48.21,48.21,48.21,48.21,100
2026-03-17 12:45:00,48.3393,48.3393,48.3393,48.3393,151
2026-03-17 12:55:00,48.25,48.25,48.25,48.25,100
2026-03-17 13:15:00,48.3707,48.3707,48.3707,48.3707,338
2026-03-17 13:25:00,48.29,48.29,48.29,48.29,100
2026-03-17 13:30:00,48.365,48.365,48.365,48.365,120
2026-03-17 13:35:00,48.4641,48.4641,48.4641,48.4641,100
2026-03-17 13:40:00,48.36,48.4999,48.36,48.37,2962
2026-03-17 13:45:00,48.41,48.41,48.31,48.31,268
2026-03-17 13:50:00,48.44,48.44,48.44,48.44,240
2026-03-17 13:55:00,48.4471,48.4471,48.39,48.39,365
2026-03-17 14:00:00,48.52,48.52,48.4552,48.4552,800
2026-03-17 14:05:00,48.45,48.45,48.45,48.45,100
2026-03-17 14:15:00,48.53,48.53,48.53,48.53,120
2026-03-17 14:35:00,48.36,48.36,48.36,48.36,1700
2026-03-17 14:40:00,48.33,48.33,48.33,48.33,130
2026-03-17 14:45:00,48.47,48.47,48.39,48.4,754
2026-03-17 14:55:00,48.35,48.43,48.35,48.41,506
2026-03-17 15:00:00,48.32,48.4387,48.32,48.32,1300
2026-03-17 15:05:00,48.31,48.4,48.27,48.35,2402
2026-03-17 15:10:00,48.35,48.429,48.25,48.32,7512
2026-03-17 15:20:00,48.42,48.42,48.3842,48.3938,912
2026-03-17 15:25:00,48.31,48.31,48.31,48.31,100
2026-03-17 15:30:00,48.305,48.305,48.305,48.305,200
2026-03-17 15:35:00,48.315,48.315,48.315,48.315,640
2026-03-17 15:40:00,48.298,48.298,48.298,48.298,146
2026-03-17 15:45:00,48.27,48.44,48.27,48.3762,1404
2026-03-17 15:50:00,48.3,48.4,48.26,48.33,1900
2026-03-17 15:55:00,48.25,48.315,48.25,48.315,732
2026-03-17 16:00:00,48.38,48.38,48.38,48.38,410
2026-03-18 09:30:00,48.19,48.35,48.172,48.172,3172
2026-03-18 09:35:00,48.264,48.395,48.264,48.395,600
2026-03-18 09:40:00,48.34,48.34,48.34,48.34,300
2026-03-18 09:45:00,48.41,48.51,48.41,48.49,1331
2026-03-18 09:50:00,48.5143,48.57,48.45,48.45,2032
2026-03-18 09:55:00,48.43,48.498,48.43,48.498,556
2026-03-18 10:00:00,48.47,48.47,48.47,48.47,300
2026-03-18 10:05:00,48.57,48.57,48.57,48.57,103
2026-03-18 10:10:00,48.485,48.485,48.42,48.44,3323
2026-03-18 10:20:00,48.23,48.23,48.23,48.23,367
2026-03-18 10:25:00,48.28,48.29,48.25,48.285,3076
2026-03-18 10:35:00,48.21,48.21,48.21,48.21,108
2026-03-18 10:50:00,48.065,48.065,48.0,48.0,473
2026-03-18 11:05:00,48.538,48.538,48.538,48.538,510
2026-03-18 11:10:00,48.44,48.44,48.399,48.399,1122
2026-03-18 11:15:00,48.35,48.35,48.35,48.35,100
2026-03-18 11:20:00,48.1759,48.1759,48.1759,48.1759,203
2026-03-18 11:35:00,48.285,48.32,48.285,48.31,2165
2026-03-18 11:40:00,48.29,48.29,48.21,48.21,203
2026-03-18 11:50:00,48.225,48.225,48.225,48.225,100
2026-03-18 12:00:00,48.266,48.266,48.24,48.25,1460
2026-03-18 12:05:00,48.1705,48.1705,48.1383,48.1383,645
2026-03-18 12:10:00,48.1842,48.1842,48.1842,48.1842,620
2026-03-18 12:20:00,48.32,48.32,48.1732,48.1732,2043
2026-03-18 12:25:00,48.26,48.27,48.26,48.27,300
2026-03-18 12:30:00,48.17,48.17,48.15,48.15,200
2026-03-18 13:00:00,48.26,48.26,48.26,48.26,145
2026-03-18 13:10:00,48.065,48.065,48.065,48.065,934
2026-03-18 13:15:00,48.11,48.162,48.11,48.162,369
2026-03-18 13:30:00,48.135,48.135,48.135,48.135,250
2026-03-18 13:45:00,48.255,48.255,48.255,48.255,225
2026-03-18 14:10:00,48.35,48.38,48.3,48.3799,4966
2026-03-18 14:15:00,48.27,48.27,48.166,48.166,400
2026-03-18 14:25:00,48.29,48.29,48.2899,48.29,1656
2026-03-18 14:35:00,48.27,48.33,48.25,48.25,1731
2026-03-18 14:40:00,48.219,48.219,48.219,48.219,100
2026-03-18 14:50:00,48.07,48.07,47.95,47.95,500
2026-03-18 14:55:00,47.89,47.89,47.89,47.89,295
2026-03-18 15:05:00,48.1,48.1,48.1,48.1,145
2026-03-18 15:10:00,47.95,47.95,47.95,47.95,154
2026-03-18 15:15:00,47.94,47.94,47.94,47.94,441709
2026-03-18 15:20:00,47.8,47.8,47.8,47.8,230
2026-03-18 15:25:00,47.8,47.8,47.755,47.755,1187
2026-03-18 15:30:00,47.72,47.72,47.72,47.72,308
2026-03-18 15:35:00,47.77,47.77,47.77,47.77,200
2026-03-18 15:40:00,47.714,47.72,47.714,47.72,457
2026-03-18 15:45:00,47.7092,47.7092,47.69,47.69,315
2026-03-18 15:50:00,47.712,47.74,47.7,47.71,1855
2026-03-18 15:55:00,47.695,47.78,47.62,47.66,13792
2026-03-18 18:50:00,46.71,46.71,46.71,46.71,127
2026-03-19 04:40:00,46.16,46.16,46.16,46.16,200
2026-03-19 09:30:00,46.26,46.43,46.105,46.26,2576
2026-03-19 09:35:00,46.265,46.265,46.265,46.265,629
2026-03-19 09:40:00,46.3,46.34,46.23,46.34,1740
2026-03-19 09:45:00,46.375,46.5,46.375,46.5,3221
2026-03-19 09:50:00,46.735,46.77,46.735,46.77,250
2026-03-19 09:55:00,46.82,46.82,46.82,46.82,100
2026-03-19 10:05:00,47.0,47.0,47.0,47.0,200
2026-03-19 10:10:00,46.94,46.94,46.94,46.94,700
2026-03-19 10:15:00,47.02,47.02,46.925,46.925,600
2026-03-19 10:20:00,46.89,46.89,46.89,46.89,420
2026-03-19 10:25:00,46.87,46.87,46.8,46.8,407
2026-03-19 10:30:00,47.05,47.05,47.05,47.05,208
2026-03-19 10:35:00,47.05,47.05,47.03,47.05,300
2026-03-19 10:40:00,47.095,47.095,47.095,47.095,100
2026-03-19 10:45:00,47.15,47.17,47.03,47.08,7208
2026-03-19 10:50:00,47.2,47.2,47.2,47.2,100
2026-03-19 10:55:00,47.0501,47.0501,47.0501,47.0501,149
2026-03-19 11:00:00,47.2299,47.2299,47.04,47.04,706
2026-03-19 11:20:00,47.225,47.225,47.0997,47.0997,361
2026-03-19 11:35:00,46.8185,46.875,46.8185,46.875,2225
2026-03-19 11:40:00,46.96,46.96,46.915,46.935,1714
2026-03-19 11:45:00,46.8,46.95,46.8,46.8184,1667
2026-03-19 11:50:00,46.9701,46.9701,46.9257,46.9257,443
2026-03-19 11:55:00,46.9716,47.04,46.9716,47.04,1551
2026-03-19 12:00:00,47.17,47.27,47.08,47.14,6999
2026-03-19 12:05:00,47.23,47.23,47.22,47.22,200
2026-03-19 12:15:00,47.13,47.13,47.105,47.105,333
2026-03-19 12:25:00,47.28,47.28,47.28,47.28,421
2026-03-19 12:30:00,47.23,47.23,47.23,47.23,451
2026-03-19 12:55:00,47.155,47.199,47.155,47.199,396
2026-03-19 13:10:00,47.035,47.035,46.9128,47.0,1879
2026-03-19 13:15:00,47.0373,47.0373,47.0373,47.0373,187
2026-03-19 13:20:00,47.155,47.155,47.155,47.155,179
2026-03-19 13:30:00,47.32,47.34,47.32,47.34,400
2026-03-19 13:45:00,47.19,47.19,47.188,47.188,421
2026-03-19 14:15:00,47.34,47.34,47.34,47.34,100
2026-03-19 14:20:00,47.335,47.335,47.28,47.28,1403
2026-03-19 14:30:00,47.23,47.23,47.19,47.19,200
2026-03-19 14:35:00,47.085,47.085,47.085,47.085,1000
2026-03-19 14:45:00,47.2289,47.2289,47.2289,47.2289,1892
2026-03-19 14:50:00,47.23,47.23,47.23,47.23,317
2026-03-19 14:55:00,47.265,47.265,47.265,47.265,963
2026-03-19 15:00:00,47.455,47.6703,47.455,47.58,3937
2026-03-19 15:05:00,47.99,48.04,47.99,48.02,850
2026-03-19 15:10:00,48.02,48.025,47.89,47.89,1700
2026-03-19 15:15:00,48.02,48.1125,48.02,48.1125,2104
2026-03-19 15:20:00,47.87,48.09,47.86,47.99,32728
2026-03-19 15:25:00,47.91,47.92,47.835,47.92,3217
2026-03-19 15:30:00,47.84,47.93,47.84,47.93,1076
2026-03-19 15:35:00,47.87,47.87,47.75,47.75,417
2026-03-19 15:40:00,47.855,47.98,47.855,47.945,3262
2026-03-19 15:45:00,47.945,48.01,47.88,47.945,2956
2026-03-19 15:50:00,47.88,47.92,47.8592,47.92,650
2026-03-19 15:55:00,47.75,48.02,47.73,47.89,6523
2026-03-19 16:00:00,47.87,47.87,47.87,47.87,1461
2026-03-20 09:30:00,47.32,47.32,47.0165,47.0165,618
2026-03-20 09:35:00,47.17,47.17,46.89,46.945,6697
2026-03-20 09:45:00,47.11,47.11,47.11,47.11,272
2026-03-20 09:50:00,47.1,47.1,46.85,46.85,1202
2026-03-20 10:05:00,46.73,46.73,46.625,46.625,600
2026-03-20 10:10:00,46.48,46.48,46.4,46.4,1100
2026-03-20 10:20:00,46.25,46.31,46.25,46.31,706
2026-03-20 10:25:00,46.26,46.26,46.21,46.24,2264
2026-03-20 10:30:00,46.435,46.435,46.435,46.435,295
2026-03-20 10:35:00,46.44,46.44,46.44,46.44,114
2026-03-20 10:45:00,46.51,46.52,46.46,46.47,9040
2026-03-20 10:50:00,46.185,46.185,46.185,46.185,125
2026-03-20 10:55:00,46.345,46.345,46.345,46.345,531
2026-03-20 11:00:00,46.49,46.62,46.3001,46.31,25397
2026-03-20 11:10:00,46.4,46.4,46.4,46.4,1099
2026-03-20 11:15:00,46.56,46.56,46.43,46.43,3322
2026-03-20 11:20:00,46.37,46.62,46.37,46.52,6655
2026-03-20 11:25:00,46.33,46.33,46.33,46.33,1086
2026-03-20 11:30:00,46.33,46.46,46.33,46.46,1150
2026-03-20 11:40:00,46.35,46.35,46.35,46.35,100
2026-03-20 11:45:00,46.33,46.38,46.33,46.38,453
2026-03-20 11:50:00,46.46,46.46,46.38,46.38,1018
2026-03-20 11:55:00,46.3022,46.4,46.2901,46.2901,1396
2026-03-20 12:00:00,46.46,46.56,46.4243,46.56,652
2026-03-20 12:05:00,46.46,46.46,46.46,46.46,150
2026-03-20 12:10:00,46.3801,46.46,46.3801,46.46,1952
2026-03-20 12:15:00,46.4,46.4,46.4,46.4,250
2026-03-20 12:30:00,46.28,46.28,46.205,46.2564,712
2026-03-20 12:40:00,46.23,46.4,46.18,46.18,12639
2026-03-20 12:45:00,46.13,46.14,46.0409,46.14,72924
2026-03-20 12:50:00,46.07,46.16,46.06,46.15,2932
2026-03-20 12:55:00,46.22,46.24,46.22,46.24,300
2026-03-20 13:00:00,46.175,46.3,46.175,46.3,1881
2026-03-20 13:05:00,46.26,46.3,46.26,46.27,2699
2026-03-20 13:10:00,46.18,46.19,46.17,46.17,13400
2026-03-20 13:15:00,46.205,46.205,46.03,46.13,27540
2026-03-20 13:20:00,46.17,46.17,46.17,46.17,100
2026-03-20 13:25:00,46.1738,46.1738,46.04,46.05,2299
2026-03-20 13:35:00,45.93,45.975,45.85,45.975,2728
2026-03-20 13:45:00,46.06,46.06,46.06,46.06,728
2026-03-20 13:50:00,46.0,46.095,46.0,46.095,6505
2026-03-20 13:55:00,46.15,46.15,46.15,46.15,324
2026-03-20 14:00:00,46.25,46.25,46.16,46.16,800
2026-03-20 14:05:00,46.14,46.14,46.14,46.14,515
2026-03-20 14:10:00,46.1112,46.1112,46.1112,46.1112,180
2026-03-20 14:15:00,46.14,46.14,46.14,46.14,138
2026-03-20 14:20:00,45.98,45.98,45.8,45.8,2419
2026-03-20 14:25:00,45.78,46.03,45.78,45.93,2062
2026-03-20 14:30:00,45.915,45.915,45.915,45.915,983
2026-03-20 14:40:00,45.85,45.85,45.85,45.85,183
2026-03-20 14:45:00,45.77,45.79,45.74,45.74,462
2026-03-20 14:55:00,45.71,45.71,45.71,45.71,100
2026-03-20 15:00:00,45.75,45.75,45.745,45.745,340
2026-03-20 15:05:00,45.7899,45.7899,45.7899,45.7899,400
2026-03-20 15:10:00,45.63,45.75,45.61,45.665,3664
2026-03-20 15:15:00,45.715,45.715,45.715,45.715,481
2026-03-20 15:20:00,45.61,45.645,45.55,45.55,1333
2026-03-20 15:25:00,45.6958,45.6958,45.6958,45.6958,655
2026-03-20 15:30:00,45.6,45.605,45.6,45.605,321
2026-03-20 15:40:00,45.6,45.6,45.595,45.595,548
2026-03-20 15:45:00,45.68,45.68,45.65,45.65,10259
2026-03-20 15:50:00,45.6,45.64,45.57,45.595,1885
2026-03-20 15:55:00,45.655,45.81,45.5401,45.74,4537
2026-03-20 16:20:00,45.15,45.15,45.15,45.15,125
2026-03-20 19:00:00,45.76,45.76,45.76,45.76,124
2026-03-23 07:20:00,45.61,45.61,45.61,45.61,100
2026-03-23 08:00:00,45.62,45.62,45.62,45.62,310
2026-03-23 09:30:00,47.23,47.4,47.02,47.02,22402
2026-03-23 09:35:00,47.26,47.285,47.26,47.285,270
2026-03-23 09:40:00,47.26,47.46,47.25,47.45,1396
2026-03-23 09:45:00,47.41,47.422,47.31,47.42,5363
2026-03-23 09:50:00,47.49,47.54,47.49,47.54,300
2026-03-23 09:55:00,47.4,47.5587,47.34,47.5587,8122
2026-03-23 10:00:00,47.59,47.7,47.57,47.57,4129
2026-03-23 10:05:00,47.7,47.7,47.65,47.65,790
2026-03-23 10:10:00,47.7,47.73,47.7,47.73,215
2026-03-23 10:15:00,47.75,47.75,47.75,47.75,160
2026-03-23 10:20:00,47.87,47.97,47.87,47.94,3099
2026-03-23 10:30:00,47.87,47.87,47.87,47.87,210
2026-03-23 10:35:00,47.7751,47.8599,47.71,47.715,4809
2026-03-23 10:40:00,47.82,47.87,47.82,47.8597,2416
2026-03-23 10:45:00,47.91,47.91,47.8024,47.8024,419
2026-03-23 10:55:00,47.75,47.75,47.75,47.75,100
2026-03-23 11:00:00,47.77,47.84,47.77,47.84,1169
2026-03-23 11:05:00,47.99,48.06,47.99,48.02,541
2026-03-23 11:10:00,48.015,48.015,48.015,48.015,100
2026-03-23 11:20:00,47.92,47.965,47.92,47.965,359
2026-03-23 11:25:00,47.96,47.96,47.96,47.96,100
2026-03-23 11:35:00,47.73,47.73,47.47,47.47,1100
2026-03-23 11:40:00,47.39,47.39,47.37,47.38,25150
2026-03-23 11:45:00,47.4001,47.4001,47.4001,47.4001,300
2026-03-23 11:50:00,47.385,47.385,47.21,47.21,1600
2026-03-23 11:55:00,47.115,47.115,46.955,46.9551,674
2026-03-23 12:00:00,46.87,46.87,46.87,46.87,100
2026-03-23 12:05:00,46.9,47.05,46.87,47.04,2644
2026-03-23 12:10:00,47.01,47.1399,46.96,47.12,104060
2026-03-23 12:25:00,46.69,46.69,46.69,46.69,100
2026-03-23 12:30:00,46.76,46.91,46.76,46.91,387
2026-03-23 12:35:00,47.04,47.04,47.04,47.04,100
2026-03-23 12:40:00,47.07,47.26,47.07,47.19,181761
2026-03-23 12:45:00,47.17,47.38,47.17,47.19,121987
2026-03-23 12:50:00,47.29,47.3,47.17,47.3,5250
2026-03-23 12:55:00,47.39,47.39,47.32,47.32,2650
2026-03-23 13:00:00,47.27,47.27,47.19,47.205,1554
2026-03-23 13:05:00,47.16,47.28,47.16,47.2293,2300
2026-03-23 13:10:00,47.26,47.26,47.26,47.26,100
2026-03-23 13:15:00,47.17,47.19,47.17,47.19,300
2026-03-23 13:20:00,47.16,47.23,47.14,47.22,7543
2026-03-23 13:25:00,47.24,47.34,47.24,47.34,300
2026-03-23 13:30:00,47.45,47.5986,47.45,47.545,1270
2026-03-23 13:35:00,47.59,47.67,47.59,47.67,2184
2026-03-23 13:40:00,47.6799,47.6799,47.46,47.46,404
2026-03-23 13:45:00,47.4,47.42,47.39,47.39,700
2026-03-23 13:55:00,47.545,47.545,47.545,47.545,865
2026-03-23 14:05:00,47.53,47.53,47.43,47.48,2625
2026-03-23 14:10:00,47.599,47.64,47.595,47.615,1985
2026-03-23 14:15:00,47.63,47.63,47.585,47.585,232
2026-03-23 14:20:00,47.65,47.65,47.6,47.625,784
2026-03-23 14:25:00,47.65,47.65,47.65,47.65,1522
2026-03-23 14:30:00,47.72,47.83,47.715,47.83,2053
2026-03-23 14:35:00,47.92,47.94,47.92,47.94,710
2026-03-23 14:40:00,47.81,47.89,47.81,47.84,1188
2026-03-23 14:45:00,47.89,47.89,47.81,47.8897,3366
2026-03-23 14:50:00,47.87,47.87,47.8211,47.8235,1109
2026-03-23 14:55:00,47.78,47.78,47.78,47.78,100
2026-03-23 15:05:00,47.77,47.775,47.77,47.775,235
2026-03-23 15:15:00,47.77,47.77,47.74,47.74,518
2026-03-23 15:25:00,47.68,47.74,47.68,47.74,668
2026-03-23 15:30:00,47.67,47.725,47.67,47.725,806
2026-03-23 15:40:00,47.66,47.72,47.66,47.72,1372
2026-03-23 15:45:00,47.79,47.83,47.79,47.83,450
2026-03-23 15:50:00,47.86,47.86,47.73,47.77,10387
2026-03-23 15:55:00,47.67,47.78,47.67,47.72,3380
2026-03-24 09:30:00,46.44,46.64,46.25,46.64,4038
2026-03-24 09:35:00,46.67,46.71,46.64,46.66,2000
2026-03-24 09:40:00,46.55,46.55,46.55,46.55,800
2026-03-24 09:50:00,46.2806,46.57,46.2806,46.57,303
2026-03-24 09:55:00,46.57,46.57,46.57,46.57,160
2026-03-24 10:00:00,46.74,46.86,46.7205,46.86,2942
2026-03-24 10:05:00,46.79,46.975,46.79,46.975,565
2026-03-24 10:10:00,46.86,46.9406,46.775,46.9406,3788
2026-03-24 10:15:00,46.95,46.96,46.95,46.96,635
2026-03-24 10:25:00,46.76,46.78,46.76,46.78,500
2026-03-24 10:30:00,46.85,46.85,46.765,46.765,457
2026-03-24 10:35:00,46.775,46.775,46.76,46.76,398
2026-03-24 10:40:00,46.73,46.86,46.73,46.86,625
2026-03-24 10:45:00,46.79,46.85,46.79,46.85,906
2026-03-24 10:50:00,46.685,47.1,46.685,47.1,939
2026-03-24 10:55:00,47.05,47.09,46.93,46.93,1623
2026-03-24 11:00:00,46.92,47.1,46.92,47.1,427
2026-03-24 11:05:00,47.09,47.11,47.09,47.11,1400
2026-03-24 11:15:00,47.09,47.09,47.09,47.09,100
2026-03-24 11:30:00,47.09,47.09,47.09,47.09,166
2026-03-24 11:40:00,47.17,47.17,47.08,47.08,200
2026-03-24 11:55:00,46.91,46.935,46.91,46.93,1350
2026-03-24 12:00:00,46.845,46.875,46.845,46.8699,940
2026-03-24 12:05:00,46.81,46.81,46.768,46.768,500
2026-03-24 12:10:00,46.7372,46.7372,46.7372,46.7372,476
2026-03-24 12:20:00,46.895,46.895,46.895,46.895,427
2026-03-24 12:25:00,46.9353,46.965,46.92,46.965,667
2026-03-24 12:30:00,47.03,47.03,47.03,47.03,100
2026-03-24 12:35:00,46.895,46.895,46.865,46.865,921
2026-03-24 12:40:00,46.86,46.86,46.86,46.86,1069
2026-03-24 12:55:00,47.02,47.02,47.02,47.02,1066
2026-03-24 13:05:00,46.555,46.57,46.555,46.57,1108
2026-03-24 13:10:00,46.53,46.53,46.53,46.53,120
2026-03-24 13:15:00,46.54,46.54,46.54,46.54,100
2026-03-24 13:35:00,46.6,46.6,46.53,46.53,200
2026-03-24 13:55:00,46.89,46.89,46.835,46.835,200
2026-03-24 14:30:00,47.13,47.16,47.13,47.16,200
2026-03-24 14:35:00,47.0421,47.0421,47.04,47.04,756
2026-03-24 14:40:00,47.18,47.18,46.91,46.92,571
2026-03-24 14:50:00,46.9983,47.06,46.9983,47.06,217
2026-03-24 15:00:00,47.14,47.14,46.9601,46.9601,4689
2026-03-24 15:15:00,47.14,47.14,47.14,47.14,260
2026-03-24 15:25:00,47.025,47.08,47.025,47.07,8793
2026-03-24 15:30:00,46.915,46.98,46.915,46.9326,217960
2026-03-24 15:35:00,46.91,46.91,46.91,46.91,115
2026-03-24 15:40:00,46.93,47.04,46.88,46.88,1951
2026-03-24 15:45:00,46.859,46.98,46.828,46.828,1115
2026-03-24 15:50:00,46.9648,46.9648,46.89,46.89,2937
2026-03-24 15:55:00,46.7101,46.89,46.7101,46.88,2746
2026-03-25 08:35:00,46.91,46.91,46.81,46.85,777
2026-03-25 09:30:00,47.3,47.3,47.3,47.3,1064
2026-03-25 09:40:00,47.2836,47.2836,47.2836,47.2836,211
2026-03-25 09:45:00,47.18,47.1901,47.07,47.07,856
2026-03-25 09:50:00,46.81,46.81,46.81,46.81,100
2026-03-25 09:55:00,46.86,46.86,46.86,46.86,100
2026-03-25 10:00:00,46.96,46.96,46.96,46.96,120
2026-03-25 10:05:00,47.0496,47.0496,47.0496,47.0496,110
2026-03-25 10:10:00,47.11,47.14,47.11,47.14,219
2026-03-25 10:15:00,47.17,47.25,47.17,47.25,480
2026-03-25 10:20:00,47.25,47.25,47.25,47.25,500
2026-03-25 10:25:00,47.37,47.37,47.37,47.37,100
2026-03-25 10:40:00,47.42,47.42,47.42,47.42,992
2026-03-25 10:45:00,47.3001,47.3001,47.3001,47.3001,467
2026-03-25 11:05:00,47.29,47.29,47.17,47.17,458
2026-03-25 11:10:00,47.085,47.105,47.085,47.105,826
2026-03-25 11:15:00,47.075,47.1,46.77,46.77,4977
2026-03-25 11:20:00,46.965,46.965,46.965,46.965,200
2026-03-25 11:25:00,47.1096,47.1662,47.1096,47.1662,304
2026-03-25 11:30:00,47.24,47.24,47.24,47.24,125
2026-03-25 11:50:00,47.155,47.155,47.1045,47.1045,823
2026-03-25 11:55:00,47.14,47.14,47.14,47.14,100
2026-03-25 12:00:00,47.12,47.13,47.11,47.11,427
2026-03-25 12:10:00,47.095,47.095,47.095,47.095,125
2026-03-25 12:20:00,47.17,47.204,47.17,47.2,700
2026-03-25 12:30:00,47.32,47.38,47.27,47.27,5019
2026-03-25 12:35:00,47.335,47.335,47.335,47.335,262
2026-03-25 12:50:00,47.35,47.35,47.3086,47.3086,1520
2026-03-25 13:00:00,47.3499,47.3499,47.3499,47.3499,211
2026-03-25 13:05:00,47.13,47.22,47.13,47.22,290
2026-03-25 13:25:00,47.265,47.315,47.265,47.315,1511
2026-03-25 13:35:00,47.36,47.4515,47.28,47.4515,1007
2026-03-25 13:55:00,47.51,47.51,47.51,47.51,450
2026-03-25 14:05:00,47.41,47.41,47.41,47.41,100
2026-03-25 14:10:00,47.335,47.39,47.335,47.39,270
2026-03-25 14:15:00,47.355,47.355,47.355,47.355,193
2026-03-25 14:20:00,47.4499,47.4499,47.44,47.44,988
2026-03-25 14:25:00,47.44,47.44,47.31,47.31,1115
2026-03-25 14:30:00,47.4,47.4,47.4,47.4,100
2026-03-25 14:40:00,47.265,47.29,47.185,47.185,1313
2026-03-25 14:50:00,47.23,47.23,47.23,47.23,100
2026-03-25 14:55:00,47.085,47.085,47.085,47.085,212
2026-03-25 15:00:00,47.085,47.0899,47.08,47.0899,492
2026-03-25 15:15:00,47.14,47.155,47.14,47.155,300
2026-03-25 15:20:00,47.19,47.19,47.19,47.19,100
2026-03-25 15:25:00,47.18,47.18,46.9602,46.9602,946
2026-03-25 15:30:00,47.08,47.08,46.8701,46.88,520
2026-03-25 15:35:00,47.04,47.04,46.94,46.94,523
2026-03-25 15:40:00,47.01,47.03,46.945,46.96,631
2026-03-25 15:45:00,47.03,47.08,46.99,47.035,2100
2026-03-25 15:50:00,46.98,46.98,46.965,46.965,708
2026-03-25 15:55:00,47.005,47.1,47.0,47.1,2403
2026-03-25 16:00:00,47.1,47.1,47.1,47.1,202
2026-03-25 17:20:00,46.97,46.97,46.97,46.97,319
2026-03-26 09:30:00,45.72,45.72,45.55,45.61,2764
2026-03-26 09:40:00,45.48,45.6387,45.48,45.5858,4688
2026-03-26 09:45:00,45.82,45.83,45.82,45.83,1331
2026-03-26 09:50:00,45.82,45.82,45.8,45.8,600
2026-03-26 10:10:00,45.79,45.88,45.79,45.88,400
2026-03-26 10:15:00,45.89,45.89,45.89,45.89,100
2026-03-26 10:20:00,45.78,45.83,45.78,45.8152,1606
2026-03-26 10:25:00,45.7,45.77,45.7,45.728,1375
2026-03-26 10:35:00,45.82,45.82,45.735,45.735,4899
2026-03-26 10:40:00,45.87,45.89,45.74,45.74,500
2026-03-26 10:45:00,45.585,45.585,45.515,45.57,669
2026-03-26 10:50:00,45.5,45.5,45.5,45.5,302
2026-03-26 10:55:00,45.34,45.52,45.32,45.52,1077
2026-03-26 11:05:00,45.46,45.51,45.4501,45.51,550
2026-03-26 11:20:00,45.45,45.45,45.38,45.4,566
2026-03-26 11:30:00,45.3101,45.3101,45.3101,45.3101,500
2026-03-26 11:35:00,45.3,45.4,45.3,45.4,2302
2026-03-26 11:40:00,45.44,45.44,45.328,45.328,2176
2026-03-26 11:45:00,45.425,45.425,45.425,45.425,250
2026-03-26 11:50:00,45.5,45.5,45.5,45.5,100
2026-03-26 11:55:00,45.48,45.48,45.42,45.42,714
2026-03-26 12:10:00,45.415,45.43,45.415,45.43,357
2026-03-26 12:15:00,45.37,45.37,45.36,45.36,850
2026-03-26 12:20:00,45.35,45.35,45.19,45.19,579
2026-03-26 12:35:00,45.07,45.109,45.05,45.109,2891
2026-03-26 12:45:00,45.01,45.015,45.01,45.015,545
2026-03-26 12:50:00,44.9999,44.9999,44.95,44.95,1222
2026-03-26 12:55:00,45.03,45.1,45.03,45.03,1106
2026-03-26 13:00:00,45.03,45.1,45.03,45.1,342
2026-03-26 13:05:00,45.03,45.03,45.03,45.03,1270
2026-03-26 13:15:00,44.985,44.985,44.985,44.985,512
2026-03-26 13:20:00,45.0283,45.0294,45.0283,45.0294,510
2026-03-26 13:40:00,44.905,44.905,44.905,44.905,776
2026-03-26 13:45:00,44.9,44.9,44.855,44.855,750
2026-03-26 13:50:00,44.8,44.8,44.8,44.8,4441
2026-03-26 13:55:00,44.87,44.87,44.87,44.87,721
2026-03-26 14:00:00,44.815,44.815,44.805,44.805,211
2026-03-26 14:05:00,44.805,44.89,44.805,44.89,904
2026-03-26 14:10:00,44.8,44.84,44.8,44.8,1405
2026-03-26 14:15:00,44.8,44.8399,44.76,44.8399,1793
2026-03-26 14:20:00,44.765,44.78,44.765,44.78,1335
2026-03-26 14:25:00,44.7901,44.7901,44.7901,44.7901,180
2026-03-26 14:30:00,44.77,44.77,44.76,44.76,481
2026-03-26 14:35:00,44.845,44.845,44.845,44.845,145
2026-03-26 14:40:00,44.875,44.88,44.875,44.88,1729
2026-03-26 14:45:00,44.8301,44.92,44.8301,44.92,1713
2026-03-26 14:50:00,44.935,44.99,44.935,44.99,300
2026-03-26 15:00:00,45.0285,45.0285,44.91,44.91,3000
2026-03-26 15:05:00,44.885,44.94,44.805,44.805,10570
2026-03-26 15:15:00,44.8,44.87,44.8,44.8075,2168
2026-03-26 15:20:00,44.85,44.85,44.8499,44.8499,300
2026-03-26 15:25:00,44.77,44.77,44.76,44.76,398
2026-03-26 15:30:00,44.76,44.79,44.74,44.79,7419
2026-03-26 15:35:00,44.795,44.795,44.79,44.79,500
2026-03-26 15:40:00,44.78,44.78,44.775,44.775,238
2026-03-26 15:45:00,44.73,44.75,44.7,44.75,510
2026-03-26 15:50:00,44.75,44.8,44.75,44.7999,1541
2026-03-26 15:55:00,44.69,44.75,44.615,44.75,6587
2026-03-26 16:00:00,44.605,44.605,44.605,44.605,548
2026-03-27 09:30:00,44.62,44.62,44.435,44.435,1670
2026-03-27 09:35:00,44.415,44.485,44.415,44.485,700
2026-03-27 09:45:00,44.6,44.7407,44.6,44.705,2018
2026-03-27 09:50:00,44.54,44.54,44.54,44.54,200
2026-03-27 10:00:00,44.365,44.44,44.365,44.44,693
2026-03-27 10:05:00,44.44,44.44,44.44,44.44,1125
2026-03-27 10:10:00,44.45,44.45,44.45,44.45,1203
2026-03-27 10:15:00,44.53,44.53,44.53,44.53,1123
2026-03-27 10:20:00,44.6,44.6,44.6,44.6,112
2026-03-27 10:30:00,44.43,44.43,44.39,44.43,2238
2026-03-27 10:35:00,44.395,44.395,44.395,44.395,100
2026-03-27 10:40:00,44.31,44.31,44.31,44.31,250
2026-03-27 10:45:00,44.36,44.53,44.36,44.53,3907
2026-03-27 10:50:00,44.55,44.55,44.55,44.55,150
2026-03-27 10:55:00,44.55,44.55,44.55,44.55,1122
2026-03-27 11:00:00,44.61,44.61,44.61,44.61,1081
2026-03-27 11:05:00,44.61,44.7,44.545,44.545,2340
2026-03-27 11:10:00,44.59,44.59,44.59,44.59,200
2026-03-27 11:20:00,44.55,44.65,44.55,44.65,3363
2026-03-27 11:25:00,44.65,44.665,44.65,44.65,2240
2026-03-27 11:30:00,44.675,44.815,44.675,44.815,3584
2026-03-27 11:35:00,44.825,44.879,44.81,44.879,2373
2026-03-27 11:40:00,44.71,44.71,44.71,44.71,500
2026-03-27 11:50:00,44.72,44.72,44.6102,44.6102,2852
2026-03-27 12:00:00,44.62,44.62,44.605,44.605,217
2026-03-27 12:10:00,44.475,44.475,44.455,44.465,4038
2026-03-27 12:15:00,44.45,44.45,44.39,44.4,30384
2026-03-27 12:20:00,44.39,44.425,44.39,44.39,14317
2026-03-27 12:25:00,44.36,44.36,44.34,44.34,6199
2026-03-27 12:30:00,44.32,44.33,44.32,44.33,1500
2026-03-27 12:35:00,44.31,44.31,44.25,44.26,3501
2026-03-27 12:40:00,44.3098,44.35,44.3,44.31,45278
2026-03-27 12:45:00,44.34,44.4,44.34,44.4,773
2026-03-27 13:05:00,44.22,44.44,44.22,44.33,15443
2026-03-27 13:10:00,44.31,44.315,44.31,44.315,1340
2026-03-27 13:20:00,44.25,44.25,44.2,44.2,513
2026-03-27 13:30:00,44.1493,44.1493,44.04,44.04,437
2026-03-27 13:40:00,44.085,44.085,44.01,44.0101,1878
2026-03-27 13:45:00,44.07,44.07,44.045,44.045,1450
2026-03-27 13:50:00,44.03,44.08,44.03,44.08,1864
2026-03-27 13:55:00,44.12,44.12,44.0101,44.0101,1666
2026-03-27 14:20:00,44.065,44.1,44.065,44.1,2306
2026-03-27 14:25:00,44.06,44.06,44.06,44.06,266
2026-03-27 14:35:00,44.11,44.14,44.11,44.14,550
2026-03-27 14:55:00,44.0505,44.0505,44.0505,44.0505,416
2026-03-27 15:00:00,44.11,44.11,44.11,44.11,145
2026-03-27 15:10:00,44.03,44.1,44.03,44.0867,3836
2026-03-27 15:15:00,44.1057,44.1057,44.105,44.105,782
2026-03-27 15:20:00,44.11,44.11,44.09,44.0951,1213
2026-03-27 15:25:00,44.0844,44.0844,44.0844,44.0844,500
2026-03-27 15:30:00,44.075,44.15,44.075,44.15,2590
2026-03-27 15:35:00,44.0801,44.2,44.0801,44.145,38286
2026-03-27 15:40:00,44.115,44.115,44.045,44.045,1664
2026-03-27 15:50:00,44.08,44.16,44.0201,44.07,3367
2026-03-27 15:55:00,44.1201,44.27,44.1201,44.18,7179
2026-03-27 17:55:00,44.11,44.11,44.11,44.11,340
2026-03-30 09:30:00,44.33,44.33,44.2,44.2,828
2026-03-30 09:35:00,44.0876,44.14,44.0876,44.14,840
2026-03-30 09:40:00,43.9287,43.98,43.9287,43.98,600
2026-03-30 10:00:00,43.66,43.765,43.62,43.71,1383
2026-03-30 10:05:00,43.65,43.72,43.49,43.71,761851
2026-03-30 10:10:00,43.71,43.81,43.71,43.79,4744
2026-03-30 10:15:00,43.76,43.76,43.76,43.76,300
2026-03-30 10:20:00,43.6984,43.71,43.62,43.71,4685
2026-03-30 10:25:00,43.7,43.7,43.57,43.59,1743
2026-03-30 10:30:00,43.6699,43.6699,43.6699,43.6699,960
2026-03-30 10:35:00,43.65,43.65,43.65,43.65,500
2026-03-30 10:40:00,43.61,43.61,43.5611,43.5611,1627
2026-03-30 10:45:00,43.4823,43.69,43.44,43.6287,9331
2026-03-30 10:50:00,43.5793,43.63,43.5793,43.63,1924
2026-03-30 10:55:00,43.62,43.8,43.6101,43.8,2973
2026-03-30 11:00:00,43.81,43.81,43.81,43.81,100
2026-03-30 11:05:00,43.845,43.845,43.75,43.75,899
2026-03-30 11:10:00,43.7401,43.7401,43.7401,43.7401,238
2026-03-30 11:20:00,43.765,43.765,43.73,43.73,300
2026-03-30 11:30:00,43.7701,43.84,43.7701,43.84,460
2026-03-30 11:35:00,43.94,43.99,43.87,43.905,4931
2026-03-30 11:40:00,43.92,43.93,43.91,43.93,484
2026-03-30 11:45:00,43.9717,43.9717,43.9717,43.9717,178
2026-03-30 12:00:00,43.66,43.66,43.66,43.66,900
2026-03-30 12:05:00,43.705,43.705,43.705,43.705,350
2026-03-30 12:10:00,43.64,43.69,43.6101,43.685,1431
2026-03-30 12:15:00,43.615,43.615,43.615,43.615,100
2026-03-30 12:20:00,43.64,43.64,43.6,43.625,752
2026-03-30 12:25:00,43.48,43.48,43.48,43.48,100
2026-03-30 12:35:00,43.55,43.55,43.55,43.55,106
2026-03-30 12:40:00,43.565,43.565,43.565,43.565,306
2026-03-30 12:50:00,43.57,43.61,43.49,43.61,782
2026-03-30 12:55:00,43.53,43.53,43.53,43.53,233
2026-03-30 13:00:00,43.54,43.54,43.535,43.535,474
2026-03-30 13:05:00,43.49,43.4999,43.49,43.4999,379
2026-03-30 13:15:00,43.26,43.26,43.2213,43.2402,4386
2026-03-30 13:20:00,43.23,43.23,43.2,43.2,407
2026-03-30 13:25:00,43.2,43.2499,43.2,43.2499,654
2026-03-30 13:30:00,43.11,43.11,43.11,43.11,4227
2026-03-30 13:40:00,43.205,43.235,43.205,43.235,826
2026-03-30 13:45:00,43.2201,43.25,43.21,43.21,466
2026-03-30 13:55:00,43.23,43.23,43.23,43.23,250
2026-03-30 14:00:00,43.18,43.18,43.18,43.18,100
2026-03-30 14:05:00,43.19,43.195,43.19,43.19,485
2026-03-30 14:15:00,43.3099,43.3099,43.3099,43.3099,106
2026-03-30 14:30:00,43.11,43.11,43.11,43.11,100
2026-03-30 14:35:00,43.22,43.22,43.143,43.143,262
2026-03-30 14:40:00,43.13,43.13,43.13,43.13,319
2026-03-30 14:45:00,43.14,43.14,43.14,43.14,619
2026-03-30 15:00:00,43.065,43.0717,43.01,43.0717,2410
2026-03-30 15:05:00,43.0,43.0,42.93,42.94,11697
2026-03-30 15:10:00,42.8905,42.9265,42.88,42.9265,3312
2026-03-30 15:20:00,42.9081,42.918,42.9081,42.91,1410
2026-03-30 15:25:00,42.9,42.9,42.9,42.9,672
2026-03-30 15:30:00,42.94,42.94,42.94,42.94,300
2026-03-30 15:35:00,42.98,43.14,42.95,43.14,531
2026-03-30 15:40:00,43.145,43.145,43.145,43.145,200
2026-03-30 15:45:00,43.1597,43.1597,43.07,43.075,1445
2026-03-30 15:55:00,43.18,43.18,43.13,43.17,550
2026-03-30 16:00:00,43.24,43.24,43.24,43.24,114
2026-03-31 09:30:00,43.29,43.29,43.21,43.28,663
2026-03-31 09:35:00,43.27,43.27,43.19,43.19,315
2026-03-31 09:40:00,43.285,43.285,43.17,43.17,257
2026-03-31 09:45:00,43.37,43.37,43.305,43.355,1122
2026-03-31 09:50:00,43.355,43.4,43.355,43.4,2839
2026-03-31 10:00:00,43.705,43.73,43.705,43.73,300
2026-03-31 10:05:00,43.8,43.8,43.7772,43.7772,1300
2026-03-31 10:15:00,43.8699,43.8699,43.8699,43.8699,708
2026-03-31 10:20:00,43.76,43.76,43.76,43.76,113
2026-03-31 10:25:00,43.66,43.7089,43.66,43.7004,850
2026-03-31 10:30:00,43.775,43.775,43.72,43.7402,795
2026-03-31 10:35:00,43.71,43.71,43.71,43.71,100
2026-03-31 10:55:00,43.285,43.3699,43.285,43.3699,343
2026-03-31 11:00:00,43.43,43.44,43.43,43.44,700
2026-03-31 11:05:00,43.5777,43.5777,43.5777,43.5777,105
2026-03-31 11:10:00,43.6,43.67,43.59,43.66,2200
2026-03-31 11:15:00,43.775,43.775,43.775,43.775,159
2026-03-31 11:20:00,43.685,43.725,43.685,43.725,358
2026-03-31 11:25:00,43.51,43.51,43.51,43.51,100
2026-03-31 11:30:00,43.44,43.44,43.44,43.44,500
2026-03-31 11:40:00,43.505,43.505,43.43,43.49,486
2026-03-31 11:45:00,43.425,43.425,43.425,43.425,1859
2026-03-31 11:55:00,43.34,43.34,43.3,43.3,346
2026-03-31 12:05:00,43.47,43.47,43.47,43.47,100
2026-03-31 12:10:00,43.3827,43.3913,43.3827,43.3913,2210
2026-03-31 12:15:00,43.4,43.4,43.4,43.4,366
2026-03-31 12:20:00,43.4983,43.4983,43.4983,43.4983,1728
2026-03-31 12:25:00,43.5692,43.5692,43.45,43.45,1250
2026-03-31 12:35:00,43.545,43.825,43.545,43.825,2226
2026-03-31 12:40:00,44.11,44.365,44.07,44.365,5500
2026-03-31 12:50:00,44.34,44.4599,44.33,44.33,4713
2026-03-31 12:55:00,44.16,44.16,44.16,44.16,297
2026-03-31 13:00:00,44.49,44.6,44.49,44.6,19565
2026-03-31 13:05:00,44.52,44.52,44.465,44.465,313
2026-03-31 13:15:00,44.6141,44.6141,44.535,44.535,493
2026-03-31 13:20:00,44.46,44.66,44.46,44.66,200
2026-03-31 13:30:00,44.52,44.52,44.52,44.52,100
2026-03-31 13:35:00,44.47,44.47,44.47,44.47,100
2026-03-31 13:45:00,44.61,44.61,44.61,44.61,150
2026-03-31 13:55:00,44.34,44.35,44.34,44.34,300
2026-03-31 14:05:00,44.5499,44.5499,44.5499,44.5499,100
2026-03-31 14:15:00,44.64,44.64,44.55,44.55,73063
2026-03-31 14:25:00,44.56,44.56,44.52,44.52,272
2026-03-31 14:35:00,44.525,44.525,44.525,44.525,804
2026-03-31 14:40:00,44.47,44.47,44.44,44.45,4380
2026-03-31 14:45:00,44.505,44.54,44.505,44.54,450
2026-03-31 14:50:00,44.52,44.55,44.5,44.51,9836
2026-03-31 14:55:00,44.52,44.52,44.47,44.47,942
2026-03-31 15:00:00,44.6,44.6,44.6,44.6,110
2026-03-31 15:05:00,44.525,44.525,44.48,44.48,350
2026-03-31 15:10:00,44.5599,44.5599,44.5599,44.5599,243
2026-03-31 15:15:00,44.56,44.605,44.55,44.605,2223
2026-03-31 15:20:00,44.595,44.655,44.595,44.655,1956
2026-03-31 15:25:00,44.6799,44.6799,44.645,44.65,3100
2026-03-31 15:30:00,44.67,44.67,44.66,44.66,212
2026-03-31 15:35:00,44.76,44.8,44.74,44.78,3462
2026-03-31 15:40:00,44.83,44.85,44.83,44.85,425
2026-03-31 15:45:00,44.84,45.005,44.84,45.005,2792
2026-03-31 15:50:00,45.05,45.13,44.95,45.03,19187
2026-03-31 15:55:00,45.07,45.09,45.01,45.05,7408
2026-03-31 16:00:00,45.1,45.1,45.1,45.1,5000
2026-03-31 18:00:00,45.21,45.22,45.21,45.22,241
2026-04-01 09:30:00,45.79,45.825,45.7,45.825,9102
2026-04-01 09:35:00,45.92,45.99,45.92,45.99,2826
2026-04-01 09:40:00,45.89,45.89,45.87,45.87,200
2026-04-01 09:45:00,45.685,45.685,45.62,45.62,2998
2026-04-01 10:05:00,45.809,45.809,45.809,45.809,173
2026-04-01 10:15:00,45.86,45.9586,45.84,45.9586,663
2026-04-01 10:20:00,46.0,46.06,45.95,45.95,652
2026-04-01 10:25:00,45.95,46.0999,45.95,46.0999,1406
2026-04-01 10:35:00,45.82,46.12,45.82,46.12,308
2026-04-01 10:40:00,46.04,46.06,45.98,46.035,1035
2026-04-01 10:55:00,46.11,46.11,46.11,46.11,100
2026-04-01 11:00:00,46.15,46.15,46.15,46.15,310
2026-04-01 11:05:00,46.268,46.268,46.22,46.22,750
2026-04-01 11:10:00,46.3,46.3,46.3,46.3,200
2026-04-01 11:15:00,46.315,46.39,46.315,46.39,966
2026-04-01 11:20:00,46.34,46.34,46.29,46.29,315
2026-04-01 11:25:00,46.295,46.295,46.295,46.295,215
2026-04-01 11:30:00,46.24,46.24,46.16,46.18,1319
2026-04-01 11:35:00,46.23,46.23,46.23,46.23,172
2026-04-01 11:40:00,46.2334,46.2899,46.2334,46.2899,817
2026-04-01 11:45:00,46.23,46.23,46.23,46.23,100
2026-04-01 11:55:00,46.335,46.3599,46.335,46.3599,2514
2026-04-01 12:00:00,46.38,46.43,46.38,46.43,3250
2026-04-01 12:05:00,46.39,46.39,46.39,46.39,135
2026-04-01 12:10:00,46.38,46.38,46.32,46.32,297
2026-04-01 12:15:00,46.33,46.3699,46.33,46.3699,1739
2026-04-01 12:20:00,46.29,46.35,46.29,46.3264,1350
2026-04-01 12:25:00,46.18,46.18,46.18,46.18,400
2026-04-01 12:30:00,46.17,46.2284,46.166,46.2284,47906
2026-04-01 12:40:00,46.16,46.16,46.16,46.16,100
2026-04-01 12:45:00,46.26,46.26,46.26,46.26,365
2026-04-01 12:50:00,46.32,46.32,46.3,46.3,105093
2026-04-01 12:55:00,46.3,46.3,46.3,46.3,130
2026-04-01 13:00:00,46.37,46.4,46.37,46.4,112474
2026-04-01 13:05:00,46.42,46.43,46.4,46.4,955
2026-04-01 13:30:00,46.28,46.28,46.28,46.28,100
2026-04-01 13:40:00,46.21,46.21,46.21,46.21,1000
2026-04-01 13:45:00,46.16,46.16,46.16,46.16,120
2026-04-01 13:50:00,46.13,46.13,46.13,46.13,100
2026-04-01 13:55:00,46.1,46.1,46.07,46.07,260
2026-04-01 14:05:00,45.9217,45.9217,45.9217,45.9217,425
2026-04-01 14:10:00,45.915,45.93,45.85,45.85,400
2026-04-01 14:15:00,45.805,45.805,45.75,45.75,1100
2026-04-01 14:20:00,45.87,45.87,45.71,45.71,22615
2026-04-01 14:25:00,45.68,45.79,45.68,45.69,668
2026-04-01 14:30:00,45.6944,45.6944,45.59,45.59,3075
2026-04-01 14:45:00,45.68,45.77,45.68,45.71,1398
2026-04-01 14:50:00,45.7681,45.7681,45.68,45.68,780
2026-04-01 14:55:00,45.69,45.77,45.69,45.7487,790
2026-04-01 15:00:00,45.7,45.7,45.7,45.7,222
2026-04-01 15:05:00,45.82,45.87,45.81,45.8699,2800
2026-04-01 15:10:00,45.81,45.88,45.81,45.8232,2348
2026-04-01 15:15:00,45.8796,45.9295,45.874,45.9295,875
2026-04-01 15:20:00,45.945,45.96,45.87,45.88,2100
2026-04-01 15:25:00,45.895,46.01,45.895,45.96,1660
2026-04-01 15:30:00,46.02,46.049,45.92,45.955,25565
2026-04-01 15:35:00,46.0,46.0,45.94,45.995,700
2026-04-01 15:40:00,46.11,46.11,46.04,46.04,2746
2026-04-01 15:45:00,46.11,46.11,45.92,45.92,900
2026-04-01 15:50:00,45.975,45.975,45.83,45.9093,7937
2026-04-01 15:55:00,45.86,45.905,45.76,45.76,1773
2026-04-02 09:30:00,43.51,43.51,43.51,43.51,1428
2026-04-02 09:35:00,43.56,43.56,43.5,43.555,400
2026-04-02 09:40:00,43.545,43.545,43.545,43.545,150
2026-04-02 09:45:00,43.715,43.73,43.715,43.73,506
2026-04-02 09:50:00,43.7701,44.01,43.7701,44.0,1050
2026-04-02 09:55:00,43.94,44.075,43.94,44.075,769
2026-04-02 10:00:00,44.1,44.1,44.1,44.1,100
2026-04-02 10:15:00,44.2374,44.34,44.2374,44.34,324
2026-04-02 10:20:00,44.34,44.345,44.34,44.345,484
2026-04-02 10:25:00,44.23,44.23,44.23,44.23,140
2026-04-02 10:30:00,44.22,44.37,44.22,44.36,3686
2026-04-02 10:35:00,44.67,45.05,44.67,45.05,6402
2026-04-02 10:40:00,45.02,45.02,45.02,45.02,100
2026-04-02 10:45:00,45.0938,45.0938,44.94,45.0,1328
2026-04-02 10:50:00,44.87,44.87,44.755,44.755,534
2026-04-02 10:55:00,44.96,44.96,44.87,44.87,226
2026-04-02 11:00:00,44.81,44.81,44.81,44.81,588
2026-04-02 11:20:00,44.79,44.79,44.63,44.63,658
2026-04-02 11:25:00,44.6,44.875,44.6,44.875,1428
2026-04-02 11:30:00,44.76,44.78,44.76,44.78,730
2026-04-02 11:40:00,44.762,44.762,44.69,44.69,324
2026-04-02 11:45:00,44.6,44.6,44.6,44.6,152
2026-04-02 11:50:00,44.5,44.61,44.5,44.61,1040
2026-04-02 11:55:00,44.6,44.6,44.6,44.6,250
2026-04-02 12:00:00,44.68,44.68,44.68,44.68,120
2026-04-02 12:05:00,44.6,44.6,44.6,44.6,240
2026-04-02 12:15:00,44.685,44.69,44.685,44.685,600
2026-04-02 12:20:00,44.51,44.61,44.51,44.61,1000
2026-04-02 12:40:00,44.72,44.72,44.67,44.67,600
2026-04-02 13:00:00,44.63,44.63,44.575,44.575,1011
2026-04-02 13:10:00,44.6925,44.6925,44.6925,44.6925,500
2026-04-02 13:15:00,44.87,44.87,44.87,44.87,2435
2026-04-02 13:35:00,44.735,44.8,44.735,44.75,816
2026-04-02 13:40:00,44.75,44.8199,44.75,44.8199,540
2026-04-02 13:45:00,44.605,44.605,44.605,44.605,1120
2026-04-02 14:00:00,44.59,44.7399,44.59,44.7399,482
2026-04-02 14:10:00,44.78,44.8,44.78,44.79,1577
2026-04-02 14:30:00,44.7599,44.7599,44.7599,44.7599,438
2026-04-02 14:35:00,44.7,44.7,44.7,44.7,257
2026-04-02 14:50:00,44.792,44.792,44.792,44.792,137
2026-04-02 15:05:00,44.85,44.87,44.785,44.785,650
2026-04-02 15:10:00,44.94,44.94,44.845,44.845,2245
2026-04-02 15:25:00,44.9,44.9,44.9,44.9,100
2026-04-02 15:30:00,44.805,44.805,44.805,44.805,117
2026-04-02 15:35:00,44.85,44.88,44.84,44.87,8828
2026-04-02 15:40:00,44.785,44.8,44.77,44.77,720
2026-04-02 15:55:00,44.92,44.99,44.88,44.95,2613
