2026-03-04 09:30:00,50.63,50.63,50.59,50.59,1051
2026-03-04 09:35:00,50.581,50.581,50.58,50.58,200
2026-03-04 09:40:00,50.585,50.585,50.58,50.58,1900
2026-03-04 09:45:00,50.5986,50.5986,50.5986,50.5986,1645
2026-03-04 09:50:00,50.59,50.59,50.59,50.59,3500
2026-03-04 09:55:00,50.59,50.59,50.59,50.59,200
2026-03-04 10:00:00,50.6,50.61,50.6,50.61,4437
2026-03-04 10:10:00,50.6,50.6,50.6,50.6,1700
2026-03-04 10:20:00,50.6,50.6038,50.5619,50.6038,1248
2026-03-04 10:25:00,50.6,50.6,50.6,50.6,100
2026-03-04 10:30:00,50.61,50.61,50.6,50.6,500
2026-03-04 10:40:00,50.605,50.605,50.605,50.605,125
2026-03-04 10:45:00,50.61,50.61,50.61,50.61,200
2026-03-04 10:50:00,50.6098,50.6098,50.6,50.6,10194
2026-03-04 10:55:00,50.605,50.6098,50.605,50.605,545
2026-03-04 11:00:00,50.6099,50.6099,50.6099,50.6099,3614
2026-03-04 11:05:00,50.61,50.61,50.6038,50.6038,430
2026-03-04 11:10:00,50.61,50.61,50.61,50.61,100
2026-03-04 11:15:00,50.605,50.605,50.605,50.605,1000
2026-03-04 11:25:00,50.6,50.6099,50.6,50.6099,5250
2026-03-04 11:35:00,50.61,50.61,50.6036,50.605,2582
2026-03-04 11:40:00,50.6099,50.6099,50.6099,50.6099,975
2026-03-04 11:45:00,50.6098,50.6099,50.6097,50.6099,2101
2026-03-04 11:50:00,50.61,50.61,50.609,50.61,2460
2026-03-04 12:05:00,50.61,50.615,50.61,50.615,200
2026-03-04 12:10:00,50.61,50.615,50.61,50.615,1080
2026-03-04 12:15:00,50.618,50.618,50.615,50.615,929
2026-03-04 12:25:00,50.615,50.615,50.615,50.615,200
2026-03-04 12:35:00,50.615,50.615,50.615,50.615,100
2026-03-04 12:45:00,50.6198,50.6198,50.615,50.615,2807
2026-03-04 12:55:00,50.615,50.615,50.6101,50.6101,870
2026-03-04 13:05:00,50.61,50.61,50.61,50.61,100
2026-03-04 13:20:00,50.615,50.615,50.61,50.615,1463
2026-03-04 13:35:00,50.6162,50.6162,50.6162,50.6162,1779
2026-03-04 13:40:00,50.615,50.615,50.615,50.615,146
2026-03-04 13:45:00,50.6102,50.6102,50.605,50.6098,6625
2026-03-04 13:50:00,50.6,50.6,50.6,50.6,153
2026-03-04 13:55:00,50.605,50.605,50.605,50.605,505
2026-03-04 14:00:00,50.605,50.605,50.605,50.605,200
2026-03-04 14:10:00,50.605,50.605,50.605,50.605,100
2026-03-04 14:25:00,50.605,50.605,50.605,50.605,100
2026-03-04 14:30:00,50.6,50.605,50.6,50.605,1059
2026-03-04 14:35:00,50.605,50.605,50.605,50.605,100
2026-03-04 14:45:00,50.6,50.605,50.6,50.605,848
2026-03-04 14:50:00,50.605,50.605,50.605,50.605,200
2026-03-04 14:55:00,50.6,50.6025,50.59,50.59,2900
2026-03-04 15:00:00,50.595,50.595,50.595,50.595,100
2026-03-04 15:05:00,50.59,50.59,50.59,50.59,1000
2026-03-04 15:10:00,50.5963,50.5963,50.5963,50.5963,278
2026-03-04 15:15:00,50.6,50.6,50.6,50.6,100
2026-03-04 15:20:00,50.6,50.6,50.6,50.6,100
2026-03-04 15:25:00,50.605,50.605,50.605,50.605,200
2026-03-04 15:30:00,50.605,50.605,50.605,50.605,100
2026-03-04 15:45:00,50.605,50.605,50.605,50.605,100
2026-03-04 15:50:00,50.6,50.6,50.6,50.6,1069
2026-03-04 15:55:00,50.59,50.595,50.59,50.59,600
2026-03-04 16:00:00,50.59,50.59,50.59,50.59,327
2026-03-05 09:30:00,50.54,50.5682,50.54,50.5682,4440
2026-03-05 09:45:00,50.555,50.555,50.555,50.555,3560
2026-03-05 09:55:00,50.5629,50.5629,50.555,50.555,434
2026-03-05 10:00:00,50.54,50.5773,50.54,50.5773,1800
2026-03-05 10:10:00,50.56,50.56,50.56,50.56,400
2026-03-05 10:30:00,50.565,50.565,50.565,50.565,848
2026-03-05 11:00:00,50.565,50.565,50.5601,50.5601,805
2026-03-05 11:10:00,50.565,50.565,50.56,50.56,309
2026-03-05 11:15:00,50.56,50.56,50.56,50.56,100
2026-03-05 11:30:00,50.56,50.56,50.56,50.56,120
2026-03-05 11:35:00,50.565,50.565,50.56,50.56,204
2026-03-05 11:50:00,50.56,50.56,50.56,50.56,345
2026-03-05 12:20:00,50.575,50.575,50.5301,50.57,8200
2026-03-05 12:25:00,50.5593,50.5593,50.5593,50.5593,197
2026-03-05 12:50:00,50.57,50.57,50.57,50.57,5250
2026-03-05 12:55:00,50.5699,50.5699,50.565,50.565,652
2026-03-05 13:30:00,50.57,50.57,50.565,50.565,5775
2026-03-05 13:55:00,50.565,50.565,50.565,50.565,7650
2026-03-05 14:00:00,50.57,50.57,50.57,50.57,510
2026-03-05 14:10:00,50.5665,50.58,50.5665,50.58,3864
2026-03-05 14:15:00,50.57,50.57,50.57,50.57,889
2026-03-05 14:20:00,50.58,50.58,50.58,50.58,300
2026-03-05 14:25:00,50.57,50.57,50.57,50.57,100
2026-03-05 14:35:00,50.5796,50.5796,50.575,50.575,6510
2026-03-05 14:40:00,50.575,50.575,50.575,50.575,200
2026-03-05 14:45:00,50.5703,50.5762,50.5703,50.5762,1981
2026-03-05 14:50:00,50.575,50.575,50.575,50.575,449
2026-03-05 15:05:00,50.575,50.5752,50.575,50.5752,456
2026-03-05 15:15:00,50.5769,50.58,50.5769,50.58,4217
2026-03-05 15:30:00,50.59,50.59,50.58,50.58,430
2026-03-05 15:50:00,50.59,50.59,50.59,50.59,200
2026-03-05 15:55:00,50.58,50.59,50.58,50.59,204
2026-03-05 16:00:00,50.57,50.57,50.57,50.57,725
2026-03-06 09:30:00,50.6,50.81,50.6,50.61,2066
2026-03-06 09:35:00,50.61,50.64,50.59,50.59,5523
2026-03-06 09:40:00,50.6,50.61,50.6,50.605,1073
2026-03-06 09:45:00,50.6,50.6,50.6,50.6,400
2026-03-06 09:55:00,50.59,50.59,50.59,50.59,163
2026-03-06 10:00:00,50.58,50.58,50.58,50.58,1000
2026-03-06 10:05:00,50.5791,50.5791,50.5791,50.5791,11591
2026-03-06 10:10:00,50.57,50.575,50.57,50.575,577
2026-03-06 10:30:00,50.58,50.58,50.58,50.58,242
2026-03-06 10:35:00,50.5761,50.5761,50.575,50.575,231
2026-03-06 10:45:00,50.59,50.59,50.59,50.59,1769
2026-03-06 10:50:00,50.585,50.585,50.585,50.585,576
2026-03-06 10:55:00,50.58,50.59,50.58,50.59,300
2026-03-06 11:05:00,50.5896,50.5896,50.5896,50.5896,1103
2026-03-06 11:10:00,50.59,50.59,50.585,50.585,900
2026-03-06 11:20:00,50.5899,50.5899,50.5892,50.5892,1526
2026-03-06 11:30:00,50.59,50.59,50.5897,50.5897,1014
2026-03-06 11:40:00,50.585,50.59,50.585,50.59,1600
2026-03-06 11:55:00,50.5899,50.5899,50.5899,50.5899,1925
2026-03-06 12:00:00,50.59,50.59,50.5816,50.585,2888
2026-03-06 12:10:00,50.585,50.585,50.585,50.585,620
2026-03-06 12:15:00,50.59,50.6,50.59,50.5978,4524
2026-03-06 12:20:00,50.595,50.5964,50.595,50.5964,1523
2026-03-06 12:25:00,50.5901,50.595,50.5901,50.595,881
2026-03-06 12:40:00,50.595,50.595,50.59,50.59,3586
2026-03-06 12:45:00,50.5861,50.5861,50.5861,50.5861,193
2026-03-06 12:55:00,50.5899,50.59,50.5897,50.5897,1650
2026-03-06 13:00:00,50.6,50.6,50.595,50.595,4963
2026-03-06 13:05:00,50.595,50.595,50.595,50.595,204
2026-03-06 13:10:00,50.6,50.6,50.5958,50.5958,1589
2026-03-06 13:15:00,50.59,50.59,50.59,50.59,200
2026-03-06 13:20:00,50.5998,50.5998,50.5998,50.5998,299
2026-03-06 13:30:00,50.595,50.595,50.59,50.59,2700
2026-03-06 13:35:00,50.59,50.595,50.59,50.5949,1114
2026-03-06 13:50:00,50.59,50.5961,50.59,50.5961,614
2026-03-06 13:55:00,50.5967,50.5967,50.5967,50.5967,1090
2026-03-06 14:00:00,50.59,50.595,50.59,50.59,17480
2026-03-06 14:05:00,50.59,50.59,50.59,50.59,1700
2026-03-06 14:15:00,50.595,50.595,50.595,50.595,200
2026-03-06 14:20:00,50.59,50.59,50.59,50.59,100
2026-03-06 14:25:00,50.595,50.595,50.59,50.59,1465
2026-03-06 14:30:00,50.59,50.5902,50.59,50.59,409
2026-03-06 14:35:00,50.59,50.59,50.59,50.59,300
2026-03-06 14:40:00,50.585,50.585,50.585,50.585,1483
2026-03-06 14:45:00,50.59,50.59,50.59,50.59,100
2026-03-06 14:55:00,50.5812,50.5812,50.5812,50.5812,730
2026-03-06 15:00:00,50.585,50.585,50.5843,50.585,433
2026-03-06 15:15:00,50.585,50.59,50.5805,50.585,7070
2026-03-06 15:30:00,50.585,50.59,50.585,50.5875,1336
2026-03-06 15:35:00,50.59,50.595,50.59,50.59,3500
2026-03-06 15:45:00,50.59,50.595,50.59,50.59,5400
2026-03-06 15:50:00,50.59,50.599,50.59,50.599,3320
2026-03-06 15:55:00,50.595,50.595,50.59,50.59,5797
2026-03-06 16:00:00,50.59,50.59,50.59,50.59,122
2026-03-09 09:30:00,50.55,50.55,50.55,50.55,1071
2026-03-09 09:35:00,50.575,50.575,50.575,50.575,4775
2026-03-09 09:40:00,50.57,50.57,50.57,50.57,1200
2026-03-09 09:50:00,50.57,50.57,50.57,50.57,100
2026-03-09 10:05:00,50.56,50.56,50.555,50.555,3700
2026-03-09 10:15:00,50.555,50.555,50.555,50.555,200
2026-03-09 10:25:00,50.56,50.56,50.5561,50.5561,774
2026-03-09 10:30:00,50.565,50.565,50.565,50.565,100
2026-03-09 10:35:00,50.56,50.57,50.56,50.57,19958
2026-03-09 10:45:00,50.565,50.565,50.565,50.565,100
2026-03-09 10:50:00,50.5643,50.565,50.5643,50.565,800
2026-03-09 10:55:00,50.565,50.5656,50.565,50.565,1132
2026-03-09 11:00:00,50.565,50.575,50.565,50.575,308
2026-03-09 11:10:00,50.57,50.57,50.57,50.57,120
2026-03-09 11:30:00,50.575,50.585,50.5725,50.575,9933
2026-03-09 11:35:00,50.575,50.575,50.575,50.575,988
2026-03-09 11:40:00,50.575,50.575,50.575,50.575,300
2026-03-09 11:45:00,50.5719,50.5739,50.5719,50.5739,703
2026-03-09 11:50:00,50.575,50.575,50.575,50.575,200
2026-03-09 11:55:00,50.575,50.575,50.575,50.575,300
2026-03-09 12:00:00,50.575,50.575,50.575,50.575,514
2026-03-09 12:05:00,50.575,50.575,50.575,50.575,502
2026-03-09 12:10:00,50.5701,50.575,50.5701,50.575,2100
2026-03-09 12:15:00,50.5701,50.575,50.5701,50.575,1600
2026-03-09 12:20:00,50.575,50.575,50.575,50.575,300
2026-03-09 12:40:00,50.58,50.58,50.58,50.58,1000
2026-03-09 12:50:00,50.574,50.574,50.574,50.574,100
2026-03-09 12:55:00,50.58,50.58,50.575,50.575,1000
2026-03-09 13:10:00,50.575,50.58,50.575,50.58,733
2026-03-09 13:15:00,50.575,50.575,50.575,50.575,200
2026-03-09 13:20:00,50.575,50.59,50.575,50.58,17079
2026-03-09 13:30:00,50.5798,50.5799,50.57,50.575,5476
2026-03-09 13:35:00,50.575,50.575,50.575,50.575,600
2026-03-09 13:45:00,50.575,50.5797,50.575,50.575,1100
2026-03-09 13:50:00,50.5761,50.5761,50.575,50.575,1694
2026-03-09 13:55:00,50.575,50.5789,50.575,50.5789,1809
2026-03-09 14:00:00,50.575,50.575,50.575,50.575,300
2026-03-09 14:05:00,50.575,50.575,50.575,50.575,400
2026-03-09 14:10:00,50.575,50.575,50.575,50.575,1000
2026-03-09 14:15:00,50.575,50.575,50.575,50.575,500
2026-03-09 14:20:00,50.575,50.575,50.575,50.575,500
2026-03-09 14:25:00,50.575,50.575,50.575,50.575,400
2026-03-09 14:30:00,50.575,50.575,50.575,50.575,300
2026-03-09 14:35:00,50.575,50.575,50.575,50.575,2100
2026-03-09 14:40:00,50.575,50.5798,50.575,50.575,1001
2026-03-09 14:45:00,50.575,50.58,50.575,50.575,491
2026-03-09 14:50:00,50.575,50.58,50.575,50.58,200
2026-03-09 15:00:00,50.58,50.585,50.58,50.585,3833
2026-03-09 15:05:00,50.585,50.59,50.585,50.59,5568
2026-03-09 15:10:00,50.585,50.585,50.585,50.585,500
2026-03-09 15:15:00,50.585,50.585,50.585,50.585,4940
2026-03-09 15:20:00,50.635,50.635,50.6,50.6,2973
2026-03-09 15:25:00,50.595,50.595,50.595,50.595,100
2026-03-09 15:30:00,50.595,50.615,50.595,50.615,977
2026-03-09 15:35:00,50.615,50.615,50.6,50.6,2047
2026-03-09 15:40:00,50.595,50.6249,50.59,50.5999,13513
2026-03-09 15:45:00,50.595,50.595,50.595,50.595,200
2026-03-09 15:50:00,50.6,50.61,50.5949,50.595,2248
2026-03-09 15:55:00,50.595,50.595,50.59,50.59,600
2026-03-09 16:00:00,50.58,50.58,50.58,50.58,137
2026-03-10 09:30:00,50.61,50.61,50.595,50.595,1662
2026-03-10 09:35:00,50.59,50.59,50.58,50.58,600
2026-03-10 09:50:00,50.595,50.595,50.595,50.595,197
2026-03-10 10:00:00,50.59,50.59,50.59,50.59,203
2026-03-10 10:10:00,50.595,50.595,50.595,50.595,1000
2026-03-10 10:15:00,50.59,50.59,50.59,50.59,100
2026-03-10 10:30:00,50.585,50.585,50.585,50.585,200
2026-03-10 10:40:00,50.6,50.61,50.6,50.6025,3040
2026-03-10 10:55:00,50.595,50.595,50.595,50.595,2146
2026-03-10 11:00:00,50.6,50.6,50.5957,50.5957,898
2026-03-10 11:05:00,50.6,50.6,50.5901,50.5997,835
2026-03-10 11:10:00,50.6,50.6,50.595,50.595,1198
2026-03-10 11:20:00,50.6,50.6,50.5997,50.5997,1042
2026-03-10 11:40:00,50.595,50.595,50.595,50.595,1086
2026-03-10 11:45:00,50.595,50.6,50.595,50.5966,2800
2026-03-10 12:00:00,50.595,50.6,50.595,50.6,263
2026-03-10 12:05:00,50.59,50.59,50.59,50.59,2700
2026-03-10 12:25:00,50.585,50.585,50.585,50.585,119
2026-03-10 12:40:00,50.5801,50.5801,50.5801,50.5801,11290
2026-03-10 12:50:00,50.59,50.59,50.585,50.5899,673
2026-03-10 13:00:00,50.5814,50.5814,50.5814,50.5814,595
2026-03-10 13:10:00,50.5801,50.5888,50.5801,50.585,4267
2026-03-10 13:15:00,50.585,50.585,50.585,50.585,1600
2026-03-10 13:30:00,50.585,50.585,50.585,50.585,140
2026-03-10 13:35:00,50.5812,50.5812,50.5812,50.5812,135
2026-03-10 13:45:00,50.5869,50.5869,50.585,50.585,488
2026-03-10 13:50:00,50.584,50.584,50.584,50.584,200
2026-03-10 14:00:00,50.59,50.59,50.59,50.59,4673
2026-03-10 14:05:00,50.5899,50.59,50.5899,50.59,870
2026-03-10 14:10:00,50.59,50.595,50.59,50.595,9700
2026-03-10 14:15:00,50.59,50.595,50.59,50.59,2982
2026-03-10 14:20:00,50.585,50.585,50.58,50.58,742
2026-03-10 14:25:00,50.5812,50.5812,50.5812,50.5812,400
2026-03-10 14:35:00,50.5861,50.5861,50.5861,50.5861,300
2026-03-10 14:40:00,50.585,50.585,50.585,50.585,500
2026-03-10 14:45:00,50.585,50.585,50.585,50.585,1595
2026-03-10 14:55:00,50.585,50.585,50.585,50.585,100
2026-03-10 15:00:00,50.58,50.585,50.58,50.585,2826
2026-03-10 15:10:00,50.585,50.59,50.585,50.59,3337
2026-03-10 15:15:00,50.5833,50.5833,50.5833,50.5833,397
2026-03-10 15:20:00,50.585,50.585,50.585,50.585,200
2026-03-10 15:25:00,50.585,50.59,50.58,50.59,12654
2026-03-10 15:30:00,50.585,50.585,50.585,50.585,200
2026-03-10 15:35:00,50.585,50.585,50.585,50.585,596
2026-03-10 15:45:00,50.58,50.58,50.58,50.58,300
2026-03-10 15:50:00,50.575,50.58,50.575,50.58,463
2026-03-10 15:55:00,50.57,50.57,50.565,50.565,2700
2026-03-10 16:00:00,50.57,50.57,50.57,50.57,166
2026-03-11 09:25:00,50.59,50.59,50.59,50.59,100
2026-03-11 09:30:00,50.6,50.6,50.59,50.59,835
2026-03-11 09:40:00,50.598,50.598,50.598,50.598,1000
2026-03-11 09:45:00,50.58,50.58,50.58,50.58,139
2026-03-11 09:55:00,50.57,50.5785,50.55,50.57,8014
2026-03-11 10:00:00,50.585,50.585,50.585,50.585,200
2026-03-11 10:05:00,50.585,50.585,50.585,50.585,100
2026-03-11 10:10:00,50.57,50.58,50.5501,50.58,816
2026-03-11 10:20:00,50.58,50.58,50.57,50.57,4025
2026-03-11 10:25:00,50.57,50.57,50.57,50.57,300
2026-03-11 10:30:00,50.57,50.57,50.57,50.57,695
2026-03-11 10:35:00,50.5601,50.57,50.5601,50.57,352
2026-03-11 10:40:00,50.57,50.57,50.57,50.57,500
2026-03-11 10:45:00,50.57,50.57,50.57,50.57,300
2026-03-11 10:50:00,50.57,50.5719,50.57,50.5719,671
2026-03-11 10:55:00,50.57,50.57,50.57,50.57,217
2026-03-11 11:00:00,50.57,50.57,50.56,50.56,500
2026-03-11 11:05:00,50.57,50.57,50.57,50.57,300
2026-03-11 11:15:00,50.57,50.57,50.565,50.565,1800
2026-03-11 11:20:00,50.565,50.565,50.565,50.565,200
2026-03-11 11:25:00,50.565,50.565,50.565,50.565,300
2026-03-11 11:30:00,50.565,50.565,50.565,50.565,200
2026-03-11 11:35:00,50.56,50.56,50.555,50.555,300
2026-03-11 11:45:00,50.555,50.555,50.555,50.555,100
2026-03-11 11:50:00,50.555,50.555,50.555,50.555,1100
2026-03-11 11:55:00,50.555,50.56,50.54,50.54,2995
2026-03-11 12:00:00,50.545,50.545,50.545,50.545,100
2026-03-11 12:05:00,50.545,50.545,50.545,50.545,2750
2026-03-11 12:10:00,50.55,50.55,50.54,50.55,900
2026-03-11 12:15:00,50.5408,50.56,50.5408,50.55,448
2026-03-11 12:20:00,50.56,50.56,50.5501,50.5501,381
2026-03-11 12:35:00,50.56,50.56,50.56,50.56,100
2026-03-11 12:40:00,50.56,50.56,50.56,50.56,100
2026-03-11 12:45:00,50.56,50.56,50.56,50.56,100
2026-03-11 12:50:00,50.56,50.56,50.56,50.56,400
2026-03-11 12:55:00,50.558,50.558,50.558,50.558,120
2026-03-11 13:00:00,50.56,50.56,50.56,50.56,325
2026-03-11 13:10:00,50.5502,50.565,50.5502,50.56,6140
2026-03-11 13:15:00,50.55,50.55,50.54,50.5486,18985
2026-03-11 13:20:00,50.55,50.55,50.55,50.55,100
2026-03-11 13:25:00,50.55,50.55,50.545,50.545,500
2026-03-11 13:30:00,50.545,50.545,50.5423,50.5423,490
2026-03-11 13:35:00,50.545,50.545,50.545,50.545,100
2026-03-11 13:40:00,50.545,50.545,50.545,50.545,400
2026-03-11 13:45:00,50.545,50.55,50.535,50.535,5110
2026-03-11 13:50:00,50.54,50.54,50.535,50.535,3344
2026-03-11 13:55:00,50.535,50.54,50.535,50.54,1147
2026-03-11 14:00:00,50.55,50.555,50.55,50.55,2700
2026-03-11 14:05:00,50.545,50.55,50.545,50.55,340
2026-03-11 14:10:00,50.55,50.55,50.545,50.545,1000
2026-03-11 14:15:00,50.545,50.55,50.545,50.55,1850
2026-03-11 14:25:00,50.55,50.55,50.545,50.55,436
2026-03-11 14:30:00,50.55,50.55,50.55,50.55,200
2026-03-11 14:35:00,50.55,50.55,50.55,50.55,400
2026-03-11 14:40:00,50.55,50.56,50.55,50.56,7501
2026-03-11 14:45:00,50.555,50.56,50.555,50.555,700
2026-03-11 14:50:00,50.555,50.555,50.555,50.555,300
2026-03-11 14:55:00,50.555,50.5599,50.555,50.555,700
2026-03-11 15:00:00,50.56,50.56,50.5543,50.555,1977
2026-03-11 15:05:00,50.555,50.555,50.555,50.555,500
2026-03-11 15:10:00,50.555,50.5584,50.555,50.555,2753
2026-03-11 15:15:00,50.555,50.555,50.555,50.555,500
2026-03-11 15:20:00,50.555,50.56,50.555,50.56,467
2026-03-11 15:25:00,50.555,50.555,50.555,50.555,300
2026-03-11 15:30:00,50.56,50.56,50.5566,50.5566,322
2026-03-11 15:35:00,50.56,50.56,50.5571,50.56,539
2026-03-11 15:40:00,50.56,50.56,50.56,50.56,300
2026-03-11 15:45:00,50.56,50.56,50.54,50.5572,8828
2026-03-11 15:50:00,50.55,50.56,50.54,50.56,5799
2026-03-11 15:55:00,50.55,50.55,50.545,50.5499,5900
2026-03-11 16:00:00,50.54,50.54,50.54,50.54,358
2026-03-12 09:30:00,50.59,50.59,50.59,50.59,3676
2026-03-12 09:45:00,50.55,50.55,50.53,50.53,836
2026-03-12 09:50:00,50.55,50.555,50.55,50.55,300
2026-03-12 10:25:00,50.5599,50.5599,50.555,50.555,2072
2026-03-12 10:30:00,50.555,50.555,50.555,50.555,106
2026-03-12 10:35:00,50.555,50.555,50.55,50.55,4473
2026-03-12 10:45:00,50.54,50.54,50.53,50.5301,2240
2026-03-12 10:50:00,50.53,50.535,50.53,50.535,400
2026-03-12 11:00:00,50.53,50.53,50.52,50.52,1290
2026-03-12 11:05:00,50.52,50.52,50.52,50.52,100
2026-03-12 11:10:00,50.525,50.525,50.52,50.52,240
2026-03-12 11:15:00,50.53,50.53,50.53,50.53,600
2026-03-12 11:20:00,50.52,50.525,50.52,50.525,400
2026-03-12 11:25:00,50.53,50.53,50.53,50.53,15531
2026-03-12 11:30:00,50.52,50.525,50.52,50.525,400
2026-03-12 11:35:00,50.52,50.52,50.52,50.52,600
2026-03-12 11:40:00,50.52,50.52,50.52,50.52,100
2026-03-12 11:50:00,50.5261,50.5261,50.5261,50.5261,313
2026-03-12 12:00:00,50.525,50.525,50.525,50.525,1000
2026-03-12 12:10:00,50.53,50.53,50.53,50.53,189
2026-03-12 12:15:00,50.53,50.53,50.51,50.5149,5189
2026-03-12 12:20:00,50.525,50.525,50.525,50.525,306
2026-03-12 12:30:00,50.525,50.525,50.525,50.525,741
2026-03-12 12:45:00,50.525,50.525,50.525,50.525,385
2026-03-12 13:05:00,50.525,50.525,50.525,50.525,1721
2026-03-12 13:10:00,50.525,50.525,50.525,50.525,4958
2026-03-12 13:15:00,50.52,50.52,50.52,50.52,10235
2026-03-12 13:35:00,50.524,50.525,50.52,50.52,1729
2026-03-12 13:45:00,50.5261,50.5261,50.5261,50.5261,298
2026-03-12 13:50:00,50.525,50.5259,50.525,50.5259,642
2026-03-12 14:00:00,50.52,50.52,50.46,50.46,4617
2026-03-12 14:05:00,50.5,50.5,50.5,50.5,200
2026-03-12 14:10:00,50.505,50.505,50.505,50.505,411
2026-03-12 14:20:00,50.5,50.5015,50.49,50.5,1539
2026-03-12 14:25:00,50.495,50.5,50.495,50.5,1199
2026-03-12 14:30:00,50.495,50.495,50.495,50.495,139
2026-03-12 14:40:00,50.5,50.5,50.4942,50.4942,1214
2026-03-12 14:45:00,50.495,50.495,50.4901,50.4901,434
2026-03-12 14:55:00,50.49,50.495,50.49,50.495,2482
2026-03-12 15:00:00,50.49,50.495,50.49,50.495,2324
2026-03-12 15:15:00,50.4999,50.4999,50.495,50.495,761
2026-03-12 15:35:00,50.5,50.5,50.495,50.5,343
2026-03-12 15:40:00,50.5,50.5,50.495,50.495,820
2026-03-12 15:45:00,50.495,50.495,50.495,50.495,100
2026-03-12 15:50:00,50.495,50.495,50.495,50.495,1350
2026-03-12 16:00:00,50.47,50.47,50.47,50.47,157
2026-03-13 09:30:00,50.55,50.55,50.55,50.55,388
2026-03-13 10:20:00,50.51,50.52,50.51,50.52,3407
2026-03-13 10:35:00,50.5154,50.5154,50.5154,50.5154,608
2026-03-13 10:50:00,50.51,50.513,50.51,50.513,2137
2026-03-13 10:55:00,50.515,50.5156,50.515,50.5156,500
2026-03-13 11:00:00,50.5199,50.5199,50.5199,50.5199,971
2026-03-13 11:05:00,50.52,50.52,50.52,50.52,455
2026-03-13 11:10:00,50.515,50.515,50.515,50.515,100
2026-03-13 11:20:00,50.51,50.515,50.51,50.515,1909
2026-03-13 11:45:00,50.52,50.5217,50.52,50.5217,500
2026-03-13 11:50:00,50.53,50.53,50.515,50.515,2900
2026-03-13 12:00:00,50.52,50.53,50.52,50.53,238
2026-03-13 12:10:00,50.5299,50.5299,50.5299,50.5299,747
2026-03-13 12:20:00,50.52,50.52,50.52,50.52,530
2026-03-13 12:25:00,50.5246,50.5246,50.5246,50.5246,632
2026-03-13 12:40:00,50.515,50.515,50.515,50.515,100
2026-03-13 13:20:00,50.52,50.52,50.515,50.515,300
2026-03-13 13:25:00,50.52,50.52,50.52,50.52,100
2026-03-13 13:30:00,50.515,50.52,50.515,50.515,3179
2026-03-13 13:50:00,50.52,50.5231,50.52,50.52,3671
2026-03-13 13:55:00,50.5168,50.52,50.5168,50.52,1702
2026-03-13 14:00:00,50.52,50.53,50.52,50.53,600
2026-03-13 14:05:00,50.525,50.53,50.525,50.53,434
2026-03-13 14:30:00,50.525,50.53,50.52,50.525,734
2026-03-13 14:40:00,50.525,50.525,50.525,50.525,2774
2026-03-13 14:45:00,50.53,50.53,50.525,50.525,2213
2026-03-13 14:55:00,50.525,50.525,50.525,50.525,300
2026-03-13 15:00:00,50.525,50.53,50.525,50.53,383
2026-03-13 15:10:00,50.525,50.525,50.525,50.525,302
2026-03-13 15:30:00,50.54,50.54,50.53,50.53,1400
2026-03-13 15:40:00,50.5447,50.55,50.54,50.54,4085
2026-03-13 15:50:00,50.54,50.54,50.54,50.54,1205
2026-03-13 15:55:00,50.54,50.54,50.52,50.54,1443
2026-03-13 16:00:00,50.55,50.55,50.55,50.55,653
2026-03-16 09:30:00,50.62,50.65,50.6199,50.6199,3074
2026-03-16 09:35:00,50.61,50.61,50.61,50.61,1000
2026-03-16 09:40:00,50.6,50.6,50.6,50.6,100
2026-03-16 09:55:00,50.58,50.5838,50.57,50.58,2376
2026-03-16 10:00:00,50.58,50.5999,50.58,50.5999,307
2026-03-16 10:05:00,50.58,50.58,50.58,50.58,200
2026-03-16 10:15:00,50.575,50.575,50.575,50.575,3000
2026-03-16 10:20:00,50.57,50.57,50.57,50.57,300
2026-03-16 10:25:00,50.57,50.57,50.57,50.57,100
2026-03-16 10:35:00,50.565,50.565,50.565,50.565,600
2026-03-16 10:40:00,50.565,50.565,50.565,50.565,200
2026-03-16 10:55:00,50.565,50.565,50.565,50.565,759
2026-03-16 11:00:00,50.565,50.57,50.565,50.57,200
2026-03-16 11:10:00,50.5698,50.5698,50.5698,50.5698,230
2026-03-16 11:15:00,50.565,50.565,50.565,50.565,300
2026-03-16 11:20:00,50.565,50.565,50.565,50.565,9425
2026-03-16 11:25:00,50.565,50.565,50.565,50.565,100
2026-03-16 11:30:00,50.56,50.56,50.55,50.555,10677
2026-03-16 11:40:00,50.555,50.5597,50.555,50.5597,802
2026-03-16 11:45:00,50.555,50.56,50.555,50.56,200
2026-03-16 11:55:00,50.555,50.555,50.55,50.55,2906
2026-03-16 12:00:00,50.54,50.54,50.54,50.54,1965
2026-03-16 12:05:00,50.54,50.54,50.54,50.54,4400
2026-03-16 12:15:00,50.54,50.54,50.54,50.54,246
2026-03-16 12:30:00,50.5497,50.5497,50.5413,50.5413,1110
2026-03-16 12:35:00,50.55,50.5591,50.55,50.5591,235
2026-03-16 12:45:00,50.55,50.55,50.55,50.55,300
2026-03-16 12:50:00,50.55,50.55,50.55,50.55,165
2026-03-16 13:15:00,50.5592,50.5592,50.5592,50.5592,156
2026-03-16 13:20:00,50.55,50.55,50.55,50.55,1000
2026-03-16 13:25:00,50.55,50.55,50.55,50.55,1978
2026-03-16 13:30:00,50.55,50.5599,50.55,50.55,824
2026-03-16 13:35:00,50.55,50.55,50.55,50.55,161
2026-03-16 13:40:00,50.55,50.56,50.55,50.56,2097
2026-03-16 13:45:00,50.55,50.555,50.55,50.555,354
2026-03-16 13:50:00,50.555,50.556,50.555,50.556,597
2026-03-16 13:55:00,50.555,50.555,50.555,50.555,388
2026-03-16 14:00:00,50.56,50.56,50.555,50.555,200
2026-03-16 14:05:00,50.555,50.555,50.555,50.555,1100
2026-03-16 14:15:00,50.555,50.555,50.555,50.555,200
2026-03-16 14:20:00,50.56,50.56,50.56,50.56,100
2026-03-16 14:40:00,50.56,50.56,50.56,50.56,100
2026-03-16 14:45:00,50.558,50.56,50.558,50.56,1775
2026-03-16 14:55:00,50.56,50.56,50.56,50.56,143
2026-03-16 15:00:00,50.56,50.56,50.56,50.56,263
2026-03-16 15:10:00,50.56,50.56,50.56,50.56,200
2026-03-16 15:15:00,50.565,50.57,50.565,50.565,596
2026-03-16 15:35:00,50.5697,50.5697,50.5697,50.5697,548
2026-03-16 15:40:00,50.565,50.565,50.565,50.565,100
2026-03-16 15:55:00,50.56,50.565,50.52,50.52,2886
2026-03-16 16:00:00,50.52,50.52,50.52,50.52,321
2026-03-17 09:30:00,50.5,50.555,50.5,50.55,12563
2026-03-17 09:35:00,50.53,50.53,50.53,50.53,500
2026-03-17 09:40:00,50.535,50.535,50.535,50.535,776
2026-03-17 09:50:00,50.53,50.53,50.53,50.53,805
2026-03-17 10:00:00,50.53,50.55,50.53,50.54,1852
2026-03-17 10:05:00,50.53,50.53,50.53,50.53,100
2026-03-17 10:10:00,50.53,50.53,50.53,50.53,100
2026-03-17 10:20:00,50.53,50.53,50.53,50.53,100
2026-03-17 10:25:00,50.54,50.54,50.54,50.54,100
2026-03-17 10:30:00,50.54,50.54,50.54,50.54,300
2026-03-17 10:35:00,50.54,50.54,50.54,50.54,100
2026-03-17 10:40:00,50.54,50.54,50.54,50.54,197
2026-03-17 10:55:00,50.55,50.55,50.55,50.55,400
2026-03-17 11:15:00,50.55,50.55,50.55,50.55,990
2026-03-17 11:30:00,50.55,50.55,50.55,50.55,100
2026-03-17 11:40:00,50.54,50.55,50.54,50.55,450
2026-03-17 11:45:00,50.54,50.54,50.54,50.54,273
2026-03-17 11:50:00,50.54,50.54,50.54,50.54,4000
2026-03-17 11:55:00,50.54,50.5499,50.54,50.5499,300
2026-03-17 12:00:00,50.55,50.55,50.55,50.55,8443
2026-03-17 12:05:00,50.53,50.53,50.53,50.53,400
2026-03-17 12:20:00,50.54,50.54,50.54,50.54,100
2026-03-17 12:25:00,50.545,50.545,50.545,50.545,1241
2026-03-17 12:30:00,50.54,50.54,50.54,50.54,100
2026-03-17 12:45:00,50.55,50.55,50.545,50.545,200
2026-03-17 12:55:00,50.55,50.55,50.55,50.55,100
2026-03-17 13:00:00,50.5301,50.55,50.5301,50.55,1836
2026-03-17 13:05:00,50.54,50.55,50.54,50.55,513
2026-03-17 13:15:00,50.55,50.56,50.55,50.5501,814
2026-03-17 13:30:00,50.5599,50.5599,50.5599,50.5599,1979
2026-03-17 13:35:00,50.54,50.55,50.54,50.55,1700
2026-03-17 13:45:00,50.55,50.56,50.55,50.56,300
2026-03-17 13:55:00,50.554,50.554,50.554,50.554,1211
2026-03-17 14:00:00,50.555,50.555,50.555,50.555,570
2026-03-17 14:05:00,50.55,50.55,50.55,50.55,100
2026-03-17 14:10:00,50.555,50.555,50.555,50.555,2000
2026-03-17 14:15:00,50.55,50.5501,50.55,50.55,460
2026-03-17 14:25:00,50.555,50.555,50.5502,50.5502,1179
2026-03-17 14:30:00,50.5502,50.5502,50.5502,50.5502,124
2026-03-17 14:35:00,50.555,50.555,50.54,50.54,278
2026-03-17 14:40:00,50.552,50.552,50.552,50.552,435
2026-03-17 14:50:00,50.55,50.55,50.55,50.55,556
2026-03-17 15:00:00,50.55,50.55,50.55,50.55,100
2026-03-17 15:20:00,50.55,50.56,50.55,50.55,26870
2026-03-17 15:25:00,50.54,50.5506,50.54,50.5501,1122
2026-03-17 15:30:00,50.54,50.5599,50.54,50.54,2603
2026-03-17 15:35:00,50.53,50.53,50.53,50.53,100
2026-03-17 15:50:00,50.5401,50.5401,50.5401,50.5401,200
2026-03-17 15:55:00,50.54,50.55,50.54,50.54,500
2026-03-17 16:00:00,50.53,50.53,50.53,50.53,238
2026-03-18 09:30:00,50.51,50.53,50.51,50.53,3847
2026-03-18 09:35:00,50.53,50.53,50.53,50.53,200
2026-03-18 09:40:00,50.53,50.5499,50.53,50.53,525
2026-03-18 09:50:00,50.53,50.535,50.53,50.53,1200
2026-03-18 09:55:00,50.535,50.535,50.5349,50.535,795
2026-03-18 10:05:00,50.53,50.53,50.53,50.53,100
2026-03-18 10:15:00,50.53,50.53,50.53,50.53,280
2026-03-18 10:25:00,50.53,50.54,50.5299,50.54,6336
2026-03-18 10:30:00,50.535,50.535,50.53,50.53,280
2026-03-18 10:40:00,50.52,50.52,50.52,50.52,100
2026-03-18 10:50:00,50.52,50.52,50.52,50.52,1015
2026-03-18 10:55:00,50.53,50.53,50.53,50.53,100
2026-03-18 11:05:00,50.53,50.53,50.53,50.53,100
2026-03-18 11:15:00,50.53,50.53,50.53,50.53,100
2026-03-18 11:20:00,50.5399,50.5399,50.5399,50.5399,1003
2026-03-18 11:25:00,50.52,50.52,50.52,50.52,100
2026-03-18 11:35:00,50.52,50.52,50.52,50.52,100
2026-03-18 11:50:00,50.53,50.53,50.53,50.53,1425
2026-03-18 11:55:00,50.52,50.53,50.52,50.53,495
2026-03-18 12:00:00,50.53,50.53,50.53,50.53,1588
2026-03-18 12:05:00,50.53,50.53,50.52,50.52,1266
2026-03-18 12:10:00,50.52,50.52,50.52,50.52,100
2026-03-18 12:15:00,50.525,50.525,50.52,50.52,1500
2026-03-18 12:20:00,50.525,50.525,50.525,50.525,752
2026-03-18 12:25:00,50.525,50.525,50.525,50.525,100
2026-03-18 12:30:00,50.52,50.53,50.52,50.53,979
2026-03-18 12:40:00,50.515,50.515,50.51,50.51,1136
2026-03-18 12:50:00,50.515,50.515,50.515,50.515,300
2026-03-18 13:00:00,50.5199,50.5199,50.5199,50.5199,100
2026-03-18 13:05:00,50.51,50.51,50.51,50.51,100
2026-03-18 13:25:00,50.51,50.51,50.51,50.51,600
2026-03-18 13:35:00,50.51,50.54,50.5,50.511,5698
2026-03-18 13:50:00,50.51,50.51,50.51,50.51,446
2026-03-18 13:55:00,50.515,50.515,50.51,50.51,1626
2026-03-18 14:00:00,50.51,50.51,50.51,50.51,100
2026-03-18 14:05:00,50.51,50.51,50.51,50.51,100
2026-03-18 14:15:00,50.5,50.5,50.5,50.5,100
2026-03-18 14:20:00,50.515,50.515,50.51,50.51,200
2026-03-18 14:25:00,50.515,50.515,50.515,50.515,164
2026-03-18 14:40:00,50.515,50.525,50.515,50.525,1610
2026-03-18 14:45:00,50.516,50.516,50.515,50.515,500
2026-03-18 14:55:00,50.52,50.54,50.51,50.51,864
2026-03-18 15:05:00,50.515,50.515,50.51,50.51,2561
2026-03-18 15:10:00,50.51,50.51,50.51,50.51,324
2026-03-18 15:15:00,50.51,50.515,50.51,50.515,946
2026-03-18 15:20:00,50.515,50.52,50.51,50.51,995
2026-03-18 15:30:00,50.52,50.54,50.52,50.52,2935
2026-03-18 15:35:00,50.51,50.51,50.51,50.51,100
2026-03-18 15:50:00,50.515,50.52,50.51,50.515,400
2026-03-18 15:55:00,50.52,50.52,50.491,50.5,9004
2026-03-18 16:00:00,50.49,50.49,50.49,50.49,484
2026-03-19 09:30:00,50.52,50.52,50.52,50.52,574
2026-03-19 09:40:00,50.48,50.5196,50.47,50.49,11248
2026-03-19 09:45:00,50.4898,50.4898,50.48,50.48,6570
2026-03-19 10:55:00,50.49,50.49,50.49,50.49,387
2026-03-19 11:00:00,50.48,50.48,50.48,50.48,100
2026-03-19 11:05:00,50.485,50.485,50.485,50.485,361
2026-03-19 11:15:00,50.4898,50.4898,50.4898,50.4898,29668
2026-03-19 11:20:00,50.472,50.472,50.472,50.472,101
2026-03-19 11:25:00,50.4699,50.4699,50.4699,50.4699,500
2026-03-19 11:30:00,50.4697,50.4697,50.46,50.46,2700
2026-03-19 11:50:00,50.47,50.47,50.47,50.47,228
2026-03-19 11:55:00,50.47,50.47,50.47,50.47,282
2026-03-19 12:00:00,50.4701,50.475,50.4701,50.475,1267
2026-03-19 12:05:00,50.476,50.4799,50.476,50.4799,3980
2026-03-19 12:30:00,50.4797,50.48,50.475,50.4799,3515
2026-03-19 12:35:00,50.48,50.48,50.48,50.48,200
2026-03-19 12:40:00,50.48,50.48,50.4799,50.48,420
2026-03-19 12:55:00,50.4799,50.4799,50.47,50.47,12689
2026-03-19 13:00:00,50.48,50.4899,50.48,50.4899,367
2026-03-19 13:20:00,50.48,50.48,50.48,50.48,450
2026-03-19 13:30:00,50.48,50.48,50.48,50.48,100
2026-03-19 13:40:00,50.48,50.48,50.48,50.48,100
2026-03-19 13:45:00,50.4801,50.49,50.4801,50.485,535
2026-03-19 14:00:00,50.49,50.49,50.49,50.49,100
2026-03-19 14:15:00,50.4801,50.5,50.4801,50.5,552
2026-03-19 14:20:00,50.488,50.5,50.488,50.5,200
2026-03-19 14:30:00,50.49,50.5,50.49,50.49,700
2026-03-19 14:40:00,50.485,50.485,50.485,50.485,526
2026-03-19 14:45:00,50.4801,50.485,50.4801,50.485,1335
2026-03-19 14:50:00,50.485,50.485,50.485,50.485,100
2026-03-19 14:55:00,50.4801,50.49,50.4801,50.49,440
2026-03-19 15:00:00,50.4883,50.5,50.4883,50.5,1340
2026-03-19 15:05:00,50.4999,50.4999,50.4999,50.4999,131
2026-03-19 15:10:00,50.5,50.53,50.5,50.53,2475
2026-03-19 15:40:00,50.49,50.49,50.49,50.49,1400
2026-03-19 15:50:00,50.4917,50.4917,50.49,50.49,578
2026-03-19 15:55:00,50.49,50.49,50.49,50.49,200
2026-03-19 16:00:00,50.47,50.47,50.47,50.47,324
2026-03-20 09:30:00,50.45,50.45,50.45,50.45,495
2026-03-20 09:35:00,50.458,50.46,50.45,50.46,2934
2026-03-20 09:50:00,50.45,50.45,50.45,50.45,620
2026-03-20 09:55:00,50.4495,50.4495,50.4495,50.4495,483
2026-03-20 10:25:00,50.39,50.39,50.39,50.39,300
2026-03-20 10:35:00,50.38,50.38,50.38,50.38,192
2026-03-20 10:40:00,50.375,50.375,50.37,50.37,3488
2026-03-20 10:45:00,50.36,50.36,50.36,50.36,300
2026-03-20 11:10:00,50.38,50.38,50.38,50.38,10000
2026-03-20 11:35:00,50.36,50.37,50.36,50.37,11000
2026-03-20 11:40:00,50.36,50.36,50.36,50.36,125
2026-03-20 11:45:00,50.365,50.365,50.365,50.365,298
2026-03-20 11:50:00,50.35,50.35,50.35,50.35,1049
2026-03-20 12:00:00,50.3601,50.3701,50.3601,50.3701,1583
2026-03-20 12:15:00,50.38,50.38,50.38,50.38,200
2026-03-20 12:20:00,50.37,50.38,50.37,50.38,9905
2026-03-20 12:25:00,50.365,50.365,50.365,50.365,475
2026-03-20 12:45:00,50.365,50.365,50.365,50.365,1071
2026-03-20 13:00:00,50.37,50.37,50.37,50.37,100
2026-03-20 13:10:00,50.365,50.365,50.3601,50.3601,550
2026-03-20 13:15:00,50.36,50.365,50.36,50.365,5138
2026-03-20 13:20:00,50.37,50.37,50.3699,50.3699,316
2026-03-20 13:25:00,50.37,50.38,50.37,50.38,894
2026-03-20 13:30:00,50.38,50.38,50.38,50.38,103
2026-03-20 13:45:00,50.37,50.4,50.3699,50.4,1296
2026-03-20 13:50:00,50.365,50.365,50.365,50.365,413
2026-03-20 14:00:00,50.365,50.365,50.365,50.365,229
2026-03-20 14:10:00,50.3699,50.3699,50.3699,50.3699,800
2026-03-20 14:15:00,50.365,50.375,50.365,50.37,398
2026-03-20 14:25:00,50.375,50.375,50.375,50.375,200
2026-03-20 14:40:00,50.375,50.375,50.3749,50.3749,500
2026-03-20 14:45:00,50.375,50.375,50.36,50.36,1403
2026-03-20 14:50:00,50.36,50.36,50.36,50.36,1456
2026-03-20 14:55:00,50.36,50.37,50.36,50.36,2360
2026-03-20 15:00:00,50.37,50.37,50.37,50.37,307
2026-03-20 15:05:00,50.36,50.36,50.36,50.36,159
2026-03-20 15:10:00,50.36,50.36,50.36,50.36,298
2026-03-20 15:15:00,50.3501,50.37,50.3501,50.36,9303
2026-03-20 15:20:00,50.36,50.36,50.36,50.36,600
2026-03-20 15:25:00,50.35,50.3525,50.34,50.35,12990
2026-03-20 15:30:00,50.35,50.35,50.35,50.35,413
2026-03-20 15:35:00,50.34,50.34,50.34,50.34,2100
2026-03-20 15:40:00,50.34,50.345,50.34,50.345,3178
2026-03-20 15:50:00,50.34,50.34,50.34,50.34,3018
2026-03-20 15:55:00,50.34,50.34,50.34,50.34,5116
2026-03-20 16:00:00,50.35,50.35,50.35,50.35,941
2026-03-23 09:30:00,50.4,50.4,50.4,50.4,2505
2026-03-23 09:50:00,50.37,50.3999,50.37,50.385,5825
2026-03-23 10:10:00,50.4,50.4,50.37,50.37,598
2026-03-23 10:15:00,50.395,50.395,50.395,50.395,2125
2026-03-23 10:20:00,50.4,50.4,50.39,50.39,400
2026-03-23 10:25:00,50.395,50.395,50.39,50.39,859
2026-03-23 10:40:00,50.39,50.39,50.39,50.39,182
2026-03-23 10:45:00,50.38,50.39,50.38,50.39,506
2026-03-23 10:50:00,50.39,50.39,50.38,50.39,2434
2026-03-23 10:55:00,50.38,50.3804,50.38,50.38,3700
2026-03-23 11:00:00,50.39,50.4,50.39,50.4,818
2026-03-23 11:05:00,50.405,50.405,50.38,50.38,5260
2026-03-23 11:10:00,50.39,50.39,50.39,50.39,297
2026-03-23 11:15:00,50.38,50.38,50.38,50.38,100
2026-03-23 11:20:00,50.37,50.37,50.37,50.37,100
2026-03-23 11:25:00,50.38,50.38,50.38,50.38,100
2026-03-23 11:35:00,50.36,50.3701,50.36,50.3701,219
2026-03-23 11:40:00,50.36,50.36,50.36,50.36,200
2026-03-23 11:50:00,50.36,50.36,50.36,50.36,200
2026-03-23 11:55:00,50.355,50.355,50.355,50.355,1000
2026-03-23 12:00:00,50.35,50.35,50.35,50.35,200
2026-03-23 12:05:00,50.35,50.35,50.35,50.35,100
2026-03-23 12:15:00,50.35,50.35,50.35,50.35,300
2026-03-23 12:20:00,50.35,50.35,50.34,50.34,1666
2026-03-23 12:25:00,50.34,50.34,50.33,50.33,200
2026-03-23 12:30:00,50.34,50.34,50.33,50.33,30079
2026-03-23 12:35:00,50.34,50.3501,50.34,50.3501,6410
2026-03-23 12:40:00,50.35,50.35,50.35,50.35,100
2026-03-23 12:45:00,50.35,50.355,50.35,50.355,200
2026-03-23 12:55:00,50.355,50.355,50.35,50.355,1259
2026-03-23 13:05:00,50.35,50.355,50.35,50.355,1092
2026-03-23 13:10:00,50.355,50.355,50.35,50.35,333
2026-03-23 13:15:00,50.355,50.355,50.355,50.355,4330
2026-03-23 13:20:00,50.35,50.35,50.35,50.35,100
2026-03-23 13:30:00,50.35,50.36,50.35,50.35,1400
2026-03-23 13:35:00,50.3503,50.3503,50.35,50.35,1214
2026-03-23 13:40:00,50.355,50.355,50.355,50.355,239
2026-03-23 13:45:00,50.355,50.39,50.35,50.37,8615
2026-03-23 13:50:00,50.36,50.36,50.355,50.355,203
2026-03-23 13:55:00,50.3551,50.3551,50.3551,50.3551,536
2026-03-23 14:05:00,50.36,50.36,50.36,50.36,234
2026-03-23 14:10:00,50.36,50.36,50.36,50.36,202
2026-03-23 14:15:00,50.37,50.37,50.355,50.355,594
2026-03-23 14:20:00,50.36,50.36,50.3597,50.3597,753
2026-03-23 14:25:00,50.36,50.36,50.355,50.355,2817
2026-03-23 14:45:00,50.365,50.37,50.365,50.37,786
2026-03-23 14:50:00,50.36,50.36,50.36,50.36,3701
2026-03-23 14:55:00,50.36,50.37,50.36,50.365,1195
2026-03-23 15:00:00,50.36,50.3695,50.36,50.36,3897
2026-03-23 15:05:00,50.36,50.36,50.36,50.36,400
2026-03-23 15:10:00,50.36,50.37,50.36,50.37,14102
2026-03-23 15:15:00,50.36,50.37,50.36,50.37,1589
2026-03-23 15:20:00,50.351,50.37,50.35,50.3601,8881
2026-03-23 15:25:00,50.357,50.39,50.355,50.38,5545
2026-03-23 15:30:00,50.35,50.37,50.35,50.37,19264
2026-03-23 15:40:00,50.36,50.36,50.36,50.36,648
2026-03-23 15:45:00,50.37,50.39,50.36,50.365,35644
2026-03-23 15:50:00,50.36,50.3696,50.36,50.3696,797
2026-03-23 15:55:00,50.35,50.36,50.345,50.345,2587
2026-03-23 16:00:00,50.34,50.34,50.34,50.34,180
2026-03-24 09:25:00,50.36,50.4,50.36,50.4,300
2026-03-24 09:30:00,50.39,50.39,50.34,50.355,20848
2026-03-24 09:35:00,50.355,50.355,50.35,50.35,229
2026-03-24 09:45:00,50.345,50.345,50.345,50.345,402
2026-03-24 09:55:00,50.345,50.345,50.345,50.345,781
2026-03-24 10:05:00,50.345,50.3499,50.345,50.3499,2194
2026-03-24 10:10:00,50.345,50.345,50.345,50.345,331
2026-03-24 10:15:00,50.345,50.345,50.345,50.345,100
2026-03-24 10:20:00,50.345,50.345,50.32,50.32,2645
2026-03-24 10:35:00,50.31,50.31,50.31,50.31,257
2026-03-24 10:40:00,50.3099,50.31,50.3099,50.31,3835
2026-03-24 10:45:00,50.305,50.305,50.305,50.305,158
2026-03-24 10:50:00,50.305,50.305,50.305,50.305,298
2026-03-24 11:00:00,50.32,50.32,50.3014,50.3014,459
2026-03-24 11:05:00,50.3191,50.3191,50.3,50.3,845
2026-03-24 11:10:00,50.31,50.31,50.31,50.31,275
2026-03-24 11:15:00,50.31,50.31,50.31,50.31,100
2026-03-24 11:20:00,50.31,50.31,50.31,50.31,300
2026-03-24 11:30:00,50.31,50.31,50.3,50.3,2100
2026-03-24 11:35:00,50.29,50.29,50.29,50.29,33562
2026-03-24 11:40:00,50.2801,50.2805,50.2686,50.2686,1823
2026-03-24 11:45:00,50.28,50.28,50.27,50.27,400
2026-03-24 12:20:00,50.275,50.2784,50.275,50.2784,668
2026-03-24 12:35:00,50.27,50.27,50.27,50.27,300
2026-03-24 12:40:00,50.265,50.265,50.265,50.265,597
2026-03-24 13:00:00,50.26,50.26,50.26,50.26,300
2026-03-24 13:05:00,50.25,50.25,50.22,50.225,609
2026-03-24 13:10:00,50.22,50.22,50.22,50.22,200
2026-03-24 13:15:00,50.225,50.225,50.225,50.225,5184
2026-03-24 13:20:00,50.22,50.22,50.22,50.22,766
2026-03-24 13:30:00,50.225,50.225,50.225,50.225,2800
2026-03-24 13:35:00,50.22,50.22,50.22,50.22,200
2026-03-24 13:45:00,50.22,50.22,50.22,50.22,200
2026-03-24 13:50:00,50.2298,50.2298,50.2298,50.2298,300
2026-03-24 13:55:00,50.22,50.225,50.22,50.22,580
2026-03-24 14:00:00,50.22,50.225,50.22,50.225,1693
2026-03-24 14:05:00,50.22,50.22,50.22,50.22,200
2026-03-24 14:10:00,50.2299,50.2299,50.2299,50.2299,988
2026-03-24 14:15:00,50.225,50.225,50.22,50.22,1306
2026-03-24 14:20:00,50.2299,50.23,50.2299,50.23,884
2026-03-24 14:25:00,50.2201,50.23,50.2201,50.23,299
2026-03-24 14:30:00,50.23,50.23,50.23,50.23,400
2026-03-24 14:35:00,50.2301,50.235,50.2301,50.235,488
2026-03-24 14:40:00,50.23,50.23,50.23,50.23,200
2026-03-24 14:45:00,50.22,50.22,50.22,50.22,200
2026-03-24 14:55:00,50.22,50.22,50.22,50.22,200
2026-03-24 15:00:00,50.24,50.24,50.24,50.24,100
2026-03-24 15:05:00,50.2201,50.24,50.22,50.22,11243
2026-03-24 15:10:00,50.23,50.24,50.23,50.24,700
2026-03-24 15:15:00,50.23,50.24,50.23,50.23,2400
2026-03-24 15:20:00,50.24,50.24,50.23,50.24,2700
2026-03-24 15:25:00,50.24,50.24,50.23,50.24,2500
2026-03-24 15:30:00,50.24,50.26,50.226,50.23,9970
2026-03-24 15:35:00,50.23,50.23,50.22,50.23,2600
2026-03-24 15:40:00,50.23,50.23,50.22,50.23,23064
2026-03-24 15:45:00,50.23,50.26,50.22,50.22,6809
2026-03-24 15:50:00,50.22,50.22,50.22,50.22,200
2026-03-24 16:00:00,50.21,50.21,50.21,50.21,300
2026-03-25 09:25:00,50.27,50.27,50.27,50.27,300
2026-03-25 09:30:00,50.29,50.29,50.28,50.28,3174
2026-03-25 09:35:00,50.28,50.28,50.28,50.28,400
2026-03-25 09:40:00,50.285,50.285,50.285,50.285,1000
2026-03-25 09:45:00,50.28,50.28,50.28,50.28,200
2026-03-25 10:05:00,50.2797,50.2797,50.2797,50.2797,497
2026-03-25 10:10:00,50.2754,50.2754,50.2754,50.2754,100
2026-03-25 10:15:00,50.275,50.2775,50.27,50.27,1000
2026-03-25 10:35:00,50.2899,50.2899,50.28,50.28,1200
2026-03-25 10:40:00,50.28,50.28,50.28,50.28,200
2026-03-25 10:45:00,50.28,50.28,50.2797,50.2797,800
2026-03-25 11:00:00,50.2701,50.2701,50.2701,50.2701,500
2026-03-25 11:20:00,50.275,50.275,50.2749,50.2749,262
2026-03-25 11:30:00,50.275,50.275,50.275,50.275,100
2026-03-25 11:40:00,50.2702,50.275,50.27,50.2703,792
2026-03-25 11:50:00,50.2601,50.2601,50.2601,50.2601,970
2026-03-25 12:00:00,50.265,50.265,50.265,50.265,224
2026-03-25 12:10:00,50.265,50.265,50.265,50.265,1183
2026-03-25 12:15:00,50.26,50.26,50.26,50.26,38997
2026-03-25 12:20:00,50.26,50.26,50.26,50.26,100
2026-03-25 12:25:00,50.26,50.26,50.26,50.26,300
2026-03-25 13:00:00,50.25,50.255,50.25,50.255,6033
2026-03-25 13:10:00,50.25,50.25,50.25,50.25,497
2026-03-25 13:15:00,50.25,50.25,50.25,50.25,5573
2026-03-25 13:30:00,50.26,50.26,50.26,50.26,155
2026-03-25 13:35:00,50.265,50.265,50.26,50.26,2000
2026-03-25 13:40:00,50.265,50.265,50.265,50.265,313
2026-03-25 14:00:00,50.265,50.265,50.265,50.265,721
2026-03-25 14:15:00,50.27,50.27,50.2612,50.2612,410
2026-03-25 14:45:00,50.265,50.265,50.265,50.265,482
2026-03-25 14:50:00,50.26,50.26,50.26,50.26,619
2026-03-25 14:55:00,50.26,50.26,50.26,50.26,596
2026-03-25 15:00:00,50.2601,50.265,50.26,50.265,2521
2026-03-25 15:10:00,50.265,50.265,50.265,50.265,210
2026-03-25 15:15:00,50.265,50.265,50.265,50.265,100
2026-03-25 15:40:00,50.265,50.265,50.265,50.265,2141
2026-03-25 15:50:00,50.265,50.265,50.265,50.265,100
2026-03-25 15:55:00,50.26,50.26,50.26,50.26,1595
2026-03-25 16:00:00,50.27,50.27,50.27,50.27,210
2026-03-26 09:35:00,50.2784,50.2784,50.27,50.27,500
2026-03-26 09:40:00,50.2799,50.2799,50.2799,50.2799,228
2026-03-26 09:45:00,50.275,50.275,50.27,50.27,1320
2026-03-26 09:55:00,50.27,50.27,50.27,50.27,150
2026-03-26 10:00:00,50.27,50.28,50.26,50.26,4600
2026-03-26 10:05:00,50.27,50.27,50.26,50.26,600
2026-03-26 10:10:00,50.26,50.27,50.26,50.27,2344
2026-03-26 10:15:00,50.26,50.26,50.26,50.26,100
2026-03-26 10:35:00,50.26,50.2694,50.25,50.25,5101
2026-03-26 10:40:00,50.26,50.26,50.24,50.25,2290
2026-03-26 10:50:00,50.24,50.2498,50.23,50.24,1681
2026-03-26 11:05:00,50.24,50.24,50.24,50.24,112
2026-03-26 11:20:00,50.24,50.24,50.23,50.23,1200
2026-03-26 11:30:00,50.25,50.25,50.25,50.25,400
2026-03-26 11:35:00,50.25,50.25,50.23,50.24,9928
2026-03-26 11:40:00,50.2493,50.2493,50.24,50.24,3123
2026-03-26 11:45:00,50.2494,50.25,50.24,50.25,711
2026-03-26 11:50:00,50.25,50.25,50.24,50.24,1400
2026-03-26 11:55:00,50.25,50.25,50.24,50.24,500
2026-03-26 12:00:00,50.25,50.25,50.24,50.24,2607
2026-03-26 12:05:00,50.24,50.24,50.24,50.24,725
2026-03-26 12:10:00,50.25,50.25,50.24,50.24,200
2026-03-26 12:15:00,50.25,50.25,50.25,50.25,200
2026-03-26 12:20:00,50.25,50.25,50.25,50.25,100
2026-03-26 12:25:00,50.25,50.25,50.25,50.25,200
2026-03-26 12:30:00,50.24,50.24,50.24,50.24,100
2026-03-26 12:35:00,50.24,50.24,50.24,50.24,100
2026-03-26 12:45:00,50.24,50.24,50.24,50.24,200
2026-03-26 12:50:00,50.24,50.24,50.24,50.24,100
2026-03-26 12:55:00,50.24,50.24,50.23,50.23,300
2026-03-26 13:00:00,50.24,50.24,50.22,50.22,577
2026-03-26 13:15:00,50.25,50.25,50.25,50.25,100
2026-03-26 13:20:00,50.25,50.25,50.23,50.23,2266
2026-03-26 13:25:00,50.2399,50.2399,50.23,50.23,1393
2026-03-26 13:30:00,50.22,50.22,50.22,50.22,238
2026-03-26 13:35:00,50.24,50.24,50.23,50.23,200
2026-03-26 13:40:00,50.235,50.2397,50.23,50.23,1684
2026-03-26 13:50:00,50.24,50.24,50.24,50.24,100
2026-03-26 13:55:00,50.24,50.24,50.24,50.24,100
2026-03-26 14:00:00,50.24,50.24,50.23,50.2301,577
2026-03-26 14:10:00,50.25,50.25,50.23,50.23,200
2026-03-26 14:15:00,50.24,50.24,50.23,50.23,710
2026-03-26 14:25:00,50.25,50.25,50.25,50.25,100
2026-03-26 14:30:00,50.24,50.24,50.24,50.24,200
2026-03-26 14:35:00,50.23,50.2499,50.23,50.24,2265
2026-03-26 14:45:00,50.24,50.24,50.24,50.24,200
2026-03-26 14:50:00,50.23,50.23,50.23,50.23,100
2026-03-26 14:55:00,50.24,50.24,50.24,50.24,100
2026-03-26 15:00:00,50.24,50.24,50.24,50.24,314
2026-03-26 15:05:00,50.24,50.24,50.23,50.23,306
2026-03-26 15:10:00,50.2344,50.24,50.2344,50.24,434
2026-03-26 15:15:00,50.24,50.24,50.2,50.22,5460
2026-03-26 15:25:00,50.24,50.24,50.24,50.24,100
2026-03-26 15:30:00,50.24,50.24,50.23,50.23,1606
2026-03-26 15:35:00,50.235,50.235,50.235,50.235,104
2026-03-26 15:40:00,50.235,50.235,50.23,50.23,2458
2026-03-26 15:45:00,50.24,50.24,50.23,50.23,1268
2026-03-26 15:50:00,50.24,50.24,50.23,50.24,735
2026-03-26 15:55:00,50.25,50.25,50.21,50.225,9577
2026-03-27 09:25:00,50.25,50.25,50.25,50.25,100
2026-03-27 09:30:00,50.29,50.29,50.29,50.29,1994
2026-03-27 09:35:00,50.215,50.215,50.21,50.21,368
2026-03-27 09:45:00,50.23,50.23,50.225,50.225,796
2026-03-27 09:50:00,50.215,50.215,50.215,50.215,100
2026-03-27 09:55:00,50.215,50.215,50.215,50.215,100
2026-03-27 10:05:00,50.215,50.215,50.215,50.215,100
2026-03-27 10:25:00,50.2102,50.22,50.2102,50.22,492
2026-03-27 10:30:00,50.2001,50.2151,50.2001,50.2151,1073
2026-03-27 10:35:00,50.215,50.215,50.215,50.215,328
2026-03-27 10:55:00,50.225,50.225,50.22,50.2201,1648
2026-03-27 11:05:00,50.23,50.23,50.23,50.23,271
2026-03-27 11:10:00,50.23,50.23,50.23,50.23,511
2026-03-27 11:15:00,50.2301,50.2399,50.2301,50.2399,2373
2026-03-27 11:20:00,50.23,50.24,50.23,50.23,900
2026-03-27 11:35:00,50.235,50.24,50.235,50.24,1094
2026-03-27 11:45:00,50.23,50.23,50.23,50.23,600
2026-03-27 12:00:00,50.23,50.26,50.21,50.21,4520
2026-03-27 12:05:00,50.2201,50.2201,50.2201,50.2201,138
2026-03-27 12:25:00,50.24,50.24,50.24,50.24,100
2026-03-27 12:30:00,50.235,50.36,50.22,50.23,10700
2026-03-27 12:35:00,50.24,50.24,50.23,50.2351,1284
2026-03-27 12:40:00,50.22,50.24,50.22,50.235,1208
2026-03-27 12:45:00,50.23,50.23,50.23,50.23,155
2026-03-27 12:50:00,50.235,50.235,50.23,50.23,300
2026-03-27 13:00:00,50.22,50.24,50.22,50.23,3486
2026-03-27 13:05:00,50.22,50.22,50.22,50.22,100
2026-03-27 13:10:00,50.235,50.2399,50.23,50.23,400
2026-03-27 13:15:00,50.23,50.24,50.22,50.22,70009
2026-03-27 13:20:00,50.23,50.23,50.22,50.23,3474
2026-03-27 13:30:00,50.23,50.23,50.23,50.23,400
2026-03-27 13:35:00,50.23,50.23,50.23,50.23,100
2026-03-27 13:40:00,50.23,50.23,50.23,50.23,200
2026-03-27 13:45:00,50.23,50.23,50.23,50.23,100
2026-03-27 13:50:00,50.23,50.23,50.23,50.23,100
2026-03-27 13:55:00,50.2202,50.2202,50.06,50.06,8400
2026-03-27 14:00:00,50.22,50.23,50.06,50.2151,12347
2026-03-27 14:05:00,50.21,50.24,50.18,50.1901,9169
2026-03-27 14:10:00,50.22,50.22,50.2199,50.2199,2091
2026-03-27 14:15:00,50.22,50.22,50.22,50.22,100
2026-03-27 14:20:00,50.22,50.225,50.22,50.225,6947
2026-03-27 14:25:00,50.22,50.23,50.22,50.23,5200
2026-03-27 14:30:00,50.22,50.25,50.22,50.2215,8972
2026-03-27 14:40:00,50.225,50.225,50.225,50.225,100
2026-03-27 14:45:00,50.225,50.225,50.225,50.225,200
2026-03-27 14:50:00,50.225,50.225,50.225,50.225,100
2026-03-27 15:05:00,50.2299,50.23,50.22,50.22,800
2026-03-27 15:10:00,50.22,50.22,50.22,50.22,100
2026-03-27 15:15:00,50.22,50.22,50.22,50.22,100
2026-03-27 15:20:00,50.23,50.25,50.23,50.25,24885
2026-03-27 15:25:00,50.22,50.23,50.22,50.23,1790
2026-03-27 15:30:00,50.24,50.26,50.23,50.23,600
2026-03-27 15:35:00,50.24,50.39,50.24,50.39,1700
2026-03-27 15:40:00,50.23,50.23,50.22,50.23,2190
2026-03-27 15:45:00,50.2395,50.2395,50.22,50.22,309
2026-03-27 15:50:00,50.23,50.23,50.22,50.23,591
2026-03-27 15:55:00,50.23,50.23,50.22,50.22,200
2026-03-30 09:30:00,50.31,50.31,50.31,50.31,801
2026-03-30 09:35:00,50.309,50.309,50.305,50.305,2898
2026-03-30 09:50:00,50.3,50.3,50.3,50.3,100
2026-03-30 09:55:00,50.2999,50.2999,50.2999,50.2999,129
2026-03-30 10:05:00,50.295,50.295,50.295,50.295,299
2026-03-30 10:10:00,50.295,50.295,50.295,50.295,100
2026-03-30 10:15:00,50.295,50.295,50.295,50.295,1988
2026-03-30 10:20:00,50.2901,50.2901,50.2901,50.2901,1498
2026-03-30 10:25:00,50.295,50.295,50.295,50.295,225
2026-03-30 10:45:00,50.295,50.295,50.295,50.295,316
2026-03-30 11:00:00,50.29,50.2901,50.2601,50.2601,783
2026-03-30 11:05:00,50.28,50.28,50.28,50.28,587
2026-03-30 11:10:00,50.29,50.29,50.29,50.29,2023
2026-03-30 11:15:00,50.29,50.2942,50.2899,50.2942,894
2026-03-30 11:40:00,50.2801,50.29,50.2801,50.29,4910
2026-03-30 11:50:00,50.295,50.295,50.295,50.295,437
2026-03-30 12:05:00,50.29,50.3,50.28,50.28,11268
2026-03-30 12:20:00,50.285,50.285,50.285,50.285,796
2026-03-30 12:40:00,50.29,50.29,50.29,50.29,4382
2026-03-30 12:45:00,50.2898,50.2898,50.2898,50.2898,395
2026-03-30 12:55:00,50.285,50.285,50.285,50.285,134
2026-03-30 13:00:00,50.2801,50.2801,50.2801,50.2801,3479
2026-03-30 13:05:00,50.28,50.28,50.27,50.27,200
2026-03-30 13:30:00,50.27,50.27,50.255,50.255,9524
2026-03-30 13:45:00,50.27,50.27,50.27,50.27,1383
2026-03-30 14:10:00,50.26,50.26,50.26,50.26,698
2026-03-30 14:20:00,50.2601,50.2601,50.26,50.26,4078
2026-03-30 14:45:00,50.26,50.26,50.24,50.25,800
2026-03-30 14:55:00,50.26,50.26,50.26,50.26,186
2026-03-30 15:00:00,50.26,50.26,50.26,50.26,100
2026-03-30 15:05:00,50.26,50.26,50.26,50.26,200
2026-03-30 15:15:00,50.25,50.2596,50.25,50.2596,1185
2026-03-30 15:20:00,50.255,50.255,50.255,50.255,101
2026-03-30 15:30:00,50.25,50.25,50.25,50.25,4359
2026-03-30 15:35:00,50.255,50.255,50.255,50.255,1151
2026-03-30 15:40:00,50.25,50.26,50.25,50.26,297
2026-03-30 15:45:00,50.26,50.26,50.255,50.255,1073
2026-03-30 15:50:00,50.26,50.26,50.255,50.26,932
2026-03-30 15:55:00,50.255,50.255,50.255,50.255,440
2026-03-30 16:00:00,50.27,50.27,50.27,50.27,128
2026-03-31 09:30:00,50.14,50.16,50.14,50.15,1954
2026-03-31 09:40:00,50.18,50.18,50.18,50.18,200
2026-03-31 09:45:00,50.18,50.1802,50.18,50.1802,1525
2026-03-31 10:05:00,50.1815,50.1815,50.1815,50.1815,398
2026-03-31 10:10:00,50.1701,50.175,50.1701,50.175,1167
2026-03-31 10:15:00,50.17,50.17,50.17,50.17,100
2026-03-31 10:20:00,50.1758,50.1758,50.1758,50.1758,1735
2026-03-31 10:25:00,50.175,50.175,50.175,50.175,287
2026-03-31 10:30:00,50.175,50.175,50.175,50.175,232
2026-03-31 10:45:00,50.18,50.18,50.1501,50.16,3200
2026-03-31 11:00:00,50.16,50.18,50.155,50.18,2600
2026-03-31 11:25:00,50.17,50.17,50.17,50.17,973
2026-03-31 11:30:00,50.17,50.17,50.17,50.17,118
2026-03-31 11:40:00,50.18,50.18,50.17,50.17,1594
2026-03-31 11:45:00,50.17,50.17,50.17,50.17,5100
2026-03-31 11:50:00,50.17,50.17,50.17,50.17,1000
2026-03-31 11:55:00,50.16,50.16,50.16,50.16,122
2026-03-31 12:05:00,50.145,50.15,50.145,50.15,267
2026-03-31 12:10:00,50.1599,50.1599,50.155,50.155,400
2026-03-31 12:15:00,50.1499,50.1499,50.14,50.14,6780
2026-03-31 12:20:00,50.13,50.1493,50.13,50.13,3591
2026-03-31 12:25:00,50.13,50.13,50.13,50.13,100
2026-03-31 12:30:00,50.13,50.15,50.13,50.13,2200
2026-03-31 12:35:00,50.14,50.14,50.13,50.14,1406
2026-03-31 12:40:00,50.1601,50.165,50.1601,50.165,2776
2026-03-31 12:45:00,50.165,50.17,50.165,50.17,10000
2026-03-31 12:50:00,50.145,50.15,50.145,50.15,581
2026-03-31 12:55:00,50.14,50.15,50.14,50.15,200
2026-03-31 13:00:00,50.14,50.15,50.14,50.14,2300
2026-03-31 13:10:00,50.14,50.14,50.1001,50.1001,4071
2026-03-31 13:20:00,50.12,50.13,50.1001,50.1001,5832
2026-03-31 13:25:00,50.1201,50.14,50.12,50.12,543
2026-03-31 13:45:00,50.14,50.14,50.14,50.14,100
2026-03-31 13:50:00,50.135,50.135,50.12,50.12,300
2026-03-31 13:55:00,50.1,50.1699,50.1,50.1699,785
2026-03-31 14:05:00,50.135,50.1455,50.135,50.1455,2300
2026-03-31 14:25:00,50.17,50.17,50.17,50.17,100
2026-03-31 14:30:00,50.17,50.17,50.165,50.17,1500
2026-03-31 14:35:00,50.175,50.1766,50.12,50.12,2089
2026-03-31 14:40:00,50.12,50.19,50.12,50.19,830
2026-03-31 14:45:00,50.175,50.19,50.175,50.18,4022
2026-03-31 14:50:00,50.175,50.175,50.175,50.175,400
2026-03-31 14:55:00,50.1701,50.1701,50.1701,50.1701,486
2026-03-31 15:00:00,50.17,50.17,50.16,50.16,500
2026-03-31 15:05:00,50.16,50.17,50.16,50.16,300
2026-03-31 15:10:00,50.165,50.17,50.16,50.165,1200
2026-03-31 15:15:00,50.17,50.18,50.17,50.18,600
2026-03-31 15:20:00,50.17,50.17,50.17,50.17,267
2026-03-31 15:25:00,50.17,50.18,50.17,50.17,450
2026-03-31 15:30:00,50.18,50.18,50.17,50.17,627
2026-03-31 15:35:00,50.18,50.18,50.16,50.17,747
2026-03-31 15:40:00,50.17,50.17,50.17,50.17,100
2026-03-31 15:45:00,50.1799,50.18,50.17,50.18,590
2026-03-31 15:50:00,50.18,50.18,50.1799,50.1799,3600
2026-03-31 15:55:00,50.185,50.185,50.16,50.16,1225
2026-03-31 16:00:00,50.19,50.19,50.19,50.19,561
2026-04-01 09:30:00,50.28,50.28,50.28,50.28,5460
2026-04-01 09:35:00,50.2484,50.2484,50.2484,50.2484,103
2026-04-01 09:40:00,50.2301,50.2301,50.2301,50.2301,173
2026-04-01 09:55:00,50.2301,50.2301,50.2301,50.2301,116
2026-04-01 10:00:00,50.25,50.25,50.25,50.25,300
2026-04-01 10:05:00,50.24,50.25,50.24,50.24,2748
2026-04-01 10:10:00,50.23,50.23,50.23,50.23,100
2026-04-01 10:15:00,50.23,50.23,50.23,50.23,100
2026-04-01 10:20:00,50.235,50.235,50.225,50.225,2693
2026-04-01 10:25:00,50.22,50.22,50.21,50.21,540
2026-04-01 10:35:00,50.2,50.2,50.2,50.2,100
2026-04-01 10:40:00,50.19,50.195,50.19,50.195,1136
2026-04-01 10:50:00,50.2,50.22,50.1999,50.215,6557
2026-04-01 10:55:00,50.21,50.21,50.21,50.21,583
2026-04-01 11:05:00,50.22,50.22,50.215,50.215,1072
2026-04-01 11:10:00,50.2146,50.2146,50.2146,50.2146,300
2026-04-01 11:15:00,50.21,50.21,50.21,50.21,100
2026-04-01 11:20:00,50.21,50.215,50.21,50.215,699
2026-04-01 11:25:00,50.21,50.21,50.21,50.21,200
2026-04-01 11:30:00,50.2153,50.2153,50.2153,50.2153,342
2026-04-01 11:35:00,50.21,50.22,50.2,50.2,25305
2026-04-01 11:40:00,50.205,50.205,50.205,50.205,100
2026-04-01 11:45:00,50.205,50.205,50.205,50.205,1000
2026-04-01 11:55:00,50.2097,50.2097,50.19,50.19,1369
2026-04-01 12:05:00,50.2,50.21,50.2,50.21,1146
2026-04-01 12:15:00,50.209,50.21,50.205,50.2051,808
2026-04-01 12:20:00,50.21,50.215,50.21,50.215,200
2026-04-01 12:25:00,50.21,50.21,50.21,50.21,100
2026-04-01 12:30:00,50.21,50.21,50.19,50.2,1267
2026-04-01 12:50:00,50.21,50.23,50.21,50.23,12695
2026-04-01 13:05:00,50.22,50.22,50.215,50.215,700
2026-04-01 13:10:00,50.215,50.215,50.215,50.215,155
2026-04-01 13:20:00,50.215,50.215,50.215,50.215,2400
2026-04-01 13:25:00,50.21,50.21,50.21,50.21,696
2026-04-01 13:35:00,50.2,50.2,50.18,50.1801,4986
2026-04-01 13:40:00,50.2,50.2,50.2,50.2,100
2026-04-01 13:50:00,50.19,50.19,50.18,50.18,697
2026-04-01 14:05:00,50.19,50.21,50.19,50.2,1339
2026-04-01 14:10:00,50.205,50.205,50.205,50.205,196
2026-04-01 14:15:00,50.2,50.2,50.2,50.2,300
2026-04-01 14:20:00,50.21,50.21,50.2,50.2,827
2026-04-01 14:40:00,50.2002,50.2002,50.2002,50.2002,612
2026-04-01 14:45:00,50.21,50.21,50.21,50.21,100
2026-04-01 15:00:00,50.2002,50.21,50.2002,50.21,1234
2026-04-01 15:05:00,50.2,50.21,50.2,50.21,699
2026-04-01 15:20:00,50.21,50.21,50.21,50.21,300
2026-04-01 15:25:00,50.2097,50.215,50.2097,50.215,1995
2026-04-01 15:30:00,50.215,50.215,50.215,50.215,368
2026-04-01 15:35:00,50.215,50.215,50.215,50.215,200
2026-04-01 15:50:00,50.215,50.215,50.215,50.215,359
2026-04-01 15:55:00,50.215,50.22,50.215,50.22,1111
2026-04-01 16:00:00,50.23,50.23,50.23,50.23,554
2026-04-02 09:30:00,50.27,50.27,50.27,50.27,4212
2026-04-02 09:35:00,50.24,50.24,50.24,50.24,330
2026-04-02 09:40:00,50.25,50.255,50.25,50.255,200
2026-04-02 09:45:00,50.255,50.255,50.255,50.255,124
2026-04-02 09:55:00,50.25,50.25,50.25,50.25,1590
2026-04-02 10:00:00,50.255,50.255,50.255,50.255,100
2026-04-02 10:05:00,50.255,50.255,50.255,50.255,100
2026-04-02 10:10:00,50.25,50.25,50.25,50.25,1094
2026-04-02 10:15:00,50.2598,50.2598,50.2598,50.2598,394
2026-04-02 10:20:00,50.255,50.255,50.255,50.255,100
2026-04-02 10:25:00,50.2599,50.2599,50.2599,50.2599,1492
2026-04-02 10:30:00,50.26,50.26,50.26,50.26,2000
2026-04-02 10:35:00,50.26,50.27,50.26,50.26,2314
2026-04-02 10:50:00,50.25,50.255,50.25,50.25,1800
2026-04-02 10:55:00,50.24,50.24,50.24,50.24,1973
2026-04-02 11:00:00,50.26,50.26,50.26,50.26,100
2026-04-02 11:05:00,50.255,50.255,50.255,50.255,200
2026-04-02 11:10:00,50.2501,50.2501,50.2501,50.2501,108
2026-04-02 11:25:00,50.25,50.25,50.25,50.25,100
2026-04-02 11:40:00,50.245,50.245,50.245,50.245,2000
2026-04-02 11:55:00,50.245,50.26,50.245,50.26,5357
2026-04-02 12:05:00,50.26,50.26,50.25,50.25,1285
2026-04-02 12:20:00,50.26,50.26,50.255,50.2598,919
2026-04-02 12:30:00,50.26,50.26,50.2498,50.2498,2031
2026-04-02 12:35:00,50.2498,50.2498,50.2498,50.2498,3575
2026-04-02 13:00:00,50.242,50.25,50.242,50.25,1020
2026-04-02 13:10:00,50.25,50.25,50.25,50.25,100
2026-04-02 13:35:00,50.245,50.245,50.245,50.245,528
2026-04-02 13:40:00,50.25,50.25,50.245,50.245,850
2026-04-02 13:50:00,50.2441,50.2441,50.2441,50.2441,140
2026-04-02 14:05:00,50.2442,50.25,50.2442,50.25,536
2026-04-02 14:15:00,50.27,50.27,50.26,50.26,2044
2026-04-02 14:20:00,50.27,50.27,50.26,50.26,5545
2026-04-02 14:30:00,50.26,50.26,50.26,50.26,100
2026-04-02 14:35:00,50.26,50.26,50.26,50.26,488
2026-04-02 14:40:00,50.26,50.26,50.26,50.26,592
2026-04-02 14:45:00,50.26,50.26,50.26,50.26,644
2026-04-02 14:50:00,50.26,50.26,50.26,50.26,872
2026-04-02 14:55:00,50.26,50.26,50.26,50.26,400
2026-04-02 15:00:00,50.26,50.26,50.26,50.26,500
2026-04-02 15:05:00,50.26,50.26,50.26,50.26,1050
2026-04-02 15:10:00,50.26,50.26,50.26,50.26,800
2026-04-02 15:15:00,50.26,50.27,50.26,50.2642,767
2026-04-02 15:20:00,50.265,50.265,50.265,50.265,1031
2026-04-02 15:25:00,50.2624,50.27,50.2624,50.27,6742
2026-04-02 15:30:00,50.27,50.27,50.265,50.27,595
2026-04-02 15:35:00,50.27,50.27,50.27,50.27,742
2026-04-02 15:40:00,50.27,50.27,50.2675,50.27,950
2026-04-02 15:45:00,50.27,50.27,50.27,50.27,400
2026-04-02 15:50:00,50.27,50.27,50.26,50.26,3994
2026-04-02 15:55:00,50.265,50.27,50.26,50.27,573
2026-04-02 16:00:00,50.27,50.27,50.27,50.27,554
