2026-03-04 04:30:00,52.99,53.0,52.99,53.0,2100
2026-03-04 05:50:00,53.99,54.0,53.99,54.0,573
2026-03-04 06:25:00,54.03,54.03,54.03,54.03,100
2026-03-04 07:00:00,54.05,54.05,54.05,54.05,100
2026-03-04 07:30:00,53.65,53.65,53.65,53.65,1000
2026-03-04 08:00:00,54.3156,54.3156,54.3156,54.3156,130
2026-03-04 08:10:00,54.0,54.0,54.0,54.0,500
2026-03-04 08:55:00,54.19,54.4,54.19,54.4,1440
2026-03-04 09:00:00,54.3815,54.4,54.37,54.4,1835
2026-03-04 09:05:00,54.45,54.45,54.45,54.45,110
2026-03-04 09:10:00,54.4619,54.4619,54.4619,54.4619,500
2026-03-04 09:30:00,54.22,54.29,54.09,54.29,27942
2026-03-04 09:35:00,54.146,54.205,54.06,54.13,4060
2026-03-04 09:40:00,54.11,54.16,54.055,54.14,17511
2026-03-04 09:45:00,54.14,54.18,54.04,54.155,6364
2026-03-04 09:50:00,54.12,54.2,54.12,54.17,1574
2026-03-04 09:55:00,54.175,54.24,54.1475,54.24,3933
2026-03-04 10:00:00,54.24,54.32,54.24,54.26,5002
2026-03-04 10:05:00,54.255,54.38,54.19,54.3799,10505
2026-03-04 10:10:00,54.38,54.38,54.2906,54.33,3601
2026-03-04 10:15:00,54.34,54.44,54.34,54.44,1678
2026-03-04 10:20:00,54.445,54.55,54.44,54.54,56070
2026-03-04 10:25:00,54.53,54.6,54.52,54.6,22532
2026-03-04 10:30:00,54.6,54.63,54.49,54.49,6257
2026-03-04 10:35:00,54.47,54.525,54.43,54.43,3033
2026-03-04 10:40:00,54.46,54.4899,54.405,54.4899,7677
2026-03-04 10:45:00,54.45,54.54,54.44,54.515,4351
2026-03-04 10:50:00,54.515,54.595,54.47,54.595,16334
2026-03-04 10:55:00,54.56,54.58,54.5,54.575,3400
2026-03-04 11:00:00,54.59,54.635,54.575,54.625,49033
2026-03-04 11:05:00,54.625,54.625,54.62,54.62,400
2026-03-04 11:10:00,54.62,54.62,54.4848,54.5,1716
2026-03-04 11:15:00,54.53,54.55,54.425,54.425,1522
2026-03-04 11:20:00,54.41,54.45,54.4,54.42,2104
2026-03-04 11:25:00,54.39,54.43,54.34,54.34,6011
2026-03-04 11:30:00,54.38,54.38,54.27,54.37,5938
2026-03-04 11:35:00,54.375,54.43,54.36,54.385,3324
2026-03-04 11:40:00,54.365,54.54,54.365,54.48,13194
2026-03-04 11:45:00,54.48,54.49,54.4505,54.4505,910
2026-03-04 11:50:00,54.445,54.455,54.43,54.45,4677
2026-03-04 11:55:00,54.42,54.43,54.4175,54.4175,700
2026-03-04 12:00:00,54.41,54.45,54.41,54.45,436
2026-03-04 12:05:00,54.445,54.4632,54.44,54.44,830
2026-03-04 12:10:00,54.45,54.46,54.45,54.45,712
2026-03-04 12:15:00,54.455,54.455,54.38,54.405,730
2026-03-04 12:20:00,54.38,54.38,54.34,54.36,3642
2026-03-04 12:25:00,54.37,54.37,54.365,54.365,1098
2026-03-04 12:30:00,54.4031,54.4031,54.26,54.28,2374
2026-03-04 12:35:00,54.34,54.34,54.327,54.34,2967
2026-03-04 12:40:00,54.345,54.345,54.3,54.31,1177
2026-03-04 12:45:00,54.31,54.39,54.31,54.36,18766
2026-03-04 12:50:00,54.3425,54.35,54.3425,54.35,343
2026-03-04 12:55:00,54.34,54.4,54.34,54.37,3046
2026-03-04 13:00:00,54.34,54.36,54.3,54.3,1955
2026-03-04 13:05:00,54.33,54.4,54.33,54.3914,2366
2026-03-04 13:10:00,54.37,54.37,54.36,54.36,338
2026-03-04 13:15:00,54.37,54.37,54.34,54.34,2120
2026-03-04 13:20:00,54.33,54.365,54.3,54.355,520
2026-03-04 13:25:00,54.3899,54.3899,54.335,54.36,1075
2026-03-04 13:30:00,54.37,54.41,54.37,54.4,1375
2026-03-04 13:35:00,54.42,54.46,54.38,54.44,4149
2026-03-04 13:40:00,54.44,54.56,54.42,54.47,20193
2026-03-04 13:45:00,54.42,54.46,54.41,54.41,10318
2026-03-04 13:50:00,54.445,54.445,54.44,54.445,600
2026-03-04 13:55:00,54.44,54.44,54.37,54.37,9519
2026-03-04 14:00:00,54.37,54.482,54.37,54.47,14733
2026-03-04 14:05:00,54.47,54.48,54.45,54.465,1568
2026-03-04 14:10:00,54.455,54.46,54.45,54.46,2870
2026-03-04 14:15:00,54.475,54.49,54.47,54.49,404
2026-03-04 14:20:00,54.485,54.4999,54.42,54.445,2319
2026-03-04 14:25:00,54.465,54.465,54.41,54.41,400
2026-03-04 14:30:00,54.45,54.4937,54.4101,54.4101,3256
2026-03-04 14:35:00,54.445,54.47,54.445,54.47,2430
2026-03-04 14:40:00,54.47,54.47,54.45,54.47,374070
2026-03-04 14:45:00,54.45,54.49,54.44,54.49,1797
2026-03-04 14:50:00,54.5,54.5,54.5,54.5,206
2026-03-04 14:55:00,54.555,54.58,54.53,54.57,6777
2026-03-04 15:00:00,54.595,54.595,54.5253,54.53,6572
2026-03-04 15:05:00,54.515,54.54,54.51,54.54,460
2026-03-04 15:10:00,54.525,54.585,54.51,54.535,4865
2026-03-04 15:15:00,54.53,54.545,54.5,54.52,1215
2026-03-04 15:20:00,54.52,54.56,54.52,54.56,4008
2026-03-04 15:25:00,54.555,54.58,54.55,54.58,4621
2026-03-04 15:30:00,54.55,54.56,54.495,54.515,52548
2026-03-04 15:35:00,54.515,54.57,54.515,54.545,7903
2026-03-04 15:40:00,54.54,54.59,54.525,54.57,24221
2026-03-04 15:45:00,54.58,54.63,54.56,54.6,21945
2026-03-04 15:50:00,54.6,54.6,54.4279,54.495,14644
2026-03-04 15:55:00,54.53,54.62,54.49,54.56,8319
2026-03-04 16:00:00,54.66,54.66,54.66,54.66,26830
2026-03-04 19:20:00,54.0,54.0,54.0,54.0,175
2026-03-05 06:00:00,54.76,54.76,54.76,54.76,100
2026-03-05 09:05:00,54.25,54.25,54.25,54.25,1895
2026-03-05 09:15:00,54.25,54.25,54.25,54.25,2000
2026-03-05 09:20:00,54.25,54.25,54.25,54.25,374
2026-03-05 09:30:00,54.1,54.21,53.8201,54.21,4347
2026-03-05 09:35:00,54.205,54.22,54.05,54.05,9673
2026-03-05 09:40:00,54.05,54.06,53.8737,53.8737,6143
2026-03-05 09:45:00,53.8808,53.97,53.805,53.865,11514
2026-03-05 09:50:00,53.9,54.005,53.84,54.0,14489
2026-03-05 09:55:00,54.03,54.07,53.9,54.07,5029
2026-03-05 10:00:00,54.15,54.15,54.14,54.14,1803
2026-03-05 10:05:00,54.07,54.08,53.915,53.94,7420
2026-03-05 10:10:00,53.95,53.96,53.865,53.91,3092
2026-03-05 10:15:00,53.92,53.92,53.8613,53.875,2377
2026-03-05 10:20:00,53.86,53.86,53.7111,53.7111,2726
2026-03-05 10:25:00,53.755,53.8,53.61,53.68,8242
2026-03-05 10:30:00,53.71,53.73,53.58,53.62,2721
2026-03-05 10:35:00,53.62,53.62,53.57,53.61,5245
2026-03-05 10:40:00,53.64,53.71,53.57,53.61,20004
2026-03-05 10:45:00,53.58,53.645,53.58,53.61,8001
2026-03-05 10:50:00,53.59,53.78,53.59,53.7,20702
2026-03-05 10:55:00,53.66,53.75,53.61,53.75,2439
2026-03-05 11:00:00,53.75,53.75,53.63,53.64,17990
2026-03-05 11:05:00,53.62,53.635,53.38,53.38,14602
2026-03-05 11:10:00,53.39,53.44,53.36,53.43,5934
2026-03-05 11:15:00,53.45,53.485,53.4,53.42,22248
2026-03-05 11:20:00,53.4,53.44,53.24,53.24,10091
2026-03-05 11:25:00,53.24,53.31,53.17,53.2,11363
2026-03-05 11:30:00,53.15,53.36,53.15,53.325,13891
2026-03-05 11:35:00,53.31,53.36,53.29,53.36,5307
2026-03-05 11:40:00,53.36,53.395,53.36,53.37,6797
2026-03-05 11:45:00,53.41,53.46,53.41,53.425,3050
2026-03-05 11:50:00,53.45,53.45,53.36,53.43,27311
2026-03-05 11:55:00,53.46,53.54,53.45,53.5299,10031
2026-03-05 12:00:00,53.495,53.54,53.4601,53.54,3141
2026-03-05 12:05:00,53.585,53.585,53.465,53.465,6539
2026-03-05 12:10:00,53.435,53.44,53.38,53.4,2512
2026-03-05 12:15:00,53.37,53.37,53.33,53.35,5206
2026-03-05 12:20:00,53.38,53.445,53.35,53.43,29299
2026-03-05 12:25:00,53.43,53.44,53.4,53.44,4251
2026-03-05 12:30:00,53.35,53.35,53.26,53.26,1420
2026-03-05 12:35:00,53.285,53.335,53.205,53.33,8852
2026-03-05 12:40:00,53.34,53.34,53.22,53.27,2652
2026-03-05 12:45:00,53.2,53.21,53.18,53.18,1000
2026-03-05 12:50:00,53.18,53.28,53.13,53.165,8876
2026-03-05 12:55:00,53.12,53.16,53.12,53.15,4407
2026-03-05 13:00:00,53.17,53.2,53.135,53.135,1714
2026-03-05 13:05:00,53.17,53.23,53.17,53.23,5235
2026-03-05 13:10:00,53.22,53.24,53.21,53.24,593
2026-03-05 13:15:00,53.24,53.24,53.13,53.13,3451
2026-03-05 13:20:00,53.13,53.21,53.125,53.175,5300
2026-03-05 13:25:00,53.1,53.1,53.05,53.085,2265
2026-03-05 13:30:00,53.13,53.17,53.105,53.13,4695
2026-03-05 13:35:00,53.17,53.21,53.16,53.185,3693
2026-03-05 13:40:00,53.22,53.32,53.22,53.32,2086
2026-03-05 13:45:00,53.29,53.3,53.26,53.29,3021
2026-03-05 13:50:00,53.28,53.28,53.1801,53.2,8861
2026-03-05 13:55:00,53.24,53.28,53.24,53.26,1433
2026-03-05 14:00:00,53.25,53.26,53.23,53.23,1331
2026-03-05 14:05:00,53.24,53.26,53.2,53.215,9446
2026-03-05 14:10:00,53.24,53.25,53.21,53.21,1112
2026-03-05 14:15:00,53.2,53.22,53.19,53.22,2309
2026-03-05 14:20:00,53.23,53.255,53.23,53.24,6181
2026-03-05 14:25:00,53.24,53.27,53.185,53.185,5943
2026-03-05 14:30:00,53.185,53.185,53.095,53.095,4127
2026-03-05 14:35:00,53.095,53.095,53.0401,53.05,400
2026-03-05 14:40:00,53.08,53.135,53.08,53.135,2403
2026-03-05 14:45:00,53.12,53.125,53.11,53.11,640
2026-03-05 14:50:00,53.12,53.15,53.12,53.12,12125
2026-03-05 14:55:00,53.1,53.12,53.09,53.12,6549
2026-03-05 15:00:00,53.11,53.2,53.08,53.2,30806
2026-03-05 15:05:00,53.19,53.26,53.1,53.25,39266
2026-03-05 15:10:00,53.24,53.4,53.24,53.38,60770
2026-03-05 15:15:00,53.37,53.42,53.35,53.42,17643
2026-03-05 15:20:00,53.415,53.5,53.415,53.5,2559
2026-03-05 15:25:00,53.545,53.57,53.51,53.51,10798
2026-03-05 15:30:00,53.455,53.515,53.455,53.505,14499
2026-03-05 15:35:00,53.51,53.54,53.49,53.52,13297
2026-03-05 15:40:00,53.5,53.5201,53.49,53.51,28400
2026-03-05 15:45:00,53.51,53.51,53.41,53.5,73186
2026-03-05 15:50:00,53.48,53.54,53.435,53.54,22580
2026-03-05 15:55:00,53.51,53.55,53.48,53.53,47044
2026-03-05 16:00:00,53.55,53.55,53.55,53.55,20976
2026-03-05 18:55:00,53.8802,53.8802,53.8802,53.8802,100
2026-03-06 09:30:00,52.43,52.64,52.0853,52.42,17937
2026-03-06 09:35:00,52.39,52.39,52.205,52.3,4636
2026-03-06 09:40:00,52.26,52.4334,52.22,52.37,6798
2026-03-06 09:45:00,52.35,52.44,52.32,52.395,8088
2026-03-06 09:50:00,52.41,52.62,52.41,52.58,7571
2026-03-06 09:55:00,52.56,52.575,52.48,52.53,8969
2026-03-06 10:00:00,52.52,52.78,52.51,52.71,11966
2026-03-06 10:05:00,52.74,52.76,52.66,52.66,6209
2026-03-06 10:10:00,52.66,52.7901,52.65,52.75,5654
2026-03-06 10:15:00,52.765,52.855,52.76,52.855,3274
2026-03-06 10:20:00,52.85,52.98,52.85,52.98,5096
2026-03-06 10:25:00,52.95,52.97,52.88,52.89,3529
2026-03-06 10:30:00,52.97,53.022,52.94,52.94,6338
2026-03-06 10:35:00,52.96,52.98,52.91,52.93,10918
2026-03-06 10:40:00,52.92,52.92,52.825,52.84,2850
2026-03-06 10:45:00,52.84,52.87,52.75,52.76,2727
2026-03-06 10:50:00,52.77,52.77,52.65,52.73,2938
2026-03-06 10:55:00,52.8,52.89,52.8,52.88,1571
2026-03-06 11:00:00,52.87,53.04,52.86,53.04,4336
2026-03-06 11:05:00,53.035,53.07,52.99,53.05,3777
2026-03-06 11:10:00,53.02,53.02,52.895,52.91,5349
2026-03-06 11:15:00,52.91,53.02,52.895,53.02,5528
2026-03-06 11:20:00,53.06,53.06,52.96,53.0,4083
2026-03-06 11:25:00,53.01,53.03,52.96,53.03,5393
2026-03-06 11:30:00,53.04,53.1,52.99,53.1,3257
2026-03-06 11:35:00,53.15,53.27,53.15,53.24,2232
2026-03-06 11:40:00,53.24,53.24,53.14,53.1408,19605
2026-03-06 11:45:00,53.17,53.23,53.17,53.185,7474
2026-03-06 11:50:00,53.185,53.25,53.14,53.14,3231
2026-03-06 11:55:00,53.13,53.16,53.09,53.16,5635
2026-03-06 12:00:00,53.13,53.2,53.11,53.2,3058
2026-03-06 12:05:00,53.14,53.15,53.04,53.065,2151
2026-03-06 12:10:00,53.09,53.105,53.04,53.04,2300
2026-03-06 12:15:00,53.06,53.12,53.06,53.11,2398
2026-03-06 12:20:00,53.15,53.19,53.14,53.15,3286
2026-03-06 12:25:00,53.14,53.14,53.05,53.07,10376
2026-03-06 12:30:00,53.07,53.17,53.07,53.17,11084
2026-03-06 12:35:00,53.16,53.16,53.01,53.05,5985
2026-03-06 12:40:00,53.06,53.06,52.97,53.03,9342
2026-03-06 12:45:00,53.055,53.12,53.03,53.095,3991
2026-03-06 12:50:00,53.105,53.13,53.055,53.06,6460
2026-03-06 12:55:00,53.05,53.1,53.05,53.05,6737
2026-03-06 13:00:00,53.11,53.22,53.1,53.16,3680
2026-03-06 13:05:00,53.15,53.22,53.15,53.22,1820
2026-03-06 13:10:00,53.225,53.32,53.205,53.28,7707
2026-03-06 13:15:00,53.28,53.4,53.28,53.4,3166
2026-03-06 13:20:00,53.42,53.425,53.35,53.35,6441
2026-03-06 13:25:00,53.36,53.36,53.27,53.27,3093
2026-03-06 13:30:00,53.3,53.36,53.29,53.34,3993
2026-03-06 13:35:00,53.34,53.34,53.255,53.26,2388
2026-03-06 13:40:00,53.26,53.31,53.26,53.29,10307
2026-03-06 13:45:00,53.3,53.31,53.26,53.275,2293
2026-03-06 13:50:00,53.27,53.27,53.22,53.22,1526
2026-03-06 13:55:00,53.25,53.25,53.23,53.24,3572
2026-03-06 14:00:00,53.24,53.24,53.24,53.24,882
2026-03-06 14:05:00,53.24,53.28,53.24,53.265,1739
2026-03-06 14:10:00,53.295,53.32,53.295,53.31,3484
2026-03-06 14:15:00,53.31,53.32,53.28,53.32,2737
2026-03-06 14:20:00,53.32,53.32,53.27,53.29,3758
2026-03-06 14:25:00,53.285,53.35,53.25,53.35,4929
2026-03-06 14:30:00,53.35,53.37,53.35,53.365,2974
2026-03-06 14:35:00,53.37,53.37,53.315,53.35,2262
2026-03-06 14:40:00,53.34,53.41,53.34,53.35,2779
2026-03-06 14:45:00,53.33,53.35,53.3,53.3,2954
2026-03-06 14:50:00,53.3,53.34,53.285,53.34,2164
2026-03-06 14:55:00,53.362,53.362,53.33,53.33,1700
2026-03-06 15:00:00,53.33,53.39,53.33,53.34,3182
2026-03-06 15:05:00,53.34,53.36,53.33,53.35,3600
2026-03-06 15:10:00,53.33,53.335,53.29,53.31,3772
2026-03-06 15:15:00,53.31,53.335,53.3,53.31,4444
2026-03-06 15:20:00,53.285,53.3,53.26,53.26,1951
2026-03-06 15:25:00,53.26,53.26,53.19,53.19,4126
2026-03-06 15:30:00,53.2,53.2101,53.17,53.18,4906
2026-03-06 15:35:00,53.17,53.19,53.135,53.19,24080
2026-03-06 15:40:00,53.17,53.255,53.165,53.215,19503
2026-03-06 15:45:00,53.22,53.255,53.21,53.225,10065
2026-03-06 15:50:00,53.23,53.275,53.19,53.275,8157
2026-03-06 15:55:00,53.26,53.26,53.165,53.22,9045
2026-03-06 16:00:00,53.2,53.2,52.75,52.75,7481
2026-03-09 07:35:00,52.01,52.01,52.01,52.01,100
2026-03-09 08:05:00,52.19,52.2,52.19,52.2,300
2026-03-09 09:30:00,52.05,52.495,52.05,52.49,10514
2026-03-09 09:35:00,52.54,52.55,52.475,52.475,1401
2026-03-09 09:40:00,52.41,52.41,52.33,52.39,451
2026-03-09 09:45:00,52.37,52.42,52.28,52.36,3821
2026-03-09 09:50:00,52.31,52.31,52.11,52.11,2413
2026-03-09 09:55:00,52.1815,52.35,52.18,52.34,5270
2026-03-09 10:00:00,52.31,52.42,52.275,52.4175,6604
2026-03-09 10:05:00,52.39,52.39,52.055,52.085,5765
2026-03-09 10:10:00,52.13,52.2218,52.02,52.2218,6792
2026-03-09 10:15:00,52.26,52.3357,52.205,52.21,3089
2026-03-09 10:20:00,52.25,52.44,52.25,52.39,3182
2026-03-09 10:25:00,52.38,52.41,52.3,52.325,3830
2026-03-09 10:30:00,52.39,52.515,52.365,52.47,7083
2026-03-09 10:35:00,52.455,52.5349,52.415,52.525,8515
2026-03-09 10:40:00,52.5,52.61,52.48,52.61,7353
2026-03-09 10:45:00,52.6,52.62,52.57,52.57,8790
2026-03-09 10:50:00,52.57,52.65,52.55,52.6371,5058
2026-03-09 10:55:00,52.65,52.665,52.5,52.64,6639
2026-03-09 11:00:00,52.62,52.71,52.62,52.7,4300
2026-03-09 11:05:00,52.7,52.7,52.67,52.67,3382
2026-03-09 11:10:00,52.67,52.8,52.67,52.8,1900
2026-03-09 11:15:00,52.81,52.82,52.69,52.73,6264
2026-03-09 11:20:00,52.74,52.87,52.735,52.86,3265
2026-03-09 11:25:00,52.85,52.89,52.815,52.868,5011
2026-03-09 11:30:00,52.88,52.91,52.85,52.85,5827
2026-03-09 11:35:00,52.87,52.91,52.87,52.9,1400
2026-03-09 11:40:00,52.88,52.89,52.83,52.83,2488
2026-03-09 11:45:00,52.82,52.87,52.77,52.785,8775
2026-03-09 11:50:00,52.78,52.845,52.78,52.845,9184
2026-03-09 11:55:00,52.875,52.93,52.86,52.86,3900
2026-03-09 12:00:00,52.86,52.96,52.81,52.95,4846
2026-03-09 12:05:00,52.94,52.94,52.84,52.88,8817
2026-03-09 12:10:00,52.88,52.89,52.825,52.86,4276
2026-03-09 12:15:00,52.85,52.88,52.74,52.76,7818
2026-03-09 12:20:00,52.77,52.835,52.65,52.835,5320
2026-03-09 12:25:00,52.835,52.905,52.82,52.82,6360
2026-03-09 12:30:00,52.81,52.81,52.71,52.78,8305
2026-03-09 12:35:00,52.8,52.825,52.79,52.805,4201
2026-03-09 12:40:00,52.84,52.8682,52.84,52.8682,648
2026-03-09 12:45:00,52.91,52.97,52.91,52.92,6984
2026-03-09 12:50:00,52.915,52.95,52.89,52.9,7181
2026-03-09 12:55:00,52.9,52.9,52.85,52.85,2880
2026-03-09 13:00:00,52.85,52.86,52.81,52.83,2100
2026-03-09 13:05:00,52.82,52.82,52.78,52.78,3184
2026-03-09 13:10:00,52.78,52.79,52.7401,52.75,8202
2026-03-09 13:15:00,52.74,52.74,52.71,52.71,3846
2026-03-09 13:20:00,52.68,52.68,52.63,52.65,2895
2026-03-09 13:25:00,52.645,52.66,52.62,52.63,3092
2026-03-09 13:30:00,52.64,52.65,52.63,52.65,2002
2026-03-09 13:35:00,52.63,52.65,52.6,52.61,3180
2026-03-09 13:40:00,52.6,52.61,52.58,52.605,6504
2026-03-09 13:45:00,52.59,52.65,52.57,52.65,5624
2026-03-09 13:50:00,52.63,52.66,52.62,52.66,5087
2026-03-09 13:55:00,52.66,52.67,52.63,52.65,13393
2026-03-09 14:00:00,52.65,52.71,52.65,52.67,10075
2026-03-09 14:05:00,52.68,52.75,52.68,52.72,9148
2026-03-09 14:10:00,52.72,52.75,52.695,52.75,5298
2026-03-09 14:15:00,52.75,52.8051,52.745,52.79,11394
2026-03-09 14:20:00,52.79,52.82,52.74,52.76,6004
2026-03-09 14:25:00,52.75,52.75,52.715,52.715,4800
2026-03-09 14:30:00,52.71,52.76,52.71,52.76,3595
2026-03-09 14:35:00,52.78,52.79,52.75,52.76,3299
2026-03-09 14:40:00,52.7519,52.7519,52.72,52.7439,5455
2026-03-09 14:45:00,52.74,52.76,52.74,52.75,2253
2026-03-09 14:50:00,52.74,52.77,52.72,52.74,8796
2026-03-09 14:55:00,52.74,52.74,52.695,52.695,2370
2026-03-09 15:00:00,52.695,52.775,52.695,52.755,3449
2026-03-09 15:05:00,52.75,52.76,52.73,52.76,2300
2026-03-09 15:10:00,52.77,52.775,52.75,52.76,2289
2026-03-09 15:15:00,52.76,53.0,52.76,53.0,15566
2026-03-09 15:20:00,53.035,53.31,53.035,53.29,6555
2026-03-09 15:25:00,53.295,53.635,53.295,53.635,9780
2026-03-09 15:30:00,53.575,53.83,53.35,53.775,28184
2026-03-09 15:35:00,53.79,54.0,53.71,53.97,10998
2026-03-09 15:40:00,53.98,54.01,53.72,53.81,7423
2026-03-09 15:45:00,53.84,54.02,53.82,53.86,80654
2026-03-09 15:50:00,53.98,54.05,53.81,53.83,55404
2026-03-09 15:55:00,53.83,53.86,53.77,53.81,15431
2026-03-09 16:00:00,53.84,53.84,53.84,53.84,18244
2026-03-09 16:05:00,54.0,54.0,54.0,54.0,800
2026-03-09 16:15:00,54.0,54.0,54.0,54.0,100
2026-03-10 08:30:00,54.0,54.0,54.0,54.0,1000
2026-03-10 09:30:00,54.29,54.47,54.205,54.205,2303
2026-03-10 09:35:00,54.22,54.29,54.22,54.29,1000
2026-03-10 09:40:00,54.2501,54.2501,54.19,54.25,2135
2026-03-10 09:45:00,54.19,54.19,54.15,54.185,3997
2026-03-10 09:50:00,54.21,54.21,54.1,54.13,4540
2026-03-10 09:55:00,54.09,54.09,54.07,54.085,1300
2026-03-10 10:00:00,54.05,54.09,54.0,54.085,5100
2026-03-10 10:05:00,54.13,54.16,54.03,54.03,6090
2026-03-10 10:10:00,54.005,54.14,54.005,54.09,3171
2026-03-10 10:15:00,54.08,54.11,54.055,54.11,2500
2026-03-10 10:20:00,54.195,54.28,54.195,54.27,4411
2026-03-10 10:25:00,54.335,54.335,54.27,54.325,5572
2026-03-10 10:30:00,54.3539,54.42,54.34,54.42,2512
2026-03-10 10:35:00,54.4,54.51,54.4,54.51,2871
2026-03-10 10:40:00,54.505,54.62,54.49,54.62,15567
2026-03-10 10:45:00,54.615,54.665,54.56,54.665,3076
2026-03-10 10:50:00,54.7,54.7,54.62,54.68,2398
2026-03-10 10:55:00,54.715,54.715,54.69,54.715,2850
2026-03-10 11:00:00,54.74,54.765,54.69,54.725,2550
2026-03-10 11:05:00,54.72,54.72,54.61,54.61,2900
2026-03-10 11:10:00,54.58,54.6318,54.53,54.59,5097
2026-03-10 11:15:00,54.58,54.7,54.555,54.7,1750
2026-03-10 11:20:00,54.7,54.7,54.64,54.66,5450
2026-03-10 11:25:00,54.665,54.685,54.63,54.65,2403
2026-03-10 11:30:00,54.64,54.65,54.6,54.6,2284
2026-03-10 11:35:00,54.61,54.67,54.605,54.63,4039
2026-03-10 11:40:00,54.635,54.72,54.62,54.715,1350
2026-03-10 11:45:00,54.71,54.71,54.655,54.69,2900
2026-03-10 11:50:00,54.68,54.68,54.62,54.625,1800
2026-03-10 11:55:00,54.6,54.61,54.58,54.5875,4301
2026-03-10 12:00:00,54.585,54.585,54.5,54.52,4510
2026-03-10 12:05:00,54.48,54.5,54.45,54.5,2385
2026-03-10 12:10:00,54.53,54.56,54.52,54.53,2500
2026-03-10 12:15:00,54.52,54.54,54.49,54.52,2191
2026-03-10 12:20:00,54.52,54.55,54.5,54.55,700
2026-03-10 12:25:00,54.56,54.57,54.545,54.545,3220
2026-03-10 12:30:00,54.55,54.57,54.535,54.57,2565
2026-03-10 12:35:00,54.58,54.58,54.57,54.58,600
2026-03-10 12:40:00,54.595,54.595,54.58,54.59,2930
2026-03-10 12:45:00,54.58,54.58,54.52,54.53,10491
2026-03-10 12:50:00,54.5225,54.61,54.5225,54.61,500
2026-03-10 12:55:00,54.665,54.665,54.64,54.64,1000
2026-03-10 13:00:00,54.645,54.755,54.645,54.745,1320
2026-03-10 13:05:00,54.745,54.8699,54.745,54.855,3189
2026-03-10 13:10:00,54.85,54.85,54.81,54.83,1700
2026-03-10 13:15:00,54.815,54.88,54.815,54.88,5180
2026-03-10 13:20:00,54.92,54.92,54.89,54.905,4893
2026-03-10 13:25:00,54.89,54.91,54.88,54.88,7908
2026-03-10 13:30:00,54.86,54.86,54.76,54.76,1800
2026-03-10 13:35:00,54.75,54.76,54.62,54.66,4755
2026-03-10 13:40:00,54.68,54.695,54.63,54.63,6847
2026-03-10 13:45:00,54.64,54.7,54.63,54.695,6132
2026-03-10 13:50:00,54.68,54.725,54.68,54.69,2457
2026-03-10 13:55:00,54.69,54.69,54.66,54.66,2000
2026-03-10 14:00:00,54.65,54.68,54.635,54.67,5614
2026-03-10 14:05:00,54.66,54.66,54.59,54.59,2800
2026-03-10 14:10:00,54.57,54.617,54.27,54.27,6480
2026-03-10 14:15:00,54.25,54.25,53.98,53.98,3363
2026-03-10 14:20:00,53.954,54.07,53.954,54.02,5665
2026-03-10 14:25:00,54.07,54.17,54.07,54.17,379
2026-03-10 14:30:00,54.215,54.255,54.14,54.255,7160
2026-03-10 14:35:00,54.2,54.21,54.13,54.17,15594
2026-03-10 14:40:00,54.14,54.16,54.11,54.11,5008
2026-03-10 14:45:00,54.1,54.165,54.07,54.165,5933
2026-03-10 14:50:00,54.2,54.2,54.11,54.135,2340
2026-03-10 14:55:00,54.135,54.135,54.07,54.08,2117
2026-03-10 15:00:00,54.105,54.105,54.06,54.09,13460
2026-03-10 15:05:00,54.09,54.18,54.075,54.14,14935
2026-03-10 15:10:00,54.14,54.14,54.07,54.095,2512
2026-03-10 15:15:00,54.18,54.18,54.175,54.175,200
2026-03-10 15:20:00,54.17,54.17,54.075,54.135,4571
2026-03-10 15:25:00,54.1,54.105,54.05,54.07,2760
2026-03-10 15:30:00,54.05,54.07,53.9983,53.9983,10172
2026-03-10 15:35:00,53.97,53.97,53.93,53.95,7174
2026-03-10 15:40:00,53.96,54.0699,53.95,54.0,6628
2026-03-10 15:45:00,54.005,54.005,53.96,53.96,1500
2026-03-10 15:50:00,53.94,53.975,53.93,53.975,4433
2026-03-10 15:55:00,53.975,54.04,53.94,54.01,5774
2026-03-10 16:00:00,54.0,54.0,54.0,54.0,7540
2026-03-11 09:30:00,53.9,53.91,53.845,53.885,2822
2026-03-11 09:35:00,53.88,53.88,53.8114,53.87,1473
2026-03-11 09:40:00,53.912,53.9399,53.76,53.8,2075
2026-03-11 09:45:00,53.7695,53.82,53.73,53.73,902
2026-03-11 09:50:00,53.765,53.9,53.765,53.9,795
2026-03-11 09:55:00,53.92,54.01,53.91,54.01,700
2026-03-11 10:00:00,54.03,54.24,54.02,54.11,6267
2026-03-11 10:05:00,54.11,54.2099,54.11,54.2099,863
2026-03-11 10:10:00,54.07,54.11,54.04,54.11,3272
2026-03-11 10:15:00,54.15,54.17,54.15,54.17,500
2026-03-11 10:20:00,54.135,54.135,54.04,54.04,1800
2026-03-11 10:25:00,54.02,54.02,53.92,53.99,1800
2026-03-11 10:30:00,54.0,54.02,53.915,53.95,2419
2026-03-11 10:35:00,53.98,54.07,53.975,54.055,2041
2026-03-11 10:40:00,54.045,54.124,54.045,54.124,1339
2026-03-11 10:45:00,54.145,54.145,54.145,54.145,100
2026-03-11 10:50:00,54.21,54.21,54.2,54.205,700
2026-03-11 10:55:00,54.2,54.205,54.2,54.205,725
2026-03-11 11:00:00,54.225,54.225,54.12,54.12,200
2026-03-11 11:05:00,54.17,54.17,54.1,54.1,565
2026-03-11 11:10:00,54.13,54.13,54.025,54.03,500
2026-03-11 11:15:00,54.01,54.01,53.98,53.98,300
2026-03-11 11:20:00,53.92,53.94,53.92,53.94,200
2026-03-11 11:25:00,53.99,53.99,53.87,53.87,1288
2026-03-11 11:30:00,53.885,53.95,53.82,53.95,2670
2026-03-11 11:35:00,53.91,53.93,53.91,53.92,517
2026-03-11 11:40:00,53.87,53.87,53.845,53.845,660
2026-03-11 11:45:00,53.78,53.78,53.765,53.765,200
2026-03-11 11:50:00,53.82,53.82,53.815,53.82,700
2026-03-11 11:55:00,53.86,53.88,53.765,53.765,2500
2026-03-11 12:00:00,53.76,53.77,53.73,53.73,1060
2026-03-11 12:05:00,53.715,53.75,53.698,53.705,10958
2026-03-11 12:10:00,53.7,53.77,53.67,53.7351,7951
2026-03-11 12:15:00,53.74,53.75,53.67,53.73,3193
2026-03-11 12:20:00,53.7,53.7,53.65,53.7,926
2026-03-11 12:25:00,53.72,53.76,53.705,53.76,1557
2026-03-11 12:30:00,53.8,53.875,53.79,53.875,10896
2026-03-11 12:35:00,53.87,53.91,53.8503,53.875,8313
2026-03-11 12:40:00,53.88,53.9546,53.86,53.905,6949
2026-03-11 12:45:00,53.905,53.94,53.885,53.925,1897
2026-03-11 12:50:00,53.96,53.975,53.95,53.97,1150
2026-03-11 12:55:00,53.98,54.025,53.93,53.9801,8631
2026-03-11 13:00:00,54.02,54.04,53.995,53.995,1259
2026-03-11 13:05:00,54.02,54.02,53.995,53.995,2600
2026-03-11 13:10:00,53.95,54.0,53.95,53.96,3250
2026-03-11 13:15:00,53.965,53.99,53.935,53.935,4282
2026-03-11 13:20:00,53.92,53.96,53.92,53.955,2374
2026-03-11 13:25:00,53.97,54.02,53.97,53.99,305
2026-03-11 13:30:00,54.02,54.03,53.9645,53.98,1625
2026-03-11 13:35:00,53.93,53.93,53.74,53.81,5128
2026-03-11 13:40:00,53.8418,53.855,53.785,53.82,3126
2026-03-11 13:45:00,53.84,53.84,53.82,53.82,400
2026-03-11 13:50:00,53.85,53.9301,53.84,53.915,2100
2026-03-11 13:55:00,53.87,53.89,53.82,53.89,1592
2026-03-11 14:00:00,53.885,53.91,53.885,53.89,550
2026-03-11 14:05:00,53.91,53.91,53.86,53.87,1300
2026-03-11 14:10:00,53.81,53.84,53.795,53.84,1775
2026-03-11 14:15:00,53.88,53.91,53.88,53.91,1087
2026-03-11 14:20:00,53.93,53.94,53.86,53.91,814
2026-03-11 14:25:00,53.94,53.96,53.935,53.96,1200
2026-03-11 14:30:00,53.97,53.97,53.95,53.955,400
2026-03-11 14:35:00,53.97,53.97,53.95,53.965,3150
2026-03-11 14:40:00,53.96,53.99,53.96,53.99,2600
2026-03-11 14:45:00,53.97,53.99,53.97,53.98,919
2026-03-11 14:50:00,53.96,54.01,53.95,54.01,6711
2026-03-11 14:55:00,54.0,54.0,53.91,53.94,10405
2026-03-11 15:00:00,53.935,53.94,53.9,53.92,23423
2026-03-11 15:05:00,53.92,53.92,53.86,53.91,7345
2026-03-11 15:10:00,53.915,53.92,53.895,53.895,4187
2026-03-11 15:15:00,53.93,53.93,53.89,53.9,3040
2026-03-11 15:20:00,53.97,53.97,53.935,53.935,1626
2026-03-11 15:25:00,53.99,53.99,53.99,53.99,300
2026-03-11 15:30:00,53.985,54.02,53.96,54.02,2729
2026-03-11 15:35:00,54.03,54.06,54.02,54.045,5934
2026-03-11 15:40:00,54.07,54.07,54.03,54.055,4946
2026-03-11 15:45:00,54.07,54.07,54.01,54.02,14234
2026-03-11 15:50:00,54.02,54.07,54.02,54.07,8042
2026-03-11 15:55:00,54.08,54.09,54.05,54.09,4691
2026-03-11 16:00:00,54.07,54.07,54.07,54.07,5737
2026-03-11 19:35:00,53.41,53.41,53.41,53.41,187
2026-03-12 09:15:00,52.0011,52.0011,52.0011,52.0011,1000
2026-03-12 09:25:00,53.14,53.14,53.14,53.14,400
2026-03-12 09:30:00,53.14,53.3,53.04,53.16,30224
2026-03-12 09:35:00,53.13,53.21,53.11,53.18,49377
2026-03-12 09:40:00,53.17,53.2,53.04,53.04,12516
2026-03-12 09:45:00,53.03,53.05,52.93,53.035,23159
2026-03-12 09:50:00,53.035,53.12,52.91,52.91,18410
2026-03-12 09:55:00,52.89,52.89,52.785,52.86,70791
2026-03-12 10:00:00,52.88,53.01,52.88,52.96,68902
2026-03-12 10:05:00,52.96,53.0,52.88,52.97,29937
2026-03-12 10:10:00,52.97,52.99,52.925,52.945,25499
2026-03-12 10:15:00,52.97,52.97,52.76,52.77,10148
2026-03-12 10:20:00,52.731,52.75,52.73,52.73,1300
2026-03-12 10:25:00,52.77,52.79,52.67,52.67,2909
2026-03-12 10:30:00,52.69,52.78,52.69,52.75,3614
2026-03-12 10:35:00,52.7935,52.83,52.73,52.73,834
2026-03-12 10:40:00,52.77,52.78,52.71,52.78,1496
2026-03-12 10:45:00,52.91,53.01,52.84,52.84,3945
2026-03-12 10:50:00,52.85,52.875,52.85,52.86,3600
2026-03-12 10:55:00,52.9,52.92,52.89,52.895,2471
2026-03-12 11:00:00,52.91,52.91,52.77,52.8,1534
2026-03-12 11:05:00,52.81,52.81,52.795,52.8,733
2026-03-12 11:10:00,52.72,52.75,52.66,52.75,1736
2026-03-12 11:15:00,52.78,52.79,52.73,52.73,7078
2026-03-12 11:20:00,52.71,52.82,52.71,52.82,300
2026-03-12 11:25:00,52.935,52.935,52.925,52.925,752
2026-03-12 11:30:00,52.86,52.87,52.86,52.87,1332
2026-03-12 11:35:00,52.87,52.95,52.82,52.95,950
2026-03-12 11:40:00,53.02,53.04,52.95,53.02,15301
2026-03-12 11:45:00,53.0,53.06,53.0,53.06,719
2026-03-12 11:50:00,53.05,53.05,53.04,53.04,300
2026-03-12 11:55:00,53.01,53.01,53.005,53.005,600
2026-03-12 12:00:00,53.01,53.06,53.0,53.0573,2229
2026-03-12 12:05:00,53.05,53.05,52.9973,52.9973,600
2026-03-12 12:10:00,52.97,53.055,52.97,53.055,1207
2026-03-12 12:15:00,53.0525,53.15,53.04,53.075,15680
2026-03-12 12:20:00,53.36,53.39,53.23,53.23,7088
2026-03-12 12:25:00,53.22,53.24,53.15,53.195,10561
2026-03-12 12:30:00,53.21,53.27,53.2,53.25,12405
2026-03-12 12:35:00,53.23,53.29,53.22,53.28,28406
2026-03-12 12:40:00,53.27,53.3,53.2404,53.26,16565
2026-03-12 12:45:00,53.25,53.26,53.115,53.18,12430
2026-03-12 12:50:00,53.18,53.239,53.17,53.19,22534
2026-03-12 12:55:00,53.21,53.229,53.1412,53.229,13354
2026-03-12 13:00:00,53.21,53.28,53.18,53.28,9746
2026-03-12 13:05:00,53.27,53.33,53.22,53.22,4879
2026-03-12 13:10:00,53.24,53.2715,53.19,53.19,6663
2026-03-12 13:15:00,53.18,53.2,53.125,53.17,8287
2026-03-12 13:20:00,53.14,53.29,53.14,53.26,3947
2026-03-12 13:25:00,53.28,53.299,53.23,53.25,10777
2026-03-12 13:30:00,53.23,53.29,53.23,53.255,10131
2026-03-12 13:35:00,53.26,53.32,53.26,53.32,10916
2026-03-12 13:40:00,53.32,53.33,53.21,53.21,8978
2026-03-12 13:45:00,53.19,53.23,53.17,53.18,9593
2026-03-12 13:50:00,53.195,53.269,53.195,53.22,4797
2026-03-12 13:55:00,53.22,53.22,53.15,53.19,12014
2026-03-12 14:00:00,53.2,53.24,53.19,53.22,20500
2026-03-12 14:05:00,53.2,53.26,53.2,53.23,7705
2026-03-12 14:10:00,53.24,53.24,53.24,53.24,200
2026-03-12 14:15:00,53.285,53.3,53.24,53.24,3200
2026-03-12 14:20:00,53.21,53.22,53.185,53.22,5871
2026-03-12 14:25:00,53.2,53.21,53.165,53.19,10403
2026-03-12 14:30:00,53.2,53.23,53.1815,53.185,10874
2026-03-12 14:35:00,53.19,53.2,53.155,53.2,7160
2026-03-12 14:40:00,53.19,53.21,53.16,53.19,9183
2026-03-12 14:45:00,53.19,53.21,53.17,53.175,10106
2026-03-12 14:50:00,53.17,53.21,53.16,53.2,6737
2026-03-12 14:55:00,53.2,53.21,53.13,53.13,4320
2026-03-12 15:00:00,53.135,53.2,53.1,53.14,28849
2026-03-12 15:05:00,53.16,53.21,53.14,53.18,28320
2026-03-12 15:10:00,53.17,53.18,53.145,53.18,11146
2026-03-12 15:15:00,53.19,53.19,53.13,53.19,6039
2026-03-12 15:20:00,53.16,53.23,53.16,53.21,7581
2026-03-12 15:25:00,53.21,53.23,53.2,53.22,14600
2026-03-12 15:30:00,53.22,53.28,53.21,53.26,24168
2026-03-12 15:35:00,53.225,53.24,53.17,53.22,10195
2026-03-12 15:40:00,53.19,53.2,53.16,53.16,3754
2026-03-12 15:45:00,53.17,53.19,52.99,53.06,186483
2026-03-12 15:50:00,53.06,53.1,53.04,53.1,43064
2026-03-12 15:55:00,53.1,53.12,53.02,53.07,63215
2026-03-12 16:00:00,52.98,52.98,52.98,52.98,3294
2026-03-12 17:15:00,52.99,52.99,52.99,52.99,100
2026-03-12 19:25:00,52.97,52.97,52.97,52.97,100
2026-03-13 09:30:00,53.15,53.34,53.15,53.32,6742
2026-03-13 09:35:00,53.3,53.5,53.26,53.46,12138
2026-03-13 09:40:00,53.445,53.49,53.4,53.46,15872
2026-03-13 09:45:00,53.46,53.54,53.37,53.39,30431
2026-03-13 09:50:00,53.34,53.375,53.31,53.335,19375
2026-03-13 09:55:00,53.3,53.3,53.245,53.245,1315
2026-03-13 10:00:00,53.26,53.26,53.14,53.17,7141
2026-03-13 10:05:00,53.1519,53.19,53.05,53.1,9726
2026-03-13 10:10:00,53.12,53.12,53.05,53.07,8580
2026-03-13 10:15:00,53.065,53.08,52.975,53.005,4150
2026-03-13 10:20:00,53.04,53.095,53.02,53.07,3371
2026-03-13 10:25:00,53.0501,53.09,53.02,53.09,1747
2026-03-13 10:30:00,53.075,53.2,53.075,53.15,3894
2026-03-13 10:35:00,53.11,53.14,53.04,53.065,2564
2026-03-13 10:40:00,52.965,53.0,52.92,52.94,3588
2026-03-13 10:45:00,52.935,52.935,52.86,52.9,6487
2026-03-13 10:50:00,52.96,52.99,52.91,52.94,12212
2026-03-13 10:55:00,52.91,52.91,52.745,52.755,5318
2026-03-13 11:00:00,52.77,52.79,52.71,52.71,2516
2026-03-13 11:05:00,52.77,52.785,52.69,52.785,2470
2026-03-13 11:10:00,52.78,52.87,52.75,52.87,4163
2026-03-13 11:15:00,52.88,52.88,52.785,52.805,1489
2026-03-13 11:20:00,52.76,52.815,52.67,52.67,3640
2026-03-13 11:25:00,52.63,52.67,52.62,52.64,3462
2026-03-13 11:30:00,52.68,52.69,52.62,52.65,4302
2026-03-13 11:35:00,52.67,52.68,52.58,52.67,6357
2026-03-13 11:40:00,52.675,52.68,52.53,52.5369,5355
2026-03-13 11:45:00,52.565,52.68,52.51,52.63,4229
2026-03-13 11:50:00,52.57,52.6,52.53,52.53,1200
2026-03-13 11:55:00,52.595,52.595,52.515,52.55,7207
2026-03-13 12:00:00,52.5,52.61,52.49,52.58,11496
2026-03-13 12:05:00,52.54,52.63,52.54,52.57,2000
2026-03-13 12:10:00,52.59,52.625,52.53,52.6,29384
2026-03-13 12:15:00,52.6,52.6,52.53,52.56,7325
2026-03-13 12:20:00,52.53,52.65,52.53,52.63,2630
2026-03-13 12:25:00,52.605,52.67,52.58,52.635,3953
2026-03-13 12:30:00,52.67,52.7,52.615,52.67,2321
2026-03-13 12:35:00,52.65,52.74,52.64,52.68,3094
2026-03-13 12:40:00,52.7,52.7,52.66,52.66,2034
2026-03-13 12:45:00,52.61,52.6499,52.5694,52.6499,2273
2026-03-13 12:50:00,52.63,52.75,52.63,52.73,4042
2026-03-13 12:55:00,52.7,52.7,52.58,52.58,2050
2026-03-13 13:00:00,52.58,52.65,52.58,52.63,5125
2026-03-13 13:05:00,52.6,52.625,52.58,52.58,1932
2026-03-13 13:10:00,52.55,52.595,52.55,52.56,1164
2026-03-13 13:15:00,52.64,52.71,52.64,52.7,2319
2026-03-13 13:20:00,52.695,52.72,52.61,52.67,5285
2026-03-13 13:25:00,52.645,52.65,52.57,52.64,3613
2026-03-13 13:30:00,52.595,52.65,52.58,52.59,1900
2026-03-13 13:35:00,52.63,52.65,52.58,52.635,2300
2026-03-13 13:40:00,52.67,52.67,52.58,52.66,5579
2026-03-13 13:45:00,52.6001,52.66,52.55,52.585,17452
2026-03-13 13:50:00,52.53,52.56,52.5,52.5,6060
2026-03-13 13:55:00,52.54,52.58,52.5,52.515,6150
2026-03-13 14:00:00,52.52,52.55,52.52,52.55,4712
2026-03-13 14:05:00,52.55,52.55,52.51,52.535,9442
2026-03-13 14:10:00,52.55,52.56,52.5,52.54,3113
2026-03-13 14:15:00,52.54,52.59,52.5,52.51,6515
2026-03-13 14:20:00,52.48,52.5,52.45,52.5,2700
2026-03-13 14:25:00,52.475,52.51,52.45,52.505,3045
2026-03-13 14:30:00,52.52,52.625,52.52,52.625,5218
2026-03-13 14:35:00,52.64,52.68,52.6085,52.645,4452
2026-03-13 14:40:00,52.645,52.67,52.62,52.655,7540
2026-03-13 14:45:00,52.655,52.69,52.65,52.67,5456
2026-03-13 14:50:00,52.67,52.69,52.635,52.67,6037
2026-03-13 14:55:00,52.68,52.68,52.64,52.64,12659
2026-03-13 15:00:00,52.64,52.64,52.605,52.6236,4563
2026-03-13 15:05:00,52.62,52.62,52.59,52.61,2000
2026-03-13 15:10:00,52.62,52.65,52.6,52.62,7269
2026-03-13 15:15:00,52.63,52.65,52.61,52.635,5090
2026-03-13 15:20:00,52.63,52.63,52.56,52.58,2014
2026-03-13 15:25:00,52.59,52.59,52.57,52.57,200
2026-03-13 15:30:00,52.555,52.58,52.54,52.54,2280
2026-03-13 15:35:00,52.5,52.52,52.465,52.51,3465
2026-03-13 15:40:00,52.51,52.53,52.46,52.5,1700
2026-03-13 15:45:00,52.51,52.51,52.485,52.485,2315
2026-03-13 15:50:00,52.47,52.49,52.43,52.49,3993
2026-03-13 15:55:00,52.44,52.465,52.4301,52.465,5008
2026-03-13 16:00:00,52.45,52.55,52.45,52.55,11610
2026-03-13 16:35:00,52.9,52.9,52.9,52.9,300
2026-03-13 18:05:00,52.45,52.45,52.45,52.45,35400
2026-03-16 09:30:00,53.07,53.23,53.07,53.23,8427
2026-03-16 09:35:00,53.175,53.24,53.175,53.22,2294
2026-03-16 09:40:00,53.23,53.31,53.23,53.31,2558
2026-03-16 09:45:00,53.33,53.39,53.31,53.31,3997
2026-03-16 09:50:00,53.37,53.37,53.31,53.33,1360
2026-03-16 09:55:00,53.35,53.44,53.34,53.415,5239
2026-03-16 10:00:00,53.4,53.445,53.3965,53.41,6742
2026-03-16 10:05:00,53.39,53.46,53.39,53.44,1807
2026-03-16 10:10:00,53.445,53.48,53.41,53.41,9574
2026-03-16 10:15:00,53.42,53.44,53.38,53.44,5206
2026-03-16 10:20:00,53.39,53.405,53.37,53.37,7411
2026-03-16 10:25:00,53.39,53.39,53.32,53.32,6222
2026-03-16 10:30:00,53.2624,53.27,53.2,53.2,4319
2026-03-16 10:35:00,53.21,53.21,53.12,53.14,4761
2026-03-16 10:40:00,53.14,53.15,53.125,53.14,1400
2026-03-16 10:45:00,53.14,53.18,53.14,53.18,714
2026-03-16 10:50:00,53.18,53.27,53.16,53.27,11697
2026-03-16 10:55:00,53.29,53.33,53.28,53.33,1100
2026-03-16 11:00:00,53.32,53.36,53.31,53.34,5051
2026-03-16 11:05:00,53.33,53.34,53.28,53.28,11943
2026-03-16 11:10:00,53.31,53.325,53.275,53.325,10436
2026-03-16 11:15:00,53.295,53.34,53.2701,53.34,10400
2026-03-16 11:20:00,53.3499,53.39,53.3499,53.37,1531
2026-03-16 11:25:00,53.33,53.34,53.27,53.3,8868
2026-03-16 11:30:00,53.33,53.33,53.33,53.33,100
2026-03-16 11:35:00,53.39,53.41,53.38,53.38,7706
2026-03-16 11:40:00,53.3811,53.4,53.36,53.38,1748
2026-03-16 11:45:00,53.36,53.38,53.32,53.35,1952
2026-03-16 11:50:00,53.29,53.29,53.16,53.19,4277
2026-03-16 11:55:00,53.17,53.2,53.15,53.19,1030
2026-03-16 12:00:00,53.175,53.2,53.16,53.17,5562
2026-03-16 12:05:00,53.155,53.2,53.14,53.18,43694
2026-03-16 12:10:00,53.21,53.26,53.185,53.21,6678
2026-03-16 12:15:00,53.24,53.24,53.17,53.205,2800
2026-03-16 12:20:00,53.19,53.19,53.1,53.1,7015
2026-03-16 12:25:00,53.025,53.05,53.0,53.0,1812
2026-03-16 12:30:00,53.015,53.05,53.01,53.03,8965
2026-03-16 12:35:00,53.09,53.09,53.07,53.07,422
2026-03-16 12:40:00,53.1,53.16,53.095,53.16,1174
2026-03-16 12:45:00,53.13,53.16,53.09,53.09,6840
2026-03-16 12:50:00,53.11,53.16,53.1,53.1,3817
2026-03-16 12:55:00,53.14,53.14,53.05,53.07,3970
2026-03-16 13:00:00,53.08,53.19,53.08,53.13,3309
2026-03-16 13:05:00,53.12,53.18,53.12,53.15,4183
2026-03-16 13:10:00,53.14,53.23,53.14,53.22,5283
2026-03-16 13:15:00,53.19,53.19,53.14,53.19,3189
2026-03-16 13:20:00,53.19,53.22,53.18,53.205,1032
2026-03-16 13:25:00,53.19,53.22,53.185,53.185,837
2026-03-16 13:30:00,53.19,53.22,53.16,53.16,9125
2026-03-16 13:35:00,53.18,53.19,53.17,53.18,1645
2026-03-16 13:40:00,53.165,53.18,53.13,53.13,9553
2026-03-16 13:45:00,53.15,53.16,53.09,53.09,3044
2026-03-16 13:50:00,53.07,53.12,53.07,53.12,7358
2026-03-16 13:55:00,53.12,53.17,53.12,53.155,162731
2026-03-16 14:00:00,53.17,53.21,53.16,53.195,23870
2026-03-16 14:05:00,53.2,53.27,53.1909,53.27,2486
2026-03-16 14:10:00,53.28,53.29,53.2,53.23,3463
2026-03-16 14:15:00,53.25,53.3,53.24,53.27,1576
2026-03-16 14:20:00,53.32,53.36,53.32,53.35,1600
2026-03-16 14:25:00,53.36,53.37,53.32,53.37,1599
2026-03-16 14:30:00,53.37,53.41,53.34,53.385,11957
2026-03-16 14:35:00,53.38,53.44,53.37,53.44,1887
2026-03-16 14:40:00,53.4,53.43,53.36,53.42,23031
2026-03-16 14:45:00,53.43,53.435,53.425,53.435,791
2026-03-16 14:50:00,53.41,53.43,53.39,53.42,8107
2026-03-16 14:55:00,53.42,53.42,53.37,53.37,2590
2026-03-16 15:00:00,53.345,53.41,53.345,53.37,7640
2026-03-16 15:05:00,53.335,53.44,53.33,53.44,31393
2026-03-16 15:10:00,53.5,53.505,53.39,53.42,62929
2026-03-16 15:15:00,53.42,53.44,53.4,53.41,67792
2026-03-16 15:20:00,53.4,53.4,53.3301,53.36,1334
2026-03-16 15:25:00,53.355,53.4,53.32,53.4,3055
2026-03-16 15:30:00,53.385,53.385,53.335,53.36,6094
2026-03-16 15:35:00,53.36,53.4,53.31,53.34,5996
2026-03-16 15:40:00,53.33,53.35,53.3,53.31,27052
2026-03-16 15:45:00,53.3,53.31,53.23,53.23,26676
2026-03-16 15:50:00,53.27,53.34,53.215,53.27,17296
2026-03-16 15:55:00,53.29,53.37,53.285,53.37,17459
2026-03-16 16:00:00,53.36,53.36,53.36,53.36,26898
2026-03-17 09:30:00,53.88,54.09,53.5874,54.075,4698
2026-03-17 09:35:00,54.145,54.175,54.12,54.175,2100
2026-03-17 09:40:00,54.1201,54.17,54.12,54.14,3148
2026-03-17 09:45:00,54.11,54.12,54.05,54.06,6331
2026-03-17 09:50:00,54.03,54.06,54.02,54.04,4507
2026-03-17 09:55:00,54.06,54.06,54.06,54.06,300
2026-03-17 10:00:00,54.01,54.055,53.995,53.995,1654
2026-03-17 10:05:00,54.03,54.11,54.02,54.095,1613
2026-03-17 10:10:00,54.09,54.125,54.04,54.065,123648
2026-03-17 10:15:00,54.065,54.075,54.02,54.04,18717
2026-03-17 10:20:00,54.035,54.06,54.0,54.0,3656
2026-03-17 10:25:00,54.025,54.04,53.96,53.99,21606
2026-03-17 10:30:00,54.0,54.03,53.96,54.0,11373
2026-03-17 10:35:00,54.015,54.04,53.99,53.995,10750
2026-03-17 10:40:00,54.03,54.1,54.01,54.1,3202
2026-03-17 10:45:00,54.1,54.11,54.1,54.11,400
2026-03-17 10:50:00,54.115,54.115,54.06,54.06,200
2026-03-17 10:55:00,54.08,54.08,54.05,54.05,400
2026-03-17 11:00:00,54.04,54.06,54.04,54.04,1285
2026-03-17 11:05:00,53.935,53.935,53.935,53.935,100
2026-03-17 11:10:00,53.9,53.9,53.9,53.9,200
2026-03-17 11:15:00,53.87,53.89,53.87,53.87,630
2026-03-17 11:20:00,53.85,53.905,53.74,53.895,3980
2026-03-17 11:25:00,53.915,53.9301,53.81,53.81,850
2026-03-17 11:30:00,53.84,53.84,53.84,53.84,197
2026-03-17 11:40:00,53.73,53.8,53.73,53.8,1162
2026-03-17 11:45:00,53.78,53.795,53.775,53.775,500
2026-03-17 11:50:00,53.8,53.84,53.8,53.82,8687
2026-03-17 11:55:00,53.82,53.87,53.78,53.815,1800
2026-03-17 12:00:00,53.8,53.8,53.71,53.73,26088
2026-03-17 12:05:00,53.75,53.775,53.695,53.72,4394
2026-03-17 12:10:00,53.81,53.81,53.75,53.76,2885
2026-03-17 12:15:00,53.815,53.815,53.805,53.805,800
2026-03-17 12:20:00,53.76,53.76,53.72,53.748,500
2026-03-17 12:25:00,53.72,53.78,53.72,53.72,1691
2026-03-17 12:30:00,53.73,53.74,53.65,53.695,23388
2026-03-17 12:35:00,53.77,53.785,53.71,53.72,34425
2026-03-17 12:40:00,53.72,53.79,53.72,53.79,5528
2026-03-17 12:45:00,53.79,53.81,53.75,53.75,300
2026-03-17 12:50:00,53.75,53.77,53.75,53.77,623
2026-03-17 12:55:00,53.77,53.77,53.74,53.74,792
2026-03-17 13:00:00,53.73,53.84,53.73,53.83,4483
2026-03-17 13:05:00,53.83,53.83,53.785,53.82,4452
2026-03-17 13:10:00,53.81,53.82,53.76,53.775,1472
2026-03-17 13:15:00,53.745,53.78,53.745,53.77,395
2026-03-17 13:20:00,53.785,53.79,53.7699,53.7699,1322
2026-03-17 13:25:00,53.78,53.855,53.78,53.8,7651
2026-03-17 13:30:00,53.83,53.91,53.83,53.84,6640
2026-03-17 13:35:00,53.86,53.87,53.8001,53.86,1205
2026-03-17 13:40:00,53.87,53.87,53.82,53.825,3034
2026-03-17 13:45:00,53.84,53.85,53.78,53.85,1478
2026-03-17 13:50:00,53.83,53.87,53.81,53.87,12121
2026-03-17 13:55:00,53.87,53.89,53.845,53.88,1692
2026-03-17 14:00:00,53.88,53.915,53.86,53.9,20300
2026-03-17 14:05:00,53.88,53.94,53.88,53.94,5417
2026-03-17 14:10:00,53.9,53.94,53.9,53.94,500
2026-03-17 14:15:00,53.93,53.93,53.905,53.92,6526
2026-03-17 14:20:00,53.915,53.915,53.86,53.86,4186
2026-03-17 14:25:00,53.855,53.855,53.82,53.83,6589
2026-03-17 14:30:00,53.81,53.84,53.805,53.84,656
2026-03-17 14:35:00,53.825,53.865,53.825,53.8499,11630
2026-03-17 14:40:00,53.82,53.82,53.81,53.81,1805
2026-03-17 14:45:00,53.81,53.85,53.81,53.835,526
2026-03-17 14:50:00,53.835,53.935,53.83,53.89,3500
2026-03-17 14:55:00,53.86,53.86,53.8101,53.8101,1158
2026-03-17 15:00:00,53.84,53.86,53.835,53.835,1692
2026-03-17 15:05:00,53.82,53.84,53.81,53.84,5024
2026-03-17 15:10:00,53.83,53.86,53.82,53.82,3400
2026-03-17 15:15:00,53.85,53.86,53.84,53.85,4339
2026-03-17 15:20:00,53.87,53.87,53.81,53.85,4686
2026-03-17 15:25:00,53.85,53.88,53.835,53.835,3600
2026-03-17 15:30:00,53.825,53.83,53.785,53.785,32108
2026-03-17 15:35:00,53.8,53.8,53.768,53.768,750
2026-03-17 15:40:00,53.79,53.81,53.76,53.785,61442
2026-03-17 15:45:00,53.785,53.8099,53.76,53.8,11111
2026-03-17 15:50:00,53.8,53.805,53.77,53.8,11514
2026-03-17 15:55:00,53.805,53.82,53.76,53.79,14924
2026-03-17 16:00:00,53.79,53.79,53.79,53.79,2986
2026-03-18 09:25:00,53.65,53.65,53.65,53.65,109
2026-03-18 09:30:00,53.65,53.8,53.625,53.66,3973
2026-03-18 09:35:00,53.63,53.66,53.6,53.615,1293
2026-03-18 09:40:00,53.67,53.735,53.59,53.615,3650
2026-03-18 09:45:00,53.6,53.67,53.6,53.63,1775
2026-03-18 09:50:00,53.63,53.64,53.62,53.62,600
2026-03-18 09:55:00,53.6344,53.72,53.6344,53.72,3290
2026-03-18 10:00:00,53.71,53.775,53.68,53.775,1940
2026-03-18 10:05:00,53.79,53.84,53.76,53.79,8163
2026-03-18 10:10:00,53.76,53.76,53.59,53.62,2503
2026-03-18 10:15:00,53.64,53.68,53.635,53.68,2123
2026-03-18 10:20:00,53.65,53.675,53.625,53.625,2524
2026-03-18 10:25:00,53.66,53.66,53.545,53.565,3372
2026-03-18 10:30:00,53.6,53.65,53.55,53.55,3210
2026-03-18 10:35:00,53.56,53.58,53.52,53.52,19576
2026-03-18 10:40:00,53.5,53.545,53.48,53.48,3320
2026-03-18 10:45:00,53.54,53.5523,53.49,53.49,1002
2026-03-18 10:50:00,53.49,53.5,53.45,53.47,1600
2026-03-18 10:55:00,53.49,53.62,53.49,53.62,2400
2026-03-18 11:00:00,53.675,53.74,53.65,53.735,23887
2026-03-18 11:05:00,53.725,53.86,53.715,53.86,17331
2026-03-18 11:10:00,53.81,53.81,53.74,53.74,5975
2026-03-18 11:15:00,53.78,53.78,53.65,53.65,1788
2026-03-18 11:20:00,53.63,53.7,53.6,53.7,1451
2026-03-18 11:25:00,53.695,53.74,53.695,53.72,4286
2026-03-18 11:30:00,53.72,53.76,53.68,53.76,2691
2026-03-18 11:35:00,53.75,53.76,53.73,53.73,1890
2026-03-18 11:40:00,53.73,53.73,53.655,53.68,2700
2026-03-18 11:45:00,53.67,53.69,53.65,53.67,820
2026-03-18 11:50:00,53.64,53.66,53.62,53.64,3894
2026-03-18 11:55:00,53.665,53.665,53.56,53.644,2820
2026-03-18 12:00:00,53.64,53.64,53.6,53.625,2604
2026-03-18 12:05:00,53.64,53.65,53.5367,53.565,12544
2026-03-18 12:10:00,53.61,53.7,53.61,53.7,15952
2026-03-18 12:15:00,53.675,53.7,53.63,53.7,2111
2026-03-18 12:20:00,53.745,53.82,53.745,53.8,3472
2026-03-18 12:25:00,53.78,53.79,53.745,53.79,5485
2026-03-18 12:30:00,53.79,53.8,53.69,53.75,7008
2026-03-18 12:35:00,53.755,53.82,53.73,53.81,13232
2026-03-18 12:40:00,53.79,53.8,53.77,53.78,8120
2026-03-18 12:45:00,53.76,53.805,53.755,53.78,5259
2026-03-18 12:50:00,53.78,53.82,53.77,53.82,2200
2026-03-18 12:55:00,53.825,53.84,53.81,53.8199,1780
2026-03-18 13:00:00,53.82,53.82,53.78,53.805,940
2026-03-18 13:05:00,53.805,53.805,53.75,53.77,1060
2026-03-18 13:10:00,53.735,53.74,53.705,53.74,500
2026-03-18 13:15:00,53.72,53.74,53.72,53.74,300
2026-03-18 13:20:00,53.775,53.83,53.775,53.81,2964
2026-03-18 13:25:00,53.78,53.78,53.755,53.765,2027
2026-03-18 13:30:00,53.765,53.78,53.71,53.78,2000
2026-03-18 13:35:00,53.78,53.8425,53.78,53.83,9589
2026-03-18 13:40:00,53.82,53.82,53.76,53.77,9008
2026-03-18 13:45:00,53.81,53.88,53.79,53.815,10852
2026-03-18 13:50:00,53.785,53.83,53.775,53.8,5840
2026-03-18 13:55:00,53.8,53.83,53.785,53.8,3223
2026-03-18 14:00:00,53.88,53.94,53.79,53.875,2957
2026-03-18 14:05:00,53.865,53.865,53.815,53.86,5307
2026-03-18 14:10:00,53.84,53.855,53.805,53.805,2400
2026-03-18 14:15:00,53.78,53.78,53.7,53.715,5090
2026-03-18 14:20:00,53.73,53.745,53.7,53.715,4626
2026-03-18 14:25:00,53.71,53.75,53.695,53.73,3665
2026-03-18 14:30:00,53.735,53.78,53.66,53.66,4904
2026-03-18 14:35:00,53.655,53.77,53.6,53.6,11905
2026-03-18 14:40:00,53.575,53.63,53.575,53.58,1700
2026-03-18 14:45:00,53.58,53.59,53.53,53.57,2970
2026-03-18 14:50:00,53.53,53.57,53.52,53.53,2510
2026-03-18 14:55:00,53.52,53.52,53.43,53.43,3132
2026-03-18 15:00:00,53.4,53.47,53.4,53.47,29121
2026-03-18 15:05:00,53.485,53.52,53.47,53.495,4131
2026-03-18 15:10:00,53.49,53.5,53.45,53.45,12469
2026-03-18 15:15:00,53.455,53.48,53.455,53.46,4687
2026-03-18 15:20:00,53.42,53.42,53.4,53.42,1074
2026-03-18 15:25:00,53.3601,53.3601,53.285,53.34,6400
2026-03-18 15:30:00,53.355,53.36,53.33,53.35,3610
2026-03-18 15:35:00,53.365,53.365,53.29,53.29,4308
2026-03-18 15:40:00,53.285,53.295,53.23,53.235,25403
2026-03-18 15:45:00,53.23,53.235,53.2,53.2,6109
2026-03-18 15:50:00,53.21,53.28,53.19,53.26,38677
2026-03-18 15:55:00,53.2323,53.27,53.14,53.22,18114
2026-03-18 16:00:00,53.26,53.26,53.26,53.26,6954
2026-03-18 16:10:00,53.46,53.46,53.29,53.29,567
2026-03-18 16:25:00,51.69,51.69,51.69,51.69,300
2026-03-19 06:00:00,52.81,52.81,52.81,52.81,300
2026-03-19 09:25:00,52.25,52.25,52.25,52.25,925
2026-03-19 09:30:00,52.2,52.29,52.1,52.25,13910
2026-03-19 09:35:00,52.23,52.35,52.14,52.28,11897
2026-03-19 09:40:00,52.31,52.44,52.28,52.4,10247
2026-03-19 09:45:00,52.36,52.42,52.34,52.42,4082
2026-03-19 09:50:00,52.5,52.7,52.5,52.7,2225
2026-03-19 09:55:00,52.725,52.77,52.71,52.77,2700
2026-03-19 10:00:00,52.79,52.83,52.7201,52.7201,5198
2026-03-19 10:05:00,52.75,52.814,52.73,52.73,6395
2026-03-19 10:10:00,52.75,52.76,52.71,52.75,3905
2026-03-19 10:15:00,52.68,52.69,52.62,52.63,3480
2026-03-19 10:20:00,52.64,52.66,52.5,52.525,10923
2026-03-19 10:25:00,52.53,52.56,52.46,52.5036,5386
2026-03-19 10:30:00,52.53,52.62,52.51,52.5961,4486
2026-03-19 10:35:00,52.68,52.745,52.65,52.65,2027
2026-03-19 10:40:00,52.66,52.69,52.64,52.69,1371
2026-03-19 10:45:00,52.69,52.69,52.61,52.67,1607
2026-03-19 10:50:00,52.65,52.715,52.65,52.715,300
2026-03-19 10:55:00,52.66,52.67,52.6,52.61,1456
2026-03-19 11:00:00,52.63,52.74,52.61,52.74,2089
2026-03-19 11:05:00,52.75,52.8,52.74,52.8,500
2026-03-19 11:10:00,52.8,52.8,52.72,52.76,300
2026-03-19 11:15:00,52.775,52.87,52.775,52.84,1091
2026-03-19 11:20:00,52.73,52.73,52.64,52.65,2425
2026-03-19 11:25:00,52.635,52.635,52.53,52.59,1008
2026-03-19 11:30:00,52.6,52.6,52.49,52.5,2767
2026-03-19 11:35:00,52.5,52.52,52.48,52.51,1200
2026-03-19 11:40:00,52.51,52.555,52.455,52.555,6080
2026-03-19 11:45:00,52.475,52.56,52.44,52.56,1971
2026-03-19 11:50:00,52.5,52.58,52.5,52.54,6099
2026-03-19 11:55:00,52.55,52.62,52.51,52.615,3900
2026-03-19 12:00:00,52.54,52.71,52.54,52.71,2515
2026-03-19 12:05:00,52.69,52.77,52.62,52.7,6400
2026-03-19 12:10:00,52.71,52.71,52.63,52.66,2000
2026-03-19 12:15:00,52.69,52.74,52.64,52.7,6059
2026-03-19 12:20:00,52.69,52.72,52.63,52.68,2592
2026-03-19 12:25:00,52.67,52.7,52.63,52.63,2944
2026-03-19 12:30:00,52.66,52.665,52.585,52.66,18106
2026-03-19 12:35:00,52.7,52.7,52.59,52.61,2975
2026-03-19 12:40:00,52.59,52.69,52.59,52.64,9745
2026-03-19 12:45:00,52.67,52.69,52.595,52.595,59988
2026-03-19 12:50:00,52.58,52.59,52.445,52.55,152892
2026-03-19 12:55:00,52.555,52.6,52.555,52.59,500
2026-03-19 13:00:00,52.585,52.59,52.57,52.59,4947
2026-03-19 13:05:00,52.52,52.56,52.47,52.47,18047
2026-03-19 13:10:00,52.49,52.49,52.45,52.45,1000
2026-03-19 13:15:00,52.47,52.5551,52.47,52.5551,350
2026-03-19 13:20:00,52.55,52.66,52.54,52.66,2700
2026-03-19 13:25:00,52.64,52.6775,52.64,52.6775,510
2026-03-19 13:30:00,52.69,52.705,52.67,52.69,7996
2026-03-19 13:35:00,52.66,52.68,52.66,52.67,3969
2026-03-19 13:40:00,52.65,52.695,52.64,52.68,3100
2026-03-19 13:45:00,52.7,52.7,52.65,52.68,2050
2026-03-19 13:50:00,52.71,52.76,52.71,52.76,2020
2026-03-19 13:55:00,52.74,52.74,52.695,52.695,32536
2026-03-19 14:00:00,52.685,52.685,52.65,52.66,11155
2026-03-19 14:05:00,52.69,52.69,52.67,52.69,707
2026-03-19 14:10:00,52.69,52.785,52.69,52.785,3083
2026-03-19 14:15:00,52.74,52.74,52.74,52.74,100
2026-03-19 14:20:00,52.76,52.76,52.76,52.76,208
2026-03-19 14:25:00,52.73,52.73,52.685,52.7,2086
2026-03-19 14:30:00,52.69,52.71,52.66,52.69,5650
2026-03-19 14:35:00,52.68,52.68,52.6409,52.67,3132
2026-03-19 14:40:00,52.655,52.66,52.62,52.62,30521
2026-03-19 14:45:00,52.68,52.71,52.68,52.7,6412
2026-03-19 14:50:00,52.71,52.72,52.69,52.7,16330
2026-03-19 14:55:00,52.74,52.93,52.74,52.92,9250
2026-03-19 15:00:00,52.94,53.19,52.94,53.17,52596
2026-03-19 15:05:00,53.18,53.52,53.18,53.5,17103
2026-03-19 15:10:00,53.51,53.57,53.31,53.57,169011
2026-03-19 15:15:00,53.57,53.78,53.465,53.53,119022
2026-03-19 15:20:00,53.52,53.56,53.36,53.42,72372
2026-03-19 15:25:00,53.375,53.375,53.165,53.165,9208
2026-03-19 15:30:00,53.23,53.24,53.16,53.24,3279
2026-03-19 15:35:00,53.2,53.32,53.15,53.32,4967
2026-03-19 15:40:00,53.34,53.34,53.24,53.285,2589
2026-03-19 15:45:00,53.31,53.33,53.245,53.245,11811
2026-03-19 15:50:00,53.23,53.26,53.21,53.26,6492
2026-03-19 15:55:00,53.26,53.34,53.24,53.34,8813
2026-03-19 16:00:00,53.28,53.28,53.28,53.28,5401
2026-03-20 09:20:00,53.1,53.1,53.1,53.1,111
2026-03-20 09:30:00,53.09,53.17,52.96,53.015,1982
2026-03-20 09:35:00,52.975,53.07,52.97,53.03,2175
2026-03-20 09:40:00,53.03,53.17,53.03,53.17,2781
2026-03-20 09:45:00,53.18,53.19,53.1,53.1087,1971
2026-03-20 09:50:00,52.8413,52.93,52.8413,52.93,4350
2026-03-20 09:55:00,52.89,52.9,52.775,52.775,4312
2026-03-20 10:00:00,52.79,52.79,52.66,52.66,3850
2026-03-20 10:05:00,52.67,52.7,52.56,52.56,2300
2026-03-20 10:10:00,52.58,52.58,52.34,52.34,1808
2026-03-20 10:15:00,52.39,52.41,52.315,52.315,1927
2026-03-20 10:20:00,52.31,52.33,52.26,52.29,4975
2026-03-20 10:25:00,52.28,52.31,52.2,52.205,3980
2026-03-20 10:30:00,52.205,52.32,52.205,52.32,3040
2026-03-20 10:35:00,52.31,52.31,52.14,52.15,4025
2026-03-20 10:40:00,52.15,52.225,52.07,52.07,65813
2026-03-20 10:45:00,52.09,52.17,52.01,52.09,76127
2026-03-20 10:50:00,52.11,52.12,51.86,51.9,99583
2026-03-20 10:55:00,51.91,52.105,51.89,52.105,16197
2026-03-20 11:00:00,52.13,52.26,52.1,52.13,8276
2026-03-20 11:05:00,52.08,52.155,52.02,52.08,8454
2026-03-20 11:10:00,52.12,52.22,52.1,52.19,4258
2026-03-20 11:15:00,52.11,52.11,52.11,52.11,367
2026-03-20 11:20:00,51.98,52.27,51.98,52.1,8951
2026-03-20 11:25:00,52.07,52.07,51.9501,52.015,739
2026-03-20 11:30:00,52.04,52.2,52.04,52.175,1630
2026-03-20 11:35:00,52.14,52.18,52.0901,52.135,4893
2026-03-20 11:40:00,52.0907,52.2,52.075,52.15,1825
2026-03-20 11:45:00,52.12,52.18,52.1,52.13,1775
2026-03-20 11:50:00,52.09,52.18,52.08,52.18,691
2026-03-20 11:55:00,52.04,52.09,52.04,52.09,300
2026-03-20 12:00:00,52.04,52.2,52.04,52.2,1851
2026-03-20 12:05:00,52.2,52.2,52.1,52.1,810
2026-03-20 12:10:00,52.06,52.125,52.06,52.125,1200
2026-03-20 12:15:00,52.11,52.11,52.08,52.08,900
2026-03-20 12:20:00,52.1,52.16,52.1,52.13,410
2026-03-20 12:25:00,52.1,52.1,52.06,52.06,1727
2026-03-20 12:30:00,52.06,52.07,51.94,52.07,9721
2026-03-20 12:35:00,52.19,52.19,52.04,52.05,17590
2026-03-20 12:40:00,52.03,52.055,52.02,52.03,3350
2026-03-20 12:45:00,52.03,52.06,51.99,52.04,4230
2026-03-20 12:50:00,52.06,52.06,51.97,52.03,1769
2026-03-20 12:55:00,52.08,52.15,52.06,52.06,1065
2026-03-20 13:00:00,52.065,52.07,52.06,52.06,610
2026-03-20 13:05:00,52.08,52.095,51.89,52.095,9465
2026-03-20 13:10:00,52.05,52.08,52.02,52.05,5646
2026-03-20 13:15:00,52.055,52.09,52.01,52.05,14178
2026-03-20 13:20:00,52.055,52.15,52.055,52.11,3178
2026-03-20 13:25:00,52.12,52.12,52.065,52.08,2794
2026-03-20 13:30:00,52.06,52.08,51.93,51.93,14920
2026-03-20 13:35:00,51.945,51.98,51.85,51.98,21042
2026-03-20 13:40:00,51.95,51.97,51.935,51.9401,35743
2026-03-20 13:45:00,51.96,51.98,51.93,51.95,25602
2026-03-20 13:50:00,51.94,51.965,51.93,51.955,34175
2026-03-20 13:55:00,51.97,52.04,51.95,51.98,21005
2026-03-20 14:00:00,51.98,52.0,51.92,51.935,4864
2026-03-20 14:05:00,51.91,52.0,51.9,51.97,2592
2026-03-20 14:10:00,51.945,51.945,51.88,51.93,2202
2026-03-20 14:15:00,51.93,51.93,51.86,51.88,4995
2026-03-20 14:20:00,51.865,51.87,51.582,51.6576,10241
2026-03-20 14:25:00,51.67,51.78,51.67,51.75,7021
2026-03-20 14:30:00,51.79,51.79,51.7,51.73,2000
2026-03-20 14:35:00,51.66,51.68,51.6001,51.68,6027
2026-03-20 14:40:00,51.7,51.71,51.65,51.655,3280
2026-03-20 14:45:00,51.635,51.64,51.6,51.615,1948
2026-03-20 14:50:00,51.615,51.64,51.58,51.61,3385
2026-03-20 14:55:00,51.64,51.64,51.57,51.59,12061
2026-03-20 15:00:00,51.6,51.66,51.6,51.61,27042
2026-03-20 15:05:00,51.625,51.63,51.59,51.63,41647
2026-03-20 15:10:00,51.63,51.64,51.59,51.63,10088
2026-03-20 15:15:00,51.62,51.68,51.62,51.68,41856
2026-03-20 15:20:00,51.64,51.64,51.54,51.54,1910
2026-03-20 15:25:00,51.535,51.56,51.51,51.5201,6432
2026-03-20 15:30:00,51.59,51.59,51.51,51.51,5898
2026-03-20 15:35:00,51.54,51.56,51.43,51.52,3710
2026-03-20 15:40:00,51.5,51.57,51.49,51.57,7583
2026-03-20 15:45:00,51.61,51.62,51.5401,51.56,11482
2026-03-20 15:50:00,51.575,51.72,51.5595,51.6701,8337
2026-03-20 15:55:00,51.75,51.78,51.58,51.62,29699
2026-03-20 16:00:00,51.63,51.63,51.63,51.63,12166
2026-03-20 16:35:00,51.62,51.62,51.62,51.62,300
2026-03-20 18:00:00,52.54,52.54,52.54,52.54,100
2026-03-23 08:15:00,51.88,51.88,51.88,51.88,100
2026-03-23 08:40:00,52.88,52.88,52.88,52.88,600
2026-03-23 09:30:00,52.84,52.87,52.68,52.81,20806
2026-03-23 09:35:00,52.84,53.0,52.74,53.0,10821
2026-03-23 09:40:00,53.005,53.22,52.92,53.0,14949
2026-03-23 09:45:00,52.995,53.14,52.9939,53.05,5554
2026-03-23 09:50:00,53.055,53.18,52.97,53.12,9450
2026-03-23 09:55:00,53.12,53.14,52.99,53.14,11132
2026-03-23 10:00:00,53.17,53.36,53.17,53.3099,15557
2026-03-23 10:05:00,53.28,53.285,53.19,53.23,5436
2026-03-23 10:10:00,53.23,53.29,53.18,53.22,11464
2026-03-23 10:15:00,53.2,53.4406,53.2,53.4406,1800
2026-03-23 10:20:00,53.46,53.61,53.41,53.59,4480
2026-03-23 10:25:00,53.56,53.56,53.46,53.5,7200
2026-03-23 10:30:00,53.49,53.56,53.465,53.54,7616
2026-03-23 10:35:00,53.55,53.55,53.39,53.39,4159
2026-03-23 10:40:00,53.45,53.5,53.42,53.5,1695
2026-03-23 10:45:00,53.45,53.62,53.4,53.6,4125
2026-03-23 10:50:00,53.58,53.64,53.53,53.57,2100
2026-03-23 10:55:00,53.59,53.59,53.55,53.55,1372
2026-03-23 11:00:00,53.54,53.7999,53.54,53.7999,4400
2026-03-23 11:05:00,53.73,53.785,53.68,53.74,5279
2026-03-23 11:10:00,53.76,53.81,53.755,53.755,2039
2026-03-23 11:15:00,53.78,53.78,53.62,53.62,3400
2026-03-23 11:20:00,53.64,53.715,53.595,53.69,6700
2026-03-23 11:25:00,53.66,53.7,53.49,53.51,2700
2026-03-23 11:30:00,53.55,53.55,53.48,53.5,1800
2026-03-23 11:35:00,53.48,53.48,53.34,53.34,9190
2026-03-23 11:40:00,53.35,53.4,53.29,53.2901,4388
2026-03-23 11:45:00,53.285,53.33,53.25,53.31,2380
2026-03-23 11:50:00,53.3,53.32,53.0201,53.03,5788
2026-03-23 11:55:00,53.01,53.015,52.855,52.89,1546
2026-03-23 12:00:00,52.86,52.97,52.84,52.88,16616
2026-03-23 12:05:00,52.88,52.915,52.8,52.9,4396
2026-03-23 12:10:00,52.88,52.97,52.865,52.91,3320
2026-03-23 12:15:00,52.93,52.955,52.85,52.85,1450
2026-03-23 12:20:00,52.78,52.825,52.7,52.78,6114
2026-03-23 12:25:00,52.76,52.825,52.7,52.7,4242
2026-03-23 12:30:00,52.67,52.75,52.645,52.75,9040
2026-03-23 12:35:00,52.76,52.865,52.76,52.83,6010
2026-03-23 12:40:00,52.835,52.86,52.81,52.84,4290
2026-03-23 12:45:00,52.85,52.905,52.8,52.895,43284
2026-03-23 12:50:00,52.9,52.95,52.795,52.86,7780
2026-03-23 12:55:00,52.881,52.881,52.805,52.82,1510
2026-03-23 13:00:00,52.85,52.91,52.78,52.78,6891
2026-03-23 13:05:00,52.77,52.92,52.76,52.92,4951
2026-03-23 13:10:00,52.91,52.91,52.885,52.885,2110
2026-03-23 13:15:00,52.855,52.94,52.83,52.925,4119
2026-03-23 13:20:00,52.89,52.95,52.831,52.94,7584
2026-03-23 13:25:00,52.96,53.015,52.96,53.01,11965
2026-03-23 13:30:00,53.03,53.165,53.03,53.165,44919
2026-03-23 13:35:00,53.15,53.32,53.15,53.26,9319
2026-03-23 13:40:00,53.24,53.24,53.12,53.12,2125
2026-03-23 13:45:00,53.08,53.08,53.08,53.08,200
2026-03-23 13:50:00,53.1,53.14,53.09,53.14,1697
2026-03-23 13:55:00,53.145,53.19,53.1416,53.15,1823
2026-03-23 14:00:00,53.155,53.18,53.14,53.18,2636
2026-03-23 14:05:00,53.17,53.2,53.01,53.1,6974
2026-03-23 14:10:00,53.16,53.21,53.16,53.2,2300
2026-03-23 14:15:00,53.16,53.17,53.1,53.14,1175
2026-03-23 14:20:00,53.14,53.16,53.14,53.16,2100
2026-03-23 14:25:00,53.17,53.2,53.121,53.14,5711
2026-03-23 14:30:00,53.14,53.33,53.14,53.33,1000
2026-03-23 14:35:00,53.37,53.415,53.33,53.33,5037
2026-03-23 14:40:00,53.34,53.37,53.33,53.37,1107
2026-03-23 14:45:00,53.39,53.49,53.371,53.45,3425
2026-03-23 14:50:00,53.46,53.46,53.4,53.425,10135
2026-03-23 14:55:00,53.45,53.45,53.39,53.39,6201
2026-03-23 15:00:00,53.39,53.39,53.31,53.31,3576
2026-03-23 15:05:00,53.31,53.35,53.31,53.35,1009
2026-03-23 15:10:00,53.35,53.36,53.33,53.33,2017
2026-03-23 15:15:00,53.32,53.32,53.245,53.27,2653
2026-03-23 15:20:00,53.27,53.27,53.22,53.24,5712
2026-03-23 15:25:00,53.24,53.24,53.18,53.2,6545
2026-03-23 15:30:00,53.23,53.25,53.2,53.22,8127
2026-03-23 15:35:00,53.23,53.28,53.19,53.24,56420
2026-03-23 15:40:00,53.221,53.29,53.2,53.29,7534
2026-03-23 15:45:00,53.29,53.37,53.29,53.31,7405
2026-03-23 15:50:00,53.28,53.28,53.19,53.19,31783
2026-03-23 15:55:00,53.17,53.17,53.095,53.13,11866
2026-03-23 16:00:00,53.09,53.09,52.76,52.76,8334
2026-03-24 09:30:00,52.16,52.31,52.16,52.29,5541
2026-03-24 09:35:00,52.26,52.3999,52.26,52.31,8039
2026-03-24 09:40:00,52.36,52.36,52.26,52.32,2250
2026-03-24 09:45:00,52.21,52.24,52.13,52.13,2483
2026-03-24 09:50:00,52.125,52.22,52.125,52.16,27107
2026-03-24 09:55:00,52.19,52.305,52.18,52.29,7893
2026-03-24 10:00:00,52.36,52.3842,52.34,52.37,2069
2026-03-24 10:05:00,52.36,52.465,52.31,52.44,2510
2026-03-24 10:10:00,52.44,52.47,52.3,52.3,3254
2026-03-24 10:15:00,52.33,52.365,52.3204,52.3204,746
2026-03-24 10:20:00,52.42,52.45,52.37,52.405,1326
2026-03-24 10:25:00,52.38,52.44,52.38,52.44,900
2026-03-24 10:30:00,52.41,52.48,52.41,52.48,321
2026-03-24 10:35:00,52.48,52.48,52.48,52.48,100
2026-03-24 10:40:00,52.49,52.56,52.49,52.56,700
2026-03-24 10:45:00,52.54,52.63,52.52,52.52,900
2026-03-24 10:50:00,52.445,52.81,52.41,52.73,2919
2026-03-24 10:55:00,52.78,52.86,52.625,52.67,2389
2026-03-24 11:00:00,52.75,52.76,52.68,52.715,2354
2026-03-24 11:05:00,52.72,52.72,52.7,52.7,369
2026-03-24 11:10:00,52.73,52.73,52.73,52.73,200
2026-03-24 11:15:00,52.77,52.83,52.77,52.83,1591
2026-03-24 11:20:00,52.84,52.84,52.84,52.84,100
2026-03-24 11:25:00,52.945,52.945,52.86,52.86,1169
2026-03-24 11:30:00,52.87,52.87,52.81,52.81,500
2026-03-24 11:35:00,52.85,52.9,52.85,52.87,3851
2026-03-24 11:40:00,52.89,52.89,52.89,52.89,100
2026-03-24 11:50:00,52.9,52.93,52.84,52.84,1835
2026-03-24 11:55:00,52.8,52.8,52.7,52.76,300
2026-03-24 12:00:00,52.65,52.67,52.64,52.67,2416
2026-03-24 12:05:00,52.68,52.745,52.665,52.745,1178
2026-03-24 12:10:00,52.73,52.73,52.6701,52.6701,466
2026-03-24 12:15:00,52.74,52.87,52.74,52.845,5906
2026-03-24 12:20:00,52.86,52.89,52.805,52.86,5570
2026-03-24 12:25:00,52.8201,52.89,52.8201,52.89,1053
2026-03-24 12:30:00,52.88,52.89,52.87,52.87,1925
2026-03-24 12:35:00,52.75,52.75,52.71,52.72,300
2026-03-24 12:40:00,52.67,52.7849,52.67,52.7849,796
2026-03-24 12:45:00,52.805,52.81,52.79,52.79,1200
2026-03-24 12:50:00,52.83,52.86,52.8,52.8,1350
2026-03-24 12:55:00,52.75,52.8,52.7,52.74,1419
2026-03-24 13:00:00,52.75,52.75,52.57,52.57,1403
2026-03-24 13:05:00,52.54,52.54,52.41,52.41,3288
2026-03-24 13:10:00,52.41,52.46,52.385,52.46,3218
2026-03-24 13:15:00,52.42,52.51,52.42,52.49,13062
2026-03-24 13:20:00,52.495,52.55,52.495,52.55,1261
2026-03-24 13:25:00,52.57,52.575,52.55,52.575,1000
2026-03-24 13:30:00,52.63,52.63,52.63,52.63,900
2026-03-24 13:35:00,52.53,52.5882,52.53,52.585,1895
2026-03-24 13:40:00,52.61,52.61,52.515,52.54,6653
2026-03-24 13:45:00,52.53,52.57,52.53,52.57,1000
2026-03-24 13:50:00,52.58,52.63,52.55,52.61,2513
2026-03-24 13:55:00,52.64,52.81,52.63,52.75,5277
2026-03-24 14:00:00,52.8,52.83,52.73,52.73,1950
2026-03-24 14:05:00,52.775,52.775,52.75,52.75,200
2026-03-24 14:10:00,52.71,52.77,52.71,52.77,500
2026-03-24 14:15:00,52.75,52.78,52.75,52.755,1600
2026-03-24 14:20:00,52.79,52.79,52.75,52.75,706
2026-03-24 14:25:00,52.73,52.83,52.72,52.795,3225
2026-03-24 14:30:00,52.85,52.9,52.85,52.9,1000
2026-03-24 14:35:00,52.9,53.02,52.89,53.02,4260
2026-03-24 14:40:00,53.025,53.05,52.91,52.94,1948
2026-03-24 14:45:00,52.905,52.905,52.86,52.88,1631
2026-03-24 14:50:00,52.91,52.95,52.91,52.95,200
2026-03-24 14:55:00,52.88,52.895,52.85,52.88,1341
2026-03-24 15:00:00,52.89,52.96,52.88,52.96,1955
2026-03-24 15:05:00,52.96,53.03,52.94,53.03,1594
2026-03-24 15:10:00,53.035,53.04,53.0,53.02,3317
2026-03-24 15:15:00,53.03,53.03,52.98,53.01,1753
2026-03-24 15:20:00,53.01,53.01,52.96,52.96,1469
2026-03-24 15:25:00,52.945,52.96,52.92,52.92,1356
2026-03-24 15:30:00,52.91,52.94,52.89,52.91,7794
2026-03-24 15:35:00,52.89,52.92,52.89,52.89,1256
2026-03-24 15:40:00,52.89,52.94,52.89,52.935,1777
2026-03-24 15:45:00,52.91,52.94,52.885,52.93,27584
2026-03-24 15:50:00,52.9,52.93,52.84,52.89,21232
2026-03-24 15:55:00,52.86,52.87,52.77,52.77,17524
2026-03-24 16:00:00,52.78,52.78,52.78,52.78,14156
2026-03-25 09:25:00,53.14,53.14,53.14,53.14,100
2026-03-25 09:30:00,53.59,53.83,53.46,53.64,3681
2026-03-25 09:35:00,53.69,53.7905,53.69,53.755,2285
2026-03-25 09:40:00,53.74,53.75,53.7,53.7,2559
2026-03-25 09:45:00,53.67,53.67,53.55,53.55,861
2026-03-25 09:50:00,53.53,53.55,53.47,53.47,2426
2026-03-25 09:55:00,53.49,53.53,53.47,53.47,1083
2026-03-25 10:00:00,53.45,53.47,53.43,53.44,9587
2026-03-25 10:05:00,53.4275,53.48,53.38,53.44,2524
2026-03-25 10:10:00,53.46,53.5706,53.46,53.57,2445
2026-03-25 10:15:00,53.61,53.65,53.61,53.65,300
2026-03-25 10:20:00,53.69,53.69,53.59,53.59,2539
2026-03-25 10:25:00,53.59,53.71,53.58,53.66,3400
2026-03-25 10:30:00,53.67,53.72,53.65,53.72,675
2026-03-25 10:35:00,53.73,53.73,53.6,53.6,3800
2026-03-25 10:40:00,53.59,53.65,53.59,53.62,1064
2026-03-25 10:45:00,53.635,53.72,53.635,53.72,3600
2026-03-25 10:50:00,53.7,53.78,53.68,53.75,5108
2026-03-25 10:55:00,53.7557,53.7557,53.66,53.66,2910
2026-03-25 11:00:00,53.66,53.685,53.64,53.64,1600
2026-03-25 11:05:00,53.63,53.63,53.46,53.46,1400
2026-03-25 11:10:00,53.4054,53.44,53.3801,53.385,1197
2026-03-25 11:15:00,53.41,53.44,53.26,53.295,2201
2026-03-25 11:20:00,53.32,53.57,53.32,53.57,920
2026-03-25 11:25:00,53.57,53.615,53.535,53.615,800
2026-03-25 11:30:00,53.62,53.64,53.62,53.64,900
2026-03-25 11:35:00,53.615,53.62,53.59,53.59,1000
2026-03-25 11:40:00,53.51,53.58,53.5,53.555,800
2026-03-25 11:45:00,53.55,53.55,53.495,53.52,628
2026-03-25 11:50:00,53.515,53.52,53.47,53.47,7700
2026-03-25 11:55:00,53.495,53.56,53.48,53.52,2050
2026-03-25 12:00:00,53.52,53.52,53.48,53.505,700
2026-03-25 12:05:00,53.44,53.44,53.41,53.41,1172
2026-03-25 12:10:00,53.405,53.407,53.335,53.407,1791
2026-03-25 12:15:00,53.42,53.42,53.37,53.39,2266
2026-03-25 12:20:00,53.35,53.47,53.35,53.45,1400
2026-03-25 12:25:00,53.49,53.5715,53.46,53.55,4120
2026-03-25 12:30:00,53.535,53.635,53.535,53.635,241595
2026-03-25 12:35:00,53.67,53.67,53.64,53.64,400
2026-03-25 12:40:00,53.65,53.695,53.64,53.64,1000
2026-03-25 12:45:00,53.65,53.655,53.63,53.63,800
2026-03-25 12:50:00,53.64,53.64,53.59,53.64,9603
2026-03-25 12:55:00,53.67,53.67,53.595,53.62,596
2026-03-25 13:00:00,53.62,53.65,53.57,53.625,2100
2026-03-25 13:05:00,53.59,53.61,53.59,53.59,3090
2026-03-25 13:10:00,53.58,53.58,53.57,53.57,300
2026-03-25 13:15:00,53.59,53.59,53.56,53.56,3072
2026-03-25 13:20:00,53.58,53.64,53.58,53.62,1006
2026-03-25 13:25:00,53.64,53.66,53.64,53.65,941
2026-03-25 13:30:00,53.65,53.695,53.64,53.695,3366
2026-03-25 13:35:00,53.73,53.74,53.6788,53.6788,617
2026-03-25 13:40:00,53.7042,53.79,53.7042,53.79,348
2026-03-25 13:45:00,53.71,53.71,53.695,53.695,1600
2026-03-25 13:50:00,53.67,53.69,53.615,53.615,825
2026-03-25 13:55:00,53.575,53.67,53.575,53.63,1200
2026-03-25 14:00:00,53.62,53.62,53.61,53.61,200
2026-03-25 14:05:00,53.64,53.64,53.6,53.64,900
2026-03-25 14:10:00,53.64,53.67,53.64,53.67,300
2026-03-25 14:15:00,53.67,53.6896,53.655,53.655,983
2026-03-25 14:20:00,53.675,53.675,53.675,53.675,178
2026-03-25 14:25:00,53.7,53.7,53.64,53.64,6451
2026-03-25 14:30:00,53.65,53.685,53.65,53.685,950
2026-03-25 14:35:00,53.665,53.665,53.63,53.63,1970
2026-03-25 14:40:00,53.615,53.615,53.615,53.615,145
2026-03-25 14:45:00,53.6,53.6,53.59,53.59,300
2026-03-25 14:50:00,53.58,53.58,53.58,53.58,718
2026-03-25 14:55:00,53.55,53.56,53.48,53.54,4810
2026-03-25 15:00:00,53.52,53.525,53.47,53.4901,5884
2026-03-25 15:05:00,53.52,53.53,53.52,53.53,400
2026-03-25 15:10:00,53.5,53.52,53.47,53.51,2032
2026-03-25 15:15:00,53.565,53.57,53.565,53.57,200
2026-03-25 15:20:00,53.555,53.61,53.555,53.57,1635
2026-03-25 15:25:00,53.545,53.555,53.53,53.53,900
2026-03-25 15:30:00,53.5,53.5,53.46,53.5,2792
2026-03-25 15:35:00,53.5,53.51,53.4401,53.49,2034
2026-03-25 15:40:00,53.53,53.53,53.52,53.52,274
2026-03-25 15:45:00,53.49,53.51,53.49,53.51,400
2026-03-25 15:50:00,53.52,53.535,53.52,53.535,985
2026-03-25 15:55:00,53.5176,53.53,53.47,53.48,5612
2026-03-25 16:00:00,53.53,53.53,53.53,53.53,7584
2026-03-25 18:40:00,53.2629,53.2629,53.2629,53.2629,169
2026-03-26 07:50:00,52.73,52.73,52.73,52.73,300
2026-03-26 08:00:00,52.73,52.73,52.73,52.73,4000
2026-03-26 09:30:00,52.78,52.86,52.635,52.68,9375
2026-03-26 09:35:00,52.72,52.83,52.71,52.82,3993
2026-03-26 09:40:00,52.77,52.845,52.75,52.845,1381
2026-03-26 09:45:00,52.95,53.04,52.93,52.955,2275
2026-03-26 09:50:00,52.91,53.02,52.91,52.96,1150
2026-03-26 09:55:00,52.93,52.93,52.83,52.83,1040
2026-03-26 10:00:00,52.93,52.93,52.92,52.92,500
2026-03-26 10:05:00,52.89,52.91,52.84,52.89,4000
2026-03-26 10:10:00,52.888,52.94,52.85,52.94,1556
2026-03-26 10:15:00,52.945,53.02,52.945,52.98,2078
2026-03-26 10:20:00,52.98,53.03,52.98,53.03,1345
2026-03-26 10:25:00,53.01,53.01,52.99,52.99,500
2026-03-26 10:30:00,53.022,53.03,53.022,53.03,400
2026-03-26 10:35:00,53.02,53.04,52.99,52.99,2859
2026-03-26 10:40:00,53.11,53.11,52.86,52.875,31422
2026-03-26 10:45:00,52.89,52.975,52.87,52.94,6921
2026-03-26 10:50:00,52.945,52.97,52.835,52.835,11584
2026-03-26 10:55:00,52.8,52.9,52.8,52.9,11227
2026-03-26 11:00:00,52.9,52.91,52.83,52.865,7969
2026-03-26 11:05:00,52.86,52.91,52.84,52.87,2185
2026-03-26 11:10:00,52.895,52.93,52.89,52.93,900
2026-03-26 11:15:00,52.91,52.91,52.84,52.84,1430
2026-03-26 11:20:00,52.85,52.89,52.85,52.865,1073
2026-03-26 11:25:00,52.85,52.85,52.82,52.84,462
2026-03-26 11:30:00,52.81,52.81,52.76,52.76,1169
2026-03-26 11:35:00,52.755,52.78,52.74,52.78,1541
2026-03-26 11:40:00,52.72,52.7201,52.7,52.7,570
2026-03-26 11:45:00,52.71,52.83,52.71,52.75,771
2026-03-26 11:50:00,52.79,52.86,52.79,52.81,1012
2026-03-26 11:55:00,52.79,52.83,52.79,52.83,3069
2026-03-26 12:00:00,52.85,52.89,52.85,52.885,600
2026-03-26 12:05:00,52.9,52.9,52.88,52.88,200
2026-03-26 12:10:00,52.91,52.91,52.85,52.85,1220
2026-03-26 12:15:00,52.82,52.82,52.75,52.78,700
2026-03-26 12:20:00,52.71,52.71,52.65,52.65,1100
2026-03-26 12:25:00,52.675,52.69,52.62,52.63,2000
2026-03-26 12:30:00,52.645,52.65,52.555,52.59,132481
2026-03-26 12:35:00,52.615,52.68,52.61,52.66,26708
2026-03-26 12:40:00,52.66,52.72,52.62,52.69,16903
2026-03-26 12:45:00,52.73,52.73,52.65,52.69,39464
2026-03-26 12:50:00,52.69,52.69,52.69,52.69,100
2026-03-26 12:55:00,52.675,52.68,52.66,52.66,590
2026-03-26 13:00:00,52.74,52.74,52.7,52.71,7851
2026-03-26 13:05:00,52.72,52.74,52.72,52.73,672
2026-03-26 13:10:00,52.69,52.71,52.69,52.71,200
2026-03-26 13:15:00,52.64,52.6401,52.64,52.6401,475
2026-03-26 13:20:00,52.68,52.68,52.65,52.655,538
2026-03-26 13:25:00,52.61,52.65,52.6,52.65,784
2026-03-26 13:30:00,52.62,52.65,52.62,52.65,413
2026-03-26 13:35:00,52.67,52.67,52.64,52.66,532
2026-03-26 13:40:00,52.61,52.61,52.555,52.57,8202
2026-03-26 13:45:00,52.57,52.59,52.57,52.59,706
2026-03-26 13:55:00,52.51,52.51,52.51,52.51,100
2026-03-26 14:00:00,52.53,52.57,52.53,52.57,800
2026-03-26 14:05:00,52.57,52.62,52.57,52.62,980
2026-03-26 14:10:00,52.595,52.595,52.595,52.595,100
2026-03-26 14:15:00,52.62,52.62,52.605,52.605,200
2026-03-26 14:20:00,52.59,52.61,52.57,52.61,4700
2026-03-26 14:25:00,52.64,52.64,52.55,52.56,1695
2026-03-26 14:30:00,52.59,52.66,52.58,52.65,2541
2026-03-26 14:35:00,52.655,52.67,52.655,52.67,781
2026-03-26 14:40:00,52.7,52.7,52.652,52.69,900
2026-03-26 14:45:00,52.7,52.73,52.7,52.72,6520
2026-03-26 14:50:00,52.72,52.73,52.67,52.685,2031
2026-03-26 14:55:00,52.67,52.67,52.66,52.66,500
2026-03-26 15:00:00,52.66,52.66,52.595,52.61,2353
2026-03-26 15:05:00,52.5615,52.6,52.5615,52.59,3527
2026-03-26 15:10:00,52.57,52.57,52.49,52.49,3004
2026-03-26 15:15:00,52.52,52.55,52.49,52.55,1629
2026-03-26 15:20:00,52.53,52.54,52.52,52.52,8200
2026-03-26 15:25:00,52.5,52.51,52.4767,52.4767,1986
2026-03-26 15:30:00,52.4606,52.47,52.45,52.45,3384
2026-03-26 15:35:00,52.5,52.54,52.5,52.54,1129
2026-03-26 15:40:00,52.52,52.52,52.46,52.465,1084
2026-03-26 15:45:00,52.4699,52.47,52.44,52.45,7696
2026-03-26 15:50:00,52.455,52.47,52.4118,52.42,10698
2026-03-26 15:55:00,52.4,52.47,52.38,52.42,4226
2026-03-26 16:00:00,52.46,52.46,52.46,52.46,5607
2026-03-26 16:05:00,52.62,52.62,52.62,52.62,448
2026-03-27 07:00:00,52.13,52.13,52.13,52.13,250
2026-03-27 09:30:00,52.15,52.28,52.055,52.055,5938
2026-03-27 09:35:00,52.025,52.11,51.97,52.11,6635
2026-03-27 09:40:00,52.115,52.22,52.11,52.22,6937
2026-03-27 09:45:00,52.21,52.27,52.21,52.23,2013
2026-03-27 09:50:00,52.22,52.225,52.07,52.1,2100
2026-03-27 09:55:00,52.08,52.09,52.02,52.07,3620
2026-03-27 10:00:00,52.13,52.22,52.09,52.22,920
2026-03-27 10:05:00,52.24,52.24,52.17,52.17,480
2026-03-27 10:10:00,52.17,52.22,52.165,52.21,1818
2026-03-27 10:15:00,52.26,52.38,52.26,52.3772,500
2026-03-27 10:20:00,52.39,52.39,52.36,52.36,300
2026-03-27 10:25:00,52.33,52.34,52.25,52.27,2808
2026-03-27 10:30:00,52.27,52.36,52.27,52.3301,1037
2026-03-27 10:35:00,52.3466,52.35,52.31,52.32,2825
2026-03-27 10:40:00,52.33,52.33,52.33,52.33,211
2026-03-27 10:45:00,52.28,52.28,52.28,52.28,100
2026-03-27 10:50:00,52.3496,52.35,52.3301,52.34,944
2026-03-27 11:00:00,52.37,52.45,52.37,52.45,1426
2026-03-27 11:05:00,52.425,52.48,52.36,52.38,29677
2026-03-27 11:10:00,52.39,52.39,52.35,52.37,975
2026-03-27 11:15:00,52.32,52.34,52.26,52.29,1005
2026-03-27 11:20:00,52.315,52.485,52.315,52.44,4686
2026-03-27 11:25:00,52.44,52.47,52.42,52.465,1389
2026-03-27 11:30:00,52.52,52.64,52.52,52.64,2193
2026-03-27 11:35:00,52.635,52.66,52.565,52.565,2500
2026-03-27 11:40:00,52.5502,52.5502,52.51,52.535,4930
2026-03-27 11:45:00,52.545,52.545,52.545,52.545,100
2026-03-27 11:50:00,52.54,52.57,52.45,52.45,1300
2026-03-27 11:55:00,52.41,52.41,52.37,52.37,200
2026-03-27 12:00:00,52.325,52.37,52.29,52.37,2749
2026-03-27 12:05:00,52.285,52.285,52.27,52.27,300
2026-03-27 12:10:00,52.3,52.3,52.3,52.3,100
2026-03-27 12:15:00,52.27,52.28,52.25,52.28,1100
2026-03-27 12:20:00,52.265,52.3,52.265,52.3,200
2026-03-27 12:25:00,52.23,52.3,52.22,52.3,2817
2026-03-27 12:30:00,52.35,52.35,52.215,52.24,1007
2026-03-27 12:35:00,52.21,52.23,52.14,52.17,27834
2026-03-27 12:40:00,52.17,52.2505,52.17,52.2505,7487
2026-03-27 12:45:00,52.27,52.27,52.27,52.27,100
2026-03-27 12:50:00,52.275,52.275,52.275,52.275,100
2026-03-27 12:55:00,52.25,52.27,52.25,52.25,10756
2026-03-27 13:00:00,52.24,52.24,52.2,52.22,3718
2026-03-27 13:05:00,52.225,52.36,52.17,52.19,3486
2026-03-27 13:10:00,52.175,52.18,52.17,52.18,300
2026-03-27 13:15:00,52.115,52.14,52.11,52.14,700
2026-03-27 13:20:00,52.1247,52.14,52.1247,52.14,4550
2026-03-27 13:25:00,52.04,52.06,52.04,52.06,900
2026-03-27 13:30:00,52.065,52.065,52.065,52.065,264
2026-03-27 13:35:00,52.08,52.08,52.08,52.08,300
2026-03-27 13:40:00,52.03,52.035,52.03,52.035,200
2026-03-27 13:45:00,52.065,52.0723,52.06,52.065,1030
2026-03-27 13:50:00,52.055,52.055,52.055,52.055,100
2026-03-27 13:55:00,52.05,52.07,52.04,52.04,2909
2026-03-27 14:00:00,52.06,52.07,52.01,52.01,904
2026-03-27 14:05:00,52.0,52.0,52.0,52.0,400
2026-03-27 14:10:00,51.975,51.99,51.975,51.98,2082
2026-03-27 14:15:00,51.985,52.0,51.94,51.99,9145
2026-03-27 14:20:00,52.03,52.03,51.98,51.99,1271
2026-03-27 14:25:00,52.01,52.01,52.01,52.01,100
2026-03-27 14:30:00,51.98,51.98,51.98,51.98,200
2026-03-27 14:35:00,51.97,52.02,51.97,52.01,1541
2026-03-27 14:40:00,52.0,52.06,52.0,52.06,2640
2026-03-27 14:45:00,52.04,52.04,52.04,52.04,100
2026-03-27 14:50:00,52.015,52.015,51.97,51.97,615
2026-03-27 15:00:00,51.99,51.99,51.935,51.96,5027
2026-03-27 15:05:00,51.9543,51.97,51.94,51.96,3522
2026-03-27 15:10:00,51.96,51.97,51.94,51.96,1572
2026-03-27 15:15:00,51.96,51.9801,51.96,51.96,346
2026-03-27 15:20:00,51.97,52.005,51.965,51.98,3251
2026-03-27 15:25:00,51.96,51.97,51.94,51.96,1775
2026-03-27 15:30:00,51.97,52.0,51.95,51.99,9174
2026-03-27 15:35:00,52.015,52.015,51.94,51.955,2024
2026-03-27 15:40:00,51.94,51.95,51.84,51.8546,3414
2026-03-27 15:45:00,51.84,51.88,51.7962,51.88,7213
2026-03-27 15:50:00,51.865,51.94,51.86,51.915,7020
2026-03-27 15:55:00,51.91,52.005,51.91,51.98,10514
2026-03-27 16:00:00,51.96,51.96,51.96,51.96,3764
2026-03-27 16:15:00,52.34,52.34,52.34,52.34,140
2026-03-30 06:05:00,52.0,52.0,52.0,52.0,200
2026-03-30 07:40:00,51.4975,51.4975,51.4975,51.4975,536
2026-03-30 09:30:00,52.36,52.6,52.36,52.37,6112
2026-03-30 09:35:00,52.36,52.37,52.31,52.33,16301
2026-03-30 09:40:00,52.335,52.34,52.26,52.3,19592
2026-03-30 09:45:00,52.3,52.305,52.235,52.29,12334
2026-03-30 09:50:00,52.27,52.3,52.24,52.265,4795
2026-03-30 09:55:00,52.2,52.2191,52.17,52.21,5799
2026-03-30 10:00:00,52.24,52.34,52.22,52.32,9300
2026-03-30 10:05:00,52.29,52.34,52.26,52.34,6358
2026-03-30 10:10:00,52.35,52.38,52.33,52.37,6900
2026-03-30 10:15:00,52.37,52.37,52.24,52.28,7237
2026-03-30 10:20:00,52.32,52.33,52.27,52.29,4612
2026-03-30 10:25:00,52.28,52.28,52.24,52.27,4427
2026-03-30 10:30:00,52.33,52.38,52.32,52.33,3001
2026-03-30 10:35:00,52.365,52.435,52.3,52.395,2974
2026-03-30 10:40:00,52.37,52.37,52.32,52.32,1005
2026-03-30 10:45:00,52.3,52.4,52.27,52.35,6478
2026-03-30 10:50:00,52.34,52.425,52.34,52.425,1100
2026-03-30 10:55:00,52.42,52.51,52.42,52.5,2405
2026-03-30 11:00:00,52.52,52.6,52.52,52.57,2440
2026-03-30 11:05:00,52.555,52.555,52.44,52.44,3200
2026-03-30 11:10:00,52.475,52.475,52.39,52.39,1100
2026-03-30 11:15:00,52.375,52.39,52.35,52.39,1670
2026-03-30 11:20:00,52.43,52.43,52.41,52.42,1100
2026-03-30 11:25:00,52.47,52.485,52.45,52.45,2425
2026-03-30 11:30:00,52.44,52.54,52.43,52.535,4780
2026-03-30 11:35:00,52.56,52.595,52.54,52.58,2525
2026-03-30 11:40:00,52.58,52.6788,52.58,52.67,1604
2026-03-30 11:45:00,52.66,52.66,52.61,52.65,3903
2026-03-30 11:50:00,52.64,52.705,52.63,52.63,2096
2026-03-30 11:55:00,52.63,52.63,52.59,52.61,3552
2026-03-30 12:00:00,52.61,52.62,52.51,52.51,1601
2026-03-30 12:05:00,52.52,52.55,52.495,52.51,3033
2026-03-30 12:10:00,52.5,52.52,52.5,52.52,2955
2026-03-30 12:15:00,52.52,52.52,52.45,52.46,3500
2026-03-30 12:20:00,52.485,52.51,52.44,52.46,5884
2026-03-30 12:25:00,52.46,52.46,52.44,52.44,1263
2026-03-30 12:30:00,52.42,52.48,52.41,52.45,2879
2026-03-30 12:35:00,52.445,52.475,52.445,52.475,1100
2026-03-30 12:40:00,52.48,52.48,52.46,52.46,602
2026-03-30 12:45:00,52.45,52.455,52.44,52.455,911
2026-03-30 12:50:00,52.475,52.48,52.46,52.46,700
2026-03-30 12:55:00,52.445,52.475,52.445,52.475,700
2026-03-30 13:00:00,52.5,52.52,52.49,52.49,981
2026-03-30 13:05:00,52.485,52.515,52.48,52.51,1329
2026-03-30 13:10:00,52.52,52.52,52.41,52.41,1100
2026-03-30 13:15:00,52.41,52.41,52.37,52.39,5073
2026-03-30 13:20:00,52.36,52.36,52.34,52.34,1489
2026-03-30 13:25:00,52.35,52.35,52.34,52.34,747
2026-03-30 13:30:00,52.34,52.34,52.31,52.31,1187
2026-03-30 13:35:00,52.29,52.32,52.29,52.305,1456
2026-03-30 13:40:00,52.35,52.4,52.35,52.4,1800
2026-03-30 13:45:00,52.41,52.455,52.36,52.37,2407
2026-03-30 13:50:00,52.36,52.36,52.34,52.36,2173
2026-03-30 13:55:00,52.34,52.34,52.33,52.33,800
2026-03-30 14:00:00,52.34,52.35,52.34,52.35,702
2026-03-30 14:05:00,52.38,52.38,52.38,52.38,100
2026-03-30 14:10:00,52.38,52.39,52.3698,52.39,2820
2026-03-30 14:15:00,52.39,52.42,52.38,52.42,803
2026-03-30 14:20:00,52.43,52.44,52.375,52.38,5660
2026-03-30 14:25:00,52.38,52.38,52.33,52.33,1500
2026-03-30 14:30:00,52.34,52.345,52.335,52.335,1265
2026-03-30 14:35:00,52.345,52.38,52.33,52.33,8002
2026-03-30 14:40:00,52.32,52.334,52.2801,52.3,9168
2026-03-30 14:45:00,52.31,52.335,52.28,52.335,3952
2026-03-30 14:50:00,52.29,52.2999,52.29,52.2999,1150
2026-03-30 14:55:00,52.29,52.29,52.24,52.25,3357
2026-03-30 15:00:00,52.26,52.26,52.21,52.22,3346
2026-03-30 15:05:00,52.22,52.22,52.115,52.115,2680
2026-03-30 15:10:00,52.11,52.12,52.07,52.09,3390
2026-03-30 15:15:00,52.1,52.12,52.075,52.08,5976
2026-03-30 15:20:00,52.08,52.12,52.08,52.1,7218
2026-03-30 15:25:00,52.1,52.1,52.07,52.08,2964
2026-03-30 15:30:00,52.09,52.13,52.09,52.12,10342
2026-03-30 15:35:00,52.13,52.2,52.13,52.18,3502
2026-03-30 15:40:00,52.18,52.23,52.18,52.21,10002
2026-03-30 15:45:00,52.22,52.26,52.18,52.22,452882
2026-03-30 15:50:00,52.215,52.3,52.165,52.23,9913
2026-03-30 15:55:00,52.24,52.325,52.195,52.26,12488
2026-03-30 16:00:00,52.22,52.22,52.22,52.22,9768
2026-03-30 19:55:00,51.99,51.99,51.99,51.99,182
2026-03-31 04:00:00,53.0,53.0,53.0,53.0,4000
2026-03-31 09:30:00,53.33,53.89,53.2101,53.31,20087
2026-03-31 09:35:00,53.375,53.375,53.3,53.37,2750
2026-03-31 09:40:00,53.38,53.42,53.315,53.315,1300
2026-03-31 09:45:00,53.34,53.44,53.34,53.44,9081
2026-03-31 09:50:00,53.42,53.64,53.42,53.64,24090
2026-03-31 09:55:00,53.62,53.62,53.51,53.57,12287
2026-03-31 10:00:00,53.53,53.58,53.52,53.52,4000
2026-03-31 10:05:00,53.44,53.45,53.42,53.42,2295
2026-03-31 10:10:00,53.4,53.4799,53.39,53.42,65533
2026-03-31 10:15:00,53.415,53.5,53.37,53.42,48031
2026-03-31 10:20:00,53.41,53.465,53.345,53.4612,19560
2026-03-31 10:25:00,53.42,53.52,53.385,53.5,76926
2026-03-31 10:30:00,53.505,53.59,53.505,53.545,61887
2026-03-31 10:35:00,53.53,53.53,53.35,53.37,21245
2026-03-31 10:40:00,53.4,53.41,53.25,53.3,7199
2026-03-31 10:45:00,53.305,53.385,53.25,53.27,17547
2026-03-31 10:50:00,53.24,53.31,53.2346,53.25,8234
2026-03-31 10:55:00,53.23,53.23,53.14,53.18,2532
2026-03-31 11:00:00,53.22,53.25,53.205,53.23,11612
2026-03-31 11:05:00,53.29,53.35,53.28,53.285,10078
2026-03-31 11:10:00,53.3,53.3899,53.285,53.3899,16817
2026-03-31 11:15:00,53.375,53.375,53.32,53.33,2750
2026-03-31 11:20:00,53.25,53.27,53.22,53.26,1400
2026-03-31 11:25:00,53.3,53.32,53.11,53.12,3285
2026-03-31 11:30:00,53.11,53.12,52.9909,53.08,7030
2026-03-31 11:35:00,53.15,53.19,53.14,53.14,2803
2026-03-31 11:40:00,53.1418,53.1418,53.1,53.1,1400
2026-03-31 11:45:00,53.085,53.13,53.08,53.13,2203
2026-03-31 11:50:00,53.15,53.175,53.09,53.09,5153
2026-03-31 11:55:00,53.11,53.12,53.01,53.03,13149
2026-03-31 12:00:00,53.03,53.14,53.01,53.12,5350
2026-03-31 12:05:00,53.1,53.13,53.1,53.115,1135
2026-03-31 12:10:00,53.08,53.08,53.02,53.06,5154
2026-03-31 12:15:00,53.07,53.1,53.06,53.09,4800
2026-03-31 12:20:00,53.075,53.15,53.07,53.15,6300
2026-03-31 12:25:00,53.19,53.19,53.15,53.15,967
2026-03-31 12:30:00,53.12,53.145,53.11,53.13,3731
2026-03-31 12:35:00,53.14,53.39,53.12,53.39,7409
2026-03-31 12:40:00,53.42,53.97,53.42,53.75,21085
2026-03-31 12:45:00,53.73,53.79,53.46,53.58,4054
2026-03-31 12:50:00,53.64,53.76,53.51,53.7,15014
2026-03-31 12:55:00,53.67,53.79,53.58,53.76,24328
2026-03-31 13:00:00,53.72,53.87,53.68,53.815,6465
2026-03-31 13:05:00,53.795,53.82,53.69,53.69,13733
2026-03-31 13:10:00,53.645,53.8,53.64,53.8,4260
2026-03-31 13:15:00,53.84,53.93,53.83,53.93,12373
2026-03-31 13:20:00,53.885,53.97,53.87,53.91,1850
2026-03-31 13:25:00,53.9152,53.9152,53.79,53.83,5725
2026-03-31 13:30:00,53.85,53.97,53.84,53.97,13106
2026-03-31 13:35:00,53.98,53.98,53.7425,53.86,10305
2026-03-31 13:40:00,53.905,53.915,53.855,53.89,1750
2026-03-31 13:45:00,53.89,53.94,53.875,53.89,10885
2026-03-31 13:50:00,53.88,53.91,53.86,53.87,1704
2026-03-31 13:55:00,53.87,53.87,53.785,53.785,2735
2026-03-31 14:00:00,53.8,53.89,53.8,53.81,12599
2026-03-31 14:05:00,53.82,53.9,53.82,53.89,3208
2026-03-31 14:10:00,53.905,53.93,53.86,53.93,11039
2026-03-31 14:15:00,53.92,53.97,53.9,53.955,3874
2026-03-31 14:20:00,53.94,53.94,53.875,53.875,4925
2026-03-31 14:25:00,53.875,53.96,53.85,53.94,3762
2026-03-31 14:30:00,53.905,53.905,53.88,53.8801,1575
2026-03-31 14:35:00,53.91,54.01,53.9,53.96,1360
2026-03-31 14:40:00,53.945,53.95,53.901,53.95,2500
2026-03-31 14:45:00,53.985,53.99,53.94,53.94,1235
2026-03-31 14:50:00,53.99,54.02,53.975,53.995,1506
2026-03-31 14:55:00,54.0,54.03,53.99,54.03,1801
2026-03-31 15:00:00,54.005,54.02,54.0,54.0,1971
2026-03-31 15:05:00,54.0,54.01,53.93,53.96,2823
2026-03-31 15:10:00,53.96,54.025,53.96,54.02,4073
2026-03-31 15:15:00,54.03,54.075,54.03,54.075,9454
2026-03-31 15:20:00,54.06,54.09,54.04,54.07,3082
2026-03-31 15:25:00,54.075,54.075,54.01,54.055,4465
2026-03-31 15:30:00,54.06,54.15,54.06,54.15,4431
2026-03-31 15:35:00,54.17,54.25,54.16,54.25,5957
2026-03-31 15:40:00,54.23,54.24,54.17,54.21,21163
2026-03-31 15:45:00,54.18,54.28,54.171,54.265,22747
2026-03-31 15:50:00,54.245,54.3,54.16,54.21,33601
2026-03-31 15:55:00,54.21,54.36,54.2,54.36,57961
2026-03-31 16:00:00,54.31,54.31,54.31,54.31,8841
2026-03-31 17:15:00,54.169,54.169,54.169,54.169,708
2026-03-31 17:35:00,53.01,53.01,53.01,53.01,150
2026-04-01 08:00:00,54.86,54.9,54.86,54.86,500
2026-04-01 09:15:00,55.0,55.0,55.0,55.0,154
2026-04-01 09:30:00,54.9,55.02,54.9,54.9715,11390
2026-04-01 09:35:00,54.99,55.0683,54.99,55.045,7605
2026-04-01 09:40:00,55.04,55.04,54.795,54.82,7998
2026-04-01 09:45:00,54.84,54.865,54.76,54.77,3912
2026-04-01 09:50:00,54.78,54.85,54.74,54.7822,16897
2026-04-01 09:55:00,54.78,54.84,54.78,54.84,3463
2026-04-01 10:00:00,54.86,54.87,54.8001,54.81,11613
2026-04-01 10:05:00,54.8,54.87,54.7516,54.83,4269
2026-04-01 10:10:00,54.7701,54.86,54.7701,54.85,6969
2026-04-01 10:15:00,54.85,54.93,54.84,54.89,14204
2026-04-01 10:20:00,54.89,54.96,54.86,54.88,4281
2026-04-01 10:25:00,54.865,54.9,54.81,54.87,23515
2026-04-01 10:30:00,54.825,54.89,54.77,54.87,2340
2026-04-01 10:35:00,54.84,55.05,54.83,55.02,6194
2026-04-01 10:40:00,54.97,55.04,54.92,54.96,3730
2026-04-01 10:45:00,54.99,55.1,54.965,55.1,6646
2026-04-01 10:50:00,55.1,55.1,55.075,55.09,9521
2026-04-01 10:55:00,55.06,55.09,55.03,55.03,3258
2026-04-01 11:00:00,55.03,55.1,55.03,55.07,1950
2026-04-01 11:05:00,55.0635,55.11,55.06,55.06,46035
2026-04-01 11:10:00,55.05,55.05,55.0,55.01,3638
2026-04-01 11:15:00,54.99,55.0588,54.99,55.04,3432
2026-04-01 11:20:00,55.06,55.06,54.97,54.97,2690
2026-04-01 11:25:00,54.9907,55.0,54.9538,54.98,61767
2026-04-01 11:30:00,54.911,55.01,54.911,55.01,5349
2026-04-01 11:35:00,55.015,55.085,55.015,55.085,1790
2026-04-01 11:40:00,55.1,55.15,55.09,55.15,3856
2026-04-01 11:45:00,55.12,55.13,55.12,55.13,703
2026-04-01 11:50:00,55.15,55.19,55.1347,55.17,13226
2026-04-01 11:55:00,55.18,55.22,55.18,55.19,1170
2026-04-01 12:00:00,55.2,55.2,55.175,55.19,3223
2026-04-01 12:05:00,55.2,55.2,55.18,55.185,1697
2026-04-01 12:10:00,55.16,55.16,55.1,55.11,6712
2026-04-01 12:15:00,55.14,55.16,55.12,55.16,1024
2026-04-01 12:20:00,55.16,55.17,55.13,55.13,1245
2026-04-01 12:25:00,55.13,55.14,55.08,55.1,12244
2026-04-01 12:30:00,55.09,55.14,55.09,55.13,3392
2026-04-01 12:35:00,55.125,55.155,55.1001,55.12,831
2026-04-01 12:40:00,55.12,55.13,55.1,55.11,6076
2026-04-01 12:45:00,55.13,55.14,55.13,55.14,985
2026-04-01 12:50:00,55.16,55.17,55.13,55.17,1305
2026-04-01 12:55:00,55.16,55.21,55.16,55.21,3012
2026-04-01 13:00:00,55.21,55.22,55.21,55.22,911
2026-04-01 13:05:00,55.22,55.24,55.22,55.22,1014
2026-04-01 13:10:00,55.22,55.22,55.22,55.22,400
2026-04-01 13:15:00,55.22,55.23,55.2,55.23,2424
2026-04-01 13:20:00,55.235,55.235,55.18,55.19,1025
2026-04-01 13:25:00,55.18,55.18,55.18,55.18,1775
2026-04-01 13:30:00,55.175,55.175,55.12,55.12,17266
2026-04-01 13:35:00,55.11,55.16,55.1001,55.16,2369
2026-04-01 13:40:00,55.17,55.17,55.14,55.14,17171
2026-04-01 13:45:00,55.14,55.16,55.13,55.13,3836
2026-04-01 13:50:00,55.13,55.13,55.111,55.111,1649
2026-04-01 13:55:00,55.105,55.105,55.03,55.03,1808
2026-04-01 14:00:00,55.01,55.01,54.9,54.925,4243
2026-04-01 14:05:00,54.93,54.97,54.92,54.93,1974
2026-04-01 14:10:00,54.93,54.97,54.92,54.92,900
2026-04-01 14:15:00,54.9,54.9,54.8,54.8,7571
2026-04-01 14:20:00,54.83,54.83,54.72,54.74,17044
2026-04-01 14:25:00,54.7,54.75,54.69,54.7001,1675
2026-04-01 14:30:00,54.72,54.75,54.69,54.69,1464
2026-04-01 14:35:00,54.67,54.71,54.63,54.69,11296
2026-04-01 14:40:00,54.69,54.79,54.69,54.75,2916
2026-04-01 14:45:00,54.76,54.77,54.72,54.74,4803
2026-04-01 14:50:00,54.75,54.77,54.72,54.74,4195
2026-04-01 14:55:00,54.72,54.72,54.695,54.695,1202
2026-04-01 15:00:00,54.68,54.72,54.68,54.71,2699
2026-04-01 15:05:00,54.73,54.77,54.725,54.74,9775
2026-04-01 15:10:00,54.72,54.77,54.72,54.74,1784
2026-04-01 15:15:00,54.76,54.79,54.76,54.78,2000
2026-04-01 15:20:00,54.79,54.81,54.78,54.81,3144
2026-04-01 15:25:00,54.815,54.88,54.815,54.88,1908
2026-04-01 15:30:00,54.87,54.9,54.87,54.9,3102
2026-04-01 15:35:00,54.91,54.985,54.91,54.98,3531
2026-04-01 15:40:00,54.985,54.99,54.95,54.9673,12029
2026-04-01 15:45:00,54.965,54.988,54.945,54.945,5641
2026-04-01 15:50:00,54.94,54.95,54.87,54.91,21056
2026-04-01 15:55:00,54.89,54.955,54.87,54.94,23212
2026-04-01 16:00:00,54.94,54.94,54.94,54.94,9758
2026-04-01 16:15:00,54.91,54.91,54.91,54.91,700
2026-04-01 16:20:00,54.87,54.87,54.87,54.87,1500
2026-04-02 04:00:00,54.05,54.05,52.95,53.3,4296
2026-04-02 08:55:00,53.81,53.81,53.81,53.81,200
2026-04-02 09:30:00,53.7,53.995,53.7,53.84,4545
2026-04-02 09:35:00,53.9,53.9,53.74,53.74,7237
2026-04-02 09:40:00,53.74,53.78,53.7,53.755,5936
2026-04-02 09:45:00,53.8,53.965,53.8,53.955,3586
2026-04-02 09:50:00,53.955,54.065,53.955,54.04,3025
2026-04-02 09:55:00,54.05,54.145,54.045,54.145,7500
2026-04-02 10:00:00,54.16,54.16,54.065,54.09,15946
2026-04-02 10:05:00,54.1,54.175,54.1,54.12,18053
2026-04-02 10:10:00,54.085,54.11,54.085,54.1,1100
2026-04-02 10:15:00,54.105,54.175,54.105,54.175,2362
2026-04-02 10:20:00,54.185,54.22,54.185,54.2,1321
2026-04-02 10:25:00,54.22,54.2484,54.17,54.21,3284
2026-04-02 10:30:00,54.2,54.28,54.15,54.28,3330
2026-04-02 10:35:00,54.36,54.87,54.36,54.57,10728
2026-04-02 10:40:00,54.63,54.74,54.62,54.68,10338
2026-04-02 10:45:00,54.66,54.66,54.6,54.61,6000
2026-04-02 10:50:00,54.57,54.64,54.55,54.64,854
2026-04-02 10:55:00,54.725,54.725,54.67,54.67,1199
2026-04-02 11:00:00,54.66,54.6677,54.63,54.6677,750
2026-04-02 11:05:00,54.67,54.67,54.6,54.63,1300
2026-04-02 11:10:00,54.67,54.7,54.67,54.68,861
2026-04-02 11:15:00,54.69,54.72,54.68,54.72,500
2026-04-02 11:20:00,54.66,54.66,54.59,54.6,870
2026-04-02 11:25:00,54.65,54.68,54.61,54.625,3179
2026-04-02 11:30:00,54.65,54.72,54.62,54.72,982
2026-04-02 11:35:00,54.7899,54.79,54.72,54.78,5897
2026-04-02 11:40:00,54.77,54.79,54.7,54.785,10558
2026-04-02 11:45:00,54.79,54.795,54.69,54.6925,12742
2026-04-02 11:50:00,54.66,54.73,54.66,54.73,13255
2026-04-02 11:55:00,54.74,54.765,54.725,54.75,4400
2026-04-02 12:00:00,54.74,54.78,54.71,54.71,15789
2026-04-02 12:05:00,54.7,54.735,54.67,54.7,7400
2026-04-02 12:10:00,54.68,54.71,54.66,54.71,7500
2026-04-02 12:15:00,54.685,54.73,54.65,54.65,5710
2026-04-02 12:20:00,54.61,54.6699,54.61,54.63,4147
2026-04-02 12:25:00,54.62,54.685,54.62,54.66,1741
2026-04-02 12:30:00,54.63,54.73,54.63,54.7025,1800
2026-04-02 12:35:00,54.68,54.695,54.66,54.695,1425
2026-04-02 12:40:00,54.7,54.815,54.7,54.76,3266
2026-04-02 12:45:00,54.8,54.8,54.75,54.76,700
2026-04-02 12:50:00,54.79,54.83,54.78,54.83,1400
2026-04-02 12:55:00,54.8,54.81,54.75,54.75,1100
2026-04-02 13:00:00,54.73,54.805,54.7,54.805,4880
2026-04-02 13:05:00,54.83,54.83,54.795,54.83,957
2026-04-02 13:10:00,54.82,54.88,54.81,54.87,9493
2026-04-02 13:15:00,54.87,54.89,54.87,54.88,4500
2026-04-02 13:20:00,54.8937,54.92,54.8937,54.92,2000
2026-04-02 13:25:00,54.925,54.93,54.91,54.92,700
2026-04-02 13:30:00,54.91,54.91,54.88,54.88,1390
2026-04-02 13:35:00,54.86,54.92,54.86,54.92,2050
2026-04-02 13:40:00,54.88,54.88,54.86,54.88,1100
2026-04-02 13:45:00,54.88,54.88,54.84,54.84,600
2026-04-02 13:50:00,54.7975,54.8,54.72,54.7401,10422
2026-04-02 13:55:00,54.75,54.75,54.73,54.73,1005
2026-04-02 14:00:00,54.77,54.805,54.7575,54.79,1938
2026-04-02 14:05:00,54.81,54.83,54.79,54.7901,6152
2026-04-02 14:10:00,54.81,54.83,54.78,54.805,9187
2026-04-02 14:15:00,54.79,54.81,54.7601,54.7601,2400
2026-04-02 14:20:00,54.8,54.8,54.78,54.78,1236
2026-04-02 14:25:00,54.76,54.76,54.75,54.75,800
2026-04-02 14:30:00,54.78,54.8,54.75,54.775,15437
2026-04-02 14:35:00,54.775,54.79,54.775,54.78,1206
2026-04-02 14:40:00,54.79,54.84,54.78,54.83,14617
2026-04-02 14:45:00,54.835,54.88,54.8201,54.85,10760
2026-04-02 14:50:00,54.85,54.855,54.82,54.82,6784
2026-04-02 14:55:00,54.82,54.83,54.81,54.81,4891
2026-04-02 15:00:00,54.83,54.86,54.78,54.78,7162
2026-04-02 15:05:00,54.8,54.82,54.78,54.815,5896
2026-04-02 15:10:00,54.81,54.83,54.8,54.81,11496
2026-04-02 15:15:00,54.82,54.82,54.77,54.8,12005
2026-04-02 15:20:00,54.78,54.81,54.77,54.79,4500
2026-04-02 15:25:00,54.79,54.8,54.77,54.78,6018
2026-04-02 15:30:00,54.79,54.79,54.75,54.77,4825
2026-04-02 15:35:00,54.76,54.79,54.76,54.78,6936
2026-04-02 15:40:00,54.8,54.81,54.78,54.78,10759
2026-04-02 15:45:00,54.78,54.79,54.76,54.785,13248
2026-04-02 15:50:00,54.785,54.83,54.78,54.795,28544
2026-04-02 15:55:00,54.795,54.85,54.795,54.85,24876
2026-04-02 16:00:00,54.86,54.86,54.86,54.86,15460
