2026-03-04 09:30:00,26.0,26.0,26.0,26.0,283
2026-03-04 10:20:00,25.93,25.93,25.93,25.93,100
2026-03-04 11:15:00,25.97,25.97,25.97,25.97,481
2026-03-04 14:10:00,25.96,25.96,25.96,25.96,631
2026-03-05 09:50:00,25.79,25.79,25.79,25.79,1000
2026-03-05 10:20:00,25.78,25.78,25.78,25.78,200
2026-03-05 12:25:00,25.5801,25.5801,25.5801,25.5801,600
2026-03-05 12:45:00,25.585,25.585,25.585,25.585,100
2026-03-05 13:40:00,25.57,25.57,25.57,25.57,195
2026-03-05 14:15:00,25.575,25.575,25.575,25.575,100
2026-03-05 15:20:00,25.52,25.52,25.52,25.52,100
2026-03-05 15:45:00,25.6399,25.6399,25.6,25.6,529
2026-03-06 15:50:00,25.305,25.305,25.305,25.305,100
2026-03-06 15:55:00,25.29,25.29,25.29,25.29,197
2026-03-09 09:30:00,25.04,25.04,25.04,25.04,1000
2026-03-09 09:35:00,24.96,24.96,24.96,24.96,253
2026-03-09 09:40:00,24.88,24.9,24.88,24.88,6331
2026-03-09 10:05:00,24.78,24.78,24.78,24.78,790
2026-03-09 10:20:00,24.85,24.85,24.85,24.85,380
2026-03-09 10:40:00,24.886,24.886,24.886,24.886,401
2026-03-09 11:15:00,25.005,25.005,25.005,25.005,362
2026-03-09 15:05:00,25.11,25.11,25.11,25.11,767
2026-03-10 09:30:00,25.37,25.37,25.37,25.37,851
2026-03-10 10:05:00,25.24,25.24,25.24,25.24,198
2026-03-10 10:55:00,25.46,25.46,25.45,25.45,2385
2026-03-10 11:30:00,25.5,25.5,25.5,25.5,100
2026-03-10 13:00:00,25.53,25.54,25.53,25.54,7229
2026-03-10 14:10:00,25.51,25.51,25.51,25.51,100
2026-03-10 14:40:00,25.41,25.41,25.41,25.41,100
2026-03-10 14:50:00,25.43,25.43,25.43,25.43,100
2026-03-10 15:40:00,25.34,25.34,25.34,25.34,110
2026-03-10 15:55:00,25.325,25.325,25.32,25.32,300
2026-03-11 10:00:00,25.22,25.22,25.22,25.22,2900
2026-03-11 10:10:00,25.215,25.215,25.215,25.215,100
2026-03-11 10:20:00,25.2,25.2,25.2,25.2,100
2026-03-11 11:30:00,25.2922,25.2922,25.2922,25.2922,500
2026-03-11 12:00:00,25.205,25.205,25.205,25.205,100
2026-03-11 13:35:00,25.23,25.23,25.23,25.23,100
2026-03-12 10:10:00,25.13,25.13,25.13,25.13,200
2026-03-12 10:15:00,25.14,25.14,25.1399,25.1399,1400
2026-03-12 10:20:00,25.0934,25.095,25.09,25.09,794
2026-03-12 13:25:00,25.09,25.0901,25.05,25.0901,2668
2026-03-12 13:55:00,25.085,25.085,25.085,25.085,100
2026-03-12 15:50:00,25.075,25.075,25.075,25.075,1380
2026-03-12 15:55:00,25.07,25.075,25.07,25.075,400
2026-03-13 09:35:00,25.19,25.21,25.19,25.1964,2474
2026-03-13 10:05:00,25.2,25.2,25.2,25.2,241
2026-03-13 10:15:00,25.1,25.1,25.1,25.1,100
2026-03-13 10:30:00,25.14,25.14,25.14,25.14,229
2026-03-13 10:40:00,25.13,25.13,25.13,25.13,100
2026-03-13 11:45:00,25.06,25.06,25.05,25.05,3286
2026-03-13 13:40:00,25.0103,25.0103,25.0103,25.0103,945
2026-03-13 13:50:00,25.025,25.025,25.025,25.025,200
2026-03-13 15:35:00,25.015,25.015,25.015,25.015,100
2026-03-13 15:45:00,25.01,25.01,25.0,25.0,300
2026-03-16 09:45:00,25.23,25.244,25.22,25.244,1304
2026-03-16 10:30:00,25.23,25.23,25.23,25.23,100
2026-03-16 12:20:00,25.14,25.14,25.14,25.14,100
2026-03-16 15:05:00,25.17,25.17,25.17,25.17,100
2026-03-16 15:10:00,25.18,25.18,25.18,25.18,100
2026-03-17 12:15:00,25.335,25.335,25.335,25.335,100
2026-03-17 15:35:00,25.345,25.345,25.345,25.345,231
2026-03-17 15:55:00,25.315,25.32,25.315,25.32,300
2026-03-18 10:25:00,25.17,25.17,25.17,25.17,100
2026-03-18 11:20:00,25.18,25.18,25.18,25.18,100
2026-03-18 13:40:00,25.17,25.17,25.15,25.15,200
2026-03-18 13:50:00,25.1101,25.13,25.11,25.13,912
2026-03-18 14:40:00,25.12,25.12,25.12,25.12,100
2026-03-18 14:50:00,25.1,25.1,25.1,25.1,398
2026-03-18 15:20:00,25.06,25.06,25.06,25.06,100
2026-03-18 15:25:00,25.01,25.01,25.01,25.01,154
2026-03-18 15:40:00,24.9804,24.9804,24.9804,24.9804,173
2026-03-18 15:55:00,24.97,24.97,24.97,24.97,886
2026-03-19 10:10:00,24.87,24.87,24.87,24.87,100
2026-03-19 11:20:00,24.84,24.845,24.8,24.8,962
2026-03-19 11:55:00,24.83,24.83,24.83,24.83,100
2026-03-19 13:35:00,24.785,24.785,24.78,24.78,1272
2026-03-19 14:30:00,24.8,24.8,24.8,24.8,100
2026-03-19 15:25:00,24.939,24.94,24.939,24.94,2016
2026-03-20 09:35:00,24.7698,24.77,24.745,24.745,2019
2026-03-20 10:10:00,24.65,24.65,24.65,24.65,200
2026-03-20 12:00:00,24.66,24.66,24.66,24.66,100
2026-03-20 12:10:00,24.635,24.635,24.635,24.635,194
2026-03-20 12:30:00,24.64,24.64,24.64,24.64,100
2026-03-20 15:00:00,24.515,24.515,24.515,24.515,400
2026-03-20 15:20:00,24.5,24.5,24.5,24.5,200
2026-03-20 15:30:00,24.45,24.45,24.45,24.45,204
2026-03-20 15:45:00,24.45,24.45,24.45,24.45,201
2026-03-20 15:50:00,24.43,24.43,24.43,24.43,103
2026-03-20 15:55:00,24.52,24.52,24.52,24.52,1213
2026-03-23 09:30:00,24.79,24.79,24.79,24.79,802
2026-03-23 10:25:00,24.93,24.93,24.93,24.93,100
2026-03-23 10:35:00,24.905,24.905,24.905,24.905,100
2026-03-23 10:40:00,24.9001,24.9001,24.9001,24.9001,406
2026-03-23 11:15:00,24.986,24.986,24.986,24.986,120
2026-03-23 11:25:00,24.98,24.98,24.98,24.98,100
2026-03-23 11:35:00,24.94,24.94,24.94,24.94,100
2026-03-23 12:20:00,24.72,24.72,24.72,24.72,202
2026-03-23 12:25:00,24.73,24.73,24.73,24.73,100
2026-03-23 13:20:00,24.77,24.77,24.77,24.77,100
2026-03-23 13:30:00,24.81,24.81,24.81,24.81,113
2026-03-23 14:05:00,24.86,24.86,24.84,24.84,200
2026-03-23 14:20:00,24.85,24.85,24.85,24.85,100
2026-03-23 15:55:00,24.75,24.75,24.75,24.75,513
2026-03-24 10:35:00,24.8,24.8,24.8,24.8,155
2026-03-24 10:45:00,24.81,24.81,24.8,24.8,549
2026-03-24 10:50:00,24.81,24.81,24.81,24.81,3400
2026-03-24 10:55:00,24.87,24.87,24.87,24.87,100
2026-03-24 11:00:00,24.85,24.85,24.85,24.85,2000
2026-03-24 12:20:00,24.9282,24.9282,24.9282,24.9282,111
2026-03-24 12:40:00,24.895,24.895,24.895,24.895,361
2026-03-24 12:45:00,24.91,24.91,24.91,24.91,400
2026-03-24 13:00:00,24.91,24.91,24.86,24.86,400
2026-03-24 13:40:00,24.879,24.879,24.865,24.865,1588
2026-03-24 14:20:00,24.85,24.85,24.85,24.85,100
2026-03-24 14:40:00,24.93,24.93,24.93,24.93,100
2026-03-25 10:25:00,24.92,24.92,24.92,24.92,100
2026-03-25 11:05:00,24.93,24.93,24.93,24.93,320
2026-03-25 11:45:00,24.92,24.92,24.92,24.92,368
2026-03-25 13:50:00,25.01,25.01,25.01,25.01,100
2026-03-25 14:55:00,24.97,24.97,24.97,24.97,100
2026-03-25 15:55:00,24.97,24.97,24.97,24.97,200
2026-03-26 10:50:00,24.94,24.94,24.94,24.94,200
2026-03-26 11:05:00,24.92,24.92,24.91,24.91,1480
2026-03-26 11:15:00,24.905,24.9099,24.9,24.9099,1105
2026-03-26 12:00:00,24.89,24.89,24.89,24.89,100
2026-03-26 15:10:00,24.76,24.76,24.76,24.76,100
2026-03-26 15:55:00,24.75,24.75,24.75,24.75,300
2026-03-27 10:35:00,24.635,24.635,24.635,24.635,400
2026-03-27 10:50:00,24.67,24.67,24.67,24.67,400
2026-03-27 12:00:00,24.68,24.68,24.68,24.68,100
2026-03-27 13:30:00,24.61,24.61,24.61,24.61,100
2026-03-27 14:30:00,24.485,24.485,24.485,24.485,198
2026-03-27 14:55:00,24.505,24.505,24.505,24.505,734
2026-03-27 15:00:00,24.49,24.49,24.48,24.48,204
2026-03-27 15:10:00,24.485,24.485,24.485,24.485,100
2026-03-27 15:55:00,24.445,24.49,24.445,24.47,400
2026-03-30 09:30:00,24.64,24.64,24.64,24.64,790
2026-03-30 12:35:00,24.59,24.59,24.59,24.59,277
2026-03-30 13:20:00,24.485,24.485,24.485,24.485,3061
2026-03-30 14:00:00,24.499,24.5,24.46,24.5,3800
2026-03-30 14:10:00,24.48,24.48,24.48,24.48,268
2026-03-30 14:15:00,24.47,24.47,24.47,24.47,100
2026-03-30 15:05:00,24.4053,24.4053,24.4053,24.4053,179
2026-03-30 15:55:00,24.43,24.43,24.43,24.43,100
2026-03-31 09:35:00,24.6399,24.64,24.6399,24.64,400
2026-03-31 10:15:00,24.71,24.71,24.71,24.71,100
2026-03-31 10:35:00,24.73,24.73,24.709,24.709,500
2026-03-31 10:40:00,24.68,24.68,24.68,24.68,100
2026-03-31 11:35:00,24.69,24.69,24.69,24.69,100
2026-03-31 12:10:00,24.67,24.67,24.67,24.67,100
2026-03-31 12:40:00,24.7501,24.84,24.7501,24.83,5093
2026-03-31 12:45:00,24.87,24.87,24.87,24.87,200
2026-03-31 13:10:00,24.81,24.81,24.81,24.81,100
2026-03-31 15:55:00,24.95,24.95,24.95,24.95,544
2026-04-01 11:15:00,25.104,25.104,25.104,25.104,130
2026-04-01 11:35:00,25.11,25.11,25.11,25.11,995
2026-04-01 14:00:00,25.105,25.105,25.105,25.105,100
2026-04-01 14:05:00,25.1,25.1,25.1,25.1,100
2026-04-01 14:20:00,25.05,25.05,25.05,25.05,275
2026-04-02 09:50:00,24.835,24.835,24.835,24.835,120
2026-04-02 11:40:00,25.02,25.02,25.02,25.02,100
2026-04-02 13:45:00,24.97,24.97,24.97,24.97,100
