2026-03-04 09:45:00,26.51,26.51,26.51,26.51,500
2026-03-04 09:55:00,26.36,26.36,26.36,26.36,109
2026-03-04 11:00:00,26.6981,26.6981,26.6981,26.6981,1423
2026-03-04 11:25:00,26.58,26.58,26.58,26.58,100
2026-03-04 11:50:00,26.545,26.545,26.545,26.545,369
2026-03-04 11:55:00,26.59,26.645,26.59,26.645,1400
2026-03-04 12:35:00,26.58,26.58,26.58,26.58,100
2026-03-04 13:15:00,26.54,26.55,26.54,26.55,821
2026-03-04 13:20:00,26.525,26.525,26.525,26.525,514
2026-03-04 13:35:00,26.51,26.51,26.51,26.51,100
2026-03-04 13:45:00,26.515,26.515,26.515,26.515,1162
2026-03-04 13:55:00,26.49,26.4901,26.49,26.4901,514
2026-03-04 14:05:00,26.54,26.55,26.54,26.55,876
2026-03-04 14:15:00,26.56,26.56,26.5599,26.5599,930
2026-03-04 14:20:00,26.55,26.558,26.55,26.558,627
2026-03-04 14:25:00,26.55,26.55,26.55,26.55,200
2026-03-04 14:30:00,26.579,26.58,26.579,26.58,759
2026-03-04 14:50:00,26.59,26.59,26.59,26.59,100
2026-03-04 15:05:00,26.619,26.619,26.5975,26.5975,703
2026-03-04 15:20:00,26.63,26.63,26.63,26.63,162
2026-03-04 15:40:00,26.64,26.64,26.64,26.64,121
2026-03-05 09:45:00,26.62,26.62,26.62,26.62,100
2026-03-05 09:50:00,26.69,26.69,26.69,26.69,105
2026-03-05 10:00:00,26.78,26.78,26.78,26.78,331
2026-03-05 10:10:00,26.7,26.71,26.7,26.71,928
2026-03-05 10:15:00,26.7,26.7,26.6845,26.6846,800
2026-03-05 10:30:00,26.68,26.68,26.68,26.68,255
2026-03-05 10:35:00,26.66,26.66,26.66,26.66,100
2026-03-05 10:55:00,26.625,26.625,26.625,26.625,293
2026-03-05 11:00:00,26.61,26.61,26.6099,26.6099,994
2026-03-05 11:05:00,26.6,26.6,26.6,26.6,100
2026-03-05 11:15:00,26.52,26.52,26.5199,26.5199,200
2026-03-05 11:20:00,26.51,26.51,26.51,26.51,100
2026-03-05 13:20:00,26.42,26.42,26.42,26.42,100
2026-03-05 13:30:00,26.42,26.43,26.42,26.43,810
2026-03-05 13:35:00,26.41,26.44,26.41,26.44,1130
2026-03-05 13:40:00,26.4542,26.4542,26.4542,26.4542,602
2026-03-05 13:45:00,26.435,26.435,26.435,26.435,326
2026-03-05 13:50:00,26.395,26.43,26.395,26.43,287
2026-03-05 13:55:00,26.41,26.41,26.41,26.41,142
2026-03-05 14:00:00,26.44,26.44,26.44,26.44,100
2026-03-05 14:15:00,26.47,26.47,26.47,26.47,367
2026-03-05 14:25:00,26.45,26.45,26.4,26.4,2115
2026-03-05 14:30:00,26.42,26.42,26.42,26.42,100
2026-03-05 14:45:00,26.43,26.45,26.43,26.45,871
2026-03-05 14:50:00,26.44,26.44,26.44,26.44,323
2026-03-05 15:30:00,26.44,26.45,26.42,26.45,1413
2026-03-05 15:45:00,26.49,26.49,26.46,26.46,400
2026-03-05 15:50:00,26.51,26.51,26.51,26.51,225
2026-03-05 15:55:00,26.4955,26.4955,26.4955,26.4955,234
2026-03-06 09:40:00,26.19,26.19,26.19,26.19,100
2026-03-06 09:45:00,26.13,26.13,26.13,26.13,100
2026-03-06 14:25:00,26.22,26.25,26.22,26.25,691
2026-03-06 14:40:00,26.33,26.33,26.33,26.33,100
2026-03-06 14:55:00,26.31,26.31,26.31,26.31,100
2026-03-06 15:00:00,26.33,26.33,26.33,26.33,400
2026-03-09 09:30:00,25.925,25.925,25.925,25.925,437
2026-03-09 09:40:00,25.89,25.89,25.8899,25.8899,800
2026-03-09 09:45:00,25.86,25.86,25.8599,25.8599,884
2026-03-09 09:50:00,25.825,25.825,25.825,25.825,414
2026-03-09 09:55:00,25.8348,25.8348,25.8348,25.8348,206
2026-03-09 10:00:00,25.855,25.855,25.855,25.855,398
2026-03-09 10:05:00,25.9192,25.9192,25.9192,25.9192,555
2026-03-09 10:10:00,25.81,25.81,25.81,25.81,870
2026-03-09 10:15:00,25.76,25.76,25.67,25.67,828
2026-03-09 10:35:00,25.9799,25.9799,25.9799,25.9799,177
2026-03-09 10:40:00,25.955,25.955,25.955,25.955,484
2026-03-09 10:45:00,25.9165,25.9165,25.9165,25.9165,145
2026-03-09 10:50:00,25.9523,25.9523,25.9523,25.9523,313
2026-03-09 10:55:00,26.02,26.02,26.005,26.005,451
2026-03-09 11:05:00,26.0594,26.0594,26.0594,26.0594,241
2026-03-09 11:10:00,26.0098,26.0098,25.985,25.985,704
2026-03-09 11:20:00,26.03,26.03,26.03,26.03,100
2026-03-09 11:35:00,25.979,25.979,25.979,25.979,152
2026-03-09 11:45:00,25.9692,25.9692,25.9692,25.9692,264
2026-03-09 11:50:00,25.9065,25.9065,25.9065,25.9065,212
2026-03-09 11:55:00,25.95,25.95,25.95,25.95,200
2026-03-09 12:25:00,25.99,25.99,25.99,25.99,100
2026-03-09 13:25:00,25.999,25.999,25.999,25.999,131
2026-03-09 13:30:00,25.975,25.975,25.975,25.975,156
2026-03-09 13:55:00,25.9853,25.9853,25.9853,25.9853,271
2026-03-09 14:05:00,26.03,26.03,26.03,26.03,100
2026-03-09 14:25:00,26.1288,26.1288,26.1288,26.1288,142
2026-03-09 14:30:00,26.0956,26.0956,26.0956,26.0956,209
2026-03-09 14:40:00,26.095,26.095,26.095,26.095,205
2026-03-10 10:00:00,26.138,26.138,26.138,26.138,256
2026-03-10 10:05:00,26.1687,26.1687,26.1687,26.1687,258
2026-03-10 10:10:00,26.175,26.175,26.175,26.175,259
2026-03-10 10:15:00,26.26,26.26,26.2599,26.2599,502
2026-03-10 10:20:00,26.317,26.35,26.317,26.35,371
2026-03-10 10:25:00,26.308,26.308,26.308,26.308,161
2026-03-10 10:30:00,26.3096,26.3096,26.3096,26.3096,110
2026-03-10 10:55:00,26.375,26.375,26.375,26.375,800
2026-03-10 11:25:00,26.42,26.42,26.42,26.42,100
2026-03-10 14:05:00,26.27,26.27,26.27,26.27,327
2026-03-10 14:10:00,26.21,26.21,26.21,26.21,273
2026-03-10 14:15:00,26.24,26.24,26.24,26.24,233
2026-03-10 14:20:00,26.16,26.16,26.16,26.16,200
2026-03-10 14:25:00,26.145,26.17,26.145,26.17,687
2026-03-10 14:30:00,26.16,26.16,26.16,26.16,223
2026-03-10 14:35:00,26.24,26.24,26.24,26.24,414
2026-03-10 14:40:00,26.235,26.235,26.235,26.235,217
2026-03-10 14:45:00,26.2065,26.2065,26.2065,26.2065,106
2026-03-10 14:50:00,26.1821,26.1821,26.1821,26.1821,153
2026-03-10 15:10:00,26.19,26.19,26.19,26.19,123
2026-03-10 15:25:00,26.145,26.145,26.145,26.145,256
2026-03-10 15:30:00,26.1791,26.1791,26.16,26.16,423
2026-03-10 15:35:00,26.13,26.13,26.1256,26.1256,412
2026-03-10 15:45:00,26.18,26.18,26.18,26.18,300
2026-03-10 15:50:00,26.14,26.14,26.14,26.14,100
2026-03-10 15:55:00,26.0677,26.108,26.0677,26.105,717
2026-03-11 09:45:00,26.055,26.055,26.05,26.05,660
2026-03-11 09:55:00,26.08,26.08,26.05,26.05,586
2026-03-11 10:00:00,26.13,26.13,26.13,26.13,184
2026-03-11 10:15:00,26.1442,26.1442,26.1442,26.1442,203
2026-03-11 10:20:00,26.155,26.155,26.155,26.155,265
2026-03-11 10:25:00,26.23,26.23,26.175,26.175,374
2026-03-11 10:30:00,26.25,26.25,26.25,26.25,186
2026-03-11 10:35:00,26.3,26.3,26.3,26.3,253
2026-03-11 10:40:00,26.37,26.37,26.35,26.35,261
2026-03-11 10:45:00,26.33,26.33,26.33,26.33,234
2026-03-11 10:50:00,26.39,26.39,26.39,26.39,300
2026-03-11 10:55:00,26.3996,26.3996,26.3996,26.3996,132
2026-03-11 11:00:00,26.4,26.43,26.4,26.43,421
2026-03-11 11:05:00,26.3666,26.3666,26.3666,26.3666,174
2026-03-11 11:10:00,26.35,26.35,26.34,26.34,400
2026-03-11 11:15:00,26.32,26.32,26.32,26.32,188
2026-03-11 11:55:00,26.2057,26.2057,26.2057,26.2057,161
2026-03-11 13:20:00,26.3189,26.3189,26.3189,26.3189,129
2026-03-11 13:25:00,26.35,26.35,26.3499,26.3499,252
2026-03-11 14:45:00,26.39,26.39,26.39,26.39,100
2026-03-11 15:30:00,26.38,26.38,26.38,26.38,100
2026-03-11 15:35:00,26.42,26.42,26.42,26.42,486
2026-03-11 15:40:00,26.44,26.44,26.44,26.44,100
2026-03-11 15:45:00,26.46,26.47,26.46,26.47,200
2026-03-11 15:50:00,26.45,26.45,26.45,26.45,100
2026-03-11 15:55:00,26.47,26.47,26.47,26.47,379
2026-03-12 10:25:00,26.33,26.33,26.26,26.26,289
2026-03-12 11:30:00,26.38,26.38,26.38,26.38,193
2026-03-12 11:50:00,26.43,26.43,26.43,26.43,135
2026-03-12 11:55:00,26.4299,26.4299,26.4299,26.4299,131
2026-03-12 13:30:00,26.355,26.355,26.355,26.355,109
2026-03-12 13:35:00,26.405,26.405,26.405,26.405,112
2026-03-12 14:30:00,26.34,26.34,26.34,26.34,600
2026-03-12 14:40:00,26.375,26.43,26.375,26.43,256
2026-03-12 14:45:00,26.3955,26.42,26.3955,26.42,484
2026-03-12 14:55:00,26.42,26.42,26.38,26.38,240
2026-03-12 15:00:00,26.36,26.36,26.36,26.36,138
2026-03-12 15:05:00,26.3657,26.3657,26.3657,26.3657,205
2026-03-12 15:15:00,26.355,26.355,26.355,26.355,127
2026-03-12 15:20:00,26.33,26.3584,26.33,26.3584,222
2026-03-12 15:25:00,26.328,26.328,26.24,26.24,617
2026-03-12 15:35:00,26.34,26.34,26.34,26.34,114
2026-03-12 15:40:00,26.3,26.3,26.3,26.3,162
2026-03-12 15:45:00,26.285,26.285,26.285,26.285,137
2026-03-12 15:50:00,26.27,26.27,26.27,26.27,100
2026-03-12 15:55:00,26.24,26.24,26.24,26.24,100
2026-03-13 10:10:00,26.21,26.21,26.21,26.21,100
2026-03-13 11:10:00,26.18,26.1899,26.17,26.17,508
2026-03-13 15:00:00,26.24,26.25,26.23,26.25,7771
2026-03-13 15:05:00,26.23,26.24,26.18,26.18,5248
2026-03-13 15:20:00,26.18,26.18,26.18,26.18,500
2026-03-16 10:05:00,26.4,26.4,26.4,26.4,224
2026-03-16 10:15:00,26.4899,26.4899,26.4899,26.4899,378
2026-03-16 10:25:00,26.425,26.425,26.425,26.425,109
2026-03-16 10:30:00,26.375,26.375,26.375,26.375,101
2026-03-16 11:40:00,26.34,26.34,26.34,26.34,100
2026-03-16 11:50:00,26.3,26.3,26.3,26.3,100
2026-03-16 13:20:00,26.2564,26.28,26.2564,26.28,227
2026-03-16 13:30:00,26.32,26.32,26.32,26.32,117
2026-03-16 15:05:00,26.3,26.3,26.3,26.3,100
2026-03-16 15:10:00,26.31,26.31,26.31,26.31,100
2026-03-17 09:40:00,26.61,26.61,26.555,26.555,2028
2026-03-17 10:10:00,26.635,26.635,26.635,26.635,114
2026-03-17 10:20:00,26.6166,26.6166,26.6166,26.6166,121
2026-03-17 10:25:00,26.6,26.6,26.6,26.6,300
2026-03-17 10:35:00,26.625,26.625,26.625,26.625,160
2026-03-17 11:00:00,26.59,26.59,26.59,26.59,161
2026-03-17 11:40:00,26.61,26.61,26.61,26.61,157
2026-03-17 15:25:00,26.48,26.48,26.48,26.48,100
2026-03-17 15:55:00,26.47,26.47,26.47,26.47,100
2026-03-18 09:35:00,26.57,26.57,26.5699,26.5699,1772
2026-03-18 10:00:00,26.47,26.48,26.47,26.48,300
2026-03-18 10:05:00,26.45,26.45,26.45,26.45,400
2026-03-18 10:25:00,26.32,26.32,26.32,26.32,107
2026-03-18 13:05:00,26.5586,26.5586,26.5586,26.5586,107
2026-03-18 13:55:00,26.5,26.5,26.5,26.5,100
2026-03-18 14:35:00,26.56,26.56,26.56,26.56,100
2026-03-18 14:50:00,26.49,26.49,26.49,26.49,100
2026-03-18 14:55:00,26.49,26.49,26.49,26.49,100
2026-03-18 15:30:00,26.37,26.37,26.37,26.37,100
2026-03-19 12:40:00,26.57,26.57,26.57,26.57,100
2026-03-23 11:15:00,26.635,26.635,26.635,26.635,115
2026-03-24 11:30:00,27.05,27.05,26.97,26.97,3751
2026-03-24 14:40:00,27.11,27.11,27.11,27.11,100
2026-03-24 14:50:00,27.1,27.1,27.1,27.1,100
2026-03-25 09:30:00,27.115,27.115,27.115,27.115,100
2026-03-25 09:40:00,27.155,27.155,27.155,27.155,919
2026-03-25 13:20:00,27.23,27.23,27.23,27.23,100
2026-03-25 15:05:00,27.27,27.31,27.27,27.31,721
2026-03-26 13:25:00,27.33,27.33,27.33,27.33,551
2026-03-27 09:30:00,27.34,27.34,27.34,27.34,285
2026-03-27 09:35:00,27.25,27.25,27.25,27.25,366
2026-03-27 09:45:00,27.345,27.345,27.345,27.345,108
2026-03-27 09:50:00,27.375,27.375,27.375,27.375,182
2026-03-27 10:05:00,27.41,27.41,27.41,27.41,365
2026-03-27 10:55:00,27.42,27.42,27.42,27.42,350
2026-03-27 12:35:00,27.4,27.4,27.4,27.4,358
2026-03-27 13:15:00,27.41,27.41,27.41,27.41,105
2026-03-27 13:45:00,27.35,27.35,27.35,27.35,720
2026-03-27 14:20:00,27.38,27.38,27.38,27.38,100
2026-03-27 15:45:00,27.26,27.26,27.26,27.26,100
2026-03-30 09:25:00,27.72,27.72,27.71,27.71,621
2026-03-30 09:30:00,27.9,27.9,27.55,27.6,6059
2026-03-30 09:35:00,27.55,27.59,27.55,27.59,550
2026-03-30 09:40:00,27.4915,27.51,27.4915,27.51,1137
2026-03-30 10:00:00,27.5,27.5,27.4632,27.5,3359
2026-03-30 10:10:00,27.49,27.49,27.49,27.49,150
2026-03-30 10:20:00,27.37,27.3889,27.37,27.3889,300
2026-03-30 10:45:00,27.3,27.3,27.3,27.3,100
2026-03-30 12:45:00,27.34,27.34,27.34,27.34,100
2026-03-30 13:15:00,27.22,27.23,27.21,27.22,4330
2026-03-30 13:25:00,27.16,27.16,27.16,27.16,700
2026-03-30 14:25:00,27.11,27.12,27.065,27.12,700
2026-03-30 14:30:00,27.06,27.06,27.06,27.06,551
2026-03-30 14:40:00,27.14,27.14,27.14,27.14,100
2026-03-30 14:50:00,27.13,27.13,27.13,27.13,100
2026-03-31 09:45:00,27.49,27.49,27.49,27.49,100
2026-03-31 10:20:00,27.375,27.375,27.375,27.375,198
2026-03-31 10:35:00,27.4699,27.4699,27.41,27.41,800
2026-03-31 10:55:00,27.32,27.32,27.32,27.32,100
2026-03-31 11:05:00,27.43,27.43,27.43,27.43,153
2026-03-31 11:35:00,27.3999,27.3999,27.3999,27.3999,182
2026-03-31 14:40:00,27.1,27.1,27.1,27.1,360
2026-03-31 14:50:00,27.17,27.17,27.17,27.17,464
2026-03-31 14:55:00,27.12,27.12,27.12,27.12,720
2026-03-31 15:10:00,27.145,27.145,27.145,27.145,184
2026-04-01 09:25:00,27.07,27.08,27.06,27.06,600
2026-04-01 09:30:00,27.18,27.18,27.18,27.18,3170
2026-04-01 09:45:00,27.19,27.19,27.14,27.1516,300
2026-04-01 09:55:00,27.05,27.05,26.995,26.995,300
2026-04-01 10:05:00,26.93,26.975,26.93,26.975,320
2026-04-01 10:35:00,27.1,27.1,27.0999,27.0999,738
2026-04-01 12:45:00,27.11,27.11,27.11,27.11,100
2026-04-01 13:40:00,27.04,27.04,27.04,27.04,499
2026-04-01 14:00:00,27.04,27.07,27.01,27.01,3252
2026-04-01 14:50:00,27.04,27.04,27.04,27.04,100
2026-04-01 15:20:00,27.09,27.09,27.09,27.09,200
2026-04-01 15:25:00,27.1,27.1,27.1,27.1,100
2026-04-01 15:30:00,27.1,27.1,27.08,27.08,400
2026-04-02 09:50:00,27.26,27.26,27.26,27.26,100
2026-04-02 10:25:00,27.11,27.11,27.11,27.11,173
2026-04-02 15:25:00,27.13,27.14,27.13,27.13,1700
2026-04-02 15:35:00,27.11,27.12,27.11,27.12,800
2026-04-02 15:40:00,27.13,27.14,27.13,27.13,500
2026-04-02 15:45:00,27.12,29.25,27.11,27.19,3600
