2026-03-04 09:30:00,46.33,46.33,46.185,46.27,7305
2026-03-04 09:35:00,46.14,46.15,46.03,46.085,2993
2026-03-04 09:40:00,46.15,46.155,46.08,46.08,1373
2026-03-04 09:45:00,46.116,46.16,46.075,46.15,3372
2026-03-04 09:50:00,46.0395,46.0395,45.94,45.94,1181
2026-03-04 09:55:00,46.0225,46.0225,45.9,45.9,2884
2026-03-04 10:05:00,46.055,46.1299,46.055,46.1299,1848
2026-03-04 10:10:00,46.1728,46.1728,46.065,46.1175,1556
2026-03-04 10:15:00,46.11,46.18,46.11,46.18,9941
2026-03-04 10:20:00,46.2,46.2,46.15,46.175,628
2026-03-04 10:25:00,46.1986,46.21,46.175,46.175,1155
2026-03-04 10:30:00,46.2799,46.2799,46.1733,46.27,3562
2026-03-04 10:35:00,46.26,46.28,46.22,46.22,3143
2026-03-04 10:40:00,46.22,46.24,46.18,46.22,4100
2026-03-04 10:45:00,46.22,46.25,46.205,46.23,6003
2026-03-04 10:50:00,46.23,46.23,46.23,46.23,300
2026-03-04 10:55:00,46.255,46.27,46.25,46.25,8026
2026-03-04 11:00:00,46.26,46.305,46.26,46.29,9271
2026-03-04 11:05:00,46.29,46.3199,46.29,46.3174,5836
2026-03-04 11:10:00,46.275,46.275,46.24,46.24,800
2026-03-04 11:15:00,46.2359,46.2513,46.2,46.2,992
2026-03-04 11:20:00,46.21,46.21,46.17,46.17,1238
2026-03-04 11:25:00,46.17,46.19,46.15,46.15,2150
2026-03-04 11:30:00,46.14,46.19,46.1301,46.19,1157
2026-03-04 11:35:00,46.18,46.19,46.13,46.16,5257
2026-03-04 11:40:00,46.1581,46.16,46.1175,46.16,2212
2026-03-04 11:45:00,46.165,46.1742,46.0914,46.1742,9387
2026-03-04 11:50:00,46.15,46.21,46.1001,46.11,31882
2026-03-04 11:55:00,46.12,46.12,46.1101,46.12,7477
2026-03-04 12:00:00,46.17,46.2325,46.11,46.2325,3240
2026-03-04 12:05:00,46.195,46.195,46.1895,46.1895,781
2026-03-04 12:10:00,46.19,46.19,46.1301,46.19,1752
2026-03-04 12:15:00,46.13,46.195,46.13,46.19,524
2026-03-04 12:20:00,46.175,46.175,46.13,46.13,1342
2026-03-04 12:25:00,46.185,46.2,46.12,46.18,3926
2026-03-04 12:30:00,46.2197,46.2197,46.2197,46.2197,432
2026-03-04 12:35:00,46.1868,46.1868,46.17,46.175,756
2026-03-04 12:45:00,46.1641,46.175,46.1588,46.175,1996
2026-03-04 12:50:00,46.1653,46.195,46.15,46.195,1357
2026-03-04 12:55:00,46.195,46.27,46.12,46.19,3105
2026-03-04 13:00:00,46.25,46.25,46.25,46.25,200
2026-03-04 13:05:00,46.18,46.24,46.18,46.24,16481
2026-03-04 13:10:00,46.195,46.195,46.1888,46.1898,806
2026-03-04 13:15:00,46.185,46.22,46.1713,46.18,9873
2026-03-04 13:20:00,46.175,46.21,46.175,46.185,4088
2026-03-04 13:25:00,46.185,46.2489,46.185,46.2012,581
2026-03-04 13:30:00,46.2482,46.25,46.205,46.205,2706
2026-03-04 13:35:00,46.2164,46.2164,46.14,46.21,1057
2026-03-04 13:40:00,46.205,46.205,46.195,46.195,1436
2026-03-04 13:45:00,46.205,46.235,46.205,46.235,900
2026-03-04 13:50:00,46.235,46.2583,46.2,46.235,11892
2026-03-04 13:55:00,46.235,46.24,46.19,46.21,1581
2026-03-04 14:00:00,46.2265,46.24,46.185,46.19,4800
2026-03-04 14:05:00,46.19,46.24,46.19,46.21,3861
2026-03-04 14:10:00,46.2346,46.26,46.225,46.2292,4769
2026-03-04 14:15:00,46.24,46.2499,46.2395,46.2395,1702
2026-03-04 14:20:00,46.25,46.26,46.25,46.26,708
2026-03-04 14:25:00,46.23,46.2763,46.23,46.25,1994
2026-03-04 14:30:00,46.3,46.3,46.27,46.292,1745
2026-03-04 14:35:00,46.2811,46.285,46.21,46.285,2250
2026-03-04 14:40:00,46.285,46.285,46.235,46.28,1364
2026-03-04 14:45:00,46.3499,46.3499,46.2789,46.2789,298
2026-03-04 14:50:00,46.2911,46.2911,46.22,46.22,33702
2026-03-04 14:55:00,46.279,46.285,46.22,46.28,1055
2026-03-04 15:00:00,46.28,46.34,46.28,46.3121,1184
2026-03-04 15:05:00,46.3134,46.3494,46.2201,46.31,4635
2026-03-04 15:10:00,46.3399,46.34,46.295,46.34,1393
2026-03-04 15:15:00,46.305,46.305,46.305,46.305,200
2026-03-04 15:20:00,46.3134,46.32,46.285,46.295,4949
2026-03-04 15:25:00,46.295,46.3785,46.295,46.32,4680
2026-03-04 15:30:00,46.328,46.37,46.325,46.35,835
2026-03-04 15:35:00,46.3353,46.3499,46.31,46.31,1466
2026-03-04 15:40:00,46.3512,46.41,46.28,46.28,468
2026-03-04 15:45:00,46.34,46.36,46.3125,46.36,3689
2026-03-04 15:50:00,46.28,46.33,46.28,46.33,4317
2026-03-04 15:55:00,46.3399,46.34,46.24,46.25,2948
2026-03-04 16:00:00,46.25,46.25,46.25,46.25,884
2026-03-05 09:30:00,45.55,45.55,45.4885,45.4885,10881
2026-03-05 09:35:00,45.5334,45.5334,45.355,45.355,754
2026-03-05 09:45:00,45.3436,45.345,45.3436,45.345,3234
2026-03-05 09:50:00,45.39,45.4704,45.39,45.42,3288
2026-03-05 09:55:00,45.49,45.56,45.45,45.4508,3709
2026-03-05 10:00:00,45.515,45.5526,45.515,45.52,2169
2026-03-05 10:05:00,45.45,45.45,45.4,45.44,966
2026-03-05 10:15:00,45.4381,45.4399,45.3685,45.3685,596
2026-03-05 10:20:00,45.3235,45.3235,45.3235,45.3235,898
2026-03-05 10:25:00,45.27,45.3,45.2375,45.26,2242
2026-03-05 10:30:00,45.26,45.265,45.22,45.265,2541
2026-03-05 10:35:00,45.265,45.2799,45.19,45.19,4743
2026-03-05 10:40:00,45.235,45.2799,45.235,45.2799,1130
2026-03-05 10:45:00,45.205,45.2192,45.2,45.2192,1194
2026-03-05 10:50:00,45.195,45.3293,45.195,45.2715,1666
2026-03-05 10:55:00,45.2625,45.32,45.2625,45.3035,1358
2026-03-05 11:00:00,45.255,45.255,45.18,45.2151,1677
2026-03-05 11:05:00,45.205,45.205,45.135,45.15,4349
2026-03-05 11:10:00,45.07,45.11,45.07,45.11,516
2026-03-05 11:15:00,45.1625,45.175,45.1,45.175,1745
2026-03-05 11:25:00,45.12,45.125,45.12,45.125,481
2026-03-05 11:30:00,45.09,45.2,45.09,45.2,1167
2026-03-05 11:35:00,45.1698,45.1698,45.08,45.13,1163
2026-03-05 11:40:00,45.1606,45.1606,45.0701,45.135,1094
2026-03-05 11:45:00,45.145,45.16,45.135,45.135,673
2026-03-05 11:50:00,45.12,45.2199,45.09,45.09,5286
2026-03-05 11:55:00,45.195,45.2436,45.15,45.15,1700
2026-03-05 12:00:00,45.15,45.206,45.15,45.206,214
2026-03-05 12:05:00,45.223,45.223,45.19,45.19,452
2026-03-05 12:10:00,45.19,45.19,45.13,45.1545,806
2026-03-05 12:15:00,45.155,45.155,45.155,45.155,165
2026-03-05 12:20:00,45.167,45.2299,45.1257,45.16,3873
2026-03-05 12:25:00,45.1446,45.1446,45.06,45.11,4580
2026-03-05 12:30:00,45.11,45.11,45.11,45.11,650
2026-03-05 12:35:00,45.06,45.13,45.05,45.13,550
2026-03-05 12:40:00,45.06,45.1,45.05,45.095,3450
2026-03-05 12:45:00,45.097,45.097,45.0,45.0,2552
2026-03-05 12:50:00,45.068,45.068,45.05,45.05,1154
2026-03-05 12:55:00,45.045,45.0637,45.0,45.0163,1657
2026-03-05 13:00:00,45.055,45.0625,45.05,45.0625,683
2026-03-05 13:05:00,45.055,45.055,45.03,45.03,236
2026-03-05 13:10:00,45.08,45.15,45.01,45.085,14874
2026-03-05 13:15:00,45.0801,45.0801,45.02,45.02,1632
2026-03-05 13:25:00,45.045,45.045,44.98,45.0351,497
2026-03-05 13:30:00,45.07,45.07,45.0575,45.0575,276
2026-03-05 13:35:00,45.07,45.1389,45.07,45.1389,715
2026-03-05 13:40:00,45.17,45.19,45.08,45.08,6174
2026-03-05 13:45:00,45.11,45.11,45.11,45.11,110
2026-03-05 13:50:00,45.09,45.09,45.0,45.065,2544
2026-03-05 13:55:00,45.0001,45.095,45.0001,45.095,2605
2026-03-05 14:00:00,45.04,45.095,45.04,45.095,329
2026-03-05 14:05:00,45.118,45.1799,45.07,45.08,2032
2026-03-05 14:10:00,45.0825,45.085,45.02,45.02,600
2026-03-05 14:15:00,45.075,45.075,45.075,45.075,1272
2026-03-05 14:20:00,45.09,45.09,45.03,45.09,4925
2026-03-05 14:25:00,45.03,45.05,44.99,45.0,28988
2026-03-05 14:30:00,44.99,44.995,44.92,44.95,5310
2026-03-05 14:35:00,44.95,44.95,44.92,44.94,4761
2026-03-05 14:40:00,44.95,45.0784,44.95,45.0286,16747
2026-03-05 14:45:00,45.015,45.0699,44.96,45.01,2367
2026-03-05 14:50:00,45.0101,45.043,45.0101,45.043,472
2026-03-05 14:55:00,44.99,45.077,44.99,45.03,2856
2026-03-05 15:00:00,44.99,45.0488,44.97,45.0488,1395
2026-03-05 15:05:00,45.035,45.1,45.035,45.1,3030
2026-03-05 15:10:00,45.08,45.16,45.08,45.125,2708
2026-03-05 15:15:00,45.07,45.1203,45.06,45.06,744
2026-03-05 15:20:00,45.125,45.1325,45.07,45.07,1097
2026-03-05 15:25:00,45.18,45.185,45.12,45.12,4061
2026-03-05 15:30:00,45.16,45.19,45.156,45.156,1304
2026-03-05 15:35:00,45.1799,45.2159,45.175,45.2159,879
2026-03-05 15:40:00,45.1815,45.2399,45.13,45.1888,1498
2026-03-05 15:45:00,45.175,45.2399,45.12,45.1595,1832
2026-03-05 15:50:00,45.13,45.2896,45.13,45.2896,1888
2026-03-05 15:55:00,45.23,45.285,45.1701,45.21,7143
2026-03-05 16:00:00,45.18,45.18,45.18,45.18,2649
2026-03-06 09:30:00,44.95,44.9999,44.824,44.824,7596
2026-03-06 09:35:00,44.95,44.9799,44.89,44.925,12383
2026-03-06 09:40:00,44.83,44.835,44.69,44.6901,2335
2026-03-06 09:45:00,44.76,44.8399,44.75,44.765,2199
2026-03-06 09:50:00,44.81,44.8698,44.73,44.8,39342
2026-03-06 09:55:00,44.77,44.79,44.77,44.79,1216
2026-03-06 10:00:00,44.81,44.86,44.81,44.85,2568
2026-03-06 10:05:00,44.85,44.8741,44.76,44.76,4647
2026-03-06 10:10:00,44.7501,44.9086,44.67,44.855,23700
2026-03-06 10:15:00,44.86,44.92,44.86,44.92,1967
2026-03-06 10:20:00,44.89,44.955,44.89,44.955,2933
2026-03-06 10:25:00,44.965,44.965,44.9001,44.9001,1100
2026-03-06 10:30:00,44.98,45.04,44.98,45.02,3269
2026-03-06 10:35:00,45.0025,45.06,45.0025,45.02,7487
2026-03-06 10:40:00,44.99,45.06,44.9793,45.06,12748
2026-03-06 10:45:00,45.06,45.06,44.94,44.94,2691
2026-03-06 10:50:00,44.95,44.96,44.9,44.925,4768
2026-03-06 10:55:00,44.955,44.9715,44.93,44.96,6825
2026-03-06 11:00:00,44.96,45.0741,44.96,45.0741,3562
2026-03-06 11:05:00,45.06,45.06,45.03,45.03,1250
2026-03-06 11:10:00,45.01,45.08,44.96,45.08,6610
2026-03-06 11:15:00,45.0,45.015,45.0,45.015,1200
2026-03-06 11:20:00,45.025,45.04,44.98,45.04,3494
2026-03-06 11:25:00,45.03,45.0699,45.0061,45.0295,752
2026-03-06 11:30:00,45.04,45.04,44.99,45.01,1900
2026-03-06 11:35:00,45.03,45.15,45.03,45.14,9771
2026-03-06 11:40:00,45.13,45.13,45.13,45.13,400
2026-03-06 11:45:00,45.16,45.17,45.15,45.15,2511
2026-03-06 11:50:00,45.1525,45.16,45.15,45.16,712
2026-03-06 11:55:00,45.1099,45.1188,45.0801,45.11,3978
2026-03-06 12:00:00,45.08,45.09,45.06,45.07,1112
2026-03-06 12:05:00,45.1,45.1,45.04,45.04,725
2026-03-06 12:10:00,45.06,45.07,45.05,45.05,7121
2026-03-06 12:15:00,45.08,45.1,45.035,45.1,4119
2026-03-06 12:20:00,45.1399,45.17,45.13,45.17,2305
2026-03-06 12:25:00,45.15,45.15,45.11,45.12,1182
2026-03-06 12:30:00,45.11,45.15,45.11,45.15,2241
2026-03-06 12:35:00,45.13,45.1341,45.12,45.1341,1724
2026-03-06 12:40:00,45.0901,45.0941,45.0601,45.0941,690
2026-03-06 12:45:00,45.085,45.12,45.085,45.12,279
2026-03-06 12:50:00,45.1462,45.17,45.13,45.145,15300
2026-03-06 12:55:00,45.11,45.17,45.11,45.1597,1113
2026-03-06 13:00:00,45.135,45.2,45.12,45.2,4253
2026-03-06 13:05:00,45.15,45.2,45.15,45.1775,4986
2026-03-06 13:10:00,45.2,45.2999,45.19,45.2999,5273
2026-03-06 13:15:00,45.275,45.2883,45.275,45.285,1443
2026-03-06 13:20:00,45.27,45.2899,45.26,45.2899,2294
2026-03-06 13:25:00,45.2895,45.2899,45.2301,45.2301,52179
2026-03-06 13:30:00,45.2442,45.2781,45.2442,45.2781,540
2026-03-06 13:35:00,45.2699,45.28,45.23,45.235,3380
2026-03-06 13:40:00,45.25,45.255,45.2395,45.2395,1744
2026-03-06 13:45:00,45.21,45.24,45.19,45.19,2336
2026-03-06 13:50:00,45.28,45.28,45.205,45.205,528
2026-03-06 13:55:00,45.2105,45.26,45.205,45.2135,9997
2026-03-06 14:00:00,45.2355,45.2355,45.195,45.195,509
2026-03-06 14:05:00,45.236,45.2791,45.22,45.2451,3805
2026-03-06 14:10:00,45.235,45.265,45.2313,45.265,3474
2026-03-06 14:15:00,45.265,45.29,45.2348,45.2348,7686
2026-03-06 14:20:00,45.29,45.31,45.26,45.265,8626
2026-03-06 14:25:00,45.23,45.27,45.23,45.26,2284
2026-03-06 14:30:00,45.2844,45.2934,45.2688,45.285,1811
2026-03-06 14:35:00,45.285,45.285,45.28,45.28,1470
2026-03-06 14:40:00,45.28,45.32,45.28,45.28,571
2026-03-06 14:45:00,45.3,45.3,45.275,45.275,468
2026-03-06 14:55:00,45.35,45.35,45.3,45.3499,2468
2026-03-06 15:00:00,45.35,45.35,45.315,45.34,542
2026-03-06 15:05:00,45.35,45.365,45.315,45.315,107445
2026-03-06 15:10:00,45.32,45.37,45.2801,45.35,63977
2026-03-06 15:15:00,45.36,45.36,45.305,45.31,2816
2026-03-06 15:20:00,45.34,45.34,45.28,45.31,1510
2026-03-06 15:25:00,45.32,45.32,45.27,45.2996,1197
2026-03-06 15:30:00,45.27,45.27,45.24,45.24,400
2026-03-06 15:35:00,45.2891,45.2891,45.175,45.2,5437
2026-03-06 15:40:00,45.27,45.27,45.21,45.23,4590
2026-03-06 15:45:00,45.23,45.2617,45.23,45.26,5216
2026-03-06 15:50:00,45.25,45.29,45.24,45.265,8949
2026-03-06 15:55:00,45.28,45.314,45.25,45.31,14551
2026-03-06 16:00:00,45.27,45.27,45.27,45.27,176
2026-03-09 09:30:00,45.0,45.1,44.8994,44.9399,29324
2026-03-09 09:35:00,44.9201,44.925,44.89,44.89,755
2026-03-09 09:40:00,44.9,44.9623,44.7711,44.9,12705
2026-03-09 09:45:00,44.9299,44.9299,44.875,44.905,1769
2026-03-09 09:50:00,44.845,44.8999,44.845,44.8999,977
2026-03-09 09:55:00,44.805,44.83,44.805,44.83,2207
2026-03-09 10:00:00,44.8861,44.8861,44.7701,44.84,19052
2026-03-09 10:05:00,44.81,44.81,44.67,44.685,2399
2026-03-09 10:10:00,44.67,44.71,44.67,44.71,3628
2026-03-09 10:15:00,44.73,44.78,44.66,44.66,2087
2026-03-09 10:20:00,44.735,44.8108,44.735,44.77,786
2026-03-09 10:25:00,44.87,44.87,44.78,44.7869,3140
2026-03-09 10:30:00,44.825,44.825,44.825,44.825,1225
2026-03-09 10:35:00,44.795,44.8499,44.795,44.815,1944
2026-03-09 10:40:00,44.785,44.94,44.785,44.94,14124
2026-03-09 10:45:00,44.9,44.92,44.88,44.88,12256
2026-03-09 10:50:00,45.0099,45.0099,45.0099,45.0099,100
2026-03-09 10:55:00,44.985,45.03,44.9401,45.01,23864
2026-03-09 11:00:00,45.02,45.0573,45.01,45.0573,10062
2026-03-09 11:05:00,45.05,45.055,45.035,45.04,3931
2026-03-09 11:10:00,45.04,45.04,45.02,45.04,336
2026-03-09 11:15:00,45.07,45.07,45.025,45.0692,2334
2026-03-09 11:20:00,45.0431,45.085,45.0431,45.08,4442
2026-03-09 11:25:00,45.06,45.1,45.06,45.09,2090
2026-03-09 11:30:00,45.08,45.08,45.04,45.04,12550
2026-03-09 11:35:00,45.05,45.07,45.04,45.06,3926
2026-03-09 11:40:00,45.05,45.05,45.04,45.05,729
2026-03-09 11:45:00,45.1,45.1,45.05,45.065,1341
2026-03-09 11:50:00,45.075,45.1013,45.06,45.1013,19309
2026-03-09 11:55:00,45.08,45.1,45.08,45.1,1711
2026-03-09 12:00:00,45.095,45.13,45.085,45.125,7619
2026-03-09 12:05:00,45.12,45.13,45.11,45.13,3172
2026-03-09 12:10:00,45.08,45.1107,45.07,45.09,10080
2026-03-09 12:15:00,45.07,45.07,45.0616,45.0616,302
2026-03-09 12:20:00,45.055,45.0701,45.0,45.0701,7796
2026-03-09 12:25:00,45.11,45.115,45.105,45.115,749
2026-03-09 12:30:00,45.09,45.09,45.01,45.075,2050
2026-03-09 12:35:00,45.1,45.13,45.095,45.1299,9966
2026-03-09 12:40:00,45.13,45.16,45.1239,45.1501,4499
2026-03-09 12:45:00,45.18,45.18,45.16,45.16,303
2026-03-09 12:50:00,45.165,45.185,45.13,45.13,1724
2026-03-09 12:55:00,45.1461,45.1461,45.14,45.14,739
2026-03-09 13:00:00,45.125,45.13,45.095,45.095,700
2026-03-09 13:05:00,45.095,45.095,45.095,45.095,270
2026-03-09 13:10:00,45.1,45.1,45.0502,45.0502,1889
2026-03-09 13:15:00,45.07,45.07,45.045,45.06,1175
2026-03-09 13:20:00,45.06,45.06,45.0,45.0108,3402
2026-03-09 13:25:00,45.0015,45.0196,45.0,45.0,3963
2026-03-09 13:30:00,45.02,45.02,44.995,45.0,1178
2026-03-09 13:35:00,45.0,45.0,44.97,44.97,547
2026-03-09 13:40:00,44.98,45.0,44.975,44.99,1441
2026-03-09 13:45:00,44.9876,45.0116,44.9701,44.9992,3807
2026-03-09 13:50:00,45.005,45.02,45.005,45.005,1462
2026-03-09 13:55:00,45.0173,45.0173,44.9864,44.9864,15969
2026-03-09 14:00:00,45.0,45.0,44.9863,44.9863,966
2026-03-09 14:05:00,45.0,45.04,44.98,45.04,30733
2026-03-09 14:10:00,45.015,45.04,45.015,45.04,2904
2026-03-09 14:15:00,45.035,45.075,45.02,45.075,1403
2026-03-09 14:20:00,45.0719,45.09,45.055,45.055,1806
2026-03-09 14:25:00,45.06,45.06,45.06,45.06,691
2026-03-09 14:30:00,45.0818,45.0818,45.0818,45.0818,126
2026-03-09 14:35:00,45.095,45.1018,45.095,45.1018,302
2026-03-09 14:40:00,45.095,45.095,45.08,45.095,806
2026-03-09 14:45:00,45.095,45.11,45.095,45.105,611
2026-03-09 14:50:00,45.1,45.12,45.1,45.12,3252
2026-03-09 14:55:00,45.11,45.11,45.0701,45.09,4467
2026-03-09 15:00:00,45.06,45.1199,45.055,45.105,1973
2026-03-09 15:05:00,45.09,45.0963,45.07,45.0963,2405
2026-03-09 15:10:00,45.1064,45.1064,45.095,45.095,775
2026-03-09 15:15:00,45.1,45.18,45.1,45.18,2118
2026-03-09 15:20:00,45.235,45.32,45.22,45.29,1962
2026-03-09 15:25:00,45.3176,45.36,45.3176,45.36,3554
2026-03-09 15:30:00,45.37,45.37,45.33,45.36,2250
2026-03-09 15:35:00,45.415,45.43,45.36,45.43,9803
2026-03-09 15:40:00,45.44,45.44,45.32,45.36,10243
2026-03-09 15:45:00,45.3899,45.3899,45.33,45.355,9996
2026-03-09 15:50:00,45.37,45.37,45.2975,45.2975,4350
2026-03-09 15:55:00,45.325,45.37,45.3,45.37,10265
2026-03-09 16:00:00,45.38,45.38,45.38,45.38,2533
2026-03-10 09:30:00,45.39,45.39,45.29,45.3294,11022
2026-03-10 09:35:00,45.225,45.2331,45.225,45.2331,728
2026-03-10 09:40:00,45.27,45.29,45.21,45.29,12169
2026-03-10 09:45:00,45.235,45.235,45.2,45.2,313
2026-03-10 09:55:00,45.19,45.19,45.17,45.17,813
2026-03-10 10:00:00,45.18,45.18,45.18,45.18,1590
2026-03-10 10:05:00,45.29,45.3,45.275,45.275,1100
2026-03-10 10:10:00,45.2623,45.2844,45.2623,45.2844,470
2026-03-10 10:15:00,45.285,45.31,45.285,45.31,482
2026-03-10 10:20:00,45.32,45.39,45.32,45.39,3582
2026-03-10 10:25:00,45.375,45.3998,45.37,45.3998,1156
2026-03-10 10:30:00,45.4,45.425,45.4,45.415,1710
2026-03-10 10:35:00,45.4226,45.43,45.4226,45.4262,2331
2026-03-10 10:40:00,45.436,45.47,45.436,45.47,950
2026-03-10 10:45:00,45.4982,45.4982,45.495,45.495,431
2026-03-10 10:50:00,45.52,45.525,45.52,45.525,746
2026-03-10 10:55:00,45.53,45.5407,45.53,45.5407,449
2026-03-10 11:00:00,45.575,45.58,45.5684,45.5684,2205
2026-03-10 11:05:00,45.575,45.59,45.53,45.54,2030
2026-03-10 11:10:00,45.53,45.5587,45.53,45.5587,3395
2026-03-10 11:15:00,45.5087,45.52,45.5041,45.5041,662
2026-03-10 11:20:00,45.5395,45.555,45.535,45.535,540
2026-03-10 11:25:00,45.5,45.515,45.5,45.5,470
2026-03-10 11:30:00,45.515,45.535,45.515,45.535,2019
2026-03-10 11:35:00,45.53,45.56,45.53,45.56,1647
2026-03-10 11:40:00,45.5551,45.57,45.55,45.57,730
2026-03-10 11:45:00,45.585,45.59,45.545,45.57,3331
2026-03-10 11:50:00,45.55,45.55,45.54,45.54,205
2026-03-10 11:55:00,45.51,45.54,45.51,45.52,1651
2026-03-10 12:00:00,45.52,45.5345,45.49,45.49,19890
2026-03-10 12:05:00,45.47,45.4716,45.4555,45.4716,1123
2026-03-10 12:10:00,45.51,45.511,45.48,45.48,3805
2026-03-10 12:15:00,45.4484,45.5074,45.4484,45.5074,5042
2026-03-10 12:20:00,45.5199,45.5199,45.47,45.49,12995
2026-03-10 12:25:00,45.48,45.51,45.47,45.489,5860
2026-03-10 12:30:00,45.46,45.49,45.46,45.49,14687
2026-03-10 12:35:00,45.5182,45.54,45.48,45.53,14874
2026-03-10 12:40:00,45.53,45.53,45.51,45.51,500
2026-03-10 12:45:00,45.499,45.4999,45.485,45.485,3640
2026-03-10 12:50:00,45.4999,45.53,45.485,45.53,2903
2026-03-10 12:55:00,45.5499,45.5499,45.531,45.531,401
2026-03-10 13:00:00,45.549,45.55,45.53,45.55,2287
2026-03-10 13:05:00,45.5699,45.635,45.5699,45.6,7197
2026-03-10 13:10:00,45.59,45.59,45.55,45.55,2742
2026-03-10 13:15:00,45.54,45.555,45.54,45.55,5447
2026-03-10 13:20:00,45.529,45.529,45.52,45.5236,6140
2026-03-10 13:25:00,45.54,45.5696,45.54,45.5696,1774
2026-03-10 13:30:00,45.56,45.56,45.52,45.53,9390
2026-03-10 13:35:00,45.51,45.52,45.46,45.48,5467
2026-03-10 13:40:00,45.49,45.49,45.47,45.47,431
2026-03-10 13:45:00,45.465,45.5199,45.465,45.5199,1476
2026-03-10 13:50:00,45.5,45.51,45.48,45.48,825
2026-03-10 13:55:00,45.47,45.48,45.4435,45.45,1016
2026-03-10 14:00:00,45.4577,45.4577,45.44,45.445,7873
2026-03-10 14:05:00,45.435,45.46,45.435,45.441,1239
2026-03-10 14:10:00,45.44,45.45,45.33,45.33,5331
2026-03-10 14:15:00,45.32,45.3699,45.2811,45.3239,4996
2026-03-10 14:20:00,45.28,45.305,45.2517,45.287,6890
2026-03-10 14:25:00,45.28,45.33,45.27,45.33,2970
2026-03-10 14:30:00,45.31,45.355,45.31,45.335,1914
2026-03-10 14:35:00,45.37,45.37,45.37,45.37,300
2026-03-10 14:40:00,45.3,45.379,45.3,45.379,1114
2026-03-10 14:45:00,45.3264,45.3698,45.31,45.35,2972
2026-03-10 14:50:00,45.3643,45.3698,45.33,45.3399,1622
2026-03-10 14:55:00,45.3214,45.33,45.315,45.33,2387
2026-03-10 15:00:00,45.3083,45.33,45.3,45.33,1462
2026-03-10 15:05:00,45.33,45.33,45.28,45.33,2994
2026-03-10 15:10:00,45.32,45.34,45.295,45.34,3617
2026-03-10 15:15:00,45.33,45.3784,45.33,45.3667,2793
2026-03-10 15:20:00,45.3569,45.365,45.31,45.3594,4749
2026-03-10 15:25:00,45.32,45.32,45.28,45.28,2835
2026-03-10 15:30:00,45.26,45.265,45.22,45.235,6754
2026-03-10 15:35:00,45.21,45.225,45.1895,45.225,4552
2026-03-10 15:40:00,45.23,45.345,45.2242,45.2467,3622
2026-03-10 15:45:00,45.26,45.295,45.22,45.285,8575
2026-03-10 15:50:00,45.28,45.285,45.22,45.255,4431
2026-03-10 15:55:00,45.26,45.26,45.22,45.23,10026
2026-03-10 16:00:00,45.25,45.25,45.19,45.19,12633
2026-03-11 09:30:00,45.26,45.26,45.135,45.135,8868
2026-03-11 09:35:00,45.1,45.14,45.1,45.14,439
2026-03-11 09:40:00,45.155,45.175,45.13,45.13,981
2026-03-11 09:45:00,45.135,45.1999,45.125,45.135,1599
2026-03-11 09:50:00,45.15,45.15,45.15,45.15,500
2026-03-11 09:55:00,45.1685,45.18,45.1685,45.18,1300
2026-03-11 10:00:00,45.19,45.28,45.1635,45.23,18122
2026-03-11 10:05:00,45.2314,45.2314,45.17,45.225,1013
2026-03-11 10:10:00,45.181,45.23,45.181,45.23,5968
2026-03-11 10:15:00,45.21,45.225,45.195,45.225,1247
2026-03-11 10:20:00,45.2055,45.22,45.18,45.18,1889
2026-03-11 10:25:00,45.18,45.18,45.145,45.145,1152
2026-03-11 10:35:00,45.2,45.24,45.2,45.24,1162
2026-03-11 10:40:00,45.25,45.2599,45.23,45.23,2087
2026-03-11 10:45:00,45.26,45.3227,45.26,45.31,62084
2026-03-11 10:50:00,45.35,45.35,45.35,45.35,1000
2026-03-11 10:55:00,45.355,45.355,45.35,45.35,282
2026-03-11 11:00:00,45.38,45.38,45.31,45.31,4969
2026-03-11 11:05:00,45.35,45.35,45.3117,45.3117,2028
2026-03-11 11:10:00,45.31,45.31,45.29,45.305,565
2026-03-11 11:15:00,45.3054,45.3069,45.24,45.27,1257
2026-03-11 11:20:00,45.31,45.31,45.23,45.27,21271
2026-03-11 11:25:00,45.24,45.2704,45.24,45.245,4800
2026-03-11 11:30:00,45.21,45.21,45.15,45.185,1541
2026-03-11 11:35:00,45.185,45.21,45.16,45.21,2693
2026-03-11 11:40:00,45.17,45.19,45.17,45.1822,750
2026-03-11 11:45:00,45.13,45.15,45.12,45.15,1363
2026-03-11 11:55:00,45.14,45.1899,45.125,45.135,2203
2026-03-11 12:00:00,45.1305,45.1516,45.1,45.11,3756
2026-03-11 12:05:00,45.1073,45.1073,45.1073,45.1073,300
2026-03-11 12:10:00,45.1201,45.165,45.1201,45.165,2552
2026-03-11 12:15:00,45.15,45.15,45.13,45.13,341
2026-03-11 12:20:00,45.1708,45.1708,45.14,45.14,4683
2026-03-11 12:25:00,45.1992,45.1992,45.165,45.165,1761
2026-03-11 12:30:00,45.2,45.26,45.18,45.26,14275
2026-03-11 12:35:00,45.25,45.26,45.24,45.24,3317
2026-03-11 12:40:00,45.27,45.2917,45.27,45.27,591
2026-03-11 12:45:00,45.2826,45.2826,45.25,45.25,848
2026-03-11 12:50:00,45.27,45.29,45.265,45.2841,1541
2026-03-11 12:55:00,45.27,45.31,45.27,45.31,2122
2026-03-11 13:00:00,45.281,45.32,45.281,45.31,2241
2026-03-11 13:05:00,45.32,45.37,45.28,45.28,3076
2026-03-11 13:10:00,45.2818,45.2894,45.2596,45.275,1865
2026-03-11 13:15:00,45.2984,45.2984,45.25,45.2886,1621
2026-03-11 13:20:00,45.265,45.2897,45.265,45.27,1938
2026-03-11 13:25:00,45.28,45.3087,45.25,45.29,54241
2026-03-11 13:30:00,45.27,45.27,45.25,45.255,3000
2026-03-11 13:35:00,45.28,45.2899,45.195,45.195,6641
2026-03-11 13:40:00,45.215,45.23,45.17,45.195,1600
2026-03-11 13:45:00,45.195,45.23,45.1872,45.23,2707
2026-03-11 13:50:00,45.23,45.28,45.23,45.24,1170
2026-03-11 13:55:00,45.235,45.25,45.21,45.25,2209
2026-03-11 14:00:00,45.2418,45.26,45.21,45.26,2081
2026-03-11 14:05:00,45.26,45.26,45.23,45.23,1700
2026-03-11 14:10:00,45.21,45.23,45.195,45.23,11533
2026-03-11 14:15:00,45.23,45.2696,45.23,45.26,3084
2026-03-11 14:20:00,45.26,45.275,45.25,45.26,3648
2026-03-11 14:25:00,45.27,45.34,45.23,45.275,39586
2026-03-11 14:30:00,45.28,45.3088,45.28,45.3088,3294
2026-03-11 14:35:00,45.29,45.29,45.27,45.27,202
2026-03-11 14:40:00,45.28,45.3,45.28,45.28,3513
2026-03-11 14:45:00,45.29,45.29,45.26,45.2699,4622
2026-03-11 14:50:00,45.27,45.2999,45.2533,45.2999,2909
2026-03-11 14:55:00,45.3092,45.3092,45.25,45.25,1195
2026-03-11 15:00:00,45.2599,45.3,45.23,45.23,5591
2026-03-11 15:05:00,45.23,45.25,45.23,45.25,2608
2026-03-11 15:10:00,45.24,45.2499,45.235,45.2499,6206
2026-03-11 15:15:00,45.23,45.27,45.23,45.25,7463
2026-03-11 15:20:00,45.2564,45.2564,45.235,45.24,2984
2026-03-11 15:25:00,45.27,45.27,45.2401,45.25,2347
2026-03-11 15:30:00,45.25,45.29,45.2408,45.29,2620
2026-03-11 15:35:00,45.285,45.309,45.285,45.309,478
2026-03-11 15:40:00,45.3189,45.33,45.305,45.32,1678
2026-03-11 15:45:00,45.32,45.34,45.29,45.315,3587
2026-03-11 15:50:00,45.31,45.34,45.31,45.34,1969
2026-03-11 15:55:00,45.36,45.38,45.34,45.36,7912
2026-03-11 16:00:00,45.38,45.38,45.38,45.38,601
2026-03-12 09:30:00,45.16,45.1689,45.1396,45.1689,5580
2026-03-12 09:35:00,45.199,45.2199,45.1475,45.1766,1097
2026-03-12 09:40:00,45.15,45.15,45.1,45.1,1071
2026-03-12 09:50:00,45.1751,45.2199,45.1751,45.2199,3908
2026-03-12 09:55:00,45.15,45.15,45.15,45.15,1969
2026-03-12 10:00:00,45.2141,45.2141,45.1947,45.1947,639
2026-03-12 10:05:00,45.2152,45.2152,45.195,45.195,590
2026-03-12 10:10:00,45.205,45.21,45.205,45.21,600
2026-03-12 10:15:00,45.205,45.205,45.13,45.17,1028
2026-03-12 10:20:00,45.15,45.155,45.12,45.125,2082
2026-03-12 10:25:00,45.115,45.1494,45.07,45.105,1323
2026-03-12 10:30:00,45.1,45.16,45.08,45.1,8861
2026-03-12 10:35:00,45.16,45.16,45.12,45.13,2056
2026-03-12 10:40:00,45.145,45.1775,45.11,45.1775,4720
2026-03-12 10:45:00,45.205,45.23,45.155,45.155,1187
2026-03-12 10:50:00,45.18,45.18,45.16,45.16,1007
2026-03-12 10:55:00,45.1671,45.1671,45.1671,45.1671,310
2026-03-12 11:00:00,45.17,45.17,45.165,45.17,2016
2026-03-12 11:05:00,45.1796,45.1796,45.155,45.155,8144
2026-03-12 11:10:00,45.14,45.14,45.085,45.12,3181
2026-03-12 11:15:00,45.1263,45.145,45.115,45.145,2889
2026-03-12 11:20:00,45.16,45.2,45.16,45.2,1300
2026-03-12 11:25:00,45.2373,45.2427,45.22,45.22,630
2026-03-12 11:30:00,45.2101,45.2599,45.1928,45.1928,2281
2026-03-12 11:35:00,45.19,45.21,45.19,45.21,300
2026-03-12 11:40:00,45.225,45.245,45.2184,45.245,1375
2026-03-12 11:45:00,45.245,45.2474,45.19,45.235,3793
2026-03-12 11:50:00,45.2,45.2112,45.16,45.16,1197
2026-03-12 11:55:00,45.23,45.23,45.21,45.215,605
2026-03-12 12:00:00,45.2154,45.29,45.2154,45.2716,2703
2026-03-12 12:05:00,45.215,45.215,45.17,45.17,858
2026-03-12 12:10:00,45.175,45.18,45.1507,45.175,3416
2026-03-12 12:15:00,45.1951,45.27,45.1951,45.27,1755
2026-03-12 12:20:00,45.2799,45.3599,45.2799,45.31,986
2026-03-12 12:25:00,45.25,45.25,45.215,45.215,310
2026-03-12 12:30:00,45.22,45.28,45.22,45.28,5029
2026-03-12 12:35:00,45.29,45.3,45.29,45.3,400
2026-03-12 12:40:00,45.29,45.29,45.28,45.28,1300
2026-03-12 12:45:00,45.28,45.28,45.2216,45.245,5270
2026-03-12 12:50:00,45.2996,45.2996,45.2334,45.24,1604
2026-03-12 12:55:00,45.235,45.26,45.225,45.2599,2039
2026-03-12 13:00:00,45.255,45.305,45.255,45.305,1019
2026-03-12 13:05:00,45.3,45.3,45.2778,45.2778,1456
2026-03-12 13:10:00,45.29,45.3,45.2487,45.255,7869
2026-03-12 13:15:00,45.245,45.2505,45.245,45.2505,1972
2026-03-12 13:20:00,45.25,45.3,45.25,45.27,551
2026-03-12 13:25:00,45.2615,45.29,45.2615,45.275,651
2026-03-12 13:30:00,45.2997,45.2997,45.275,45.275,231
2026-03-12 13:35:00,45.3,45.31,45.2701,45.2948,1370
2026-03-12 13:40:00,45.3,45.3,45.29,45.3,2758
2026-03-12 13:45:00,45.27,45.3002,45.255,45.3002,2400
2026-03-12 13:50:00,45.3253,45.3253,45.2985,45.2985,593
2026-03-12 13:55:00,45.26,45.26,45.25,45.25,200
2026-03-12 14:00:00,45.263,45.3,45.263,45.2858,2292
2026-03-12 14:05:00,45.3095,45.34,45.3095,45.31,2356
2026-03-12 14:10:00,45.36,45.36,45.325,45.325,200
2026-03-12 14:15:00,45.36,45.36,45.36,45.36,428
2026-03-12 14:20:00,45.285,45.303,45.2774,45.2774,900
2026-03-12 14:25:00,45.34,45.34,45.2859,45.33,1816
2026-03-12 14:30:00,45.29,45.31,45.29,45.305,1680
2026-03-12 14:40:00,45.31,45.315,45.2907,45.315,1782
2026-03-12 14:45:00,45.33,45.33,45.3,45.3235,1686
2026-03-12 14:50:00,45.3385,45.3385,45.3,45.3057,2739
2026-03-12 14:55:00,45.3274,45.3274,45.2717,45.292,3664
2026-03-12 15:00:00,45.27,45.29,45.24,45.2899,4043
2026-03-12 15:05:00,45.295,45.295,45.24,45.295,477
2026-03-12 15:10:00,45.29,45.29,45.29,45.29,1100
2026-03-12 15:15:00,45.29,45.295,45.29,45.29,2481
2026-03-12 15:25:00,45.29,45.292,45.29,45.29,719
2026-03-12 15:30:00,45.29,45.325,45.29,45.325,2533
2026-03-12 15:35:00,45.32,45.32,45.3102,45.315,636
2026-03-12 15:40:00,45.3,45.33,45.265,45.27,1333
2026-03-12 15:45:00,45.3,45.3,45.265,45.265,1503
2026-03-12 15:50:00,45.258,45.26,45.258,45.26,210
2026-03-12 15:55:00,45.29,45.29,45.19,45.26,8702
2026-03-13 09:30:00,45.42,45.4795,45.41,45.4505,19180
2026-03-13 09:35:00,45.444,45.57,45.444,45.55,6433
2026-03-13 09:40:00,45.55,45.55,45.55,45.55,200
2026-03-13 09:50:00,45.525,45.5595,45.525,45.54,826
2026-03-13 09:55:00,45.57,45.57,45.564,45.564,620
2026-03-13 10:00:00,45.6,45.6,45.54,45.54,664
2026-03-13 10:05:00,45.46,45.46,45.46,45.46,300
2026-03-13 10:10:00,45.49,45.49,45.455,45.455,250
2026-03-13 10:15:00,45.43,45.4699,45.395,45.395,1163
2026-03-13 10:20:00,45.4499,45.4499,45.41,45.43,1999
2026-03-13 10:25:00,45.42,45.42,45.42,45.42,100
2026-03-13 10:30:00,45.48,45.5295,45.48,45.5295,832
2026-03-13 10:35:00,45.484,45.484,45.484,45.484,165
2026-03-13 10:40:00,45.44,45.445,45.42,45.42,1760
2026-03-13 10:50:00,45.425,45.425,45.3701,45.396,3606
2026-03-13 10:55:00,45.385,45.385,45.2912,45.2912,2767
2026-03-13 11:00:00,45.305,45.305,45.25,45.274,2077
2026-03-13 11:05:00,45.2794,45.32,45.2794,45.307,545
2026-03-13 11:10:00,45.3,45.42,45.23,45.335,14223
2026-03-13 11:15:00,45.335,45.335,45.3,45.3,1400
2026-03-13 11:20:00,45.31,45.31,45.25,45.25,881
2026-03-13 11:30:00,45.23,45.27,45.225,45.26,16045
2026-03-13 11:35:00,45.26,45.27,45.24,45.27,1205
2026-03-13 11:40:00,45.255,45.26,45.214,45.214,1998
2026-03-13 11:45:00,45.23,45.3099,45.21,45.23,7115
2026-03-13 11:50:00,45.213,45.213,45.19,45.2123,566
2026-03-13 11:55:00,45.2166,45.2166,45.1715,45.1715,2051
2026-03-13 12:00:00,45.21,45.21,45.1701,45.21,1075
2026-03-13 12:05:00,45.21,45.265,45.21,45.24,5463
2026-03-13 12:10:00,45.24,45.26,45.2,45.21,3436
2026-03-13 12:15:00,45.21,45.21,45.195,45.21,643
2026-03-13 12:20:00,45.21,45.23,45.195,45.23,1200
2026-03-13 12:30:00,45.24,45.24,45.24,45.24,100
2026-03-13 12:35:00,45.235,45.285,45.2237,45.265,2213
2026-03-13 12:40:00,45.256,45.275,45.255,45.275,870
2026-03-13 12:45:00,45.24,45.24,45.22,45.22,200
2026-03-13 12:50:00,45.31,45.31,45.31,45.31,102
2026-03-13 12:55:00,45.35,45.35,45.29,45.29,1000
2026-03-13 13:00:00,45.2701,45.2701,45.2701,45.2701,155
2026-03-13 13:05:00,45.265,45.29,45.24,45.26,6590
2026-03-13 13:10:00,45.265,45.31,45.265,45.3099,5000
2026-03-13 13:15:00,45.32,45.32,45.31,45.3137,481
2026-03-13 13:20:00,45.338,45.338,45.2896,45.2896,4650
2026-03-13 13:25:00,45.2937,45.2937,45.2937,45.2937,248
2026-03-13 13:30:00,45.28,45.295,45.28,45.295,320
2026-03-13 13:35:00,45.325,45.3299,45.2915,45.3,3400
2026-03-13 13:40:00,45.297,45.3127,45.297,45.3127,712
2026-03-13 13:45:00,45.28,45.335,45.28,45.28,645
2026-03-13 13:50:00,45.29,45.29,45.27,45.29,1901
2026-03-13 13:55:00,45.293,45.295,45.26,45.29,2438
2026-03-13 14:00:00,45.275,45.319,45.275,45.3024,4160
2026-03-13 14:05:00,45.315,45.315,45.315,45.315,200
2026-03-13 14:10:00,45.3255,45.33,45.3,45.315,1656
2026-03-13 14:20:00,45.27,45.275,45.26,45.26,1500
2026-03-13 14:25:00,45.28,45.29,45.25,45.25,5536
2026-03-13 14:30:00,45.26,45.27,45.26,45.27,823
2026-03-13 14:35:00,45.33,45.39,45.305,45.35,3705
2026-03-13 14:40:00,45.3226,45.4199,45.31,45.37,5546
2026-03-13 14:45:00,45.335,45.335,45.335,45.335,100
2026-03-13 14:50:00,45.37,45.38,45.365,45.38,4789
2026-03-13 14:55:00,45.379,45.379,45.35,45.35,3351
2026-03-13 15:00:00,45.36,45.37,45.34,45.34,1635
2026-03-13 15:05:00,45.33,45.35,45.31,45.33,4476
2026-03-13 15:10:00,45.3285,45.3285,45.3285,45.3285,220
2026-03-13 15:15:00,45.3248,45.3293,45.3248,45.3293,218
2026-03-13 15:20:00,45.3,45.3,45.255,45.255,935
2026-03-13 15:25:00,45.26,45.26,45.26,45.26,108
2026-03-13 15:30:00,45.245,45.27,45.245,45.25,4618
2026-03-13 15:35:00,45.23,45.2329,45.22,45.2329,610
2026-03-13 15:40:00,45.19,45.19,45.18,45.18,2410
2026-03-13 15:45:00,45.205,45.2197,45.18,45.21,6019
2026-03-13 15:50:00,45.22,45.22,45.188,45.2,4939
2026-03-13 15:55:00,45.21,45.28,45.19,45.28,9628
2026-03-13 16:00:00,45.24,45.24,45.24,45.24,680
2026-03-16 09:30:00,45.48,45.48,45.46,45.46,4816
2026-03-16 09:35:00,45.5438,45.5438,45.5438,45.5438,225
2026-03-16 09:40:00,45.55,45.55,45.55,45.55,750
2026-03-16 09:45:00,45.6,45.6,45.6,45.6,600
2026-03-16 09:50:00,45.6399,45.6399,45.57,45.57,1008
2026-03-16 09:55:00,45.5715,45.6377,45.565,45.6377,5234
2026-03-16 10:00:00,45.69,45.69,45.66,45.66,12137
2026-03-16 10:05:00,45.68,45.68,45.605,45.6125,3911
2026-03-16 10:15:00,45.62,45.625,45.5901,45.625,1444
2026-03-16 10:25:00,45.65,45.65,45.63,45.63,1252
2026-03-16 10:30:00,45.6,45.64,45.6,45.62,5682
2026-03-16 10:35:00,45.595,45.595,45.4901,45.52,37216
2026-03-16 10:40:00,45.545,45.57,45.5201,45.55,11489
2026-03-16 10:45:00,45.54,45.54,45.54,45.54,162
2026-03-16 10:50:00,45.555,45.6,45.555,45.58,1286
2026-03-16 10:55:00,45.5944,45.5944,45.5944,45.5944,110
2026-03-16 11:00:00,45.6,45.66,45.5812,45.61,1684
2026-03-16 11:05:00,45.59,45.6092,45.56,45.56,1279
2026-03-16 11:10:00,45.57,45.574,45.57,45.57,3297
2026-03-16 11:15:00,45.61,45.61,45.6,45.61,1637
2026-03-16 11:20:00,45.6175,45.6367,45.6175,45.6367,420
2026-03-16 11:25:00,45.59,45.63,45.58,45.58,3322
2026-03-16 11:30:00,45.605,45.605,45.605,45.605,475
2026-03-16 11:35:00,45.5981,45.5981,45.5981,45.5981,150
2026-03-16 11:40:00,45.5747,45.5747,45.5747,45.5747,123
2026-03-16 11:45:00,45.56,45.61,45.557,45.61,2442
2026-03-16 11:50:00,45.55,45.55,45.495,45.495,5826
2026-03-16 11:55:00,45.5,45.52,45.49,45.49,1155
2026-03-16 12:00:00,45.4701,45.51,45.4701,45.51,1426
2026-03-16 12:05:00,45.525,45.53,45.51,45.53,1002
2026-03-16 12:10:00,45.54,45.56,45.54,45.56,2387
2026-03-16 12:15:00,45.535,45.54,45.505,45.5399,1325
2026-03-16 12:20:00,45.505,45.5084,45.47,45.47,730
2026-03-16 12:25:00,45.44,45.44,45.425,45.425,862
2026-03-16 12:30:00,45.43,45.46,45.3939,45.4,2034
2026-03-16 12:35:00,45.48,45.5099,45.465,45.5099,2411
2026-03-16 12:40:00,45.502,45.5284,45.502,45.5284,410
2026-03-16 12:45:00,45.5,45.51,45.48,45.495,1591
2026-03-16 12:50:00,45.54,45.54,45.5316,45.5316,363
2026-03-16 12:55:00,45.545,45.56,45.52,45.52,3096
2026-03-16 13:00:00,45.5326,45.5698,45.525,45.525,812
2026-03-16 13:05:00,45.56,45.56,45.5001,45.535,941
2026-03-16 13:10:00,45.533,45.57,45.533,45.56,1333
2026-03-16 13:15:00,45.56,45.56,45.49,45.55,14226
2026-03-16 13:20:00,45.5523,45.56,45.55,45.55,4630
2026-03-16 13:25:00,45.58,45.5889,45.565,45.565,17661
2026-03-16 13:30:00,45.5899,45.59,45.54,45.54,52213
2026-03-16 13:35:00,45.56,45.58,45.56,45.56,564
2026-03-16 13:40:00,45.565,45.565,45.56,45.5607,942
2026-03-16 13:45:00,45.57,45.59,45.51,45.525,4663
2026-03-16 13:50:00,45.52,45.54,45.52,45.54,384
2026-03-16 13:55:00,45.5429,45.56,45.54,45.54,2181
2026-03-16 14:00:00,45.5899,45.5899,45.5398,45.56,4119
2026-03-16 14:05:00,45.59,45.6,45.59,45.6,1000
2026-03-16 14:10:00,45.617,45.617,45.57,45.57,1050
2026-03-16 14:15:00,45.6199,45.64,45.58,45.618,4749
2026-03-16 14:20:00,45.65,45.65,45.635,45.635,1200
2026-03-16 14:25:00,45.665,45.665,45.665,45.665,275
2026-03-16 14:30:00,45.6715,45.696,45.6715,45.68,803
2026-03-16 14:35:00,45.68,45.68,45.68,45.68,275
2026-03-16 14:40:00,45.68,45.71,45.68,45.71,2580
2026-03-16 14:45:00,45.65,45.73,45.65,45.73,945
2026-03-16 14:50:00,45.73,45.744,45.66,45.67,3301
2026-03-16 14:55:00,45.67,45.69,45.63,45.655,3898
2026-03-16 15:00:00,45.66,45.699,45.66,45.699,7096
2026-03-16 15:05:00,45.66,45.68,45.6501,45.68,3340
2026-03-16 15:10:00,45.7,45.7,45.64,45.65,6797
2026-03-16 15:15:00,45.655,45.6893,45.635,45.635,6854
2026-03-16 15:20:00,45.6784,45.68,45.645,45.65,933
2026-03-16 15:25:00,45.66,45.6699,45.625,45.625,3554
2026-03-16 15:30:00,45.655,45.68,45.6411,45.65,3251
2026-03-16 15:35:00,45.6325,45.6325,45.63,45.63,300
2026-03-16 15:40:00,45.62,45.625,45.585,45.585,2499
2026-03-16 15:45:00,45.58,45.59,45.5696,45.575,1393
2026-03-16 15:50:00,45.59,45.605,45.59,45.605,2450
2026-03-16 15:55:00,45.61,45.63,45.6,45.63,9395
2026-03-16 16:00:00,45.63,45.63,45.63,45.63,7788
2026-03-17 09:30:00,46.02,46.1,45.93,45.93,7577
2026-03-17 09:35:00,45.9651,45.9652,45.9125,45.9652,3048
2026-03-17 09:40:00,45.955,45.98,45.955,45.96,5419
2026-03-17 09:45:00,45.98,46.05,45.9748,45.98,5655
2026-03-17 09:50:00,45.9592,45.97,45.935,45.96,4746
2026-03-17 09:55:00,45.97,46.02,45.97,46.02,3877
2026-03-17 10:00:00,46.005,46.0765,45.97,46.07,2938
2026-03-17 10:05:00,46.09,46.1,46.0433,46.0999,1050
2026-03-17 10:10:00,46.1,46.1579,46.0663,46.0663,2278
2026-03-17 10:15:00,46.0467,46.0685,46.0467,46.0685,420
2026-03-17 10:20:00,46.06,46.08,46.05,46.065,7148
2026-03-17 10:25:00,46.04,46.08,46.04,46.08,7773
2026-03-17 10:30:00,46.06,46.13,46.06,46.12,16528
2026-03-17 10:35:00,46.12,46.13,46.11,46.12,11611
2026-03-17 10:40:00,46.132,46.1599,46.12,46.1599,1307
2026-03-17 10:45:00,46.106,46.125,46.106,46.125,395
2026-03-17 10:50:00,46.1363,46.1363,46.125,46.125,696
2026-03-17 10:55:00,46.13,46.13,46.1,46.1,2007
2026-03-17 11:00:00,46.11,46.11,46.08,46.08,330
2026-03-17 11:05:00,46.13,46.15,46.1,46.1,24608
2026-03-17 11:10:00,46.08,46.09,46.08,46.09,1699
2026-03-17 11:15:00,46.1,46.12,46.09,46.11,21921
2026-03-17 11:20:00,46.11,46.1101,46.05,46.094,5412
2026-03-17 11:25:00,46.1,46.1145,46.08,46.0801,1013
2026-03-17 11:30:00,46.0467,46.0467,46.035,46.035,4643
2026-03-17 11:35:00,46.04,46.04,46.01,46.0286,1701
2026-03-17 11:40:00,46.015,46.0527,46.015,46.0527,1655
2026-03-17 11:45:00,46.045,46.07,45.99,46.07,2831
2026-03-17 11:50:00,46.035,46.035,46.01,46.01,489
2026-03-17 11:55:00,46.0526,46.0685,46.03,46.05,2784
2026-03-17 12:00:00,46.0,46.02,46.0,46.02,509
2026-03-17 12:05:00,46.02,46.05,46.02,46.02,6432
2026-03-17 12:10:00,46.03,46.04,46.03,46.03,3724
2026-03-17 12:15:00,46.025,46.07,46.025,46.07,5120
2026-03-17 12:20:00,46.05,46.066,46.05,46.066,995
2026-03-17 12:25:00,46.06,46.06,46.02,46.03,12304
2026-03-17 12:30:00,46.02,46.03,46.0,46.01,10306
2026-03-17 12:35:00,46.02,46.0251,46.01,46.01,7009
2026-03-17 12:40:00,46.01,46.03,46.0,46.0,5645
2026-03-17 12:45:00,46.06,46.075,46.03,46.03,2782
2026-03-17 12:50:00,46.055,46.055,46.025,46.025,908
2026-03-17 12:55:00,46.04,46.04,46.0,46.0,200
2026-03-17 13:00:00,46.0014,46.02,46.0014,46.0178,1014
2026-03-17 13:05:00,46.04,46.05,46.04,46.04,700
2026-03-17 13:10:00,46.035,46.04,46.005,46.04,400
2026-03-17 13:15:00,46.02,46.03,46.015,46.02,1374
2026-03-17 13:20:00,46.03,46.03,46.015,46.025,8600
2026-03-17 13:25:00,46.025,46.03,46.01,46.025,2929
2026-03-17 13:30:00,46.01,46.0297,46.01,46.015,5792
2026-03-17 13:35:00,46.01,46.03,45.995,46.03,9005
2026-03-17 13:40:00,46.03,46.05,45.9922,45.9922,2665
2026-03-17 13:45:00,46.0153,46.02,45.995,46.005,6640
2026-03-17 13:50:00,46.005,46.035,45.9905,46.01,1763
2026-03-17 13:55:00,46.015,46.03,46.015,46.03,2345
2026-03-17 14:00:00,46.03,46.0327,45.9909,46.03,1982
2026-03-17 14:05:00,46.03,46.06,46.03,46.0427,5454
2026-03-17 14:10:00,46.0373,46.07,46.0373,46.07,1035
2026-03-17 14:20:00,46.035,46.035,45.985,46.0,3034
2026-03-17 14:25:00,46.01,46.01,45.995,45.995,2019
2026-03-17 14:30:00,45.995,46.0,45.9793,46.0,2942
2026-03-17 14:35:00,46.0071,46.03,45.9701,45.9701,4381
2026-03-17 14:40:00,45.98,46.01,45.98,46.01,716
2026-03-17 14:45:00,45.99,45.99,45.99,45.99,126
2026-03-17 14:50:00,46.01,46.02,46.01,46.01,1484
2026-03-17 14:55:00,46.01,46.01,45.97,45.99,40411
2026-03-17 15:00:00,45.99,45.99,45.98,45.98,2944
2026-03-17 15:05:00,45.9801,45.985,45.98,45.98,2451
2026-03-17 15:10:00,45.97,45.9755,45.97,45.9701,838
2026-03-17 15:15:00,45.989,45.989,45.989,45.989,543
2026-03-17 15:20:00,46.005,46.005,46.0,46.0,306
2026-03-17 15:25:00,45.99,45.99,45.94,45.94,4099
2026-03-17 15:30:00,45.955,45.955,45.955,45.955,1914
2026-03-17 15:35:00,45.955,45.97,45.948,45.948,11718
2026-03-17 15:40:00,45.95,45.95,45.93,45.94,1809
2026-03-17 15:45:00,45.94,45.9421,45.92,45.935,1501
2026-03-17 15:50:00,45.92,45.93,45.9,45.925,3013
2026-03-17 15:55:00,45.92,45.92,45.865,45.9,6528
2026-03-17 16:00:00,45.93,45.94,45.93,45.94,4789
2026-03-18 09:05:00,45.85,45.85,45.85,45.85,200
2026-03-18 09:30:00,45.75,45.75,45.59,45.6199,16141
2026-03-18 09:35:00,45.55,45.63,45.5089,45.63,1445
2026-03-18 09:40:00,45.58,45.58,45.44,45.44,1471
2026-03-18 09:45:00,45.495,45.5699,45.49,45.512,1953
2026-03-18 09:50:00,45.435,45.44,45.4029,45.44,3169
2026-03-18 09:55:00,45.42,45.42,45.4001,45.4001,1175
2026-03-18 10:00:00,45.49,45.49,45.455,45.465,2827
2026-03-18 10:05:00,45.49,45.5,45.4416,45.5,6448
2026-03-18 10:10:00,45.45,45.485,45.43,45.43,3470
2026-03-18 10:15:00,45.45,45.495,45.45,45.495,901
2026-03-18 10:20:00,45.51,45.51,45.483,45.483,830
2026-03-18 10:25:00,45.48,45.48,45.4275,45.43,1967
2026-03-18 10:30:00,45.4275,45.455,45.4275,45.455,844
2026-03-18 10:35:00,45.4114,45.45,45.4,45.42,3544
2026-03-18 10:40:00,45.43,45.455,45.42,45.455,849
2026-03-18 10:45:00,45.4715,45.4824,45.46,45.46,1348
2026-03-18 10:50:00,45.4,45.4,45.4,45.4,200
2026-03-18 10:55:00,45.44,45.48,45.4336,45.48,590
2026-03-18 11:00:00,45.47,45.47,45.47,45.47,204
2026-03-18 11:05:00,45.48,45.515,45.48,45.515,248
2026-03-18 11:10:00,45.5,45.5,45.44,45.475,972
2026-03-18 11:15:00,45.49,45.49,45.45,45.45,2101
2026-03-18 11:20:00,45.45,45.45,45.415,45.44,2133
2026-03-18 11:25:00,45.4749,45.48,45.45,45.4553,1856
2026-03-18 11:30:00,45.4633,45.495,45.445,45.495,2802
2026-03-18 11:35:00,45.4793,45.5,45.4734,45.5,556
2026-03-18 11:40:00,45.49,45.49,45.465,45.465,1564
2026-03-18 11:45:00,45.47,45.47,45.45,45.465,1560
2026-03-18 11:50:00,45.4444,45.48,45.42,45.42,3462
2026-03-18 11:55:00,45.45,45.4789,45.42,45.45,3371
2026-03-18 12:00:00,45.4398,45.45,45.42,45.45,1684
2026-03-18 12:05:00,45.4999,45.4999,45.465,45.465,1739
2026-03-18 12:10:00,45.455,45.47,45.45,45.47,1487
2026-03-18 12:15:00,45.48,45.5,45.46,45.5,1201
2026-03-18 12:20:00,45.51,45.52,45.51,45.52,1248
2026-03-18 12:25:00,45.54,45.54,45.5,45.52,3624
2026-03-18 12:30:00,45.53,45.53,45.52,45.52,2845
2026-03-18 12:35:00,45.49,45.5299,45.49,45.5299,293
2026-03-18 12:40:00,45.485,45.58,45.485,45.5305,1161
2026-03-18 12:45:00,45.515,45.53,45.47,45.53,1224
2026-03-18 12:50:00,45.5499,45.5499,45.54,45.54,380
2026-03-18 12:55:00,45.5269,45.5269,45.515,45.515,1370
2026-03-18 13:00:00,45.53,45.53,45.49,45.53,4265
2026-03-18 13:05:00,45.495,45.53,45.48,45.48,5936
2026-03-18 13:10:00,45.5,45.5,45.45,45.47,8714
2026-03-18 13:15:00,45.48,45.52,45.43,45.52,25161
2026-03-18 13:20:00,45.46,45.5,45.46,45.5,12762
2026-03-18 13:25:00,45.48,45.5,45.47,45.5,34515
2026-03-18 13:30:00,45.48,45.51,45.46,45.51,13984
2026-03-18 13:35:00,45.51,45.53,45.51,45.53,5311
2026-03-18 13:40:00,45.505,45.51,45.475,45.475,6974
2026-03-18 13:45:00,45.49,45.53,45.49,45.52,4915
2026-03-18 13:50:00,45.495,45.5111,45.49,45.5111,2794
2026-03-18 13:55:00,45.5101,45.53,45.5,45.525,10199
2026-03-18 14:00:00,45.52,45.55,45.51,45.51,6105
2026-03-18 14:05:00,45.5,45.52,45.4976,45.4976,5697
2026-03-18 14:10:00,45.485,45.52,45.485,45.4932,6450
2026-03-18 14:15:00,45.48,45.51,45.47,45.4899,15428
2026-03-18 14:20:00,45.46,45.49,45.46,45.475,6166
2026-03-18 14:25:00,45.4811,45.515,45.4701,45.495,18477
2026-03-18 14:30:00,45.52,45.52,45.435,45.435,18381
2026-03-18 14:35:00,45.435,45.49,45.41,45.4899,4431
2026-03-18 14:40:00,45.43,45.46,45.43,45.45,10495
2026-03-18 14:45:00,45.45,45.45,45.42,45.425,10896
2026-03-18 14:50:00,45.425,45.425,45.375,45.375,15522
2026-03-18 14:55:00,45.4096,45.41,45.37,45.37,3894
2026-03-18 15:00:00,45.38,45.4099,45.37,45.4099,8797
2026-03-18 15:05:00,45.395,45.44,45.395,45.41,9212
2026-03-18 15:10:00,45.42,45.42,45.3625,45.38,12569
2026-03-18 15:15:00,45.4,45.41,45.3535,45.38,10009
2026-03-18 15:20:00,45.35,45.35,45.31,45.31,18321
2026-03-18 15:25:00,45.31,45.33,45.2883,45.3299,9664
2026-03-18 15:30:00,45.3099,45.34,45.3,45.3,17301
2026-03-18 15:35:00,45.295,45.295,45.2742,45.2899,6814
2026-03-18 15:40:00,45.28,45.28,45.26,45.28,12886
2026-03-18 15:45:00,45.28,45.29,45.25,45.29,16781
2026-03-18 15:50:00,45.27,45.29,45.2442,45.27,12619
2026-03-18 15:55:00,45.275,45.28,45.245,45.2691,13668
2026-03-18 16:00:00,45.26,45.26,45.26,45.26,223
2026-03-19 09:30:00,45.26,45.294,45.185,45.236,8163
2026-03-19 09:35:00,45.2429,45.34,45.2429,45.27,1510
2026-03-19 09:40:00,45.2405,45.2405,45.2,45.2,207
2026-03-19 09:45:00,45.27,45.27,45.27,45.27,325
2026-03-19 09:50:00,45.2715,45.37,45.2715,45.37,1034
2026-03-19 10:00:00,45.42,45.445,45.42,45.445,810
2026-03-19 10:05:00,45.4799,45.4799,45.4799,45.4799,450
2026-03-19 10:10:00,45.48,45.5,45.38,45.38,1772
2026-03-19 10:15:00,45.4522,45.4522,45.4142,45.4142,707
2026-03-19 10:20:00,45.43,45.5,45.4101,45.48,5098
2026-03-19 10:25:00,45.4405,45.4699,45.39,45.4699,1394
2026-03-19 10:30:00,45.407,45.49,45.407,45.46,3582
2026-03-19 10:35:00,45.46,45.48,45.42,45.425,1048
2026-03-19 10:40:00,45.47,45.47,45.425,45.425,599
2026-03-19 10:45:00,45.48,45.5,45.4288,45.4694,1470
2026-03-19 10:50:00,45.3601,45.44,45.3601,45.44,427
2026-03-19 10:55:00,45.44,45.44,45.44,45.44,100
2026-03-19 11:00:00,45.435,45.435,45.42,45.42,458
2026-03-19 11:05:00,45.475,45.475,45.4685,45.4685,346
2026-03-19 11:15:00,45.475,45.5099,45.475,45.5099,850
2026-03-19 11:20:00,45.47,45.47,45.4201,45.4201,5858
2026-03-19 11:25:00,45.405,45.405,45.38,45.403,3879
2026-03-19 11:30:00,45.37,45.37,45.3496,45.3496,9864
2026-03-19 11:35:00,45.3394,45.35,45.31,45.325,13118
2026-03-19 11:40:00,45.35,45.38,45.33,45.36,3834
2026-03-19 11:45:00,45.3377,45.4286,45.33,45.38,2855
2026-03-19 11:50:00,45.41,45.42,45.39,45.4,2766
2026-03-19 11:55:00,45.42,45.4308,45.42,45.4308,350
2026-03-19 12:00:00,45.423,45.4558,45.423,45.435,1786
2026-03-19 12:05:00,45.4787,45.4899,45.42,45.4899,5748
2026-03-19 12:10:00,45.46,45.46,45.42,45.425,1838
2026-03-19 12:15:00,45.42,45.48,45.41,45.4414,15094
2026-03-19 12:20:00,45.4413,45.4413,45.43,45.43,815
2026-03-19 12:30:00,45.43,45.4561,45.43,45.4561,2410
2026-03-19 12:35:00,45.4172,45.4195,45.4172,45.4195,1271
2026-03-19 12:40:00,45.42,45.42,45.41,45.41,488
2026-03-19 12:45:00,45.37,45.37,45.355,45.355,667
2026-03-19 12:50:00,45.29,45.303,45.275,45.3,5195
2026-03-19 12:55:00,45.31,45.32,45.3,45.32,1207
2026-03-19 13:00:00,45.3375,45.3375,45.31,45.31,4650
2026-03-19 13:05:00,45.3,45.32,45.27,45.302,5879
2026-03-19 13:10:00,45.2201,45.29,45.2201,45.26,1918
2026-03-19 13:15:00,45.26,45.32,45.26,45.32,10055
2026-03-19 13:20:00,45.32,45.385,45.3111,45.38,9689
2026-03-19 13:25:00,45.38,45.3999,45.36,45.36,10590
2026-03-19 13:30:00,45.38,45.39,45.365,45.365,2163
2026-03-19 13:35:00,45.355,45.37,45.34,45.34,752
2026-03-19 13:40:00,45.3467,45.3467,45.3101,45.3101,774
2026-03-19 13:45:00,45.3485,45.36,45.34,45.34,720
2026-03-19 13:50:00,45.36,45.37,45.36,45.365,1122
2026-03-19 13:55:00,45.3685,45.38,45.34,45.35,2783
2026-03-19 14:00:00,45.346,45.35,45.3271,45.3271,1302
2026-03-19 14:05:00,45.345,45.345,45.345,45.345,1400
2026-03-19 14:10:00,45.36,45.38,45.36,45.38,7454
2026-03-19 14:15:00,45.38,45.4,45.37,45.37,1533
2026-03-19 14:20:00,45.38,45.39,45.38,45.38,4772
2026-03-19 14:25:00,45.38,45.3999,45.375,45.382,4511
2026-03-19 14:30:00,45.35,45.37,45.33,45.33,3030
2026-03-19 14:35:00,45.33,45.33,45.31,45.31,1987
2026-03-19 14:40:00,45.32,45.33,45.32,45.33,1453
2026-03-19 14:45:00,45.34,45.3799,45.34,45.36,1126
2026-03-19 14:50:00,45.358,45.3797,45.358,45.374,2835
2026-03-19 14:55:00,45.38,45.45,45.38,45.442,5784
2026-03-19 15:00:00,45.46,45.57,45.46,45.57,7693
2026-03-19 15:05:00,45.6,45.69,45.59,45.66,2527
2026-03-19 15:10:00,45.65,45.65,45.56,45.62,10835
2026-03-19 15:15:00,45.6185,45.65,45.59,45.61,4842
2026-03-19 15:20:00,45.61,45.61,45.56,45.56,1710
2026-03-19 15:25:00,45.5598,45.5598,45.51,45.54,6429
2026-03-19 15:30:00,45.53,45.565,45.5073,45.54,6902
2026-03-19 15:35:00,45.54,45.56,45.49,45.56,5767
2026-03-19 15:40:00,45.56,45.57,45.55,45.57,2208
2026-03-19 15:45:00,45.5401,45.55,45.536,45.54,1050
2026-03-19 15:50:00,45.55,45.55,45.485,45.52,8721
2026-03-19 15:55:00,45.525,45.55,45.47,45.47,30625
2026-03-19 16:00:00,45.53,45.53,45.53,45.53,35319
2026-03-20 08:15:00,45.5,45.5,45.5,45.5,100
2026-03-20 09:30:00,45.47,45.47,45.35,45.45,13980
2026-03-20 09:45:00,45.435,45.47,45.405,45.45,2122
2026-03-20 09:50:00,45.4,45.4,45.37,45.39,460
2026-03-20 09:55:00,45.4199,45.4199,45.34,45.34,2585
2026-03-20 10:00:00,45.275,45.29,45.26,45.26,2735
2026-03-20 10:05:00,45.255,45.255,45.19,45.19,2350
2026-03-20 10:10:00,45.1752,45.1752,45.05,45.05,7468
2026-03-20 10:15:00,45.06,45.06,45.05,45.05,4788
2026-03-20 10:20:00,45.035,45.035,44.97,44.985,7011
2026-03-20 10:25:00,44.985,45.06,44.9701,44.99,11109
2026-03-20 10:30:00,44.9962,45.11,44.9962,45.11,4822
2026-03-20 10:35:00,45.12,45.13,45.12,45.13,831
2026-03-20 10:40:00,45.075,45.12,45.075,45.115,3098
2026-03-20 10:45:00,45.125,45.125,45.1042,45.1135,2597
2026-03-20 10:50:00,45.17,45.17,45.0035,45.0035,268
2026-03-20 10:55:00,45.0448,45.12,45.0448,45.07,5371
2026-03-20 11:00:00,45.1,45.1586,45.09,45.09,1052
2026-03-20 11:05:00,45.072,45.072,45.06,45.065,1060
2026-03-20 11:10:00,45.0908,45.0908,45.0908,45.0908,222
2026-03-20 11:15:00,45.16,45.16,45.16,45.16,175
2026-03-20 11:20:00,45.0467,45.14,45.0467,45.13,1494
2026-03-20 11:25:00,45.09,45.12,44.99,45.055,5939
2026-03-20 11:30:00,45.1186,45.13,45.1186,45.13,542
2026-03-20 11:35:00,45.135,45.2077,45.135,45.135,1815
2026-03-20 11:40:00,45.04,45.11,45.04,45.11,222
2026-03-20 11:45:00,45.07,45.08,45.02,45.035,14451
2026-03-20 11:50:00,45.04,45.09,44.98,45.09,9438
2026-03-20 11:55:00,45.09,45.09,45.05,45.07,1300
2026-03-20 12:00:00,45.07,45.14,45.07,45.14,3681
2026-03-20 12:05:00,45.11,45.13,45.01,45.01,1176
2026-03-20 12:10:00,45.1,45.1,45.075,45.075,625
2026-03-20 12:15:00,45.0793,45.1199,45.0793,45.105,22579
2026-03-20 12:20:00,45.11,45.11,45.11,45.11,828
2026-03-20 12:25:00,45.07,45.09,45.07,45.07,725
2026-03-20 12:30:00,45.04,45.05,44.97,45.05,3400
2026-03-20 12:35:00,45.055,45.055,45.055,45.055,186
2026-03-20 12:40:00,45.025,45.025,45.025,45.025,120
2026-03-20 12:45:00,45.0799,45.0799,45.0101,45.04,2617
2026-03-20 12:50:00,45.02,45.02,45.02,45.02,600
2026-03-20 12:55:00,45.02,45.07,45.02,45.07,1177
2026-03-20 13:00:00,45.055,45.06,45.03,45.06,1801
2026-03-20 13:05:00,45.03,45.03,45.02,45.02,819
2026-03-20 13:10:00,45.07,45.07,45.035,45.035,730
2026-03-20 13:15:00,45.018,45.06,45.018,45.03,2065
2026-03-20 13:20:00,45.03,45.07,45.0002,45.07,9924
2026-03-20 13:25:00,45.06,45.06,45.0436,45.0436,477
2026-03-20 13:30:00,45.06,45.06,45.0,45.0,1476
2026-03-20 13:40:00,45.015,45.015,45.015,45.015,112
2026-03-20 13:45:00,45.015,45.02,44.9881,45.02,3375
2026-03-20 13:50:00,45.015,45.0396,44.97,45.0396,2072
2026-03-20 13:55:00,45.03,45.0799,45.0002,45.0699,1872
2026-03-20 14:00:00,45.05,45.05,44.9846,44.9846,1113
2026-03-20 14:05:00,44.9928,44.9928,44.99,44.99,443
2026-03-20 14:10:00,44.96,45.0099,44.96,44.9618,5490
2026-03-20 14:15:00,44.99,44.99,44.9728,44.98,1591
2026-03-20 14:20:00,45.0092,45.0092,44.85,44.85,1997
2026-03-20 14:25:00,44.915,44.94,44.915,44.94,807
2026-03-20 14:30:00,44.945,44.945,44.9006,44.91,10068
2026-03-20 14:35:00,44.92,44.92,44.86,44.92,6537
2026-03-20 14:40:00,44.9,44.905,44.9,44.905,700
2026-03-20 14:45:00,44.9119,44.9119,44.86,44.88,737
2026-03-20 14:50:00,44.88,44.88,44.88,44.88,5272
2026-03-20 14:55:00,44.88,44.88,44.835,44.85,4419
2026-03-20 15:00:00,44.91,44.91,44.86,44.87,904
2026-03-20 15:05:00,44.86,44.86,44.835,44.86,4411
2026-03-20 15:10:00,44.835,44.85,44.835,44.8483,3103
2026-03-20 15:15:00,44.81,44.845,44.81,44.8401,733
2026-03-20 15:20:00,44.835,44.85,44.81,44.815,4841
2026-03-20 15:25:00,44.81,44.81,44.75,44.79,2714
2026-03-20 15:30:00,44.79,44.795,44.765,44.765,4300
2026-03-20 15:35:00,44.77,44.77,44.67,44.735,3372
2026-03-20 15:40:00,44.741,44.8,44.741,44.8,1425
2026-03-20 15:45:00,44.7809,44.8019,44.77,44.785,4527
2026-03-20 15:50:00,44.7584,44.87,44.725,44.845,11034
2026-03-20 15:55:00,44.83,44.87,44.82,44.86,10264
2026-03-23 07:10:00,44.85,44.85,44.85,44.85,211
2026-03-23 07:20:00,44.85,44.85,44.85,44.85,180
2026-03-23 09:25:00,45.22,45.22,45.22,45.22,100
2026-03-23 09:30:00,44.86,44.87,44.71,44.8,7876
2026-03-23 09:35:00,44.8499,44.8499,44.83,44.83,677
2026-03-23 09:40:00,44.88,44.995,44.88,44.995,1059
2026-03-23 09:45:00,44.917,44.917,44.917,44.917,333
2026-03-23 09:50:00,44.99,45.0,44.96,45.0,1700
2026-03-23 09:55:00,44.91,44.91,44.91,44.91,222
2026-03-23 10:00:00,45.0599,45.08,45.0599,45.08,1087
2026-03-23 10:05:00,45.06,45.08,45.05,45.08,1153
2026-03-23 10:10:00,45.06,45.09,45.0301,45.05,2636
2026-03-23 10:15:00,45.055,45.0801,45.0303,45.0801,956
2026-03-23 10:20:00,45.17,45.3,45.17,45.293,585
2026-03-23 10:25:00,45.26,45.26,45.245,45.245,1132
2026-03-23 10:30:00,45.245,45.245,45.2315,45.2315,666
2026-03-23 10:35:00,45.24,45.24,45.2,45.2,1726
2026-03-23 10:40:00,45.215,45.215,45.215,45.215,119
2026-03-23 10:50:00,45.25,45.2886,45.225,45.265,797
2026-03-23 10:55:00,45.2235,45.29,45.2235,45.29,2274
2026-03-23 11:00:00,45.255,45.26,45.255,45.26,609
2026-03-23 11:05:00,45.34,45.34,45.28,45.29,1547
2026-03-23 11:10:00,45.2885,45.3,45.24,45.24,1779
2026-03-23 11:15:00,45.22,45.225,45.1601,45.1601,5620
2026-03-23 11:20:00,45.19,45.2492,45.19,45.2492,754
2026-03-23 11:25:00,45.215,45.215,45.09,45.145,2021
2026-03-23 11:30:00,45.1628,45.1628,45.16,45.16,509
2026-03-23 11:35:00,45.14,45.14,45.0817,45.09,1414
2026-03-23 11:40:00,45.09,45.1,45.0308,45.1,5062
2026-03-23 11:45:00,45.09,45.12,45.07,45.12,16462
2026-03-23 11:50:00,45.11,45.12,45.03,45.0362,6847
2026-03-23 11:55:00,45.03,45.03,44.9,44.9,11247
2026-03-23 12:00:00,44.89,44.95,44.89,44.94,628
2026-03-23 12:05:00,44.935,44.935,44.926,44.93,627
2026-03-23 12:10:00,44.94,44.97,44.94,44.95,1141
2026-03-23 12:15:00,44.945,44.945,44.89,44.89,5015
2026-03-23 12:20:00,44.91,44.91,44.884,44.89,2908
2026-03-23 12:25:00,44.86,44.88,44.86,44.88,1604
2026-03-23 12:30:00,44.83,44.91,44.83,44.855,1162
2026-03-23 12:35:00,44.9,44.92,44.87,44.89,4973
2026-03-23 12:40:00,44.93,44.9799,44.8787,44.9799,1388
2026-03-23 12:45:00,44.9405,44.9405,44.935,44.935,281
2026-03-23 12:50:00,44.955,44.955,44.945,44.945,238
2026-03-23 12:55:00,44.913,44.9288,44.8707,44.925,4283
2026-03-23 13:00:00,44.96,44.96,44.93,44.9551,1200
2026-03-23 13:05:00,44.99,44.99,44.99,44.99,569
2026-03-23 13:10:00,45.015,45.015,44.986,44.9885,579
2026-03-23 13:15:00,44.985,45.0,44.97,44.97,3585
2026-03-23 13:20:00,44.97,44.985,44.96,44.985,1181
2026-03-23 13:25:00,45.015,45.015,45.015,45.015,200
2026-03-23 13:30:00,45.125,45.125,45.125,45.125,100
2026-03-23 13:40:00,45.1501,45.165,45.1,45.1371,4695
2026-03-23 13:45:00,45.1043,45.1043,45.0501,45.0501,2159
2026-03-23 13:50:00,45.1399,45.1399,45.09,45.11,8433
2026-03-23 13:55:00,45.097,45.14,45.097,45.14,686
2026-03-23 14:00:00,45.12,45.145,45.095,45.135,5816
2026-03-23 14:05:00,45.11,45.11,45.05,45.11,5620
2026-03-23 14:10:00,45.11,45.1295,45.11,45.125,835
2026-03-23 14:15:00,45.12,45.1392,45.0995,45.1392,1483
2026-03-23 14:20:00,45.105,45.105,45.105,45.105,860
2026-03-23 14:25:00,45.14,45.1588,45.1001,45.1588,6115
2026-03-23 14:30:00,45.13,45.205,45.13,45.205,770
2026-03-23 14:35:00,45.265,45.265,45.26,45.26,870
2026-03-23 14:40:00,45.254,45.254,45.2105,45.235,3030
2026-03-23 14:45:00,45.2599,45.276,45.25,45.276,2989
2026-03-23 14:50:00,45.255,45.255,45.236,45.236,1020
2026-03-23 14:55:00,45.23,45.23,45.2132,45.2132,272
2026-03-23 15:10:00,45.19,45.194,45.19,45.194,325
2026-03-23 15:15:00,45.1751,45.1755,45.1555,45.16,3808
2026-03-23 15:20:00,45.1593,45.1617,45.13,45.135,4628
2026-03-23 15:25:00,45.135,45.135,45.0501,45.065,2833
2026-03-23 15:30:00,45.085,45.085,45.085,45.085,155
2026-03-23 15:35:00,45.13,45.13,45.05,45.115,5180
2026-03-23 15:40:00,45.135,45.1411,45.11,45.11,3752
2026-03-23 15:45:00,45.1785,45.1785,45.145,45.145,3706
2026-03-23 15:50:00,45.165,45.165,45.1001,45.1001,1791
2026-03-23 15:55:00,45.13,45.13,45.04,45.11,6923
2026-03-23 16:00:00,45.08,45.08,45.08,45.08,874
2026-03-24 09:30:00,44.91,44.945,44.8601,44.945,6937
2026-03-24 09:35:00,45.1798,45.1798,45.11,45.11,744
2026-03-24 09:40:00,45.1169,45.17,45.1169,45.17,664
2026-03-24 09:45:00,45.0995,45.12,45.0995,45.11,2414
2026-03-24 09:50:00,45.19,45.19,45.13,45.13,6829
2026-03-24 09:55:00,45.15,45.2021,45.15,45.2021,946
2026-03-24 10:00:00,45.29,45.29,45.29,45.29,588
2026-03-24 10:05:00,45.34,45.37,45.34,45.37,1153
2026-03-24 10:10:00,45.37,45.43,45.34,45.34,1581
2026-03-24 10:15:00,45.41,45.41,45.33,45.3799,2938
2026-03-24 10:20:00,45.35,45.35,45.33,45.3432,998
2026-03-24 10:25:00,45.325,45.39,45.325,45.39,876
2026-03-24 10:30:00,45.39,45.44,45.35,45.44,1748
2026-03-24 10:35:00,45.43,45.43,45.4099,45.4099,1501
2026-03-24 10:40:00,45.4287,45.44,45.3701,45.3701,3315
2026-03-24 10:45:00,45.35,45.39,45.35,45.3567,660
2026-03-24 10:50:00,45.33,45.4788,45.33,45.4788,583
2026-03-24 10:55:00,45.4899,45.4899,45.3,45.3,1024
2026-03-24 11:00:00,45.48,45.48,45.4238,45.4238,6081
2026-03-24 11:10:00,45.385,45.4,45.385,45.4,1025
2026-03-24 11:15:00,45.41,45.4699,45.4,45.4699,1908
2026-03-24 11:20:00,45.42,45.46,45.4185,45.4208,1069
2026-03-24 11:25:00,45.48,45.5288,45.44,45.485,2897
2026-03-24 11:30:00,45.53,45.53,45.49,45.495,1920
2026-03-24 11:35:00,45.505,45.5136,45.505,45.5136,453
2026-03-24 11:40:00,45.5136,45.5136,45.4801,45.4801,1952
2026-03-24 11:45:00,45.5191,45.5296,45.5191,45.5296,273
2026-03-24 11:50:00,45.52,45.525,45.5182,45.5182,3328
2026-03-24 11:55:00,45.49,45.49,45.42,45.45,2749
2026-03-24 12:00:00,45.43,45.43,45.43,45.43,300
2026-03-24 12:05:00,45.46,45.47,45.43,45.46,2724
2026-03-24 12:10:00,45.46,45.465,45.46,45.465,1451
2026-03-24 12:15:00,45.47,45.47,45.4408,45.4408,726
2026-03-24 12:20:00,45.52,45.52,45.5,45.52,659
2026-03-24 12:25:00,45.49,45.505,45.48,45.505,1752
2026-03-24 12:30:00,45.5348,45.5399,45.4746,45.5399,3486
2026-03-24 12:35:00,45.47,45.48,45.4001,45.44,2443
2026-03-24 12:40:00,45.44,45.475,45.43,45.475,3656
2026-03-24 12:45:00,45.465,45.4799,45.465,45.4799,1226
2026-03-24 12:50:00,45.46,45.48,45.45,45.48,2946
2026-03-24 12:55:00,45.44,45.4537,45.425,45.44,765
2026-03-24 13:00:00,45.43,45.43,45.43,45.43,100
2026-03-24 13:05:00,45.3,45.33,45.2954,45.2954,872
2026-03-24 13:10:00,45.265,45.315,45.261,45.28,793
2026-03-24 13:15:00,45.295,45.295,45.295,45.295,750
2026-03-24 13:20:00,45.2983,45.33,45.2983,45.33,1255
2026-03-24 13:25:00,45.3632,45.3632,45.3,45.3,3914
2026-03-24 13:30:00,45.3699,45.3699,45.3,45.3,2664
2026-03-24 13:35:00,45.31,45.315,45.31,45.315,404
2026-03-24 13:40:00,45.3285,45.3285,45.25,45.25,2850
2026-03-24 13:45:00,45.265,45.295,45.26,45.295,1438
2026-03-24 13:50:00,45.275,45.3,45.27,45.3,6662
2026-03-24 13:55:00,45.27,45.3438,45.27,45.3438,830
2026-03-24 14:00:00,45.36,45.36,45.3057,45.3599,4353
2026-03-24 14:05:00,45.3328,45.3328,45.3018,45.3018,750
2026-03-24 14:10:00,45.3,45.3296,45.3,45.3296,862
2026-03-24 14:15:00,45.29,45.31,45.27,45.31,2369
2026-03-24 14:20:00,45.35,45.3693,45.315,45.315,4021
2026-03-24 14:25:00,45.3,45.3462,45.3,45.3292,964
2026-03-24 14:30:00,45.352,45.4399,45.352,45.3793,499
2026-03-24 14:35:00,45.3983,45.3983,45.3983,45.3983,112
2026-03-24 14:40:00,45.4008,45.4008,45.4008,45.4008,1478
2026-03-24 14:45:00,45.39,45.395,45.37,45.37,1311
2026-03-24 14:50:00,45.39,45.39,45.3668,45.3668,339
2026-03-24 14:55:00,45.36,45.375,45.35,45.355,2517
2026-03-24 15:00:00,45.3603,45.4,45.3603,45.385,985
2026-03-24 15:05:00,45.385,45.385,45.385,45.385,737
2026-03-24 15:10:00,45.405,45.405,45.395,45.4,1347
2026-03-24 15:15:00,45.36,45.3951,45.36,45.38,8805
2026-03-24 15:20:00,45.385,45.3874,45.37,45.3874,2431
2026-03-24 15:25:00,45.37,45.37,45.32,45.33,3536
2026-03-24 15:30:00,45.3326,45.3326,45.31,45.32,9104
2026-03-24 15:35:00,45.325,45.325,45.31,45.32,3257
2026-03-24 15:40:00,45.33,45.335,45.3001,45.3329,3655
2026-03-24 15:45:00,45.32,45.36,45.32,45.3271,1731
2026-03-24 15:50:00,45.335,45.335,45.3,45.31,2321
2026-03-24 15:55:00,45.3,45.34,45.3,45.32,2808
2026-03-24 16:00:00,45.3,45.3,45.3,45.3,211
2026-03-25 09:30:00,45.5,45.6299,45.49,45.6299,33471
2026-03-25 09:35:00,45.55,45.58,45.55,45.58,927
2026-03-25 09:40:00,45.585,45.585,45.55,45.55,549
2026-03-25 09:45:00,45.58,45.58,45.5,45.505,886
2026-03-25 09:50:00,45.485,45.52,45.475,45.52,2187
2026-03-25 09:55:00,45.545,45.545,45.545,45.545,500
2026-03-25 10:00:00,45.54,45.54,45.54,45.54,100
2026-03-25 10:05:00,45.5599,45.5599,45.5599,45.5599,206
2026-03-25 10:10:00,45.52,45.64,45.52,45.615,1614
2026-03-25 10:15:00,45.64,45.64,45.6,45.6,1262
2026-03-25 10:20:00,45.61,45.61,45.58,45.58,450
2026-03-25 10:25:00,45.58,45.58,45.58,45.58,300
2026-03-25 10:30:00,45.6009,45.6009,45.6,45.6,547
2026-03-25 10:35:00,45.6116,45.6116,45.6023,45.6087,642
2026-03-25 10:40:00,45.595,45.62,45.59,45.59,942
2026-03-25 10:45:00,45.61,45.6899,45.61,45.6899,268
2026-03-25 10:50:00,45.6899,45.6899,45.6345,45.6345,1192
2026-03-25 10:55:00,45.64,45.64,45.58,45.6344,16836
2026-03-25 11:00:00,45.63,45.63,45.63,45.63,125
2026-03-25 11:05:00,45.64,45.64,45.58,45.58,1050
2026-03-25 11:15:00,45.6051,45.6051,45.49,45.58,6753
2026-03-25 11:20:00,45.63,45.63,45.58,45.62,2639
2026-03-25 11:25:00,45.635,45.635,45.635,45.635,133
2026-03-25 11:30:00,45.625,45.6755,45.625,45.6648,504
2026-03-25 11:35:00,45.655,45.6599,45.615,45.6287,4779
2026-03-25 11:40:00,45.58,45.6687,45.58,45.6109,1854
2026-03-25 11:45:00,45.64,45.66,45.612,45.66,1145
2026-03-25 11:50:00,45.605,45.61,45.53,45.53,3061
2026-03-25 11:55:00,45.59,45.68,45.59,45.68,834
2026-03-25 12:00:00,45.6176,45.6689,45.6176,45.6689,535
2026-03-25 12:05:00,45.6488,45.6488,45.5981,45.639,726
2026-03-25 12:10:00,45.6007,45.6087,45.585,45.585,760
2026-03-25 12:15:00,45.6099,45.6099,45.5609,45.5609,643
2026-03-25 12:20:00,45.555,45.6,45.5516,45.6,7597
2026-03-25 12:25:00,45.615,45.6354,45.615,45.6354,236
2026-03-25 12:30:00,45.66,45.704,45.66,45.704,1993
2026-03-25 12:35:00,45.68,45.68,45.67,45.67,381
2026-03-25 12:40:00,45.685,45.69,45.68,45.68,1056
2026-03-25 12:45:00,45.685,45.685,45.6574,45.6574,338
2026-03-25 12:50:00,45.6824,45.6824,45.65,45.65,210
2026-03-25 12:55:00,45.69,45.69,45.69,45.69,147
2026-03-25 13:00:00,45.7194,45.7194,45.69,45.69,2631
2026-03-25 13:05:00,45.685,45.685,45.685,45.685,111
2026-03-25 13:10:00,45.69,45.69,45.68,45.68,269
2026-03-25 13:15:00,45.68,45.68,45.6787,45.6787,379
2026-03-25 13:20:00,45.6584,45.68,45.6584,45.68,221
2026-03-25 13:25:00,45.7079,45.75,45.7051,45.715,2040
2026-03-25 13:30:00,45.71,45.7398,45.71,45.7167,823
2026-03-25 13:35:00,45.7692,45.7692,45.7692,45.7692,297
2026-03-25 13:40:00,45.74,45.74,45.725,45.725,1106
2026-03-25 13:50:00,45.715,45.72,45.715,45.72,4949
2026-03-25 13:55:00,45.72,45.7299,45.7,45.7299,915
2026-03-25 14:00:00,45.7299,45.7299,45.6954,45.705,4225
2026-03-25 14:05:00,45.72,45.72,45.715,45.7193,828
2026-03-25 14:10:00,45.7052,45.7052,45.7,45.7,531
2026-03-25 14:15:00,45.7,45.715,45.7,45.7,521
2026-03-25 14:20:00,45.702,45.72,45.702,45.72,720
2026-03-25 14:25:00,45.693,45.693,45.68,45.68,597
2026-03-25 14:35:00,45.69,45.7,45.69,45.6937,2894
2026-03-25 14:40:00,45.69,45.7299,45.68,45.68,4791
2026-03-25 14:45:00,45.68,45.6894,45.67,45.67,3063
2026-03-25 14:50:00,45.675,45.675,45.65,45.66,1460
2026-03-25 14:55:00,45.64,45.64,45.6,45.635,3824
2026-03-25 15:05:00,45.6201,45.6492,45.6201,45.6492,1315
2026-03-25 15:10:00,45.6457,45.66,45.61,45.66,3896
2026-03-25 15:20:00,45.6838,45.6838,45.6838,45.6838,102
2026-03-25 15:25:00,45.68,45.68,45.67,45.67,53785
2026-03-25 15:30:00,45.66,45.66,45.6,45.6001,2721
2026-03-25 15:35:00,45.605,45.605,45.5801,45.5801,1092
2026-03-25 15:40:00,45.63,45.64,45.63,45.64,1706
2026-03-25 15:45:00,45.63,45.63,45.625,45.63,2282
2026-03-25 15:50:00,45.6,45.64,45.6,45.64,767
2026-03-25 15:55:00,45.63,45.66,45.6,45.64,5575
2026-03-25 16:00:00,45.7,45.7,45.7,45.7,1088
2026-03-26 09:30:00,45.53,45.56,45.4714,45.4714,12320
2026-03-26 09:35:00,45.5299,45.5299,45.5299,45.5299,470
2026-03-26 09:40:00,45.515,45.525,45.515,45.525,721
2026-03-26 09:50:00,45.52,45.61,45.52,45.53,15431
2026-03-26 09:55:00,45.55,45.61,45.55,45.59,753
2026-03-26 10:00:00,45.595,45.595,45.595,45.595,209
2026-03-26 10:05:00,45.5001,45.5972,45.5001,45.5972,477
2026-03-26 10:10:00,45.605,45.6683,45.605,45.6683,396
2026-03-26 10:15:00,45.66,45.66,45.6591,45.6591,452
2026-03-26 10:20:00,45.6585,45.717,45.6585,45.6768,3104
2026-03-26 10:25:00,45.7389,45.7389,45.675,45.675,460
2026-03-26 10:30:00,45.59,45.7386,45.59,45.715,3029
2026-03-26 10:35:00,45.71,45.7593,45.695,45.695,1230
2026-03-26 10:40:00,45.715,45.715,45.675,45.675,517
2026-03-26 10:45:00,45.67,45.6717,45.67,45.6717,763
2026-03-26 10:50:00,45.69,45.6915,45.64,45.64,2415
2026-03-26 10:55:00,45.62,45.655,45.54,45.64,91216
2026-03-26 11:00:00,45.65,45.655,45.64,45.64,2597
2026-03-26 11:05:00,45.67,45.6989,45.65,45.6615,3016
2026-03-26 11:10:00,45.68,45.685,45.68,45.685,988
2026-03-26 11:15:00,45.685,45.685,45.63,45.63,903
2026-03-26 11:20:00,45.66,45.66,45.66,45.66,613
2026-03-26 11:25:00,45.665,45.665,45.655,45.66,4140
2026-03-26 11:30:00,45.6696,45.6696,45.63,45.63,1170
2026-03-26 11:35:00,45.675,45.675,45.64,45.64,3333
2026-03-26 11:40:00,45.64,45.665,45.61,45.61,1835
2026-03-26 11:45:00,45.61,45.64,45.61,45.64,3069
2026-03-26 11:50:00,45.645,45.6821,45.645,45.6821,4316
2026-03-26 11:55:00,45.655,45.665,45.57,45.665,5474
2026-03-26 12:00:00,45.685,45.685,45.685,45.685,130
2026-03-26 12:05:00,45.69,45.69,45.69,45.69,100
2026-03-26 12:10:00,45.702,45.702,45.65,45.65,300
2026-03-26 12:15:00,45.625,45.63,45.625,45.63,1300
2026-03-26 12:20:00,45.6609,45.6609,45.62,45.62,545
2026-03-26 12:25:00,45.635,45.635,45.5734,45.5734,1259
2026-03-26 12:30:00,45.6265,45.6265,45.6265,45.6265,450
2026-03-26 12:35:00,45.655,45.7085,45.655,45.7085,2405
2026-03-26 12:40:00,45.6201,45.625,45.6201,45.6227,1600
2026-03-26 12:45:00,45.625,45.641,45.625,45.625,3278
2026-03-26 12:50:00,45.63,45.63,45.63,45.63,120
2026-03-26 12:55:00,45.63,45.6982,45.63,45.64,3999
2026-03-26 13:00:00,45.645,45.645,45.645,45.645,117
2026-03-26 13:05:00,45.65,45.72,45.65,45.7199,1795
2026-03-26 13:10:00,45.65,45.685,45.65,45.65,4580
2026-03-26 13:15:00,45.685,45.685,45.6096,45.64,11095
2026-03-26 13:25:00,45.61,45.6232,45.58,45.62,33507
2026-03-26 13:30:00,45.605,45.605,45.605,45.605,225
2026-03-26 13:35:00,45.605,45.68,45.6,45.6,1900
2026-03-26 13:40:00,45.59,45.59,45.5502,45.5502,815
2026-03-26 13:45:00,45.59,45.59,45.545,45.545,2500
2026-03-26 13:50:00,45.61,45.61,45.55,45.5604,460
2026-03-26 13:55:00,45.555,45.555,45.53,45.54,3544
2026-03-26 14:00:00,45.54,45.55,45.53,45.544,1501
2026-03-26 14:05:00,45.555,45.6088,45.545,45.6088,1529
2026-03-26 14:10:00,45.55,45.55,45.5,45.5,1197
2026-03-26 14:15:00,45.545,45.55,45.54,45.54,997
2026-03-26 14:20:00,45.54,45.555,45.54,45.555,250
2026-03-26 14:25:00,45.55,45.6,45.55,45.6,795
2026-03-26 14:30:00,45.571,45.571,45.5689,45.5689,1783
2026-03-26 14:35:00,45.64,45.64,45.64,45.64,547
2026-03-26 14:40:00,45.57,45.57,45.5122,45.5122,1439
2026-03-26 14:45:00,45.56,45.61,45.56,45.61,1433
2026-03-26 14:50:00,45.51,45.56,45.51,45.52,2340
2026-03-26 14:55:00,45.56,45.58,45.56,45.57,199200
2026-03-26 15:00:00,45.6,45.63,45.5548,45.5548,3126
2026-03-26 15:05:00,45.56,45.579,45.47,45.47,18034
2026-03-26 15:10:00,45.5104,45.5104,45.44,45.49,25520
2026-03-26 15:15:00,45.49,45.532,45.4343,45.505,8003
2026-03-26 15:20:00,45.51,45.51,45.464,45.464,1503
2026-03-26 15:25:00,45.455,45.455,45.435,45.44,730
2026-03-26 15:30:00,45.46,45.46,45.425,45.43,1409
2026-03-26 15:35:00,45.42,45.47,45.42,45.47,5080
2026-03-26 15:40:00,45.4376,45.46,45.4295,45.43,5612
2026-03-26 15:45:00,45.43,45.433,45.41,45.433,4845
2026-03-26 15:50:00,45.41,45.4495,45.34,45.395,10370
2026-03-26 15:55:00,45.36,45.42,45.36,45.37,17817
2026-03-26 16:00:00,45.42,45.42,45.42,45.42,737
2026-03-27 09:10:00,45.4,45.4,45.4,45.4,125
2026-03-27 09:30:00,45.45,45.49,45.385,45.49,6658
2026-03-27 09:35:00,45.49,45.5374,45.46,45.4716,1811
2026-03-27 09:40:00,45.52,45.6599,45.4936,45.6599,916
2026-03-27 09:45:00,45.605,45.686,45.605,45.686,1600
2026-03-27 09:50:00,45.665,45.6656,45.665,45.6656,1725
2026-03-27 09:55:00,45.615,45.615,45.581,45.581,1376
2026-03-27 10:00:00,45.635,45.71,45.635,45.71,5195
2026-03-27 10:05:00,45.65,45.675,45.65,45.665,1639
2026-03-27 10:10:00,45.6555,45.6555,45.6,45.633,880
2026-03-27 10:15:00,45.652,45.66,45.652,45.66,940
2026-03-27 10:20:00,45.675,45.72,45.645,45.645,1576
2026-03-27 10:25:00,45.645,45.6499,45.645,45.6499,1501
2026-03-27 10:30:00,45.585,45.6399,45.585,45.625,8620
2026-03-27 10:35:00,45.64,45.6423,45.57,45.6423,2882
2026-03-27 10:40:00,45.6054,45.6054,45.6054,45.6054,220
2026-03-27 10:45:00,45.59,45.6,45.54,45.6,824
2026-03-27 10:50:00,45.63,45.63,45.61,45.617,1956
2026-03-27 10:55:00,45.65,45.65,45.65,45.65,403
2026-03-27 11:00:00,45.635,45.635,45.635,45.635,260
2026-03-27 11:05:00,45.7,45.71,45.64,45.64,3470
2026-03-27 11:10:00,45.655,45.6899,45.62,45.655,2350
2026-03-27 11:15:00,45.67,45.6899,45.6438,45.6438,2576
2026-03-27 11:20:00,45.71,45.71,45.705,45.705,638
2026-03-27 11:25:00,45.696,45.696,45.696,45.696,131
2026-03-27 11:30:00,45.706,45.7923,45.706,45.7923,2677
2026-03-27 11:35:00,45.75,45.75,45.73,45.73,981
2026-03-27 11:40:00,45.72,45.72,45.71,45.71,2120
2026-03-27 11:45:00,45.7499,45.7499,45.685,45.685,3262
2026-03-27 11:50:00,45.705,45.73,45.68,45.73,2777
2026-03-27 11:55:00,45.685,45.685,45.64,45.645,2424
2026-03-27 12:00:00,45.65,45.65,45.6,45.64,1044
2026-03-27 12:05:00,45.687,45.687,45.63,45.666,638
2026-03-27 12:15:00,45.6305,45.6305,45.5701,45.63,12551
2026-03-27 12:20:00,45.63,45.689,45.63,45.689,288367
2026-03-27 12:25:00,45.6885,45.6885,45.635,45.635,1450
2026-03-27 12:30:00,45.64,45.6599,45.63,45.6599,9097
2026-03-27 12:35:00,45.625,45.6597,45.625,45.6597,639
2026-03-27 12:40:00,45.615,45.6997,45.615,45.6891,19816
2026-03-27 12:45:00,45.62,45.71,45.62,45.71,1963
2026-03-27 12:50:00,45.69,45.69,45.665,45.665,875
2026-03-27 12:55:00,45.6595,45.6595,45.6475,45.6475,838
2026-03-27 13:00:00,45.65,45.65,45.64,45.64,5534
2026-03-27 13:05:00,45.655,45.68,45.62,45.64,5077
2026-03-27 13:10:00,45.635,45.635,45.61,45.61,2795
2026-03-27 13:15:00,45.6,45.6,45.6,45.6,1300
2026-03-27 13:20:00,45.575,45.5919,45.575,45.585,26974
2026-03-27 13:25:00,45.56,45.56,45.56,45.56,1720
2026-03-27 13:30:00,45.56,45.56,45.56,45.56,1000
2026-03-27 13:35:00,45.565,45.59,45.565,45.589,5008
2026-03-27 13:40:00,45.565,45.565,45.565,45.565,346
2026-03-27 13:45:00,45.5775,45.5775,45.5775,45.5775,200
2026-03-27 13:50:00,45.575,45.599,45.575,45.575,2151
2026-03-27 13:55:00,45.55,45.55,45.55,45.55,380
2026-03-27 14:00:00,45.5346,45.5688,45.5346,45.5688,1974
2026-03-27 14:05:00,45.535,45.535,45.52,45.52,2142
2026-03-27 14:10:00,45.52,45.52,45.4895,45.4895,4276
2026-03-27 14:15:00,45.5059,45.5173,45.495,45.5,3064
2026-03-27 14:20:00,45.51,45.515,45.51,45.515,1098
2026-03-27 14:25:00,45.5799,45.5799,45.5799,45.5799,272
2026-03-27 14:30:00,45.515,45.515,45.515,45.515,2100
2026-03-27 14:35:00,45.515,45.515,45.515,45.515,1472
2026-03-27 14:40:00,45.515,45.586,45.5001,45.586,1308
2026-03-27 14:45:00,45.55,45.61,45.49,45.5501,1391
2026-03-27 14:50:00,45.6097,45.6097,45.556,45.556,311
2026-03-27 14:55:00,45.55,45.57,45.55,45.57,1431
2026-03-27 15:00:00,45.53,45.53,45.53,45.53,1774
2026-03-27 15:05:00,45.525,45.525,45.48,45.48,1053
2026-03-27 15:10:00,45.51,45.5397,45.46,45.49,20955
2026-03-27 15:15:00,45.4951,45.4951,45.488,45.488,324
2026-03-27 15:20:00,45.505,45.5199,45.4601,45.49,3362
2026-03-27 15:25:00,45.46,45.5099,45.4316,45.475,2342
2026-03-27 15:30:00,45.4715,45.49,45.4715,45.49,706
2026-03-27 15:35:00,45.506,45.51,45.46,45.4965,5757
2026-03-27 15:40:00,45.495,45.495,45.46,45.46,1670
2026-03-27 15:45:00,45.5,45.5,45.5,45.5,1000
2026-03-27 15:50:00,45.485,45.5,45.4492,45.465,5899
2026-03-27 15:55:00,45.47,45.54,45.47,45.51,5294
2026-03-27 16:00:00,45.53,45.55,45.53,45.55,1046
2026-03-30 09:30:00,45.92,45.955,45.77,45.935,10795
2026-03-30 09:35:00,45.9547,45.9547,45.9547,45.9547,124
2026-03-30 09:40:00,45.98,45.98,45.98,45.98,2757
2026-03-30 09:45:00,45.95,45.98,45.95,45.98,271
2026-03-30 09:50:00,45.97,45.97,45.925,45.9298,915
2026-03-30 09:55:00,45.91,45.94,45.91,45.94,526
2026-03-30 10:00:00,45.96,45.98,45.96,45.98,445
2026-03-30 10:05:00,46.005,46.02,45.98,45.98,1986
2026-03-30 10:10:00,45.99,45.99,45.96,45.96,1100
2026-03-30 10:15:00,45.96,45.96,45.92,45.92,1070
2026-03-30 10:20:00,45.92,45.92,45.8978,45.905,4293
2026-03-30 10:25:00,45.95,45.9587,45.93,45.93,4624
2026-03-30 10:30:00,45.97,45.98,45.97,45.98,1925
2026-03-30 10:35:00,45.9988,46.02,45.9988,46.02,1639
2026-03-30 10:40:00,46.02,46.0386,45.9701,45.985,10633
2026-03-30 10:45:00,45.965,46.04,45.965,46.035,3520
2026-03-30 10:50:00,45.995,46.0499,45.995,46.0499,1207
2026-03-30 10:55:00,46.05,46.06,46.05,46.06,1547
2026-03-30 11:00:00,46.1,46.11,46.09,46.1,9755
2026-03-30 11:05:00,46.08,46.09,46.03,46.05,22526
2026-03-30 11:10:00,46.06,46.0885,46.06,46.07,4434
2026-03-30 11:15:00,46.05,46.05,46.0,46.05,1012
2026-03-30 11:20:00,46.05,46.08,46.04,46.04,6078
2026-03-30 11:25:00,46.07,46.08,46.04,46.04,1566
2026-03-30 11:30:00,46.04,46.08,46.04,46.08,6960
2026-03-30 11:35:00,46.12,46.13,46.12,46.13,1933
2026-03-30 11:40:00,46.125,46.16,46.125,46.1599,3555
2026-03-30 11:45:00,46.1496,46.1496,46.13,46.13,1250
2026-03-30 11:50:00,46.12,46.18,46.12,46.15,2818
2026-03-30 11:55:00,46.14,46.14,46.13,46.13,200
2026-03-30 12:00:00,46.13,46.13,46.0827,46.0827,887
2026-03-30 12:05:00,46.061,46.11,46.0604,46.11,15405
2026-03-30 12:10:00,46.1,46.1099,46.075,46.075,2601
2026-03-30 12:15:00,46.09,46.09,46.075,46.075,832
2026-03-30 12:20:00,46.0899,46.0899,46.05,46.05,1818
2026-03-30 12:25:00,46.015,46.015,46.0,46.0,3850
2026-03-30 12:30:00,46.015,46.04,46.015,46.035,5592
2026-03-30 12:40:00,46.0311,46.0311,46.0282,46.03,1012
2026-03-30 12:45:00,46.03,46.0309,46.02,46.02,438
2026-03-30 12:50:00,46.03,46.0386,46.015,46.0386,660
2026-03-30 12:55:00,46.015,46.0164,46.015,46.0164,3270
2026-03-30 13:00:00,46.025,46.04,46.02,46.03,2293
2026-03-30 13:05:00,46.02,46.05,46.02,46.05,2830
2026-03-30 13:10:00,46.055,46.055,46.02,46.03,3176
2026-03-30 13:15:00,45.985,45.985,45.96,45.96,603
2026-03-30 13:20:00,45.95,45.95,45.925,45.925,461
2026-03-30 13:25:00,45.95,45.95,45.9287,45.9363,2751
2026-03-30 13:30:00,45.92,45.94,45.92,45.9399,756
2026-03-30 13:35:00,45.92,45.96,45.9,45.96,1443
2026-03-30 13:40:00,45.9592,45.97,45.9592,45.97,1371
2026-03-30 13:45:00,45.985,45.985,45.94,45.94,1025
2026-03-30 13:50:00,45.94,45.94,45.94,45.94,140
2026-03-30 13:55:00,45.9509,45.9509,45.9374,45.9374,1748
2026-03-30 14:00:00,45.95,45.96,45.935,45.955,1602
2026-03-30 14:05:00,45.95,45.95,45.94,45.945,1534
2026-03-30 14:10:00,45.93,45.975,45.93,45.975,4233
2026-03-30 14:15:00,45.975,45.975,45.965,45.965,6506
2026-03-30 14:20:00,45.955,45.955,45.95,45.95,1018
2026-03-30 14:25:00,45.96,45.96,45.92,45.92,5683
2026-03-30 14:30:00,45.93,45.95,45.92,45.95,1168
2026-03-30 14:35:00,45.94,45.95,45.9332,45.935,1536
2026-03-30 14:40:00,45.94,45.94,45.91,45.92,479
2026-03-30 14:45:00,45.92,45.92,45.9001,45.9001,378
2026-03-30 14:50:00,45.912,45.9164,45.8914,45.8964,6173
2026-03-30 14:55:00,45.86,45.86,45.84,45.855,705
2026-03-30 15:00:00,45.855,45.855,45.8301,45.84,1354
2026-03-30 15:05:00,45.83,45.83,45.78,45.78,3721
2026-03-30 15:10:00,45.78,45.78,45.7609,45.7609,3868
2026-03-30 15:15:00,45.77,45.79,45.77,45.775,2388
2026-03-30 15:20:00,45.775,45.775,45.73,45.73,4861
2026-03-30 15:25:00,45.73,45.73,45.73,45.73,300
2026-03-30 15:30:00,45.735,45.75,45.735,45.74,2847
2026-03-30 15:35:00,45.77,45.8,45.7601,45.785,5259
2026-03-30 15:40:00,45.8,45.82,45.8,45.805,980
2026-03-30 15:45:00,45.8,45.82,45.78,45.805,18467
2026-03-30 15:50:00,45.82,45.83,45.81,45.83,6294
2026-03-30 15:55:00,45.85,45.86,45.82,45.82,7311
2026-03-30 16:00:00,45.85,45.85,45.85,45.85,1432
2026-03-31 09:30:00,46.3,46.3,46.1293,46.1926,8498
2026-03-31 09:35:00,46.21,46.21,46.15,46.2,4666
2026-03-31 09:40:00,46.2,46.2687,46.19,46.2687,1273
2026-03-31 09:45:00,46.2594,46.2695,46.22,46.22,4810
2026-03-31 09:50:00,46.185,46.225,46.185,46.225,1111
2026-03-31 09:55:00,46.19,46.23,46.185,46.2,1465
2026-03-31 10:00:00,46.1946,46.319,46.1946,46.25,3287
2026-03-31 10:05:00,46.29,46.29,46.23,46.23,3588
2026-03-31 10:10:00,46.2,46.23,46.16,46.2,1270
2026-03-31 10:15:00,46.2,46.23,46.2,46.22,3400
2026-03-31 10:20:00,46.21,46.25,46.21,46.25,4989
2026-03-31 10:25:00,46.25,46.2805,46.25,46.275,2855
2026-03-31 10:30:00,46.2751,46.3,46.27,46.28,2927
2026-03-31 10:35:00,46.225,46.2582,46.21,46.22,5013
2026-03-31 10:40:00,46.23,46.2382,46.17,46.18,2626
2026-03-31 10:45:00,46.135,46.135,46.1,46.1142,2664
2026-03-31 10:55:00,46.08,46.08,46.0618,46.0618,507
2026-03-31 11:00:00,46.1199,46.125,46.11,46.12,672
2026-03-31 11:05:00,46.14,46.165,46.124,46.157,1096
2026-03-31 11:10:00,46.17,46.19,46.1563,46.1563,1170
2026-03-31 11:15:00,46.195,46.1999,46.17,46.175,5862
2026-03-31 11:20:00,46.1206,46.16,46.12,46.12,1909
2026-03-31 11:25:00,46.06,46.105,46.06,46.105,1333
2026-03-31 11:30:00,46.045,46.05,46.04,46.04,1039
2026-03-31 11:35:00,46.0611,46.088,46.05,46.05,1739
2026-03-31 11:40:00,46.116,46.116,46.06,46.06,882
2026-03-31 11:50:00,46.08,46.08,46.08,46.08,200
2026-03-31 11:55:00,46.045,46.045,46.04,46.04,1480
2026-03-31 12:00:00,46.0529,46.0529,46.036,46.0385,1209
2026-03-31 12:05:00,46.043,46.043,46.025,46.025,1245
2026-03-31 12:10:00,46.02,46.02,46.02,46.02,500
2026-03-31 12:15:00,46.0221,46.03,46.0221,46.03,869
2026-03-31 12:20:00,46.03,46.07,46.03,46.067,2024
2026-03-31 12:25:00,46.1,46.1,46.1,46.1,108
2026-03-31 12:30:00,46.07,46.09,46.07,46.09,713
2026-03-31 12:35:00,46.07,46.165,46.07,46.16,1073
2026-03-31 12:40:00,46.21,46.4085,46.205,46.28,19975
2026-03-31 12:45:00,46.27,46.27,46.2488,46.2488,710
2026-03-31 12:50:00,46.2,46.27,46.16,46.178,1521
2026-03-31 12:55:00,46.229,46.229,46.12,46.1571,5239
2026-03-31 13:00:00,46.1753,46.225,46.15,46.1751,1061
2026-03-31 13:05:00,46.1516,46.1516,46.05,46.055,2011
2026-03-31 13:10:00,46.01,46.01,45.96,45.96,3012
2026-03-31 13:15:00,45.9885,46.02,45.935,45.98,5999
2026-03-31 13:20:00,45.97,45.97,45.885,45.885,5720
2026-03-31 13:25:00,45.9,45.91,45.9,45.9085,408
2026-03-31 13:30:00,45.92,45.9525,45.8601,45.904,4314
2026-03-31 13:35:00,45.94,45.9689,45.94,45.9425,1190
2026-03-31 13:40:00,45.9784,46.0251,45.9784,46.006,3335
2026-03-31 13:45:00,46.0201,46.0201,46.01,46.0125,926
2026-03-31 13:50:00,45.985,46.0133,45.985,46.0133,471
2026-03-31 13:55:00,46.005,46.005,46.005,46.005,114
2026-03-31 14:00:00,45.995,45.995,45.995,45.995,211
2026-03-31 14:10:00,46.005,46.04,46.0,46.011,3998
2026-03-31 14:15:00,46.015,46.055,46.015,46.055,4138
2026-03-31 14:20:00,46.04,46.04,46.01,46.02,4978
2026-03-31 14:25:00,46.01,46.019,45.99,46.019,2226
2026-03-31 14:30:00,45.995,46.02,45.989,46.0,2528
2026-03-31 14:35:00,46.01,46.05,46.01,46.03,4405
2026-03-31 14:40:00,46.03,46.035,46.01,46.02,14971
2026-03-31 14:45:00,46.028,46.03,46.0101,46.0101,407
2026-03-31 14:50:00,46.043,46.0799,46.043,46.05,1697
2026-03-31 14:55:00,46.06,46.06,46.0301,46.0301,2174
2026-03-31 15:00:00,46.072,46.072,46.072,46.072,392
2026-03-31 15:05:00,46.075,46.0765,46.035,46.04,2411
2026-03-31 15:10:00,46.0899,46.0899,46.073,46.0875,1321
2026-03-31 15:15:00,46.0986,46.14,46.0986,46.1297,2185
2026-03-31 15:20:00,46.115,46.16,46.115,46.15,6747
2026-03-31 15:25:00,46.15,46.16,46.15,46.16,2296
2026-03-31 15:30:00,46.1865,46.2,46.185,46.192,3507
2026-03-31 15:35:00,46.2,46.25,46.2,46.25,700
2026-03-31 15:40:00,46.258,46.2699,46.225,46.23,9759
2026-03-31 15:45:00,46.23,46.285,46.23,46.26,4230
2026-03-31 15:50:00,46.24,46.275,46.22,46.27,10123
2026-03-31 15:55:00,46.28,46.34,46.26,46.34,10131
2026-03-31 16:00:00,46.24,46.24,46.24,46.24,5161
2026-04-01 09:30:00,46.29,46.38,46.29,46.33,6539
2026-04-01 09:35:00,46.3395,46.3395,46.29,46.295,2262
2026-04-01 09:40:00,46.24,46.24,46.16,46.16,755
2026-04-01 09:45:00,46.13,46.137,46.11,46.115,1209
2026-04-01 09:50:00,46.15,46.1769,46.08,46.0875,10440
2026-04-01 09:55:00,46.08,46.1,46.02,46.0724,5889
2026-04-01 10:00:00,46.02,46.024,45.95,45.95,4437
2026-04-01 10:05:00,45.95,45.99,45.91,45.98,6415
2026-04-01 10:10:00,45.9268,45.9268,45.85,45.9,7355
2026-04-01 10:15:00,45.8885,45.92,45.88,45.92,6813
2026-04-01 10:20:00,45.9,45.94,45.88,45.94,2595
2026-04-01 10:25:00,46.015,46.015,45.99,45.99,257
2026-04-01 10:30:00,46.03,46.03,46.012,46.025,2229
2026-04-01 10:35:00,46.04,46.12,46.025,46.105,11974
2026-04-01 10:40:00,46.04,46.1,46.04,46.1,2290
2026-04-01 10:45:00,46.085,46.13,46.085,46.13,3962
2026-04-01 10:50:00,46.12,46.12,46.06,46.06,650
2026-04-01 10:55:00,46.072,46.072,46.05,46.055,579
2026-04-01 11:05:00,46.085,46.1195,46.0801,46.1195,580
2026-04-01 11:10:00,46.075,46.0781,46.03,46.03,63374
2026-04-01 11:15:00,46.025,46.055,46.02,46.02,3321
2026-04-01 11:20:00,46.065,46.0689,46.0201,46.05,1787
2026-04-01 11:25:00,46.045,46.0587,46.015,46.015,3220
2026-04-01 11:30:00,46.0,46.05,45.98,46.025,2933
2026-04-01 11:35:00,46.04,46.09,46.0201,46.08,1330
2026-04-01 11:40:00,46.055,46.0995,46.055,46.0995,387
2026-04-01 11:45:00,46.1,46.1,46.07,46.0899,1999
2026-04-01 11:50:00,46.06,46.08,46.04,46.04,2561
2026-04-01 11:55:00,46.06,46.06,46.06,46.06,716
2026-04-01 12:00:00,46.09,46.0993,46.055,46.055,1384
2026-04-01 12:05:00,46.058,46.1,46.058,46.073,12047
2026-04-01 12:10:00,46.0574,46.07,46.04,46.05,3021
2026-04-01 12:15:00,46.06,46.09,46.06,46.08,1236
2026-04-01 12:20:00,46.04,46.07,46.04,46.055,1457
2026-04-01 12:25:00,46.0683,46.0683,46.02,46.02,1917
2026-04-01 12:30:00,46.05,46.065,46.0365,46.065,1481
2026-04-01 12:35:00,46.082,46.09,46.082,46.09,1355
2026-04-01 12:40:00,46.08,46.095,46.06,46.0925,1458
2026-04-01 12:45:00,46.066,46.09,46.06,46.09,2268
2026-04-01 12:50:00,46.1,46.12,46.08,46.12,23391
2026-04-01 12:55:00,46.12,46.12,46.1,46.11,78051
2026-04-01 13:00:00,46.11,46.12,46.1,46.11,3875
2026-04-01 13:05:00,46.1275,46.135,46.11,46.11,12554
2026-04-01 13:10:00,46.09,46.09,46.09,46.09,664
2026-04-01 13:15:00,46.08,46.11,46.0775,46.08,3283
2026-04-01 13:20:00,46.085,46.0899,46.07,46.08,8911
2026-04-01 13:25:00,46.095,46.0965,46.06,46.085,1178
2026-04-01 13:30:00,46.11,46.12,46.085,46.085,13885
2026-04-01 13:35:00,46.07,46.09,46.06,46.0899,3663
2026-04-01 13:40:00,46.0866,46.11,46.0866,46.09,4119
2026-04-01 13:45:00,46.09,46.1,46.065,46.07,5104
2026-04-01 13:50:00,46.09,46.105,46.07,46.0801,5103
2026-04-01 13:55:00,46.095,46.0999,46.085,46.0879,4940
2026-04-01 14:00:00,46.085,46.085,46.025,46.025,11016
2026-04-01 14:05:00,46.04,46.06,46.04,46.05,9052
2026-04-01 14:10:00,46.04,46.06,46.04,46.055,2295
2026-04-01 14:15:00,46.03,46.03,46.025,46.025,3700
2026-04-01 14:20:00,46.03,46.03,46.0,46.0164,4353
2026-04-01 14:25:00,46.0,46.02,45.965,46.02,5805
2026-04-01 14:30:00,46.01,46.02,46.0064,46.0064,2986
2026-04-01 14:35:00,45.99,46.04,45.965,46.04,7450
2026-04-01 14:45:00,46.0699,46.0699,46.03,46.035,1764
2026-04-01 14:50:00,46.05,46.06,46.04,46.04,800
2026-04-01 14:55:00,46.035,46.035,45.99,46.02,8199
2026-04-01 15:00:00,46.02,46.05,46.02,46.05,1853
2026-04-01 15:05:00,46.05,46.06,46.045,46.05,1127
2026-04-01 15:10:00,46.05,46.07,46.05,46.07,1000
2026-04-01 15:15:00,46.08,46.09,46.055,46.08,4115
2026-04-01 15:20:00,46.08,46.09,46.0579,46.09,4541
2026-04-01 15:25:00,46.0901,46.1099,46.0901,46.1099,247
2026-04-01 15:30:00,46.0898,46.13,46.0701,46.09,6704
2026-04-01 15:35:00,46.095,46.1494,46.095,46.1494,5213
2026-04-01 15:40:00,46.13,46.13,46.12,46.12,3740
2026-04-01 15:45:00,46.11,46.11,46.08,46.1,920
2026-04-01 15:50:00,46.0583,46.07,46.0583,46.07,1409
2026-04-01 15:55:00,46.0817,46.105,46.05,46.105,4791
2026-04-01 16:00:00,46.11,46.11,46.11,46.11,1395
2026-04-02 09:30:00,46.06,46.08,46.0,46.08,7326
2026-04-02 09:35:00,46.14,46.1787,46.12,46.1787,5931
2026-04-02 09:40:00,46.2139,46.2139,46.1605,46.175,707
2026-04-02 09:45:00,46.155,46.155,46.09,46.09,1081
2026-04-02 09:50:00,46.13,46.13,46.13,46.13,1850
2026-04-02 10:00:00,46.145,46.145,46.145,46.145,4005
2026-04-02 10:05:00,46.14,46.14,46.113,46.1151,725
2026-04-02 10:10:00,46.09,46.09,46.0475,46.0475,4884
2026-04-02 10:15:00,46.06,46.07,46.04,46.07,1173
2026-04-02 10:20:00,46.085,46.085,46.085,46.085,130
2026-04-02 10:25:00,46.075,46.075,46.05,46.05,486
2026-04-02 10:30:00,46.067,46.095,46.05,46.095,1625
2026-04-02 10:35:00,46.1,46.2,46.1,46.16,4426
2026-04-02 10:40:00,46.22,46.23,46.22,46.22,306
2026-04-02 10:45:00,46.225,46.27,46.196,46.196,2802
2026-04-02 10:50:00,46.19,46.25,46.18,46.215,4622
2026-04-02 10:55:00,46.2599,46.26,46.23,46.236,1036
2026-04-02 11:00:00,46.24,46.24,46.233,46.235,2501
2026-04-02 11:05:00,46.21,46.21,46.2,46.2,500
2026-04-02 11:10:00,46.19,46.194,46.19,46.194,1202
2026-04-02 11:15:00,46.208,46.208,46.17,46.17,530
2026-04-02 11:20:00,46.17,46.19,46.14,46.145,3443
2026-04-02 11:25:00,46.1415,46.17,46.1205,46.17,1231
2026-04-02 11:30:00,46.16,46.18,46.16,46.18,2954
2026-04-02 11:35:00,46.17,46.21,46.16,46.2,2942
2026-04-02 11:40:00,46.15,46.15,46.15,46.15,100
2026-04-02 11:45:00,46.18,46.2181,46.14,46.1592,2848
2026-04-02 11:55:00,46.1505,46.1996,46.11,46.11,3280
2026-04-02 12:00:00,46.125,46.14,46.11,46.115,984
2026-04-02 12:05:00,46.1,46.117,46.055,46.091,1380
2026-04-02 12:10:00,46.075,46.095,46.075,46.095,450
2026-04-02 12:15:00,46.1799,46.1899,46.095,46.095,862
2026-04-02 12:20:00,46.09,46.12,46.057,46.12,3945
2026-04-02 12:25:00,46.11,46.116,46.09,46.11,1807
2026-04-02 12:30:00,46.14,46.14,46.11,46.12,1447
2026-04-02 12:35:00,46.13,46.145,46.1001,46.144,3087
2026-04-02 12:40:00,46.2,46.2,46.1495,46.1495,1751
2026-04-02 12:45:00,46.15,46.15,46.15,46.15,468
2026-04-02 12:50:00,46.155,46.1993,46.1297,46.1993,1275
2026-04-02 12:55:00,46.145,46.18,46.12,46.18,5119
2026-04-02 13:00:00,46.09,46.145,46.09,46.144,1757
2026-04-02 13:05:00,46.15,46.15,46.15,46.15,100
2026-04-02 13:15:00,46.18,46.18,46.18,46.18,100
2026-04-02 13:20:00,46.1999,46.1999,46.17,46.17,6333
2026-04-02 13:25:00,46.174,46.21,46.174,46.1875,6074
2026-04-02 13:30:00,46.18,46.18,46.11,46.11,1503
2026-04-02 13:35:00,46.133,46.17,46.1002,46.13,3103
2026-04-02 13:40:00,46.1,46.17,46.0913,46.0913,3987
2026-04-02 13:45:00,46.17,46.17,46.1048,46.1399,2276
2026-04-02 13:50:00,46.14,46.1599,46.09,46.125,10767
2026-04-02 13:55:00,46.134,46.15,46.123,46.1499,2079
2026-04-02 14:00:00,46.12,46.12,46.12,46.12,100
2026-04-02 14:05:00,46.15,46.19,46.15,46.19,360
2026-04-02 14:10:00,46.175,46.2,46.175,46.19,2181
2026-04-02 14:15:00,46.18,46.22,46.17,46.17,2849
2026-04-02 14:20:00,46.18,46.2,46.16,46.16,5276
2026-04-02 14:25:00,46.17,46.17,46.16,46.16,416
2026-04-02 14:30:00,46.1725,46.175,46.1725,46.175,2733
2026-04-02 14:35:00,46.175,46.2,46.15,46.19,2878
2026-04-02 14:40:00,46.2,46.2,46.15,46.15,2259
2026-04-02 14:45:00,46.234,46.25,46.22,46.22,1006
2026-04-02 14:50:00,46.23,46.25,46.22,46.22,1161
2026-04-02 14:55:00,46.22,46.22,46.195,46.2,1203
2026-04-02 15:00:00,46.236,46.26,46.2151,46.2151,2806
2026-04-02 15:05:00,46.2175,46.235,46.2175,46.235,766
2026-04-02 15:10:00,46.227,46.23,46.21,46.23,450
2026-04-02 15:20:00,46.213,46.2295,46.205,46.22,2010
2026-04-02 15:25:00,46.21,46.23,46.19,46.22,3187
2026-04-02 15:30:00,46.215,46.215,46.19,46.19,1837
2026-04-02 15:35:00,46.18,46.19,46.18,46.19,932
2026-04-02 15:40:00,46.1805,46.21,46.1785,46.2,5438
2026-04-02 15:45:00,46.2,46.2,46.17,46.2,2642
2026-04-02 15:50:00,46.19,46.23,46.19,46.23,2395
2026-04-02 15:55:00,46.24,46.265,46.23,46.265,12776
2026-04-02 16:00:00,46.28,46.28,46.28,46.28,1311
2026-04-02 16:45:00,46.4,46.4,46.4,46.4,470
