2026-03-04 04:10:00,22.0,22.0,22.0,22.0,250
2026-03-04 08:50:00,22.4,22.4,22.4,22.4,100
2026-03-04 09:30:00,22.13,22.13,22.04,22.04,2500
2026-03-04 09:35:00,22.03,22.3199,22.0,22.0,3502
2026-03-04 09:40:00,22.045,22.14,22.045,22.14,2032
2026-03-04 09:45:00,22.09,22.245,22.09,22.245,414
2026-03-04 09:50:00,22.22,22.22,22.22,22.22,100
2026-03-04 10:05:00,22.1668,22.1668,22.1668,22.1668,100
2026-03-04 10:10:00,22.21,22.21,22.21,22.21,2302
2026-03-04 10:15:00,22.2925,22.41,22.2925,22.38,540
2026-03-04 10:20:00,22.46,22.46,22.46,22.46,375
2026-03-04 10:25:00,22.41,22.41,22.41,22.41,100
2026-03-04 10:30:00,22.55,22.55,22.47,22.47,1580
2026-03-04 10:35:00,22.43,22.43,22.38,22.38,800
2026-03-04 10:50:00,22.355,22.355,22.335,22.335,1094
2026-03-04 11:00:00,22.48,22.56,22.44,22.4435,1813
2026-03-04 11:15:00,22.32,22.32,22.32,22.32,300
2026-03-04 11:25:00,22.49,22.49,22.49,22.49,300
2026-03-04 12:15:00,22.4104,22.4104,22.4104,22.4104,222
2026-03-04 12:30:00,22.3601,22.3601,22.3,22.3,538
2026-03-04 13:00:00,22.37,22.3912,22.37,22.3912,200
2026-03-04 13:10:00,22.327,22.327,22.327,22.327,122
2026-03-04 13:40:00,22.2,22.2,22.2,22.2,1000
2026-03-04 14:55:00,22.22,22.22,22.2,22.2,556
2026-03-04 15:00:00,22.18,22.18,22.17,22.17,334
2026-03-04 15:05:00,22.2,22.2,22.2,22.2,501
2026-03-04 15:10:00,22.17,22.17,22.17,22.17,314
2026-03-04 15:20:00,22.168,22.168,22.168,22.168,100
2026-03-04 15:25:00,22.195,22.195,22.195,22.195,150
2026-03-04 15:40:00,22.265,22.265,22.265,22.265,501
2026-03-04 15:45:00,22.23,22.23,22.23,22.23,100
2026-03-04 15:55:00,22.2,22.2,22.2,22.2,100
2026-03-05 07:30:00,22.5,22.5,22.5,22.5,372
2026-03-05 08:00:00,22.5,22.5,22.5,22.5,103
2026-03-05 09:30:00,22.32,22.32,21.68,21.87,1351
2026-03-05 09:35:00,21.9,21.9,21.881,21.881,300
2026-03-05 09:40:00,21.859,21.859,21.69,21.69,200
2026-03-05 09:45:00,21.81,21.81,21.81,21.81,100
2026-03-05 09:55:00,21.9406,21.9406,21.9406,21.9406,2000
2026-03-05 10:00:00,21.931,21.96,21.88,21.88,668
2026-03-05 10:10:00,21.87,21.87,21.87,21.87,1747
2026-03-05 10:15:00,21.9,21.9,21.9,21.9,136
2026-03-05 10:20:00,21.8,21.8,21.69,21.69,1250
2026-03-05 10:25:00,21.659,21.659,21.659,21.659,100
2026-03-05 10:30:00,21.625,21.625,21.625,21.625,400
2026-03-05 10:55:00,21.8255,21.8255,21.805,21.805,833
2026-03-05 11:05:00,21.72,21.72,21.71,21.71,200
2026-03-05 11:10:00,21.6201,21.65,21.6,21.65,1100
2026-03-05 11:15:00,21.65,21.65,21.56,21.56,601
2026-03-05 11:25:00,21.56,21.56,21.56,21.56,200
2026-03-05 12:20:00,21.57,21.58,21.57,21.58,200
2026-03-05 12:55:00,21.63,21.66,21.63,21.66,200
2026-03-05 13:00:00,21.7,21.7,21.7,21.7,2174
2026-03-05 13:30:00,21.5,21.5,21.5,21.5,400
2026-03-05 14:05:00,21.6,21.6,21.6,21.6,100
2026-03-05 14:50:00,21.73,21.73,21.73,21.73,108
2026-03-05 15:05:00,21.61,21.61,21.6099,21.6099,1000
2026-03-05 15:40:00,21.68,21.68,21.68,21.68,250
2026-03-05 15:45:00,21.67,21.709,21.67,21.709,200
2026-03-05 15:50:00,21.735,21.735,21.735,21.735,100
2026-03-05 15:55:00,21.89,21.89,21.89,21.89,299
2026-03-06 05:05:00,21.64,21.64,21.64,21.64,200
2026-03-06 07:05:00,21.47,21.47,21.47,21.47,100
2026-03-06 07:20:00,21.5,21.5,21.5,21.5,100
2026-03-06 07:25:00,21.46,21.46,21.46,21.46,100
2026-03-06 07:30:00,21.4,21.4,21.4,21.4,100
2026-03-06 07:45:00,21.39,21.39,21.38,21.38,200
2026-03-06 07:50:00,21.4,21.4,21.38,21.38,200
2026-03-06 08:00:00,21.5179,21.5179,21.5179,21.5179,215
2026-03-06 08:25:00,21.48,21.48,21.48,21.48,100
2026-03-06 08:30:00,21.41,21.41,21.4,21.4,255
2026-03-06 08:35:00,21.48,21.48,21.48,21.48,100
2026-03-06 08:40:00,21.22,21.24,21.22,21.24,390
2026-03-06 08:45:00,21.21,21.21,21.2,21.2,559
2026-03-06 09:05:00,20.99,20.99,20.99,20.99,142
2026-03-06 09:10:00,20.88,20.88,20.88,20.88,100
2026-03-06 09:20:00,21.02,21.02,21.02,21.02,150
2026-03-06 09:30:00,21.17,21.2,21.17,21.2,200
2026-03-06 09:35:00,21.3,21.3,21.15,21.29,1740
2026-03-06 09:40:00,21.4,21.4,21.4,21.4,155
2026-03-06 09:45:00,21.37,21.37,21.37,21.37,100
2026-03-06 09:55:00,21.4,21.4,21.4,21.4,412
2026-03-06 10:05:00,21.6104,21.6104,21.61,21.61,200
2026-03-06 10:10:00,21.62,21.62,21.62,21.62,100
2026-03-06 10:50:00,21.62,21.62,21.62,21.62,100
2026-03-06 11:00:00,21.78,21.78,21.78,21.78,100
2026-03-06 11:20:00,21.65,21.65,21.65,21.65,100
2026-03-06 11:45:00,21.71,21.71,21.71,21.71,1000
2026-03-06 12:15:00,21.6273,21.6273,21.6273,21.6273,125
2026-03-06 12:40:00,21.645,21.645,21.56,21.56,700
2026-03-06 13:00:00,21.605,21.605,21.605,21.605,100
2026-03-06 13:15:00,21.74,21.74,21.74,21.74,300
2026-03-06 14:20:00,21.58,21.58,21.58,21.58,500
2026-03-06 15:25:00,21.545,21.545,21.545,21.545,100
2026-03-06 15:35:00,21.4205,21.43,21.4205,21.43,300
2026-03-06 15:40:00,21.53,21.53,21.53,21.53,500
2026-03-06 15:45:00,21.543,21.58,21.543,21.58,600
2026-03-06 15:50:00,21.67,21.67,21.67,21.67,250
2026-03-06 15:55:00,21.46,21.46,21.46,21.46,200
2026-03-06 16:45:00,21.35,21.35,21.35,21.35,200
2026-03-09 05:25:00,21.31,21.31,21.31,21.31,100
2026-03-09 07:10:00,20.85,20.85,20.85,20.85,100
2026-03-09 07:40:00,20.89,20.89,20.89,20.89,100
2026-03-09 07:45:00,20.89,20.89,20.89,20.89,200
2026-03-09 08:00:00,20.6,20.6,20.6,20.6,272
2026-03-09 08:05:00,20.99,20.99,20.99,20.99,100
2026-03-09 08:40:00,20.94,20.94,20.94,20.94,100
2026-03-09 09:05:00,20.93,20.93,20.93,20.93,100
2026-03-09 09:15:00,20.9619,20.9619,20.9619,20.9619,100
2026-03-09 09:20:00,20.8816,20.8816,20.8816,20.8816,2499
2026-03-09 09:30:00,21.06,21.11,21.0424,21.11,654
2026-03-09 09:35:00,21.22,21.22,21.22,21.22,100
2026-03-09 09:45:00,21.11,21.11,21.11,21.11,200
2026-03-09 09:50:00,21.0801,21.0801,21.0801,21.0801,265
2026-03-09 10:05:00,21.22,21.22,21.22,21.22,1680
2026-03-09 10:15:00,21.21,21.35,21.21,21.35,3480
2026-03-09 10:20:00,21.43,21.43,21.43,21.43,280
2026-03-09 11:15:00,21.74,21.785,21.67,21.67,1978
2026-03-09 11:20:00,21.69,21.75,21.69,21.72,1103
2026-03-09 11:25:00,21.71,21.71,21.71,21.71,300
2026-03-09 11:30:00,21.66,21.69,21.66,21.69,700
2026-03-09 11:35:00,21.7,21.7,21.7,21.7,425
2026-03-09 11:40:00,21.674,21.69,21.674,21.69,411
2026-03-09 11:50:00,21.78,21.78,21.78,21.78,777
2026-03-09 12:00:00,21.79,21.79,21.79,21.79,300
2026-03-09 12:05:00,21.8251,21.8251,21.825,21.825,300
2026-03-09 12:10:00,21.78,21.78,21.78,21.78,250
2026-03-09 12:15:00,21.805,21.805,21.805,21.805,100
2026-03-09 12:40:00,22.0,22.0,22.0,22.0,2800
2026-03-09 12:50:00,22.0019,22.0019,22.0019,22.0019,500
2026-03-09 13:00:00,21.9804,22.025,21.9804,22.025,300
2026-03-09 13:05:00,21.92,21.92,21.92,21.92,100
2026-03-09 13:15:00,21.906,21.906,21.906,21.906,100
2026-03-09 13:25:00,21.88,21.88,21.87,21.88,1209
2026-03-09 13:40:00,21.9217,21.9217,21.9217,21.9217,3000
2026-03-09 13:50:00,21.98,21.98,21.98,21.98,300
2026-03-09 13:55:00,21.97,21.97,21.97,21.97,100
2026-03-09 14:25:00,21.92,21.92,21.92,21.92,100
2026-03-09 14:30:00,21.99,21.99,21.99,21.99,400
2026-03-09 14:35:00,22.04,22.04,22.04,22.04,500
2026-03-09 14:40:00,22.1,22.1,22.1,22.1,100
2026-03-09 14:45:00,22.15,22.15,22.15,22.15,100
2026-03-09 14:50:00,22.161,22.161,22.161,22.161,213
2026-03-09 15:00:00,22.1,22.1,22.1,22.1,100
2026-03-09 15:15:00,22.2,22.2,22.2,22.2,500
2026-03-09 15:30:00,22.48,22.48,22.48,22.48,1120
2026-03-09 15:35:00,22.6,22.6,22.6,22.6,100
2026-03-09 15:40:00,22.5108,22.5108,22.5108,22.5108,100
2026-03-09 15:50:00,22.55,22.55,22.55,22.55,200
2026-03-09 15:55:00,22.63,22.69,22.63,22.66,547
2026-03-09 16:15:00,22.8003,22.8003,22.55,22.55,250
2026-03-09 16:25:00,22.62,22.62,22.62,22.62,400
2026-03-09 16:30:00,22.66,22.66,22.66,22.66,430
2026-03-09 16:45:00,22.75,22.75,22.75,22.75,100
2026-03-09 17:45:00,22.55,22.55,22.55,22.55,200
2026-03-10 06:05:00,22.79,22.79,22.79,22.79,100
2026-03-10 07:40:00,22.67,22.67,22.67,22.67,100
2026-03-10 08:25:00,22.4808,22.4808,22.4808,22.4808,249
2026-03-10 08:50:00,22.61,22.61,22.61,22.61,100
2026-03-10 08:55:00,22.61,22.61,22.61,22.61,727
2026-03-10 09:30:00,22.71,23.0,22.71,23.0,808
2026-03-10 09:35:00,22.82,22.87,22.82,22.84,2192
2026-03-10 09:40:00,22.84,22.92,22.76,22.92,1320
2026-03-10 09:45:00,22.87,22.9,22.86,22.865,1000
2026-03-10 09:50:00,22.7,22.7,22.7,22.7,500
2026-03-10 09:55:00,22.6,22.6,22.6,22.6,100
2026-03-10 10:00:00,22.62,22.73,22.62,22.73,834
2026-03-10 10:05:00,22.71,22.71,22.71,22.71,300
2026-03-10 10:10:00,22.65,22.71,22.65,22.71,3800
2026-03-10 10:20:00,22.6769,22.6769,22.6769,22.6769,100
2026-03-10 10:25:00,22.75,22.75,22.75,22.75,300
2026-03-10 10:30:00,22.8,22.8,22.8,22.8,150
2026-03-10 10:55:00,23.07,23.07,23.0698,23.0698,200
2026-03-10 11:05:00,23.03,23.03,23.03,23.03,100
2026-03-10 11:10:00,22.99,22.99,22.94,22.97,400
2026-03-10 11:15:00,23.02,23.02,23.02,23.02,200
2026-03-10 12:00:00,23.04,23.04,23.03,23.03,200
2026-03-10 12:25:00,22.96,22.96,22.96,22.96,100
2026-03-10 12:30:00,22.97,22.97,22.97,22.97,1000
2026-03-10 12:35:00,23.01,23.01,23.0028,23.0028,400
2026-03-10 12:45:00,22.9509,22.9509,22.9509,22.9509,100
2026-03-10 13:00:00,22.98,22.98,22.98,22.98,400
2026-03-10 13:35:00,22.99,22.99,22.97,22.97,500
2026-03-10 14:10:00,22.87,22.87,22.82,22.82,1660
2026-03-10 14:15:00,22.75,22.7717,22.73,22.73,3810
2026-03-10 14:20:00,22.79,22.85,22.79,22.85,504
2026-03-10 14:25:00,22.84,22.84,22.84,22.84,248
2026-03-10 14:35:00,22.94,22.94,22.94,22.94,200
2026-03-10 14:40:00,22.87,22.91,22.85,22.87,1100
2026-03-10 14:45:00,22.88,22.9,22.88,22.9,200
2026-03-10 14:50:00,22.91,22.91,22.91,22.91,100
2026-03-10 14:55:00,22.86,22.86,22.85,22.85,200
2026-03-10 15:00:00,22.839,22.839,22.839,22.839,130
2026-03-10 15:35:00,22.72,22.76,22.72,22.76,350
2026-03-10 15:40:00,22.781,22.83,22.781,22.83,1809
2026-03-10 19:50:00,22.92,22.92,22.92,22.92,100
2026-03-11 06:55:00,22.64,22.64,22.64,22.64,780
2026-03-11 07:10:00,22.75,22.75,22.75,22.75,100
2026-03-11 09:05:00,22.69,22.69,22.69,22.69,200
2026-03-11 09:30:00,22.68,22.7266,22.68,22.7266,300
2026-03-11 09:35:00,22.67,22.67,22.65,22.65,200
2026-03-11 09:45:00,22.84,22.84,22.83,22.83,350
2026-03-11 10:00:00,23.11,23.11,23.11,23.11,100
2026-03-11 10:10:00,23.14,23.19,23.14,23.16,985
2026-03-11 10:15:00,23.27,23.27,23.27,23.27,200
2026-03-11 10:20:00,23.3,23.3,23.24,23.24,511
2026-03-11 10:30:00,23.35,23.35,23.35,23.35,234
2026-03-11 10:35:00,23.28,23.28,23.23,23.23,328
2026-03-11 10:40:00,23.2,23.2,23.2,23.2,100
2026-03-11 10:50:00,23.2568,23.2568,23.2568,23.2568,1000
2026-03-11 10:55:00,23.25,23.28,23.25,23.28,600
2026-03-11 11:05:00,23.28,23.28,23.23,23.23,800
2026-03-11 11:15:00,23.05,23.06,23.05,23.06,200
2026-03-11 11:30:00,23.13,23.13,23.13,23.13,500
2026-03-11 11:45:00,23.095,23.095,23.03,23.03,400
2026-03-11 12:00:00,23.04,23.04,23.04,23.04,100
2026-03-11 12:25:00,23.06,23.06,23.06,23.06,645
2026-03-11 12:35:00,23.06,23.06,23.06,23.06,100
2026-03-11 13:00:00,23.11,23.12,23.1,23.12,1140
2026-03-11 13:10:00,23.0951,23.0951,23.095,23.095,437
2026-03-11 13:30:00,23.12,23.12,23.12,23.12,100
2026-03-11 13:50:00,23.06,23.06,23.06,23.06,100
2026-03-11 15:25:00,22.9202,22.9202,22.9202,22.9202,800
2026-03-11 18:00:00,22.88,22.88,22.88,22.88,100
2026-03-12 09:30:00,22.61,22.89,22.61,22.89,2372
2026-03-12 09:40:00,22.61,22.61,22.61,22.61,100
2026-03-12 09:45:00,22.55,22.55,22.55,22.55,100
2026-03-12 10:05:00,22.5192,22.5192,22.5192,22.5192,100
2026-03-12 10:10:00,22.33,22.33,22.33,22.33,534
2026-03-12 10:25:00,22.195,22.195,22.195,22.195,100
2026-03-12 10:35:00,22.15,22.15,22.1,22.1,235
2026-03-12 10:45:00,22.1,22.1,22.1,22.1,100
2026-03-12 10:50:00,22.08,22.08,22.08,22.08,100
2026-03-12 11:00:00,22.0,22.0,22.0,22.0,1200
2026-03-12 11:05:00,22.045,22.045,22.045,22.045,1000
2026-03-12 11:50:00,22.2,22.2,22.2,22.2,200
2026-03-12 12:00:00,22.233,22.233,22.233,22.233,225
2026-03-12 12:30:00,22.19,22.22,22.19,22.2199,400
2026-03-12 13:00:00,22.24,22.24,22.24,22.24,780
2026-03-12 13:15:00,22.22,22.2458,22.22,22.2458,1000
2026-03-12 14:20:00,22.365,22.365,22.365,22.365,800
2026-03-12 14:35:00,22.37,22.37,22.37,22.37,100
2026-03-12 14:50:00,22.36,22.36,22.36,22.36,100
2026-03-12 15:20:00,22.48,22.48,22.48,22.48,2000
2026-03-12 15:30:00,22.42,22.46,22.42,22.46,365
2026-03-12 15:55:00,22.3,22.3,22.12,22.12,200
2026-03-12 16:40:00,22.45,22.45,22.44,22.44,200
2026-03-12 19:30:00,22.32,22.32,22.32,22.32,284
2026-03-13 04:00:00,22.07,22.07,22.07,22.07,400
2026-03-13 09:15:00,22.72,22.73,22.72,22.73,411
2026-03-13 09:20:00,23.0,23.0,23.0,23.0,150
2026-03-13 09:25:00,22.83,22.83,22.83,22.83,100
2026-03-13 09:35:00,22.42,22.42,22.42,22.42,214
2026-03-13 09:50:00,22.725,22.725,22.725,22.725,300
2026-03-13 10:10:00,22.59,22.59,22.59,22.59,300
2026-03-13 10:15:00,22.62,22.62,22.55,22.55,3140
2026-03-13 10:20:00,22.6758,22.6758,22.6758,22.6758,100
2026-03-13 10:30:00,22.73,22.73,22.73,22.73,100
2026-03-13 12:10:00,22.19,22.19,22.19,22.19,200
2026-03-13 12:15:00,22.12,22.15,22.11,22.11,1036
2026-03-13 12:40:00,22.0,22.0,22.0,22.0,100
2026-03-13 12:55:00,21.88,21.88,21.85,21.85,1800
2026-03-13 13:45:00,21.8,21.8,21.8,21.8,200
2026-03-13 15:45:00,21.917,21.95,21.917,21.95,488
2026-03-13 15:50:00,21.98,22.01,21.98,22.01,800
2026-03-13 15:55:00,22.05,22.05,21.93,21.93,520
2026-03-13 16:45:00,21.93,21.93,21.93,21.93,100
