2026-03-04 04:55:00,9.57,9.57,9.55,9.55,750
2026-03-04 05:15:00,9.57,9.57,9.57,9.57,250
2026-03-04 05:45:00,9.57,9.57,9.56,9.56,500
2026-03-04 05:55:00,9.54,9.54,9.54,9.54,1048
2026-03-04 06:20:00,9.54,9.54,9.54,9.54,2031
2026-03-04 07:25:00,9.54,9.54,9.54,9.54,2101
2026-03-04 08:00:00,9.55,9.57,9.55,9.56,1148
2026-03-04 08:10:00,9.57,9.57,9.57,9.57,100
2026-03-04 08:15:00,9.55,9.55,9.55,9.55,1000
2026-03-04 08:20:00,9.55,9.55,9.55,9.55,600
2026-03-04 08:35:00,9.57,9.57,9.57,9.57,500
2026-03-04 09:30:00,9.57,9.58,9.565,9.565,13128
2026-03-04 09:35:00,9.57,9.57,9.55,9.555,6560
2026-03-04 09:40:00,9.555,9.555,9.55,9.555,21132
2026-03-04 09:45:00,9.555,9.575,9.555,9.575,12193
2026-03-04 09:50:00,9.575,9.575,9.5701,9.575,3207
2026-03-04 09:55:00,9.57,9.575,9.57,9.57,7021
2026-03-04 10:00:00,9.57,9.575,9.565,9.5686,14360
2026-03-04 10:05:00,9.565,9.575,9.565,9.565,3106
2026-03-04 10:10:00,9.565,9.57,9.56,9.57,20303
2026-03-04 10:15:00,9.565,9.5699,9.565,9.565,2300
2026-03-04 10:20:00,9.565,9.575,9.565,9.575,3323
2026-03-04 10:25:00,9.575,9.575,9.57,9.575,7240
2026-03-04 10:30:00,9.575,9.59,9.575,9.575,18112
2026-03-04 10:35:00,9.575,9.5899,9.575,9.575,66497
2026-03-04 10:40:00,9.575,9.58,9.57,9.575,19633
2026-03-04 10:45:00,9.575,9.58,9.57,9.575,8095
2026-03-04 10:50:00,9.575,9.575,9.575,9.575,15750
2026-03-04 10:55:00,9.575,9.585,9.57,9.585,85694
2026-03-04 11:00:00,9.585,9.595,9.58,9.59,96694
2026-03-04 11:05:00,9.585,9.59,9.575,9.59,83811
2026-03-04 11:10:00,9.595,9.595,9.5801,9.585,52381
2026-03-04 11:15:00,9.605,9.605,9.595,9.5966,75359
2026-03-04 11:20:00,9.6,9.605,9.595,9.605,69740
2026-03-04 11:25:00,9.6001,9.6099,9.6001,9.6099,22526
2026-03-04 11:30:00,9.61,9.61,9.5938,9.595,51764
2026-03-04 11:35:00,9.595,9.5962,9.5914,9.595,27979
2026-03-04 11:40:00,9.59,9.595,9.5828,9.595,41018
2026-03-04 11:45:00,9.595,9.605,9.595,9.605,30049
2026-03-04 11:50:00,9.605,9.605,9.6,9.6,9420
2026-03-04 11:55:00,9.595,9.595,9.5901,9.595,8316
2026-03-04 12:00:00,9.595,9.5999,9.595,9.595,16563
2026-03-04 12:05:00,9.5999,9.5999,9.59,9.595,37226
2026-03-04 12:10:00,9.5979,9.5979,9.5979,9.5979,150
2026-03-04 12:15:00,9.59,9.595,9.59,9.595,1800
2026-03-04 12:20:00,9.595,9.595,9.585,9.585,47227
2026-03-04 12:25:00,9.5899,9.59,9.5883,9.5898,9975
2026-03-04 12:30:00,9.585,9.585,9.58,9.58,17444
2026-03-04 12:35:00,9.585,9.595,9.585,9.595,13223
2026-03-04 12:40:00,9.6,9.6,9.595,9.595,721
2026-03-04 12:50:00,9.595,9.6,9.595,9.595,6100
2026-03-04 12:55:00,9.595,9.6,9.59,9.595,13991
2026-03-04 13:00:00,9.6,9.6,9.59,9.59,13598
2026-03-04 13:05:00,9.595,9.595,9.59,9.595,23057
2026-03-04 13:10:00,9.595,9.595,9.5921,9.5921,6424
2026-03-04 13:15:00,9.595,9.595,9.585,9.585,63739
2026-03-04 13:20:00,9.585,9.59,9.585,9.59,14002
2026-03-04 13:25:00,9.585,9.585,9.58,9.585,3332
2026-03-04 13:30:00,9.59,9.595,9.5898,9.5901,48617
2026-03-04 13:35:00,9.595,9.6,9.595,9.6,3111
2026-03-04 13:40:00,9.6,9.6,9.59,9.59,1723
2026-03-04 13:45:00,9.595,9.595,9.59,9.595,3375
2026-03-04 13:55:00,9.595,9.595,9.59,9.59,200
2026-03-04 14:00:00,9.595,9.6,9.59,9.595,22935
2026-03-04 14:05:00,9.595,9.6,9.59,9.59,37175
2026-03-04 14:10:00,9.59,9.595,9.59,9.595,5613
2026-03-04 14:15:00,9.595,9.595,9.585,9.59,35859
2026-03-04 14:20:00,9.585,9.585,9.585,9.585,6111
2026-03-04 14:25:00,9.585,9.585,9.585,9.585,100
2026-03-04 14:30:00,9.59,9.595,9.59,9.595,16290
2026-03-04 14:35:00,9.595,9.6,9.5901,9.595,30859
2026-03-04 14:40:00,9.595,9.595,9.59,9.5938,7004
2026-03-04 14:45:00,9.595,9.595,9.5802,9.5862,30326
2026-03-04 14:50:00,9.5801,9.59,9.5801,9.59,1666
2026-03-04 14:55:00,9.59,9.595,9.59,9.595,46250
2026-03-04 15:00:00,9.5903,9.5903,9.59,9.59,9115
2026-03-04 15:05:00,9.58,9.58,9.58,9.58,100
2026-03-04 15:10:00,9.58,9.5864,9.58,9.58,8812
2026-03-04 15:15:00,9.585,9.585,9.5703,9.5775,64563
2026-03-04 15:20:00,9.575,9.58,9.57,9.575,18639
2026-03-04 15:25:00,9.5762,9.5762,9.575,9.5751,4210
2026-03-04 15:30:00,9.57,9.5777,9.57,9.575,2479
2026-03-04 15:35:00,9.57,9.575,9.57,9.57,5864
2026-03-04 15:40:00,9.57,9.57,9.57,9.57,700
2026-03-04 15:45:00,9.57,9.575,9.57,9.575,2150
2026-03-04 15:50:00,9.575,9.58,9.57,9.575,23145
2026-03-04 15:55:00,9.575,9.575,9.56,9.57,33175
2026-03-04 16:00:00,9.56,9.56,9.5597,9.5597,83484
2026-03-04 16:10:00,9.55,9.55,9.55,9.55,3700
2026-03-04 16:25:00,9.55,9.55,9.55,9.55,1244
2026-03-04 16:30:00,9.55,9.55,9.54,9.54,5116
2026-03-04 16:50:00,9.54,9.54,9.54,9.54,100
2026-03-04 16:55:00,9.53,9.53,9.53,9.53,100
2026-03-05 07:55:00,9.5,9.5,9.5,9.5,250
2026-03-05 08:00:00,9.46,9.5,9.46,9.5,4450
2026-03-05 08:15:00,9.49,9.49,9.49,9.49,100
2026-03-05 08:40:00,9.4995,9.4995,9.4995,9.4995,253
2026-03-05 08:45:00,9.5013,9.5013,9.5013,9.5013,9000
2026-03-05 09:00:00,9.5001,9.5001,9.5,9.5,1827
2026-03-05 09:10:00,9.49,9.49,9.49,9.49,500
2026-03-05 09:15:00,9.48,9.48,9.4783,9.4783,270
2026-03-05 09:30:00,9.48,9.49,9.475,9.485,30986
2026-03-05 09:35:00,9.4845,9.485,9.4845,9.485,2300
2026-03-05 09:40:00,9.485,9.4998,9.4801,9.485,5863
2026-03-05 09:45:00,9.48,9.48,9.47,9.4762,6425
2026-03-05 09:50:00,9.47,9.4779,9.465,9.47,2903
2026-03-05 09:55:00,9.467,9.485,9.465,9.485,53948
2026-03-05 10:00:00,9.485,9.505,9.485,9.505,5000
2026-03-05 10:05:00,9.505,9.515,9.495,9.5001,18394
2026-03-05 10:10:00,9.5,9.51,9.5,9.51,11383
2026-03-05 10:15:00,9.51,9.525,9.505,9.52,13660
2026-03-05 10:20:00,9.525,9.525,9.505,9.515,9369
2026-03-05 10:25:00,9.51,9.51,9.5,9.5,5928
2026-03-05 10:30:00,9.495,9.5,9.495,9.5,2500
2026-03-05 10:35:00,9.5,9.505,9.49,9.505,21626
2026-03-05 10:40:00,9.505,9.505,9.5,9.5,10416
2026-03-05 10:45:00,9.505,9.5099,9.495,9.5003,51481
2026-03-05 10:50:00,9.505,9.51,9.505,9.505,6874
2026-03-05 10:55:00,9.505,9.515,9.505,9.51,22281
2026-03-05 11:00:00,9.505,9.515,9.5,9.5,29112
2026-03-05 11:05:00,9.495,9.495,9.485,9.4899,3487
2026-03-05 11:10:00,9.485,9.5,9.48,9.4999,6845
2026-03-05 11:15:00,9.495,9.5,9.49,9.49,21682
2026-03-05 11:20:00,9.485,9.485,9.48,9.485,26942
2026-03-05 11:25:00,9.485,9.49,9.483,9.485,61619
2026-03-05 11:30:00,9.485,9.49,9.48,9.49,78258
2026-03-05 11:35:00,9.49,9.49,9.485,9.49,16149
2026-03-05 11:40:00,9.485,9.4951,9.485,9.4938,36493
2026-03-05 11:45:00,9.49,9.495,9.49,9.495,8277
2026-03-05 11:50:00,9.4999,9.515,9.495,9.515,71622
2026-03-05 11:55:00,9.515,9.525,9.515,9.515,80268
2026-03-05 12:00:00,9.515,9.5294,9.515,9.52,27600
2026-03-05 12:05:00,9.525,9.525,9.52,9.52,21720
2026-03-05 12:10:00,9.515,9.515,9.51,9.5115,4151
2026-03-05 12:15:00,9.515,9.515,9.51,9.51,1200
2026-03-05 12:20:00,9.515,9.515,9.515,9.515,2000
2026-03-05 12:25:00,9.515,9.52,9.51,9.51,1828
2026-03-05 12:30:00,9.51,9.51,9.5041,9.5041,1229
2026-03-05 12:35:00,9.505,9.51,9.495,9.51,22246
2026-03-05 12:40:00,9.505,9.515,9.5013,9.505,46550
2026-03-05 12:45:00,9.505,9.505,9.505,9.505,600
2026-03-05 12:50:00,9.5097,9.51,9.505,9.51,22422
2026-03-05 12:55:00,9.505,9.525,9.505,9.5201,30176
2026-03-05 13:00:00,9.525,9.525,9.52,9.52,2086
2026-03-05 13:05:00,9.521,9.525,9.52,9.525,2608
2026-03-05 13:10:00,9.525,9.53,9.52,9.525,34842
2026-03-05 13:15:00,9.525,9.525,9.51,9.51,60206
2026-03-05 13:20:00,9.51,9.51,9.51,9.51,1100
2026-03-05 13:25:00,9.51,9.515,9.51,9.51,7165
2026-03-05 13:30:00,9.515,9.515,9.51,9.515,12449
2026-03-05 13:35:00,9.51,9.51,9.51,9.51,100
2026-03-05 13:40:00,9.515,9.53,9.515,9.53,79416
2026-03-05 13:45:00,9.525,9.525,9.525,9.525,1400
2026-03-05 13:50:00,9.525,9.525,9.52,9.525,6070
2026-03-05 13:55:00,9.525,9.54,9.52,9.5398,21702
2026-03-05 14:00:00,9.545,9.555,9.54,9.54,16264
2026-03-05 14:05:00,9.545,9.555,9.545,9.555,15712
2026-03-05 14:10:00,9.555,9.555,9.5401,9.545,62435
2026-03-05 14:15:00,9.545,9.55,9.545,9.5499,13772
2026-03-05 14:20:00,9.545,9.55,9.545,9.545,4150
2026-03-05 14:25:00,9.545,9.5451,9.54,9.5451,3187
2026-03-05 14:30:00,9.54,9.54,9.535,9.535,6500
2026-03-05 14:35:00,9.53,9.535,9.52,9.525,23850
2026-03-05 14:40:00,9.525,9.525,9.515,9.515,11857
2026-03-05 14:45:00,9.515,9.515,9.515,9.515,700
2026-03-05 14:50:00,9.515,9.525,9.515,9.525,25625
2026-03-05 14:55:00,9.52,9.525,9.52,9.52,5000
2026-03-05 15:00:00,9.52,9.53,9.52,9.53,5200
2026-03-05 15:05:00,9.53,9.535,9.525,9.535,29672
2026-03-05 15:10:00,9.535,9.545,9.535,9.545,6163
2026-03-05 15:15:00,9.545,9.55,9.54,9.545,32303
2026-03-05 15:20:00,9.54,9.545,9.54,9.545,13724
2026-03-05 15:25:00,9.545,9.545,9.545,9.545,37810
2026-03-05 15:30:00,9.545,9.5479,9.54,9.545,8704
2026-03-05 15:35:00,9.55,9.55,9.545,9.545,1400
2026-03-05 15:40:00,9.545,9.5478,9.54,9.5478,8237
2026-03-05 15:45:00,9.54,9.54,9.53,9.535,43157
2026-03-05 15:50:00,9.535,9.54,9.5301,9.535,65122
2026-03-05 15:55:00,9.535,9.54,9.53,9.535,72468
2026-03-05 16:00:00,9.53,9.53,9.53,9.53,2310
2026-03-05 16:15:00,9.5197,9.5197,9.5197,9.5197,110
2026-03-05 16:20:00,9.51,9.51,9.5097,9.5097,310
2026-03-05 16:30:00,9.51,9.51,9.51,9.51,150
2026-03-06 04:35:00,9.51,9.52,9.49,9.49,1250
2026-03-06 04:40:00,9.52,9.52,9.5,9.5,750
2026-03-06 04:45:00,9.51,9.51,9.48,9.48,1400
2026-03-06 04:50:00,9.48,9.48,9.47,9.47,500
2026-03-06 06:00:00,9.46,9.46,9.46,9.46,300
2026-03-06 07:25:00,9.47,9.47,9.47,9.47,362000
2026-03-06 08:30:00,9.49,9.56,9.49,9.55,21000
2026-03-06 08:35:00,9.56,9.56,9.54,9.54,5200
2026-03-06 08:40:00,9.53,9.54,9.53,9.53,5100
2026-03-06 08:45:00,9.51,9.51,9.51,9.51,2700
2026-03-06 08:55:00,9.5,9.5,9.5,9.5,3069
2026-03-06 09:05:00,9.51,9.51,9.51,9.51,4400
2026-03-06 09:15:00,9.5,9.5,9.49,9.49,1207
2026-03-06 09:25:00,9.46,9.46,9.46,9.46,750
2026-03-06 09:30:00,9.47,9.47,9.425,9.425,19164
2026-03-06 09:35:00,9.42,9.425,9.405,9.41,40174
2026-03-06 09:40:00,9.41,9.4399,9.41,9.43,33339
2026-03-06 09:45:00,9.41,9.41,9.39,9.405,14927
2026-03-06 09:50:00,9.42,9.42,9.405,9.42,5650
2026-03-06 09:55:00,9.4199,9.4299,9.4172,9.4299,1250
2026-03-06 10:00:00,9.42,9.42,9.41,9.42,75128
2026-03-06 10:05:00,9.41,9.41,9.39,9.39,17015
2026-03-06 10:10:00,9.395,9.4178,9.395,9.4099,37246
2026-03-06 10:15:00,9.415,9.425,9.405,9.42,27560
2026-03-06 10:20:00,9.42,9.435,9.42,9.43,20470
2026-03-06 10:25:00,9.43,9.43,9.42,9.42,6290
2026-03-06 10:30:00,9.42,9.42,9.405,9.405,1300
2026-03-06 10:35:00,9.405,9.405,9.405,9.405,600
2026-03-06 10:40:00,9.43,9.4399,9.425,9.435,35789
2026-03-06 10:45:00,9.43,9.4303,9.425,9.43,18175
2026-03-06 10:50:00,9.435,9.445,9.428,9.4301,18873
2026-03-06 10:55:00,9.435,9.435,9.425,9.425,30651
2026-03-06 11:00:00,9.425,9.44,9.425,9.44,26083
2026-03-06 11:05:00,9.4397,9.4397,9.42,9.425,38283
2026-03-06 11:10:00,9.4294,9.4299,9.42,9.4278,11833
2026-03-06 11:15:00,9.42,9.43,9.415,9.4261,46299
2026-03-06 11:20:00,9.4334,9.4334,9.4161,9.425,71856
2026-03-06 11:25:00,9.42,9.4375,9.42,9.43,40410
2026-03-06 11:30:00,9.4377,9.445,9.4377,9.445,8755
2026-03-06 11:35:00,9.4499,9.4499,9.435,9.435,58768
2026-03-06 11:40:00,9.4361,9.455,9.435,9.455,156946
2026-03-06 11:45:00,9.455,9.4799,9.455,9.4701,47299
2026-03-06 11:50:00,9.475,9.485,9.47,9.48,118157
2026-03-06 11:55:00,9.48,9.48,9.465,9.4701,78960
2026-03-06 12:00:00,9.47,9.47,9.46,9.465,47241
2026-03-06 12:05:00,9.46,9.48,9.46,9.48,33418
2026-03-06 12:10:00,9.485,9.495,9.48,9.495,8143
2026-03-06 12:15:00,9.4999,9.5099,9.4971,9.5088,50090
2026-03-06 12:20:00,9.505,9.515,9.5006,9.51,112963
2026-03-06 12:25:00,9.515,9.515,9.5,9.5101,25776
2026-03-06 12:30:00,9.51,9.51,9.5,9.505,20542
2026-03-06 12:35:00,9.51,9.5113,9.505,9.505,12667
2026-03-06 12:40:00,9.5,9.5,9.495,9.498,7941
2026-03-06 12:45:00,9.4999,9.5213,9.4999,9.5201,39883
2026-03-06 12:50:00,9.5201,9.5201,9.5101,9.5101,11766
2026-03-06 12:55:00,9.5099,9.515,9.505,9.505,3412
2026-03-06 13:00:00,9.5094,9.535,9.5094,9.525,60274
2026-03-06 13:05:00,9.5299,9.535,9.5287,9.535,40939
2026-03-06 13:10:00,9.5399,9.545,9.5308,9.5308,12301
2026-03-06 13:15:00,9.53,9.5399,9.525,9.535,38193
2026-03-06 13:20:00,9.535,9.535,9.53,9.535,9681
2026-03-06 13:25:00,9.535,9.535,9.525,9.525,39799
2026-03-06 13:30:00,9.525,9.535,9.5218,9.5218,48661
2026-03-06 13:35:00,9.5299,9.535,9.5282,9.53,400081
2026-03-06 13:45:00,9.525,9.525,9.52,9.5201,2193
2026-03-06 13:50:00,9.52,9.525,9.515,9.515,12649
2026-03-06 13:55:00,9.515,9.515,9.515,9.515,13187
2026-03-06 14:00:00,9.52,9.52,9.515,9.515,19175
2026-03-06 14:05:00,9.515,9.5171,9.515,9.515,700
2026-03-06 14:10:00,9.52,9.525,9.52,9.525,10362
2026-03-06 14:15:00,9.525,9.525,9.525,9.525,100
2026-03-06 14:20:00,9.525,9.525,9.5101,9.5101,19716
2026-03-06 14:25:00,9.51,9.51,9.51,9.51,100
2026-03-06 14:30:00,9.51,9.51,9.51,9.51,100
2026-03-06 14:35:00,9.515,9.5199,9.5101,9.515,5938
2026-03-06 14:40:00,9.515,9.515,9.515,9.515,10987
2026-03-06 14:45:00,9.52,9.52,9.5199,9.52,13391
2026-03-06 14:50:00,9.5261,9.5299,9.5201,9.5201,8820
2026-03-06 14:55:00,9.53,9.535,9.5001,9.5099,49654
2026-03-06 15:00:00,9.505,9.505,9.49,9.49,75743
2026-03-06 15:05:00,9.485,9.49,9.485,9.49,26182
2026-03-06 15:10:00,9.495,9.495,9.485,9.485,20042
2026-03-06 15:15:00,9.4801,9.49,9.4801,9.49,17270
2026-03-06 15:25:00,9.485,9.485,9.48,9.4801,17836
2026-03-06 15:30:00,9.475,9.475,9.475,9.475,200
2026-03-06 15:35:00,9.48,9.48,9.47,9.4796,47692
2026-03-06 15:40:00,9.4794,9.48,9.475,9.48,13641
2026-03-06 15:45:00,9.4732,9.475,9.4732,9.475,10493
2026-03-06 15:50:00,9.47,9.475,9.47,9.475,22880
2026-03-06 15:55:00,9.47,9.475,9.465,9.465,34045
2026-03-06 16:00:00,9.46,9.48,9.46,9.48,17755
2026-03-06 16:10:00,9.48,9.48,9.48,9.48,3300
2026-03-06 16:20:00,9.48,9.48,9.48,9.48,200
2026-03-06 17:20:00,9.4,9.4,9.4,9.4,1000
2026-03-06 17:25:00,9.4351,9.4351,9.4351,9.4351,2000
2026-03-06 17:30:00,9.45,9.45,9.45,9.45,749
2026-03-09 04:00:00,9.4,9.4,9.4,9.4,100
2026-03-09 07:15:00,9.43,9.43,9.43,9.43,18900
2026-03-09 07:20:00,9.43,9.44,9.43,9.44,1000
2026-03-09 07:25:00,9.43,9.43,9.43,9.43,250
2026-03-09 07:35:00,9.44,9.44,9.43,9.43,500
2026-03-09 07:40:00,9.43,9.44,9.43,9.44,500
2026-03-09 07:45:00,9.44,9.44,9.44,9.44,500
2026-03-09 07:55:00,9.43,9.43,9.43,9.43,250
2026-03-09 08:00:00,9.43,9.43,9.33,9.38,27726
2026-03-09 08:10:00,9.43,9.43,9.43,9.43,350
2026-03-09 08:20:00,9.44,9.46,9.44,9.46,350
2026-03-09 08:40:00,9.42,9.42,9.42,9.42,250
2026-03-09 08:55:00,9.4294,9.4294,9.4294,9.4294,5000
2026-03-09 09:10:00,9.44,9.44,9.44,9.44,250
2026-03-09 09:30:00,9.43,9.46,9.43,9.46,5112
2026-03-09 09:35:00,9.46,9.4699,9.445,9.445,6589
2026-03-09 09:40:00,9.435,9.435,9.425,9.43,4626
2026-03-09 09:45:00,9.43,9.465,9.43,9.465,14560
2026-03-09 09:50:00,9.4601,9.475,9.455,9.455,17400
2026-03-09 09:55:00,9.47,9.48,9.4699,9.475,25681
2026-03-09 10:00:00,9.4734,9.48,9.4734,9.4787,26060
2026-03-09 10:05:00,9.465,9.465,9.455,9.455,5800
2026-03-09 10:10:00,9.4461,9.4601,9.445,9.46,29400
2026-03-09 10:15:00,9.46,9.4799,9.46,9.4719,75126
2026-03-09 10:20:00,9.475,9.4951,9.475,9.485,74941
2026-03-09 10:25:00,9.485,9.4882,9.4699,9.4852,17250
2026-03-09 10:30:00,9.48,9.49,9.48,9.485,58255
2026-03-09 10:35:00,9.475,9.49,9.475,9.49,94564
2026-03-09 10:40:00,9.49,9.49,9.48,9.49,108390
2026-03-09 10:45:00,9.4992,9.4992,9.49,9.49,4680
2026-03-09 10:50:00,9.49,9.495,9.485,9.4916,30949
2026-03-09 10:55:00,9.495,9.5,9.485,9.49,15863
2026-03-09 11:00:00,9.49,9.52,9.485,9.52,81281
2026-03-09 11:05:00,9.5213,9.53,9.515,9.5199,75082
2026-03-09 11:10:00,9.515,9.525,9.515,9.52,45911
2026-03-09 11:15:00,9.5199,9.535,9.5184,9.535,8107
2026-03-09 11:20:00,9.5301,9.5377,9.5301,9.5318,2760
2026-03-09 11:25:00,9.53,9.5303,9.525,9.5299,16405
2026-03-09 11:30:00,9.54,9.55,9.535,9.5399,43493
2026-03-09 11:35:00,9.5423,9.545,9.535,9.5397,29279
2026-03-09 11:40:00,9.54,9.5414,9.535,9.5414,7688
2026-03-09 11:45:00,9.54,9.54,9.54,9.54,2732
2026-03-09 11:50:00,9.5499,9.55,9.5499,9.55,19806
2026-03-09 11:55:00,9.55,9.55,9.545,9.545,574
2026-03-09 12:00:00,9.55,9.55,9.545,9.545,3500
2026-03-09 12:05:00,9.545,9.555,9.54,9.555,31482
2026-03-09 12:10:00,9.555,9.555,9.555,9.555,19800
2026-03-09 12:15:00,9.55,9.555,9.55,9.555,14919
2026-03-09 12:20:00,9.555,9.5599,9.545,9.555,42481
2026-03-09 12:25:00,9.555,9.57,9.5501,9.5599,50196
2026-03-09 12:30:00,9.55,9.5566,9.55,9.555,18800
2026-03-09 12:35:00,9.5585,9.5702,9.5585,9.5698,6103
2026-03-09 12:40:00,9.565,9.5798,9.565,9.5761,17403
2026-03-09 12:45:00,9.58,9.5898,9.58,9.5898,138205
2026-03-09 12:50:00,9.585,9.585,9.5839,9.5839,15481
2026-03-09 12:55:00,9.575,9.575,9.565,9.565,10533
2026-03-09 13:00:00,9.565,9.565,9.5569,9.565,24433
2026-03-09 13:05:00,9.56,9.565,9.55,9.55,24798
2026-03-09 13:10:00,9.56,9.5616,9.555,9.555,34087
2026-03-09 13:15:00,9.56,9.565,9.56,9.56,39662
2026-03-09 13:20:00,9.565,9.5761,9.565,9.5761,43912
2026-03-09 13:25:00,9.575,9.575,9.57,9.57,200
2026-03-09 13:30:00,9.575,9.58,9.5729,9.5731,42723
2026-03-09 13:35:00,9.57,9.57,9.57,9.57,100
2026-03-09 13:40:00,9.5785,9.5785,9.565,9.565,26047
2026-03-09 13:45:00,9.5699,9.5699,9.5601,9.5606,18146
2026-03-09 13:50:00,9.565,9.5699,9.56,9.565,25718
2026-03-09 13:55:00,9.565,9.565,9.565,9.565,100
2026-03-09 14:00:00,9.57,9.57,9.57,9.57,5500
2026-03-09 14:05:00,9.575,9.5882,9.575,9.58,30617
2026-03-09 14:10:00,9.58,9.585,9.575,9.575,68755
2026-03-09 14:15:00,9.575,9.585,9.565,9.565,52627
2026-03-09 14:20:00,9.565,9.575,9.565,9.57,51604
2026-03-09 14:25:00,9.57,9.57,9.57,9.57,1536
2026-03-09 14:30:00,9.57,9.5701,9.565,9.57,32807
2026-03-09 14:35:00,9.5745,9.5745,9.5651,9.5651,34512
2026-03-09 14:40:00,9.565,9.57,9.565,9.5699,25989
2026-03-09 14:45:00,9.5701,9.5703,9.565,9.565,96533
2026-03-09 14:50:00,9.565,9.57,9.565,9.5667,24600
2026-03-09 14:55:00,9.565,9.57,9.5601,9.5698,23485
2026-03-09 15:00:00,9.565,9.5699,9.565,9.565,689
2026-03-09 15:05:00,9.565,9.565,9.565,9.565,2628
2026-03-09 15:10:00,9.57,9.57,9.565,9.565,1476
2026-03-09 15:15:00,9.575,9.605,9.575,9.6001,129133
2026-03-09 15:20:00,9.605,9.6199,9.6001,9.6139,173021
2026-03-09 15:25:00,9.6101,9.6101,9.5901,9.595,116157
2026-03-09 15:30:00,9.595,9.6086,9.595,9.605,65512
2026-03-09 15:35:00,9.605,9.625,9.6025,9.62,44629
2026-03-09 15:40:00,9.62,9.625,9.615,9.625,84347
2026-03-09 15:45:00,9.625,9.625,9.6204,9.6204,11500
2026-03-09 15:50:00,9.6298,9.63,9.625,9.625,87582
2026-03-09 15:55:00,9.625,9.625,9.61,9.615,229538
2026-03-09 16:00:00,9.615,9.615,9.61,9.61,11293
2026-03-09 16:10:00,9.61,9.61,9.61,9.61,3350
2026-03-09 16:20:00,9.6,9.6,9.6,9.6,100
2026-03-09 16:30:00,9.61,9.61,9.61,9.61,1200
2026-03-09 16:40:00,9.61,9.61,9.61,9.61,200
2026-03-09 16:50:00,9.61,9.61,9.61,9.61,300
2026-03-10 05:05:00,9.6,9.61,9.6,9.61,350
2026-03-10 05:30:00,9.57,9.57,9.57,9.57,250
2026-03-10 05:40:00,9.57,9.57,9.57,9.57,2884
2026-03-10 07:15:00,9.48,9.48,9.48,9.48,3164
2026-03-10 07:35:00,9.47,9.47,9.47,9.47,100
2026-03-10 07:45:00,9.46,9.46,9.46,9.46,100
2026-03-10 08:00:00,9.6,9.61,9.47,9.47,2742
2026-03-10 08:10:00,9.48,9.49,9.48,9.49,2400
2026-03-10 08:15:00,9.47,9.48,9.47,9.48,2750
2026-03-10 08:20:00,9.49,9.49,9.49,9.49,950
2026-03-10 08:40:00,9.48,9.48,9.48,9.48,500
2026-03-10 08:50:00,9.4995,9.5,9.4995,9.5,962
2026-03-10 09:05:00,9.5,9.5,9.5,9.5,750
2026-03-10 09:30:00,9.5,9.52,9.5,9.5,18043
2026-03-10 09:35:00,9.495,9.5199,9.495,9.5199,11036
2026-03-10 09:40:00,9.52,9.52,9.51,9.51,4400
2026-03-10 09:45:00,9.5081,9.5081,9.5,9.505,16857
2026-03-10 09:50:00,9.51,9.51,9.5,9.51,1783
2026-03-10 09:55:00,9.515,9.515,9.51,9.51,12130
2026-03-10 10:00:00,9.51,9.52,9.5092,9.5101,53750
2026-03-10 10:05:00,9.51,9.51,9.49,9.49,13600
2026-03-10 10:10:00,9.49,9.505,9.49,9.505,15139
2026-03-10 10:15:00,9.51,9.51,9.51,9.51,850
2026-03-10 10:20:00,9.51,9.51,9.509,9.51,38900
2026-03-10 10:25:00,9.51,9.515,9.51,9.51,27000
2026-03-10 10:30:00,9.5099,9.515,9.5099,9.51,56101
2026-03-10 10:35:00,9.51,9.51,9.5061,9.51,42124
2026-03-10 10:40:00,9.5201,9.5201,9.51,9.51,9871
2026-03-10 10:45:00,9.515,9.515,9.5083,9.51,90955
2026-03-10 10:50:00,9.5101,9.515,9.5001,9.5139,92036
2026-03-10 10:55:00,9.5125,9.5125,9.495,9.5001,111460
2026-03-10 11:00:00,9.505,9.5201,9.505,9.5201,49196
2026-03-10 11:05:00,9.5202,9.5299,9.52,9.52,20143
2026-03-10 11:10:00,9.52,9.535,9.515,9.535,101258
2026-03-10 11:15:00,9.53,9.53,9.5265,9.5265,3197
2026-03-10 11:20:00,9.52,9.525,9.52,9.52,18062
2026-03-10 11:25:00,9.52,9.52,9.52,9.52,311
2026-03-10 11:30:00,9.51,9.51,9.505,9.505,3531
2026-03-10 11:35:00,9.505,9.53,9.505,9.53,53376
2026-03-10 11:40:00,9.53,9.535,9.5222,9.5222,38893
2026-03-10 11:45:00,9.52,9.5239,9.515,9.52,101036
2026-03-10 11:50:00,9.52,9.526,9.52,9.5201,19141
2026-03-10 11:55:00,9.525,9.53,9.525,9.525,34506
2026-03-10 12:00:00,9.5299,9.535,9.525,9.5302,37915
2026-03-10 12:05:00,9.53,9.53,9.52,9.52,3076
2026-03-10 12:10:00,9.51,9.515,9.505,9.51,111337
2026-03-10 12:15:00,9.52,9.5202,9.515,9.5201,41617
2026-03-10 12:20:00,9.5291,9.5291,9.52,9.5201,1242
2026-03-10 12:25:00,9.52,9.52,9.515,9.515,16172
2026-03-10 12:30:00,9.515,9.5294,9.515,9.5201,43954
2026-03-10 12:35:00,9.5288,9.5301,9.5288,9.5301,3894
2026-03-10 12:40:00,9.53,9.53,9.52,9.5201,138173
2026-03-10 12:45:00,9.51,9.51,9.505,9.505,21738
2026-03-10 12:50:00,9.505,9.5199,9.505,9.515,106337
2026-03-10 12:55:00,9.515,9.515,9.51,9.51,24210
2026-03-10 13:00:00,9.505,9.52,9.5,9.505,47052
2026-03-10 13:05:00,9.5089,9.51,9.505,9.505,1797
2026-03-10 13:10:00,9.51,9.515,9.5001,9.505,8044
2026-03-10 13:15:00,9.51,9.52,9.5094,9.5198,11126
2026-03-10 13:20:00,9.52,9.52,9.5025,9.5025,11105
2026-03-10 13:25:00,9.5,9.5,9.5,9.5,100
2026-03-10 13:30:00,9.505,9.505,9.485,9.485,652
2026-03-10 13:35:00,9.4839,9.4839,9.475,9.475,727
2026-03-10 13:40:00,9.475,9.4899,9.4701,9.4701,17894
2026-03-10 13:45:00,9.4799,9.4803,9.4732,9.48,51052
2026-03-10 13:50:00,9.4799,9.485,9.4799,9.485,12089
2026-03-10 13:55:00,9.48,9.485,9.475,9.485,28414
2026-03-10 14:00:00,9.48,9.4802,9.475,9.48,25960
2026-03-10 14:05:00,9.48,9.4803,9.465,9.465,10499
2026-03-10 14:10:00,9.46,9.465,9.45,9.45,11147
2026-03-10 14:15:00,9.445,9.4499,9.425,9.4301,29657
2026-03-10 14:20:00,9.43,9.445,9.415,9.445,32854
2026-03-10 14:25:00,9.4499,9.46,9.4499,9.455,38940
2026-03-10 14:30:00,9.46,9.4692,9.46,9.4692,6211
2026-03-10 14:35:00,9.465,9.47,9.46,9.47,45529
2026-03-10 14:40:00,9.46,9.46,9.455,9.455,3500
2026-03-10 14:45:00,9.455,9.455,9.445,9.45,13088
2026-03-10 14:50:00,9.445,9.455,9.445,9.4501,10900
2026-03-10 14:55:00,9.45,9.4599,9.45,9.4599,30131
2026-03-10 15:00:00,9.45,9.45,9.445,9.445,11236
2026-03-10 15:05:00,9.445,9.45,9.445,9.45,52818
2026-03-10 15:10:00,9.45,9.4599,9.45,9.455,48720
2026-03-10 15:15:00,9.455,9.4609,9.455,9.46,17480
2026-03-10 15:20:00,9.45,9.45,9.445,9.45,3062
2026-03-10 15:25:00,9.445,9.45,9.44,9.44,2047
2026-03-10 15:30:00,9.44,9.44,9.435,9.435,19765
2026-03-10 15:35:00,9.4375,9.4375,9.43,9.43,6090
2026-03-10 15:40:00,9.42,9.435,9.415,9.43,71412
2026-03-10 15:45:00,9.43,9.4397,9.42,9.43,113529
2026-03-10 15:50:00,9.4299,9.435,9.42,9.4248,118144
2026-03-10 15:55:00,9.425,9.4299,9.42,9.425,30273
2026-03-10 16:00:00,9.42,9.42,9.42,9.42,2798
2026-03-10 16:10:00,9.42,9.42,9.42,9.42,100
2026-03-10 16:20:00,9.42,9.42,9.42,9.42,100
2026-03-10 16:25:00,9.42,9.42,9.4182,9.4182,1000
2026-03-10 16:45:00,9.42,9.42,9.42,9.42,200
2026-03-10 16:55:00,9.41,9.41,9.41,9.41,1000
2026-03-10 17:10:00,9.4177,9.4177,9.4177,9.4177,1750
2026-03-10 19:50:00,9.47,9.47,9.47,9.47,462
2026-03-11 07:20:00,9.38,9.39,9.37,9.38,4251
2026-03-11 07:25:00,9.36,9.38,9.36,9.36,5909
2026-03-11 07:30:00,9.36,9.36,9.36,9.36,500
2026-03-11 07:40:00,9.36,9.36,9.36,9.36,15000
2026-03-11 08:25:00,9.35,9.35,9.3439,9.3439,700
2026-03-11 08:30:00,9.37,9.38,9.36,9.38,440
2026-03-11 08:40:00,9.32,9.32,9.31,9.31,1200
2026-03-11 08:45:00,9.3098,9.3098,9.29,9.3094,12727
2026-03-11 08:55:00,9.31,9.31,9.31,9.31,400
2026-03-11 09:00:00,9.3087,9.3087,9.3087,9.3087,300
2026-03-11 09:05:00,9.31,9.31,9.31,9.31,650
2026-03-11 09:20:00,9.31,9.31,9.31,9.31,200
2026-03-11 09:30:00,9.32,9.32,9.31,9.312,20798
2026-03-11 09:35:00,9.32,9.32,9.305,9.305,112125
2026-03-11 09:40:00,9.31,9.31,9.3,9.3,23214
2026-03-11 09:45:00,9.29,9.3,9.29,9.2999,6570
2026-03-11 09:50:00,9.3,9.3,9.3,9.3,958
2026-03-11 09:55:00,9.3,9.3,9.295,9.2997,3289
2026-03-11 10:00:00,9.31,9.33,9.3001,9.3001,79191
2026-03-11 10:05:00,9.305,9.305,9.2989,9.2989,1979
2026-03-11 10:10:00,9.295,9.305,9.295,9.295,40384
2026-03-11 10:15:00,9.3,9.305,9.2987,9.3008,5026
2026-03-11 10:20:00,9.305,9.305,9.295,9.3,62779
2026-03-11 10:25:00,9.295,9.295,9.29,9.29,8600
2026-03-11 10:30:00,9.295,9.295,9.2701,9.2701,9470
2026-03-11 10:35:00,9.2798,9.2798,9.275,9.275,5100
2026-03-11 10:40:00,9.275,9.2799,9.275,9.2799,24425
2026-03-11 10:45:00,9.2701,9.275,9.2701,9.275,19908
2026-03-11 10:50:00,9.27,9.27,9.26,9.26,54936
2026-03-11 10:55:00,9.26,9.2799,9.26,9.2701,159530
2026-03-11 11:00:00,9.27,9.27,9.255,9.26,42184
2026-03-11 11:05:00,9.2587,9.2689,9.2587,9.2601,76780
2026-03-11 11:10:00,9.26,9.26,9.25,9.25,3395
2026-03-11 11:15:00,9.2559,9.2599,9.25,9.25,12124
2026-03-11 11:20:00,9.25,9.2502,9.25,9.25,2700
2026-03-11 11:25:00,9.25,9.2599,9.2401,9.2401,101823
2026-03-11 11:30:00,9.24,9.25,9.2311,9.2311,12287
2026-03-11 11:35:00,9.24,9.2499,9.24,9.2499,26534
2026-03-11 11:40:00,9.2499,9.2499,9.23,9.23,1488
2026-03-11 11:45:00,9.2299,9.23,9.2239,9.225,35327
2026-03-11 11:50:00,9.23,9.23,9.22,9.225,124327
2026-03-11 11:55:00,9.23,9.23,9.215,9.215,48477
2026-03-11 12:00:00,9.215,9.2299,9.215,9.22,46301
2026-03-11 12:05:00,9.22,9.2287,9.215,9.225,207297
2026-03-11 12:10:00,9.22,9.2369,9.22,9.235,47388
2026-03-11 12:15:00,9.235,9.235,9.23,9.23,3011
2026-03-11 12:20:00,9.2399,9.2399,9.225,9.2303,84806
2026-03-11 12:25:00,9.23,9.2355,9.23,9.2355,15721
2026-03-11 12:30:00,9.235,9.245,9.235,9.2402,52008
2026-03-11 12:35:00,9.2401,9.25,9.24,9.24,39256
2026-03-11 12:40:00,9.245,9.25,9.245,9.25,25874
2026-03-11 12:45:00,9.25,9.25,9.235,9.235,13946
2026-03-11 12:50:00,9.2303,9.24,9.2299,9.24,42551
2026-03-11 12:55:00,9.235,9.235,9.235,9.235,12653
2026-03-11 13:00:00,9.23,9.2399,9.215,9.2234,92040
2026-03-11 13:05:00,9.225,9.2354,9.225,9.2354,29468
2026-03-11 13:10:00,9.22,9.22,9.21,9.215,43335
2026-03-11 13:15:00,9.215,9.215,9.205,9.21,13158
2026-03-11 13:20:00,9.2099,9.2199,9.205,9.215,122837
2026-03-11 13:25:00,9.215,9.2184,9.2101,9.215,12075
2026-03-11 13:30:00,9.215,9.2199,9.21,9.21,55097
2026-03-11 13:35:00,9.2,9.2,9.19,9.195,108837
2026-03-11 13:40:00,9.1983,9.2,9.195,9.1999,44632
2026-03-11 13:45:00,9.2003,9.2299,9.2,9.2201,63706
2026-03-11 13:50:00,9.2187,9.2299,9.215,9.215,31398
2026-03-11 13:55:00,9.22,9.2224,9.2161,9.2203,92445
2026-03-11 14:00:00,9.2201,9.2201,9.215,9.22,23212
2026-03-11 14:05:00,9.225,9.235,9.225,9.2301,11098
2026-03-11 14:10:00,9.2301,9.235,9.23,9.2301,6029
2026-03-11 14:15:00,9.235,9.235,9.235,9.235,191
2026-03-11 14:20:00,9.235,9.2399,9.23,9.23,8549
2026-03-11 14:25:00,9.23,9.23,9.225,9.225,19144
2026-03-11 14:30:00,9.225,9.23,9.225,9.2299,2362
2026-03-11 14:35:00,9.225,9.225,9.225,9.225,1350
2026-03-11 14:40:00,9.2201,9.2298,9.2201,9.2298,10215
2026-03-11 14:45:00,9.225,9.2381,9.225,9.2381,15313
2026-03-11 14:50:00,9.23,9.2397,9.23,9.2397,4100
2026-03-11 14:55:00,9.2313,9.235,9.22,9.22,10391
2026-03-11 15:00:00,9.225,9.2299,9.22,9.22,8630
2026-03-11 15:05:00,9.225,9.2294,9.225,9.225,30389
2026-03-11 15:10:00,9.23,9.2301,9.225,9.225,25198
2026-03-11 15:15:00,9.225,9.2339,9.225,9.23,15845
2026-03-11 15:20:00,9.235,9.235,9.23,9.23,9357
2026-03-11 15:25:00,9.225,9.225,9.225,9.225,1470
2026-03-11 15:30:00,9.22,9.2239,9.215,9.22,47899
2026-03-11 15:35:00,9.215,9.22,9.215,9.215,1629
2026-03-11 15:40:00,9.215,9.225,9.215,9.22,31929
2026-03-11 15:45:00,9.2199,9.22,9.2199,9.22,8526
2026-03-11 15:50:00,9.215,9.22,9.21,9.21,15610
2026-03-11 15:55:00,9.215,9.215,9.2,9.2,11717
2026-03-11 16:00:00,9.205,9.21,9.195,9.2,6856
2026-03-11 16:05:00,9.19,9.19,9.19,9.19,3900
2026-03-11 16:10:00,9.18,9.18,9.17,9.17,250
2026-03-11 16:15:00,9.17,9.17,9.17,9.17,600
2026-03-11 16:20:00,9.17,9.17,9.17,9.17,100
2026-03-11 16:35:00,9.19,9.19,9.19,9.19,100
2026-03-11 16:50:00,9.17,9.17,9.17,9.17,4015
2026-03-11 18:35:00,9.2182,9.2182,9.2182,9.2182,400
2026-03-12 07:40:00,9.2,9.2,9.2,9.2,250
2026-03-12 07:45:00,9.19,9.19,9.19,9.19,800
2026-03-12 07:50:00,9.19,9.19,9.19,9.19,900
2026-03-12 08:00:00,9.18,9.18,9.18,9.18,1000
2026-03-12 08:05:00,9.16,9.17,9.16,9.17,5650
2026-03-12 08:15:00,9.1974,9.1974,9.1974,9.1974,5000
2026-03-12 08:50:00,9.18,9.18,9.18,9.18,200
2026-03-12 09:10:00,9.18,9.18,9.18,9.18,400
2026-03-12 09:15:00,9.17,9.17,9.17,9.17,300
2026-03-12 09:20:00,9.18,9.18,9.18,9.18,2000
2026-03-12 09:25:00,9.1805,9.1805,9.16,9.16,2000
2026-03-12 09:30:00,9.17,9.17,9.15,9.1661,40029
2026-03-12 09:35:00,9.1684,9.17,9.15,9.17,113737
2026-03-12 09:40:00,9.17,9.17,9.164,9.17,59654
2026-03-12 09:45:00,9.17,9.17,9.165,9.1692,37100
2026-03-12 09:50:00,9.1807,9.1899,9.18,9.1899,19500
2026-03-12 09:55:00,9.185,9.1901,9.18,9.1901,50471
2026-03-12 10:00:00,9.1998,9.2005,9.1998,9.1999,37282
2026-03-12 10:05:00,9.2,9.205,9.195,9.195,68356
2026-03-12 10:10:00,9.195,9.195,9.195,9.195,3620
2026-03-12 10:15:00,9.1927,9.2,9.19,9.2,122336
2026-03-12 10:20:00,9.205,9.215,9.1929,9.21,112467
2026-03-12 10:25:00,9.205,9.215,9.205,9.21,58145
2026-03-12 10:30:00,9.2003,9.205,9.195,9.195,19162
2026-03-12 10:35:00,9.1998,9.205,9.1899,9.19,80546
2026-03-12 10:40:00,9.195,9.21,9.195,9.21,15979
2026-03-12 10:45:00,9.2081,9.22,9.1999,9.1999,50107
2026-03-12 10:50:00,9.2,9.2161,9.2,9.215,52857
2026-03-12 10:55:00,9.21,9.215,9.21,9.215,37306
2026-03-12 11:00:00,9.215,9.215,9.19,9.19,38896
2026-03-12 11:05:00,9.19,9.195,9.18,9.1802,85168
2026-03-12 11:10:00,9.1813,9.1899,9.1701,9.1801,102994
2026-03-12 11:15:00,9.1803,9.1839,9.173,9.1815,114364
2026-03-12 11:20:00,9.18,9.18,9.1701,9.1739,142051
2026-03-12 11:25:00,9.175,9.18,9.1661,9.1699,108764
2026-03-12 11:30:00,9.17,9.1799,9.17,9.1799,14419
2026-03-12 11:35:00,9.18,9.2099,9.1799,9.2099,93766
2026-03-12 11:40:00,9.205,9.2139,9.1997,9.21,94162
2026-03-12 11:45:00,9.2099,9.22,9.1999,9.1999,132837
2026-03-12 11:50:00,9.195,9.2001,9.1901,9.195,192548
2026-03-12 11:55:00,9.195,9.195,9.195,9.195,300
2026-03-12 12:00:00,9.19,9.195,9.1801,9.185,73487
2026-03-12 12:05:00,9.1876,9.19,9.1799,9.1799,23245
2026-03-12 12:10:00,9.18,9.19,9.18,9.185,25207
2026-03-12 12:15:00,9.19,9.195,9.19,9.19,60586
2026-03-12 12:20:00,9.19,9.205,9.1898,9.1901,43804
2026-03-12 12:25:00,9.185,9.19,9.185,9.19,801
2026-03-12 12:30:00,9.1801,9.185,9.1801,9.185,855
2026-03-12 12:35:00,9.1999,9.21,9.1939,9.2,32343
2026-03-12 12:40:00,9.2033,9.215,9.2033,9.21,16212
2026-03-12 12:45:00,9.2099,9.2101,9.2094,9.2101,25774
2026-03-12 12:50:00,9.2113,9.2113,9.205,9.2099,26740
2026-03-12 12:55:00,9.205,9.2065,9.1901,9.1982,2879
2026-03-12 13:00:00,9.2,9.22,9.195,9.2198,120909
2026-03-12 13:05:00,9.215,9.2201,9.21,9.22,13058
2026-03-12 13:10:00,9.22,9.22,9.2198,9.22,3200
2026-03-12 13:15:00,9.215,9.215,9.21,9.21,21620
2026-03-12 13:20:00,9.205,9.21,9.205,9.21,5473
2026-03-12 13:25:00,9.225,9.225,9.225,9.225,19682
2026-03-12 13:30:00,9.225,9.235,9.225,9.2301,27237
2026-03-12 13:35:00,9.24,9.25,9.24,9.245,145200
2026-03-12 13:40:00,9.2401,9.2401,9.225,9.225,32883
2026-03-12 13:45:00,9.225,9.2399,9.22,9.2399,21964
2026-03-12 13:50:00,9.235,9.235,9.2301,9.2301,19609
2026-03-12 13:55:00,9.23,9.23,9.2239,9.2239,83306
2026-03-12 14:00:00,9.225,9.225,9.22,9.2201,43132
2026-03-12 14:05:00,9.2201,9.225,9.215,9.22,36423
2026-03-12 14:10:00,9.225,9.235,9.225,9.23,88118
2026-03-12 14:15:00,9.23,9.23,9.22,9.22,1972
2026-03-12 14:20:00,9.22,9.225,9.215,9.2229,58067
2026-03-12 14:25:00,9.225,9.2303,9.223,9.223,36550
2026-03-12 14:30:00,9.22,9.23,9.22,9.2299,19523
2026-03-12 14:35:00,9.23,9.23,9.2299,9.23,1504
2026-03-12 14:40:00,9.225,9.225,9.2236,9.2236,2438
2026-03-12 14:45:00,9.225,9.225,9.225,9.225,7720
2026-03-12 14:50:00,9.225,9.225,9.225,9.225,2130
2026-03-12 14:55:00,9.2201,9.2201,9.1901,9.195,72076
2026-03-12 15:00:00,9.19,9.2,9.185,9.2,85014
2026-03-12 15:05:00,9.2001,9.2001,9.1901,9.2,75459
2026-03-12 15:10:00,9.2,9.2,9.19,9.19,12291
2026-03-12 15:15:00,9.195,9.2,9.195,9.195,3148
2026-03-12 15:20:00,9.1901,9.195,9.1901,9.195,1344
2026-03-12 15:25:00,9.195,9.2,9.194,9.1999,43603
2026-03-12 15:30:00,9.195,9.2101,9.195,9.2101,16076
2026-03-12 15:35:00,9.215,9.2153,9.2139,9.2139,8691
2026-03-12 15:40:00,9.215,9.22,9.2117,9.22,4330
2026-03-12 15:45:00,9.22,9.23,9.215,9.23,93600
2026-03-12 15:50:00,9.225,9.225,9.2201,9.225,51485
2026-03-12 15:55:00,9.225,9.225,9.21,9.215,70288
2026-03-12 16:00:00,9.215,9.215,9.21,9.21,13313
2026-03-12 16:25:00,9.19,9.19,9.19,9.19,1200
2026-03-12 16:30:00,9.19,9.19,9.19,9.19,1677
2026-03-12 16:40:00,9.2,9.2,9.2,9.2,1327
2026-03-12 16:45:00,9.2,9.2,9.2,9.2,100
2026-03-12 16:50:00,9.19,9.19,9.19,9.19,500
2026-03-13 04:00:00,9.18,9.18,9.18,9.18,6000
2026-03-13 05:45:00,9.19,9.19,9.18,9.18,1250
2026-03-13 07:15:00,9.19,9.2,9.19,9.19,4364
2026-03-13 07:20:00,9.19,9.21,9.19,9.21,3450
2026-03-13 07:25:00,9.19,9.19,9.19,9.19,3662
2026-03-13 08:00:00,9.19,9.19,9.16,9.16,33311
2026-03-13 08:15:00,9.16,9.17,9.16,9.17,16000
2026-03-13 08:25:00,9.15,9.15,9.14,9.15,29100
2026-03-13 08:35:00,9.16,9.18,9.16,9.18,1450
2026-03-13 09:30:00,9.18,9.19,9.18,9.19,3788
2026-03-13 09:35:00,9.195,9.2,9.19,9.2,28897
2026-03-13 09:40:00,9.205,9.21,9.1999,9.1999,11520
2026-03-13 09:45:00,9.1999,9.2069,9.1999,9.2069,25972
2026-03-13 09:50:00,9.2002,9.22,9.2002,9.2161,56800
2026-03-13 09:55:00,9.215,9.22,9.2123,9.22,10860
2026-03-13 10:00:00,9.2102,9.2186,9.21,9.2186,18137
2026-03-13 10:05:00,9.215,9.215,9.21,9.21,39684
2026-03-13 10:10:00,9.21,9.21,9.205,9.205,1300
2026-03-13 10:15:00,9.2039,9.2161,9.2039,9.2161,64281
2026-03-13 10:20:00,9.22,9.225,9.2099,9.2099,89785
2026-03-13 10:25:00,9.21,9.2101,9.205,9.2099,105785
2026-03-13 10:30:00,9.21,9.21,9.21,9.21,25200
2026-03-13 10:35:00,9.215,9.215,9.2,9.2,41340
2026-03-13 10:40:00,9.2,9.2,9.19,9.19,25483
2026-03-13 10:45:00,9.18,9.1917,9.18,9.1901,78874
2026-03-13 10:50:00,9.2,9.2006,9.195,9.195,79358
2026-03-13 10:55:00,9.195,9.2,9.185,9.1999,136808
2026-03-13 11:00:00,9.1927,9.1927,9.1561,9.16,140106
2026-03-13 11:05:00,9.17,9.17,9.1603,9.1603,17510
2026-03-13 11:10:00,9.1601,9.1616,9.1499,9.1598,139311
2026-03-13 11:15:00,9.155,9.16,9.15,9.155,12507
2026-03-13 11:20:00,9.1509,9.1599,9.145,9.1461,20660
2026-03-13 11:25:00,9.14,9.1599,9.14,9.15,34002
2026-03-13 11:30:00,9.15,9.16,9.14,9.16,63768
2026-03-13 11:35:00,9.155,9.1597,9.1361,9.1399,51152
2026-03-13 11:40:00,9.1361,9.1399,9.13,9.1301,63905
2026-03-13 11:45:00,9.135,9.1499,9.135,9.1417,47167
2026-03-13 11:50:00,9.14,9.14,9.125,9.13,96458
2026-03-13 11:55:00,9.125,9.1299,9.12,9.1299,55730
2026-03-13 12:00:00,9.125,9.125,9.125,9.125,33028
2026-03-13 12:05:00,9.13,9.13,9.125,9.125,3236
2026-03-13 12:10:00,9.1297,9.13,9.12,9.1201,30757
2026-03-13 12:15:00,9.1201,9.135,9.12,9.1302,44353
2026-03-13 12:25:00,9.13,9.13,9.1299,9.1299,10999
2026-03-13 12:30:00,9.125,9.125,9.1198,9.12,409269
2026-03-13 12:35:00,9.12,9.1201,9.12,9.1201,2401
2026-03-13 12:40:00,9.12,9.12,9.115,9.115,12063
2026-03-13 12:45:00,9.1199,9.125,9.1178,9.1201,49566
2026-03-13 12:55:00,9.13,9.13,9.12,9.12,14163
2026-03-13 13:00:00,9.125,9.125,9.12,9.125,878
2026-03-13 13:05:00,9.12,9.1299,9.11,9.125,14960
2026-03-13 13:10:00,9.12,9.135,9.12,9.1301,5515
2026-03-13 13:15:00,9.135,9.1399,9.1301,9.1301,1780
2026-03-13 13:20:00,9.135,9.1398,9.135,9.135,1547
2026-03-13 13:25:00,9.1399,9.1399,9.1304,9.1304,12247
2026-03-13 13:30:00,9.135,9.1361,9.13,9.1361,2300
2026-03-13 13:35:00,9.135,9.14,9.135,9.14,3600
2026-03-13 13:40:00,9.14,9.14,9.14,9.14,1816
2026-03-13 13:45:00,9.1401,9.1401,9.1398,9.1398,1524
2026-03-13 13:50:00,9.135,9.135,9.135,9.135,1448
2026-03-13 13:55:00,9.1389,9.1389,9.1389,9.1389,5470
2026-03-13 14:00:00,9.1399,9.1399,9.13,9.13,6922
2026-03-13 14:05:00,9.13,9.13,9.13,9.13,1400
2026-03-13 14:10:00,9.125,9.125,9.125,9.125,2050
2026-03-13 14:15:00,9.1201,9.1201,9.1201,9.1201,5060
2026-03-13 14:20:00,9.1299,9.13,9.1299,9.1299,7998
2026-03-13 14:25:00,9.13,9.135,9.128,9.1301,3066
2026-03-13 14:30:00,9.13,9.135,9.13,9.13,14800
2026-03-13 14:35:00,9.1314,9.1314,9.1314,9.1314,149
2026-03-13 14:40:00,9.14,9.14,9.1361,9.1361,5300
2026-03-13 14:45:00,9.135,9.14,9.135,9.14,5450
2026-03-13 14:50:00,9.14,9.14,9.135,9.135,1300
2026-03-13 14:55:00,9.14,9.145,9.1301,9.1301,24610
2026-03-13 15:00:00,9.135,9.1499,9.135,9.1499,22945
2026-03-13 15:05:00,9.1461,9.1461,9.14,9.14,3700
2026-03-13 15:10:00,9.145,9.15,9.145,9.145,19189
2026-03-13 15:15:00,9.1401,9.155,9.1401,9.15,92576
2026-03-13 15:20:00,9.1423,9.1499,9.1423,9.1499,2674
2026-03-13 15:25:00,9.145,9.145,9.1301,9.14,6782
2026-03-13 15:30:00,9.14,9.14,9.1399,9.1399,718
2026-03-13 15:35:00,9.14,9.14,9.1399,9.14,10955
2026-03-13 15:40:00,9.135,9.14,9.135,9.135,2300
2026-03-13 15:45:00,9.135,9.1397,9.135,9.138,2361
2026-03-13 15:50:00,9.135,9.14,9.135,9.135,1055
2026-03-13 15:55:00,9.135,9.14,9.13,9.13,7259
2026-03-13 16:00:00,9.13,9.13,9.13,9.13,8676
2026-03-13 16:15:00,9.1398,9.1398,9.1298,9.1298,5800
2026-03-13 16:20:00,9.13,9.13,9.13,9.13,6100
2026-03-13 16:25:00,9.13,9.14,9.13,9.14,1432
2026-03-13 16:35:00,9.13,9.13,9.1299,9.1299,2844
2026-03-16 07:20:00,9.18,9.18,9.18,9.18,250
2026-03-16 08:00:00,9.16,9.2,9.16,9.2,3162
2026-03-16 08:45:00,9.2174,9.2174,9.2174,9.2174,1237
2026-03-16 08:55:00,9.1903,9.2,9.1903,9.2,3400
2026-03-16 09:00:00,9.22,9.22,9.22,9.22,547
2026-03-16 09:15:00,9.22,9.22,9.22,9.22,3000
2026-03-16 09:30:00,9.23,9.23,9.22,9.2201,3335
2026-03-16 09:35:00,9.23,9.23,9.2229,9.23,17452
2026-03-16 09:40:00,9.23,9.24,9.23,9.24,13857
2026-03-16 09:45:00,9.25,9.2501,9.245,9.245,18243
2026-03-16 09:50:00,9.2499,9.25,9.245,9.2498,47665
2026-03-16 09:55:00,9.246,9.26,9.246,9.26,13400
2026-03-16 10:00:00,9.25,9.25,9.24,9.25,11600
2026-03-16 10:05:00,9.2499,9.26,9.24,9.26,990
2026-03-16 10:10:00,9.255,9.255,9.25,9.25,1140
2026-03-16 10:15:00,9.25,9.25,9.25,9.25,5223
2026-03-16 10:25:00,9.25,9.2501,9.25,9.2501,113254
2026-03-16 10:30:00,9.25,9.25,9.235,9.235,29300
2026-03-16 10:35:00,9.235,9.235,9.2299,9.23,71360
2026-03-16 10:40:00,9.225,9.2299,9.215,9.215,146644
2026-03-16 10:45:00,9.2199,9.2201,9.21,9.215,75234
2026-03-16 10:50:00,9.2199,9.225,9.2199,9.225,23810
2026-03-16 10:55:00,9.225,9.225,9.2201,9.2216,18300
2026-03-16 11:00:00,9.225,9.235,9.225,9.23,31146
2026-03-16 11:05:00,9.2199,9.2217,9.2199,9.22,23731
2026-03-16 11:10:00,9.225,9.225,9.2197,9.22,59494
2026-03-16 11:15:00,9.22,9.22,9.22,9.22,16221
2026-03-16 11:20:00,9.225,9.225,9.225,9.225,6300
2026-03-16 11:25:00,9.225,9.225,9.225,9.225,3970
2026-03-16 11:30:00,9.23,9.23,9.225,9.225,13708
2026-03-16 11:35:00,9.2208,9.235,9.2201,9.235,175560
2026-03-16 11:40:00,9.235,9.2399,9.235,9.2399,10033
2026-03-16 11:45:00,9.23,9.245,9.23,9.24,54899
2026-03-16 11:50:00,9.235,9.235,9.22,9.2201,27518
2026-03-16 11:55:00,9.22,9.2203,9.205,9.21,78119
2026-03-16 12:00:00,9.205,9.205,9.2,9.205,30280
2026-03-16 12:05:00,9.205,9.21,9.204,9.2099,39010
2026-03-16 12:10:00,9.215,9.2175,9.2001,9.2094,78186
2026-03-16 12:15:00,9.21,9.2199,9.206,9.2199,40031
2026-03-16 12:20:00,9.2135,9.2135,9.2,9.2,10138
2026-03-16 12:25:00,9.2001,9.205,9.1998,9.2,42431
2026-03-16 12:30:00,9.19,9.194,9.1897,9.1902,82587
2026-03-16 12:35:00,9.195,9.2,9.19,9.2,5081
2026-03-16 12:40:00,9.196,9.205,9.195,9.2,211568
2026-03-16 12:45:00,9.195,9.195,9.19,9.195,8600
2026-03-16 12:50:00,9.195,9.195,9.195,9.195,100
2026-03-16 12:55:00,9.195,9.195,9.19,9.19,12771
2026-03-16 13:00:00,9.195,9.205,9.1901,9.1901,28271
2026-03-16 13:10:00,9.2,9.2,9.1999,9.2,13962
2026-03-16 13:15:00,9.205,9.205,9.1999,9.1999,31215
2026-03-16 13:20:00,9.2,9.205,9.2,9.2,1800
2026-03-16 13:25:00,9.205,9.205,9.204,9.205,1817
2026-03-16 13:35:00,9.21,9.215,9.21,9.21,4400
2026-03-16 13:45:00,9.22,9.225,9.22,9.22,2944
2026-03-16 13:50:00,9.2199,9.225,9.2194,9.225,3908
2026-03-16 14:00:00,9.23,9.235,9.23,9.235,93942
2026-03-16 14:05:00,9.23,9.235,9.23,9.235,6440
2026-03-16 14:10:00,9.235,9.235,9.2293,9.2293,2425
2026-03-16 14:15:00,9.2299,9.235,9.2299,9.23,55498
2026-03-16 14:20:00,9.225,9.225,9.225,9.225,12363
2026-03-16 14:25:00,9.23,9.235,9.23,9.235,7379
2026-03-16 14:30:00,9.235,9.235,9.23,9.23,600
2026-03-16 14:40:00,9.235,9.245,9.2311,9.245,8468
2026-03-16 14:45:00,9.245,9.245,9.245,9.245,563
2026-03-16 14:50:00,9.2468,9.2468,9.245,9.245,4380
2026-03-16 15:00:00,9.245,9.245,9.23,9.2399,47265
2026-03-16 15:05:00,9.235,9.24,9.235,9.24,11022
2026-03-16 15:10:00,9.245,9.245,9.24,9.24,2400
2026-03-16 15:15:00,9.24,9.245,9.2324,9.24,14312
2026-03-16 15:20:00,9.235,9.245,9.235,9.245,46665
2026-03-16 15:25:00,9.245,9.2493,9.235,9.245,19599
2026-03-16 15:30:00,9.245,9.245,9.24,9.24,748
2026-03-16 15:35:00,9.235,9.235,9.235,9.235,163
2026-03-16 15:40:00,9.235,9.235,9.235,9.235,200
2026-03-16 15:45:00,9.225,9.2299,9.2201,9.225,14892
2026-03-16 15:50:00,9.225,9.225,9.22,9.22,1412
2026-03-16 15:55:00,9.225,9.23,9.22,9.22,152708
2026-03-16 16:00:00,9.23,9.23,9.23,9.23,263
2026-03-16 16:30:00,9.23,9.23,9.23,9.23,1267
2026-03-16 16:35:00,9.2017,9.2017,9.2017,9.2017,500
2026-03-16 16:40:00,9.2003,9.2003,9.2003,9.2003,600
2026-03-17 05:35:00,9.21,9.21,9.21,9.21,100
2026-03-17 07:55:00,9.22,9.22,9.21,9.21,11900
2026-03-17 08:00:00,9.21,9.21,9.21,9.21,550
2026-03-17 08:10:00,9.21,9.21,9.21,9.21,100
2026-03-17 08:15:00,9.22,9.22,9.22,9.22,500
2026-03-17 08:20:00,9.21,9.21,9.21,9.21,1400
2026-03-17 08:45:00,9.23,9.23,9.23,9.23,1250
2026-03-17 09:10:00,9.2595,9.2595,9.2595,9.2595,100
2026-03-17 09:30:00,9.23,9.255,9.23,9.25,40682
2026-03-17 09:35:00,9.25,9.25,9.25,9.25,100
2026-03-17 09:40:00,9.244,9.244,9.24,9.24,1237
2026-03-17 09:45:00,9.23,9.2319,9.23,9.23,5175
2026-03-17 09:55:00,9.235,9.24,9.235,9.235,13750
2026-03-17 10:00:00,9.235,9.24,9.235,9.24,1600
2026-03-17 10:05:00,9.245,9.25,9.245,9.25,2588
2026-03-17 10:10:00,9.255,9.255,9.2486,9.2486,10848
2026-03-17 10:15:00,9.245,9.245,9.245,9.245,100
2026-03-17 10:25:00,9.24,9.24,9.24,9.24,100
2026-03-17 10:35:00,9.25,9.25,9.245,9.245,39434
2026-03-17 10:40:00,9.2477,9.2477,9.2477,9.2477,361
2026-03-17 10:45:00,9.2499,9.2594,9.2499,9.255,77482
2026-03-17 10:50:00,9.26,9.2622,9.2505,9.26,75608
2026-03-17 10:55:00,9.255,9.258,9.2515,9.255,74705
2026-03-17 11:00:00,9.2599,9.2599,9.2599,9.2599,395
2026-03-17 11:15:00,9.26,9.26,9.2599,9.26,20953
2026-03-17 11:20:00,9.27,9.275,9.2699,9.27,17452
2026-03-17 11:25:00,9.27,9.2701,9.2602,9.2602,33663
2026-03-17 11:30:00,9.2642,9.265,9.255,9.255,3545
2026-03-17 11:40:00,9.26,9.26,9.2599,9.2599,620
2026-03-17 11:45:00,9.2501,9.2501,9.2501,9.2501,3000
2026-03-17 11:50:00,9.255,9.26,9.255,9.255,18675
2026-03-17 11:55:00,9.26,9.265,9.26,9.265,300
2026-03-17 12:00:00,9.26,9.2699,9.2503,9.2503,13701
2026-03-17 12:10:00,9.255,9.255,9.255,9.255,100
2026-03-17 12:15:00,9.2582,9.26,9.255,9.255,20419
2026-03-17 12:20:00,9.26,9.26,9.25,9.26,75917
2026-03-17 12:25:00,9.2677,9.2677,9.2677,9.2677,1528
2026-03-17 12:30:00,9.27,9.27,9.27,9.27,100
2026-03-17 12:35:00,9.265,9.2699,9.26,9.26,86095
2026-03-17 12:40:00,9.255,9.255,9.25,9.2501,558
2026-03-17 12:45:00,9.255,9.255,9.255,9.255,100
2026-03-17 13:00:00,9.26,9.265,9.245,9.265,32314
2026-03-17 13:05:00,9.2699,9.2699,9.265,9.265,4255
2026-03-17 13:10:00,9.2605,9.265,9.26,9.26,5902
2026-03-17 13:20:00,9.26,9.2602,9.26,9.2602,26739
2026-03-17 13:25:00,9.265,9.265,9.26,9.26,40993
2026-03-17 13:30:00,9.265,9.265,9.265,9.265,51200
2026-03-17 13:35:00,9.2683,9.27,9.265,9.265,10327
2026-03-17 13:40:00,9.2699,9.2699,9.255,9.255,34327
2026-03-17 13:45:00,9.255,9.255,9.255,9.255,6095
2026-03-17 13:50:00,9.2599,9.2599,9.2599,9.2599,608
2026-03-17 13:55:00,9.25,9.265,9.25,9.265,107542
2026-03-17 14:00:00,9.265,9.265,9.255,9.255,12358
2026-03-17 14:05:00,9.255,9.26,9.255,9.26,21764
2026-03-17 14:10:00,9.2599,9.2599,9.2599,9.2599,993
2026-03-17 14:20:00,9.2515,9.26,9.2515,9.26,650
2026-03-17 14:30:00,9.255,9.26,9.255,9.255,1476
2026-03-17 14:35:00,9.255,9.255,9.25,9.255,22171
2026-03-17 14:40:00,9.255,9.255,9.24,9.24,46023
2026-03-17 14:45:00,9.24,9.2499,9.24,9.245,3363
2026-03-17 14:50:00,9.245,9.25,9.245,9.25,40028
2026-03-17 14:55:00,9.2499,9.255,9.2499,9.255,73197
2026-03-17 15:00:00,9.25,9.2501,9.245,9.245,51122
2026-03-17 15:05:00,9.25,9.25,9.2498,9.2498,1100
2026-03-17 15:10:00,9.246,9.255,9.246,9.255,10329
2026-03-17 15:15:00,9.255,9.2599,9.255,9.2599,1205
2026-03-17 15:25:00,9.25,9.25,9.25,9.25,373
2026-03-17 15:40:00,9.255,9.255,9.255,9.255,100
2026-03-17 15:45:00,9.26,9.265,9.2599,9.265,16044
2026-03-17 15:50:00,9.27,9.275,9.265,9.27,175390
2026-03-17 15:55:00,9.265,9.27,9.26,9.265,21861
2026-03-17 16:00:00,9.26,9.26,9.26,9.26,9736
2026-03-17 16:10:00,9.27,9.27,9.27,9.27,200
2026-03-17 16:20:00,9.28,9.28,9.28,9.28,4700
2026-03-17 16:30:00,9.28,9.28,9.28,9.28,4600
2026-03-17 16:35:00,9.29,9.29,9.29,9.29,450
2026-03-18 07:45:00,9.32,9.32,9.32,9.32,250
2026-03-18 08:30:00,9.29,9.29,9.29,9.29,250
2026-03-18 08:40:00,9.28,9.28,9.28,9.28,400
2026-03-18 08:45:00,9.2705,9.2705,9.2705,9.2705,388
2026-03-18 08:55:00,9.27,9.27,9.27,9.27,400
2026-03-18 09:00:00,9.25,9.26,9.25,9.26,650
2026-03-18 09:05:00,9.2505,9.2505,9.25,9.25,300
2026-03-18 09:25:00,9.26,9.26,9.26,9.26,179
2026-03-18 09:30:00,9.25,9.25,9.25,9.25,10400
2026-03-18 09:35:00,9.25,9.25,9.2411,9.25,6000
2026-03-18 09:40:00,9.25,9.2599,9.25,9.2579,2506
2026-03-18 09:45:00,9.245,9.245,9.2398,9.24,72696
2026-03-18 09:50:00,9.24,9.2401,9.235,9.235,11405
2026-03-18 09:55:00,9.235,9.2499,9.235,9.2374,39348
2026-03-18 10:00:00,9.2475,9.2475,9.2475,9.2475,1000
2026-03-18 10:05:00,9.25,9.26,9.2414,9.2414,52346
2026-03-18 10:10:00,9.2301,9.235,9.2301,9.235,1470
2026-03-18 10:15:00,9.2299,9.23,9.2201,9.2201,22681
2026-03-18 10:20:00,9.225,9.225,9.225,9.225,100
2026-03-18 10:25:00,9.2297,9.2297,9.225,9.225,600
2026-03-18 10:30:00,9.23,9.235,9.23,9.2301,19034
2026-03-18 10:35:00,9.23,9.23,9.23,9.23,2900
2026-03-18 10:40:00,9.23,9.2301,9.22,9.22,38573
2026-03-18 10:45:00,9.23,9.23,9.2187,9.22,33079
2026-03-18 10:50:00,9.225,9.23,9.225,9.23,1312
2026-03-18 10:55:00,9.23,9.23,9.23,9.23,65420
2026-03-18 11:00:00,9.2399,9.2486,9.2399,9.2409,10580
2026-03-18 11:05:00,9.24,9.245,9.24,9.245,13100
2026-03-18 11:10:00,9.24,9.25,9.24,9.25,2401
2026-03-18 11:15:00,9.24,9.244,9.24,9.2401,40500
2026-03-18 11:20:00,9.24,9.2435,9.24,9.2435,59856
2026-03-18 11:25:00,9.2387,9.2413,9.2387,9.24,35545
2026-03-18 11:35:00,9.235,9.24,9.235,9.24,7514
2026-03-18 11:40:00,9.245,9.245,9.245,9.245,1000
2026-03-18 11:45:00,9.245,9.245,9.24,9.24,13488
2026-03-18 11:50:00,9.235,9.2416,9.235,9.2416,40398
2026-03-18 11:55:00,9.24,9.24,9.24,9.24,2000
2026-03-18 12:00:00,9.245,9.245,9.24,9.245,6222
2026-03-18 12:05:00,9.24,9.24,9.24,9.24,14200
2026-03-18 12:10:00,9.24,9.2401,9.2301,9.2301,29000
2026-03-18 12:15:00,9.24,9.2499,9.236,9.2485,30602
2026-03-18 12:20:00,9.25,9.2501,9.2494,9.2501,75129
2026-03-18 12:25:00,9.255,9.255,9.255,9.255,1400
2026-03-18 12:30:00,9.255,9.255,9.25,9.25,46908
2026-03-18 12:35:00,9.25,9.25,9.2499,9.25,37475
2026-03-18 12:55:00,9.2599,9.2599,9.2599,9.2599,9373
2026-03-18 13:05:00,9.255,9.255,9.245,9.245,42235
2026-03-18 13:10:00,9.245,9.245,9.24,9.245,22245
2026-03-18 13:15:00,9.24,9.24,9.235,9.24,23357
2026-03-18 13:20:00,9.2499,9.2499,9.2499,9.2499,200
2026-03-18 13:25:00,9.245,9.245,9.2401,9.2409,19385
2026-03-18 13:30:00,9.245,9.255,9.245,9.2501,51428
2026-03-18 13:45:00,9.2511,9.2599,9.2511,9.2599,9246
2026-03-18 13:50:00,9.255,9.266,9.2506,9.265,23188
2026-03-18 13:55:00,9.265,9.27,9.26,9.27,46000
2026-03-18 14:00:00,9.25,9.285,9.25,9.27,14741
2026-03-18 14:05:00,9.275,9.275,9.275,9.275,600
2026-03-18 14:10:00,9.27,9.275,9.27,9.275,13574
2026-03-18 14:15:00,9.27,9.27,9.255,9.26,5831
2026-03-18 14:25:00,9.265,9.265,9.265,9.265,323
2026-03-18 14:30:00,9.275,9.275,9.255,9.26,19508
2026-03-18 14:35:00,9.25,9.255,9.2333,9.2333,75946
2026-03-18 14:40:00,9.225,9.235,9.225,9.23,11925
2026-03-18 14:45:00,9.22,9.22,9.22,9.22,59356
2026-03-18 14:50:00,9.22,9.22,9.2019,9.2019,25885
2026-03-18 14:55:00,9.205,9.205,9.196,9.2,74205
2026-03-18 15:00:00,9.205,9.21,9.205,9.205,48108
2026-03-18 15:05:00,9.2101,9.2186,9.2101,9.215,29049
2026-03-18 15:10:00,9.2101,9.2175,9.205,9.205,11989
2026-03-18 15:15:00,9.205,9.205,9.2,9.2001,2272
2026-03-18 15:20:00,9.204,9.206,9.195,9.205,80447
2026-03-18 15:25:00,9.2001,9.205,9.2,9.205,15346
2026-03-18 15:30:00,9.205,9.212,9.2009,9.21,24268
2026-03-18 15:35:00,9.215,9.215,9.206,9.21,34178
2026-03-18 15:40:00,9.21,9.21,9.2,9.2,8566
2026-03-18 15:45:00,9.2,9.21,9.2,9.205,48272
2026-03-18 15:50:00,9.2091,9.2091,9.205,9.205,21848
2026-03-18 15:55:00,9.2,9.205,9.19,9.19,33491
2026-03-18 16:00:00,9.2,9.2,9.2,9.2,2542
2026-03-18 16:20:00,9.19,9.19,9.19,9.19,17410
2026-03-19 05:30:00,9.17,9.17,9.17,9.17,250
2026-03-19 07:25:00,9.16,9.16,9.16,9.16,10000
2026-03-19 07:30:00,9.16,9.16,9.16,9.16,2988
2026-03-19 07:45:00,9.17,9.17,9.16,9.17,750
2026-03-19 07:50:00,9.18,9.18,9.18,9.18,200
2026-03-19 08:00:00,9.16,9.16,9.16,9.16,1500
2026-03-19 08:05:00,9.18,9.18,9.18,9.18,250
2026-03-19 08:30:00,9.19,9.19,9.19,9.19,1900
2026-03-19 08:35:00,9.19,9.19,9.19,9.19,2000
2026-03-19 08:40:00,9.19,9.19,9.19,9.19,10000
2026-03-19 08:45:00,9.21,9.22,9.21,9.22,20000
2026-03-19 08:50:00,9.21,9.22,9.21,9.22,15940
2026-03-19 08:55:00,9.2219,9.24,9.22,9.231,36000
2026-03-19 09:00:00,9.2509,9.2509,9.24,9.245,21200
2026-03-19 09:10:00,9.23,9.23,9.22,9.22,500
2026-03-19 09:15:00,9.25,9.25,9.25,9.25,500
2026-03-19 09:20:00,9.24,9.24,9.24,9.24,1000
2026-03-19 09:30:00,9.25,9.26,9.25,9.25,6639
2026-03-19 09:35:00,9.25,9.2551,9.24,9.2501,195254
2026-03-19 09:40:00,9.26,9.2797,9.26,9.275,72068
2026-03-19 09:45:00,9.27,9.27,9.25,9.2587,88324
2026-03-19 09:50:00,9.26,9.285,9.26,9.285,131544
2026-03-19 09:55:00,9.285,9.295,9.285,9.29,65893
2026-03-19 10:00:00,9.2986,9.3,9.29,9.29,62661
2026-03-19 10:05:00,9.28,9.305,9.28,9.305,60690
2026-03-19 10:10:00,9.3,9.31,9.2999,9.3099,29677
2026-03-19 10:15:00,9.31,9.315,9.295,9.31,40398
2026-03-19 10:20:00,9.31,9.311,9.3099,9.31,27400
2026-03-19 10:25:00,9.3,9.3,9.295,9.295,37350
2026-03-19 10:30:00,9.285,9.3,9.285,9.29,53210
2026-03-19 10:35:00,9.3,9.31,9.2999,9.31,29179
2026-03-19 10:40:00,9.31,9.315,9.3099,9.31,57390
2026-03-19 10:45:00,9.31,9.31,9.3,9.31,50674
2026-03-19 10:50:00,9.305,9.306,9.295,9.295,26588
2026-03-19 10:55:00,9.29,9.29,9.29,9.29,700
2026-03-19 11:00:00,9.3,9.315,9.3,9.315,98050
2026-03-19 11:05:00,9.315,9.325,9.315,9.32,9927
2026-03-19 11:10:00,9.32,9.3278,9.32,9.3278,75544
2026-03-19 11:15:00,9.3233,9.325,9.315,9.315,43265
2026-03-19 11:20:00,9.305,9.3088,9.3002,9.305,49411
2026-03-19 11:25:00,9.3,9.3299,9.3,9.325,55713
2026-03-19 11:30:00,9.3103,9.315,9.3001,9.3001,32720
2026-03-19 11:35:00,9.305,9.3265,9.305,9.325,42894
2026-03-19 11:40:00,9.325,9.335,9.325,9.325,24689
2026-03-19 11:45:00,9.3223,9.325,9.315,9.325,93279
2026-03-19 11:50:00,9.3298,9.345,9.3277,9.3401,49268
2026-03-19 11:55:00,9.3423,9.3423,9.335,9.34,9837
2026-03-19 12:00:00,9.34,9.35,9.3398,9.35,34363
2026-03-19 12:05:00,9.36,9.3658,9.36,9.365,149045
2026-03-19 12:10:00,9.36,9.36,9.345,9.3599,117649
2026-03-19 12:15:00,9.3577,9.375,9.3577,9.366,168891
2026-03-19 12:20:00,9.3699,9.3699,9.365,9.365,10129
2026-03-19 12:25:00,9.36,9.37,9.36,9.37,119781
2026-03-19 12:30:00,9.38,9.38,9.366,9.3698,45654
2026-03-19 12:35:00,9.37,9.385,9.365,9.385,50465
2026-03-19 12:40:00,9.3897,9.39,9.37,9.37,26732
2026-03-19 12:45:00,9.37,9.3823,9.37,9.37,93590
2026-03-19 12:50:00,9.37,9.38,9.37,9.38,16290
2026-03-19 12:55:00,9.3802,9.385,9.3701,9.375,65520
2026-03-19 13:00:00,9.3702,9.375,9.3601,9.3601,31264
2026-03-19 13:05:00,9.36,9.36,9.3501,9.3501,65759
2026-03-19 13:10:00,9.35,9.35,9.345,9.3498,13680
2026-03-19 13:25:00,9.355,9.355,9.3498,9.3498,63994
2026-03-19 13:30:00,9.3499,9.355,9.345,9.355,3730
2026-03-19 13:35:00,9.3523,9.355,9.3499,9.3499,40898
2026-03-19 13:40:00,9.345,9.345,9.3394,9.344,28522
2026-03-19 13:45:00,9.34,9.34,9.34,9.34,500
2026-03-19 13:50:00,9.335,9.345,9.335,9.345,91560
2026-03-19 13:55:00,9.345,9.345,9.345,9.345,11735
2026-03-19 14:00:00,9.34,9.34,9.325,9.33,46082
2026-03-19 14:05:00,9.32,9.32,9.3197,9.32,63345
2026-03-19 14:10:00,9.3201,9.324,9.3177,9.324,7014
2026-03-19 14:15:00,9.32,9.325,9.31,9.31,26976
2026-03-19 14:20:00,9.32,9.33,9.3199,9.33,20045
2026-03-19 14:25:00,9.33,9.3323,9.326,9.3299,23716
2026-03-19 14:30:00,9.32,9.3203,9.314,9.32,7279
2026-03-19 14:35:00,9.325,9.325,9.32,9.32,10716
2026-03-19 14:40:00,9.315,9.315,9.315,9.315,954
2026-03-19 14:45:00,9.32,9.32,9.32,9.32,500
2026-03-19 14:50:00,9.32,9.324,9.3198,9.324,2552
2026-03-19 14:55:00,9.3101,9.32,9.3101,9.32,55518
2026-03-19 15:00:00,9.3197,9.3391,9.3197,9.3391,41756
2026-03-19 15:05:00,9.34,9.365,9.34,9.36,34779
2026-03-19 15:10:00,9.3699,9.3701,9.365,9.365,28663
2026-03-19 15:15:00,9.365,9.375,9.36,9.365,33995
2026-03-19 15:20:00,9.3502,9.3502,9.35,9.35,3984
2026-03-19 15:25:00,9.345,9.35,9.345,9.3498,16363
2026-03-19 15:30:00,9.35,9.365,9.344,9.353,74443
2026-03-19 15:35:00,9.355,9.355,9.3501,9.3501,15150
2026-03-19 15:40:00,9.3553,9.3597,9.355,9.355,34019
2026-03-19 15:50:00,9.3499,9.3499,9.345,9.345,22746
2026-03-19 15:55:00,9.335,9.34,9.32,9.335,90405
2026-03-19 16:00:00,9.33,9.33,9.33,9.33,198880
2026-03-19 16:25:00,9.34,9.34,9.32,9.32,3012
2026-03-19 16:40:00,9.33,9.33,9.33,9.33,100
2026-03-20 07:15:00,9.27,9.27,9.27,9.27,200
2026-03-20 07:20:00,9.28,9.28,9.28,9.28,109500
2026-03-20 07:55:00,9.28,9.28,9.28,9.28,750
2026-03-20 08:10:00,9.27,9.27,9.27,9.27,1250
2026-03-20 08:35:00,9.26,9.26,9.26,9.26,2740
2026-03-20 09:05:00,9.27,9.27,9.27,9.27,100
2026-03-20 09:30:00,9.23,9.24,9.23,9.24,1087
2026-03-20 09:35:00,9.238,9.24,9.23,9.23,1205
2026-03-20 09:40:00,9.235,9.235,9.23,9.235,12147
2026-03-20 09:45:00,9.23,9.23,9.22,9.22,12680
2026-03-20 09:50:00,9.215,9.215,9.215,9.215,3050
2026-03-20 09:55:00,9.21,9.21,9.1921,9.1921,38004
2026-03-20 10:00:00,9.19,9.19,9.175,9.175,8800
2026-03-20 10:05:00,9.175,9.175,9.155,9.155,31710
2026-03-20 10:10:00,9.16,9.175,9.155,9.175,67355
2026-03-20 10:15:00,9.17,9.17,9.155,9.155,32854
2026-03-20 10:20:00,9.1526,9.1671,9.15,9.15,76562
2026-03-20 10:25:00,9.145,9.145,9.135,9.135,26125
2026-03-20 10:30:00,9.135,9.1499,9.135,9.14,5927
2026-03-20 10:35:00,9.14,9.14,9.13,9.135,59376
2026-03-20 10:40:00,9.13,9.13,9.12,9.1201,24796
2026-03-20 10:45:00,9.125,9.125,9.12,9.125,6798
2026-03-20 10:50:00,9.12,9.12,9.105,9.105,59430
2026-03-20 10:55:00,9.105,9.105,9.105,9.105,14950
2026-03-20 11:00:00,9.11,9.115,9.095,9.095,42406
2026-03-20 11:05:00,9.09,9.0976,9.09,9.095,6548
2026-03-20 11:10:00,9.095,9.1,9.095,9.1,25906
2026-03-20 11:15:00,9.1,9.1079,9.08,9.085,83734
2026-03-20 11:20:00,9.08,9.09,9.075,9.08,75308
2026-03-20 11:25:00,9.0799,9.08,9.0721,9.08,21063
2026-03-20 11:30:00,9.085,9.095,9.08,9.095,36379
2026-03-20 11:35:00,9.09,9.095,9.085,9.095,62534
2026-03-20 11:40:00,9.09,9.09,9.085,9.085,18240
2026-03-20 11:45:00,9.085,9.09,9.07,9.085,15024
2026-03-20 11:50:00,9.095,9.095,9.085,9.09,28048
2026-03-20 11:55:00,9.105,9.1199,9.105,9.1199,1432
2026-03-20 12:00:00,9.115,9.125,9.115,9.125,25082
2026-03-20 12:05:00,9.125,9.125,9.115,9.115,27071
2026-03-20 12:10:00,9.135,9.135,9.135,9.135,120
2026-03-20 12:15:00,9.13,9.13,9.1199,9.12,16002
2026-03-20 12:20:00,9.123,9.125,9.105,9.11,55433
2026-03-20 12:25:00,9.1101,9.1103,9.105,9.105,16359
2026-03-20 12:30:00,9.1,9.105,9.095,9.105,6684
2026-03-20 12:35:00,9.105,9.105,9.1,9.1,3929
2026-03-20 12:40:00,9.1,9.1,9.095,9.095,2010
2026-03-20 12:45:00,9.095,9.095,9.09,9.09,200
2026-03-20 12:50:00,9.09,9.105,9.085,9.105,96276
2026-03-20 12:55:00,9.105,9.1201,9.105,9.12,17786
2026-03-20 13:00:00,9.125,9.125,9.1102,9.115,83301
2026-03-20 13:05:00,9.11,9.115,9.095,9.11,62003
2026-03-20 13:10:00,9.105,9.105,9.105,9.105,675
2026-03-20 13:15:00,9.1034,9.115,9.1034,9.115,33261
2026-03-20 13:20:00,9.115,9.1269,9.115,9.125,1843
2026-03-20 13:25:00,9.12,9.125,9.115,9.1154,8530
2026-03-20 13:30:00,9.115,9.115,9.11,9.11,9930
2026-03-20 13:35:00,9.1,9.11,9.0935,9.1001,18913
2026-03-20 13:40:00,9.115,9.115,9.11,9.115,3035
2026-03-20 13:45:00,9.115,9.12,9.1,9.115,85860
2026-03-20 13:50:00,9.1199,9.125,9.11,9.11,46853
2026-03-20 13:55:00,9.105,9.105,9.1,9.1,400
2026-03-20 14:00:00,9.1,9.1195,9.0999,9.115,56120
2026-03-20 14:05:00,9.115,9.115,9.105,9.105,65675
2026-03-20 14:10:00,9.1001,9.1001,9.095,9.095,18822
2026-03-20 14:15:00,9.095,9.095,9.08,9.0899,16633
2026-03-20 14:20:00,9.09,9.0999,9.07,9.07,216146
2026-03-20 14:25:00,9.07,9.08,9.065,9.065,47977
2026-03-20 14:30:00,9.0699,9.08,9.0697,9.07,91823
2026-03-20 14:35:00,9.065,9.0699,9.065,9.065,3054
2026-03-20 14:40:00,9.065,9.065,9.06,9.06,40634
2026-03-20 14:45:00,9.065,9.065,9.065,9.065,250
2026-03-20 14:50:00,9.065,9.0698,9.06,9.06,3650
2026-03-20 14:55:00,9.065,9.0699,9.06,9.0699,1760
2026-03-20 15:00:00,9.0699,9.075,9.0699,9.075,13389
2026-03-20 15:05:00,9.07,9.0701,9.06,9.06,39217
2026-03-20 15:10:00,9.06,9.065,9.06,9.06,14240
2026-03-20 15:15:00,9.055,9.06,9.0533,9.055,22706
2026-03-20 15:20:00,9.055,9.075,9.055,9.07,89008
2026-03-20 15:25:00,9.0692,9.07,9.0692,9.07,2806
2026-03-20 15:30:00,9.065,9.075,9.065,9.075,16638
2026-03-20 15:35:00,9.075,9.0799,9.065,9.0699,63746
2026-03-20 15:40:00,9.065,9.08,9.065,9.08,27809
2026-03-20 15:45:00,9.075,9.075,9.075,9.075,1671
2026-03-20 15:50:00,9.075,9.075,9.075,9.075,2292
2026-03-20 15:55:00,9.08,9.095,9.07,9.09,342014
2026-03-20 16:00:00,9.095,9.1,9.095,9.1,594
2026-03-20 16:25:00,9.13,9.13,9.13,9.13,7835
2026-03-20 17:05:00,9.15,9.15,9.15,9.15,499
2026-03-20 17:30:00,9.27,9.27,9.27,9.27,9500
2026-03-20 18:35:00,9.25,9.25,9.25,9.25,851
2026-03-20 18:40:00,9.25,9.25,9.25,9.25,384
2026-03-20 18:50:00,9.28,9.28,9.28,9.28,268
2026-03-23 04:00:00,9.1,9.1,9.1,9.1,164
2026-03-23 04:15:00,9.09,9.09,9.09,9.09,250
2026-03-23 06:00:00,9.04,9.04,9.04,9.04,2000
2026-03-23 07:05:00,9.09,9.12,9.09,9.12,10250
2026-03-23 07:10:00,9.22,9.22,9.22,9.22,2000
2026-03-23 07:15:00,9.3,9.3,9.3,9.3,500
2026-03-23 07:20:00,9.22,9.22,9.22,9.22,158200
2026-03-23 07:40:00,9.18,9.18,9.18,9.18,250
2026-03-23 07:45:00,9.16,9.16,9.16,9.16,1250
2026-03-23 07:55:00,9.13,9.13,9.12,9.12,1300
2026-03-23 08:00:00,9.08,9.08,9.02,9.02,766
2026-03-23 08:10:00,9.17,9.17,9.17,9.17,250
2026-03-23 08:15:00,9.17,9.17,9.17,9.17,250
2026-03-23 08:30:00,9.12,9.14,9.12,9.14,500
2026-03-23 08:40:00,9.1792,9.1792,9.1792,9.1792,295
2026-03-23 08:45:00,9.16,9.1694,9.16,9.1694,450
2026-03-23 08:55:00,9.1579,9.1679,9.1579,9.1679,795
2026-03-23 09:30:00,9.14,9.16,9.13,9.13,33157
2026-03-23 09:35:00,9.13,9.1576,9.13,9.1576,12116
2026-03-23 09:40:00,9.16,9.19,9.155,9.185,51442
2026-03-23 09:45:00,9.185,9.195,9.185,9.195,37680
2026-03-23 09:50:00,9.195,9.205,9.1834,9.19,25625
2026-03-23 09:55:00,9.185,9.185,9.175,9.185,41050
2026-03-23 10:00:00,9.185,9.195,9.17,9.17,17500
2026-03-23 10:05:00,9.165,9.165,9.15,9.16,21090
2026-03-23 10:10:00,9.16,9.185,9.155,9.17,20850
2026-03-23 10:15:00,9.185,9.1992,9.18,9.19,18300
2026-03-23 10:20:00,9.195,9.205,9.195,9.205,41562
2026-03-23 10:25:00,9.205,9.205,9.19,9.2,38810
2026-03-23 10:30:00,9.2,9.205,9.195,9.2,9200
2026-03-23 10:35:00,9.195,9.195,9.18,9.19,16073
2026-03-23 10:40:00,9.185,9.185,9.185,9.185,2700
2026-03-23 10:45:00,9.18,9.185,9.18,9.185,3100
2026-03-23 10:50:00,9.18,9.185,9.1699,9.18,16163
2026-03-23 10:55:00,9.185,9.19,9.18,9.19,15201
2026-03-23 11:00:00,9.185,9.2101,9.185,9.21,82532
2026-03-23 11:05:00,9.2101,9.215,9.2,9.205,31997
2026-03-23 11:10:00,9.2018,9.22,9.2018,9.205,7685
2026-03-23 11:15:00,9.21,9.2101,9.205,9.21,76360
2026-03-23 11:20:00,9.21,9.215,9.205,9.21,9826
2026-03-23 11:25:00,9.2,9.2001,9.19,9.19,21600
2026-03-23 11:30:00,9.195,9.1999,9.19,9.19,21432
2026-03-23 11:35:00,9.185,9.185,9.17,9.17,24711
2026-03-23 11:40:00,9.165,9.165,9.155,9.165,2963
2026-03-23 11:45:00,9.1603,9.1603,9.14,9.155,10355
2026-03-23 11:50:00,9.155,9.155,9.135,9.135,24300
2026-03-23 11:55:00,9.135,9.135,9.135,9.135,20475
2026-03-23 12:00:00,9.135,9.14,9.125,9.125,6443
2026-03-23 12:05:00,9.12,9.13,9.1184,9.13,2596
2026-03-23 12:10:00,9.1302,9.135,9.125,9.125,107280
2026-03-23 12:15:00,9.12,9.125,9.115,9.115,12200
2026-03-23 12:20:00,9.12,9.12,9.115,9.12,14812
2026-03-23 12:25:00,9.115,9.115,9.105,9.105,38184
2026-03-23 12:30:00,9.11,9.12,9.11,9.12,6908
2026-03-23 12:35:00,9.13,9.1301,9.12,9.12,33201
2026-03-23 12:40:00,9.115,9.125,9.115,9.1201,4379
2026-03-23 12:45:00,9.1299,9.1301,9.1299,9.13,2814
2026-03-23 12:50:00,9.13,9.135,9.12,9.12,8709
2026-03-23 12:55:00,9.1199,9.125,9.115,9.12,17539
2026-03-23 13:00:00,9.1199,9.125,9.115,9.12,2936
2026-03-23 13:05:00,9.11,9.1299,9.1099,9.1299,71114
2026-03-23 13:10:00,9.1301,9.135,9.125,9.125,61801
2026-03-23 13:15:00,9.12,9.12,9.11,9.12,61544
2026-03-23 13:20:00,9.11,9.12,9.1,9.115,22270
2026-03-23 13:25:00,9.13,9.145,9.13,9.13,75086
2026-03-23 13:30:00,9.13,9.14,9.125,9.14,109559
2026-03-23 13:35:00,9.14,9.15,9.14,9.1499,28500
2026-03-23 13:40:00,9.145,9.145,9.13,9.13,155070
2026-03-23 13:45:00,9.13,9.135,9.13,9.135,108331
2026-03-23 13:50:00,9.13,9.145,9.13,9.145,6712
2026-03-23 13:55:00,9.15,9.1551,9.1498,9.15,62731
2026-03-23 14:00:00,9.14,9.145,9.14,9.14,600
2026-03-23 14:05:00,9.15,9.15,9.135,9.14,99210
2026-03-23 14:10:00,9.15,9.16,9.15,9.16,12393
2026-03-23 14:15:00,9.155,9.1582,9.1497,9.155,42233
2026-03-23 14:20:00,9.1699,9.1699,9.16,9.1601,49003
2026-03-23 14:25:00,9.16,9.1782,9.16,9.165,53814
2026-03-23 14:30:00,9.17,9.185,9.17,9.185,25410
2026-03-23 14:35:00,9.19,9.19,9.18,9.18,7002
2026-03-23 14:40:00,9.1801,9.19,9.18,9.18,5016
2026-03-23 14:45:00,9.1801,9.195,9.1801,9.19,56549
2026-03-23 14:50:00,9.1899,9.1902,9.1801,9.19,34249
2026-03-23 14:55:00,9.185,9.185,9.18,9.18,800
2026-03-23 15:05:00,9.175,9.1799,9.175,9.1799,686
2026-03-23 15:10:00,9.175,9.19,9.175,9.1899,72286
2026-03-23 15:15:00,9.185,9.19,9.17,9.1702,88480
2026-03-23 15:20:00,9.17,9.1701,9.165,9.165,20100
2026-03-23 15:25:00,9.165,9.165,9.1601,9.1601,8181
2026-03-23 15:30:00,9.165,9.165,9.16,9.165,29758
2026-03-23 15:35:00,9.1695,9.17,9.165,9.17,10109
2026-03-23 15:40:00,9.165,9.18,9.165,9.18,18786
2026-03-23 15:45:00,9.1799,9.19,9.1799,9.1899,26274
2026-03-23 15:50:00,9.19,9.2,9.185,9.185,460540
2026-03-23 15:55:00,9.185,9.19,9.165,9.165,147593
2026-03-23 16:00:00,9.17,9.17,9.16,9.16,10114
2026-03-24 04:20:00,9.17,9.17,9.17,9.17,250
2026-03-24 05:00:00,9.16,9.16,9.16,9.16,250
2026-03-24 06:00:00,9.13,9.13,9.13,9.13,250
2026-03-24 06:30:00,9.13,9.13,9.13,9.13,250
2026-03-24 06:45:00,9.13,9.13,9.12,9.13,3000
2026-03-24 07:15:00,9.12,9.12,9.12,9.12,300
2026-03-24 07:25:00,9.13,9.13,9.13,9.13,1164
2026-03-24 07:35:00,9.15,9.15,9.15,9.15,100
2026-03-24 07:50:00,9.11,9.11,9.11,9.11,482
2026-03-24 08:00:00,9.1,9.14,9.1,9.13,1407
2026-03-24 08:35:00,9.08,9.08,9.08,9.08,500
2026-03-24 08:45:00,9.06,9.06,9.06,9.06,200
2026-03-24 08:50:00,9.06,9.07,9.06,9.07,2250
2026-03-24 08:55:00,9.06,9.06,9.0595,9.0595,1100
2026-03-24 09:05:00,9.06,9.06,9.05,9.05,2953
2026-03-24 09:10:00,9.0495,9.0495,9.0495,9.0495,100
2026-03-24 09:20:00,9.05,9.05,9.05,9.05,1250
2026-03-24 09:30:00,9.06,9.07,9.06,9.07,17089
2026-03-24 09:35:00,9.065,9.065,9.05,9.055,6542
2026-03-24 09:40:00,9.05,9.055,9.04,9.045,18682
2026-03-24 09:45:00,9.045,9.045,9.035,9.035,20844
2026-03-24 09:50:00,9.04,9.045,9.0301,9.04,11438
2026-03-24 09:55:00,9.04,9.05,9.04,9.05,35632
2026-03-24 10:00:00,9.05,9.07,9.05,9.07,10322
2026-03-24 10:05:00,9.07,9.0899,9.065,9.0899,151978
2026-03-24 10:10:00,9.09,9.09,9.0702,9.075,137990
2026-03-24 10:15:00,9.08,9.085,9.075,9.08,182821
2026-03-24 10:20:00,9.09,9.0999,9.09,9.0999,22263
2026-03-24 10:25:00,9.095,9.105,9.095,9.1,18858
2026-03-24 10:30:00,9.11,9.12,9.11,9.12,9265
2026-03-24 10:35:00,9.125,9.125,9.11,9.115,52855
2026-03-24 10:40:00,9.115,9.115,9.11,9.115,45431
2026-03-24 10:45:00,9.115,9.13,9.11,9.115,37380
2026-03-24 10:50:00,9.11,9.145,9.105,9.13,373453
2026-03-24 10:55:00,9.125,9.135,9.105,9.105,65639
2026-03-24 11:00:00,9.11,9.125,9.11,9.125,149773
2026-03-24 11:10:00,9.125,9.145,9.125,9.145,66517
2026-03-24 11:15:00,9.145,9.145,9.14,9.14,36553
2026-03-24 11:20:00,9.1301,9.135,9.125,9.13,84782
2026-03-24 11:25:00,9.145,9.145,9.14,9.145,84899
2026-03-24 11:30:00,9.15,9.155,9.135,9.135,95678
2026-03-24 11:35:00,9.135,9.14,9.135,9.14,41315
2026-03-24 11:40:00,9.14,9.155,9.14,9.155,108000
2026-03-24 11:45:00,9.15,9.155,9.135,9.14,169615
2026-03-24 11:50:00,9.1378,9.155,9.1378,9.155,35354
2026-03-24 11:55:00,9.155,9.155,9.13,9.13,117803
2026-03-24 12:00:00,9.115,9.125,9.115,9.125,41642
2026-03-24 12:05:00,9.12,9.1221,9.1101,9.115,40007
2026-03-24 12:10:00,9.115,9.115,9.115,9.115,4550
2026-03-24 12:15:00,9.11,9.125,9.11,9.125,81100
2026-03-24 12:20:00,9.13,9.135,9.13,9.135,10826
2026-03-24 12:25:00,9.135,9.135,9.13,9.13,22555
2026-03-24 12:30:00,9.12,9.1299,9.115,9.1299,78984
2026-03-24 12:35:00,9.12,9.125,9.105,9.105,80633
2026-03-24 12:40:00,9.105,9.12,9.105,9.1199,29610
2026-03-24 12:45:00,9.13,9.135,9.13,9.13,37786
2026-03-24 12:50:00,9.135,9.135,9.12,9.12,33832
2026-03-24 12:55:00,9.1101,9.115,9.1101,9.115,2900
2026-03-24 13:00:00,9.1121,9.12,9.07,9.07,187261
2026-03-24 13:05:00,9.06,9.0699,9.05,9.065,369860
2026-03-24 13:10:00,9.06,9.07,9.055,9.065,485318
2026-03-24 13:15:00,9.065,9.07,9.06,9.065,111178
2026-03-24 13:20:00,9.06,9.07,9.06,9.065,106801
2026-03-24 13:25:00,9.065,9.0799,9.06,9.0799,58219
2026-03-24 13:30:00,9.075,9.085,9.07,9.07,179839
2026-03-24 13:35:00,9.065,9.08,9.065,9.07,469492
2026-03-24 13:40:00,9.07,9.075,9.06,9.065,125625
2026-03-24 13:45:00,9.065,9.065,9.06,9.065,65085
2026-03-24 13:50:00,9.065,9.08,9.065,9.075,91638
2026-03-24 13:55:00,9.0701,9.095,9.0701,9.085,76637
2026-03-24 14:00:00,9.09,9.0997,9.0809,9.0997,180284
2026-03-24 14:05:00,9.0999,9.105,9.085,9.1,242570
2026-03-24 14:10:00,9.095,9.105,9.095,9.105,59446
2026-03-24 14:15:00,9.1001,9.1001,9.095,9.095,94846
2026-03-24 14:20:00,9.0999,9.105,9.0999,9.105,79665
2026-03-24 14:25:00,9.1001,9.115,9.1001,9.115,30914
2026-03-24 14:30:00,9.115,9.125,9.115,9.125,25007
2026-03-24 14:35:00,9.125,9.1403,9.125,9.1403,34103
2026-03-24 14:40:00,9.14,9.145,9.13,9.135,84279
2026-03-24 14:45:00,9.13,9.13,9.125,9.125,33300
2026-03-24 14:50:00,9.12,9.1399,9.12,9.1399,12847
2026-03-24 14:55:00,9.135,9.135,9.125,9.125,155343
2026-03-24 15:00:00,9.14,9.145,9.135,9.145,39110
2026-03-24 15:05:00,9.1497,9.155,9.1401,9.1401,138949
2026-03-24 15:10:00,9.145,9.155,9.145,9.15,136408
2026-03-24 15:15:00,9.15,9.155,9.145,9.145,184675
2026-03-24 15:20:00,9.145,9.145,9.145,9.145,1500
2026-03-24 15:25:00,9.145,9.145,9.135,9.135,62060
2026-03-24 15:30:00,9.135,9.135,9.135,9.135,1500
2026-03-24 15:35:00,9.125,9.13,9.125,9.125,500
2026-03-24 15:40:00,9.13,9.13,9.125,9.13,80869
2026-03-24 15:45:00,9.13,9.135,9.13,9.1301,2932
2026-03-24 15:50:00,9.135,9.135,9.12,9.12,45819
2026-03-24 15:55:00,9.12,9.12,9.115,9.115,110511
2026-03-24 16:00:00,9.115,9.115,9.1,9.1,14814
2026-03-24 16:05:00,9.09,9.09,9.09,9.09,100
2026-03-24 16:20:00,9.1,9.13,9.1,9.13,100300
2026-03-24 16:25:00,9.14,9.14,9.14,9.14,250
2026-03-24 16:35:00,9.18,9.18,9.18,9.18,42327
2026-03-25 06:05:00,9.22,9.22,9.22,9.22,120
2026-03-25 06:10:00,9.23,9.23,9.23,9.23,2000
2026-03-25 07:25:00,9.24,9.24,9.24,9.24,250
2026-03-25 07:35:00,9.23,9.24,9.23,9.24,1479
2026-03-25 07:40:00,9.23,9.25,9.23,9.24,25150
2026-03-25 07:45:00,9.23,9.23,9.23,9.23,4350
2026-03-25 07:50:00,9.23,9.24,9.23,9.24,3650
2026-03-25 07:55:00,9.24,9.24,9.23,9.24,1850
2026-03-25 08:00:00,9.25,9.25,9.25,9.25,400
2026-03-25 08:05:00,9.27,9.27,9.26,9.26,550
2026-03-25 08:10:00,9.24,9.24,9.24,9.24,3150
2026-03-25 08:15:00,9.23,9.23,9.23,9.23,300
2026-03-25 08:35:00,9.2,9.21,9.2,9.21,3950
2026-03-25 08:40:00,9.2,9.2,9.2,9.2,250
2026-03-25 08:45:00,9.2,9.2,9.2,9.2,250
2026-03-25 08:50:00,9.21,9.21,9.21,9.21,250
2026-03-25 09:20:00,9.22,9.22,9.22,9.22,250
2026-03-25 09:30:00,9.24,9.24,9.22,9.225,8600
2026-03-25 09:35:00,9.215,9.23,9.215,9.225,20361
2026-03-25 09:40:00,9.225,9.24,9.225,9.24,11225
2026-03-25 09:45:00,9.235,9.235,9.21,9.21,3100
2026-03-25 09:50:00,9.205,9.205,9.195,9.205,2645
2026-03-25 09:55:00,9.195,9.195,9.185,9.185,50794
2026-03-25 10:00:00,9.185,9.19,9.185,9.185,109700
2026-03-25 10:05:00,9.19,9.195,9.19,9.19,32700
2026-03-25 10:10:00,9.195,9.195,9.195,9.195,21819
2026-03-25 10:15:00,9.2,9.2,9.195,9.195,10036
2026-03-25 10:20:00,9.195,9.195,9.19,9.19,10930
2026-03-25 10:25:00,9.19,9.195,9.19,9.195,1912
2026-03-25 10:30:00,9.2,9.215,9.1999,9.215,42467
2026-03-25 10:35:00,9.215,9.215,9.215,9.215,500
2026-03-25 10:40:00,9.2198,9.23,9.2198,9.2278,13161
2026-03-25 10:45:00,9.23,9.24,9.23,9.24,71864
2026-03-25 10:50:00,9.235,9.245,9.235,9.245,5100
2026-03-25 10:55:00,9.245,9.245,9.24,9.24,55098
2026-03-25 11:00:00,9.235,9.235,9.225,9.225,900
2026-03-25 11:05:00,9.225,9.225,9.22,9.22,2500
2026-03-25 11:10:00,9.2199,9.2199,9.21,9.21,9428
2026-03-25 11:15:00,9.215,9.215,9.19,9.1999,9625
2026-03-25 11:20:00,9.2,9.23,9.2,9.2297,57813
2026-03-25 11:25:00,9.225,9.235,9.22,9.235,7607
2026-03-25 11:30:00,9.235,9.245,9.235,9.245,7000
2026-03-25 11:35:00,9.24,9.245,9.24,9.245,17162
2026-03-25 11:40:00,9.245,9.245,9.235,9.235,14318
2026-03-25 11:45:00,9.2387,9.2387,9.23,9.235,12415
2026-03-25 11:50:00,9.23,9.235,9.23,9.23,40087
2026-03-25 12:00:00,9.23,9.24,9.23,9.24,10642
2026-03-25 12:05:00,9.235,9.24,9.235,9.24,500
2026-03-25 12:10:00,9.235,9.235,9.23,9.23,7608
2026-03-25 12:15:00,9.235,9.235,9.215,9.23,49414
2026-03-25 12:20:00,9.225,9.229,9.215,9.22,90570
2026-03-25 12:25:00,9.22,9.235,9.22,9.23,61063
2026-03-25 12:30:00,9.225,9.24,9.225,9.235,31731
2026-03-25 12:35:00,9.2399,9.2399,9.2399,9.2399,276
2026-03-25 12:40:00,9.235,9.245,9.235,9.245,20642
2026-03-25 12:45:00,9.245,9.245,9.238,9.238,32788
2026-03-25 12:50:00,9.2399,9.2399,9.2399,9.2399,472
2026-03-25 12:55:00,9.235,9.235,9.225,9.225,42054
2026-03-25 13:00:00,9.225,9.24,9.22,9.225,46016
2026-03-25 13:05:00,9.225,9.226,9.22,9.22,86823
2026-03-25 13:10:00,9.215,9.215,9.21,9.215,15100
2026-03-25 13:15:00,9.215,9.216,9.21,9.21,198810
2026-03-25 13:20:00,9.21,9.216,9.21,9.2101,134773
2026-03-25 13:25:00,9.205,9.2199,9.205,9.21,24658
2026-03-25 13:30:00,9.2199,9.225,9.2199,9.225,34186
2026-03-25 13:35:00,9.23,9.23,9.225,9.225,22271
2026-03-25 13:40:00,9.23,9.235,9.225,9.235,17100
2026-03-25 13:45:00,9.235,9.235,9.23,9.235,1234
2026-03-25 13:50:00,9.235,9.235,9.225,9.225,55992
2026-03-25 13:55:00,9.225,9.23,9.215,9.23,144013
2026-03-25 14:00:00,9.225,9.225,9.225,9.225,100
2026-03-25 14:10:00,9.225,9.225,9.225,9.225,400
2026-03-25 14:15:00,9.225,9.225,9.2101,9.215,77638
2026-03-25 14:20:00,9.215,9.215,9.215,9.215,11928
2026-03-25 14:25:00,9.215,9.215,9.215,9.215,1542
2026-03-25 14:30:00,9.215,9.229,9.215,9.229,36057
2026-03-25 14:40:00,9.225,9.225,9.225,9.225,4567
2026-03-25 14:45:00,9.2201,9.2201,9.2201,9.2201,659
2026-03-25 14:50:00,9.23,9.235,9.23,9.23,119102
2026-03-25 14:55:00,9.225,9.225,9.205,9.215,181702
2026-03-25 15:00:00,9.215,9.215,9.215,9.215,1200
2026-03-25 15:05:00,9.22,9.226,9.215,9.215,55314
2026-03-25 15:10:00,9.22,9.22,9.215,9.215,17470
2026-03-25 15:15:00,9.22,9.229,9.22,9.229,955
2026-03-25 15:20:00,9.235,9.235,9.22,9.22,95516
2026-03-25 15:30:00,9.22,9.225,9.22,9.22,3540
2026-03-25 15:35:00,9.21,9.21,9.21,9.21,580
2026-03-25 15:40:00,9.215,9.215,9.215,9.215,6000
2026-03-25 15:45:00,9.2199,9.23,9.2199,9.225,108982
2026-03-25 15:50:00,9.225,9.23,9.225,9.225,8389
2026-03-25 15:55:00,9.225,9.235,9.225,9.235,14517
2026-03-25 16:00:00,9.23,9.23,9.23,9.23,150
2026-03-25 16:05:00,9.2297,9.2297,9.2297,9.2297,1000
2026-03-25 16:10:00,9.22,9.23,9.22,9.23,74323
2026-03-25 16:15:00,9.22,9.22,9.22,9.22,2750
2026-03-25 16:30:00,9.22,9.22,9.22,9.22,500
2026-03-25 16:35:00,9.23,9.23,9.21,9.21,11500
2026-03-25 16:40:00,9.21,9.21,9.21,9.21,150
2026-03-25 18:40:00,9.21,9.21,9.21,9.21,200
2026-03-26 04:00:00,9.19,9.19,9.18,9.18,500
2026-03-26 05:20:00,9.14,9.14,9.14,9.14,200
2026-03-26 05:25:00,9.14,9.14,9.14,9.14,300
2026-03-26 05:30:00,9.13,9.13,9.13,9.13,400
2026-03-26 05:40:00,9.13,9.13,9.13,9.13,100
2026-03-26 06:45:00,9.13,9.13,9.13,9.13,100
2026-03-26 07:25:00,9.12,9.12,9.12,9.12,3400
2026-03-26 07:50:00,9.13,9.13,9.12,9.12,950
2026-03-26 07:55:00,9.12,9.12,9.12,9.12,24700
2026-03-26 08:00:00,9.19,9.19,9.19,9.19,1002
2026-03-26 08:40:00,9.1413,9.1413,9.1413,9.1413,3000
2026-03-26 08:45:00,9.1526,9.1526,9.1501,9.1501,5000
2026-03-26 09:30:00,9.17,9.175,9.16,9.16,25416
2026-03-26 09:35:00,9.165,9.175,9.165,9.175,9018
2026-03-26 09:40:00,9.18,9.185,9.17,9.185,21407
2026-03-26 09:45:00,9.19,9.205,9.19,9.195,30533
2026-03-26 09:50:00,9.195,9.2,9.19,9.195,8100
2026-03-26 09:55:00,9.195,9.195,9.19,9.195,14070
2026-03-26 10:00:00,9.195,9.205,9.195,9.205,15010
2026-03-26 10:05:00,9.2,9.2,9.195,9.195,22824
2026-03-26 10:10:00,9.195,9.2,9.195,9.1997,19871
2026-03-26 10:15:00,9.2,9.21,9.194,9.2,81462
2026-03-26 10:20:00,9.2,9.2,9.185,9.185,4200
2026-03-26 10:25:00,9.185,9.19,9.185,9.185,7900
2026-03-26 10:30:00,9.185,9.2,9.185,9.1901,27591
2026-03-26 10:35:00,9.195,9.195,9.1899,9.195,31312
2026-03-26 10:40:00,9.1917,9.2,9.175,9.175,30861
2026-03-26 10:45:00,9.175,9.18,9.165,9.165,6443
2026-03-26 10:50:00,9.17,9.175,9.165,9.165,21134
2026-03-26 10:55:00,9.165,9.19,9.165,9.1899,14428
2026-03-26 11:00:00,9.1897,9.195,9.18,9.18,20274
2026-03-26 11:05:00,9.18,9.19,9.18,9.185,46260
2026-03-26 11:10:00,9.18,9.185,9.17,9.17,59165
2026-03-26 11:15:00,9.17,9.17,9.165,9.17,7356
2026-03-26 11:20:00,9.17,9.18,9.165,9.165,14723
2026-03-26 11:25:00,9.165,9.17,9.165,9.165,64403
2026-03-26 11:30:00,9.165,9.165,9.15,9.155,15263
2026-03-26 11:35:00,9.155,9.17,9.155,9.165,33925
2026-03-26 11:40:00,9.165,9.17,9.16,9.16,36320
2026-03-26 11:45:00,9.16,9.165,9.155,9.155,26933
2026-03-26 11:50:00,9.16,9.1699,9.1599,9.16,17887
2026-03-26 11:55:00,9.155,9.16,9.155,9.155,6324
2026-03-26 12:00:00,9.155,9.155,9.14,9.145,7258
2026-03-26 12:05:00,9.145,9.15,9.145,9.15,6934
2026-03-26 12:10:00,9.15,9.155,9.1491,9.1501,31453
2026-03-26 12:15:00,9.15,9.155,9.135,9.145,50629
2026-03-26 12:20:00,9.145,9.15,9.14,9.14,2671
2026-03-26 12:25:00,9.14,9.14,9.1306,9.135,5330
2026-03-26 12:30:00,9.135,9.135,9.1201,9.1201,28711
2026-03-26 12:35:00,9.13,9.135,9.115,9.12,23309
2026-03-26 12:40:00,9.125,9.13,9.12,9.125,50195
2026-03-26 12:45:00,9.13,9.13,9.115,9.1181,11957
2026-03-26 12:50:00,9.115,9.12,9.115,9.12,38800
2026-03-26 12:55:00,9.12,9.125,9.12,9.125,65573
2026-03-26 13:00:00,9.125,9.125,9.105,9.115,27394
2026-03-26 13:05:00,9.115,9.125,9.1101,9.12,25154
2026-03-26 13:10:00,9.125,9.125,9.115,9.1197,11853
2026-03-26 13:15:00,9.12,9.12,9.11,9.115,10659
2026-03-26 13:20:00,9.115,9.115,9.1099,9.1099,110543
2026-03-26 13:25:00,9.1099,9.125,9.1099,9.125,14739
2026-03-26 13:30:00,9.125,9.125,9.12,9.125,1425
2026-03-26 13:35:00,9.1299,9.13,9.125,9.125,5900
2026-03-26 13:40:00,9.125,9.125,9.1199,9.12,14544
2026-03-26 13:45:00,9.115,9.12,9.115,9.115,6000
2026-03-26 13:50:00,9.115,9.115,9.1,9.11,88344
2026-03-26 13:55:00,9.11,9.11,9.105,9.105,6045
2026-03-26 14:00:00,9.1099,9.12,9.1,9.115,15367
2026-03-26 14:05:00,9.12,9.12,9.11,9.115,5196
2026-03-26 14:10:00,9.115,9.13,9.11,9.125,13420
2026-03-26 14:15:00,9.125,9.13,9.12,9.125,15192
2026-03-26 14:20:00,9.125,9.125,9.115,9.12,33801
2026-03-26 14:25:00,9.1198,9.13,9.1197,9.125,134011
2026-03-26 14:30:00,9.13,9.14,9.13,9.14,1200
2026-03-26 14:35:00,9.14,9.15,9.14,9.145,14990
2026-03-26 14:40:00,9.145,9.145,9.14,9.145,6600
2026-03-26 14:45:00,9.145,9.15,9.145,9.15,15370
2026-03-26 14:50:00,9.15,9.17,9.15,9.17,36457
2026-03-26 14:55:00,9.17,9.17,9.16,9.165,18878
2026-03-26 15:00:00,9.165,9.185,9.165,9.185,33776
2026-03-26 15:05:00,9.185,9.195,9.1735,9.1798,47025
2026-03-26 15:10:00,9.175,9.175,9.165,9.1697,21150
2026-03-26 15:15:00,9.17,9.185,9.165,9.185,67363
2026-03-26 15:20:00,9.19,9.19,9.18,9.185,6100
2026-03-26 15:25:00,9.19,9.19,9.1701,9.175,77668
2026-03-26 15:30:00,9.175,9.175,9.17,9.175,4373
2026-03-26 15:35:00,9.175,9.175,9.165,9.165,8121
2026-03-26 15:40:00,9.165,9.18,9.165,9.1699,21806
2026-03-26 15:45:00,9.17,9.175,9.165,9.17,9961
2026-03-26 15:50:00,9.17,9.18,9.17,9.175,4176
2026-03-26 15:55:00,9.17,9.17,9.155,9.155,40325
2026-03-26 16:00:00,9.155,9.155,9.155,9.155,848
2026-03-26 16:10:00,9.19,9.19,9.19,9.19,150
2026-03-26 16:20:00,9.18,9.181,9.18,9.181,2000
2026-03-26 16:35:00,9.19,9.19,9.19,9.19,100
2026-03-26 18:15:00,9.24,9.24,9.24,9.24,1000
2026-03-26 19:10:00,9.16,9.16,9.16,9.16,1000
2026-03-26 19:15:00,9.1515,9.1515,9.1515,9.1515,1000
2026-03-27 04:15:00,9.12,9.12,9.12,9.12,100
2026-03-27 04:30:00,9.13,9.13,9.12,9.13,300
2026-03-27 04:35:00,9.12,9.12,9.12,9.12,100
2026-03-27 04:50:00,9.19,9.19,9.11,9.11,200
2026-03-27 05:10:00,9.11,9.11,9.11,9.11,200
2026-03-27 05:15:00,9.11,9.11,9.1,9.1,300
2026-03-27 05:25:00,9.11,9.11,9.11,9.11,305
2026-03-27 06:55:00,9.09,9.09,9.09,9.09,486
2026-03-27 07:35:00,9.06,9.06,9.06,9.06,1150
2026-03-27 08:00:00,9.1,9.1,9.1,9.1,100
2026-03-27 08:20:00,9.07,9.07,9.07,9.07,400
2026-03-27 08:35:00,9.0897,9.0897,9.0897,9.0897,5000
2026-03-27 08:55:00,9.06,9.06,9.06,9.06,135
2026-03-27 09:00:00,9.06,9.06,9.06,9.06,1145
2026-03-27 09:05:00,9.06,9.06,9.03,9.03,6877
2026-03-27 09:10:00,9.03,9.03,9.02,9.02,1100
2026-03-27 09:25:00,9.0426,9.0426,9.0426,9.0426,2182
2026-03-27 09:30:00,9.05,9.05,9.04,9.0401,46121
2026-03-27 09:35:00,9.045,9.055,9.035,9.055,40066
2026-03-27 09:40:00,9.055,9.075,9.055,9.075,28651
2026-03-27 09:45:00,9.075,9.0899,9.07,9.075,39001
2026-03-27 09:50:00,9.07,9.075,9.06,9.07,187694
2026-03-27 09:55:00,9.07,9.08,9.06,9.065,94825
2026-03-27 10:00:00,9.07,9.075,9.065,9.065,11028
2026-03-27 10:05:00,9.07,9.09,9.07,9.075,100376
2026-03-27 10:10:00,9.075,9.075,9.055,9.065,64729
2026-03-27 10:15:00,9.0601,9.08,9.0601,9.07,73808
2026-03-27 10:20:00,9.075,9.075,9.06,9.065,164947
2026-03-27 10:25:00,9.0697,9.07,9.065,9.0699,20400
2026-03-27 10:30:00,9.065,9.09,9.065,9.09,52708
2026-03-27 10:35:00,9.085,9.085,9.065,9.07,144464
2026-03-27 10:40:00,9.0699,9.08,9.065,9.08,74427
2026-03-27 10:45:00,9.075,9.08,9.075,9.08,500
2026-03-27 10:50:00,9.09,9.1,9.085,9.1,70220
2026-03-27 10:55:00,9.1,9.1,9.1,9.1,100
2026-03-27 11:00:00,9.1,9.1,9.095,9.095,41604
2026-03-27 11:05:00,9.095,9.0999,9.08,9.085,83096
2026-03-27 11:10:00,9.085,9.085,9.08,9.085,120808
2026-03-27 11:15:00,9.09,9.095,9.085,9.085,149301
2026-03-27 11:20:00,9.085,9.105,9.085,9.1,152196
2026-03-27 11:25:00,9.1,9.11,9.1,9.11,34114
2026-03-27 11:30:00,9.1099,9.12,9.105,9.115,160897
2026-03-27 11:35:00,9.11,9.115,9.1,9.11,391411
2026-03-27 11:40:00,9.105,9.115,9.105,9.115,19191
2026-03-27 11:45:00,9.12,9.12,9.11,9.115,55238
2026-03-27 11:50:00,9.115,9.115,9.11,9.11,42923
2026-03-27 11:55:00,9.11,9.11,9.105,9.105,800
2026-03-27 12:00:00,9.1,9.105,9.095,9.095,2642
2026-03-27 12:05:00,9.0999,9.1,9.095,9.1,12170
2026-03-27 12:10:00,9.1,9.1099,9.1,9.1099,120026
2026-03-27 12:15:00,9.11,9.115,9.105,9.115,44671
2026-03-27 12:20:00,9.115,9.12,9.1,9.1,76930
2026-03-27 12:25:00,9.105,9.115,9.1,9.1098,26120
2026-03-27 12:30:00,9.1001,9.115,9.1001,9.115,29123
2026-03-27 12:35:00,9.115,9.115,9.11,9.11,4095
2026-03-27 12:40:00,9.11,9.13,9.11,9.13,58176
2026-03-27 12:45:00,9.125,9.125,9.12,9.12,1678
2026-03-27 12:50:00,9.12,9.12,9.1197,9.12,12226
2026-03-27 12:55:00,9.13,9.13,9.13,9.13,200
2026-03-27 13:00:00,9.12,9.125,9.1001,9.105,28118
2026-03-27 13:05:00,9.11,9.115,9.105,9.11,17700
2026-03-27 13:10:00,9.11,9.1101,9.09,9.095,51840
2026-03-27 13:15:00,9.095,9.095,9.08,9.08,59302
2026-03-27 13:20:00,9.0799,9.085,9.0799,9.08,11227
2026-03-27 13:25:00,9.075,9.08,9.075,9.08,2512
2026-03-27 13:30:00,9.08,9.1,9.0799,9.1,8760
2026-03-27 13:35:00,9.1,9.11,9.1,9.1002,11853
2026-03-27 13:40:00,9.105,9.105,9.1,9.1,29550
2026-03-27 13:45:00,9.095,9.095,9.0906,9.095,9315
2026-03-27 13:50:00,9.095,9.11,9.085,9.085,28064
2026-03-27 13:55:00,9.0895,9.0895,9.075,9.075,1990
2026-03-27 14:00:00,9.08,9.08,9.08,9.08,1144
2026-03-27 14:05:00,9.0701,9.08,9.07,9.075,21489
2026-03-27 14:10:00,9.075,9.075,9.06,9.06,65860
2026-03-27 14:15:00,9.06,9.07,9.055,9.07,84761
2026-03-27 14:20:00,9.07,9.07,9.055,9.055,3469
2026-03-27 14:25:00,9.055,9.055,9.03,9.035,76095
2026-03-27 14:30:00,9.035,9.04,9.035,9.04,36586
2026-03-27 14:35:00,9.03,9.04,9.03,9.035,42485
2026-03-27 14:40:00,9.035,9.035,9.025,9.0286,68080
2026-03-27 14:45:00,9.03,9.035,9.0298,9.035,69601
2026-03-27 14:50:00,9.035,9.0399,9.035,9.0399,5130
2026-03-27 14:55:00,9.035,9.035,9.025,9.025,5640
2026-03-27 15:00:00,9.025,9.025,9.02,9.025,6454
2026-03-27 15:05:00,9.025,9.025,9.02,9.02,4000
2026-03-27 15:10:00,9.025,9.035,9.0201,9.03,81824
2026-03-27 15:15:00,9.03,9.035,9.03,9.035,3976
2026-03-27 15:20:00,9.04,9.04,9.03,9.035,10774
2026-03-27 15:25:00,9.03,9.035,9.0299,9.035,26910
2026-03-27 15:30:00,9.0399,9.04,9.03,9.035,107781
2026-03-27 15:35:00,9.035,9.04,9.03,9.035,20030
2026-03-27 15:40:00,9.03,9.03,9.02,9.0299,94848
2026-03-27 15:45:00,9.03,9.03,9.025,9.03,7267
2026-03-27 15:50:00,9.025,9.025,9.02,9.025,13454
2026-03-27 15:55:00,9.03,9.04,9.025,9.035,39422
2026-03-27 16:00:00,9.035,9.035,9.035,9.035,566
2026-03-27 16:20:00,9.0597,9.0597,9.0597,9.0597,100
2026-03-27 16:25:00,9.07,9.09,9.07,9.08,1812
2026-03-30 07:15:00,9.14,9.15,9.14,9.15,302
2026-03-30 07:20:00,9.16,9.16,9.16,9.16,2091
2026-03-30 07:25:00,9.16,9.16,9.16,9.16,200
2026-03-30 07:40:00,9.15,9.16,9.15,9.16,51091
2026-03-30 07:55:00,9.16,9.16,9.16,9.16,900
2026-03-30 08:15:00,9.15,9.15,9.15,9.15,400
2026-03-30 08:30:00,9.15,9.15,9.15,9.15,400
2026-03-30 08:35:00,9.15,9.16,9.15,9.16,2000
2026-03-30 08:45:00,9.141,9.15,9.14,9.1426,1500
2026-03-30 09:10:00,9.16,9.18,9.16,9.18,1250
2026-03-30 09:30:00,9.19,9.2,9.19,9.19,8096
2026-03-30 09:35:00,9.18,9.1899,9.18,9.18,820
2026-03-30 09:40:00,9.1601,9.17,9.1601,9.17,500
2026-03-30 09:45:00,9.17,9.175,9.17,9.175,7800
2026-03-30 09:50:00,9.18,9.19,9.18,9.185,13650
2026-03-30 09:55:00,9.19,9.19,9.19,9.19,14000
2026-03-30 10:00:00,9.1878,9.1878,9.1799,9.18,11174
2026-03-30 10:05:00,9.18,9.18,9.18,9.18,100
2026-03-30 10:10:00,9.18,9.1899,9.18,9.1899,40406
2026-03-30 10:15:00,9.185,9.1891,9.18,9.18,27321
2026-03-30 10:20:00,9.185,9.185,9.185,9.185,100
2026-03-30 10:25:00,9.185,9.185,9.18,9.185,7489
2026-03-30 10:30:00,9.1879,9.1899,9.18,9.18,62533
2026-03-30 10:35:00,9.185,9.1899,9.18,9.185,20620
2026-03-30 10:40:00,9.185,9.185,9.185,9.185,17682
2026-03-30 10:45:00,9.185,9.1985,9.185,9.1901,8267
2026-03-30 10:50:00,9.195,9.1999,9.195,9.195,5629
2026-03-30 10:55:00,9.19,9.2098,9.19,9.2098,23000
2026-03-30 11:00:00,9.2,9.2079,9.1999,9.2001,24134
2026-03-30 11:05:00,9.21,9.21,9.195,9.2,17390
2026-03-30 11:10:00,9.21,9.215,9.2099,9.21,65053
2026-03-30 11:15:00,9.215,9.2198,9.2101,9.215,7912
2026-03-30 11:20:00,9.22,9.22,9.215,9.2199,28953
2026-03-30 11:25:00,9.215,9.215,9.2001,9.205,9252
2026-03-30 11:30:00,9.2099,9.215,9.2017,9.215,11829
2026-03-30 11:35:00,9.22,9.225,9.215,9.225,38002
2026-03-30 11:40:00,9.22,9.2201,9.22,9.2201,11400
2026-03-30 11:45:00,9.2299,9.2299,9.215,9.215,5083
2026-03-30 11:50:00,9.215,9.225,9.21,9.215,62064
2026-03-30 11:55:00,9.215,9.215,9.205,9.205,11800
2026-03-30 12:00:00,9.21,9.2199,9.21,9.21,64426
2026-03-30 12:05:00,9.2101,9.215,9.21,9.215,126747
2026-03-30 12:10:00,9.2178,9.2178,9.2101,9.2101,6500
2026-03-30 12:15:00,9.21,9.21,9.2,9.2097,5229
2026-03-30 12:20:00,9.205,9.205,9.2,9.2,2729
2026-03-30 12:30:00,9.205,9.205,9.2,9.205,12042
2026-03-30 12:35:00,9.2099,9.2199,9.205,9.2165,7953
2026-03-30 12:40:00,9.215,9.22,9.21,9.215,5023
2026-03-30 12:45:00,9.2199,9.235,9.2199,9.23,20952
2026-03-30 12:50:00,9.235,9.235,9.235,9.235,547
2026-03-30 12:55:00,9.24,9.24,9.235,9.235,2445
2026-03-30 13:00:00,9.24,9.24,9.23,9.23,18357
2026-03-30 13:05:00,9.225,9.2301,9.22,9.2301,28154
2026-03-30 13:10:00,9.23,9.235,9.2197,9.2197,14028
2026-03-30 13:15:00,9.22,9.22,9.21,9.2198,4765
2026-03-30 13:20:00,9.215,9.215,9.205,9.205,58879
2026-03-30 13:25:00,9.2,9.2001,9.2,9.2,3209
2026-03-30 13:30:00,9.2,9.21,9.2,9.21,2302
2026-03-30 13:35:00,9.2099,9.2099,9.2,9.2,3005
2026-03-30 13:40:00,9.195,9.21,9.195,9.21,6268
2026-03-30 13:45:00,9.215,9.215,9.205,9.205,24590
2026-03-30 13:50:00,9.205,9.205,9.1927,9.205,20804
2026-03-30 13:55:00,9.2099,9.2099,9.2099,9.2099,1500
2026-03-30 14:00:00,9.2044,9.215,9.2044,9.21,4957
2026-03-30 14:05:00,9.2,9.2001,9.2,9.2001,2772
2026-03-30 14:10:00,9.205,9.2099,9.205,9.2099,788
2026-03-30 14:15:00,9.2,9.205,9.2,9.2003,33502
2026-03-30 14:20:00,9.2015,9.2015,9.2,9.2001,11406
2026-03-30 14:25:00,9.2,9.2003,9.1901,9.1901,24172
2026-03-30 14:30:00,9.195,9.1999,9.195,9.1999,280
2026-03-30 14:40:00,9.1999,9.1999,9.1999,9.1999,326
2026-03-30 14:45:00,9.2,9.2,9.1999,9.2,5500
2026-03-30 14:50:00,9.2,9.205,9.195,9.205,1602
2026-03-30 14:55:00,9.2,9.205,9.2,9.2,53992
2026-03-30 15:00:00,9.19,9.1999,9.19,9.19,634
2026-03-30 15:05:00,9.19,9.195,9.19,9.19,49153
2026-03-30 15:10:00,9.1882,9.1882,9.1701,9.18,4654
2026-03-30 15:15:00,9.18,9.19,9.175,9.1899,59446
2026-03-30 15:20:00,9.185,9.1999,9.185,9.1999,3176
2026-03-30 15:25:00,9.195,9.1999,9.19,9.1999,2667
2026-03-30 15:30:00,9.195,9.195,9.19,9.195,7632
2026-03-30 15:35:00,9.195,9.195,9.1901,9.1901,5332
2026-03-30 15:40:00,9.195,9.195,9.195,9.195,100
2026-03-30 15:45:00,9.2,9.2099,9.195,9.205,71997
2026-03-30 15:50:00,9.205,9.205,9.2,9.205,30715
2026-03-30 15:55:00,9.21,9.22,9.21,9.215,29861
2026-03-30 16:00:00,9.21,9.21,9.2,9.2,150100
2026-03-30 16:25:00,9.2,9.2,9.17,9.19,3515
2026-03-30 16:30:00,9.2,9.2,9.2,9.2,250
2026-03-30 16:40:00,9.2,9.2,9.2,9.2,541
2026-03-30 16:45:00,9.2,9.2,9.18,9.19,2120
2026-03-30 16:50:00,9.2,9.2,9.19,9.19,1354
2026-03-30 18:10:00,9.17,9.17,9.17,9.17,100
2026-03-31 05:45:00,9.21,9.21,9.21,9.21,200
2026-03-31 05:50:00,9.21,9.21,9.21,9.21,450
2026-03-31 05:55:00,9.21,9.21,9.21,9.21,300
2026-03-31 06:00:00,9.21,9.21,9.21,9.21,200
2026-03-31 07:05:00,9.18,9.18,9.18,9.18,300
2026-03-31 07:15:00,9.24,9.24,9.23,9.23,2343
2026-03-31 07:20:00,9.23,9.24,9.23,9.24,3850
2026-03-31 07:25:00,9.24,9.24,9.23,9.23,1616
2026-03-31 07:30:00,9.23,9.23,9.23,9.23,350
2026-03-31 08:25:00,9.23,9.23,9.23,9.23,609
2026-03-31 08:35:00,9.23,9.23,9.23,9.23,2186
2026-03-31 09:05:00,9.2,9.2,9.2,9.2,103
2026-03-31 09:10:00,9.2074,9.21,9.2035,9.21,400
2026-03-31 09:15:00,9.215,9.221,9.215,9.22,2000
2026-03-31 09:20:00,9.225,9.2336,9.2203,9.2336,10000
2026-03-31 09:30:00,9.22,9.22,9.2032,9.2032,12523
2026-03-31 09:35:00,9.205,9.205,9.205,9.205,800
2026-03-31 09:40:00,9.21,9.21,9.2,9.2,2159
2026-03-31 09:45:00,9.2,9.2199,9.195,9.21,52903
2026-03-31 09:50:00,9.198,9.205,9.19,9.205,9945
2026-03-31 09:55:00,9.2,9.2,9.19,9.2,12599
2026-03-31 10:00:00,9.1999,9.1999,9.1999,9.1999,4475
2026-03-31 10:05:00,9.195,9.195,9.18,9.185,49431
2026-03-31 10:10:00,9.1899,9.2,9.18,9.2,25100
2026-03-31 10:15:00,9.205,9.2099,9.1999,9.2001,62952
2026-03-31 10:20:00,9.195,9.195,9.19,9.19,15400
2026-03-31 10:25:00,9.19,9.195,9.19,9.195,39193
2026-03-31 10:30:00,9.19,9.19,9.18,9.1899,65816
2026-03-31 10:35:00,9.195,9.195,9.165,9.165,45663
2026-03-31 10:40:00,9.165,9.165,9.165,9.165,2800
2026-03-31 10:45:00,9.1699,9.1799,9.1601,9.1601,42251
2026-03-31 10:50:00,9.165,9.17,9.16,9.1699,16800
2026-03-31 10:55:00,9.165,9.185,9.165,9.185,36786
2026-03-31 11:00:00,9.185,9.185,9.16,9.175,39421
2026-03-31 11:05:00,9.16,9.16,9.16,9.16,301
2026-03-31 11:10:00,9.165,9.17,9.15,9.1602,42327
2026-03-31 11:15:00,9.16,9.175,9.16,9.17,15165
2026-03-31 11:20:00,9.155,9.165,9.15,9.165,23244
2026-03-31 11:25:00,9.1799,9.1799,9.165,9.165,2103
2026-03-31 11:30:00,9.16,9.165,9.1598,9.165,4199
2026-03-31 11:35:00,9.17,9.175,9.17,9.175,53030
2026-03-31 11:40:00,9.18,9.1801,9.18,9.18,14648
2026-03-31 11:45:00,9.17,9.17,9.1699,9.1699,1490
2026-03-31 11:50:00,9.1799,9.18,9.1701,9.1701,25750
2026-03-31 11:55:00,9.1702,9.1702,9.1697,9.1697,13003
2026-03-31 12:00:00,9.165,9.17,9.16,9.16,32077
2026-03-31 12:05:00,9.155,9.165,9.155,9.165,19030
2026-03-31 12:10:00,9.165,9.1699,9.16,9.165,15554
2026-03-31 12:15:00,9.165,9.1703,9.165,9.165,14354
2026-03-31 12:20:00,9.1689,9.1799,9.1689,9.175,14776
2026-03-31 12:25:00,9.175,9.18,9.175,9.175,15811
2026-03-31 12:30:00,9.185,9.2,9.185,9.2,87462
2026-03-31 12:35:00,9.195,9.2199,9.195,9.2199,78965
2026-03-31 12:40:00,9.23,9.25,9.23,9.235,209051
2026-03-31 12:45:00,9.2301,9.245,9.215,9.225,198394
2026-03-31 12:50:00,9.225,9.235,9.22,9.2299,305896
2026-03-31 12:55:00,9.2201,9.225,9.21,9.21,49045
2026-03-31 13:00:00,9.22,9.23,9.215,9.23,162421
2026-03-31 13:05:00,9.2303,9.24,9.23,9.23,56276
2026-03-31 13:10:00,9.23,9.24,9.2202,9.24,10988
2026-03-31 13:15:00,9.24,9.24,9.23,9.23,62282
2026-03-31 13:25:00,9.23,9.23,9.21,9.21,185586
2026-03-31 13:30:00,9.22,9.22,9.2165,9.22,57685
2026-03-31 13:35:00,9.23,9.23,9.205,9.215,183691
2026-03-31 13:40:00,9.22,9.23,9.215,9.23,129765
2026-03-31 13:45:00,9.2301,9.2301,9.23,9.23,5428
2026-03-31 13:50:00,9.2298,9.2298,9.2298,9.2298,481
2026-03-31 13:55:00,9.22,9.22,9.215,9.215,54120
2026-03-31 14:00:00,9.2199,9.2294,9.2101,9.225,104055
2026-03-31 14:05:00,9.2299,9.23,9.2299,9.23,10108
2026-03-31 14:10:00,9.2297,9.23,9.2297,9.23,53375
2026-03-31 14:15:00,9.23,9.24,9.225,9.235,43737
2026-03-31 14:20:00,9.235,9.235,9.22,9.22,137796
2026-03-31 14:25:00,9.225,9.2299,9.22,9.225,1910
2026-03-31 14:30:00,9.22,9.22,9.21,9.21,2975
2026-03-31 14:35:00,9.2199,9.23,9.2199,9.225,68940
2026-03-31 14:40:00,9.225,9.225,9.22,9.2201,63756
2026-03-31 14:45:00,9.2199,9.2199,9.215,9.215,13139
2026-03-31 14:50:00,9.215,9.215,9.215,9.215,3623
2026-03-31 15:00:00,9.215,9.215,9.2,9.2,143047
2026-03-31 15:05:00,9.2,9.2,9.195,9.2,43347
2026-03-31 15:10:00,9.205,9.2199,9.205,9.2199,1069
2026-03-31 15:15:00,9.225,9.225,9.225,9.225,10257
2026-03-31 15:20:00,9.225,9.2251,9.225,9.2251,256
2026-03-31 15:25:00,9.23,9.23,9.23,9.23,15737
2026-03-31 15:30:00,9.24,9.25,9.24,9.25,8364
2026-03-31 15:35:00,9.245,9.245,9.245,9.245,25693
2026-03-31 15:40:00,9.245,9.245,9.2402,9.2402,162409
2026-03-31 15:45:00,9.24,9.245,9.235,9.24,12426
2026-03-31 15:50:00,9.24,9.245,9.2301,9.235,85269
2026-03-31 15:55:00,9.235,9.235,9.17,9.18,263636
2026-03-31 16:00:00,9.17,9.17,9.17,9.17,336
2026-03-31 16:25:00,9.18,9.18,9.18,9.18,6900
2026-03-31 16:35:00,9.18,9.18,9.18,9.18,500
2026-03-31 16:45:00,9.17,9.17,9.16,9.16,1770
2026-03-31 17:10:00,9.19,9.19,9.19,9.19,295
2026-04-01 04:00:00,9.2,9.26,9.2,9.26,5960
2026-04-01 04:10:00,9.25,9.25,9.23,9.23,1454
2026-04-01 04:15:00,9.24,9.24,9.24,9.24,178
2026-04-01 04:45:00,9.25,9.25,9.25,9.25,300
2026-04-01 06:05:00,9.23,9.23,9.23,9.23,300
2026-04-01 06:15:00,9.23,9.23,9.23,9.23,300
2026-04-01 07:05:00,9.2,9.2,9.2,9.2,150
2026-04-01 07:15:00,9.19,9.19,9.19,9.19,1749
2026-04-01 07:55:00,9.2,9.2,9.2,9.2,200
2026-04-01 08:15:00,9.18,9.18,9.18,9.18,1558
2026-04-01 08:20:00,9.17,9.17,9.17,9.17,716
2026-04-01 08:25:00,9.14,9.15,9.14,9.15,200
2026-04-01 08:30:00,9.13,9.14,9.13,9.14,1118
2026-04-01 08:40:00,9.13,9.16,9.12,9.16,3494
2026-04-01 08:45:00,9.15,9.15,9.14,9.15,1894
2026-04-01 08:50:00,9.1302,9.1304,9.13,9.13,720
2026-04-01 08:55:00,9.12,9.12,9.12,9.12,252
2026-04-01 09:00:00,9.11,9.12,9.11,9.12,340
2026-04-01 09:05:00,9.11,9.11,9.11,9.11,120
2026-04-01 09:30:00,9.11,9.125,9.11,9.12,35278
2026-04-01 09:35:00,9.125,9.1451,9.125,9.145,50017
2026-04-01 09:40:00,9.145,9.15,9.135,9.14,17912
2026-04-01 09:45:00,9.14,9.1499,9.14,9.145,36346
2026-04-01 09:50:00,9.145,9.15,9.145,9.145,34659
2026-04-01 09:55:00,9.14,9.15,9.14,9.15,37520
2026-04-01 10:00:00,9.14,9.14,9.125,9.125,46766
2026-04-01 10:05:00,9.12,9.1301,9.12,9.13,39513
2026-04-01 10:10:00,9.1209,9.1401,9.1209,9.14,43506
2026-04-01 10:15:00,9.14,9.15,9.135,9.15,74420
2026-04-01 10:20:00,9.145,9.1599,9.145,9.15,49300
2026-04-01 10:25:00,9.14,9.1599,9.14,9.1599,69063
2026-04-01 10:30:00,9.1501,9.16,9.1501,9.16,10944
2026-04-01 10:35:00,9.15,9.16,9.145,9.16,21422
2026-04-01 10:40:00,9.15,9.1577,9.15,9.1501,22005
2026-04-01 10:45:00,9.15,9.1501,9.15,9.1501,24142
2026-04-01 10:50:00,9.1601,9.1601,9.16,9.16,11756
2026-04-01 10:55:00,9.1614,9.1698,9.1614,9.1698,2381
2026-04-01 11:00:00,9.17,9.1702,9.17,9.17,40612
2026-04-01 11:05:00,9.18,9.185,9.18,9.185,1570
2026-04-01 11:10:00,9.185,9.185,9.18,9.18,2770
2026-04-01 11:15:00,9.1892,9.1899,9.1892,9.1899,722
2026-04-01 11:20:00,9.195,9.195,9.185,9.185,8333
2026-04-01 11:25:00,9.185,9.185,9.18,9.185,43383
2026-04-01 11:30:00,9.185,9.185,9.185,9.185,6800
2026-04-01 11:35:00,9.185,9.195,9.185,9.195,32604
2026-04-01 11:40:00,9.195,9.195,9.19,9.19,38091
2026-04-01 11:45:00,9.19,9.195,9.19,9.19,900
2026-04-01 11:55:00,9.19,9.2,9.19,9.2,15958
2026-04-01 12:00:00,9.1901,9.195,9.1801,9.185,50122
2026-04-01 12:05:00,9.19,9.19,9.185,9.185,1472
2026-04-01 12:10:00,9.185,9.1899,9.18,9.185,19117
2026-04-01 12:15:00,9.185,9.185,9.175,9.18,48499
2026-04-01 12:20:00,9.185,9.185,9.185,9.185,100
2026-04-01 12:25:00,9.19,9.195,9.1899,9.195,1504
2026-04-01 12:30:00,9.195,9.195,9.19,9.19,47654
2026-04-01 12:35:00,9.185,9.185,9.185,9.185,2725
2026-04-01 12:40:00,9.185,9.185,9.185,9.185,8125
2026-04-01 12:45:00,9.1895,9.195,9.1895,9.195,935
2026-04-01 12:50:00,9.1901,9.195,9.1901,9.195,838
2026-04-01 12:55:00,9.1999,9.1999,9.195,9.195,6015
2026-04-01 13:00:00,9.195,9.1965,9.195,9.1965,4815
2026-04-01 13:05:00,9.195,9.195,9.19,9.1901,10630
2026-04-01 13:10:00,9.19,9.195,9.1899,9.1899,8619
2026-04-01 13:15:00,9.185,9.185,9.18,9.1801,72331
2026-04-01 13:20:00,9.185,9.185,9.175,9.175,11874
2026-04-01 13:25:00,9.18,9.19,9.175,9.19,52460
2026-04-01 13:30:00,9.185,9.185,9.165,9.1699,116723
2026-04-01 13:35:00,9.165,9.165,9.16,9.16,22141
2026-04-01 13:40:00,9.155,9.155,9.155,9.155,3944
2026-04-01 13:45:00,9.155,9.1595,9.155,9.1595,9826
2026-04-01 13:50:00,9.155,9.155,9.155,9.155,6600
2026-04-01 13:55:00,9.155,9.1599,9.15,9.155,38580
2026-04-01 14:00:00,9.155,9.155,9.135,9.135,66904
2026-04-01 14:05:00,9.135,9.14,9.135,9.1396,45257
2026-04-01 14:10:00,9.14,9.155,9.14,9.155,20771
2026-04-01 14:15:00,9.155,9.155,9.15,9.15,1438
2026-04-01 14:20:00,9.15,9.155,9.1498,9.15,4915
2026-04-01 14:25:00,9.155,9.155,9.15,9.1501,5391
2026-04-01 14:30:00,9.155,9.155,9.155,9.155,420
2026-04-01 14:35:00,9.155,9.155,9.145,9.15,23970
2026-04-01 14:40:00,9.155,9.1697,9.155,9.165,14716
2026-04-01 14:50:00,9.1695,9.1695,9.165,9.165,475
2026-04-01 14:55:00,9.1601,9.165,9.16,9.16,7477
2026-04-01 15:00:00,9.155,9.155,9.145,9.145,3575
2026-04-01 15:05:00,9.145,9.145,9.1409,9.145,9955
2026-04-01 15:10:00,9.145,9.1456,9.135,9.135,251366
2026-04-01 15:15:00,9.135,9.135,9.135,9.135,2750
2026-04-01 15:20:00,9.13,9.135,9.125,9.125,31305
2026-04-01 15:25:00,9.125,9.125,9.12,9.12,3200
2026-04-01 15:30:00,9.125,9.125,9.115,9.12,26111
2026-04-01 15:35:00,9.12,9.12,9.115,9.1199,141726
2026-04-01 15:40:00,9.12,9.125,9.1101,9.115,69007
2026-04-01 15:45:00,9.1199,9.1199,9.115,9.115,512
2026-04-01 15:50:00,9.115,9.125,9.115,9.1203,11534
2026-04-01 15:55:00,9.125,9.13,9.12,9.13,48263
2026-04-01 16:00:00,9.12,9.12,9.12,9.12,2082
2026-04-01 16:30:00,9.15,9.15,9.15,9.15,400
2026-04-02 04:00:00,9.04,9.04,9.03,9.03,2200
2026-04-02 07:30:00,9.06,9.06,9.06,9.06,873
2026-04-02 07:35:00,9.06,9.06,9.06,9.06,300
2026-04-02 07:40:00,9.06,9.06,9.06,9.06,352
2026-04-02 07:45:00,9.06,9.06,9.06,9.06,309
2026-04-02 08:05:00,9.08,9.08,9.08,9.08,336
2026-04-02 08:15:00,9.09,9.09,9.09,9.09,100
2026-04-02 08:40:00,9.07,9.07,9.07,9.07,10000
2026-04-02 08:50:00,9.0887,9.0887,9.0887,9.0887,400
2026-04-02 08:55:00,9.0708,9.0708,9.0708,9.0708,440
2026-04-02 09:05:00,9.09,9.09,9.0899,9.0899,2000
2026-04-02 09:10:00,9.09,9.09,9.09,9.09,252
2026-04-02 09:15:00,9.0999,9.1,9.0999,9.0999,1500
2026-04-02 09:25:00,9.1187,9.1187,9.1187,9.1187,100
2026-04-02 09:30:00,9.11,9.11,9.1038,9.105,37214
2026-04-02 09:35:00,9.115,9.118,9.115,9.118,2700
2026-04-02 09:40:00,9.115,9.115,9.115,9.115,300
2026-04-02 09:45:00,9.12,9.125,9.12,9.12,19667
2026-04-02 09:50:00,9.12,9.13,9.12,9.13,14230
2026-04-02 09:55:00,9.1399,9.155,9.135,9.145,29794
2026-04-02 10:00:00,9.15,9.16,9.145,9.16,39900
2026-04-02 10:05:00,9.16,9.175,9.16,9.17,805
2026-04-02 10:10:00,9.17,9.175,9.16,9.16,26676
2026-04-02 10:15:00,9.16,9.185,9.16,9.185,8467
2026-04-02 10:20:00,9.185,9.19,9.185,9.19,775
2026-04-02 10:25:00,9.195,9.2,9.185,9.2,43457
2026-04-02 10:30:00,9.19,9.195,9.19,9.19,19816
2026-04-02 10:35:00,9.195,9.21,9.19,9.195,37110
2026-04-02 10:40:00,9.2,9.205,9.1901,9.205,42553
2026-04-02 10:45:00,9.2,9.21,9.2,9.21,18300
2026-04-02 10:50:00,9.2011,9.215,9.2011,9.215,3400
2026-04-02 10:55:00,9.215,9.215,9.21,9.2101,12257
2026-04-02 11:00:00,9.21,9.21,9.2,9.205,16232
2026-04-02 11:05:00,9.205,9.2199,9.2,9.215,3100
2026-04-02 11:10:00,9.2176,9.2199,9.21,9.21,9890
2026-04-02 11:15:00,9.21,9.2101,9.2,9.2001,7602
2026-04-02 11:20:00,9.2,9.2001,9.2,9.2,25400
2026-04-02 11:25:00,9.1999,9.205,9.1998,9.2,12940
2026-04-02 11:30:00,9.2,9.2,9.1933,9.195,30980
2026-04-02 11:35:00,9.1999,9.205,9.195,9.195,19601
2026-04-02 11:40:00,9.195,9.2,9.195,9.2,28272
2026-04-02 11:45:00,9.2,9.205,9.19,9.19,60119
2026-04-02 11:50:00,9.1901,9.2,9.1901,9.2,2785
2026-04-02 11:55:00,9.195,9.2,9.1929,9.1929,2450
2026-04-02 12:00:00,9.195,9.195,9.18,9.185,28792
2026-04-02 12:05:00,9.171,9.171,9.171,9.171,1220
2026-04-02 12:10:00,9.175,9.175,9.17,9.175,2800
2026-04-02 12:15:00,9.175,9.185,9.175,9.18,36677
2026-04-02 12:20:00,9.175,9.18,9.175,9.18,20506
2026-04-02 12:25:00,9.185,9.1999,9.185,9.1899,7448
2026-04-02 12:35:00,9.1899,9.195,9.185,9.185,4757
2026-04-02 12:40:00,9.1899,9.19,9.185,9.19,11853
2026-04-02 12:45:00,9.185,9.185,9.1801,9.185,1192
2026-04-02 12:50:00,9.18,9.18,9.175,9.1779,42512
2026-04-02 12:55:00,9.17,9.17,9.17,9.17,600
2026-04-02 13:00:00,9.17,9.17,9.16,9.17,17376
2026-04-02 13:05:00,9.175,9.1799,9.17,9.1799,5940
2026-04-02 13:10:00,9.175,9.185,9.175,9.185,4765
2026-04-02 13:15:00,9.1818,9.185,9.1818,9.185,3027
2026-04-02 13:20:00,9.185,9.185,9.185,9.185,2708
2026-04-02 13:25:00,9.1815,9.1815,9.1815,9.1815,2000
2026-04-02 13:30:00,9.185,9.185,9.18,9.18,7233
2026-04-02 13:35:00,9.175,9.175,9.17,9.17,10839
2026-04-02 13:40:00,9.175,9.175,9.175,9.175,2962
2026-04-02 13:45:00,9.17,9.175,9.16,9.16,10909
2026-04-02 13:50:00,9.165,9.165,9.16,9.16,1650
2026-04-02 13:55:00,9.16,9.17,9.16,9.17,75520
2026-04-02 14:00:00,9.175,9.175,9.175,9.175,2835
2026-04-02 14:05:00,9.175,9.18,9.165,9.165,7388
2026-04-02 14:10:00,9.165,9.175,9.165,9.175,5100
2026-04-02 14:15:00,9.175,9.1794,9.17,9.1794,1072
2026-04-02 14:20:00,9.18,9.18,9.18,9.18,1434
2026-04-02 14:25:00,9.18,9.185,9.18,9.185,7899
2026-04-02 14:30:00,9.185,9.186,9.172,9.1799,5730
2026-04-02 14:35:00,9.1799,9.185,9.1799,9.185,17702
2026-04-02 14:40:00,9.185,9.195,9.185,9.195,25772
2026-04-02 14:45:00,9.2,9.2079,9.2,9.2,136662
2026-04-02 14:50:00,9.21,9.21,9.195,9.195,4809
2026-04-02 14:55:00,9.195,9.195,9.195,9.195,1517
2026-04-02 15:00:00,9.195,9.2,9.195,9.2,37398
2026-04-02 15:05:00,9.205,9.205,9.205,9.205,17721
2026-04-02 15:10:00,9.205,9.215,9.205,9.215,18622
2026-04-02 15:15:00,9.21,9.215,9.2001,9.2001,1582
2026-04-02 15:20:00,9.205,9.215,9.205,9.215,23657
2026-04-02 15:25:00,9.215,9.215,9.21,9.21,75277
2026-04-02 15:30:00,9.2001,9.21,9.2001,9.205,49500
2026-04-02 15:35:00,9.2,9.215,9.2,9.2102,29623
2026-04-02 15:40:00,9.215,9.215,9.21,9.215,668
2026-04-02 15:45:00,9.215,9.2199,9.21,9.21,1596
2026-04-02 15:50:00,9.215,9.22,9.21,9.21,8130
2026-04-02 15:55:00,9.21,9.215,9.21,9.215,48221
2026-04-02 16:00:00,9.21,9.21,9.21,9.21,57924
2026-04-02 17:40:00,9.21,9.21,9.21,9.21,351
