2026-03-04 09:30:00,61.35,61.35,61.14,61.14,550
2026-03-04 10:20:00,61.3815,61.3815,61.3815,61.3815,136
2026-03-04 13:15:00,61.24,61.24,61.24,61.24,140
2026-03-04 14:55:00,61.59,61.59,61.59,61.59,132
2026-03-05 09:30:00,60.85,60.85,60.78,60.78,477
2026-03-06 09:35:00,59.63,59.63,59.63,59.63,200
2026-03-06 09:45:00,59.66,59.66,59.66,59.66,100
2026-03-06 09:50:00,59.88,59.88,59.88,59.88,306
2026-03-06 11:35:00,59.945,59.945,59.945,59.945,100
2026-03-06 15:15:00,59.975,59.975,59.975,59.975,423
2026-03-09 09:30:00,59.15,59.42,59.15,59.42,327
2026-03-09 09:45:00,59.19,59.19,59.19,59.19,100
2026-03-09 09:50:00,59.1,59.1,59.1,59.1,108
2026-03-09 11:35:00,59.57,59.57,59.57,59.57,400
2026-03-09 13:45:00,59.58,59.58,59.58,59.58,208
2026-03-09 13:50:00,59.67,59.67,59.67,59.67,100
2026-03-09 15:55:00,60.6,60.6,60.6,60.6,196
2026-03-10 09:45:00,60.48,60.48,60.48,60.48,200
2026-03-10 10:00:00,60.35,60.35,60.35,60.35,100
2026-03-10 15:55:00,60.36,60.36,60.36,60.36,190
2026-03-11 09:30:00,60.21,60.21,60.21,60.21,119
2026-03-11 09:45:00,60.04,60.04,60.01,60.01,300
2026-03-11 12:10:00,59.61,59.61,59.61,59.61,225
2026-03-11 13:05:00,59.93,59.93,59.93,59.93,100
2026-03-11 15:55:00,59.93,59.93,59.93,59.93,190
2026-03-12 10:00:00,59.51,59.51,59.51,59.51,100
2026-03-12 11:00:00,59.16,59.16,59.16,59.16,200
2026-03-12 11:40:00,59.31,59.31,59.31,59.31,100
2026-03-12 12:10:00,59.21,59.21,59.21,59.21,100
2026-03-12 15:35:00,59.175,59.175,59.175,59.175,259
2026-03-12 15:55:00,58.99,59.05,58.99,59.05,290
2026-03-13 11:30:00,58.815,58.815,58.71,58.71,1982
2026-03-13 11:40:00,58.641,58.641,58.641,58.641,100
2026-03-13 12:05:00,58.57,58.57,58.57,58.57,200
2026-03-13 13:10:00,58.62,58.62,58.62,58.62,200
2026-03-13 13:45:00,58.85,58.85,58.67,58.67,217
2026-03-16 09:30:00,59.49,59.515,59.49,59.515,201
2026-03-16 09:40:00,59.55,59.5954,59.55,59.5954,409
2026-03-16 10:50:00,59.52,59.52,59.52,59.52,440
2026-03-16 13:30:00,59.68,59.68,59.68,59.68,270
2026-03-16 15:55:00,59.52,59.52,59.49,59.49,537
2026-03-17 13:40:00,60.1486,60.1486,60.075,60.075,277
2026-03-19 09:30:00,58.49,58.49,58.49,58.49,211
2026-03-19 15:00:00,59.04,59.04,59.04,59.04,100
2026-03-19 15:30:00,59.47,59.47,59.47,59.47,128
2026-03-23 09:30:00,58.94,58.94,58.94,58.94,535
2026-03-23 09:45:00,59.08,59.08,59.08,59.08,136
2026-03-23 12:25:00,58.8,58.8,58.8,58.8,100
2026-03-23 13:45:00,59.17,59.17,59.065,59.065,312
2026-03-23 14:10:00,59.0401,59.0401,59.0401,59.0401,300
2026-03-23 15:00:00,59.44,59.44,59.44,59.44,100
2026-03-24 09:30:00,58.55,58.55,58.55,58.55,197
2026-03-24 09:40:00,58.2501,58.2501,58.2501,58.2501,112
2026-03-25 13:05:00,59.65,59.65,59.65,59.65,137
2026-03-26 08:00:00,59.6,59.6,59.6,59.6,200
2026-03-26 10:00:00,59.46,59.46,59.46,59.46,200
2026-03-26 13:50:00,58.64,58.64,58.64,58.64,100
2026-03-26 14:45:00,58.76,58.76,58.76,58.76,100
2026-03-27 13:40:00,57.54,57.54,57.54,57.54,100
2026-03-27 16:20:00,57.4,57.4,57.4,57.4,200
2026-03-30 09:40:00,57.431,57.431,57.431,57.431,640
2026-03-30 11:30:00,57.2,57.2,57.2,57.2,406
2026-03-30 13:45:00,57.04,57.04,57.04,57.04,172
2026-03-31 09:30:00,57.62,57.62,57.62,57.62,301
2026-03-31 11:50:00,58.0,58.0,58.0,58.0,108
2026-03-31 13:00:00,58.61,58.61,58.61,58.61,100
2026-03-31 13:25:00,58.53,58.53,58.53,58.53,111
2026-03-31 15:00:00,58.68,58.68,58.68,58.68,100
2026-04-01 09:40:00,59.2926,59.2926,59.2926,59.2926,300
2026-04-01 13:40:00,59.845,59.845,59.845,59.845,101
2026-04-02 09:30:00,58.41,58.41,58.41,58.41,107
2026-04-02 11:50:00,59.67,59.67,59.67,59.67,100
2026-04-02 13:45:00,59.61,59.61,59.61,59.61,112
