2026-03-04 09:25:00,72.14,72.14,72.14,72.14,100
2026-03-04 09:30:00,72.2,72.2,71.98,71.98,5890
2026-03-04 09:35:00,71.93,71.93,71.8051,71.8051,1230
2026-03-04 09:40:00,71.57,71.57,71.57,71.57,556
2026-03-04 09:45:00,71.5807,71.5807,71.5807,71.5807,394
2026-03-04 09:50:00,71.385,71.385,71.385,71.385,880
2026-03-04 09:55:00,71.3058,71.3058,71.15,71.15,837
2026-03-04 10:00:00,71.4,71.4,71.4,71.4,500
2026-03-04 10:05:00,71.42,71.42,71.42,71.42,100
2026-03-04 10:15:00,71.5697,71.5697,71.5697,71.5697,490
2026-03-04 10:20:00,71.685,71.685,71.685,71.685,140
2026-03-04 10:35:00,71.83,71.83,71.795,71.8,500
2026-03-04 10:40:00,71.79,71.79,71.77,71.77,500
2026-03-04 10:55:00,71.87,71.87,71.87,71.87,500
2026-03-04 11:25:00,71.61,71.61,71.61,71.61,215
2026-03-04 11:50:00,71.88,71.88,71.85,71.85,556
2026-03-04 11:55:00,71.85,71.85,71.85,71.85,100
2026-03-04 12:10:00,71.9,71.9,71.9,71.9,200
2026-03-04 12:15:00,71.9075,71.9374,71.9075,71.93,820
2026-03-04 12:20:00,71.85,71.85,71.83,71.83,1500
2026-03-04 12:25:00,71.87,71.87,71.86,71.86,779
2026-03-04 12:30:00,71.81,71.81,71.81,71.81,725
2026-03-04 13:05:00,71.79,71.79,71.78,71.78,500
2026-03-04 13:10:00,71.7,71.7,71.7,71.7,247
2026-03-04 13:25:00,71.64,71.64,71.64,71.64,118
2026-03-04 13:45:00,71.7251,71.7251,71.7251,71.7251,658
2026-03-04 13:50:00,71.76,71.79,71.745,71.79,2632
2026-03-04 13:55:00,71.785,71.79,71.75,71.77,1091
2026-03-04 14:25:00,71.84,71.85,71.84,71.85,600
2026-03-04 14:35:00,71.835,71.8351,71.8291,71.835,908
2026-03-04 14:50:00,71.94,71.94,71.94,71.94,400
2026-03-04 15:05:00,71.92,71.92,71.92,71.92,100
2026-03-04 15:15:00,71.925,71.9251,71.901,71.92,4490
2026-03-04 15:20:00,71.9201,71.9201,71.9201,71.9201,112
2026-03-04 15:40:00,71.95,71.95,71.95,71.95,107
2026-03-04 15:50:00,71.92,71.92,71.92,71.92,100
2026-03-04 16:00:00,71.91,71.91,71.91,71.91,464
2026-03-05 09:20:00,71.55,71.55,71.55,71.55,866
2026-03-05 09:25:00,71.54,71.54,71.41,71.41,300
2026-03-05 09:30:00,71.5,71.5,71.24,71.26,5251
2026-03-05 09:35:00,71.405,71.405,71.0975,71.0975,1872
2026-03-05 09:40:00,71.08,71.1276,71.05,71.05,855
2026-03-05 09:45:00,70.9,70.9,70.876,70.876,500
2026-03-05 09:50:00,71.22,71.22,71.22,71.22,100
2026-03-05 10:00:00,71.44,71.44,71.44,71.44,260
2026-03-05 10:05:00,71.16,71.16,71.16,71.16,100
2026-03-05 10:10:00,71.075,71.075,71.07,71.07,400
2026-03-05 10:20:00,71.07,71.09,71.07,71.09,647
2026-03-05 10:25:00,71.03,71.075,71.03,71.075,1082
2026-03-05 10:50:00,70.94,70.94,70.94,70.94,100
2026-03-05 10:55:00,70.94,70.94,70.88,70.88,332
2026-03-05 11:05:00,70.609,70.609,70.609,70.609,141
2026-03-05 11:35:00,70.495,70.495,70.49,70.495,500
2026-03-05 11:50:00,70.57,70.57,70.57,70.57,100
2026-03-05 11:55:00,70.665,70.665,70.665,70.665,350
2026-03-05 12:25:00,70.555,70.555,70.555,70.555,100
2026-03-05 12:30:00,70.34,70.36,70.34,70.36,200
2026-03-05 12:35:00,70.32,70.32,70.32,70.32,400
2026-03-05 12:45:00,70.1483,70.1483,70.1483,70.1483,200
2026-03-05 13:00:00,70.1661,70.1661,70.0869,70.0869,392
2026-03-05 13:05:00,70.2,70.2,70.2,70.2,110
2026-03-05 13:20:00,70.2,70.2,70.2,70.2,200
2026-03-05 13:30:00,70.2,70.2,70.2,70.2,100
2026-03-05 13:50:00,70.4,70.4,70.4,70.4,300
2026-03-05 14:25:00,70.2106,70.2106,70.2106,70.2106,136
2026-03-05 14:30:00,70.23,70.23,70.17,70.17,870
2026-03-05 14:55:00,70.33,70.33,70.2516,70.2516,1833
2026-03-05 15:00:00,70.275,70.32,70.275,70.32,493
2026-03-05 15:05:00,70.305,70.305,70.305,70.305,285
2026-03-05 15:20:00,70.49,70.49,70.466,70.466,264
2026-03-05 15:25:00,70.485,70.6,70.485,70.6,2040
2026-03-05 15:30:00,70.5825,70.5825,70.5825,70.5825,100
2026-03-05 15:35:00,70.6,70.6,70.6,70.6,191
2026-03-05 15:40:00,70.595,70.595,70.595,70.595,726
2026-03-05 15:45:00,70.5528,70.5528,70.5528,70.5528,142
2026-03-05 15:55:00,70.7,70.78,70.7,70.77,415
2026-03-05 16:00:00,70.78,70.78,70.78,70.78,154
2026-03-05 17:00:00,70.78,70.78,70.78,70.78,100
2026-03-06 08:45:00,70.61,70.61,70.61,70.61,3235
2026-03-06 09:30:00,70.24,70.24,70.14,70.24,3648
2026-03-06 09:40:00,69.8514,69.86,69.74,69.77,1150
2026-03-06 09:45:00,69.815,69.815,69.815,69.815,350
2026-03-06 10:00:00,69.92,69.925,69.92,69.925,494
2026-03-06 10:10:00,70.025,70.025,70.025,70.025,136
2026-03-06 10:15:00,70.2,70.26,70.16,70.26,2967
2026-03-06 10:20:00,70.409,70.45,70.375,70.45,820
2026-03-06 10:25:00,70.46,70.46,70.45,70.45,781
2026-03-06 10:30:00,70.3701,70.5,70.3701,70.5,1568
2026-03-06 10:35:00,70.5655,70.5655,70.5655,70.5655,300
2026-03-06 10:40:00,70.53,70.53,70.53,70.53,215
2026-03-06 10:45:00,70.57,70.58,70.57,70.58,200
2026-03-06 10:50:00,70.23,70.23,70.23,70.23,140
2026-03-06 11:05:00,70.48,70.48,70.475,70.48,410
2026-03-06 11:10:00,70.375,70.375,70.3,70.3,293
2026-03-06 11:20:00,70.2701,70.2701,70.2701,70.2701,143
2026-03-06 11:25:00,70.29,70.29,70.285,70.285,400
2026-03-06 11:30:00,70.33,70.33,70.33,70.33,350
2026-03-06 11:45:00,70.525,70.525,70.525,70.525,125
2026-03-06 12:05:00,70.18,70.18,70.18,70.18,150
2026-03-06 12:20:00,70.46,70.46,70.36,70.36,200
2026-03-06 12:30:00,70.38,70.4,70.33,70.4,2381
2026-03-06 12:55:00,70.2501,70.2501,70.2501,70.2501,638
2026-03-06 13:00:00,70.2996,70.2996,70.2996,70.2996,470
2026-03-06 13:10:00,70.44,70.44,70.44,70.44,151
2026-03-06 13:30:00,70.6,70.6,70.6,70.6,135
2026-03-06 14:20:00,70.53,70.53,70.53,70.53,200
2026-03-06 14:25:00,70.56,70.56,70.56,70.56,100
2026-03-06 14:35:00,70.61,70.61,70.61,70.61,196
2026-03-06 15:10:00,70.565,70.565,70.565,70.565,169
2026-03-06 15:30:00,70.42,70.42,70.33,70.37,653
2026-03-06 15:35:00,70.2407,70.2407,70.2407,70.2407,420
2026-03-06 16:00:00,70.51,70.51,70.51,70.51,115
2026-03-09 09:30:00,69.91,69.91,69.78,69.78,5004
2026-03-09 09:35:00,69.81,69.81,69.81,69.81,585
2026-03-09 09:45:00,69.63,69.67,69.605,69.67,2877
2026-03-09 09:50:00,69.52,69.52,69.52,69.52,100
2026-03-09 10:05:00,69.63,69.63,69.44,69.44,1310
2026-03-09 10:15:00,69.3807,69.545,69.37,69.545,500
2026-03-09 10:35:00,69.95,69.95,69.95,69.95,148
2026-03-09 11:00:00,70.1,70.1,70.1,70.1,287
2026-03-09 11:30:00,70.12,70.12,70.12,70.12,100
2026-03-09 11:35:00,70.105,70.105,70.105,70.105,100
2026-03-09 12:05:00,70.3232,70.3232,70.3232,70.3232,224
2026-03-09 12:20:00,70.135,70.135,70.135,70.135,356
2026-03-09 12:50:00,70.41,70.41,70.41,70.41,100
2026-03-09 13:20:00,70.26,70.26,70.26,70.26,100
2026-03-09 13:30:00,70.24,70.25,70.24,70.25,200
2026-03-09 14:00:00,70.235,70.235,70.235,70.235,100
2026-03-09 14:05:00,70.18,70.28,70.17,70.28,4675
2026-03-09 14:10:00,70.28,70.28,70.28,70.28,100
2026-03-09 14:25:00,70.3992,70.4452,70.3992,70.405,1211
2026-03-09 14:40:00,70.475,70.475,70.475,70.475,1332
2026-03-09 14:50:00,70.5,70.5,70.5,70.5,150
2026-03-09 14:55:00,70.6,70.6,70.6,70.6,8701
2026-03-09 15:10:00,70.5489,70.5489,70.5489,70.5489,140
2026-03-09 15:15:00,70.74,70.74,70.74,70.74,330
2026-03-09 15:25:00,70.86,70.86,70.86,70.86,518
2026-03-09 15:30:00,70.86,70.88,70.86,70.88,200
2026-03-09 15:35:00,70.9986,70.9986,70.9986,70.9986,587
2026-03-09 15:40:00,70.975,70.975,70.9,70.9,290
2026-03-09 15:45:00,70.97,70.97,70.97,70.97,200
2026-03-09 15:50:00,70.78,70.89,70.745,70.89,3145
2026-03-09 15:55:00,71.01,71.02,71.01,71.02,300
2026-03-09 16:00:00,70.91,70.91,70.91,70.91,200
2026-03-10 08:00:00,70.9,70.9,70.9,70.9,100
2026-03-10 09:30:00,71.17,71.18,71.15,71.18,410
2026-03-10 09:35:00,71.045,71.045,71.045,71.045,1406
2026-03-10 09:40:00,71.1756,71.23,71.1756,71.23,325
2026-03-10 09:45:00,71.105,71.105,71.105,71.105,100
2026-03-10 09:55:00,71.21,71.21,71.165,71.165,770
2026-03-10 10:05:00,71.29,71.29,71.28,71.28,305
2026-03-10 10:45:00,71.7075,71.7075,71.7075,71.7075,100
2026-03-10 11:40:00,71.8167,71.8167,71.8167,71.8167,251
2026-03-10 12:50:00,71.49,71.49,71.49,71.49,139
2026-03-10 12:55:00,71.5959,71.5959,71.5959,71.5959,209
2026-03-10 13:20:00,71.395,71.395,71.395,71.395,350
2026-03-10 13:50:00,71.56,71.56,71.56,71.56,2380
2026-03-10 14:15:00,71.28,71.29,71.28,71.28,482
2026-03-10 14:25:00,71.165,71.22,71.165,71.18,1084
2026-03-10 14:30:00,71.255,71.255,71.255,71.255,401
2026-03-10 14:40:00,71.19,71.19,71.19,71.19,356
2026-03-10 14:45:00,71.273,71.273,71.273,71.273,423
2026-03-10 14:50:00,71.263,71.263,71.263,71.263,150
2026-03-10 14:55:00,71.155,71.155,71.155,71.155,100
2026-03-10 15:15:00,71.18,71.18,71.18,71.18,200
2026-03-10 15:40:00,71.14,71.14,71.06,71.06,679
2026-03-10 15:45:00,71.085,71.085,71.045,71.045,244
2026-03-10 15:55:00,71.0589,71.0589,71.0589,71.0589,305
2026-03-10 16:00:00,70.96,70.96,70.96,70.96,460
2026-03-11 09:30:00,70.9,70.9,70.73,70.82,3281
2026-03-11 09:40:00,70.64,70.64,70.64,70.64,200
2026-03-11 09:45:00,70.69,70.69,70.69,70.69,212
2026-03-11 10:00:00,71.07,71.09,70.98,70.98,2600
2026-03-11 10:20:00,71.31,71.31,71.31,71.31,100
2026-03-11 10:30:00,71.4086,71.4086,71.4086,71.4086,200
2026-03-11 10:35:00,71.5,71.5,71.5,71.5,600
2026-03-11 11:15:00,71.38,71.38,71.38,71.38,100
2026-03-11 11:25:00,71.45,71.45,71.29,71.29,345
2026-03-11 11:55:00,71.1438,71.1438,71.1438,71.1438,319
2026-03-11 12:00:00,71.065,71.065,71.065,71.065,100
2026-03-11 12:30:00,71.33,71.33,71.3125,71.3125,200
2026-03-11 12:40:00,71.3673,71.3673,71.3673,71.3673,2457
2026-03-11 12:45:00,71.325,71.325,71.325,71.325,100
2026-03-11 12:50:00,71.355,71.355,71.355,71.355,100
2026-03-11 13:05:00,71.5,71.5,71.45,71.45,300
2026-03-11 13:25:00,71.44,71.44,71.44,71.44,100
2026-03-11 13:35:00,71.165,71.165,71.165,71.165,100
2026-03-11 14:05:00,71.28,71.28,71.24,71.24,200
2026-03-11 14:35:00,71.405,71.405,71.405,71.405,200
2026-03-11 14:45:00,71.47,71.47,71.42,71.42,300
2026-03-11 14:50:00,71.405,71.405,71.405,71.405,200
2026-03-11 14:55:00,71.47,71.48,71.47,71.48,200
2026-03-11 15:00:00,71.32,71.32,71.305,71.305,465
2026-03-11 15:10:00,71.31,71.31,71.31,71.31,100
2026-03-11 15:15:00,71.36,71.37,71.36,71.37,200
2026-03-11 15:20:00,71.335,71.335,71.335,71.335,525
2026-03-11 15:50:00,71.62,71.62,71.62,71.62,100
2026-03-11 15:55:00,71.709,71.71,71.7,71.71,343
2026-03-12 09:30:00,71.74,71.74,71.48,71.57,2333
2026-03-12 09:35:00,71.6,71.6,71.6,71.6,107
2026-03-12 09:45:00,71.44,71.44,71.44,71.44,140
2026-03-12 09:50:00,71.5563,71.5563,71.5563,71.5563,152
2026-03-12 10:30:00,71.6099,71.66,71.505,71.505,1857
2026-03-12 10:45:00,71.63,71.63,71.5605,71.5605,600
2026-03-12 10:50:00,71.42,71.42,71.42,71.42,100
2026-03-12 11:00:00,71.46,71.46,71.46,71.46,200
2026-03-12 11:10:00,71.31,71.395,71.31,71.395,300
2026-03-12 11:15:00,71.405,71.4612,71.405,71.4612,450
2026-03-12 11:30:00,71.712,71.82,71.712,71.82,835
2026-03-12 11:35:00,71.695,71.74,71.695,71.74,800
2026-03-12 11:40:00,71.83,71.83,71.83,71.83,377
2026-03-12 12:00:00,71.85,71.85,71.85,71.85,170
2026-03-12 12:05:00,71.87,71.89,71.8534,71.8534,451
2026-03-12 12:10:00,71.9,71.9,71.9,71.9,100
2026-03-12 12:25:00,72.0399,72.0399,72.0399,72.0399,140
2026-03-12 12:40:00,72.09,72.1,72.09,72.1,200
2026-03-12 12:45:00,72.0,72.0,71.91,71.91,500
2026-03-12 12:50:00,71.93,71.93,71.93,71.93,100
2026-03-12 13:25:00,71.875,71.875,71.875,71.875,2000
2026-03-12 13:35:00,71.94,71.94,71.895,71.895,300
2026-03-12 13:45:00,71.8391,71.8391,71.8391,71.8391,317
2026-03-12 13:55:00,71.78,71.78,71.7682,71.7682,200
2026-03-12 14:00:00,71.89,71.9,71.89,71.89,400
2026-03-12 14:15:00,71.9977,72.004,71.95,72.004,1421
2026-03-12 14:30:00,71.975,72.02,71.975,72.01,1000
2026-03-12 14:35:00,72.01,72.04,71.995,72.04,2448
2026-03-12 14:40:00,72.03,72.04,72.0,72.005,1600
2026-03-12 14:45:00,71.9999,72.0,71.9799,71.9799,440
2026-03-12 14:50:00,72.01,72.06,72.0,72.04,1442
2026-03-12 14:55:00,71.935,71.935,71.9,71.9,894
2026-03-12 15:00:00,71.91,71.91,71.8997,71.91,800
2026-03-12 15:05:00,71.8483,71.92,71.8483,71.89,1200
2026-03-12 15:15:00,71.9,71.9,71.88,71.88,200
2026-03-12 15:20:00,71.8799,71.88,71.77,71.88,2000
2026-03-12 15:25:00,71.88,71.88,71.88,71.88,221
2026-03-12 15:30:00,71.93,71.93,71.93,71.93,150
2026-03-12 15:35:00,71.9,71.9,71.875,71.875,641
2026-03-12 15:40:00,71.86,71.86,71.785,71.785,971
2026-03-12 15:45:00,71.758,71.758,71.758,71.758,720
2026-03-12 15:50:00,71.7,71.73,71.69,71.69,2171
2026-03-12 15:55:00,71.69,71.71,71.645,71.69,4137
2026-03-13 09:25:00,71.66,71.66,71.66,71.66,259
2026-03-13 09:30:00,71.67,71.67,71.44,71.44,3959
2026-03-13 09:35:00,71.5,71.5,71.5,71.5,534
2026-03-13 09:40:00,71.5181,71.5181,71.5,71.5,300
2026-03-13 09:45:00,71.5489,71.5489,71.5489,71.5489,230
2026-03-13 10:10:00,71.18,71.18,71.085,71.085,200
2026-03-13 10:15:00,70.95,70.95,70.95,70.95,100
2026-03-13 10:40:00,70.88,70.88,70.875,70.875,353
2026-03-13 10:45:00,70.92,70.93,70.92,70.93,432
2026-03-13 10:55:00,70.735,70.735,70.735,70.735,100
2026-03-13 11:00:00,70.6528,70.6528,70.6528,70.6528,100
2026-03-13 11:25:00,70.713,70.8,70.713,70.8,580
2026-03-13 11:35:00,70.69,70.69,70.69,70.69,200
2026-03-13 11:40:00,70.6153,70.6153,70.6153,70.6153,300
2026-03-13 11:45:00,70.63,70.69,70.57,70.57,4027
2026-03-13 12:00:00,70.525,70.525,70.525,70.525,223
2026-03-13 12:30:00,70.595,70.595,70.595,70.595,200
2026-03-13 12:40:00,70.5851,70.5851,70.5851,70.5851,500
2026-03-13 12:45:00,70.5895,70.5895,70.5895,70.5895,331
2026-03-13 13:05:00,70.6599,70.6599,70.6599,70.6599,194
2026-03-13 13:30:00,70.675,70.675,70.675,70.675,300
2026-03-13 13:45:00,70.62,70.66,70.62,70.66,251
2026-03-13 14:00:00,70.54,70.54,70.54,70.54,100
2026-03-13 14:10:00,70.64,70.64,70.62,70.62,230
2026-03-13 14:25:00,70.555,70.555,70.555,70.555,300
2026-03-13 14:45:00,70.74,70.74,70.74,70.74,372
2026-03-13 15:25:00,70.4672,70.4672,70.4672,70.4672,185
2026-03-13 15:35:00,70.465,70.465,70.465,70.465,233
2026-03-13 15:40:00,70.45,70.45,70.374,70.374,800
2026-03-13 15:55:00,70.51,70.51,70.47,70.5,636
2026-03-16 09:25:00,71.05,71.05,71.05,71.05,500
2026-03-16 09:30:00,71.06,71.06,70.82,70.85,3293
2026-03-16 09:35:00,70.86,70.96,70.86,70.95,2457
2026-03-16 09:40:00,71.025,71.08,71.015,71.08,2538
2026-03-16 09:45:00,71.0699,71.09,70.93,70.93,1333
2026-03-16 09:50:00,71.07,71.08,71.07,71.08,400
2026-03-16 10:05:00,71.145,71.145,71.145,71.145,174
2026-03-16 10:10:00,71.1665,71.1665,71.1665,71.1665,300
2026-03-16 10:20:00,71.124,71.124,71.124,71.124,100
2026-03-16 10:25:00,71.14,71.14,71.01,71.1,1610
2026-03-16 10:30:00,70.9901,70.9901,70.98,70.98,2077
2026-03-16 10:35:00,70.94,70.94,70.94,70.94,600
2026-03-16 10:40:00,70.8543,70.8543,70.8543,70.8543,1000
2026-03-16 10:50:00,70.845,70.845,70.8432,70.8432,2287
2026-03-16 10:55:00,70.93,70.93,70.93,70.93,150
2026-03-16 11:15:00,70.88,70.88,70.88,70.88,100
2026-03-16 11:30:00,70.9787,70.9787,70.966,70.966,876
2026-03-16 11:55:00,70.65,70.65,70.64,70.64,300
2026-03-16 13:00:00,70.57,70.57,70.5476,70.5476,200
2026-03-16 13:10:00,70.605,70.605,70.605,70.605,150
2026-03-16 14:05:00,70.81,70.81,70.81,70.81,306
2026-03-16 14:10:00,70.88,70.88,70.88,70.88,300
2026-03-16 14:25:00,70.98,70.98,70.98,70.98,232
2026-03-16 14:35:00,71.01,71.01,71.01,71.01,100
2026-03-16 14:50:00,71.06,71.06,71.04,71.04,222
2026-03-16 14:55:00,70.965,70.965,70.965,70.965,130
2026-03-16 15:05:00,71.03,71.04,70.9601,70.979,1420
2026-03-16 15:10:00,70.96,70.96,70.96,70.96,106
2026-03-16 15:25:00,70.95,70.95,70.95,70.95,472
2026-03-16 15:45:00,70.85,70.85,70.85,70.85,100
2026-03-16 15:55:00,70.95,70.95,70.9497,70.95,1612
2026-03-16 16:00:00,70.83,70.83,70.83,70.83,116
2026-03-17 09:30:00,71.4,71.46,71.4,71.43,12042
2026-03-17 09:35:00,71.32,71.36,71.32,71.36,210
2026-03-17 09:45:00,71.5,71.5,71.5,71.5,400
2026-03-17 10:05:00,71.77,71.785,71.77,71.78,698
2026-03-17 10:10:00,71.84,71.84,71.8398,71.8398,206
2026-03-17 10:15:00,71.75,71.77,71.695,71.75,538
2026-03-17 10:30:00,71.752,71.81,71.74,71.8099,2613
2026-03-17 10:35:00,71.86,71.86,71.8599,71.8599,252
2026-03-17 10:55:00,71.76,71.76,71.76,71.76,313
2026-03-17 11:05:00,71.69,71.73,71.69,71.73,200
2026-03-17 11:35:00,71.538,71.538,71.538,71.538,300
2026-03-17 11:45:00,71.5999,71.63,71.49,71.575,1452
2026-03-17 11:50:00,71.6182,71.6182,71.6182,71.6182,400
2026-03-17 12:25:00,71.514,71.514,71.514,71.514,350
2026-03-17 12:40:00,71.5888,71.5888,71.5888,71.5888,150
2026-03-17 13:10:00,71.63,71.63,71.63,71.63,190
2026-03-17 13:25:00,71.57,71.57,71.5699,71.5699,400
2026-03-17 13:35:00,71.535,71.535,71.535,71.535,100
2026-03-17 14:00:00,71.6,71.6,71.6,71.6,600
2026-03-17 14:15:00,71.63,71.649,71.625,71.633,2902
2026-03-17 14:25:00,71.555,71.555,71.555,71.555,200
2026-03-17 14:35:00,71.59,71.59,71.59,71.59,166
2026-03-17 14:55:00,71.51,71.51,71.51,71.51,100
2026-03-17 15:00:00,71.5,71.5,71.47,71.49,639
2026-03-17 15:30:00,71.3983,71.3983,71.3983,71.3983,151
2026-03-17 15:35:00,71.3987,71.4,71.382,71.382,1702
2026-03-17 15:40:00,71.38,71.38,71.335,71.335,316
2026-03-17 15:55:00,71.365,71.43,71.365,71.43,641
2026-03-18 09:30:00,70.98,70.98,70.71,70.82,4194
2026-03-18 10:00:00,70.59,70.59,70.59,70.59,461
2026-03-18 10:05:00,70.64,70.64,70.64,70.64,300
2026-03-18 10:25:00,70.38,70.38,70.38,70.38,235
2026-03-18 10:30:00,70.49,70.5,70.46,70.4757,1996
2026-03-18 10:35:00,70.4282,70.4282,70.4282,70.4282,400
2026-03-18 10:40:00,70.4501,70.4501,70.4501,70.4501,200
2026-03-18 10:45:00,70.54,70.54,70.529,70.529,304
2026-03-18 11:00:00,70.58,70.58,70.58,70.58,100
2026-03-18 11:20:00,70.495,70.495,70.495,70.495,1743
2026-03-18 11:45:00,70.539,70.539,70.539,70.539,1800
2026-03-18 12:00:00,70.51,70.51,70.51,70.51,1200
2026-03-18 12:05:00,70.558,70.558,70.558,70.558,350
2026-03-18 12:30:00,70.72,70.72,70.7,70.7,400
2026-03-18 12:35:00,70.67,70.67,70.67,70.67,100
2026-03-18 13:25:00,70.6396,70.6396,70.6396,70.6396,140
2026-03-18 14:15:00,70.63,70.63,70.6,70.62,1138
2026-03-18 14:30:00,70.56,70.56,70.56,70.56,100
2026-03-18 14:35:00,70.6,70.6,70.6,70.6,100
2026-03-18 14:40:00,70.52,70.52,70.52,70.52,100
2026-03-18 15:05:00,70.475,70.475,70.475,70.475,100
2026-03-18 15:10:00,70.435,70.435,70.43,70.43,200
2026-03-18 15:20:00,70.26,70.26,70.26,70.26,300
2026-03-18 15:25:00,70.23,70.23,70.23,70.23,100
2026-03-18 15:40:00,70.2729,70.2729,70.27,70.27,734
2026-03-18 15:45:00,70.25,70.25,70.21,70.21,300
2026-03-18 15:50:00,70.205,70.205,70.205,70.205,100
2026-03-18 15:55:00,70.2044,70.21,70.2,70.2,1213
2026-03-18 16:05:00,69.5,69.5,69.5,69.5,200
2026-03-19 09:30:00,68.91,68.915,68.841,68.841,1515
2026-03-19 09:40:00,68.62,68.62,68.62,68.62,500
2026-03-19 09:45:00,68.645,68.645,68.53,68.53,500
2026-03-19 10:00:00,69.4,69.4,69.4,69.4,100
2026-03-19 10:10:00,69.3,69.3,69.3,69.3,100
2026-03-19 10:30:00,69.05,69.05,69.05,69.05,170
2026-03-19 10:40:00,69.42,69.4415,69.42,69.4415,380
2026-03-19 10:50:00,69.5,69.5,69.5,69.5,190
2026-03-19 10:55:00,69.4467,69.4467,69.4467,69.4467,110
2026-03-19 11:15:00,69.555,69.555,69.555,69.555,618
2026-03-19 11:25:00,69.33,69.33,69.33,69.33,100
2026-03-19 11:35:00,69.185,69.185,69.185,69.185,200
2026-03-19 11:40:00,69.31,69.31,69.31,69.31,200
2026-03-19 11:55:00,69.45,69.47,69.44,69.44,1604
2026-03-19 12:05:00,69.56,69.56,69.56,69.56,100
2026-03-19 12:10:00,69.52,69.52,69.52,69.52,100
2026-03-19 12:35:00,69.51,69.52,69.43,69.4702,3167
2026-03-19 12:40:00,69.53,69.53,69.44,69.44,626
2026-03-19 12:50:00,69.19,69.19,69.19,69.19,100
2026-03-19 13:00:00,69.31,69.31,69.31,69.31,300
2026-03-19 13:05:00,69.225,69.225,69.225,69.225,171
2026-03-19 13:15:00,69.1212,69.1212,69.1212,69.1212,350
2026-03-19 13:25:00,69.32,69.32,69.32,69.32,100
2026-03-19 13:45:00,69.2489,69.2489,69.23,69.23,2500
2026-03-19 13:50:00,69.36,69.36,69.36,69.36,162
2026-03-19 13:55:00,69.34,69.34,69.34,69.34,112
2026-03-19 14:00:00,69.31,69.31,69.31,69.31,100
2026-03-19 14:05:00,69.3,69.3,69.3,69.3,100
2026-03-19 14:10:00,69.3,69.3,69.3,69.3,500
2026-03-19 14:35:00,69.295,69.295,69.295,69.295,250
2026-03-19 14:40:00,69.27,69.27,69.27,69.27,100
2026-03-19 14:45:00,69.27,69.3,69.27,69.3,200
2026-03-19 14:55:00,69.3357,69.3357,69.3357,69.3357,279
2026-03-19 15:00:00,69.7,69.7,69.67,69.67,200
2026-03-19 15:05:00,69.9,69.9,69.9,69.9,100
2026-03-19 15:15:00,69.77,69.77,69.62,69.75,13431
2026-03-19 15:30:00,69.625,69.625,69.615,69.615,479
2026-03-19 15:35:00,69.61,69.61,69.61,69.61,100
2026-03-19 15:55:00,69.69,69.77,69.655,69.76,2815
2026-03-20 09:30:00,69.65,69.65,69.56,69.58,5047
2026-03-20 09:40:00,69.6352,69.6352,69.6352,69.6352,200
2026-03-20 09:45:00,69.53,69.53,69.53,69.53,500
2026-03-20 10:10:00,69.15,69.15,68.82,68.82,3319
2026-03-20 10:20:00,68.71,68.71,68.71,68.71,491
2026-03-20 10:25:00,68.7,68.705,68.7,68.705,770
2026-03-20 11:20:00,68.97,69.02,68.97,68.98,1126
2026-03-20 12:25:00,68.87,68.87,68.87,68.87,100
2026-03-20 13:15:00,68.7,68.7,68.7,68.7,100
2026-03-20 13:20:00,68.7,68.7866,68.7,68.7866,551
2026-03-20 13:25:00,68.7,68.7,68.69,68.69,824
2026-03-20 13:55:00,68.585,68.585,68.585,68.585,218
2026-03-20 14:00:00,68.67,68.67,68.67,68.67,1053
2026-03-20 14:15:00,68.525,68.525,68.525,68.525,150
2026-03-20 14:20:00,68.28,68.28,68.25,68.27,2360
2026-03-20 14:25:00,68.44,68.44,68.39,68.39,200
2026-03-20 14:40:00,68.405,68.405,68.405,68.405,100
2026-03-20 14:45:00,68.25,68.25,68.25,68.25,643
2026-03-20 15:00:00,68.2129,68.28,68.2129,68.28,285
2026-03-20 15:15:00,68.1474,68.1696,68.1474,68.1696,1692
2026-03-20 15:30:00,68.115,68.115,68.115,68.115,100
2026-03-20 15:45:00,68.21,68.21,68.21,68.21,146
2026-03-20 15:55:00,68.2,68.23,68.2,68.23,549
2026-03-23 09:30:00,68.42,68.42,68.42,68.42,503
2026-03-23 09:45:00,68.79,68.95,68.78,68.95,3493
2026-03-23 09:50:00,69.03,69.03,69.025,69.025,440
2026-03-23 09:55:00,69.215,69.215,69.215,69.215,100
2026-03-23 10:00:00,69.305,69.435,69.305,69.435,369
2026-03-23 10:05:00,69.28,69.28,69.28,69.28,300
2026-03-23 10:20:00,69.46,69.46,69.46,69.46,5871
2026-03-23 10:25:00,69.59,69.59,69.59,69.59,359
2026-03-23 10:40:00,69.495,69.495,69.495,69.495,1000
2026-03-23 10:45:00,69.575,69.575,69.575,69.575,200
2026-03-23 10:55:00,69.5401,69.5401,69.5401,69.5401,200
2026-03-23 11:00:00,69.65,69.65,69.65,69.65,300
2026-03-23 11:05:00,69.6206,69.6206,69.6206,69.6206,100
2026-03-23 11:35:00,69.3,69.3,69.24,69.24,375
2026-03-23 11:40:00,69.1408,69.205,69.1408,69.205,1316
2026-03-23 11:50:00,69.15,69.15,69.14,69.14,1017
2026-03-23 11:55:00,69.13,69.13,69.13,69.13,200
2026-03-23 12:00:00,68.93,68.93,68.93,68.93,100
2026-03-23 12:10:00,69.11,69.11,69.11,69.11,200
2026-03-23 12:50:00,69.14,69.14,69.14,69.14,250
2026-03-23 13:05:00,69.07,69.07,69.07,69.07,358
2026-03-23 13:10:00,69.13,69.13,69.13,69.13,109
2026-03-23 13:40:00,69.45,69.45,69.385,69.385,407
2026-03-23 14:05:00,69.3361,69.355,69.3361,69.355,648
2026-03-23 14:10:00,69.415,69.415,69.415,69.415,933
2026-03-23 14:15:00,69.39,69.39,69.39,69.39,356
2026-03-23 14:35:00,69.605,69.605,69.6,69.6,588
2026-03-23 15:15:00,69.325,69.325,69.28,69.28,527
2026-03-23 15:20:00,69.325,69.325,69.325,69.325,319
2026-03-23 15:35:00,69.29,69.29,69.29,69.29,560
2026-03-23 15:50:00,69.31,69.31,69.31,69.31,100
2026-03-23 15:55:00,69.22,69.22,69.22,69.22,200
2026-03-23 16:00:00,69.15,69.15,69.15,69.15,258
2026-03-24 09:30:00,68.8,68.98,68.77,68.98,7111
2026-03-24 09:35:00,69.22,69.22,69.22,69.22,600
2026-03-24 09:40:00,69.03,69.03,69.03,69.03,260
2026-03-24 10:40:00,70.0,70.0,70.0,70.0,220
2026-03-24 10:45:00,69.88,69.975,69.88,69.975,330
2026-03-24 10:50:00,69.87,70.12,69.87,70.12,3397
2026-03-24 10:55:00,70.04,70.04,69.92,69.92,1700
2026-03-24 11:00:00,70.07,70.07,70.07,70.07,500
2026-03-24 11:20:00,70.32,70.32,70.32,70.32,300
2026-03-24 11:45:00,70.42,70.5,70.42,70.5,300
2026-03-24 11:55:00,70.38,70.38,70.38,70.38,200
2026-03-24 13:05:00,70.1,70.1,70.1,70.1,100
2026-03-24 13:20:00,70.1,70.1,70.1,70.1,100
2026-03-24 13:45:00,70.02,70.08,69.965,70.08,4269
2026-03-24 13:50:00,70.11,70.12,70.1,70.12,593
2026-03-24 13:55:00,70.16,70.16,70.16,70.16,400
2026-03-24 14:35:00,70.38,70.38,70.38,70.38,586
2026-03-24 14:40:00,70.275,70.275,70.275,70.275,140
2026-03-24 15:00:00,70.245,70.245,70.245,70.245,130
2026-03-24 15:10:00,70.35,70.35,70.35,70.35,100
2026-03-24 15:15:00,70.24,70.24,70.24,70.24,500
2026-03-24 15:20:00,70.202,70.202,70.202,70.202,171
2026-03-24 15:30:00,70.18,70.19,70.18,70.19,521
2026-03-24 15:40:00,70.21,70.21,70.21,70.21,151
2026-03-24 15:55:00,70.25,70.25,70.25,70.25,1135
2026-03-25 09:25:00,71.04,71.04,70.91,70.92,778
2026-03-25 09:30:00,71.1,71.1,70.87,70.99,8248
2026-03-25 09:35:00,70.89,70.89,70.89,70.89,422
2026-03-25 09:50:00,70.72,70.74,70.7,70.7,906
2026-03-25 09:55:00,70.715,70.715,70.715,70.715,100
2026-03-25 10:05:00,70.72,70.72,70.62,70.62,400
2026-03-25 10:10:00,70.64,70.73,70.64,70.73,500
2026-03-25 10:15:00,70.78,70.8,70.78,70.8,300
2026-03-25 10:20:00,70.78,70.81,70.78,70.805,675
2026-03-25 10:25:00,70.695,70.79,70.695,70.79,1530
2026-03-25 10:45:00,70.905,70.905,70.905,70.905,115
2026-03-25 11:15:00,70.82,70.82,70.65,70.65,700
2026-03-25 11:25:00,70.93,70.93,70.93,70.93,100
2026-03-25 11:35:00,70.989,70.9899,70.86,70.86,400
2026-03-25 11:40:00,70.885,70.9399,70.885,70.9399,550
2026-03-25 12:10:00,70.82,70.82,70.82,70.82,100
2026-03-25 12:15:00,70.75,70.76,70.75,70.76,300
2026-03-25 12:25:00,70.81,70.88,70.81,70.88,2100
2026-03-25 12:35:00,70.96,70.96,70.96,70.96,652
2026-03-25 13:50:00,71.0,71.0,71.0,71.0,205
2026-03-25 14:10:00,70.95,70.95,70.95,70.95,124
2026-03-25 14:25:00,70.9306,70.965,70.9306,70.965,440
2026-03-25 14:30:00,71.04,71.04,71.04,71.04,100
2026-03-25 14:50:00,70.93,70.93,70.93,70.93,139
2026-03-25 15:00:00,70.87,70.87,70.87,70.87,100
2026-03-25 15:15:00,70.935,70.935,70.935,70.935,352
2026-03-25 15:25:00,70.925,70.925,70.925,70.925,100
2026-03-25 15:30:00,70.875,70.875,70.875,70.875,160
2026-03-25 15:35:00,70.7801,70.7801,70.7801,70.7801,150
2026-03-25 15:45:00,70.9299,70.9299,70.9299,70.9299,283
2026-03-25 15:55:00,70.89,70.9,70.89,70.9,254
2026-03-26 09:30:00,70.25,70.49,70.25,70.49,1045
2026-03-26 09:35:00,70.45,70.46,70.45,70.46,1083
2026-03-26 09:55:00,70.63,70.63,70.63,70.63,9252
2026-03-26 10:00:00,70.75,70.75,70.72,70.72,1483
2026-03-26 10:10:00,70.71,70.7299,70.67,70.7299,508
2026-03-26 10:20:00,70.9,70.9,70.865,70.865,331
2026-03-26 10:25:00,70.87,70.87,70.87,70.87,500
2026-03-26 10:30:00,70.95,70.96,70.95,70.96,200
2026-03-26 10:40:00,70.895,70.895,70.805,70.82,1281
2026-03-26 10:45:00,70.78,70.781,70.7,70.7,305
2026-03-26 10:50:00,70.725,70.725,70.725,70.725,100
2026-03-26 10:55:00,70.59,70.59,70.59,70.59,100
2026-03-26 11:00:00,70.79,70.79,70.79,70.79,300
2026-03-26 11:05:00,70.8,70.82,70.7001,70.7001,2400
2026-03-26 11:10:00,70.8,70.8,70.79,70.79,200
2026-03-26 11:20:00,70.79,70.79,70.79,70.79,100
2026-03-26 11:30:00,70.79,70.82,70.79,70.82,400
2026-03-26 11:40:00,70.775,70.775,70.775,70.775,211
2026-03-26 11:50:00,70.79,70.79,70.79,70.79,280
2026-03-26 12:00:00,70.84,70.84,70.84,70.84,400
2026-03-26 12:10:00,70.87,70.87,70.87,70.87,100
2026-03-26 12:15:00,70.7399,70.7399,70.7399,70.7399,125
2026-03-26 12:30:00,70.63,70.63,70.63,70.63,337
2026-03-26 12:55:00,70.67,70.67,70.67,70.67,100
2026-03-26 13:00:00,70.6887,70.6887,70.6887,70.6887,303
2026-03-26 13:15:00,70.6,70.6584,70.57,70.57,565
2026-03-26 13:25:00,70.46,70.46,70.46,70.46,300
2026-03-26 13:50:00,70.47,70.5295,70.47,70.5099,474
2026-03-26 14:20:00,70.475,70.475,70.475,70.475,100
2026-03-26 14:25:00,70.47,70.47,70.47,70.47,414
2026-03-26 14:30:00,70.485,70.485,70.485,70.485,100
2026-03-26 14:45:00,70.535,70.54,70.535,70.54,231
2026-03-26 15:00:00,70.62,70.62,70.62,70.62,100
2026-03-26 15:05:00,70.51,70.51,70.51,70.51,100
2026-03-26 15:35:00,70.4,70.405,70.4,70.405,400
2026-03-26 15:40:00,70.3901,70.3901,70.39,70.39,200
2026-03-26 15:45:00,70.33,70.345,70.33,70.345,440
2026-03-26 15:50:00,70.325,70.325,70.325,70.325,489
2026-03-26 15:55:00,70.29,70.35,70.29,70.35,526
2026-03-27 09:30:00,70.13,70.16,70.05,70.05,1239
2026-03-27 09:35:00,70.44,70.44,70.44,70.44,100
2026-03-27 09:50:00,70.52,70.52,70.49,70.49,255
2026-03-27 10:00:00,70.43,70.43,70.43,70.43,100
2026-03-27 10:05:00,70.65,70.65,70.619,70.619,300
2026-03-27 10:25:00,70.705,70.705,70.705,70.705,260
2026-03-27 10:30:00,70.71,70.71,70.67,70.67,200
2026-03-27 11:00:00,71.05,71.06,71.05,71.06,900
2026-03-27 11:15:00,71.13,71.135,71.13,71.135,300
2026-03-27 11:20:00,71.24,71.28,71.23,71.28,2042
2026-03-27 11:25:00,71.27,71.27,71.27,71.27,100
2026-03-27 11:30:00,71.23,71.23,71.23,71.23,225
2026-03-27 12:15:00,71.0419,71.0419,71.0419,71.0419,343
2026-03-27 13:05:00,71.06,71.09,71.04,71.0445,92224
2026-03-27 13:10:00,71.0,71.0,71.0,71.0,100
2026-03-27 13:20:00,70.92,70.92,70.92,70.92,100
2026-03-27 13:30:00,70.87,70.87,70.87,70.87,110
2026-03-27 13:45:00,70.835,70.835,70.835,70.835,200
2026-03-27 14:00:00,70.765,70.765,70.765,70.765,384
2026-03-27 14:05:00,70.761,70.761,70.761,70.761,765
2026-03-27 14:10:00,70.72,70.73,70.685,70.685,500
2026-03-27 14:25:00,70.735,70.735,70.735,70.735,113
2026-03-27 14:55:00,70.77,70.77,70.77,70.77,110
2026-03-27 15:05:00,70.67,70.67,70.67,70.67,482
2026-03-27 15:15:00,70.7626,70.7626,70.7626,70.7626,142
2026-03-27 15:35:00,70.75,70.75,70.75,70.75,270
2026-03-27 15:40:00,70.66,70.7,70.635,70.7,5489
2026-03-27 15:45:00,70.689,70.689,70.689,70.689,100
2026-03-27 15:50:00,70.63,70.63,70.63,70.63,4479
2026-03-27 15:55:00,70.75,70.89,70.75,70.89,400
2026-03-27 16:00:00,70.74,70.74,70.74,70.74,108
2026-03-30 09:25:00,71.98,71.98,71.88,71.88,690
2026-03-30 09:30:00,71.97,71.97,71.84,71.9101,9961
2026-03-30 09:35:00,71.99,71.99,71.99,71.99,300
2026-03-30 09:45:00,71.68,71.76,71.68,71.76,600
2026-03-30 09:50:00,71.715,71.715,71.715,71.715,222
2026-03-30 09:55:00,71.525,71.53,71.525,71.53,300
2026-03-30 10:05:00,71.638,71.64,71.638,71.64,700
2026-03-30 10:10:00,71.695,71.75,71.695,71.75,1100
2026-03-30 10:15:00,71.65,71.65,71.65,71.65,100
2026-03-30 10:20:00,71.57,71.57,71.56,71.56,600
2026-03-30 10:25:00,71.5,71.5,71.4545,71.4545,569
2026-03-30 10:30:00,71.57,71.63,71.57,71.6028,986
2026-03-30 10:45:00,71.51,71.61,71.51,71.61,600
2026-03-30 11:05:00,71.705,71.705,71.705,71.705,100
2026-03-30 11:10:00,71.7866,71.815,71.78,71.78,440
2026-03-30 11:15:00,71.72,71.72,71.72,71.72,100
2026-03-30 11:20:00,71.62,71.62,71.62,71.62,100
2026-03-30 11:25:00,71.625,71.655,71.625,71.655,200
2026-03-30 11:30:00,71.73,71.73,71.73,71.73,300
2026-03-30 11:35:00,71.805,71.83,71.805,71.83,200
2026-03-30 11:45:00,71.83,71.83,71.805,71.83,325
2026-03-30 11:55:00,71.8,71.8,71.76,71.765,500
2026-03-30 12:05:00,71.7,71.7,71.7,71.7,200
2026-03-30 12:10:00,71.64,71.64,71.64,71.64,100
2026-03-30 12:15:00,71.5911,71.5911,71.5911,71.5911,150
2026-03-30 12:20:00,71.62,71.62,71.55,71.55,300
2026-03-30 12:25:00,71.44,71.44,71.44,71.44,120
2026-03-30 12:40:00,71.52,71.52,71.52,71.52,100
2026-03-30 12:45:00,71.46,71.46,71.46,71.46,100
2026-03-30 12:55:00,71.43,71.43,71.38,71.38,200
2026-03-30 13:00:00,71.4328,71.4328,71.4328,71.4328,300
2026-03-30 13:10:00,71.335,71.335,71.335,71.335,100
2026-03-30 13:15:00,71.17,71.17,71.17,71.17,100
2026-03-30 13:35:00,71.07,71.07,71.07,71.07,100
2026-03-30 13:40:00,71.2,71.2,71.2,71.2,520
2026-03-30 13:45:00,71.27,71.29,71.22,71.23,1200
2026-03-30 13:55:00,71.145,71.145,71.145,71.145,100
2026-03-30 14:00:00,71.19,71.2,71.19,71.2,200
2026-03-30 14:05:00,71.1251,71.1251,71.0917,71.0917,645
2026-03-30 14:10:00,71.105,71.105,71.07,71.1,700
2026-03-30 14:15:00,71.141,71.141,71.141,71.141,108
2026-03-30 14:25:00,71.145,71.145,71.09,71.09,900
2026-03-30 14:35:00,71.14,71.14,71.14,71.14,100
2026-03-30 14:40:00,71.11,71.11,71.095,71.095,200
2026-03-30 14:45:00,71.0976,71.14,71.065,71.065,5608
2026-03-30 14:55:00,71.0,71.0,71.0,71.0,100
2026-03-30 15:00:00,70.85,70.85,70.85,70.85,100
2026-03-30 15:05:00,70.84,70.84,70.76,70.76,300
2026-03-30 15:10:00,70.7346,70.7346,70.7,70.7,744
2026-03-30 15:20:00,70.67,70.705,70.67,70.705,337
2026-03-30 15:30:00,70.68,70.68,70.65,70.65,600
2026-03-30 15:35:00,70.76,70.77,70.725,70.77,350
2026-03-30 15:40:00,70.7766,70.795,70.7766,70.795,200
2026-03-30 15:45:00,70.79,70.79,70.79,70.79,100
2026-03-30 15:50:00,70.8281,70.835,70.8281,70.835,206
2026-03-30 15:55:00,70.88,70.91,70.84,70.85,584
2026-03-30 16:00:00,70.82,70.82,70.82,70.82,1442
2026-03-31 08:25:00,71.0,71.0,71.0,71.0,100
2026-03-31 08:30:00,71.9,71.9,71.9,71.9,100
2026-03-31 09:30:00,71.87,71.87,71.79,71.79,1430
2026-03-31 09:35:00,71.92,71.92,71.92,71.92,369
2026-03-31 09:40:00,72.08,72.08,72.08,72.08,100
2026-03-31 09:45:00,72.0689,72.1,72.0689,72.1,300
2026-03-31 10:05:00,72.22,72.22,72.1999,72.1999,225
2026-03-31 10:15:00,72.215,72.215,72.215,72.215,100
2026-03-31 10:30:00,72.325,72.34,72.325,72.34,200
2026-03-31 10:35:00,72.29,72.29,72.29,72.29,100
2026-03-31 10:40:00,72.175,72.175,72.03,72.03,983
2026-03-31 10:45:00,72.03,72.0899,72.03,72.0899,500
2026-03-31 10:50:00,72.0,72.0,72.0,72.0,100
2026-03-31 10:55:00,72.025,72.025,72.025,72.025,100
2026-03-31 11:00:00,72.01,72.01,72.01,72.01,100
2026-03-31 11:05:00,72.25,72.25,72.25,72.25,400
2026-03-31 11:30:00,71.96,71.96,71.96,71.96,100
2026-03-31 11:35:00,72.12,72.12,72.12,72.12,100
2026-03-31 11:40:00,72.09,72.09,72.09,72.09,100
2026-03-31 11:50:00,72.09,72.09,72.06,72.06,200
2026-03-31 11:55:00,72.025,72.025,71.925,71.925,700
2026-03-31 12:10:00,71.95,71.95,71.89,71.89,260
2026-03-31 12:15:00,71.98,71.98,71.98,71.98,100
2026-03-31 12:25:00,72.1,72.1,72.1,72.1,100
2026-03-31 12:30:00,72.0,72.0,72.0,72.0,100
2026-03-31 12:35:00,72.045,72.2,72.045,72.2,530
2026-03-31 12:40:00,72.32,72.464,72.3,72.42,4281
2026-03-31 12:45:00,72.43,72.43,72.32,72.32,700
2026-03-31 12:50:00,72.33,72.33,72.33,72.33,200
2026-03-31 13:00:00,72.16,72.1911,72.16,72.1911,209
2026-03-31 13:10:00,71.765,71.765,71.571,71.571,250
2026-03-31 13:20:00,71.51,71.51,71.51,71.51,100
2026-03-31 13:25:00,71.54,71.59,71.54,71.59,500
2026-03-31 13:40:00,71.74,71.87,71.74,71.87,200
2026-03-31 13:50:00,71.761,71.761,71.761,71.761,100
2026-03-31 13:55:00,71.84,71.84,71.74,71.74,300
2026-03-31 14:00:00,71.75,71.75,71.75,71.75,100
2026-03-31 14:05:00,71.84,71.84,71.84,71.84,100
2026-03-31 14:10:00,71.84,71.84,71.83,71.83,300
2026-03-31 14:15:00,71.91,71.91,71.91,71.91,156
2026-03-31 14:25:00,71.76,71.93,71.76,71.93,748
2026-03-31 14:40:00,71.905,71.905,71.905,71.905,100
2026-03-31 14:50:00,71.914,71.914,71.914,71.914,100
2026-03-31 15:00:00,71.97,72.0695,71.97,72.0695,228
2026-03-31 15:05:00,72.02,72.02,72.02,72.02,200
2026-03-31 15:10:00,72.02,72.02,72.02,72.02,400
2026-03-31 15:15:00,72.1,72.12,72.1,72.11,1600
2026-03-31 15:20:00,72.07,72.125,72.07,72.125,6985
2026-03-31 15:25:00,72.125,72.165,72.125,72.165,524
2026-03-31 15:30:00,72.235,72.32,72.235,72.32,9100
2026-03-31 15:40:00,72.3499,72.3499,72.3499,72.3499,100
2026-03-31 15:45:00,72.21,72.21,72.21,72.21,200
2026-03-31 15:50:00,72.31,72.32,72.2701,72.2701,386
2026-03-31 15:55:00,72.3,72.47,72.3,72.47,500
2026-04-01 04:35:00,72.32,72.32,72.32,72.32,240
2026-04-01 04:50:00,72.82,72.82,72.82,72.82,137
2026-04-01 09:30:00,72.59,72.65,72.49,72.65,2115
2026-04-01 09:35:00,72.59,72.59,72.59,72.59,355
2026-04-01 09:40:00,72.57,72.57,72.57,72.57,688
2026-04-01 10:10:00,72.03,72.03,72.03,72.03,100
2026-04-01 10:20:00,72.21,72.21,72.21,72.21,100
2026-04-01 10:35:00,72.44,72.44,72.44,72.44,138
2026-04-01 10:40:00,72.44,72.48,72.44,72.4523,3335
2026-04-01 10:45:00,72.5,72.5,72.5,72.5,1242
2026-04-01 10:50:00,72.43,72.43,72.43,72.43,200
2026-04-01 11:10:00,72.4804,72.4804,72.48,72.48,400
2026-04-01 11:15:00,72.43,72.43,72.43,72.43,221
2026-04-01 11:20:00,72.39,72.41,72.39,72.41,360
2026-04-01 11:25:00,72.4,72.4,72.39,72.39,300
2026-04-01 11:30:00,72.39,72.39,72.39,72.39,400
2026-04-01 11:35:00,72.4402,72.45,72.4,72.4,1664
2026-04-01 11:45:00,72.55,72.55,72.55,72.55,200
2026-04-01 11:50:00,72.4855,72.4855,72.4855,72.4855,125
2026-04-01 11:55:00,72.49,72.49,72.49,72.49,100
2026-04-01 12:10:00,72.465,72.47,72.465,72.47,200
2026-04-01 12:15:00,72.47,72.47,72.47,72.47,100
2026-04-01 12:25:00,72.425,72.425,72.425,72.425,270
2026-04-01 12:35:00,72.53,72.53,72.53,72.53,100
2026-04-01 12:40:00,72.485,72.51,72.485,72.51,252
2026-04-01 12:45:00,72.525,72.525,72.525,72.525,100
2026-04-01 13:00:00,72.53,72.53,72.53,72.53,100
2026-04-01 13:05:00,72.59,72.59,72.56,72.56,500
2026-04-01 13:10:00,72.465,72.465,72.465,72.465,688
2026-04-01 13:15:00,72.44,72.44,72.44,72.44,300
2026-04-01 13:20:00,72.46,72.46,72.46,72.46,100
2026-04-01 13:25:00,72.48,72.48,72.45,72.45,443
2026-04-01 13:35:00,72.44,72.44,72.44,72.44,100
2026-04-01 13:40:00,72.435,72.435,72.435,72.435,100
2026-04-01 13:45:00,72.4001,72.43,72.4001,72.42,900
2026-04-01 13:55:00,72.42,72.42,72.42,72.42,400
2026-04-01 14:00:00,72.42,72.42,72.38,72.38,200
2026-04-01 14:05:00,72.42,72.42,72.42,72.42,464
2026-04-01 14:10:00,72.44,72.44,72.44,72.44,400
2026-04-01 14:15:00,72.38,72.38,72.37,72.37,200
2026-04-01 14:20:00,72.33,72.33,72.28,72.28,1751
2026-04-01 14:30:00,72.35,72.35,72.35,72.35,100
2026-04-01 14:40:00,72.384,72.43,72.384,72.42,430
2026-04-01 14:45:00,72.39,72.39,72.39,72.39,967
2026-04-01 14:50:00,72.3584,72.37,72.3584,72.37,785
2026-04-01 14:55:00,72.305,72.305,72.305,72.305,293
2026-04-01 15:00:00,72.335,72.36,72.335,72.36,200
2026-04-01 15:10:00,72.38,72.38,72.38,72.38,100
2026-04-01 15:15:00,72.415,72.415,72.415,72.415,100
2026-04-01 15:20:00,72.41,72.41,72.41,72.41,100
2026-04-01 15:25:00,72.485,72.52,72.485,72.4853,694
2026-04-01 15:35:00,72.54,72.54,72.5101,72.5101,1215
2026-04-01 15:40:00,72.58,72.58,72.54,72.54,305
2026-04-01 15:45:00,72.52,72.52,72.52,72.52,100
2026-04-01 15:50:00,72.48,72.48,72.48,72.48,100
2026-04-01 15:55:00,72.44,72.46,72.43,72.43,1628
2026-04-01 16:00:00,72.42,72.42,72.42,72.42,316
2026-04-02 09:30:00,71.82,71.82,71.76,71.79,3300
2026-04-02 09:35:00,72.0363,72.0764,72.0363,72.0764,204
2026-04-02 10:10:00,72.35,72.35,72.35,72.35,100
2026-04-02 10:20:00,72.335,72.335,72.335,72.335,100
2026-04-02 10:35:00,72.56,72.56,72.43,72.43,1100
2026-04-02 10:40:00,72.475,72.475,72.475,72.475,100
2026-04-02 11:15:00,72.545,72.5897,72.545,72.5897,1450
2026-04-02 11:20:00,72.4999,72.4999,72.41,72.41,260
2026-04-02 11:50:00,72.32,72.32,72.32,72.32,100
2026-04-02 12:00:00,72.295,72.295,72.29,72.29,449
2026-04-02 12:05:00,72.27,72.27,72.23,72.26,300
2026-04-02 12:10:00,72.23,72.23,72.23,72.23,100
2026-04-02 12:45:00,72.3872,72.3872,72.3872,72.3872,100
2026-04-02 13:00:00,72.2958,72.2958,72.2958,72.2958,100
2026-04-02 13:05:00,72.39,72.39,72.39,72.39,100
2026-04-02 13:25:00,72.44,72.44,72.44,72.44,2318
2026-04-02 13:30:00,72.44,72.44,72.385,72.39,400
2026-04-02 13:45:00,72.33,72.33,72.29,72.29,300
2026-04-02 13:50:00,72.305,72.305,72.305,72.305,100
2026-04-02 14:10:00,72.4345,72.4345,72.4345,72.4345,130
2026-04-02 14:15:00,72.42,72.42,72.42,72.42,100
2026-04-02 14:20:00,72.49,72.59,72.45,72.49,8792
2026-04-02 14:25:00,72.47,72.47,72.47,72.47,100
2026-04-02 14:30:00,72.44,72.46,72.44,72.46,800
2026-04-02 14:40:00,72.49,72.52,72.49,72.52,268
2026-04-02 14:50:00,72.555,72.555,72.555,72.555,100
2026-04-02 14:55:00,72.5623,72.5623,72.5623,72.5623,110
2026-04-02 15:00:00,72.57,72.57,72.57,72.57,100
2026-04-02 15:10:00,72.59,72.59,72.59,72.59,640
2026-04-02 15:15:00,72.55,72.55,72.5,72.5,306
2026-04-02 15:20:00,72.56,72.56,72.515,72.56,800
2026-04-02 15:30:00,72.53,72.53,72.51,72.51,233
2026-04-02 15:40:00,72.55,72.55,72.55,72.55,149
2026-04-02 15:50:00,72.58,72.58,72.5501,72.5501,738
2026-04-02 15:55:00,72.62,72.63,72.62,72.63,828
