2026-03-04 09:30:00,29.05,29.15,29.04,29.15,1896
2026-03-04 09:35:00,29.19,29.25,29.155,29.155,19915
2026-03-04 09:40:00,29.13,29.19,29.13,29.17,2760
2026-03-04 09:45:00,29.18,29.18,29.09,29.095,7895
2026-03-04 09:50:00,29.07,29.1,29.0401,29.06,7281
2026-03-04 09:55:00,29.03,29.03,29.03,29.03,200
2026-03-04 10:00:00,29.025,29.075,29.025,29.075,4107
2026-03-04 10:05:00,29.06,29.06,29.035,29.05,613
2026-03-04 10:10:00,29.05,29.05,28.94,28.94,2310
2026-03-04 10:15:00,28.95,29.01,28.941,29.0099,6189
2026-03-04 10:20:00,28.99,29.0046,28.99,28.99,2128
2026-03-04 10:25:00,29.01,29.04,28.99,29.04,5146
2026-03-04 10:30:00,29.02,29.07,29.02,29.05,5994
2026-03-04 10:35:00,29.0598,29.0598,29.0,29.05,3731
2026-03-04 10:40:00,29.04,29.0403,29.0,29.0,3982
2026-03-04 10:45:00,29.0082,29.0199,28.9601,28.9601,8241
2026-03-04 10:50:00,28.98,29.02,28.98,29.0199,9138
2026-03-04 10:55:00,29.01,29.04,29.01,29.04,2961
2026-03-04 11:00:00,29.0399,29.103,29.0399,29.103,9171
2026-03-04 11:05:00,29.1,29.1,29.06,29.06,3651
2026-03-04 11:10:00,29.03,29.0392,29.03,29.0392,1643
2026-03-04 11:15:00,29.03,29.05,29.03,29.0494,7495
2026-03-04 11:20:00,29.05,29.065,29.005,29.005,4018
2026-03-04 11:25:00,29.02,29.03,29.01,29.01,2295
2026-03-04 11:30:00,29.03,29.0395,29.0,29.029,5080
2026-03-04 11:35:00,29.02,29.0287,29.0,29.01,5072
2026-03-04 11:40:00,29.0295,29.03,29.015,29.02,10620
2026-03-04 11:45:00,29.02,29.0592,28.9901,29.05,17707
2026-03-04 11:50:00,29.0525,29.09,29.025,29.09,2864
2026-03-04 11:55:00,29.075,29.0925,29.075,29.0925,3324
2026-03-04 12:00:00,29.1,29.11,29.1,29.11,2062
2026-03-04 12:05:00,29.12,29.14,29.11,29.11,6558
2026-03-04 12:10:00,29.0855,29.0855,29.0855,29.0855,300
2026-03-04 12:15:00,29.12,29.13,29.12,29.13,3406
2026-03-04 12:20:00,29.136,29.1499,29.095,29.12,5592
2026-03-04 12:25:00,29.13,29.155,29.13,29.155,1179
2026-03-04 12:30:00,29.145,29.145,29.13,29.13,8598
2026-03-04 12:35:00,29.149,29.15,29.125,29.145,1637
2026-03-04 12:40:00,29.1597,29.16,29.145,29.16,2285
2026-03-04 12:45:00,29.13,29.13,29.0901,29.1299,5536
2026-03-04 12:50:00,29.13,29.16,29.13,29.1578,2982
2026-03-04 12:55:00,29.1595,29.17,29.155,29.155,1513
2026-03-04 13:00:00,29.155,29.16,29.12,29.1396,5653
2026-03-04 13:05:00,29.125,29.125,29.125,29.125,1129
2026-03-04 13:10:00,29.115,29.115,29.11,29.11,4801
2026-03-04 13:15:00,29.1,29.12,29.09,29.0913,6341
2026-03-04 13:20:00,29.09,29.1,29.065,29.095,5298
2026-03-04 13:25:00,29.1,29.11,29.095,29.1092,3747
2026-03-04 13:30:00,29.08,29.12,29.08,29.12,32774
2026-03-04 13:35:00,29.135,29.14,29.12,29.12,9704
2026-03-04 13:40:00,29.1199,29.12,29.075,29.12,13015
2026-03-04 13:45:00,29.14,29.155,29.14,29.155,2787
2026-03-04 13:50:00,29.1694,29.17,29.14,29.14,20049
2026-03-04 13:55:00,29.14,29.1498,29.14,29.145,21092
2026-03-04 14:00:00,29.15,29.15,29.11,29.11,4798
2026-03-04 14:05:00,29.11,29.125,29.11,29.11,8291
2026-03-04 14:10:00,29.11,29.119,29.11,29.119,10378
2026-03-04 14:15:00,29.1001,29.12,29.1001,29.12,3793
2026-03-04 14:20:00,29.1297,29.13,29.11,29.11,6319
2026-03-04 14:25:00,29.12,29.1297,29.1001,29.105,8104
2026-03-04 14:30:00,29.101,29.105,29.04,29.09,65681
2026-03-04 14:35:00,29.06,29.084,29.06,29.084,1243
2026-03-04 14:40:00,29.08,29.09,29.065,29.065,2584
2026-03-04 14:45:00,29.065,29.09,29.065,29.09,2538
2026-03-04 14:50:00,29.07,29.09,29.0697,29.07,29886
2026-03-04 14:55:00,29.1,29.1,29.0844,29.0844,3585
2026-03-04 15:00:00,29.0774,29.11,29.0774,29.095,1598
2026-03-04 15:05:00,29.095,29.11,29.0817,29.095,11928
2026-03-04 15:10:00,29.095,29.11,29.095,29.1,2916
2026-03-04 15:15:00,29.11,29.11,29.09,29.095,6601
2026-03-04 15:20:00,29.1,29.13,29.1,29.13,9056
2026-03-04 15:25:00,29.1399,29.18,29.1399,29.1675,15927
2026-03-04 15:30:00,29.18,29.19,29.17,29.19,5285
2026-03-04 15:35:00,29.195,29.2,29.14,29.19,3871
2026-03-04 15:40:00,29.17,29.2,29.14,29.189,8601
2026-03-04 15:45:00,29.189,29.19,29.1501,29.1501,5869
2026-03-04 15:50:00,29.15,29.185,29.11,29.13,39054
2026-03-04 15:55:00,29.13,29.16,29.1,29.1,17726
2026-03-04 16:00:00,29.07,29.07,29.07,29.07,24467
2026-03-05 09:20:00,29.48,29.48,29.48,29.48,4000
2026-03-05 09:25:00,29.3548,29.3548,29.3548,29.3548,304
2026-03-05 09:30:00,29.27,29.34,29.27,29.33,26724
2026-03-05 09:35:00,29.34,29.345,29.28,29.28,28990
2026-03-05 09:40:00,29.305,29.3199,29.285,29.3199,17927
2026-03-05 09:45:00,29.3196,29.35,29.285,29.3446,85467
2026-03-05 09:50:00,29.315,29.33,29.315,29.32,7231
2026-03-05 09:55:00,29.33,29.36,29.2901,29.3234,10736
2026-03-05 10:00:00,29.3,29.3695,29.29,29.29,4358
2026-03-05 10:05:00,29.2764,29.2849,29.185,29.2298,6681
2026-03-05 10:10:00,29.21,29.25,29.2,29.245,7207
2026-03-05 10:15:00,29.245,29.3298,29.245,29.2801,7701
2026-03-05 10:20:00,29.29,29.3,29.28,29.2999,35114
2026-03-05 10:25:00,29.285,29.32,29.265,29.32,1946
2026-03-05 10:30:00,29.3,29.3475,29.3,29.3293,2293
2026-03-05 10:35:00,29.375,29.3999,29.36,29.375,11832
2026-03-05 10:40:00,29.35,29.38,29.35,29.36,4439
2026-03-05 10:45:00,29.365,29.4,29.365,29.4,27751
2026-03-05 10:50:00,29.41,29.41,29.4,29.41,8282
2026-03-05 10:55:00,29.46,29.46,29.4,29.4059,21568
2026-03-05 11:00:00,29.41,29.41,29.35,29.39,3402
2026-03-05 11:05:00,29.38,29.43,29.38,29.405,8597
2026-03-05 11:10:00,29.42,29.44,29.4,29.44,6895
2026-03-05 11:15:00,29.469,29.469,29.45,29.45,600
2026-03-05 11:20:00,29.5,29.5187,29.42,29.42,5073
2026-03-05 11:25:00,29.4,29.43,29.3874,29.43,1099
2026-03-05 11:30:00,29.43,29.43,29.3501,29.3501,7831
2026-03-05 11:35:00,29.3601,29.41,29.3601,29.41,11417
2026-03-05 11:40:00,29.41,29.439,29.39,29.4307,4065
2026-03-05 11:45:00,29.4307,29.4326,29.42,29.4326,4701
2026-03-05 11:50:00,29.44,29.445,29.425,29.425,13090
2026-03-05 11:55:00,29.455,29.455,29.43,29.44,900
2026-03-05 12:00:00,29.45,29.49,29.45,29.49,4509
2026-03-05 12:05:00,29.485,29.485,29.465,29.465,1961
2026-03-05 12:15:00,29.4601,29.4699,29.45,29.46,6497
2026-03-05 12:20:00,29.4651,29.49,29.465,29.48,7868
2026-03-05 12:25:00,29.4887,29.5094,29.465,29.465,2862
2026-03-05 12:30:00,29.465,29.465,29.41,29.42,22524
2026-03-05 12:35:00,29.4,29.4,29.3588,29.3588,565
2026-03-05 12:40:00,29.4,29.4,29.3788,29.38,3238
2026-03-05 12:45:00,29.4,29.4265,29.4,29.425,3494
2026-03-05 12:50:00,29.4399,29.4399,29.41,29.4258,6498
2026-03-05 12:55:00,29.41,29.45,29.41,29.44,55418
2026-03-05 13:00:00,29.46,29.46,29.41,29.41,19191
2026-03-05 13:05:00,29.427,29.427,29.3955,29.3955,1294
2026-03-05 13:10:00,29.4,29.449,29.4,29.4364,13889
2026-03-05 13:15:00,29.45,29.5282,29.45,29.525,6173
2026-03-05 13:20:00,29.55,29.55,29.5001,29.5303,20388
2026-03-05 13:25:00,29.525,29.579,29.525,29.579,4538
2026-03-05 13:30:00,29.565,29.6,29.563,29.563,2840
2026-03-05 13:35:00,29.575,29.61,29.56,29.5966,11911
2026-03-05 13:40:00,29.605,29.639,29.595,29.63,3426
2026-03-05 13:45:00,29.65,29.6591,29.63,29.635,3001
2026-03-05 13:50:00,29.61,29.61,29.57,29.59,3924
2026-03-05 13:55:00,29.58,29.6,29.58,29.59,12776
2026-03-05 14:00:00,29.57,29.6199,29.57,29.606,5844
2026-03-05 14:05:00,29.619,29.6499,29.6,29.6487,11556
2026-03-05 14:10:00,29.62,29.6484,29.59,29.6316,7951
2026-03-05 14:15:00,29.65,29.6592,29.56,29.56,12407
2026-03-05 14:20:00,29.55,29.5687,29.525,29.555,3570
2026-03-05 14:25:00,29.57,29.5894,29.55,29.5782,23242
2026-03-05 14:30:00,29.555,29.57,29.49,29.5,9179
2026-03-05 14:35:00,29.5,29.53,29.5,29.53,3471
2026-03-05 14:40:00,29.53,29.53,29.5,29.53,8115
2026-03-05 14:45:00,29.5151,29.57,29.5151,29.57,1743
2026-03-05 14:50:00,29.56,29.589,29.5413,29.589,10928
2026-03-05 14:55:00,29.5851,29.595,29.57,29.57,2512
2026-03-05 15:00:00,29.57,29.62,29.52,29.54,22086
2026-03-05 15:05:00,29.52,29.56,29.46,29.47,7843
2026-03-05 15:10:00,29.47,29.48,29.46,29.4799,11183
2026-03-05 15:15:00,29.46,29.52,29.46,29.495,1741
2026-03-05 15:20:00,29.495,29.495,29.455,29.47,3431
2026-03-05 15:25:00,29.48,29.48,29.39,29.41,8771
2026-03-05 15:30:00,29.41,29.46,29.41,29.435,18139
2026-03-05 15:35:00,29.435,29.47,29.4325,29.47,6248
2026-03-05 15:40:00,29.4707,29.49,29.47,29.47,5528
2026-03-05 15:45:00,29.47,29.49,29.4201,29.4699,18684
2026-03-05 15:50:00,29.44,29.44,29.435,29.435,692
2026-03-05 15:55:00,29.44,29.4585,29.41,29.42,26784
2026-03-05 16:00:00,29.45,29.45,29.45,29.45,737
2026-03-06 09:10:00,29.98,29.98,29.98,29.98,800
2026-03-06 09:20:00,29.94,29.98,29.94,29.98,2100
2026-03-06 09:30:00,30.1,30.1,30.1,30.1,15023
2026-03-06 09:35:00,30.1,30.1,30.05,30.055,4171
2026-03-06 09:40:00,30.03,30.03,29.975,29.975,1200
2026-03-06 09:45:00,30.0,30.01,29.97,30.0,3019
2026-03-06 09:50:00,30.0499,30.0499,30.01,30.01,1432
2026-03-06 09:55:00,30.0326,30.116,30.0326,30.116,4670
2026-03-06 10:00:00,30.1,30.1,30.03,30.05,4741
2026-03-06 10:05:00,30.09,30.1122,30.09,30.09,1993
2026-03-06 10:10:00,30.0825,30.1082,30.045,30.08,3364
2026-03-06 10:15:00,30.11,30.1486,30.095,30.13,10488
2026-03-06 10:20:00,30.15,30.15,30.1,30.1,4672
2026-03-06 10:25:00,30.145,30.19,30.145,30.19,6966
2026-03-06 10:30:00,30.18,30.2008,30.17,30.17,2701
2026-03-06 10:35:00,30.1142,30.1481,30.1142,30.1481,2087
2026-03-06 10:40:00,30.12,30.17,30.12,30.16,3611
2026-03-06 10:45:00,30.1792,30.1792,30.1639,30.1639,1660
2026-03-06 10:50:00,30.162,30.17,30.135,30.15,2836
2026-03-06 10:55:00,30.14,30.14,30.085,30.09,3174
2026-03-06 11:00:00,30.1,30.11,30.095,30.11,1533
2026-03-06 11:05:00,30.125,30.125,30.125,30.125,498
2026-03-06 11:10:00,30.12,30.14,30.12,30.139,16151
2026-03-06 11:15:00,30.13,30.15,30.11,30.119,1455
2026-03-06 11:20:00,30.095,30.1199,30.055,30.055,8919
2026-03-06 11:25:00,30.055,30.095,30.04,30.095,22651
2026-03-06 11:30:00,30.09,30.095,30.06,30.07,2710
2026-03-06 11:35:00,30.075,30.09,30.05,30.05,12893
2026-03-06 11:40:00,30.08,30.1,30.0401,30.1,806
2026-03-06 11:45:00,30.13,30.13,30.07,30.088,1601
2026-03-06 11:50:00,30.14,30.14,30.14,30.14,500
2026-03-06 11:55:00,30.1295,30.14,30.11,30.135,2064
2026-03-06 12:00:00,30.14,30.14,30.14,30.14,500
2026-03-06 12:05:00,30.13,30.1497,30.13,30.145,4666
2026-03-06 12:10:00,30.15,30.15,30.14,30.15,1059
2026-03-06 12:15:00,30.1301,30.16,30.1301,30.15,2555
2026-03-06 12:20:00,30.148,30.17,30.13,30.17,1594
2026-03-06 12:25:00,30.2191,30.2191,30.1601,30.2,1830
2026-03-06 12:30:00,30.2,30.25,30.2,30.25,15216
2026-03-06 12:35:00,30.2342,30.26,30.2342,30.245,1844
2026-03-06 12:40:00,30.24,30.305,30.24,30.305,4055
2026-03-06 12:45:00,30.3,30.31,30.255,30.255,2818
2026-03-06 12:50:00,30.275,30.2899,30.24,30.2899,3028
2026-03-06 12:55:00,30.265,30.265,30.25,30.26,3409
2026-03-06 13:00:00,30.265,30.265,30.19,30.19,2916
2026-03-06 13:05:00,30.23,30.23,30.2,30.2,1118
2026-03-06 13:10:00,30.2,30.2,30.13,30.14,3600
2026-03-06 13:20:00,30.17,30.17,30.17,30.17,100
2026-03-06 13:25:00,30.18,30.19,30.18,30.19,998
2026-03-06 13:30:00,30.16,30.16,30.15,30.15,1267
2026-03-06 13:35:00,30.16,30.17,30.1501,30.17,4522
2026-03-06 13:40:00,30.23,30.237,30.23,30.237,1780
2026-03-06 13:45:00,30.18,30.2399,30.18,30.23,1676
2026-03-06 13:50:00,30.205,30.27,30.2,30.2,5415
2026-03-06 13:55:00,30.25,30.3,30.25,30.3,6217
2026-03-06 14:00:00,30.29,30.3,30.28,30.28,4181
2026-03-06 14:05:00,30.265,30.265,30.265,30.265,390
2026-03-06 14:10:00,30.265,30.28,30.26,30.26,5994
2026-03-06 14:15:00,30.29,30.3092,30.2801,30.2921,1635
2026-03-06 14:20:00,30.3384,30.3384,30.305,30.305,8864
2026-03-06 14:25:00,30.3,30.339,30.2801,30.2801,1403
2026-03-06 14:30:00,30.28,30.34,30.28,30.3,4745
2026-03-06 14:35:00,30.3,30.31,30.265,30.31,3891
2026-03-06 14:40:00,30.275,30.33,30.275,30.306,4177
2026-03-06 14:45:00,30.32,30.3395,30.25,30.3,63509
2026-03-06 14:50:00,30.34,30.3685,30.325,30.325,3951
2026-03-06 14:55:00,30.32,30.35,30.3046,30.35,7223
2026-03-06 15:00:00,30.315,30.35,30.315,30.33,1976
2026-03-06 15:05:00,30.3383,30.34,30.305,30.305,4935
2026-03-06 15:10:00,30.28,30.28,30.28,30.28,206
2026-03-06 15:15:00,30.295,30.31,30.2801,30.2801,2523
2026-03-06 15:20:00,30.295,30.32,30.29,30.31,2311
2026-03-06 15:25:00,30.3128,30.3128,30.3,30.3,1467
2026-03-06 15:30:00,30.31,30.31,30.27,30.27,15869
2026-03-06 15:35:00,30.2793,30.28,30.26,30.28,12334
2026-03-06 15:40:00,30.28,30.3,30.26,30.27,34226
2026-03-06 15:45:00,30.2714,30.3,30.27,30.285,8410
2026-03-06 15:50:00,30.3032,30.3299,30.27,30.28,33484
2026-03-06 15:55:00,30.3,30.31,30.26,30.29,73200
2026-03-06 16:00:00,30.31,30.31,30.31,30.31,454
2026-03-09 04:15:00,30.31,30.31,30.31,30.31,100
2026-03-09 05:10:00,30.31,30.31,30.31,30.31,100
2026-03-09 08:45:00,31.0,31.0,31.0,31.0,100
2026-03-09 08:50:00,31.46,31.46,31.46,31.46,227
2026-03-09 08:55:00,31.03,31.19,31.03,31.19,248
2026-03-09 09:00:00,31.0,31.0,31.0,31.0,400
2026-03-09 09:30:00,30.83,30.83,30.68,30.725,25213
2026-03-09 09:35:00,30.72,30.76,30.71,30.76,21942
2026-03-09 09:40:00,30.7699,30.8,30.73,30.74,46579
2026-03-09 09:45:00,30.76,30.78,30.71,30.71,117507
2026-03-09 09:50:00,30.7,30.8299,30.7,30.8299,171732
2026-03-09 09:55:00,30.795,30.795,30.7,30.71,15767
2026-03-09 10:00:00,30.68,30.7382,30.68,30.72,29448
2026-03-09 10:05:00,30.7,30.96,30.7,30.91,95221
2026-03-09 10:10:00,30.92,30.94,30.84,30.84,16141
2026-03-09 10:15:00,30.825,30.89,30.8,30.81,37348
2026-03-09 10:20:00,30.7712,30.78,30.72,30.775,6823
2026-03-09 10:25:00,30.76,30.8456,30.76,30.82,3705
2026-03-09 10:30:00,30.78,30.83,30.7703,30.81,8826
2026-03-09 10:35:00,30.8028,30.83,30.775,30.775,2644
2026-03-09 10:40:00,30.8207,30.8207,30.78,30.7898,7195
2026-03-09 10:45:00,30.755,30.795,30.72,30.795,1824
2026-03-09 10:50:00,30.768,30.81,30.768,30.78,4324
2026-03-09 10:55:00,30.79,30.8,30.7508,30.7508,1270
2026-03-09 11:00:00,30.8002,30.8002,30.68,30.68,52952
2026-03-09 11:05:00,30.655,30.6588,30.6,30.6,2697
2026-03-09 11:10:00,30.565,30.595,30.555,30.5817,8507
2026-03-09 11:15:00,30.595,30.6299,30.56,30.575,8066
2026-03-09 11:20:00,30.54,30.555,30.45,30.47,39387
2026-03-09 11:25:00,30.52,30.55,30.485,30.49,36690
2026-03-09 11:30:00,30.47,30.47,30.42,30.47,2720
2026-03-09 11:35:00,30.46,30.4651,30.43,30.445,5742
2026-03-09 11:40:00,30.4651,30.5085,30.45,30.5085,2687
2026-03-09 11:45:00,30.5,30.5,30.46,30.46,1699
2026-03-09 11:50:00,30.47,30.5044,30.43,30.43,16664
2026-03-09 11:55:00,30.4686,30.4686,30.44,30.44,2732
2026-03-09 12:00:00,30.47,30.5595,30.47,30.55,11200
2026-03-09 12:05:00,30.535,30.54,30.535,30.54,1473
2026-03-09 12:10:00,30.5599,30.5599,30.5231,30.5231,1541
2026-03-09 12:15:00,30.52,30.52,30.52,30.52,900
2026-03-09 12:20:00,30.5001,30.555,30.5,30.5288,6863
2026-03-09 12:25:00,30.45,30.55,30.45,30.55,1213
2026-03-09 12:30:00,30.55,30.585,30.55,30.5593,7963
2026-03-09 12:35:00,30.56,30.57,30.54,30.55,78970
2026-03-09 12:40:00,30.53,30.58,30.47,30.47,9075
2026-03-09 12:45:00,30.445,30.445,30.42,30.4207,1699
2026-03-09 12:50:00,30.4381,30.47,30.3877,30.43,6459
2026-03-09 12:55:00,30.47,30.52,30.455,30.49,12995
2026-03-09 13:00:00,30.46,30.52,30.46,30.52,14670
2026-03-09 13:05:00,30.5025,30.53,30.48,30.53,29742
2026-03-09 13:10:00,30.49,30.53,30.49,30.525,13771
2026-03-09 13:15:00,30.525,30.53,30.47,30.5,17207
2026-03-09 13:20:00,30.51,30.51,30.45,30.45,15432
2026-03-09 13:25:00,30.45,30.45,30.41,30.43,26501
2026-03-09 13:30:00,30.43,30.43,30.33,30.3789,13859
2026-03-09 13:35:00,30.39,30.41,30.365,30.41,17300
2026-03-09 13:40:00,30.41,30.46,30.41,30.46,15090
2026-03-09 13:45:00,30.46,30.51,30.43,30.47,36920
2026-03-09 13:50:00,30.4788,30.52,30.47,30.52,12668
2026-03-09 13:55:00,30.52,30.53,30.43,30.49,13662
2026-03-09 14:00:00,30.49,30.49,30.385,30.385,20342
2026-03-09 14:05:00,30.385,30.385,30.28,30.32,22108
2026-03-09 14:10:00,30.33,30.33,30.26,30.295,11846
2026-03-09 14:15:00,30.3,30.38,30.3,30.3633,16954
2026-03-09 14:20:00,30.38,30.505,30.335,30.505,181704
2026-03-09 14:25:00,30.505,30.525,30.465,30.52,13174
2026-03-09 14:30:00,30.52,30.53,30.485,30.505,9847
2026-03-09 14:35:00,30.485,30.55,30.485,30.55,14624
2026-03-09 14:40:00,30.56,30.6,30.53,30.6,22058
2026-03-09 14:45:00,30.6,30.6,30.52,30.585,29243
2026-03-09 14:50:00,30.585,30.59,30.56,30.585,35527
2026-03-09 14:55:00,30.585,30.6,30.54,30.58,21012
2026-03-09 15:00:00,30.6,30.64,30.6,30.6,18103
2026-03-09 15:05:00,30.62,30.6207,30.58,30.58,4264
2026-03-09 15:10:00,30.6,30.6,30.575,30.585,5486
2026-03-09 15:15:00,30.61,30.61,30.48,30.48,3804
2026-03-09 15:20:00,30.435,30.435,30.21,30.2199,18420
2026-03-09 15:25:00,30.2552,30.27,30.01,30.01,91414
2026-03-09 15:30:00,30.06,30.16,29.94,29.9939,10841
2026-03-09 15:35:00,30.005,30.005,29.46,29.485,73371
2026-03-09 15:40:00,29.55,29.972,29.55,29.905,11549
2026-03-09 15:45:00,29.9,29.93,29.79,29.845,39477
2026-03-09 15:50:00,29.89,29.9,29.6701,29.75,43453
2026-03-09 15:55:00,29.765,29.9,29.765,29.83,12076
2026-03-09 16:00:00,29.8,29.85,29.8,29.85,3139
2026-03-10 04:35:00,30.0,30.0,30.0,30.0,200
2026-03-10 09:00:00,30.33,30.33,30.33,30.33,200
2026-03-10 09:25:00,30.24,30.34,30.24,30.34,51930
2026-03-10 09:30:00,30.21,30.375,30.13,30.285,114682
2026-03-10 09:35:00,30.285,30.32,30.2187,30.23,12811
2026-03-10 09:40:00,30.21,30.27,30.21,30.251,6786
2026-03-10 09:45:00,30.25,30.25,30.21,30.215,2119
2026-03-10 09:50:00,30.2048,30.245,30.2048,30.245,2325
2026-03-10 09:55:00,30.235,30.235,30.2017,30.2017,1996
2026-03-10 10:00:00,30.2,30.2696,30.1801,30.26,5472
2026-03-10 10:05:00,30.26,30.27,30.22,30.27,67708
2026-03-10 10:10:00,30.293,30.293,30.19,30.238,2881
2026-03-10 10:15:00,30.21,30.2599,30.16,30.18,6077
2026-03-10 10:20:00,30.162,30.25,30.162,30.23,54909
2026-03-10 10:25:00,30.22,30.22,30.16,30.16,3029
2026-03-10 10:30:00,30.145,30.145,30.095,30.1001,25802
2026-03-10 10:35:00,30.115,30.13,30.09,30.095,13076
2026-03-10 10:40:00,30.0501,30.0662,29.97,30.02,5549
2026-03-10 10:45:00,29.99,30.0593,29.99,30.0593,335
2026-03-10 10:50:00,30.0,30.03,29.97,29.97,7349
2026-03-10 10:55:00,29.9952,30.0699,29.96,30.0699,10276
2026-03-10 11:00:00,30.02,30.0945,30.0,30.04,5624
2026-03-10 11:05:00,30.04,30.0692,30.03,30.03,1100
2026-03-10 11:10:00,30.07,30.09,29.99,30.06,4743
2026-03-10 11:15:00,30.065,30.08,29.95,29.95,3472
2026-03-10 11:20:00,29.9773,30.03,29.9675,29.99,2779
2026-03-10 11:25:00,30.0389,30.0599,30.01,30.0599,834
2026-03-10 11:30:00,30.06,30.06,30.06,30.06,935
2026-03-10 11:35:00,30.08,30.08,30.0,30.045,98758
2026-03-10 11:40:00,30.02,30.08,30.02,30.0785,2282
2026-03-10 11:45:00,30.105,30.2,30.1,30.14,3057
2026-03-10 11:50:00,30.155,30.155,30.11,30.1296,6444
2026-03-10 11:55:00,30.1489,30.1489,30.12,30.12,2505
2026-03-10 12:00:00,30.14,30.17,30.13,30.13,5051
2026-03-10 12:05:00,30.15,30.173,30.15,30.173,288
2026-03-10 12:10:00,30.19,30.23,30.19,30.23,1210
2026-03-10 12:15:00,30.205,30.235,30.17,30.21,57758
2026-03-10 12:20:00,30.23,30.23,30.21,30.21,65990
2026-03-10 12:25:00,30.2391,30.24,30.18,30.2,11617
2026-03-10 12:30:00,30.17,30.17,30.105,30.105,3193
2026-03-10 12:35:00,30.105,30.15,30.0849,30.0849,10882
2026-03-10 12:40:00,30.1333,30.1333,30.095,30.12,81566
2026-03-10 12:45:00,30.13,30.2099,30.13,30.175,16940
2026-03-10 12:50:00,30.17,30.17,30.06,30.06,6563
2026-03-10 12:55:00,30.02,30.02,29.98,29.99,5642
2026-03-10 13:00:00,30.0,30.005,29.87,29.88,10065
2026-03-10 13:05:00,29.77,29.7923,29.7568,29.7923,696
2026-03-10 13:10:00,29.815,29.85,29.815,29.85,377
2026-03-10 13:15:00,29.845,29.845,29.72,29.72,834
2026-03-10 13:20:00,29.51,29.51,29.48,29.495,3820
2026-03-10 13:25:00,29.59,29.71,29.59,29.705,4819
2026-03-10 13:30:00,29.8,29.8,29.75,29.79,5543
2026-03-10 13:35:00,29.8226,29.9,29.8226,29.85,5546
2026-03-10 13:40:00,29.87,29.9099,29.865,29.8925,2168
2026-03-10 13:45:00,29.89,29.9,29.89,29.89,1106
2026-03-10 13:50:00,29.86,29.865,29.76,29.76,109301
2026-03-10 13:55:00,29.8491,29.8491,29.8,29.8,1862
2026-03-10 14:00:00,29.8,29.84,29.76,29.76,11348
2026-03-10 14:05:00,29.77,29.8398,29.77,29.815,10986
2026-03-10 14:10:00,29.88,30.0,29.8114,29.995,8982
2026-03-10 14:15:00,30.05,30.155,30.05,30.14,5112
2026-03-10 14:20:00,30.25,30.25,30.12,30.125,7440
2026-03-10 14:25:00,30.13,30.13,30.005,30.04,50321
2026-03-10 14:30:00,30.06,30.06,30.0,30.0,4795
2026-03-10 14:35:00,30.04,30.14,30.04,30.0837,8837
2026-03-10 14:40:00,30.085,30.1233,30.06,30.1,3054
2026-03-10 14:45:00,30.1833,30.1833,30.12,30.125,8761
2026-03-10 14:50:00,30.1386,30.1386,30.09,30.1,8806
2026-03-10 14:55:00,30.125,30.125,30.08,30.105,2366
2026-03-10 15:00:00,30.095,30.12,30.08,30.12,5229
2026-03-10 15:05:00,30.13,30.16,30.13,30.13,7777
2026-03-10 15:10:00,30.145,30.16,30.12,30.12,2369
2026-03-10 15:15:00,30.1,30.21,30.1,30.2,25190
2026-03-10 15:20:00,30.205,30.28,30.205,30.2453,45272
2026-03-10 15:25:00,30.237,30.31,30.237,30.31,8229
2026-03-10 15:30:00,30.29,30.29,30.21,30.26,2725
2026-03-10 15:35:00,30.245,30.28,30.21,30.2425,19069
2026-03-10 15:40:00,30.2415,30.27,30.1803,30.23,9405
2026-03-10 15:45:00,30.23,30.29,30.23,30.29,11408
2026-03-10 15:50:00,30.29,30.3,30.26,30.29,10102
2026-03-10 15:55:00,30.29,30.29,30.26,30.28,9064
2026-03-10 16:00:00,30.3,30.3,30.3,30.3,1925
2026-03-11 09:30:00,30.38,30.38,30.3,30.3075,12534
2026-03-11 09:35:00,30.32,30.3239,30.29,30.3239,2172
2026-03-11 09:40:00,30.3293,30.3293,30.288,30.288,5273
2026-03-11 09:45:00,30.3221,30.3221,30.2601,30.29,723
2026-03-11 09:50:00,30.3,30.304,30.245,30.28,7601
2026-03-11 09:55:00,30.285,30.29,30.21,30.21,3853
2026-03-11 10:00:00,30.15,30.31,30.14,30.31,2280
2026-03-11 10:05:00,30.3051,30.3709,30.3051,30.34,3908
2026-03-11 10:10:00,30.355,30.41,30.3466,30.3466,3122
2026-03-11 10:15:00,30.37,30.3718,30.35,30.35,3933
2026-03-11 10:20:00,30.35,30.38,30.35,30.362,3130
2026-03-11 10:25:00,30.37,30.41,30.3532,30.36,9220
2026-03-11 10:30:00,30.425,30.4899,30.4178,30.42,3779
2026-03-11 10:35:00,30.43,30.43,30.41,30.43,1949
2026-03-11 10:40:00,30.42,30.44,30.395,30.4,4360
2026-03-11 10:45:00,30.378,30.44,30.375,30.44,2236
2026-03-11 10:50:00,30.45,30.45,30.434,30.4495,3259
2026-03-11 10:55:00,30.448,30.459,30.4,30.4,2387
2026-03-11 11:00:00,30.43,30.5,30.43,30.47,6210
2026-03-11 11:05:00,30.47,30.47,30.35,30.43,16574
2026-03-11 11:10:00,30.41,30.425,30.41,30.4101,6051
2026-03-11 11:15:00,30.42,30.4799,30.41,30.47,8276
2026-03-11 11:20:00,30.47,30.495,30.47,30.495,6867
2026-03-11 11:25:00,30.51,30.51,30.495,30.4998,4985
2026-03-11 11:30:00,30.48,30.486,30.4501,30.486,2665
2026-03-11 11:35:00,30.4701,30.5,30.4701,30.48,38445
2026-03-11 11:40:00,30.485,30.5,30.485,30.4876,8674
2026-03-11 11:45:00,30.5,30.51,30.4823,30.5,13406
2026-03-11 11:50:00,30.499,30.5,30.48,30.48,4198
2026-03-11 11:55:00,30.4993,30.52,30.49,30.51,15072
2026-03-11 12:00:00,30.495,30.5334,30.495,30.53,1986
2026-03-11 12:05:00,30.55,30.579,30.53,30.579,2007
2026-03-11 12:10:00,30.565,30.565,30.5391,30.5391,5625
2026-03-11 12:15:00,30.56,30.56,30.5275,30.5275,8841
2026-03-11 12:20:00,30.535,30.54,30.51,30.535,3274
2026-03-11 12:25:00,30.535,30.56,30.535,30.55,3145
2026-03-11 12:30:00,30.54,30.5595,30.505,30.505,3142
2026-03-11 12:35:00,30.505,30.54,30.505,30.53,14640
2026-03-11 12:40:00,30.53,30.53,30.48,30.49,10398
2026-03-11 12:45:00,30.49,30.52,30.49,30.52,8483
2026-03-11 12:50:00,30.519,30.555,30.515,30.544,18913
2026-03-11 12:55:00,30.547,30.56,30.52,30.525,160074
2026-03-11 13:00:00,30.5499,30.5499,30.49,30.5,10612
2026-03-11 13:05:00,30.5,30.53,30.5,30.52,4656
2026-03-11 13:10:00,30.52,30.52,30.49,30.49,2081
2026-03-11 13:15:00,30.4852,30.49,30.47,30.475,7109
2026-03-11 13:20:00,30.475,30.51,30.475,30.5082,7182
2026-03-11 13:25:00,30.5091,30.51,30.49,30.51,1894
2026-03-11 13:30:00,30.51,30.52,30.4875,30.4875,7280
2026-03-11 13:35:00,30.5025,30.5793,30.495,30.5793,18105
2026-03-11 13:40:00,30.565,30.59,30.5475,30.579,7182
2026-03-11 13:45:00,30.56,30.589,30.55,30.5578,8074
2026-03-11 13:50:00,30.56,30.5694,30.5144,30.515,18193
2026-03-11 13:55:00,30.56,30.59,30.5201,30.59,17081
2026-03-11 14:00:00,30.5901,30.6,30.5801,30.59,4233
2026-03-11 14:05:00,30.595,30.63,30.595,30.625,15334
2026-03-11 14:10:00,30.6222,30.65,30.6222,30.6494,3416
2026-03-11 14:15:00,30.61,30.63,30.59,30.62,9585
2026-03-11 14:20:00,30.62,30.66,30.62,30.66,21085
2026-03-11 14:25:00,30.67,30.695,30.62,30.63,42112
2026-03-11 14:30:00,30.65,30.65,30.635,30.64,3915
2026-03-11 14:35:00,30.6699,30.6699,30.64,30.66,2500
2026-03-11 14:40:00,30.66,30.66,30.61,30.65,7408
2026-03-11 14:45:00,30.655,30.7,30.65,30.69,61002
2026-03-11 14:50:00,30.68,30.6999,30.61,30.64,6020
2026-03-11 14:55:00,30.6687,30.6699,30.635,30.6354,7681
2026-03-11 15:00:00,30.64,30.6693,30.635,30.66,11919
2026-03-11 15:05:00,30.67,30.67,30.66,30.66,9271
2026-03-11 15:10:00,30.659,30.67,30.6256,30.635,7262
2026-03-11 15:15:00,30.635,30.6588,30.62,30.6568,6783
2026-03-11 15:20:00,30.64,30.6696,30.64,30.66,6775
2026-03-11 15:25:00,30.665,30.6794,30.665,30.67,2750
2026-03-11 15:30:00,30.6711,30.695,30.67,30.69,9325
2026-03-11 15:35:00,30.69,30.699,30.675,30.675,23788
2026-03-11 15:40:00,30.699,30.7132,30.68,30.71,5791
2026-03-11 15:45:00,30.71,30.73,30.71,30.7151,33670
2026-03-11 15:50:00,30.7151,30.7299,30.715,30.7299,9794
2026-03-11 15:55:00,30.71,30.8,30.71,30.75,16209
2026-03-11 16:00:00,30.9,30.9,30.9,30.9,292
2026-03-11 18:35:00,30.9,30.9,30.9,30.9,100
2026-03-12 08:50:00,31.2183,31.2183,31.2183,31.2183,1018
2026-03-12 08:55:00,31.23,31.23,31.23,31.23,130
2026-03-12 09:00:00,31.25,31.25,31.25,31.25,1000
2026-03-12 09:05:00,31.0402,31.0402,31.0402,31.0402,250
2026-03-12 09:30:00,30.8,31.18,30.8,31.13,20892
2026-03-12 09:35:00,31.09,31.15,31.05,31.1265,49900
2026-03-12 09:40:00,31.13,31.16,31.07,31.16,20773
2026-03-12 09:45:00,31.15,31.1897,31.14,31.1897,32001
2026-03-12 09:50:00,31.175,31.209,31.1583,31.1583,7361
2026-03-12 09:55:00,31.1461,31.1894,31.145,31.16,18965
2026-03-12 10:00:00,31.16,31.17,31.1,31.115,37218
2026-03-12 10:05:00,31.16,31.1796,31.1023,31.15,7757
2026-03-12 10:10:00,31.14,31.16,31.13,31.14,9462
2026-03-12 10:15:00,31.11,31.178,31.11,31.155,4668
2026-03-12 10:20:00,31.144,31.189,31.1308,31.1875,3105
2026-03-12 10:25:00,31.155,31.21,31.155,31.21,1258
2026-03-12 10:30:00,31.1753,31.19,31.125,31.125,5609
2026-03-12 10:35:00,31.14,31.18,31.125,31.18,5683
2026-03-12 10:40:00,31.18,31.18,31.145,31.145,9879
2026-03-12 10:45:00,31.145,31.145,31.03,31.045,20320
2026-03-12 10:50:00,31.11,31.11,31.055,31.09,3371
2026-03-12 10:55:00,31.065,31.109,31.0271,31.093,3903
2026-03-12 11:00:00,31.0912,31.11,31.0912,31.11,2467
2026-03-12 11:05:00,31.125,31.1694,31.125,31.1694,1337
2026-03-12 11:10:00,31.13,31.13,31.076,31.076,6751
2026-03-12 11:15:00,31.08,31.1293,31.0681,31.1293,3632
2026-03-12 11:20:00,31.125,31.16,31.125,31.16,12298
2026-03-12 11:25:00,31.17,31.17,31.145,31.145,4649
2026-03-12 11:30:00,31.145,31.1688,31.13,31.14,9615
2026-03-12 11:35:00,31.14,31.165,31.09,31.09,4455
2026-03-12 11:40:00,31.045,31.0484,30.99,30.99,13052
2026-03-12 11:45:00,31.0,31.0292,30.97,31.0292,10637
2026-03-12 11:50:00,30.99,31.04,30.99,31.04,22608
2026-03-12 11:55:00,31.025,31.06,31.025,31.03,3077
2026-03-12 12:00:00,31.07,31.1,31.045,31.06,5487
2026-03-12 12:05:00,31.055,31.08,31.05,31.08,4961
2026-03-12 12:10:00,31.08,31.1,31.054,31.054,9582
2026-03-12 12:15:00,31.0895,31.11,31.075,31.1,29699
2026-03-12 12:20:00,31.105,31.115,31.1,31.115,2761
2026-03-12 12:25:00,31.11,31.11,31.08,31.08,8301
2026-03-12 12:30:00,31.06,31.0781,31.01,31.01,8917
2026-03-12 12:35:00,31.01,31.01,30.95,30.98,5498
2026-03-12 12:40:00,30.98,30.98,30.9783,30.98,1650
2026-03-12 12:45:00,30.995,31.08,30.96,31.08,2379
2026-03-12 12:50:00,31.0799,31.0799,30.99,30.99,5149
2026-03-12 12:55:00,31.08,31.1,31.065,31.065,1857
2026-03-12 13:00:00,31.075,31.1,31.075,31.1,610
2026-03-12 13:05:00,31.07,31.11,31.06,31.09,14679
2026-03-12 13:10:00,31.085,31.09,31.08,31.09,22991
2026-03-12 13:15:00,31.09,31.09,31.06,31.08,4305
2026-03-12 13:20:00,31.07,31.099,31.07,31.07,3610
2026-03-12 13:25:00,31.09,31.09,31.0501,31.0501,6969
2026-03-12 13:30:00,31.075,31.09,31.05,31.07,4889
2026-03-12 13:35:00,31.09,31.09,31.05,31.07,4941
2026-03-12 13:40:00,31.0774,31.09,31.07,31.09,3089
2026-03-12 13:45:00,31.09,31.1,31.07,31.07,2807
2026-03-12 13:50:00,31.05,31.06,31.0193,31.0338,13730
2026-03-12 13:55:00,31.03,31.0483,31.01,31.01,4469
2026-03-12 14:00:00,31.0,31.01,31.0,31.01,7416
2026-03-12 14:05:00,31.019,31.02,31.0,31.02,2418
2026-03-12 14:10:00,31.03,31.04,30.97,31.04,133624
2026-03-12 14:15:00,31.04,31.0497,31.025,31.025,2356
2026-03-12 14:20:00,31.04,31.1,31.0301,31.1,5590
2026-03-12 14:25:00,31.1,31.11,31.09,31.11,12400
2026-03-12 14:30:00,31.11,31.14,31.11,31.14,6022
2026-03-12 14:35:00,31.14,31.16,31.14,31.14,33199
2026-03-12 14:40:00,31.12,31.15,31.0988,31.145,25913
2026-03-12 14:45:00,31.15,31.155,31.15,31.155,3117
2026-03-12 14:50:00,31.155,31.17,31.13,31.155,1977
2026-03-12 14:55:00,31.155,31.18,31.14,31.17,147548
2026-03-12 15:00:00,31.18,31.2,31.14,31.19,11460
2026-03-12 15:05:00,31.17,31.198,31.17,31.17,2610
2026-03-12 15:10:00,31.1987,31.2,31.145,31.145,8942
2026-03-12 15:15:00,31.145,31.16,31.1333,31.15,6824
2026-03-12 15:20:00,31.145,31.17,31.1201,31.16,5531
2026-03-12 15:25:00,31.16,31.18,31.14,31.18,91431
2026-03-12 15:30:00,31.165,31.1769,31.16,31.165,11420
2026-03-12 15:35:00,31.1683,31.1683,31.122,31.15,19365
2026-03-12 15:40:00,31.1492,31.1492,31.12,31.12,7573
2026-03-12 15:45:00,31.1168,31.16,31.1168,31.159,15552
2026-03-12 15:50:00,31.155,31.1891,31.155,31.1692,14700
2026-03-12 15:55:00,31.1625,31.18,31.1401,31.16,14940
2026-03-12 16:00:00,31.2,31.2,31.2,31.2,282
2026-03-13 04:30:00,31.2,31.2,31.2,31.2,100
2026-03-13 09:30:00,31.0,31.0,30.905,30.905,8436
2026-03-13 09:35:00,30.92,30.92,30.88,30.88,1832
2026-03-13 09:40:00,30.89,30.92,30.8501,30.8899,3854
2026-03-13 09:45:00,30.91,30.96,30.91,30.935,8846
2026-03-13 09:50:00,30.945,30.945,30.905,30.905,7761
2026-03-13 09:55:00,30.915,30.9637,30.915,30.96,92427
2026-03-13 10:00:00,30.98,31.0,30.98,30.98,2813
2026-03-13 10:05:00,30.98,31.0,30.9601,30.988,3883
2026-03-13 10:10:00,30.98,30.98,30.947,30.95,22912
2026-03-13 10:15:00,30.95,30.965,30.935,30.96,67093
2026-03-13 10:20:00,30.9593,30.96,30.93,30.93,7450
2026-03-13 10:25:00,30.96,30.969,30.935,30.9681,2613
2026-03-13 10:30:00,30.935,30.95,30.92,30.929,1821
2026-03-13 10:35:00,30.9188,30.94,30.9022,30.94,137827
2026-03-13 10:40:00,30.95,30.954,30.93,30.9497,3099
2026-03-13 10:45:00,30.9201,30.945,30.9201,30.945,131215
2026-03-13 10:50:00,30.96,30.96,30.91,30.91,9525
2026-03-13 10:55:00,30.91,30.91,30.8601,30.8601,985
2026-03-13 11:00:00,30.86,30.9,30.86,30.9,495
2026-03-13 11:05:00,30.86,30.9599,30.86,30.8701,8423
2026-03-13 11:10:00,30.92,30.983,30.92,30.98,7933
2026-03-13 11:15:00,31.0,31.01,30.975,30.98,3606
2026-03-13 11:20:00,30.975,31.0,30.95,30.98,44520
2026-03-13 11:25:00,30.97,30.97,30.945,30.96,5317
2026-03-13 11:30:00,30.97,31.0,30.97,31.0,10695
2026-03-13 11:35:00,30.98,30.98,30.98,30.98,279
2026-03-13 11:40:00,30.98,31.0,30.965,30.9651,2932
2026-03-13 11:45:00,30.965,30.99,30.93,30.9642,60128
2026-03-13 11:50:00,30.96,30.97,30.94,30.94,1009
2026-03-13 11:55:00,30.9499,30.9727,30.94,30.94,1554
2026-03-13 12:00:00,30.93,30.98,30.9001,30.9001,6302
2026-03-13 12:05:00,30.945,30.96,30.93,30.9489,5413
2026-03-13 12:10:00,30.925,30.925,30.925,30.925,1139
2026-03-13 12:15:00,30.95,31.02,30.95,30.98,1187
2026-03-13 12:20:00,30.98,31.02,30.975,30.9852,2498
2026-03-13 12:25:00,31.0082,31.0082,30.97,30.97,893
2026-03-13 12:30:00,31.0,31.039,31.0,31.0,2818
2026-03-13 12:35:00,31.009,31.009,30.99,30.99,472
2026-03-13 12:40:00,30.97,31.01,30.94,30.94,3430
2026-03-13 12:45:00,30.96,30.9893,30.95,30.95,3834
2026-03-13 12:50:00,30.95,30.9999,30.95,30.975,4474
2026-03-13 12:55:00,30.9995,30.9999,30.975,30.975,2926
2026-03-13 13:00:00,30.9746,30.9746,30.9746,30.9746,200
2026-03-13 13:05:00,30.93,30.94,30.92,30.92,1212
2026-03-13 13:10:00,30.92,30.92,30.89,30.92,39989
2026-03-13 13:15:00,30.92,30.95,30.915,30.95,2157
2026-03-13 13:20:00,30.973,30.973,30.9201,30.945,4277
2026-03-13 13:25:00,30.945,30.9694,30.945,30.9694,968
2026-03-13 13:30:00,30.94,30.9783,30.93,30.9783,2826
2026-03-13 13:35:00,30.97,30.9999,30.97,30.9999,1540
2026-03-13 13:40:00,31.01,31.01,30.99,30.9912,11555
2026-03-13 13:45:00,30.99,31.02,30.99,31.0188,1589
2026-03-13 13:50:00,31.01,31.01,31.01,31.01,7707
2026-03-13 13:55:00,31.01,31.025,31.005,31.005,7786
2026-03-13 14:00:00,31.0297,31.0297,31.01,31.01,2295
2026-03-13 14:05:00,31.0075,31.025,31.0075,31.025,2372
2026-03-13 14:10:00,31.055,31.07,31.05,31.05,1828
2026-03-13 14:15:00,31.049,31.055,31.0355,31.0505,3375
2026-03-13 14:20:00,31.05,31.05,31.05,31.05,44051
2026-03-13 14:25:00,31.05,31.05,31.01,31.045,4720
2026-03-13 14:30:00,31.018,31.0664,31.01,31.04,29154
2026-03-13 14:35:00,31.04,31.04,30.99,30.99,4867
2026-03-13 14:40:00,30.9851,30.9851,30.9851,30.9851,775
2026-03-13 14:45:00,30.9851,31.0199,30.94,30.94,33553
2026-03-13 14:50:00,30.92,30.96,30.89,30.9301,4918
2026-03-13 14:55:00,30.98,31.0,30.979,30.989,4509
2026-03-13 15:00:00,30.985,30.9899,30.97,30.98,3679
2026-03-13 15:05:00,31.0,31.0,30.947,30.955,3928
2026-03-13 15:10:00,30.97,30.97,30.955,30.97,3662
2026-03-13 15:15:00,30.955,30.98,30.955,30.98,1241
2026-03-13 15:20:00,30.985,31.02,30.9795,30.99,2661
2026-03-13 15:25:00,30.99,31.01,30.99,30.99,23635
2026-03-13 15:30:00,30.99,31.01,30.97,30.99,4118
2026-03-13 15:35:00,30.99,31.02,30.9868,31.02,18225
2026-03-13 15:40:00,30.995,30.995,30.97,30.98,6098
2026-03-13 15:45:00,30.96,30.97,30.925,30.949,1925
2026-03-13 15:50:00,30.9305,30.97,30.9305,30.955,11098
2026-03-13 15:55:00,30.98,31.02,30.955,31.0,14848
2026-03-13 16:00:00,31.02,31.02,31.02,31.02,2815
2026-03-16 07:20:00,31.05,31.05,31.05,31.05,100
2026-03-16 08:05:00,30.8,30.8,30.8,30.8,100
2026-03-16 09:30:00,30.85,30.94,30.85,30.91,15642
2026-03-16 09:35:00,30.91,30.9395,30.91,30.9119,1890
2026-03-16 09:40:00,30.9,30.9325,30.8901,30.92,12280
2026-03-16 09:45:00,30.8907,30.8907,30.8425,30.845,3068
2026-03-16 09:50:00,30.8201,30.85,30.81,30.84,28122
2026-03-16 09:55:00,30.8175,30.82,30.7,30.71,28320
2026-03-16 10:00:00,30.7569,30.81,30.7201,30.775,2260
2026-03-16 10:05:00,30.78,30.816,30.775,30.775,3925
2026-03-16 10:10:00,30.75,30.79,30.7145,30.79,2090
2026-03-16 10:15:00,30.775,30.8,30.7608,30.8,1065
2026-03-16 10:20:00,30.78,30.78,30.77,30.77,64032
2026-03-16 10:25:00,30.77,30.7999,30.74,30.74,2200
2026-03-16 10:30:00,30.77,30.77,30.7401,30.77,1375
2026-03-16 10:35:00,30.8,30.81,30.775,30.8096,37913
2026-03-16 10:40:00,30.809,30.81,30.78,30.79,2166
2026-03-16 10:45:00,30.78,30.79,30.78,30.786,1150
2026-03-16 10:50:00,30.795,30.8,30.7939,30.8,1136
2026-03-16 10:55:00,30.8,30.8296,30.8,30.8296,1986
2026-03-16 11:00:00,30.8176,30.83,30.78,30.8199,31006
2026-03-16 11:05:00,30.805,30.805,30.7819,30.7819,11112
2026-03-16 11:10:00,30.805,30.8307,30.8,30.8307,1267
2026-03-16 11:15:00,30.815,30.85,30.815,30.82,23576
2026-03-16 11:20:00,30.83,30.86,30.81,30.83,13382
2026-03-16 11:25:00,30.86,30.86,30.79,30.79,9900
2026-03-16 11:30:00,30.772,30.788,30.772,30.785,1790
2026-03-16 11:35:00,30.785,30.7999,30.785,30.799,2734
2026-03-16 11:40:00,30.785,30.8,30.7301,30.7301,5154
2026-03-16 11:45:00,30.735,30.7598,30.7311,30.745,3351
2026-03-16 11:50:00,30.73,30.75,30.73,30.7499,4489
2026-03-16 11:55:00,30.7444,30.7444,30.7256,30.7256,4902
2026-03-16 12:00:00,30.74,30.745,30.73,30.745,36603
2026-03-16 12:05:00,30.7308,30.748,30.73,30.748,3529
2026-03-16 12:10:00,30.745,30.77,30.73,30.73,4855
2026-03-16 12:15:00,30.755,30.77,30.745,30.745,1984
2026-03-16 12:20:00,30.73,30.79,30.73,30.79,3403
2026-03-16 12:25:00,30.7622,30.7622,30.7622,30.7622,265
2026-03-16 12:30:00,30.78,30.81,30.774,30.78,1601
2026-03-16 12:40:00,30.765,30.7797,30.765,30.765,1897
2026-03-16 12:45:00,30.78,30.79,30.75,30.75,7818
2026-03-16 12:50:00,30.75,30.75,30.75,30.75,512
2026-03-16 12:55:00,30.7892,30.7892,30.75,30.75,620
2026-03-16 13:00:00,30.75,30.75,30.73,30.73,3698
2026-03-16 13:05:00,30.73,30.74,30.73,30.74,1250
2026-03-16 13:10:00,30.7416,30.7416,30.665,30.665,5283
2026-03-16 13:15:00,30.71,30.71,30.71,30.71,459
2026-03-16 13:20:00,30.69,30.69,30.6515,30.6515,874
2026-03-16 13:25:00,30.66,30.66,30.572,30.572,3417
2026-03-16 13:30:00,30.607,30.62,30.5736,30.5736,4003
2026-03-16 13:35:00,30.585,30.61,30.585,30.585,1825
2026-03-16 13:40:00,30.62,30.62,30.5501,30.585,750
2026-03-16 13:45:00,30.6199,30.6199,30.5611,30.5611,10328
2026-03-16 13:50:00,30.58,30.5855,30.5734,30.5734,4486
2026-03-16 13:55:00,30.58,30.58,30.55,30.55,8707
2026-03-16 14:00:00,30.6,30.61,30.55,30.55,21470
2026-03-16 14:05:00,30.61,30.61,30.5,30.52,64757
2026-03-16 14:10:00,30.52,30.555,30.52,30.555,5611
2026-03-16 14:15:00,30.58,30.58,30.5,30.515,9105
2026-03-16 14:20:00,30.53,30.56,30.521,30.53,4351
2026-03-16 14:25:00,30.51,30.537,30.5,30.525,38390
2026-03-16 14:30:00,30.525,30.55,30.525,30.55,2572
2026-03-16 14:35:00,30.559,30.5599,30.53,30.555,1628
2026-03-16 14:40:00,30.565,30.565,30.565,30.565,420
2026-03-16 14:45:00,30.565,30.6,30.565,30.5991,2594
2026-03-16 14:50:00,30.558,30.59,30.558,30.5744,2545
2026-03-16 14:55:00,30.5796,30.5796,30.555,30.555,2884
2026-03-16 15:00:00,30.5699,30.58,30.56,30.57,11593
2026-03-16 15:05:00,30.589,30.589,30.5611,30.5611,538
2026-03-16 15:10:00,30.59,30.61,30.5793,30.5793,15582
2026-03-16 15:15:00,30.62,30.62,30.59,30.59,929
2026-03-16 15:20:00,30.59,30.61,30.57,30.61,23434
2026-03-16 15:25:00,30.64,30.64,30.57,30.59,3016
2026-03-16 15:30:00,30.565,30.62,30.564,30.592,18462
2026-03-16 15:35:00,30.585,30.6,30.58,30.58,4264
2026-03-16 15:40:00,30.5845,30.5845,30.5845,30.5845,1000
2026-03-16 15:45:00,30.579,30.58,30.5501,30.565,1579
2026-03-16 15:50:00,30.5798,30.58,30.5323,30.5323,6250
2026-03-16 15:55:00,30.55,30.63,30.55,30.6,10435
2026-03-16 16:00:00,30.63,30.63,30.63,30.63,384
2026-03-17 04:05:00,30.63,30.63,30.63,30.63,200
2026-03-17 09:30:00,30.84,30.92,30.84,30.8725,20534
2026-03-17 09:35:00,30.875,30.875,30.875,30.875,127
2026-03-17 09:40:00,30.84,30.84,30.835,30.835,901
2026-03-17 09:45:00,30.83,30.83,30.79,30.79,948
2026-03-17 09:50:00,30.825,30.825,30.825,30.825,300
2026-03-17 09:55:00,30.83,30.8694,30.83,30.835,21822
2026-03-17 10:00:00,30.8696,30.879,30.835,30.879,2800
2026-03-17 10:05:00,30.8474,30.8799,30.8474,30.8799,707
2026-03-17 10:10:00,30.86,30.91,30.86,30.9025,2191
2026-03-17 10:15:00,30.9044,30.9044,30.875,30.8869,1256
2026-03-17 10:20:00,30.875,30.875,30.86,30.86,2230
2026-03-17 10:25:00,30.845,30.8681,30.845,30.8607,1828
2026-03-17 10:30:00,30.84,30.8585,30.79,30.8585,4414
2026-03-17 10:35:00,30.825,30.8499,30.8244,30.8244,5634
2026-03-17 10:40:00,30.83,30.8396,30.81,30.81,4582
2026-03-17 10:45:00,30.7804,30.8099,30.75,30.8088,14262
2026-03-17 10:50:00,30.785,30.8199,30.74,30.77,19984
2026-03-17 10:55:00,30.77,30.7999,30.75,30.775,8579
2026-03-17 11:00:00,30.75,30.7989,30.75,30.786,6910
2026-03-17 11:05:00,30.785,30.8199,30.785,30.8,1404
2026-03-17 11:10:00,30.8,30.82,30.78,30.81,16483
2026-03-17 11:15:00,30.808,30.83,30.808,30.83,7245
2026-03-17 11:20:00,30.83,30.83,30.795,30.83,4346
2026-03-17 11:25:00,30.77,30.8291,30.77,30.8,2532
2026-03-17 11:30:00,30.806,30.85,30.8,30.84,18797
2026-03-17 11:35:00,30.85,30.85,30.83,30.84,1523
2026-03-17 11:40:00,30.84,30.84,30.815,30.82,287184
2026-03-17 11:45:00,30.84,30.8697,30.84,30.86,6060
2026-03-17 11:50:00,30.8799,30.88,30.86,30.8799,895
2026-03-17 11:55:00,30.86,30.8676,30.86,30.8676,2268
2026-03-17 12:00:00,30.86,30.88,30.86,30.88,2026
2026-03-17 12:05:00,30.885,30.885,30.885,30.885,940
2026-03-17 12:10:00,30.86,30.86,30.83,30.845,1960
2026-03-17 12:15:00,30.8599,30.86,30.837,30.84,15477
2026-03-17 12:20:00,30.825,30.825,30.81,30.81,1532
2026-03-17 12:25:00,30.805,30.82,30.76,30.76,5975
2026-03-17 12:30:00,30.7796,30.82,30.7796,30.8,17529
2026-03-17 12:35:00,30.82,30.82,30.8,30.8,1500
2026-03-17 12:40:00,30.79,30.8183,30.79,30.8183,59785
2026-03-17 12:45:00,30.8186,30.84,30.8,30.825,2120
2026-03-17 12:50:00,30.825,30.825,30.825,30.825,1374
2026-03-17 12:55:00,30.84,30.84,30.84,30.84,500
2026-03-17 13:00:00,30.84,30.87,30.84,30.87,1827
2026-03-17 13:05:00,30.86,30.88,30.86,30.88,6406
2026-03-17 13:10:00,30.88,30.9,30.8601,30.89,6389
2026-03-17 13:15:00,30.8984,30.8984,30.88,30.88,625
2026-03-17 13:20:00,30.88,30.8986,30.88,30.8986,2252
2026-03-17 13:25:00,30.899,30.8999,30.88,30.88,1250
2026-03-17 13:30:00,30.88,30.8999,30.8599,30.8599,3312
2026-03-17 13:35:00,30.845,30.859,30.845,30.859,2620
2026-03-17 13:40:00,30.845,30.86,30.845,30.845,3951
2026-03-17 13:45:00,30.86,30.89,30.86,30.8758,21059
2026-03-17 13:50:00,30.87,30.888,30.87,30.888,5269
2026-03-17 13:55:00,30.89,30.9099,30.8882,30.89,33705
2026-03-17 14:00:00,30.89,30.89,30.89,30.89,3116
2026-03-17 14:05:00,30.9,30.9,30.89,30.89,4422
2026-03-17 14:10:00,30.89,30.9,30.88,30.8837,10871
2026-03-17 14:15:00,30.89,30.9,30.88,30.8894,43283
2026-03-17 14:20:00,30.89,30.9099,30.88,30.909,6545
2026-03-17 14:25:00,30.9099,30.91,30.885,30.91,3593
2026-03-17 14:30:00,30.91,30.92,30.88,30.9,9378
2026-03-17 14:35:00,30.91,30.92,30.905,30.905,3535
2026-03-17 14:40:00,30.919,30.93,30.89,30.93,3713
2026-03-17 14:45:00,30.9077,30.93,30.9012,30.915,4709
2026-03-17 14:50:00,30.915,30.94,30.915,30.9384,6689
2026-03-17 14:55:00,30.915,30.93,30.915,30.9252,4714
2026-03-17 15:00:00,30.91,30.9382,30.9,30.9382,6294
2026-03-17 15:05:00,30.9,30.94,30.9,30.916,9643
2026-03-17 15:10:00,30.92,30.93,30.92,30.92,848
2026-03-17 15:15:00,30.92,30.9386,30.92,30.92,7044
2026-03-17 15:20:00,30.93,30.9399,30.9001,30.915,8839
2026-03-17 15:25:00,30.915,30.915,30.9,30.91,2803
2026-03-17 15:30:00,30.91,30.92,30.9,30.9,14544
2026-03-17 15:35:00,30.9,30.9199,30.8893,30.9,4721
2026-03-17 15:40:00,30.9097,30.9396,30.8963,30.92,4445
2026-03-17 15:45:00,30.92,30.94,30.9,30.92,14073
2026-03-17 15:50:00,30.915,30.93,30.915,30.915,13866
2026-03-17 15:55:00,30.915,30.95,30.915,30.95,11324
2026-03-17 16:00:00,30.95,30.9782,30.95,30.9782,327
2026-03-17 16:20:00,32.3716,32.3716,30.95,30.95,650
2026-03-17 17:30:00,31.56,31.56,31.56,31.56,100
2026-03-17 18:50:00,31.5242,31.5242,31.5242,31.5242,1000
2026-03-18 07:40:00,30.8,30.8,30.8,30.8,200
2026-03-18 09:25:00,31.16,31.16,31.16,31.16,600
2026-03-18 09:30:00,31.0,31.03,30.9,30.9907,22545
2026-03-18 09:35:00,31.02,31.02,30.96,31.0,9151
2026-03-18 09:40:00,31.01,31.0647,30.99,31.025,7692
2026-03-18 09:45:00,31.02,31.025,30.9565,31.025,6413
2026-03-18 09:50:00,31.03,31.03,31.0,31.02,2086
2026-03-18 09:55:00,31.025,31.0499,31.02,31.02,4445
2026-03-18 10:00:00,31.05,31.08,31.05,31.06,4947
2026-03-18 10:05:00,31.08,31.1,31.065,31.1,2270
2026-03-18 10:10:00,31.1,31.1,31.08,31.1,700
2026-03-18 10:15:00,31.1,31.1,31.0401,31.07,2402
2026-03-18 10:20:00,31.1,31.11,31.06,31.11,4418
2026-03-18 10:25:00,31.11,31.11,31.085,31.085,1196
2026-03-18 10:30:00,31.085,31.0999,31.08,31.08,14125
2026-03-18 10:35:00,31.08,31.09,31.0735,31.0899,14165
2026-03-18 10:40:00,31.08,31.11,31.08,31.11,2978
2026-03-18 10:45:00,31.11,31.12,31.06,31.12,26839
2026-03-18 10:50:00,31.12,31.12,31.1012,31.1012,5933
2026-03-18 10:55:00,31.105,31.11,31.055,31.055,4785
2026-03-18 11:00:00,31.055,31.0699,31.0007,31.02,6018
2026-03-18 11:05:00,31.02,31.0699,31.015,31.035,27847
2026-03-18 11:10:00,31.07,31.0733,31.03,31.0733,7035
2026-03-18 11:15:00,31.0119,31.1083,31.0,31.0,2909
2026-03-18 11:20:00,31.06,31.0986,31.06,31.09,2934
2026-03-18 11:25:00,31.08,31.09,30.99,31.08,138659
2026-03-18 11:30:00,31.08,31.08,31.05,31.08,4383
2026-03-18 11:35:00,31.0898,31.1,31.08,31.085,17351
2026-03-18 11:40:00,31.08,31.1,31.08,31.095,3677
2026-03-18 11:45:00,31.09,31.1,31.0899,31.0899,35624
2026-03-18 11:50:00,31.065,31.1,31.065,31.08,4994
2026-03-18 11:55:00,31.08,31.08,31.0101,31.06,8740
2026-03-18 12:00:00,31.079,31.079,31.0622,31.075,3063
2026-03-18 12:05:00,31.075,31.09,31.06,31.07,28406
2026-03-18 12:10:00,31.08,31.088,31.04,31.0794,6773
2026-03-18 12:15:00,31.1,31.1,31.0563,31.085,18502
2026-03-18 12:20:00,31.085,31.085,31.085,31.085,564
2026-03-18 12:25:00,31.07,31.1099,31.05,31.1099,7530
2026-03-18 12:30:00,31.107,31.1099,31.0542,31.1,3954
2026-03-18 12:35:00,31.09,31.09,31.03,31.035,5471
2026-03-18 12:40:00,31.035,31.0699,31.0,31.0462,9881
2026-03-18 12:45:00,31.07,31.08,31.0401,31.06,3152
2026-03-18 12:50:00,31.0726,31.08,31.0475,31.08,24045
2026-03-18 12:55:00,31.09,31.11,31.065,31.1,8398
2026-03-18 13:00:00,31.11,31.1399,31.11,31.1399,3440
2026-03-18 13:05:00,31.14,31.14,31.1238,31.1238,682
2026-03-18 13:10:00,31.12,31.13,31.1039,31.12,77604
2026-03-18 13:15:00,31.13,31.1526,31.1281,31.14,5383
2026-03-18 13:20:00,31.14,31.14,31.13,31.14,9852
2026-03-18 13:25:00,31.16,31.16,31.15,31.15,4435
2026-03-18 13:30:00,31.15,31.15,31.12,31.12,7354
2026-03-18 13:35:00,31.12,31.125,31.12,31.125,1305
2026-03-18 13:40:00,31.1,31.1,31.08,31.0993,5614
2026-03-18 13:45:00,31.08,31.08,30.95,30.99,10967
2026-03-18 13:50:00,30.99,30.99,30.9473,30.985,4072
2026-03-18 13:55:00,30.95,30.97,30.94,30.955,4583
2026-03-18 14:00:00,30.94,30.94,30.82,30.82,2036
2026-03-18 14:05:00,30.86,30.92,30.8331,30.92,3749
2026-03-18 14:10:00,30.925,30.94,30.9,30.93,3022
2026-03-18 14:15:00,30.97,31.01,30.97,30.995,2973
2026-03-18 14:20:00,30.995,30.995,30.9733,30.9733,1475
2026-03-18 14:25:00,30.995,31.025,30.995,31.0093,17067
2026-03-18 14:30:00,31.01,31.05,31.0,31.05,13599
2026-03-18 14:35:00,31.055,31.065,31.03,31.05,9639
2026-03-18 14:40:00,31.03,31.06,31.0151,31.0151,1599
2026-03-18 14:45:00,31.035,31.04,31.01,31.025,15346
2026-03-18 14:50:00,31.01,31.01,30.9785,31.0,5179
2026-03-18 14:55:00,31.01,31.01,30.975,30.98,4152
2026-03-18 15:00:00,30.98,30.992,30.97,30.99,5221
2026-03-18 15:05:00,31.005,31.02,30.935,30.96,7803
2026-03-18 15:10:00,30.9752,31.0099,30.96,30.965,5236
2026-03-18 15:15:00,31.01,31.05,31.01,31.05,7066
2026-03-18 15:20:00,31.065,31.09,31.04,31.045,15595
2026-03-18 15:25:00,31.05,31.065,31.0381,31.05,17714
2026-03-18 15:30:00,31.0317,31.08,31.0317,31.08,18118
2026-03-18 15:35:00,31.07,31.13,31.07,31.1,66343
2026-03-18 15:40:00,31.0832,31.12,31.04,31.1199,14170
2026-03-18 15:45:00,31.1199,31.13,31.04,31.13,4702
2026-03-18 15:50:00,31.085,31.13,31.0805,31.13,18621
2026-03-18 15:55:00,31.115,31.1388,31.1075,31.12,9551
2026-03-18 16:00:00,31.12,31.15,31.12,31.15,640
2026-03-18 16:40:00,31.65,31.65,31.65,31.65,100
2026-03-18 16:45:00,31.86,31.86,31.86,31.86,100
2026-03-18 17:15:00,31.86,31.86,31.86,31.86,157
2026-03-18 18:10:00,31.74,31.86,31.74,31.86,1264
2026-03-18 19:50:00,31.5,31.5,31.5,31.5,541
2026-03-19 04:05:00,31.2,31.2,31.2,31.2,400
2026-03-19 08:00:00,31.0,32.06,31.0,32.06,350
2026-03-19 08:15:00,30.84,30.84,30.84,30.84,100
2026-03-19 08:35:00,30.8,30.8,30.8,30.8,400
2026-03-19 08:40:00,30.65,30.65,30.65,30.65,100
2026-03-19 08:45:00,30.53,30.53,30.53,30.53,100
2026-03-19 08:50:00,30.85,30.85,30.85,30.85,250
2026-03-19 09:25:00,30.51,30.51,30.51,30.51,1153
2026-03-19 09:30:00,30.51,30.52,30.4,30.4511,32316
2026-03-19 09:35:00,30.5,30.5,30.4,30.45,11504
2026-03-19 09:40:00,30.4,30.45,30.37,30.4,18682
2026-03-19 09:45:00,30.4,30.425,30.33,30.4,6189
2026-03-19 09:50:00,30.4,30.49,30.37,30.455,7591
2026-03-19 09:55:00,30.4833,30.56,30.4833,30.52,3468
2026-03-19 10:00:00,30.55,30.635,30.55,30.6152,8579
2026-03-19 10:05:00,30.63,30.6792,30.57,30.5702,3797
2026-03-19 10:10:00,30.612,30.6795,30.61,30.64,10903
2026-03-19 10:15:00,30.62,30.62,30.586,30.615,2754
2026-03-19 10:20:00,30.61,30.64,30.58,30.635,9607
2026-03-19 10:25:00,30.6402,30.6402,30.58,30.6199,2454
2026-03-19 10:30:00,30.595,30.7,30.56,30.57,18493
2026-03-19 10:35:00,30.6299,30.6299,30.5601,30.6,5262
2026-03-19 10:40:00,30.6251,30.66,30.61,30.61,298312
2026-03-19 10:45:00,30.61,30.63,30.565,30.586,7925
2026-03-19 10:50:00,30.6,30.64,30.585,30.6,6011
2026-03-19 10:55:00,30.63,30.66,30.6,30.636,18935
2026-03-19 11:00:00,30.6,30.65,30.6,30.65,268829
2026-03-19 11:05:00,30.65,30.7294,30.65,30.676,3749
2026-03-19 11:10:00,30.65,30.66,30.63,30.66,995
2026-03-19 11:15:00,30.6852,30.6852,30.65,30.65,6884
2026-03-19 11:20:00,30.65,30.74,30.65,30.725,2139
2026-03-19 11:25:00,30.725,30.755,30.67,30.67,30312
2026-03-19 11:30:00,30.6826,30.6834,30.64,30.64,2327
2026-03-19 11:35:00,30.6399,30.6399,30.615,30.615,828
2026-03-19 11:40:00,30.6502,30.6594,30.57,30.57,27363
2026-03-19 11:45:00,30.6167,30.6191,30.555,30.6,5849
2026-03-19 11:50:00,30.6199,30.63,30.555,30.58,17325
2026-03-19 11:55:00,30.6052,30.6052,30.54,30.5999,40239
2026-03-19 12:00:00,30.55,30.61,30.52,30.565,28529
2026-03-19 12:05:00,30.56,30.6,30.56,30.6,1544
2026-03-19 12:10:00,30.605,30.6093,30.54,30.57,1725
2026-03-19 12:15:00,30.57,30.6,30.54,30.59,4596
2026-03-19 12:20:00,30.595,30.605,30.595,30.605,1208
2026-03-19 12:25:00,30.605,30.64,30.605,30.6344,19227
2026-03-19 12:30:00,30.6,30.615,30.58,30.58,2274
2026-03-19 12:35:00,30.59,30.62,30.59,30.615,1400
2026-03-19 12:40:00,30.62,30.6638,30.6,30.6,4618
2026-03-19 12:45:00,30.58,30.58,30.56,30.56,703
2026-03-19 12:50:00,30.535,30.5584,30.48,30.48,76376
2026-03-19 12:55:00,30.51,30.525,30.49,30.525,43675
2026-03-19 13:00:00,30.4801,30.56,30.4801,30.525,4150
2026-03-19 13:05:00,30.525,30.5283,30.5051,30.5283,6554
2026-03-19 13:10:00,30.4881,30.5,30.4881,30.5,1055
2026-03-19 13:15:00,30.515,30.515,30.515,30.515,919
2026-03-19 13:20:00,30.5499,30.5499,30.48,30.5,2351
2026-03-19 13:25:00,30.5,30.5,30.45,30.475,2327
2026-03-19 13:30:00,30.475,30.5299,30.475,30.515,960
2026-03-19 13:35:00,30.495,30.515,30.495,30.5,1329
2026-03-19 13:40:00,30.53,30.54,30.49,30.5148,3945
2026-03-19 13:45:00,30.5397,30.58,30.5397,30.58,3669
2026-03-19 13:50:00,30.54,30.54,30.54,30.54,620
2026-03-19 13:55:00,30.54,30.54,30.5,30.51,27687
2026-03-19 14:00:00,30.52,30.54,30.5,30.5,14702
2026-03-19 14:05:00,30.47,30.47,30.42,30.465,3955
2026-03-19 14:10:00,30.445,30.47,30.41,30.445,11695
2026-03-19 14:15:00,30.445,30.49,30.445,30.47,3293
2026-03-19 14:20:00,30.47,30.51,30.47,30.48,24891
2026-03-19 14:25:00,30.495,30.55,30.495,30.5185,6066
2026-03-19 14:30:00,30.6,30.6,30.6,30.6,163
2026-03-19 14:35:00,30.59,30.59,30.533,30.57,29656
2026-03-19 14:40:00,30.555,30.61,30.555,30.61,18613
2026-03-19 14:45:00,30.594,30.6,30.5269,30.5269,45134
2026-03-19 14:50:00,30.568,30.6,30.55,30.55,4320
2026-03-19 14:55:00,30.565,30.565,30.49,30.52,6296
2026-03-19 15:00:00,30.53,30.54,30.42,30.42,15477
2026-03-19 15:05:00,30.46,30.55,30.37,30.375,18941
2026-03-19 15:10:00,30.34,30.4899,30.34,30.4602,8786
2026-03-19 15:15:00,30.44,30.44,30.3,30.43,28435
2026-03-19 15:20:00,30.3769,30.4,30.365,30.399,16350
2026-03-19 15:25:00,30.365,30.47,30.365,30.47,11163
2026-03-19 15:30:00,30.49,30.49,30.41,30.46,4258
2026-03-19 15:35:00,30.5,30.52,30.48,30.48,18042
2026-03-19 15:40:00,30.48,30.48,30.45,30.46,6659
2026-03-19 15:45:00,30.46,30.5,30.46,30.46,3179
2026-03-19 15:50:00,30.49,30.54,30.49,30.53,20398
2026-03-19 15:55:00,30.515,30.59,30.49,30.57,15151
2026-03-19 16:00:00,30.53,30.67,30.53,30.67,3755
2026-03-19 17:55:00,30.69,30.69,30.69,30.69,1500
2026-03-19 18:10:00,30.81,30.81,30.81,30.81,106
2026-03-20 04:05:00,30.67,30.67,30.67,30.67,200
2026-03-20 08:00:00,31.0957,31.0957,31.0957,31.0957,3000
2026-03-20 09:25:00,30.76,30.76,30.76,30.76,992
2026-03-20 09:30:00,30.77,30.77,30.68,30.68,7889
2026-03-20 09:35:00,30.68,30.73,30.6672,30.675,17464
2026-03-20 09:40:00,30.675,30.675,30.6493,30.6493,343
2026-03-20 09:45:00,30.72,30.72,30.675,30.6782,3165
2026-03-20 09:50:00,30.72,30.72,30.6301,30.66,13715
2026-03-20 09:55:00,30.63,30.69,30.6072,30.66,8342
2026-03-20 10:00:00,30.63,30.6699,30.58,30.6699,2437
2026-03-20 10:05:00,30.6119,30.625,30.5508,30.5508,2471
2026-03-20 10:10:00,30.58,30.5826,30.58,30.58,3052
2026-03-20 10:15:00,30.58,30.58,30.5,30.5671,8310
2026-03-20 10:20:00,30.56,30.56,30.5,30.51,6117
2026-03-20 10:25:00,30.5016,30.51,30.434,30.434,2603
2026-03-20 10:30:00,30.4317,30.54,30.4317,30.51,7653
2026-03-20 10:35:00,30.51,30.58,30.51,30.57,26746
2026-03-20 10:40:00,30.6,30.61,30.56,30.61,26141
2026-03-20 10:45:00,30.554,30.554,30.554,30.554,147
2026-03-20 10:50:00,30.615,30.615,30.615,30.615,2061
2026-03-20 10:55:00,30.62,30.6695,30.62,30.66,38284
2026-03-20 11:00:00,30.65,30.69,30.61,30.66,4175
2026-03-20 11:05:00,30.66,30.6799,30.64,30.64,5127
2026-03-20 11:10:00,30.665,30.67,30.64,30.65,4805
2026-03-20 11:15:00,30.65,30.66,30.6201,30.6201,4497
2026-03-20 11:20:00,30.64,30.65,30.592,30.61,13905
2026-03-20 11:25:00,30.61,30.62,30.56,30.585,23080
2026-03-20 11:30:00,30.65,30.67,30.64,30.64,7842
2026-03-20 11:35:00,30.64,30.66,30.62,30.64,9039
2026-03-20 11:40:00,30.645,30.65,30.6,30.6099,12306
2026-03-20 11:45:00,30.6097,30.61,30.555,30.555,6498
2026-03-20 11:50:00,30.6,30.6,30.565,30.58,3470
2026-03-20 11:55:00,30.56,30.6,30.54,30.54,9083
2026-03-20 12:00:00,30.58,30.61,30.575,30.5842,4887
2026-03-20 12:05:00,30.58,30.65,30.58,30.615,8327
2026-03-20 12:10:00,30.6274,30.7,30.6274,30.68,3690
2026-03-20 12:15:00,30.69,30.73,30.65,30.7299,5515
2026-03-20 12:20:00,30.72,30.77,30.7,30.7,60989
2026-03-20 12:25:00,30.7,30.7,30.6817,30.69,1102
2026-03-20 12:30:00,30.68,30.71,30.665,30.71,3331
2026-03-20 12:35:00,30.7091,30.74,30.705,30.74,6504
2026-03-20 12:40:00,30.725,30.725,30.72,30.72,5195
2026-03-20 12:45:00,30.7,30.7,30.68,30.68,7674
2026-03-20 12:50:00,30.7082,30.7082,30.6637,30.6637,5593
2026-03-20 12:55:00,30.66,30.67,30.66,30.67,2550
2026-03-20 13:00:00,30.665,30.68,30.6501,30.6501,8540
2026-03-20 13:05:00,30.653,30.7597,30.653,30.745,12750
2026-03-20 13:10:00,30.745,30.745,30.735,30.735,3682
2026-03-20 13:15:00,30.7,30.735,30.7,30.735,6904
2026-03-20 13:20:00,30.735,30.74,30.71,30.71,3210
2026-03-20 13:25:00,30.69,30.71,30.6701,30.6753,3107
2026-03-20 13:30:00,30.695,30.7,30.695,30.7,4537
2026-03-20 13:35:00,30.695,30.7,30.67,30.695,3486
2026-03-20 13:40:00,30.695,30.72,30.695,30.71,4345
2026-03-20 13:45:00,30.72,30.75,30.71,30.73,17314
2026-03-20 13:50:00,30.71,30.73,30.71,30.72,3811
2026-03-20 13:55:00,30.7,30.73,30.6931,30.71,22326
2026-03-20 14:00:00,30.72,30.72,30.685,30.685,19578
2026-03-20 14:05:00,30.685,30.7,30.65,30.65,5323
2026-03-20 14:10:00,30.66,30.675,30.6417,30.66,3286
2026-03-20 14:15:00,30.652,30.7,30.652,30.675,5551
2026-03-20 14:20:00,30.675,30.72,30.65,30.72,11729
2026-03-20 14:25:00,30.73,30.73,30.7,30.73,20537
2026-03-20 14:30:00,30.73,30.76,30.73,30.76,12646
2026-03-20 14:35:00,30.76,30.78,30.732,30.74,4462
2026-03-20 14:40:00,30.755,30.755,30.755,30.755,500
2026-03-20 14:45:00,30.7791,30.7791,30.72,30.72,8511
2026-03-20 14:50:00,30.69,30.7,30.69,30.7,746
2026-03-20 14:55:00,30.71,30.71,30.67,30.71,3747
2026-03-20 15:00:00,30.71,30.71,30.69,30.69,4273
2026-03-20 15:10:00,30.74,30.74,30.695,30.73,4389
2026-03-20 15:15:00,30.7536,30.755,30.69,30.705,3491
2026-03-20 15:20:00,30.705,30.72,30.65,30.7192,5760
2026-03-20 15:25:00,30.69,30.69,30.6687,30.6875,1276
2026-03-20 15:30:00,30.71,30.75,30.7,30.725,20719
2026-03-20 15:35:00,30.725,30.77,30.71,30.77,10483
2026-03-20 15:40:00,30.76,30.77,30.73,30.75,4836
2026-03-20 15:45:00,30.75,30.76,30.745,30.759,4437
2026-03-20 15:50:00,30.745,30.745,30.69,30.72,6775
2026-03-20 15:55:00,30.71,30.71,30.64,30.66,9933
2026-03-20 16:00:00,30.7,30.7,30.7,30.7,632
2026-03-20 18:15:00,30.71,30.71,30.71,30.71,1435
2026-03-23 04:35:00,30.7,30.7,30.7,30.7,100
2026-03-23 07:10:00,30.44,30.44,30.4,30.4,850
2026-03-23 09:25:00,29.79,29.79,29.79,29.79,8250
2026-03-23 09:30:00,29.7,29.8,29.7,29.76,41707
2026-03-23 09:35:00,29.75,29.81,29.67,29.7,22933
2026-03-23 09:40:00,29.7,29.705,29.6451,29.6451,4191
2026-03-23 09:45:00,29.62,29.645,29.605,29.64,2535
2026-03-23 09:50:00,29.62,29.64,29.56,29.6399,7094
2026-03-23 09:55:00,29.63,29.6799,29.63,29.67,3085
2026-03-23 10:00:00,29.655,29.7,29.576,29.605,23867
2026-03-23 10:05:00,29.58,29.63,29.56,29.6171,7324
2026-03-23 10:10:00,29.6,29.65,29.57,29.605,3095
2026-03-23 10:15:00,29.63,29.69,29.625,29.65,4818
2026-03-23 10:20:00,29.64,29.66,29.61,29.625,2800
2026-03-23 10:25:00,29.65,29.72,29.65,29.71,2393
2026-03-23 10:30:00,29.73,29.73,29.67,29.7,2574
2026-03-23 10:35:00,29.7532,29.78,29.72,29.7601,2612
2026-03-23 10:40:00,29.71,29.8,29.69,29.76,6571
2026-03-23 10:45:00,29.76,29.76,29.68,29.7,10047
2026-03-23 10:50:00,29.68,29.69,29.65,29.66,3150
2026-03-23 10:55:00,29.66,29.68,29.63,29.63,4267
2026-03-23 11:00:00,29.61,29.61,29.38,29.38,8081
2026-03-23 11:05:00,29.4,29.4,29.3092,29.3328,9478
2026-03-23 11:10:00,29.37,29.37,29.23,29.23,3835
2026-03-23 11:15:00,29.23,29.26,29.23,29.26,512
2026-03-23 11:20:00,29.29,29.35,29.285,29.335,22077
2026-03-23 11:25:00,29.335,29.37,29.335,29.345,6962
2026-03-23 11:30:00,29.33,29.4,29.31,29.31,31592
2026-03-23 11:35:00,29.32,29.3525,29.32,29.3525,1480
2026-03-23 11:40:00,29.37,29.4699,29.365,29.4699,1356
2026-03-23 11:45:00,29.449,29.45,29.41,29.41,10338
2026-03-23 11:50:00,29.4,29.4899,29.3701,29.47,4471
2026-03-23 11:55:00,29.495,29.54,29.485,29.54,1056
2026-03-23 12:00:00,29.5,29.52,29.5,29.52,2666
2026-03-23 12:05:00,29.535,29.57,29.5117,29.56,2874
2026-03-23 12:10:00,29.545,29.63,29.545,29.63,2526
2026-03-23 12:15:00,29.63,29.63,29.6,29.605,4431
2026-03-23 12:20:00,29.605,29.6526,29.605,29.645,5879
2026-03-23 12:25:00,29.61,29.65,29.61,29.64,2202
2026-03-23 12:30:00,29.6,29.6,29.53,29.535,10668
2026-03-23 12:35:00,29.555,29.57,29.51,29.54,4246
2026-03-23 12:40:00,29.56,29.56,29.5,29.51,5261
2026-03-23 12:45:00,29.47,29.47,29.465,29.47,1045
2026-03-23 12:50:00,29.475,29.475,29.42,29.4301,5035
2026-03-23 12:55:00,29.465,29.48,29.415,29.415,6169
2026-03-23 13:00:00,29.42,29.46,29.38,29.455,13209
2026-03-23 13:05:00,29.455,29.465,29.413,29.465,1810
2026-03-23 13:10:00,29.49,29.49,29.46,29.49,574
2026-03-23 13:15:00,29.47,29.47,29.47,29.47,1253
2026-03-23 13:20:00,29.45,29.454,29.42,29.445,10244
2026-03-23 13:25:00,29.445,29.4499,29.41,29.435,16210
2026-03-23 13:30:00,29.45,29.46,29.42,29.46,17390
2026-03-23 13:35:00,29.5,29.5,29.465,29.4794,2674
2026-03-23 13:40:00,29.46,29.4991,29.4301,29.4991,996
2026-03-23 13:45:00,29.47,29.475,29.44,29.455,4474
2026-03-23 13:50:00,29.47,29.475,29.455,29.455,13022
2026-03-23 13:55:00,29.44,29.45,29.41,29.41,2529
2026-03-23 14:00:00,29.39,29.45,29.3501,29.4,6317
2026-03-23 14:05:00,29.4,29.45,29.4,29.43,3622
2026-03-23 14:10:00,29.425,29.4365,29.32,29.32,11560
2026-03-23 14:15:00,29.325,29.38,29.325,29.34,53167
2026-03-23 14:20:00,29.34,29.34,29.27,29.29,16744
2026-03-23 14:25:00,29.31,29.405,29.285,29.405,4533
2026-03-23 14:30:00,29.405,29.4391,29.405,29.4391,3364
2026-03-23 14:35:00,29.4,29.4,29.33,29.35,926
2026-03-23 14:40:00,29.3857,29.43,29.3857,29.4,4769
2026-03-23 14:45:00,29.395,29.42,29.395,29.4,542
2026-03-23 14:50:00,29.39,29.4099,29.385,29.4099,2975
2026-03-23 14:55:00,29.41,29.43,29.37,29.43,4149
2026-03-23 15:00:00,29.41,29.46,29.41,29.425,9032
2026-03-23 15:05:00,29.42,29.42,29.375,29.375,6050
2026-03-23 15:10:00,29.38,29.39,29.28,29.325,16855
2026-03-23 15:15:00,29.37,29.37,29.315,29.34,38632
2026-03-23 15:20:00,29.34,29.375,29.34,29.37,11206
2026-03-23 15:25:00,29.37,29.38,29.33,29.3757,4007
2026-03-23 15:30:00,29.39,29.4,29.37,29.4,11277
2026-03-23 15:35:00,29.39,29.41,29.37,29.39,6873
2026-03-23 15:40:00,29.41,29.45,29.39,29.425,43361
2026-03-23 15:45:00,29.44,29.46,29.425,29.4489,8839
2026-03-23 15:50:00,29.445,29.47,29.4101,29.435,112654
2026-03-23 15:55:00,29.445,29.4496,29.41,29.41,21089
2026-03-23 16:00:00,29.44,29.44,29.44,29.44,103
2026-03-24 04:05:00,29.44,29.44,29.44,29.44,100
2026-03-24 09:25:00,29.69,29.69,29.69,29.69,1868
2026-03-24 09:30:00,29.67,29.73,29.55,29.715,27962
2026-03-24 09:35:00,29.6712,29.69,29.65,29.68,24854
2026-03-24 09:40:00,29.6983,29.715,29.6765,29.715,743
2026-03-24 09:45:00,29.75,29.75,29.69,29.72,2643
2026-03-24 09:50:00,29.695,29.7492,29.695,29.74,12103
2026-03-24 09:55:00,29.74,29.78,29.74,29.755,39275
2026-03-24 10:00:00,29.755,29.8,29.71,29.7899,5066
2026-03-24 10:05:00,29.75,29.75,29.73,29.74,591
2026-03-24 10:10:00,29.74,29.78,29.74,29.769,5833
2026-03-24 10:15:00,29.7557,29.78,29.73,29.75,13653
2026-03-24 10:20:00,29.765,29.765,29.735,29.74,2636
2026-03-24 10:25:00,29.82,29.82,29.7501,29.785,7685
2026-03-24 10:30:00,29.78,29.78,29.78,29.78,100
2026-03-24 10:35:00,29.8,29.835,29.8,29.835,2840
2026-03-24 10:40:00,29.87,29.87,29.835,29.835,2970
2026-03-24 10:45:00,29.83,29.85,29.775,29.775,8674
2026-03-24 10:50:00,29.83,29.8383,29.74,29.755,9941
2026-03-24 10:55:00,29.755,29.7999,29.705,29.75,2757
2026-03-24 11:00:00,29.72,29.7599,29.695,29.71,7101
2026-03-24 11:05:00,29.71,29.76,29.71,29.76,2415
2026-03-24 11:10:00,29.7694,29.7694,29.7599,29.76,2308
2026-03-24 11:15:00,29.73,29.77,29.73,29.77,231
2026-03-24 11:20:00,29.7674,29.77,29.7674,29.77,954
2026-03-24 11:25:00,29.76,29.8,29.69,29.69,27731
2026-03-24 11:30:00,29.75,29.81,29.7,29.81,7845
2026-03-24 11:35:00,29.81,29.8387,29.805,29.8387,6180
2026-03-24 11:40:00,29.795,29.84,29.795,29.84,1781
2026-03-24 11:45:00,29.82,29.84,29.82,29.84,7321
2026-03-24 11:50:00,29.8691,29.8691,29.835,29.835,401
2026-03-24 11:55:00,29.83,29.86,29.83,29.845,1577
2026-03-24 12:00:00,29.89,29.93,29.88,29.93,1280
2026-03-24 12:05:00,29.9,29.9399,29.9,29.92,967
2026-03-24 12:10:00,29.92,29.92,29.9,29.901,2980
2026-03-24 12:15:00,29.94,29.95,29.94,29.95,27677
2026-03-24 12:20:00,29.96,29.97,29.92,29.93,6581
2026-03-24 12:25:00,29.95,29.95,29.91,29.91,650
2026-03-24 12:30:00,29.89,29.9,29.865,29.865,1976
2026-03-24 12:35:00,29.865,29.865,29.865,29.865,200
2026-03-24 12:40:00,29.93,29.95,29.9,29.95,1161
2026-03-24 12:45:00,29.905,29.97,29.905,29.92,1550
2026-03-24 12:50:00,29.925,29.99,29.925,29.99,1581
2026-03-24 12:55:00,29.98,29.9999,29.97,29.9999,1083
2026-03-24 13:00:00,29.98,29.999,29.97,29.97,58718
2026-03-24 13:05:00,29.99,30.0,29.9623,29.98,986
2026-03-24 13:10:00,29.96,29.98,29.96,29.98,1500
2026-03-24 13:15:00,29.97,29.97,29.91,29.94,15367
2026-03-24 13:20:00,29.94,29.97,29.94,29.97,1413
2026-03-24 13:25:00,29.97,29.97,29.95,29.95,1080
2026-03-24 13:30:00,29.96,29.96,29.8601,29.92,4409
2026-03-24 13:35:00,29.86,29.885,29.86,29.8601,6924
2026-03-24 13:40:00,29.885,29.9,29.8601,29.89,3193
2026-03-24 13:45:00,29.89,29.919,29.89,29.9,2854
2026-03-24 13:50:00,29.905,29.9299,29.87,29.88,7673
2026-03-24 13:55:00,29.9099,29.9099,29.77,29.78,9860
2026-03-24 14:00:00,29.81,29.83,29.77,29.81,3169
2026-03-24 14:05:00,29.8133,29.8299,29.78,29.8299,2469
2026-03-24 14:10:00,29.81,29.83,29.7909,29.83,1675
2026-03-24 14:15:00,29.82,29.88,29.82,29.82,6696
2026-03-24 14:20:00,29.839,29.91,29.839,29.91,5016
2026-03-24 14:25:00,29.905,29.915,29.8801,29.915,8085
2026-03-24 14:30:00,29.9499,29.9499,29.915,29.94,1163
2026-03-24 14:35:00,29.935,29.95,29.87,29.87,4382
2026-03-24 14:40:00,29.87,29.9,29.84,29.8988,2000
2026-03-24 14:45:00,29.87,29.885,29.8406,29.87,2275
2026-03-24 14:50:00,29.8401,29.9,29.8401,29.87,6044
2026-03-24 14:55:00,29.9,29.9,29.84,29.87,1952
2026-03-24 15:00:00,29.86,29.86,29.82,29.85,6352
2026-03-24 15:05:00,29.8195,29.88,29.8195,29.88,1874
2026-03-24 15:10:00,29.85,29.87,29.8227,29.8227,2614
2026-03-24 15:15:00,29.8699,29.87,29.845,29.845,5429
2026-03-24 15:20:00,29.87,29.87,29.82,29.85,7120
2026-03-24 15:25:00,29.85,29.85,29.82,29.835,73226
2026-03-24 15:30:00,29.835,29.8499,29.82,29.82,6393
2026-03-24 15:35:00,29.82,29.82,29.805,29.82,4744
2026-03-24 15:40:00,29.83,29.8399,29.815,29.815,3241
2026-03-24 15:45:00,29.815,29.83,29.815,29.82,4842
2026-03-24 15:50:00,29.83,29.84,29.82,29.84,23096
2026-03-24 15:55:00,29.84,29.87,29.83,29.87,41826
2026-03-24 16:00:00,29.88,29.88,29.88,29.88,45685
2026-03-24 16:20:00,29.61,29.61,29.6,29.6,300
2026-03-25 04:05:00,29.9,29.9,29.9,29.9,100
2026-03-25 08:10:00,27.94,27.94,27.94,27.94,1000
2026-03-25 09:25:00,29.01,29.01,29.01,29.01,840
2026-03-25 09:30:00,29.7,29.77,29.7,29.7,11829
2026-03-25 09:35:00,29.7018,29.7955,29.7,29.755,28918
2026-03-25 09:40:00,29.755,29.765,29.71,29.74,8641
2026-03-25 09:45:00,29.75,29.79,29.7469,29.75,4115
2026-03-25 09:50:00,29.7528,29.77,29.7201,29.745,48802
2026-03-25 09:55:00,29.7,29.7683,29.7,29.745,5280
2026-03-25 10:00:00,29.75,29.7999,29.745,29.7899,8855
2026-03-25 10:05:00,29.75,29.82,29.75,29.765,4049
2026-03-25 10:10:00,29.79,29.82,29.77,29.82,2714
2026-03-25 10:15:00,29.82,29.86,29.79,29.81,43528
2026-03-25 10:20:00,29.78,29.83,29.7739,29.82,1441
2026-03-25 10:25:00,29.81,29.89,29.8,29.89,5026
2026-03-25 10:30:00,29.88,29.89,29.835,29.855,1675
2026-03-25 10:35:00,29.855,29.855,29.8246,29.855,1738
2026-03-25 10:40:00,29.855,29.8899,29.855,29.8774,2660
2026-03-25 10:45:00,29.8201,29.86,29.82,29.83,5004
2026-03-25 10:50:00,29.86,29.87,29.84,29.84,7500
2026-03-25 10:55:00,29.855,29.89,29.84,29.875,8241
2026-03-25 11:00:00,29.87,29.8784,29.85,29.8784,39773
2026-03-25 11:05:00,29.85,29.85,29.82,29.82,3518
2026-03-25 11:10:00,29.835,29.9,29.8101,29.9,9016
2026-03-25 11:15:00,29.9199,29.9199,29.88,29.88,955
2026-03-25 11:20:00,29.92,29.9699,29.8791,29.9299,6779
2026-03-25 11:25:00,29.9699,29.9699,29.91,29.91,18272
2026-03-25 11:30:00,29.88,29.8899,29.82,29.82,1948
2026-03-25 11:35:00,29.855,29.895,29.855,29.895,2918
2026-03-25 11:40:00,29.895,29.915,29.895,29.9088,4527
2026-03-25 11:45:00,29.885,29.92,29.87,29.92,4408
2026-03-25 11:50:00,29.91,29.92,29.91,29.92,2213
2026-03-25 11:55:00,29.94,29.94,29.92,29.92,3585
2026-03-25 12:00:00,29.94,29.9491,29.905,29.9392,1698
2026-03-25 12:05:00,29.9,29.9,29.86,29.885,4425
2026-03-25 12:10:00,29.885,29.885,29.885,29.885,2000
2026-03-25 12:15:00,29.885,29.885,29.835,29.835,1609
2026-03-25 12:20:00,29.848,29.85,29.8259,29.8259,4753
2026-03-25 12:25:00,29.81,29.84,29.795,29.84,1623
2026-03-25 12:30:00,29.855,29.855,29.83,29.83,574
2026-03-25 12:35:00,29.855,29.88,29.83,29.83,1535
2026-03-25 12:40:00,29.855,29.88,29.8301,29.8301,1528
2026-03-25 12:45:00,29.855,29.8787,29.83,29.855,5130
2026-03-25 12:50:00,29.9199,29.93,29.88,29.88,2869
2026-03-25 12:55:00,29.9,29.92,29.9,29.905,2088
2026-03-25 13:00:00,29.905,29.905,29.865,29.865,4692
2026-03-25 13:05:00,29.9094,29.94,29.9,29.935,7059
2026-03-25 13:10:00,29.95,29.95,29.92,29.92,607
2026-03-25 13:15:00,29.93,29.96,29.93,29.96,607
2026-03-25 13:20:00,29.945,29.97,29.945,29.963,1924
2026-03-25 13:25:00,29.97,29.97,29.955,29.9696,1770
2026-03-25 13:30:00,29.94,29.9691,29.91,29.925,3421
2026-03-25 13:35:00,29.9483,29.9499,29.905,29.9495,3447
2026-03-25 13:40:00,29.96,29.96,29.91,29.92,12808
2026-03-25 13:45:00,29.94,29.9589,29.93,29.9589,6442
2026-03-25 13:50:00,29.96,29.96,29.9,29.9,2579
2026-03-25 13:55:00,29.93,29.93,29.9,29.9,6453
2026-03-25 14:00:00,29.9,29.97,29.9,29.96,7247
2026-03-25 14:05:00,29.9699,29.97,29.935,29.935,9820
2026-03-25 14:10:00,29.935,29.97,29.91,29.935,1996
2026-03-25 14:15:00,29.935,29.9698,29.9,29.945,5549
2026-03-25 14:20:00,29.9301,29.95,29.9301,29.95,2972
2026-03-25 14:25:00,29.95,30.005,29.95,30.005,4993
2026-03-25 14:30:00,30.005,30.005,29.99,29.99,2680
2026-03-25 14:35:00,29.9868,29.99,29.97,29.975,2239
2026-03-25 14:40:00,29.975,29.995,29.975,29.995,4492
2026-03-25 14:45:00,30.02,30.02,30.005,30.005,1962
2026-03-25 14:50:00,30.02,30.02,30.02,30.02,1471
2026-03-25 14:55:00,30.04,30.0699,30.04,30.05,6665
2026-03-25 15:00:00,30.04,30.04,30.0,30.0,7208
2026-03-25 15:05:00,30.015,30.015,29.95,29.95,3411
2026-03-25 15:10:00,29.925,29.925,29.89,29.89,4472
2026-03-25 15:15:00,29.9164,29.9164,29.9,29.905,8002
2026-03-25 15:20:00,29.93,29.9396,29.93,29.9396,431
2026-03-25 15:25:00,29.939,29.94,29.9,29.915,13833
2026-03-25 15:30:00,29.91,29.9391,29.91,29.9391,6620
2026-03-25 15:35:00,29.94,29.94,29.9031,29.915,4717
2026-03-25 15:40:00,29.93,29.96,29.93,29.9529,3326
2026-03-25 15:45:00,29.968,29.97,29.94,29.94,4584
2026-03-25 15:50:00,29.98,29.9888,29.9308,29.9308,16152
2026-03-25 15:55:00,29.93,29.95,29.87,29.92,74761
2026-03-25 16:00:00,29.89,29.89,29.89,29.89,22216
2026-03-26 04:00:00,29.8,29.8,29.8,29.8,210
2026-03-26 06:50:00,29.9,29.9,29.9,29.9,194
2026-03-26 08:00:00,29.9,29.9,29.9,29.9,100
2026-03-26 09:30:00,30.17,30.19,30.11,30.17,17126
2026-03-26 09:35:00,30.17,30.17,30.1026,30.135,8155
2026-03-26 09:40:00,30.135,30.15,30.135,30.15,1143
2026-03-26 09:45:00,30.145,30.145,30.145,30.145,2487
2026-03-26 09:50:00,30.18,30.18,30.11,30.1451,26800
2026-03-26 09:55:00,30.135,30.16,30.075,30.075,13963
2026-03-26 10:00:00,30.0583,30.12,30.0583,30.1189,4887
2026-03-26 10:05:00,30.1189,30.15,30.115,30.13,8314
2026-03-26 10:10:00,30.15,30.15,30.11,30.13,7732
2026-03-26 10:15:00,30.13,30.16,30.1201,30.15,8071
2026-03-26 10:20:00,30.18,30.188,30.16,30.188,19586
2026-03-26 10:25:00,30.17,30.18,30.15,30.18,6923
2026-03-26 10:30:00,30.17,30.18,30.16,30.16,4500
2026-03-26 10:35:00,30.1601,30.1601,30.1601,30.1601,117
2026-03-26 10:40:00,30.18,30.18,30.135,30.16,1213
2026-03-26 10:45:00,30.2192,30.2192,30.1614,30.205,4079
2026-03-26 10:50:00,30.24,30.24,30.205,30.205,2520
2026-03-26 10:55:00,30.2,30.2,30.16,30.16,2785
2026-03-26 11:00:00,30.24,30.24,30.16,30.16,1106
2026-03-26 11:05:00,30.2399,30.2399,30.205,30.235,12228
2026-03-26 11:10:00,30.2015,30.259,30.2015,30.259,5647
2026-03-26 11:15:00,30.245,30.245,30.245,30.245,300
2026-03-26 11:20:00,30.245,30.2599,30.21,30.229,10390
2026-03-26 11:25:00,30.24,30.24,30.22,30.2264,1692
2026-03-26 11:30:00,30.25,30.255,30.2317,30.24,21402
2026-03-26 11:35:00,30.23,30.255,30.23,30.255,428
2026-03-26 11:40:00,30.2017,30.23,30.2017,30.23,2561
2026-03-26 11:45:00,30.23,30.24,30.2,30.24,2697
2026-03-26 11:50:00,30.22,30.25,30.22,30.25,980
2026-03-26 11:55:00,30.27,30.27,30.27,30.27,1069
2026-03-26 12:00:00,30.27,30.29,30.264,30.264,3055
2026-03-26 12:05:00,30.27,30.28,30.27,30.28,493
2026-03-26 12:10:00,30.28,30.3199,30.28,30.3199,244
2026-03-26 12:15:00,30.28,30.28,30.27,30.27,4785
2026-03-26 12:20:00,30.24,30.24,30.2,30.2,1500
2026-03-26 12:30:00,30.2264,30.2264,30.21,30.21,3454
2026-03-26 12:35:00,30.2306,30.25,30.19,30.19,824
2026-03-26 12:40:00,30.195,30.195,30.195,30.195,100
2026-03-26 12:45:00,30.17,30.1813,30.17,30.18,4161
2026-03-26 12:50:00,30.1757,30.19,30.1757,30.18,2156
2026-03-26 12:55:00,30.19,30.19,30.12,30.145,12629
2026-03-26 13:00:00,30.145,30.22,30.145,30.22,3332
2026-03-26 13:05:00,30.21,30.229,30.21,30.21,788
2026-03-26 13:10:00,30.23,30.23,30.19,30.19,1151
2026-03-26 13:15:00,30.22,30.228,30.21,30.21,1334
2026-03-26 13:20:00,30.21,30.23,30.19,30.205,3081
2026-03-26 13:25:00,30.205,30.205,30.1563,30.1968,4208
2026-03-26 13:30:00,30.195,30.21,30.18,30.195,2475
2026-03-26 13:35:00,30.21,30.24,30.2091,30.24,1997
2026-03-26 13:40:00,30.21,30.238,30.21,30.238,11697
2026-03-26 13:45:00,30.21,30.21,30.21,30.21,4669
2026-03-26 13:50:00,30.249,30.2495,30.215,30.215,561
2026-03-26 13:55:00,30.18,30.25,30.18,30.215,4985
2026-03-26 14:00:00,30.215,30.25,30.215,30.215,832
2026-03-26 14:05:00,30.1801,30.21,30.1801,30.21,757
2026-03-26 14:10:00,30.19,30.23,30.19,30.2,19921
2026-03-26 14:15:00,30.2,30.2,30.1501,30.1501,1300
2026-03-26 14:20:00,30.1501,30.1501,30.1201,30.145,1942
2026-03-26 14:25:00,30.17,30.17,30.1,30.1,17323
2026-03-26 14:30:00,30.11,30.11,30.105,30.105,1152
2026-03-26 14:35:00,30.0837,30.105,30.0837,30.105,2039
2026-03-26 14:40:00,30.0803,30.1135,30.0801,30.11,2405
2026-03-26 14:45:00,30.11,30.12,30.0917,30.11,1372
2026-03-26 14:50:00,30.11,30.11,30.11,30.11,416
2026-03-26 14:55:00,30.13,30.13,30.11,30.12,2042
2026-03-26 15:00:00,30.1,30.13,30.0981,30.125,3921
2026-03-26 15:05:00,30.15,30.15,30.0939,30.115,2733
2026-03-26 15:10:00,30.11,30.13,30.08,30.13,10724
2026-03-26 15:15:00,30.14,30.14,30.105,30.105,7404
2026-03-26 15:20:00,30.105,30.12,30.0765,30.105,5179
2026-03-26 15:25:00,30.09,30.1,30.055,30.055,10740
2026-03-26 15:30:00,30.07,30.09,30.05,30.09,1640
2026-03-26 15:35:00,30.065,30.1,30.065,30.1,3769
2026-03-26 15:40:00,30.0984,30.0984,30.0501,30.0768,4124
2026-03-26 15:45:00,30.09,30.09,30.075,30.09,6197
2026-03-26 15:50:00,30.09,30.1,30.05,30.05,27007
2026-03-26 15:55:00,30.04,30.06,29.99,30.03,10606
2026-03-26 16:00:00,30.03,30.12,30.03,30.12,17520
2026-03-26 19:25:00,30.33,30.33,30.33,30.33,100
2026-03-27 05:00:00,30.12,30.12,30.12,30.12,200
2026-03-27 09:30:00,30.39,30.47,30.38,30.4499,11489
2026-03-27 09:35:00,30.43,30.48,30.42,30.47,22998
2026-03-27 09:40:00,30.46,30.46,30.43,30.4499,3177
2026-03-27 09:45:00,30.44,30.45,30.44,30.45,2469
2026-03-27 09:50:00,30.4882,30.4899,30.445,30.445,5997
2026-03-27 09:55:00,30.47,30.48,30.4101,30.4731,3791
2026-03-27 10:00:00,30.45,30.47,30.44,30.44,9958
2026-03-27 10:05:00,30.5,30.52,30.47,30.5003,2675
2026-03-27 10:10:00,30.5299,30.53,30.465,30.465,2655
2026-03-27 10:15:00,30.46,30.4891,30.455,30.4572,6880
2026-03-27 10:20:00,30.47,30.52,30.47,30.51,1351
2026-03-27 10:25:00,30.5359,30.5499,30.52,30.52,4937
2026-03-27 10:30:00,30.52,30.56,30.52,30.55,2540
2026-03-27 10:35:00,30.56,30.56,30.545,30.545,1097
2026-03-27 10:40:00,30.545,30.59,30.545,30.58,5777
2026-03-27 10:45:00,30.57,30.64,30.57,30.64,1605
2026-03-27 10:50:00,30.6396,30.6998,30.6,30.65,3861
2026-03-27 10:55:00,30.64,30.68,30.64,30.68,2101
2026-03-27 11:00:00,30.66,30.69,30.65,30.68,14662
2026-03-27 11:05:00,30.665,30.68,30.64,30.65,5991
2026-03-27 11:10:00,30.65,30.68,30.65,30.68,7260
2026-03-27 11:15:00,30.682,30.71,30.64,30.71,8923
2026-03-27 11:20:00,30.74,30.74,30.62,30.62,7967
2026-03-27 11:25:00,30.6889,30.6889,30.6889,30.6889,150
2026-03-27 11:30:00,30.68,30.69,30.61,30.65,4926
2026-03-27 11:35:00,30.64,30.6666,30.64,30.64,9445
2026-03-27 11:40:00,30.635,30.6599,30.635,30.6599,1237
2026-03-27 11:45:00,30.65,30.67,30.65,30.67,1628
2026-03-27 11:50:00,30.68,30.72,30.65,30.72,6615
2026-03-27 11:55:00,30.69,30.76,30.69,30.75,2596
2026-03-27 12:00:00,30.74,30.76,30.74,30.74,2764
2026-03-27 12:05:00,30.705,30.75,30.705,30.73,2492
2026-03-27 12:10:00,30.76,30.77,30.735,30.77,2574
2026-03-27 12:15:00,30.74,30.77,30.7,30.7,4318
2026-03-27 12:20:00,30.77,30.77,30.745,30.745,1275
2026-03-27 12:25:00,30.78,30.8,30.76,30.77,25868
2026-03-27 12:30:00,30.76,30.77,30.71,30.72,19875
2026-03-27 12:35:00,30.74,30.74,30.74,30.74,321
2026-03-27 12:40:00,30.725,30.74,30.6901,30.6901,7709
2026-03-27 12:45:00,30.71,30.72,30.69,30.71,5724
2026-03-27 12:50:00,30.71,30.74,30.71,30.73,1365
2026-03-27 12:55:00,30.725,30.77,30.725,30.75,41987
2026-03-27 13:00:00,30.745,30.745,30.71,30.72,959136
2026-03-27 13:05:00,30.72,30.72,30.67,30.6939,26945
2026-03-27 13:10:00,30.69,30.72,30.6701,30.705,54788
2026-03-27 13:15:00,30.705,30.705,30.69,30.69,4094
2026-03-27 13:20:00,30.6709,30.69,30.67,30.67,5113
2026-03-27 13:25:00,30.59,30.6594,30.59,30.6584,4563
2026-03-27 13:30:00,30.625,30.655,30.625,30.64,6916
2026-03-27 13:35:00,30.65,30.66,30.62,30.62,5890
2026-03-27 13:40:00,30.5601,30.64,30.5601,30.605,985
2026-03-27 13:45:00,30.605,30.65,30.605,30.61,933
2026-03-27 13:50:00,30.6496,30.68,30.6496,30.68,2973
2026-03-27 13:55:00,30.67,30.68,30.66,30.66,9761
2026-03-27 14:00:00,30.66,30.6996,30.66,30.69,20537
2026-03-27 14:05:00,30.67,30.675,30.665,30.67,13007
2026-03-27 14:10:00,30.67,30.6897,30.67,30.685,21677
2026-03-27 14:15:00,30.705,30.71,30.685,30.7,6194
2026-03-27 14:20:00,30.705,30.74,30.66,30.715,16187
2026-03-27 14:25:00,30.715,30.74,30.69,30.6993,16420
2026-03-27 14:30:00,30.7,30.73,30.68,30.68,20835
2026-03-27 14:35:00,30.705,30.7299,30.6801,30.705,1501
2026-03-27 14:40:00,30.705,30.73,30.65,30.71,24074
2026-03-27 14:45:00,30.66,30.72,30.66,30.7195,8354
2026-03-27 14:50:00,30.665,30.72,30.6512,30.719,6093
2026-03-27 14:55:00,30.675,30.7199,30.675,30.7199,3337
2026-03-27 15:00:00,30.655,30.7199,30.6301,30.685,8206
2026-03-27 15:05:00,30.685,30.7,30.6825,30.685,4988
2026-03-27 15:10:00,30.68,30.69,30.65,30.65,1878
2026-03-27 15:15:00,30.67,30.7,30.67,30.7,21818
2026-03-27 15:20:00,30.7182,30.72,30.7,30.7,4125
2026-03-27 15:25:00,30.72,30.79,30.72,30.765,30186
2026-03-27 15:30:00,30.765,30.8,30.765,30.8,7159
2026-03-27 15:35:00,30.82,30.8382,30.81,30.81,4682
2026-03-27 15:40:00,30.83,30.83,30.758,30.758,9811
2026-03-27 15:45:00,30.8,30.8,30.74,30.745,17783
2026-03-27 15:50:00,30.77,30.8,30.72,30.73,34446
2026-03-27 15:55:00,30.759,30.76,30.72,30.755,25435
2026-03-27 16:00:00,30.79,30.79,30.79,30.79,441
2026-03-27 16:25:00,30.76,30.76,30.76,30.76,500
2026-03-30 05:20:00,30.9,31.2,30.9,31.2,302
2026-03-30 07:10:00,31.22,31.22,31.16,31.16,650
2026-03-30 08:25:00,32.0,32.0,31.15,31.15,595
2026-03-30 09:25:00,31.13,31.13,31.13,31.13,160
2026-03-30 09:30:00,31.12,31.13,31.06,31.085,25091
2026-03-30 09:35:00,31.06,31.135,31.06,31.13,12939
2026-03-30 09:40:00,31.13,31.13,31.0972,31.11,14844
2026-03-30 09:45:00,31.09,31.11,31.08,31.1,9607
2026-03-30 09:50:00,31.09,31.1,31.08,31.08,6831
2026-03-30 09:55:00,31.07,31.08,31.03,31.04,23462
2026-03-30 10:00:00,31.04,31.07,31.03,31.07,9004
2026-03-30 10:05:00,31.06,31.07,31.035,31.05,11160
2026-03-30 10:10:00,31.04,31.07,31.03,31.07,9673
2026-03-30 10:15:00,31.07,31.07,31.0426,31.06,21181
2026-03-30 10:20:00,31.06,31.06,31.01,31.02,11298
2026-03-30 10:25:00,31.015,31.03,31.005,31.01,17318
2026-03-30 10:30:00,31.01,31.04,31.01,31.035,22208
2026-03-30 10:35:00,31.035,31.07,31.015,31.07,12991
2026-03-30 10:40:00,31.07,31.08,31.05,31.05,20476
2026-03-30 10:45:00,31.0499,31.07,30.99,31.01,144930
2026-03-30 10:50:00,31.04,31.07,31.0,31.05,50758
2026-03-30 10:55:00,31.06,31.09,31.06,31.07,14435
2026-03-30 11:00:00,31.0999,31.1,31.0406,31.06,11581
2026-03-30 11:05:00,31.05,31.09,31.0321,31.065,91294
2026-03-30 11:10:00,31.07,31.09,31.045,31.06,13440
2026-03-30 11:15:00,31.05,31.055,31.015,31.045,31212
2026-03-30 11:20:00,31.05,31.05,31.01,31.03,18083
2026-03-30 11:25:00,31.025,31.025,30.99,31.01,10534
2026-03-30 11:30:00,31.02,31.03,30.99,30.99,8584
2026-03-30 11:35:00,30.98,31.02,30.98,30.995,10730
2026-03-30 11:40:00,31.009,31.01,30.96,30.96,19005
2026-03-30 11:45:00,30.955,31.02,30.955,31.0,19651
2026-03-30 11:50:00,31.0,31.03,30.99,31.03,16297
2026-03-30 11:55:00,31.05,31.07,31.03,31.06,9243
2026-03-30 12:00:00,31.07,31.07,31.04,31.04,8291
2026-03-30 12:05:00,31.035,31.06,31.02,31.02,10458
2026-03-30 12:10:00,31.0338,31.05,31.0338,31.05,11941
2026-03-30 12:15:00,31.04,31.05,31.02,31.02,10997
2026-03-30 12:20:00,31.03,31.03,30.99,31.005,9094
2026-03-30 12:25:00,31.015,31.03,31.01,31.025,8961
2026-03-30 12:30:00,31.02,31.02,31.0,31.0,181178
2026-03-30 12:35:00,31.0,31.0001,30.985,30.99,12904
2026-03-30 12:40:00,30.99,31.0,30.97,30.985,9123
2026-03-30 12:45:00,31.0,31.01,30.985,31.0,8136
2026-03-30 12:50:00,31.0,31.01,30.995,31.01,5566
2026-03-30 12:55:00,31.01,31.01,30.97,30.98,16064
2026-03-30 13:00:00,30.98,30.99,30.96,30.97,9007
2026-03-30 13:05:00,30.99,31.0,30.98,31.0,5972
2026-03-30 13:10:00,31.0,31.0,30.99,30.99,13667
2026-03-30 13:15:00,30.99,31.01,30.9801,31.0,7277
2026-03-30 13:20:00,31.0,31.01,30.995,31.0,9467
2026-03-30 13:25:00,31.0,31.0,30.97,30.97,11256
2026-03-30 13:30:00,30.96,30.98,30.96,30.9698,9472
2026-03-30 13:35:00,30.965,30.97,30.96,30.97,7819
2026-03-30 13:40:00,30.96,30.99,30.95,30.97,35489
2026-03-30 13:45:00,30.97,30.98,30.92,30.94,12923
2026-03-30 13:50:00,30.935,30.96,30.92,30.935,19122
2026-03-30 13:55:00,30.94,30.96,30.91,30.93,17429
2026-03-30 14:00:00,30.9201,30.9296,30.885,30.885,19007
2026-03-30 14:05:00,30.89,30.89,30.855,30.855,7384
2026-03-30 14:10:00,30.87,30.9,30.86,30.87,36521
2026-03-30 14:15:00,30.88,30.89,30.86,30.86,6316
2026-03-30 14:20:00,30.87,30.9,30.87,30.89,4409
2026-03-30 14:25:00,30.89,30.89,30.835,30.86,11104
2026-03-30 14:30:00,30.87,30.88,30.85,30.88,15615
2026-03-30 14:35:00,30.88,30.89,30.8601,30.88,17620
2026-03-30 14:40:00,30.885,30.9,30.872,30.89,8349
2026-03-30 14:45:00,30.89,30.9,30.885,30.9,5465
2026-03-30 14:50:00,30.9,30.91,30.89,30.89,67934
2026-03-30 14:55:00,30.9,30.91,30.86,30.86,8187
2026-03-30 15:00:00,30.86,30.865,30.84,30.86,11326
2026-03-30 15:05:00,30.865,30.89,30.8601,30.89,18740
2026-03-30 15:10:00,30.89,30.92,30.8882,30.91,7746
2026-03-30 15:15:00,30.92,30.93,30.9,30.91,14870
2026-03-30 15:20:00,30.91,30.91,30.9,30.9,289728
2026-03-30 15:25:00,30.9,30.91,30.8964,30.9,32460
2026-03-30 15:30:00,30.905,30.91,30.88,30.9,17724
2026-03-30 15:35:00,30.91,30.91,30.88,30.88,9721
2026-03-30 15:40:00,30.88,30.89,30.88,30.885,9275
2026-03-30 15:45:00,30.88,30.9,30.85,30.9,20273
2026-03-30 15:50:00,30.9,30.93,30.88,30.93,11446
2026-03-30 15:55:00,30.935,30.96,30.93,30.93,24552
2026-03-30 16:00:00,30.96,30.96,30.96,30.96,2009
2026-03-31 04:55:00,30.96,30.96,30.96,30.96,200
2026-03-31 05:05:00,31.0,31.0,31.0,31.0,158
2026-03-31 09:30:00,31.13,31.13,31.05,31.07,16796
2026-03-31 09:35:00,31.07,31.081,31.045,31.045,3982
2026-03-31 09:40:00,31.05,31.05,31.01,31.0351,1988
2026-03-31 09:45:00,31.035,31.035,31.03,31.03,530
2026-03-31 09:50:00,31.025,31.025,30.985,31.01,2245
2026-03-31 09:55:00,31.015,31.04,31.015,31.04,4740
2026-03-31 10:00:00,31.04,31.085,31.04,31.075,2455
2026-03-31 10:05:00,31.043,31.09,31.043,31.0533,4225
2026-03-31 10:10:00,31.05,31.0799,31.05,31.05,1915
2026-03-31 10:15:00,31.05,31.0541,31.0217,31.05,7455
2026-03-31 10:20:00,31.05,31.09,31.05,31.05,7750
2026-03-31 10:25:00,31.05,31.09,31.05,31.06,6059
2026-03-31 10:30:00,31.07,31.09,31.07,31.09,10049
2026-03-31 10:35:00,31.09,31.12,31.085,31.09,17560
2026-03-31 10:40:00,31.12,31.1299,31.09,31.106,3485
2026-03-31 10:45:00,31.13,31.14,31.115,31.13,9133
2026-03-31 10:50:00,31.13,31.16,31.118,31.16,4440
2026-03-31 10:55:00,31.16,31.16,31.13,31.135,2866
2026-03-31 11:00:00,31.135,31.16,31.12,31.135,6608
2026-03-31 11:05:00,31.11,31.165,31.11,31.165,15887
2026-03-31 11:10:00,31.165,31.165,31.14,31.14,941
2026-03-31 11:15:00,31.13,31.15,31.13,31.13,4034
2026-03-31 11:20:00,31.13,31.16,31.13,31.135,4953
2026-03-31 11:25:00,31.12,31.12,31.105,31.105,20500
2026-03-31 11:30:00,31.1128,31.1299,31.11,31.115,11702
2026-03-31 11:35:00,31.115,31.115,31.08,31.099,8473
2026-03-31 11:40:00,31.0993,31.1,31.0701,31.1,3488
2026-03-31 11:45:00,31.1112,31.1273,31.105,31.105,3002
2026-03-31 11:50:00,31.105,31.105,31.0821,31.09,2226
2026-03-31 11:55:00,31.075,31.075,31.075,31.075,877
2026-03-31 12:00:00,31.075,31.14,31.075,31.105,20768
2026-03-31 12:05:00,31.1231,31.145,31.0901,31.12,8006
2026-03-31 12:10:00,31.12,31.12,31.12,31.12,2359
2026-03-31 12:15:00,31.1495,31.15,31.09,31.12,10054
2026-03-31 12:20:00,31.09,31.15,31.09,31.145,7733
2026-03-31 12:25:00,31.15,31.16,31.1401,31.16,31407
2026-03-31 12:30:00,31.16,31.175,31.16,31.175,3259
2026-03-31 12:35:00,31.175,31.185,31.09,31.09,1472
2026-03-31 12:40:00,31.02,31.02,30.88,30.88,17119
2026-03-31 12:45:00,30.895,30.9903,30.895,30.95,2223
2026-03-31 12:50:00,30.9,30.94,30.82,30.895,9208
2026-03-31 12:55:00,30.895,30.95,30.8601,30.915,2490
2026-03-31 13:00:00,30.92,30.925,30.83,30.83,1490
2026-03-31 13:05:00,30.86,30.95,30.86,30.92,12782
2026-03-31 13:10:00,30.92,30.92,30.91,30.91,211
2026-03-31 13:15:00,30.8868,30.9,30.84,30.85,313290
2026-03-31 13:20:00,30.8892,30.89,30.87,30.87,2409
2026-03-31 13:25:00,30.89,30.9138,30.868,30.9138,1280
2026-03-31 13:30:00,30.96,30.96,30.9,30.9,2433
2026-03-31 13:35:00,30.8701,30.95,30.8701,30.93,11018
2026-03-31 13:40:00,30.9699,30.985,30.9688,30.985,5825
2026-03-31 13:45:00,31.0081,31.01,30.9637,31.0099,2558
2026-03-31 13:50:00,30.9851,30.9851,30.9603,30.985,3392
2026-03-31 13:55:00,30.985,30.985,30.985,30.985,4905
2026-03-31 14:00:00,30.96,30.96,30.93,30.93,777
2026-03-31 14:05:00,30.91,30.922,30.89,30.922,4131
2026-03-31 14:10:00,30.91,30.9488,30.91,30.94,21044
2026-03-31 14:15:00,30.94,30.94,30.9,30.9,14477
2026-03-31 14:20:00,30.9,30.92,30.88,30.92,10577
2026-03-31 14:25:00,30.925,30.9699,30.86,30.86,8587
2026-03-31 14:30:00,30.86,30.87,30.86,30.87,1126
2026-03-31 14:35:00,30.875,30.92,30.875,30.875,1943
2026-03-31 14:40:00,30.875,30.95,30.875,30.935,5899
2026-03-31 14:45:00,30.9375,30.9375,30.935,30.935,3566
2026-03-31 14:50:00,30.94,30.94,30.935,30.935,6380
2026-03-31 14:55:00,30.935,30.935,30.91,30.935,3010
2026-03-31 15:00:00,30.935,30.96,30.9101,30.935,6436
2026-03-31 15:05:00,30.935,30.935,30.935,30.935,6803
2026-03-31 15:10:00,30.935,30.9378,30.935,30.935,1046
2026-03-31 15:15:00,30.935,30.96,30.935,30.96,3491
2026-03-31 15:20:00,30.935,30.96,30.9321,30.935,3285
2026-03-31 15:25:00,30.935,30.97,30.935,30.97,19146
2026-03-31 15:30:00,30.97,30.97,30.94,30.958,3659
2026-03-31 15:35:00,30.94,30.96,30.94,30.94,5153
2026-03-31 15:40:00,30.94,30.96,30.935,30.96,3720
2026-03-31 15:45:00,30.9596,30.96,30.9211,30.96,34227
2026-03-31 15:50:00,30.95,30.96,30.94,30.95,21453
2026-03-31 15:55:00,30.95,31.0,30.94,30.99,9354
2026-03-31 16:00:00,31.01,31.01,31.01,31.01,607
2026-04-01 09:25:00,30.81,30.81,30.81,30.81,197
2026-04-01 09:30:00,30.81,30.82,30.68,30.68,8997
2026-04-01 09:35:00,30.6901,30.73,30.6901,30.73,6774
2026-04-01 09:40:00,30.7199,30.7655,30.69,30.745,8321
2026-04-01 09:45:00,30.77,30.77,30.69,30.69,3115
2026-04-01 09:50:00,30.69,30.6999,30.655,30.665,5529
2026-04-01 09:55:00,30.67,30.67,30.66,30.666,5117
2026-04-01 10:00:00,30.6952,30.6952,30.654,30.6599,697
2026-04-01 10:05:00,30.68,30.68,30.665,30.6786,10490
2026-04-01 10:10:00,30.6799,30.684,30.655,30.66,3629
2026-04-01 10:15:00,30.6599,30.68,30.6516,30.67,3550
2026-04-01 10:20:00,30.67,30.69,30.67,30.68,23556
2026-04-01 10:25:00,30.67,30.69,30.65,30.69,4566
2026-04-01 10:30:00,30.69,30.69,30.67,30.69,1675
2026-04-01 10:35:00,30.738,30.738,30.695,30.695,3603
2026-04-01 10:40:00,30.71,30.74,30.71,30.72,2258
2026-04-01 10:45:00,30.72,30.73,30.715,30.725,12875
2026-04-01 10:50:00,30.72,30.735,30.72,30.7294,3149
2026-04-01 10:55:00,30.73,30.74,30.7,30.725,34669
2026-04-01 11:00:00,30.755,30.795,30.755,30.795,1888
2026-04-01 11:05:00,30.795,30.8299,30.795,30.8299,41627
2026-04-01 11:10:00,30.8001,30.809,30.7801,30.809,23738
2026-04-01 11:15:00,30.8097,30.81,30.806,30.81,3145
2026-04-01 11:20:00,30.81,30.85,30.79,30.85,5941
2026-04-01 11:25:00,30.845,30.8638,30.845,30.8638,3118
2026-04-01 11:30:00,30.87,30.89,30.87,30.89,5609
2026-04-01 11:35:00,30.905,30.919,30.89,30.89,8024
2026-04-01 11:40:00,30.888,30.89,30.88,30.89,2031
2026-04-01 11:45:00,30.89,30.8999,30.865,30.899,7735
2026-04-01 11:50:00,30.9,30.9299,30.9,30.9299,1377
2026-04-01 11:55:00,30.9,30.9,30.87,30.87,2500
2026-04-01 12:00:00,30.8794,30.9,30.875,30.88,94406
2026-04-01 12:05:00,30.885,30.92,30.85,30.9199,13509
2026-04-01 12:10:00,30.915,30.96,30.915,30.96,4548
2026-04-01 12:15:00,30.955,30.97,30.94,30.94,5300
2026-04-01 12:20:00,30.92,30.92,30.9,30.9,2332
2026-04-01 12:25:00,30.91,30.91,30.885,30.885,763
2026-04-01 12:30:00,30.88,30.8972,30.8751,30.89,3885
2026-04-01 12:35:00,30.895,30.91,30.895,30.905,1865
2026-04-01 12:40:00,30.905,30.92,30.87,30.87,4743
2026-04-01 12:45:00,30.8698,30.87,30.8698,30.87,1440
2026-04-01 12:50:00,30.87,30.88,30.865,30.87,6221
2026-04-01 12:55:00,30.8718,30.889,30.87,30.889,1921
2026-04-01 13:00:00,30.87,30.87,30.85,30.8697,7299
2026-04-01 13:05:00,30.866,30.866,30.82,30.82,5992
2026-04-01 13:10:00,30.8199,30.82,30.8199,30.82,569
2026-04-01 13:15:00,30.83,30.85,30.83,30.85,4523
2026-04-01 13:20:00,30.845,30.8497,30.83,30.8497,14369
2026-04-01 13:25:00,30.86,30.87,30.85,30.86,4717
2026-04-01 13:30:00,30.86,30.8693,30.84,30.84,6054
2026-04-01 13:35:00,30.79,30.83,30.79,30.8001,19619
2026-04-01 13:40:00,30.815,30.83,30.78,30.78,16873
2026-04-01 13:45:00,30.7999,30.8,30.765,30.7801,14395
2026-04-01 13:50:00,30.795,30.795,30.76,30.77,18070
2026-04-01 13:55:00,30.76,30.79,30.76,30.78,62742
2026-04-01 14:00:00,30.79,30.8399,30.78,30.81,10157
2026-04-01 14:05:00,30.81,30.83,30.76,30.82,44701
2026-04-01 14:10:00,30.815,30.815,30.79,30.8,11441
2026-04-01 14:15:00,30.81,30.86,30.81,30.86,2360
2026-04-01 14:20:00,30.86,30.88,30.8,30.88,56319
2026-04-01 14:25:00,30.845,30.855,30.84,30.84,2410
2026-04-01 14:30:00,30.8438,30.8585,30.8438,30.855,1696
2026-04-01 14:35:00,30.865,30.865,30.81,30.81,142441
2026-04-01 14:40:00,30.83,30.86,30.81,30.83,3236
2026-04-01 14:45:00,30.82,30.84,30.82,30.825,2512
2026-04-01 14:50:00,30.825,30.89,30.825,30.8509,5616
2026-04-01 14:55:00,30.8651,30.87,30.86,30.86,3075
2026-04-01 15:00:00,30.8383,30.85,30.8141,30.84,6808
2026-04-01 15:05:00,30.8432,30.87,30.837,30.84,15507
2026-04-01 15:10:00,30.83,30.86,30.83,30.86,120583
2026-04-01 15:15:00,30.845,30.8551,30.84,30.84,2632
2026-04-01 15:20:00,30.84,30.85,30.84,30.84,6547
2026-04-01 15:25:00,30.86,30.86,30.86,30.86,900
2026-04-01 15:30:00,30.8534,30.8534,30.835,30.835,2591
2026-04-01 15:35:00,30.84,30.84,30.7816,30.81,3545
2026-04-01 15:40:00,30.805,30.83,30.805,30.82,3898
2026-04-01 15:45:00,30.83,30.845,30.8,30.82,40591
2026-04-01 15:50:00,30.85,30.86,30.8115,30.85,78682
2026-04-01 15:55:00,30.86,31.06,30.82,30.87,570854
2026-04-01 16:00:00,30.9,31.08,30.9,30.93,256400
2026-04-01 16:10:00,30.99,30.99,30.99,30.99,510588
2026-04-02 04:10:00,31.1,31.1,31.1,31.1,100
2026-04-02 04:15:00,31.4,31.4,31.4,31.4,150
2026-04-02 07:10:00,31.82,31.82,31.82,31.82,100
2026-04-02 09:30:00,31.32,31.36,31.29,31.29,32583
2026-04-02 09:35:00,31.2785,31.3194,31.2785,31.3056,5016
2026-04-02 09:40:00,31.3,31.34,31.295,31.32,20586
2026-04-02 09:45:00,31.315,31.34,31.2701,31.34,13338
2026-04-02 09:50:00,31.37,31.38,31.2859,31.325,71578
2026-04-02 09:55:00,31.369,31.38,31.325,31.325,3128
2026-04-02 10:00:00,31.2987,31.34,31.2987,31.34,2775
2026-04-02 10:05:00,31.35,31.35,31.32,31.332,3133
2026-04-02 10:10:00,31.32,31.36,31.32,31.36,21832
2026-04-02 10:15:00,31.34,31.3599,31.3296,31.3399,8111
2026-04-02 10:20:00,31.3111,31.335,31.295,31.3217,10571
2026-04-02 10:25:00,31.31,31.31,31.29,31.3,4545
2026-04-02 10:30:00,31.31,31.31,31.27,31.29,78531
2026-04-02 10:35:00,31.3099,31.3099,31.1,31.21,29416
2026-04-02 10:40:00,31.2216,31.2216,31.2216,31.2216,400
2026-04-02 10:45:00,31.21,31.2499,31.21,31.235,3140
2026-04-02 10:50:00,31.23,31.23,31.2,31.225,3119
2026-04-02 10:55:00,31.22,31.22,31.14,31.145,3688
2026-04-02 11:00:00,31.16,31.16,31.05,31.06,46663
2026-04-02 11:05:00,31.09,31.1199,31.04,31.06,52717
2026-04-02 11:10:00,31.07,31.1,31.05,31.05,53550
2026-04-02 11:15:00,31.03,31.11,31.02,31.08,59402
2026-04-02 11:20:00,31.095,31.14,31.08,31.11,58576
2026-04-02 11:25:00,31.11,31.14,31.07,31.075,28674
2026-04-02 11:30:00,31.1,31.1,31.075,31.095,13569
2026-04-02 11:35:00,31.08,31.11,31.065,31.08,15109
2026-04-02 11:40:00,31.08,31.13,31.08,31.1,18941
2026-04-02 11:45:00,31.115,31.14,31.1,31.12,12713
2026-04-02 11:50:00,31.13,31.14,31.1,31.12,35832
2026-04-02 11:55:00,31.1,31.12,31.08,31.09,12889
2026-04-02 12:00:00,31.08,31.08,31.04,31.07,24087
2026-04-02 12:05:00,31.07,31.11,31.05,31.085,78240
2026-04-02 12:10:00,31.09,31.1,31.06,31.08,16670
2026-04-02 12:15:00,31.09,31.11,31.06,31.08,15808
2026-04-02 12:20:00,31.07,31.11,31.06,31.07,19907
2026-04-02 12:25:00,31.075,31.0893,31.04,31.05,17835
2026-04-02 12:30:00,31.04,31.085,31.04,31.07,17362
2026-04-02 12:35:00,31.07,31.08,31.04,31.05,16166
2026-04-02 12:40:00,31.06,31.1099,31.03,31.0699,22654
2026-04-02 12:45:00,31.05,31.06,31.02,31.03,13447
2026-04-02 12:50:00,31.03,31.0799,31.01,31.01,17766
2026-04-02 12:55:00,31.026,31.055,31.01,31.04,16236
2026-04-02 13:00:00,31.05,31.07,31.05,31.07,20360
2026-04-02 13:05:00,31.075,31.0999,31.03,31.07,12631
2026-04-02 13:10:00,31.07,31.09,31.06,31.06,12556
2026-04-02 13:15:00,31.06,31.09,31.06,31.09,21212
2026-04-02 13:20:00,31.08,31.1,31.08,31.1,2745
2026-04-02 13:25:00,31.09,31.1072,31.08,31.105,8199
2026-04-02 13:30:00,31.105,31.13,31.09,31.13,11665
2026-04-02 13:35:00,31.14,31.17,31.13,31.14,6565
2026-04-02 13:40:00,31.14,31.16,31.14,31.16,11863
2026-04-02 13:45:00,31.16,31.195,31.16,31.195,3828
2026-04-02 13:50:00,31.195,31.21,31.18,31.18,23702
2026-04-02 13:55:00,31.18,31.22,31.17,31.17,15571
2026-04-02 14:00:00,31.18,31.18,31.16,31.165,3493
2026-04-02 14:05:00,31.17,31.18,31.15,31.18,2471
2026-04-02 14:10:00,31.16,31.17,31.15,31.15,2876
2026-04-02 14:15:00,31.14,31.16,31.13,31.15,5500
2026-04-02 14:20:00,31.155,31.165,31.13,31.1552,138718
2026-04-02 14:25:00,31.18,31.18,31.15,31.15,3598
2026-04-02 14:30:00,31.17,31.17,31.15,31.15,1294
2026-04-02 14:35:00,31.15,31.18,31.14,31.17,16936
2026-04-02 14:40:00,31.17,31.17,31.1408,31.165,22522
2026-04-02 14:45:00,31.17,31.18,31.14,31.18,17618
2026-04-02 14:50:00,31.18,31.18,31.17,31.1765,13739
2026-04-02 14:55:00,31.18,31.18,31.16,31.175,32039
2026-04-02 15:00:00,31.175,31.18,31.151,31.175,18444
2026-04-02 15:05:00,31.18,31.2,31.18,31.2,24892
2026-04-02 15:10:00,31.19,31.2,31.1801,31.1801,12224
2026-04-02 15:15:00,31.2,31.22,31.2,31.215,25033
2026-04-02 15:20:00,31.215,31.235,31.1719,31.235,26109
2026-04-02 15:25:00,31.235,31.27,31.2,31.25,12868
2026-04-02 15:30:00,31.25,31.27,31.2201,31.2201,21568
2026-04-02 15:35:00,31.25,31.25,31.23,31.24,30986
2026-04-02 15:40:00,31.24,31.26,31.24,31.26,20045
2026-04-02 15:45:00,31.24,31.28,31.24,31.265,112840
2026-04-02 15:50:00,31.265,31.29,31.26,31.28,31671
2026-04-02 15:55:00,31.285,31.29,31.22,31.22,63295
2026-04-02 16:00:00,31.27,31.27,31.27,31.27,2712
