2026-03-04 09:30:00,26.03,26.03,26.03,26.03,1369
2026-03-04 09:35:00,26.0197,26.0197,26.0197,26.0197,175
2026-03-04 09:55:00,26.025,26.025,26.025,26.025,500
2026-03-04 10:00:00,26.01,26.01,26.01,26.01,372
2026-03-04 10:10:00,26.005,26.007,26.0001,26.007,3685
2026-03-04 10:15:00,25.995,25.995,25.995,25.995,400
2026-03-04 10:20:00,25.995,25.995,25.995,25.995,100
2026-03-04 10:35:00,26.0,26.0,26.0,26.0,200
2026-03-04 10:50:00,26.005,26.005,26.005,26.005,332
2026-03-04 11:00:00,26.01,26.01,26.01,26.01,590
2026-03-04 11:15:00,26.015,26.02,26.015,26.02,200
2026-03-04 11:20:00,26.03,26.03,26.03,26.03,3900
2026-03-04 11:35:00,26.025,26.025,26.025,26.025,638
2026-03-04 11:40:00,26.0266,26.0266,26.025,26.025,4452
2026-03-04 12:00:00,26.0253,26.0253,26.0253,26.0253,112
2026-03-04 12:05:00,26.03,26.03,26.03,26.03,100
2026-03-04 12:55:00,26.03,26.03,26.03,26.03,100
2026-03-04 13:15:00,26.0199,26.0199,26.0199,26.0199,529
2026-03-04 13:35:00,26.0035,26.0035,26.0035,26.0035,100
2026-03-04 13:45:00,26.0086,26.0086,26.0086,26.0086,100
2026-03-04 13:50:00,26.0,26.005,26.0,26.005,2890
2026-03-04 13:55:00,26.01,26.01,26.01,26.01,305
2026-03-04 14:15:00,26.01,26.02,26.005,26.005,70670
2026-03-04 14:35:00,26.01,26.01,26.01,26.01,200
2026-03-04 14:50:00,26.0067,26.0067,26.0067,26.0067,911
2026-03-04 15:00:00,26.0,26.0,26.0,26.0,328
2026-03-04 15:10:00,26.0,26.0,26.0,26.0,131
2026-03-04 15:15:00,26.0069,26.0069,26.0069,26.0069,3551
2026-03-04 15:30:00,25.995,26.0,25.995,25.995,4834
2026-03-04 15:35:00,25.995,25.995,25.995,25.995,1639
2026-03-04 15:40:00,25.99,25.99,25.99,25.99,1116
2026-03-04 15:50:00,25.99,25.995,25.99,25.995,779
2026-03-05 09:30:00,25.9,25.9,25.9,25.9,3580
2026-03-05 09:50:00,25.88,25.88,25.88,25.88,100
2026-03-05 09:55:00,25.885,25.89,25.885,25.89,1300
2026-03-05 10:15:00,25.9297,25.9297,25.92,25.92,364
2026-03-05 10:50:00,25.91,25.91,25.91,25.91,400
2026-03-05 11:15:00,25.89,25.89,25.89,25.89,100
2026-03-05 11:25:00,25.8867,25.8867,25.88,25.88,733
2026-03-05 11:30:00,25.88,25.88,25.88,25.88,200
2026-03-05 12:05:00,25.9,25.9,25.9,25.9,100
2026-03-05 12:20:00,25.895,25.895,25.891,25.891,641
2026-03-05 13:45:00,25.895,25.895,25.891,25.895,1000
2026-03-05 14:00:00,25.9,25.9,25.9,25.9,100
2026-03-05 14:30:00,25.905,25.905,25.9,25.9,3002
2026-03-05 14:35:00,25.8966,25.8966,25.89,25.89,5093
2026-03-05 14:40:00,25.885,25.889,25.885,25.885,6572
2026-03-05 14:45:00,25.885,25.885,25.885,25.885,1603
2026-03-05 14:55:00,25.8832,25.8867,25.8832,25.8867,3144
2026-03-05 15:00:00,25.8868,25.8868,25.8868,25.8868,262
2026-03-05 15:05:00,25.895,25.895,25.895,25.895,100
2026-03-05 15:10:00,25.9069,25.9069,25.905,25.905,3146
2026-03-05 15:35:00,25.915,25.915,25.915,25.915,1336
2026-03-05 15:55:00,25.915,25.915,25.915,25.915,294
2026-03-06 09:35:00,25.83,25.83,25.83,25.83,400
2026-03-06 09:40:00,25.835,25.835,25.835,25.835,100
2026-03-06 09:50:00,25.855,25.855,25.855,25.855,339
2026-03-06 10:05:00,25.84,25.845,25.84,25.845,222
2026-03-06 10:10:00,25.85,25.85,25.85,25.85,198
2026-03-06 10:30:00,25.87,25.87,25.87,25.87,100
2026-03-06 10:40:00,25.89,25.89,25.89,25.89,197
2026-03-06 11:40:00,25.9,25.9,25.9,25.9,300
2026-03-06 14:20:00,25.955,25.9599,25.9501,25.9501,1129
2026-03-06 14:25:00,25.955,25.955,25.955,25.955,100
2026-03-06 14:50:00,25.945,25.945,25.945,25.945,258
2026-03-06 14:55:00,25.94,25.94,25.9388,25.9388,3847
2026-03-06 15:00:00,25.9114,25.9114,25.9114,25.9114,181
2026-03-06 15:05:00,25.905,25.905,25.905,25.905,2561
2026-03-06 15:20:00,25.91,25.91,25.91,25.91,100
2026-03-06 15:25:00,25.9067,25.9097,25.9067,25.9097,1519
2026-03-06 15:30:00,25.905,25.905,25.9001,25.905,10426
2026-03-06 15:40:00,25.905,25.905,25.905,25.905,216
2026-03-06 15:45:00,25.9099,25.91,25.905,25.905,2219
2026-03-06 15:55:00,25.9,25.9,25.895,25.895,260
2026-03-06 16:00:00,25.9,25.9,25.9,25.9,100
2026-03-09 09:35:00,25.8802,25.89,25.8802,25.89,4199
2026-03-09 09:40:00,25.88,25.88,25.88,25.88,239
2026-03-09 09:55:00,25.87,25.87,25.87,25.87,200
2026-03-09 10:05:00,25.87,25.87,25.85,25.85,6100
2026-03-09 10:25:00,25.8701,25.8701,25.8701,25.8701,1128
2026-03-09 10:30:00,25.8787,25.8787,25.8787,25.8787,1143
2026-03-09 10:35:00,25.87,25.875,25.87,25.875,300
2026-03-09 10:45:00,25.8768,25.8768,25.8768,25.8768,231
2026-03-09 10:50:00,25.87,25.87,25.87,25.87,100
2026-03-09 10:55:00,25.87,25.87,25.87,25.87,2102
2026-03-09 11:20:00,25.91,25.91,25.91,25.91,100
2026-03-09 11:40:00,25.91,25.915,25.91,25.915,369
2026-03-09 11:50:00,25.9168,25.92,25.9168,25.92,582
2026-03-09 12:00:00,25.92,25.92,25.92,25.92,192
2026-03-09 12:20:00,25.92,25.92,25.92,25.92,100
2026-03-09 12:55:00,25.9275,25.9275,25.9275,25.9275,134
2026-03-09 13:20:00,25.93,25.93,25.93,25.93,100
2026-03-09 14:15:00,25.93,25.93,25.93,25.93,100
2026-03-09 14:35:00,25.9159,25.9159,25.9159,25.9159,114
2026-03-09 14:45:00,25.92,25.92,25.92,25.92,100
2026-03-09 15:10:00,25.9085,25.91,25.9085,25.91,3865
2026-03-09 15:15:00,25.92,25.92,25.92,25.92,2800
2026-03-09 15:25:00,25.955,25.96,25.95,25.9574,10096
2026-03-09 15:30:00,25.95,25.95,25.95,25.95,1200
2026-03-09 15:35:00,25.96,25.96,25.96,25.96,400
2026-03-09 15:40:00,25.98,25.98,25.98,25.98,100
2026-03-09 15:50:00,25.98,25.98,25.98,25.98,200
2026-03-09 15:55:00,25.975,25.98,25.975,25.98,3922
2026-03-10 09:30:00,25.96,25.96,25.95,25.95,7487
2026-03-10 09:45:00,25.95,25.95,25.95,25.95,1374
2026-03-10 09:50:00,25.94,25.94,25.94,25.94,3416
2026-03-10 09:55:00,25.95,25.95,25.95,25.95,400
2026-03-10 10:00:00,25.9415,25.9415,25.9415,25.9415,532
2026-03-10 10:05:00,25.945,25.95,25.94,25.94,2725
2026-03-10 10:10:00,25.945,25.945,25.945,25.945,100
2026-03-10 10:15:00,25.94,25.94,25.94,25.94,500
2026-03-10 10:25:00,25.9485,25.9485,25.9485,25.9485,2367
2026-03-10 10:30:00,25.96,25.96,25.96,25.96,100
2026-03-10 10:50:00,25.96,25.96,25.96,25.96,100
2026-03-10 10:55:00,25.95,25.95,25.95,25.95,200
2026-03-10 11:05:00,25.97,25.97,25.97,25.97,100
2026-03-10 11:40:00,25.9767,25.9767,25.9767,25.9767,1350
2026-03-10 11:45:00,25.98,25.98,25.98,25.98,100
2026-03-10 12:10:00,25.96,25.96,25.955,25.955,2217
2026-03-10 12:15:00,25.96,25.96,25.955,25.955,1748
2026-03-10 12:30:00,25.96,25.96,25.96,25.96,100
2026-03-10 13:05:00,25.96,25.96,25.96,25.96,200
2026-03-10 13:25:00,25.96,25.96,25.96,25.96,100
2026-03-10 13:40:00,25.9384,25.9384,25.935,25.935,2990
2026-03-10 13:45:00,25.935,25.935,25.935,25.935,201
2026-03-10 13:50:00,25.94,25.94,25.94,25.94,100
2026-03-10 14:00:00,25.9386,25.9386,25.9386,25.9386,200
2026-03-10 14:05:00,25.93,25.93,25.93,25.93,100
2026-03-10 14:10:00,25.9273,25.93,25.9273,25.93,225
2026-03-10 14:25:00,25.92,25.92,25.92,25.92,100
2026-03-10 14:30:00,25.92,25.92,25.92,25.92,100
2026-03-10 14:35:00,25.92,25.92,25.92,25.92,300
2026-03-10 14:45:00,25.915,25.92,25.915,25.92,200
2026-03-10 15:00:00,25.915,25.92,25.915,25.92,6975
2026-03-10 15:25:00,25.905,25.905,25.905,25.905,2521
2026-03-10 15:30:00,25.9066,25.9066,25.9015,25.9066,3068
2026-03-10 15:35:00,25.9,25.9,25.9,25.9,100
2026-03-10 15:40:00,25.89,25.89,25.89,25.89,100
2026-03-10 15:55:00,25.8886,25.8886,25.885,25.885,330
2026-03-11 09:30:00,25.84,25.84,25.84,25.84,1171
2026-03-11 09:40:00,25.84,25.84,25.8282,25.8282,1641
2026-03-11 09:50:00,25.83,25.83,25.83,25.83,2600
2026-03-11 10:00:00,25.85,25.85,25.85,25.85,400
2026-03-11 10:05:00,25.8399,25.84,25.83,25.83,3355
2026-03-11 10:10:00,25.83,25.83,25.83,25.83,100
2026-03-11 10:20:00,25.8281,25.8331,25.8259,25.8331,1181
2026-03-11 10:25:00,25.825,25.825,25.825,25.825,500
2026-03-11 10:30:00,25.83,25.83,25.83,25.83,100
2026-03-11 10:50:00,25.82,25.82,25.82,25.82,100
2026-03-11 11:05:00,25.8172,25.8172,25.8172,25.8172,184
2026-03-11 11:10:00,25.815,25.815,25.811,25.811,484
2026-03-11 11:20:00,25.815,25.815,25.81,25.81,257
2026-03-11 11:25:00,25.805,25.805,25.8045,25.8045,277
2026-03-11 11:30:00,25.8097,25.8097,25.8097,25.8097,167
2026-03-11 11:35:00,25.805,25.8068,25.805,25.8068,300
2026-03-11 11:40:00,25.8,25.8,25.8,25.8,100
2026-03-11 11:45:00,25.79,25.79,25.78,25.78,200
2026-03-11 11:55:00,25.79,25.79,25.79,25.79,100
2026-03-11 12:10:00,25.7855,25.7855,25.7855,25.7855,193
2026-03-11 12:20:00,25.79,25.79,25.79,25.79,100
2026-03-11 12:25:00,25.79,25.79,25.785,25.785,449
2026-03-11 12:35:00,25.8,25.8,25.8,25.8,100
2026-03-11 13:00:00,25.79,25.79,25.79,25.79,100
2026-03-11 13:10:00,25.79,25.79,25.79,25.79,100
2026-03-11 13:25:00,25.785,25.785,25.785,25.785,100
2026-03-11 13:50:00,25.7901,25.7901,25.7901,25.7901,432
2026-03-11 13:55:00,25.7901,25.7901,25.7901,25.7901,127
2026-03-11 14:00:00,25.795,25.7977,25.795,25.7977,1619
2026-03-11 14:05:00,25.805,25.805,25.805,25.805,310
2026-03-11 14:10:00,25.81,25.81,25.81,25.81,100
2026-03-11 14:35:00,25.8019,25.8019,25.8019,25.8019,391
2026-03-11 14:50:00,25.8068,25.81,25.805,25.81,2862
2026-03-11 15:00:00,25.795,25.795,25.795,25.795,110
2026-03-11 15:10:00,25.8,25.8,25.795,25.795,400
2026-03-11 15:15:00,25.795,25.8,25.7924,25.7988,4744
2026-03-11 15:20:00,25.8,25.8,25.7975,25.7983,1081
2026-03-11 15:25:00,25.8,25.8,25.8,25.8,100
2026-03-11 15:30:00,25.795,25.8,25.795,25.8,3042
2026-03-11 15:35:00,25.795,25.8,25.795,25.795,11762
2026-03-11 15:45:00,25.795,25.7973,25.79,25.79,3639
2026-03-11 15:50:00,25.785,25.79,25.78,25.78,9955
2026-03-11 15:55:00,25.78,25.785,25.78,25.78,13145
2026-03-12 07:35:00,25.78,25.78,25.78,25.78,525
2026-03-12 09:30:00,25.74,25.74,25.74,25.74,2255
2026-03-12 09:50:00,25.745,25.745,25.745,25.745,100
2026-03-12 09:55:00,25.745,25.745,25.745,25.745,300
2026-03-12 10:35:00,25.74,25.74,25.74,25.74,700
2026-03-12 10:40:00,25.74,25.74,25.74,25.74,154
2026-03-12 10:45:00,25.75,25.75,25.75,25.75,290
2026-03-12 10:50:00,25.745,25.745,25.745,25.745,1302
2026-03-12 10:55:00,25.755,25.755,25.755,25.755,1264
2026-03-12 11:00:00,25.74,25.74,25.73,25.73,559
2026-03-12 11:20:00,25.72,25.72,25.72,25.72,1078
2026-03-12 11:35:00,25.7131,25.73,25.7131,25.73,239
2026-03-12 11:50:00,25.73,25.73,25.7299,25.7299,2480
2026-03-12 12:35:00,25.725,25.725,25.725,25.725,5500
2026-03-12 12:40:00,25.73,25.7395,25.7275,25.735,21150
2026-03-12 12:45:00,25.7372,25.7372,25.7372,25.7372,265
2026-03-12 13:05:00,25.735,25.735,25.735,25.735,100
2026-03-12 13:25:00,25.74,25.74,25.74,25.74,410
2026-03-12 13:35:00,25.735,25.735,25.735,25.735,100
2026-03-12 13:45:00,25.73,25.73,25.73,25.73,100
2026-03-12 14:40:00,25.7071,25.7071,25.7071,25.7071,600
2026-03-12 14:50:00,25.705,25.705,25.7,25.7,1196
2026-03-12 14:55:00,25.7,25.7,25.68,25.68,305
2026-03-12 15:00:00,25.6771,25.6771,25.6771,25.6771,688
2026-03-12 15:25:00,25.6701,25.6701,25.6701,25.6701,194
2026-03-12 15:35:00,25.695,25.695,25.6901,25.6901,260
2026-03-12 15:55:00,25.6995,25.7,25.695,25.7,2814
2026-03-13 10:15:00,25.735,25.735,25.735,25.735,125
2026-03-13 10:20:00,25.745,25.745,25.74,25.74,314
2026-03-13 10:30:00,25.73,25.73,25.73,25.73,400
2026-03-13 10:45:00,25.72,25.72,25.72,25.72,100
2026-03-13 10:50:00,25.72,25.72,25.72,25.72,100
2026-03-13 11:00:00,25.7,25.7,25.7,25.7,1900
2026-03-13 11:30:00,25.69,25.69,25.69,25.69,39900
2026-03-13 11:45:00,25.6671,25.6671,25.6671,25.6671,102
2026-03-13 11:55:00,25.6622,25.6622,25.6622,25.6622,200
2026-03-13 12:00:00,25.6668,25.6668,25.6668,25.6668,110
2026-03-13 12:05:00,25.6666,25.6666,25.6666,25.6666,519
2026-03-13 12:30:00,25.6769,25.6769,25.6769,25.6769,160
2026-03-13 12:40:00,25.67,25.67,25.67,25.67,100
2026-03-13 13:15:00,25.6667,25.6667,25.6667,25.6667,142
2026-03-13 13:50:00,25.675,25.675,25.675,25.675,100
2026-03-13 14:10:00,25.665,25.665,25.665,25.665,1400
2026-03-13 14:25:00,25.665,25.665,25.665,25.665,1300
2026-03-13 14:40:00,25.6629,25.67,25.6629,25.67,3106
2026-03-13 14:45:00,25.675,25.675,25.675,25.675,400
2026-03-13 14:50:00,25.675,25.675,25.675,25.675,2866
2026-03-13 14:55:00,25.675,25.675,25.675,25.675,200
2026-03-13 15:35:00,25.6773,25.6773,25.675,25.6769,4321
2026-03-13 15:40:00,25.68,25.68,25.68,25.68,100
2026-03-13 15:45:00,25.675,25.675,25.675,25.675,600
2026-03-13 15:50:00,25.675,25.675,25.675,25.675,609
2026-03-13 15:55:00,25.675,25.675,25.675,25.675,1022
2026-03-16 09:30:00,25.76,25.7619,25.76,25.7619,1051
2026-03-16 09:35:00,25.77,25.78,25.77,25.78,200
2026-03-16 09:50:00,25.785,25.785,25.785,25.785,240
2026-03-16 10:10:00,25.7872,25.7872,25.7872,25.7872,196
2026-03-16 10:30:00,25.785,25.785,25.785,25.785,100
2026-03-16 10:35:00,25.78,25.78,25.77,25.77,649
2026-03-16 11:30:00,25.77,25.77,25.77,25.77,100
2026-03-16 11:45:00,25.7719,25.7719,25.7719,25.7719,137
2026-03-16 11:50:00,25.77,25.77,25.77,25.77,100
2026-03-16 11:55:00,25.76,25.76,25.76,25.76,100
2026-03-16 12:15:00,25.76,25.76,25.76,25.76,500
2026-03-16 12:20:00,25.76,25.76,25.76,25.76,100
2026-03-16 12:40:00,25.76,25.76,25.76,25.76,100
2026-03-16 14:05:00,25.775,25.775,25.775,25.775,177
2026-03-16 14:15:00,25.7765,25.7765,25.7765,25.7765,326
2026-03-16 14:20:00,25.78,25.78,25.78,25.78,100
2026-03-16 14:55:00,25.79,25.79,25.79,25.79,100
2026-03-16 15:00:00,25.795,25.795,25.79,25.795,2656
2026-03-16 15:15:00,25.785,25.785,25.785,25.785,100
2026-03-16 15:20:00,25.7831,25.7831,25.7831,25.7831,207
2026-03-16 15:25:00,25.785,25.7873,25.785,25.785,1928
2026-03-16 15:35:00,25.7855,25.7855,25.7855,25.7855,160
2026-03-16 15:40:00,25.785,25.785,25.785,25.785,100
2026-03-16 15:45:00,25.785,25.785,25.78,25.78,832
2026-03-16 15:55:00,25.78,25.78,25.78,25.78,749
2026-03-17 09:50:00,25.8272,25.8272,25.8272,25.8272,150
2026-03-17 10:15:00,25.835,25.835,25.835,25.835,270
2026-03-17 10:25:00,25.835,25.8381,25.835,25.8381,1014
2026-03-17 10:30:00,25.84,25.84,25.84,25.84,100
2026-03-17 10:35:00,25.835,25.835,25.835,25.835,233
2026-03-17 10:50:00,25.845,25.845,25.845,25.845,100
2026-03-17 10:55:00,25.845,25.845,25.845,25.845,355
2026-03-17 11:10:00,25.8471,25.8471,25.8471,25.8471,120
2026-03-17 11:15:00,25.845,25.845,25.845,25.845,100
2026-03-17 11:30:00,25.845,25.845,25.835,25.835,2233
2026-03-17 11:35:00,25.8373,25.8373,25.8373,25.8373,303
2026-03-17 11:45:00,25.835,25.835,25.835,25.835,100
2026-03-17 11:50:00,25.835,25.835,25.835,25.835,100
2026-03-17 12:05:00,25.83,25.83,25.83,25.83,200
2026-03-17 12:10:00,25.835,25.835,25.835,25.835,286
2026-03-17 12:15:00,25.84,25.84,25.84,25.84,100
2026-03-17 12:25:00,25.845,25.8499,25.845,25.8499,773
2026-03-17 12:35:00,25.845,25.845,25.845,25.845,100
2026-03-17 12:40:00,25.84,25.84,25.84,25.84,300
2026-03-17 12:55:00,25.835,25.84,25.835,25.84,1507
2026-03-17 13:15:00,25.84,25.84,25.84,25.84,200
2026-03-17 13:40:00,25.84,25.84,25.84,25.84,300
2026-03-17 13:45:00,25.8398,25.8398,25.8398,25.8398,103
2026-03-17 14:20:00,25.83,25.83,25.83,25.83,200
2026-03-17 14:30:00,25.83,25.83,25.83,25.83,100
2026-03-17 14:45:00,25.8266,25.8266,25.8266,25.8266,718
2026-03-17 15:05:00,25.8272,25.8272,25.8217,25.8217,1126
2026-03-17 15:15:00,25.8201,25.825,25.8201,25.825,510
2026-03-17 15:20:00,25.835,25.835,25.835,25.835,100
2026-03-17 15:30:00,25.835,25.835,25.835,25.835,100
2026-03-17 15:45:00,25.8369,25.8369,25.835,25.835,299
2026-03-17 15:55:00,25.835,25.835,25.835,25.835,1894
2026-03-18 09:55:00,25.79,25.79,25.79,25.79,100
2026-03-18 10:05:00,25.8,25.8,25.8,25.8,145
2026-03-18 10:10:00,25.79,25.79,25.79,25.79,763
2026-03-18 10:25:00,25.78,25.78,25.78,25.78,480
2026-03-18 10:40:00,25.77,25.77,25.7618,25.7618,215
2026-03-18 11:05:00,25.787,25.787,25.787,25.787,515
2026-03-18 11:15:00,25.785,25.785,25.785,25.785,734
2026-03-18 11:55:00,25.785,25.785,25.785,25.785,849
2026-03-18 12:00:00,25.78,25.78,25.78,25.78,200
2026-03-18 12:15:00,25.775,25.775,25.775,25.775,225
2026-03-18 12:20:00,25.7866,25.7866,25.7866,25.7866,100
2026-03-18 12:40:00,25.78,25.78,25.78,25.78,100
2026-03-18 13:10:00,25.77,25.77,25.77,25.77,100
2026-03-18 14:15:00,25.8,25.8,25.8,25.8,200
2026-03-18 14:25:00,25.795,25.805,25.795,25.805,4911
2026-03-18 14:30:00,25.805,25.805,25.79,25.79,7080
2026-03-18 14:35:00,25.78,25.78,25.775,25.775,6542
2026-03-18 14:55:00,25.73,25.73,25.725,25.725,400
2026-03-18 15:00:00,25.73,25.73,25.73,25.73,1800
2026-03-18 15:05:00,25.7281,25.7281,25.7281,25.7281,1010
2026-03-18 15:15:00,25.73,25.73,25.73,25.73,200
2026-03-18 15:35:00,25.725,25.725,25.725,25.725,4544
2026-03-18 15:40:00,25.72,25.72,25.72,25.72,100
2026-03-18 15:50:00,25.715,25.715,25.715,25.715,300
2026-03-18 15:55:00,25.71,25.71,25.705,25.705,200
2026-03-19 09:50:00,25.66,25.67,25.66,25.67,2648
2026-03-19 09:55:00,25.675,25.675,25.675,25.675,100
2026-03-19 10:00:00,25.69,25.69,25.69,25.69,1200
2026-03-19 10:05:00,25.685,25.69,25.685,25.69,2808
2026-03-19 10:10:00,25.7,25.705,25.7,25.705,3163
2026-03-19 10:15:00,25.6981,25.6981,25.68,25.68,766
2026-03-19 10:30:00,25.675,25.68,25.675,25.68,386
2026-03-19 10:50:00,25.6871,25.6871,25.6871,25.6871,187
2026-03-19 11:00:00,25.68,25.68,25.6799,25.6799,1078
2026-03-19 11:15:00,25.69,25.69,25.69,25.69,1670
2026-03-19 11:20:00,25.69,25.69,25.68,25.68,500
2026-03-19 12:10:00,25.68,25.68,25.68,25.68,840
2026-03-19 12:50:00,25.66,25.66,25.66,25.66,151
2026-03-19 13:00:00,25.66,25.66,25.66,25.66,100
2026-03-19 13:30:00,25.66,25.66,25.66,25.66,140
2026-03-19 13:55:00,25.67,25.6745,25.67,25.6745,1035
2026-03-19 14:35:00,25.655,25.655,25.655,25.655,121
2026-03-19 15:00:00,25.66,25.6681,25.66,25.6681,1352
2026-03-19 15:05:00,25.695,25.7119,25.695,25.7119,1031
2026-03-19 15:10:00,25.73,25.73,25.73,25.73,295
2026-03-19 15:35:00,25.715,25.715,25.71,25.71,650
2026-03-19 15:40:00,25.715,25.7171,25.715,25.7169,2447
2026-03-19 15:55:00,25.71,25.71,25.71,25.71,238
2026-03-20 10:45:00,25.4801,25.4801,25.4801,25.4801,156
2026-03-20 10:50:00,25.485,25.485,25.485,25.485,259
2026-03-20 10:55:00,25.48,25.48,25.48,25.48,100
2026-03-20 11:15:00,25.4857,25.4857,25.4857,25.4857,157
2026-03-20 11:35:00,25.475,25.475,25.475,25.475,1000
2026-03-20 11:50:00,25.4903,25.5,25.4903,25.5,375
2026-03-20 11:55:00,25.5,25.5,25.5,25.5,400
2026-03-20 12:00:00,25.51,25.51,25.51,25.51,100
2026-03-20 12:30:00,25.5021,25.5021,25.5,25.5,238
2026-03-20 12:40:00,25.505,25.505,25.505,25.505,429
2026-03-20 12:50:00,25.4897,25.49,25.4897,25.49,206
2026-03-20 12:55:00,25.505,25.505,25.505,25.505,250
2026-03-20 13:15:00,25.5,25.5,25.5,25.5,100
2026-03-20 13:25:00,25.515,25.515,25.515,25.515,500
2026-03-20 13:30:00,25.51,25.51,25.51,25.51,115
2026-03-20 13:35:00,25.5068,25.5069,25.5068,25.5069,1389
2026-03-20 13:50:00,25.495,25.5,25.495,25.4966,1860
2026-03-20 14:00:00,25.5,25.5,25.5,25.5,100
2026-03-20 14:25:00,25.48,25.48,25.48,25.48,100
2026-03-20 14:45:00,25.4876,25.4876,25.4876,25.4876,2184
2026-03-20 14:55:00,25.4719,25.4719,25.4719,25.4719,130
2026-03-20 15:00:00,25.4799,25.48,25.4799,25.48,3556
2026-03-20 15:15:00,25.4799,25.4799,25.4799,25.4799,230
2026-03-20 15:20:00,25.48,25.48,25.475,25.475,3026
2026-03-20 15:30:00,25.48,25.48,25.48,25.48,100
2026-03-20 15:35:00,25.485,25.485,25.485,25.485,194
2026-03-23 09:45:00,25.56,25.56,25.56,25.56,100
2026-03-23 10:10:00,25.54,25.54,25.54,25.54,100
2026-03-23 10:25:00,25.58,25.58,25.58,25.58,100
2026-03-23 10:35:00,25.56,25.56,25.56,25.56,100
2026-03-23 10:50:00,25.56,25.56,25.56,25.56,1700
2026-03-23 10:55:00,25.57,25.57,25.57,25.57,600
2026-03-23 11:00:00,25.58,25.58,25.58,25.58,100
2026-03-23 11:05:00,25.61,25.61,25.61,25.61,100
2026-03-23 11:10:00,25.615,25.615,25.615,25.615,234
2026-03-23 11:20:00,25.6,25.6,25.6,25.6,200
2026-03-23 11:45:00,25.55,25.55,25.55,25.55,100
2026-03-23 11:50:00,25.535,25.535,25.535,25.535,1200
2026-03-23 11:55:00,25.525,25.525,25.525,25.525,2100
2026-03-23 12:00:00,25.52,25.52,25.5131,25.5131,314
2026-03-23 12:15:00,25.51,25.51,25.51,25.51,200
2026-03-23 12:20:00,25.505,25.505,25.505,25.505,152
2026-03-23 12:35:00,25.515,25.515,25.51,25.51,1885
2026-03-23 13:35:00,25.555,25.555,25.555,25.555,110
2026-03-23 13:40:00,25.565,25.565,25.565,25.565,384
2026-03-23 14:15:00,25.57,25.57,25.57,25.57,100
2026-03-23 14:40:00,25.595,25.595,25.595,25.595,300
2026-03-23 15:05:00,25.575,25.585,25.575,25.585,2767
2026-03-23 15:25:00,25.58,25.58,25.58,25.58,500
2026-03-23 15:30:00,25.57,25.57,25.57,25.57,100
2026-03-23 15:35:00,25.5629,25.575,25.5629,25.575,1014
2026-03-23 15:45:00,25.575,25.575,25.575,25.575,392
2026-03-23 15:50:00,25.575,25.575,25.575,25.575,219
2026-03-23 15:55:00,25.57,25.57,25.57,25.57,800
2026-03-24 09:40:00,25.4471,25.4471,25.4471,25.4471,635
2026-03-24 09:45:00,25.44,25.44,25.44,25.44,500
2026-03-24 10:00:00,25.465,25.465,25.465,25.465,719
2026-03-24 10:20:00,25.49,25.49,25.49,25.49,800
2026-03-24 10:25:00,25.475,25.475,25.475,25.475,100
2026-03-24 10:50:00,25.505,25.505,25.505,25.505,1157
2026-03-24 11:00:00,25.49,25.49,25.49,25.49,2713
2026-03-24 11:05:00,25.5071,25.5071,25.5071,25.5071,565
2026-03-24 11:20:00,25.51,25.51,25.5,25.5,200
2026-03-24 11:40:00,25.515,25.515,25.515,25.515,168
2026-03-24 11:55:00,25.505,25.505,25.485,25.485,719
2026-03-24 12:00:00,25.48,25.48,25.475,25.475,954
2026-03-24 12:50:00,25.5,25.5,25.5,25.5,233
2026-03-24 12:55:00,25.4801,25.4801,25.4801,25.4801,101
2026-03-24 13:00:00,25.47,25.47,25.47,25.47,100
2026-03-24 13:05:00,25.4201,25.425,25.4201,25.425,786
2026-03-24 13:40:00,25.4268,25.4268,25.4268,25.4268,100
2026-03-24 13:45:00,25.425,25.425,25.425,25.425,194
2026-03-24 14:30:00,25.46,25.46,25.46,25.46,100
2026-03-24 14:45:00,25.47,25.47,25.47,25.47,100
2026-03-24 14:50:00,25.465,25.47,25.465,25.47,1942
2026-03-24 15:00:00,25.4799,25.4799,25.47,25.47,1547
2026-03-24 15:05:00,25.4806,25.4871,25.4801,25.485,1314
2026-03-24 15:15:00,25.49,25.49,25.49,25.49,100
2026-03-24 15:25:00,25.485,25.485,25.485,25.485,196
2026-03-24 15:50:00,25.475,25.475,25.475,25.475,121
2026-03-24 15:55:00,25.477,25.477,25.477,25.477,349
2026-03-24 16:00:00,25.48,25.48,25.48,25.48,500
2026-03-24 16:40:00,25.53,25.53,25.53,25.53,100
2026-03-25 10:20:00,25.565,25.565,25.56,25.56,598
2026-03-25 10:30:00,25.5841,25.5841,25.5841,25.5841,191
2026-03-25 10:35:00,25.58,25.58,25.57,25.58,300
2026-03-25 10:50:00,25.6,25.6,25.5999,25.5999,800
2026-03-25 11:05:00,25.59,25.59,25.59,25.59,100
2026-03-25 11:15:00,25.59,25.59,25.59,25.59,100
2026-03-25 11:20:00,25.585,25.585,25.585,25.585,202
2026-03-25 11:30:00,25.6,25.6,25.6,25.6,100
2026-03-25 11:45:00,25.6,25.6,25.595,25.595,472
2026-03-25 12:05:00,25.6003,25.6003,25.6003,25.6003,112
2026-03-25 12:15:00,25.6,25.6,25.6,25.6,623
2026-03-25 12:20:00,25.6,25.6,25.6,25.6,200
2026-03-25 13:25:00,25.5785,25.58,25.5785,25.58,5168
2026-03-25 13:45:00,25.605,25.605,25.605,25.605,375
2026-03-25 13:50:00,25.6,25.6,25.6,25.6,200
2026-03-25 14:15:00,25.59,25.59,25.59,25.59,100
2026-03-25 14:30:00,25.59,25.59,25.59,25.59,200
2026-03-25 14:50:00,25.5966,25.5966,25.5966,25.5966,279
2026-03-25 14:55:00,25.59,25.59,25.59,25.59,100
2026-03-25 15:15:00,25.595,25.6,25.59,25.5901,3867
2026-03-25 15:50:00,25.597,25.597,25.595,25.595,874
2026-03-25 15:55:00,25.59,25.6,25.59,25.6,1570
2026-03-25 16:00:00,25.58,25.58,25.58,25.58,500
2026-03-26 09:45:00,25.53,25.53,25.53,25.53,145
2026-03-26 09:50:00,25.525,25.525,25.525,25.525,568
2026-03-26 09:55:00,25.53,25.53,25.53,25.53,3900
2026-03-26 10:05:00,25.52,25.53,25.52,25.53,5021
2026-03-26 10:10:00,25.53,25.53,25.525,25.525,3525
2026-03-26 10:15:00,25.53,25.53,25.53,25.53,1818
2026-03-26 10:20:00,25.52,25.52,25.52,25.52,1127
2026-03-26 10:40:00,25.52,25.52,25.51,25.51,5372
2026-03-26 10:45:00,25.51,25.51,25.5,25.5,20890
2026-03-26 10:50:00,25.5031,25.5031,25.5031,25.5031,225
2026-03-26 10:55:00,25.5,25.5,25.5,25.5,300
2026-03-26 11:00:00,25.51,25.51,25.51,25.51,727
2026-03-26 11:15:00,25.5,25.5,25.5,25.5,100
2026-03-26 11:30:00,25.49,25.49,25.49,25.49,100
2026-03-26 11:40:00,25.48,25.48,25.48,25.48,100
2026-03-26 11:45:00,25.48,25.48,25.48,25.48,909
2026-03-26 12:00:00,25.48,25.48,25.48,25.48,200
2026-03-26 12:10:00,25.485,25.485,25.48,25.48,3124
2026-03-26 12:25:00,25.4601,25.4601,25.4601,25.4601,325
2026-03-26 12:45:00,25.44,25.44,25.44,25.44,100
2026-03-26 13:10:00,25.44,25.44,25.44,25.44,200
2026-03-26 13:30:00,25.435,25.435,25.435,25.435,109
2026-03-26 13:40:00,25.43,25.43,25.43,25.43,509
2026-03-26 14:35:00,25.42,25.42,25.42,25.42,100
2026-03-26 15:00:00,25.425,25.425,25.425,25.425,246
2026-03-26 15:05:00,25.42,25.42,25.42,25.42,100
2026-03-26 15:40:00,25.4026,25.4026,25.4026,25.4026,1719
2026-03-26 15:45:00,25.409,25.409,25.4,25.4057,7613
2026-03-26 15:50:00,25.4019,25.4019,25.4019,25.4019,390
2026-03-26 15:55:00,25.41,25.41,25.41,25.41,499
2026-03-27 09:35:00,25.355,25.355,25.355,25.355,300
2026-03-27 10:10:00,25.37,25.375,25.37,25.37,1005
2026-03-27 10:25:00,25.375,25.375,25.375,25.375,1615
2026-03-27 10:40:00,25.385,25.385,25.385,25.385,2239
2026-03-27 10:45:00,25.39,25.395,25.39,25.395,2184
2026-03-27 10:55:00,25.4098,25.4098,25.4098,25.4098,198
2026-03-27 11:00:00,25.41,25.41,25.41,25.41,100
2026-03-27 11:05:00,25.41,25.41,25.41,25.41,272
2026-03-27 11:20:00,25.42,25.43,25.42,25.43,12300
2026-03-27 11:30:00,25.4397,25.4397,25.4397,25.4397,620
2026-03-27 11:35:00,25.44,25.44,25.44,25.44,400
2026-03-27 11:45:00,25.43,25.44,25.43,25.44,11181
2026-03-27 12:00:00,25.413,25.425,25.413,25.425,3315
2026-03-27 12:05:00,25.42,25.42,25.42,25.42,600
2026-03-27 12:25:00,25.44,25.44,25.44,25.44,100
2026-03-27 12:40:00,25.43,25.43,25.43,25.43,100
2026-03-27 12:55:00,25.44,25.44,25.4366,25.4366,400
2026-03-27 13:00:00,25.4366,25.4366,25.4366,25.4366,204
2026-03-27 13:05:00,25.4298,25.4298,25.4298,25.4298,283
2026-03-27 13:15:00,25.415,25.415,25.415,25.415,708
2026-03-27 13:20:00,25.41,25.41,25.41,25.41,117
2026-03-27 13:45:00,25.42,25.42,25.42,25.42,2200
2026-03-27 14:10:00,25.41,25.41,25.41,25.41,100
2026-03-27 14:15:00,25.4088,25.4088,25.4088,25.4088,3400
2026-03-27 14:40:00,25.405,25.405,25.405,25.405,1000
2026-03-27 15:05:00,25.39,25.3972,25.39,25.3972,1168
2026-03-27 15:10:00,25.395,25.395,25.395,25.395,258
2026-03-27 15:20:00,25.3999,25.3999,25.3999,25.3999,134
2026-03-27 15:40:00,25.3914,25.3914,25.3914,25.3914,100
2026-03-27 15:45:00,25.395,25.395,25.39,25.39,530
2026-03-27 15:50:00,25.3964,25.3978,25.3964,25.3978,655
2026-03-27 16:10:00,25.41,25.41,25.41,25.41,500
2026-03-30 09:30:00,25.56,25.56,25.553,25.553,939
2026-03-30 09:50:00,25.555,25.555,25.555,25.555,139
2026-03-30 10:05:00,25.5599,25.5599,25.5599,25.5599,100
2026-03-30 10:10:00,25.57,25.57,25.565,25.565,402
2026-03-30 10:15:00,25.5679,25.5679,25.5679,25.5679,1690
2026-03-30 10:25:00,25.57,25.57,25.57,25.57,100
2026-03-30 10:35:00,25.57,25.57,25.57,25.57,440
2026-03-30 10:50:00,25.59,25.5905,25.59,25.5905,217
2026-03-30 11:15:00,25.6,25.6,25.6,25.6,100
2026-03-30 11:30:00,25.5921,25.5921,25.5921,25.5921,821
2026-03-30 11:45:00,25.6,25.6,25.595,25.595,1536
2026-03-30 12:10:00,25.6,25.6,25.6,25.6,100
2026-03-30 12:15:00,25.59,25.59,25.59,25.59,100
2026-03-30 12:20:00,25.59,25.59,25.59,25.59,1909
2026-03-30 12:50:00,25.6068,25.6068,25.6068,25.6068,1953
2026-03-30 13:35:00,25.57,25.5701,25.57,25.5701,3734
2026-03-30 13:45:00,25.57,25.5701,25.57,25.5701,1000
2026-03-30 14:15:00,25.57,25.57,25.57,25.57,100
2026-03-30 14:45:00,25.57,25.57,25.57,25.57,100
2026-03-30 14:55:00,25.57,25.57,25.57,25.57,195
2026-03-30 15:05:00,25.5775,25.5775,25.565,25.565,2038
2026-03-30 15:15:00,25.57,25.5756,25.57,25.57,3207
2026-03-30 15:25:00,25.575,25.575,25.575,25.575,784
2026-03-30 15:45:00,25.575,25.575,25.575,25.575,228
2026-03-30 15:55:00,25.575,25.575,25.575,25.575,454
2026-03-31 09:30:00,25.65,25.65,25.65,25.65,2701
2026-03-31 09:40:00,25.645,25.645,25.645,25.645,110
2026-03-31 09:45:00,25.65,25.65,25.65,25.65,1264
2026-03-31 09:55:00,25.645,25.645,25.645,25.645,978
2026-03-31 10:25:00,25.635,25.635,25.6338,25.6338,996
2026-03-31 10:35:00,25.6202,25.625,25.62,25.62,1872
2026-03-31 10:45:00,25.6171,25.6171,25.6171,25.6171,582
2026-03-31 11:00:00,25.62,25.62,25.62,25.62,100
2026-03-31 11:20:00,25.61,25.61,25.61,25.61,100
2026-03-31 11:25:00,25.615,25.62,25.615,25.615,500
2026-03-31 11:45:00,25.615,25.615,25.615,25.615,730
2026-03-31 11:50:00,25.615,25.615,25.615,25.615,799
2026-03-31 12:00:00,25.61,25.61,25.61,25.61,100
2026-03-31 12:05:00,25.605,25.605,25.605,25.605,131
2026-03-31 12:10:00,25.6068,25.6068,25.6068,25.6068,1742
2026-03-31 12:35:00,25.6186,25.62,25.6186,25.62,224
2026-03-31 12:45:00,25.66,25.66,25.66,25.66,100
2026-03-31 12:50:00,25.66,25.66,25.66,25.66,100
2026-03-31 13:05:00,25.65,25.65,25.65,25.65,100
2026-03-31 13:25:00,25.65,25.65,25.65,25.65,100
2026-03-31 13:35:00,25.625,25.625,25.625,25.625,126
2026-03-31 13:45:00,25.64,25.64,25.64,25.64,4316
2026-03-31 14:15:00,25.6386,25.6386,25.6386,25.6386,3610
2026-03-31 14:20:00,25.64,25.64,25.64,25.64,200
2026-03-31 14:35:00,25.6382,25.6382,25.635,25.635,200
2026-03-31 15:05:00,25.6228,25.6228,25.6228,25.6228,220
2026-03-31 15:10:00,25.64,25.64,25.64,25.64,188
2026-03-31 15:15:00,25.6431,25.6451,25.6431,25.6451,1160
2026-03-31 15:25:00,25.655,25.655,25.655,25.655,145
2026-03-31 15:30:00,25.66,25.66,25.66,25.66,124
2026-03-31 15:40:00,25.6685,25.6685,25.6685,25.6685,181
2026-03-31 15:50:00,25.665,25.665,25.665,25.665,1346
2026-03-31 15:55:00,25.665,25.665,25.65,25.655,1711
2026-03-31 16:00:00,25.64,25.64,25.63,25.63,321
2026-03-31 16:10:00,25.62,25.62,25.62,25.62,500
2026-04-01 08:55:00,25.53,25.53,25.53,25.53,800
2026-04-01 09:40:00,25.545,25.545,25.54,25.54,1690
2026-04-01 10:05:00,25.52,25.52,25.52,25.52,1565
2026-04-01 10:15:00,25.5371,25.5371,25.5371,25.5371,253
2026-04-01 10:20:00,25.531,25.531,25.5301,25.5301,1471
2026-04-01 10:25:00,25.5301,25.535,25.5301,25.535,603
2026-04-01 10:30:00,25.54,25.5469,25.54,25.545,2888
2026-04-01 10:50:00,25.5501,25.565,25.5501,25.565,1184
2026-04-01 10:55:00,25.5672,25.5672,25.5672,25.5672,215
2026-04-01 11:00:00,25.57,25.57,25.57,25.57,100
2026-04-01 11:05:00,25.57,25.57,25.57,25.57,100
2026-04-01 11:30:00,25.57,25.57,25.57,25.57,100
2026-04-01 11:35:00,25.5799,25.5799,25.5799,25.5799,141
2026-04-01 11:40:00,25.57,25.57,25.565,25.565,2684
2026-04-01 11:55:00,25.565,25.565,25.565,25.565,2332
2026-04-01 12:00:00,25.56,25.56,25.56,25.56,100
2026-04-01 12:15:00,25.555,25.555,25.555,25.555,100
2026-04-01 12:30:00,25.5601,25.5601,25.5601,25.5601,386
2026-04-01 12:35:00,25.56,25.56,25.56,25.56,200
2026-04-01 12:40:00,25.56,25.56,25.56,25.56,100
2026-04-01 13:10:00,25.56,25.565,25.56,25.565,399
2026-04-01 13:15:00,25.56,25.56,25.56,25.56,100
2026-04-01 13:30:00,25.55,25.55,25.5325,25.5325,6323
2026-04-01 14:00:00,25.535,25.535,25.535,25.535,623
2026-04-01 14:05:00,25.535,25.535,25.535,25.535,977
2026-04-01 14:20:00,25.54,25.54,25.54,25.54,100
2026-04-01 14:25:00,25.54,25.54,25.535,25.535,246
2026-04-01 14:30:00,25.54,25.54,25.54,25.54,100
2026-04-01 14:35:00,25.54,25.54,25.54,25.54,100
2026-04-01 14:40:00,25.5484,25.5484,25.5484,25.5484,108
2026-04-01 15:05:00,25.53,25.53,25.5272,25.5272,4289
2026-04-01 15:20:00,25.5203,25.5203,25.52,25.52,470
2026-04-01 15:30:00,25.515,25.515,25.515,25.515,445
2026-04-01 15:40:00,25.5162,25.5162,25.5162,25.5162,603
2026-04-01 15:55:00,25.525,25.525,25.525,25.525,789
2026-04-01 16:00:00,25.51,25.51,25.51,25.51,100
2026-04-01 16:05:00,25.52,25.52,25.52,25.52,500
2026-04-02 09:30:00,25.51,25.51,25.51,25.51,201
2026-04-02 09:55:00,25.555,25.555,25.555,25.555,400
2026-04-02 10:00:00,25.55,25.55,25.55,25.55,100
2026-04-02 10:05:00,25.5516,25.5516,25.5516,25.5516,405
2026-04-02 10:10:00,25.559,25.559,25.55,25.55,503
2026-04-02 10:15:00,25.57,25.57,25.57,25.57,100
2026-04-02 10:35:00,25.59,25.6,25.59,25.59,310
2026-04-02 10:45:00,25.5883,25.59,25.5883,25.59,1328
2026-04-02 11:15:00,25.59,25.595,25.59,25.595,2024
2026-04-02 11:20:00,25.58,25.58,25.58,25.58,100
2026-04-02 11:25:00,25.58,25.58,25.58,25.58,400
2026-04-02 11:40:00,25.58,25.58,25.58,25.58,100
2026-04-02 11:55:00,25.575,25.5752,25.575,25.5752,1180
2026-04-02 12:00:00,25.575,25.575,25.57,25.57,400
2026-04-02 12:25:00,25.5702,25.5702,25.5702,25.5702,715
2026-04-02 12:40:00,25.5703,25.5703,25.57,25.57,4110
2026-04-02 12:45:00,25.57,25.57,25.57,25.57,400
2026-04-02 12:50:00,25.5619,25.5619,25.5619,25.5619,112
2026-04-02 13:30:00,25.57,25.57,25.57,25.57,100
2026-04-02 14:00:00,25.565,25.569,25.565,25.5666,757
2026-04-02 14:45:00,25.57,25.57,25.57,25.57,100
2026-04-02 14:50:00,25.5684,25.5684,25.5684,25.5684,1569
2026-04-02 15:05:00,25.5771,25.5771,25.575,25.575,1760
2026-04-02 15:15:00,25.5771,25.5771,25.5771,25.5771,561
2026-04-02 15:20:00,25.5728,25.5728,25.5728,25.5728,205
2026-04-02 15:55:00,25.565,25.575,25.565,25.57,2455
