2026-03-04 09:30:00,139.18,139.18,138.85,138.85,2364
2026-03-04 09:35:00,138.5798,138.5798,138.5798,138.5798,108
2026-03-04 09:40:00,138.3,138.3,138.125,138.125,320
2026-03-04 09:50:00,138.0,138.0,138.0,138.0,100
2026-03-04 09:55:00,137.89,137.915,137.89,137.915,300
2026-03-04 10:00:00,138.105,138.105,137.99,138.045,1665
2026-03-04 10:05:00,137.93,138.1999,137.93,138.12,2382
2026-03-04 10:10:00,138.2272,138.295,138.2272,138.295,655
2026-03-04 10:15:00,138.44,138.44,138.44,138.44,379
2026-03-04 10:20:00,138.519,138.519,138.48,138.5163,888
2026-03-04 10:25:00,138.44,138.595,138.44,138.595,657
2026-03-04 10:30:00,138.42,138.42,138.26,138.26,1739
2026-03-04 10:35:00,138.1712,138.1712,138.1712,138.1712,165
2026-03-04 10:40:00,138.31,138.31,138.305,138.305,319
2026-03-04 10:45:00,138.295,138.43,138.295,138.43,540
2026-03-04 10:55:00,138.78,138.78,138.78,138.78,109
2026-03-04 11:00:00,138.87,138.9164,138.87,138.9164,570
2026-03-04 11:05:00,138.75,138.815,138.75,138.815,40763
2026-03-04 11:10:00,138.495,138.495,138.495,138.495,107
2026-03-04 11:15:00,138.56,138.7,138.56,138.68,1110
2026-03-04 11:40:00,138.58,138.66,138.58,138.63,327
2026-03-04 11:45:00,138.65,138.65,138.65,138.65,200
2026-03-04 11:50:00,138.52,138.6586,138.51,138.6586,1304
2026-03-04 11:55:00,138.67,138.67,138.6102,138.6658,1819
2026-03-04 12:00:00,138.705,138.705,138.705,138.705,120
2026-03-04 12:05:00,138.615,138.615,138.615,138.615,110
2026-03-04 12:10:00,138.767,138.767,138.767,138.767,290
2026-03-04 12:15:00,138.7999,138.81,138.7999,138.81,372
2026-03-04 12:20:00,138.76,138.76,138.615,138.615,1583
2026-03-04 12:25:00,138.53,138.53,138.53,138.53,100
2026-03-04 12:30:00,138.495,138.5301,138.46,138.5301,3359
2026-03-04 12:35:00,138.67,138.67,138.67,138.67,100
2026-03-04 12:40:00,138.5701,138.61,138.5701,138.6,12117
2026-03-04 12:45:00,138.616,138.63,138.6099,138.62,2133
2026-03-04 12:50:00,138.6899,138.6899,138.6899,138.6899,1865
2026-03-04 12:55:00,138.7,138.7,138.7,138.7,450
2026-03-04 13:05:00,138.5949,138.5949,138.5949,138.5949,170
2026-03-04 13:15:00,138.565,138.565,138.565,138.565,130
2026-03-04 13:25:00,138.52,138.545,138.52,138.545,216
2026-03-04 13:30:00,138.62,138.635,138.565,138.565,426
2026-03-04 13:35:00,138.7001,138.7001,138.7001,138.7001,299
2026-03-04 13:40:00,138.6901,138.77,138.6901,138.77,3190
2026-03-04 13:45:00,138.7901,138.7901,138.77,138.77,934
2026-03-04 13:50:00,138.84,138.84,138.79,138.79,706
2026-03-04 14:00:00,138.7938,138.8381,138.7938,138.8381,507
2026-03-04 14:05:00,138.8888,138.9628,138.8888,138.9628,22128
2026-03-04 14:10:00,138.925,138.925,138.9199,138.9199,495
2026-03-04 14:15:00,138.965,139.0,138.965,138.98,546
2026-03-04 14:20:00,138.83,138.83,138.83,138.83,144
2026-03-04 14:25:00,138.865,138.865,138.865,138.865,100
2026-03-04 14:35:00,138.9736,138.9736,138.96,138.96,304
2026-03-04 14:45:00,139.01,139.0108,138.98,138.991,14717
2026-03-04 14:50:00,139.045,139.045,139.045,139.045,251
2026-03-04 14:55:00,139.05,139.055,139.05,139.055,1101
2026-03-04 15:00:00,139.0345,139.06,139.0345,139.05,791
2026-03-04 15:05:00,139.06,139.0749,138.965,139.0099,937
2026-03-04 15:10:00,138.96,138.96,138.96,138.96,190
2026-03-04 15:15:00,138.96,139.0393,138.96,139.0099,1029
2026-03-04 15:20:00,139.025,139.025,138.94,138.95,9179
2026-03-04 15:25:00,139.06,139.077,139.03,139.077,3118
2026-03-04 15:30:00,139.06,139.0707,138.99,139.04,3567
2026-03-04 15:35:00,139.03,139.0594,138.99,139.0,6905
2026-03-04 15:40:00,138.995,139.06,138.995,139.02,8940
2026-03-04 15:45:00,139.045,139.08,139.0201,139.0201,4982
2026-03-04 15:50:00,138.99,139.03,138.87,138.9,1302
2026-03-04 15:55:00,138.88,138.92,138.82,138.82,11839
2026-03-04 16:00:00,138.73,138.73,138.73,138.73,12411
2026-03-05 09:30:00,137.92,137.92,137.92,137.92,1435
2026-03-05 09:35:00,138.345,138.36,138.3,138.3,1350
2026-03-05 09:40:00,138.38,138.56,138.275,138.29,22049
2026-03-05 09:45:00,138.18,138.18,138.18,138.18,100
2026-03-05 09:50:00,138.025,138.44,138.025,138.44,961
2026-03-05 09:55:00,138.8186,138.8186,138.8186,138.8186,183
2026-03-05 10:00:00,138.54,138.575,138.54,138.575,400
2026-03-05 10:05:00,138.49,138.49,138.49,138.49,150
2026-03-05 10:10:00,138.48,138.48,138.27,138.38,1015
2026-03-05 10:15:00,138.32,138.3986,138.27,138.27,1524
2026-03-05 10:20:00,138.14,138.29,138.14,138.29,300
2026-03-05 10:25:00,138.02,138.08,137.98,137.98,2132
2026-03-05 10:30:00,138.125,138.125,137.93,137.93,550
2026-03-05 10:35:00,137.76,137.8,137.63,137.63,533
2026-03-05 10:40:00,137.7652,137.8261,137.76,137.7651,1750
2026-03-05 10:45:00,137.8,137.85,137.74,137.74,890
2026-03-05 10:50:00,137.82,137.95,137.82,137.95,3975
2026-03-05 10:55:00,137.91,137.925,137.72,137.925,905
2026-03-05 11:00:00,137.975,138.0,137.69,137.69,1306
2026-03-05 11:05:00,137.73,137.73,137.56,137.57,1200
2026-03-05 11:10:00,137.45,137.45,137.275,137.43,1300
2026-03-05 11:15:00,137.37,137.3999,137.31,137.375,1157
2026-03-05 11:20:00,137.35,137.39,137.26,137.26,1507
2026-03-05 11:25:00,137.16,137.33,137.16,137.32,601
2026-03-05 11:30:00,137.495,137.495,137.36,137.36,645
2026-03-05 11:35:00,137.4623,137.4623,137.4623,137.4623,348
2026-03-05 11:40:00,137.38,137.42,137.32,137.32,744
2026-03-05 11:45:00,137.54,137.54,137.445,137.445,2408
2026-03-05 11:50:00,137.46,137.53,137.43,137.53,1056
2026-03-05 11:55:00,137.6,137.6,137.56,137.56,536
2026-03-05 12:00:00,137.5788,137.5788,137.5788,137.5788,262
2026-03-05 12:05:00,137.8,137.8,137.57,137.69,783
2026-03-05 12:10:00,137.56,137.6,137.49,137.49,7280
2026-03-05 12:15:00,137.485,137.52,137.4,137.405,1248
2026-03-05 12:20:00,137.42,137.42,137.38,137.39,400
2026-03-05 12:25:00,137.305,137.35,137.27,137.316,1412
2026-03-05 12:30:00,137.2315,137.2315,136.99,137.0233,2102
2026-03-05 12:35:00,136.99,137.16,136.9891,137.13,1607
2026-03-05 12:40:00,137.17,137.19,136.97,137.09,1037
2026-03-05 12:45:00,136.94,136.94,136.92,136.92,320
2026-03-05 12:50:00,136.84,136.9,136.84,136.9,238
2026-03-05 12:55:00,136.88,136.93,136.78,136.925,808
2026-03-05 13:00:00,136.83,136.87,136.83,136.87,400
2026-03-05 13:05:00,137.005,137.055,136.97,137.055,1229
2026-03-05 13:10:00,137.09,137.11,136.94,137.03,2646
2026-03-05 13:15:00,136.99,136.99,136.9,136.9,583
2026-03-05 13:20:00,136.9225,137.0,136.89,136.93,805
2026-03-05 13:25:00,136.86,136.88,136.8,136.8,650
2026-03-05 13:30:00,136.965,136.9751,136.78,136.91,1830
2026-03-05 13:35:00,136.94,136.97,136.82,136.92,1230
2026-03-05 13:40:00,136.91,137.21,136.91,137.135,1400
2026-03-05 13:45:00,137.14,137.14,136.9,137.0,2597
2026-03-05 13:50:00,136.88,136.885,136.7701,136.885,2889
2026-03-05 13:55:00,136.85,136.85,136.79,136.79,300
2026-03-05 14:00:00,136.78,136.87,136.77,136.79,1517
2026-03-05 14:05:00,136.84,136.87,136.76,136.76,1195
2026-03-05 14:10:00,136.845,136.93,136.805,136.92,1774
2026-03-05 14:15:00,136.86,136.86,136.72,136.77,1531
2026-03-05 14:20:00,136.88,136.88,136.75,136.79,1961
2026-03-05 14:25:00,136.8,136.8,136.59,136.59,300
2026-03-05 14:30:00,136.49,136.496,136.34,136.41,1606
2026-03-05 14:35:00,136.51,136.54,136.49,136.54,1100
2026-03-05 14:40:00,136.555,136.675,136.55,136.6,1170
2026-03-05 14:45:00,136.59,136.67,136.59,136.6053,1188
2026-03-05 14:50:00,136.71,136.768,136.66,136.72,1461
2026-03-05 14:55:00,136.59,136.71,136.585,136.6601,1336
2026-03-05 15:00:00,136.72,136.82,136.62,136.82,4148
2026-03-05 15:05:00,136.77,136.9,136.7,136.84,9007
2026-03-05 15:10:00,136.879,137.0,136.879,136.9623,1961
2026-03-05 15:15:00,136.95,136.98,136.81,136.98,1443
2026-03-05 15:20:00,136.9246,136.9246,136.9246,136.9246,101
2026-03-05 15:25:00,137.05,137.105,136.92,136.92,1650
2026-03-05 15:30:00,136.97,136.97,136.89,136.95,1262
2026-03-05 15:35:00,137.0,137.13,137.0,137.09,1575
2026-03-05 15:40:00,137.125,137.17,137.11,137.17,802
2026-03-05 15:45:00,137.18,137.18,137.1,137.14,600
2026-03-05 15:50:00,137.24,137.32,137.16,137.29,1226
2026-03-05 15:55:00,137.33,137.34,137.19,137.22,5232
2026-03-05 16:00:00,137.19,137.19,137.19,137.19,845
2026-03-06 09:30:00,135.02,135.08,134.42,134.42,12616
2026-03-06 09:35:00,134.47,134.47,134.075,134.075,4900
2026-03-06 09:40:00,133.51,133.61,133.405,133.41,1796
2026-03-06 09:45:00,133.46,133.46,133.27,133.27,2100
2026-03-06 09:50:00,133.275,133.52,133.19,133.24,4100
2026-03-06 09:55:00,133.245,133.245,133.02,133.02,2025
2026-03-06 10:00:00,133.455,133.665,133.41,133.54,3709
2026-03-06 10:05:00,133.37,133.37,133.235,133.25,5000
2026-03-06 10:10:00,133.21,133.51,133.21,133.51,2901
2026-03-06 10:15:00,133.4045,133.6005,133.4045,133.48,1829
2026-03-06 10:20:00,133.595,133.75,133.595,133.75,203
2026-03-06 10:25:00,133.72,133.72,133.52,133.675,3345
2026-03-06 10:30:00,133.875,133.8988,133.7751,133.89,1880
2026-03-06 10:35:00,134.11,134.11,134.1,134.1,800
2026-03-06 10:40:00,134.07,134.115,133.985,134.115,4084
2026-03-06 10:45:00,134.03,134.03,133.91,133.91,4157
2026-03-06 10:50:00,133.845,133.845,133.69,133.7,620
2026-03-06 10:55:00,133.82,134.2,133.82,134.125,6592
2026-03-06 11:00:00,134.195,134.325,134.19,134.325,1031
2026-03-06 11:05:00,134.21,134.21,134.13,134.13,300
2026-03-06 11:10:00,134.08,134.1,134.07,134.07,866
2026-03-06 11:15:00,133.88,133.96,133.88,133.92,600
2026-03-06 11:20:00,133.8901,133.93,133.82,133.92,2317
2026-03-06 11:25:00,133.93,133.93,133.815,133.815,2942
2026-03-06 11:30:00,133.84,133.84,133.73,133.73,1938
2026-03-06 11:35:00,133.84,134.11,133.84,134.11,2458
2026-03-06 11:40:00,134.01,134.06,133.885,133.885,720
2026-03-06 11:45:00,134.125,134.13,134.08,134.08,2523
2026-03-06 11:50:00,134.0462,134.11,133.92,133.92,4389
2026-03-06 11:55:00,133.878,134.03,133.878,134.0299,1834
2026-03-06 12:00:00,133.92,134.1,133.88,134.025,2100
2026-03-06 12:05:00,133.92,134.0279,133.92,134.0279,413
2026-03-06 12:10:00,133.855,133.86,133.795,133.795,1571
2026-03-06 12:15:00,133.84,133.84,133.81,133.81,227
2026-03-06 12:20:00,134.0201,134.055,134.0201,134.055,469
2026-03-06 12:25:00,134.025,134.025,133.94,133.97,1697
2026-03-06 12:30:00,133.95,134.03,133.95,134.0,3200
2026-03-06 12:35:00,133.89,133.89,133.8875,133.8875,588
2026-03-06 12:40:00,133.83,133.83,133.595,133.64,1734
2026-03-06 12:45:00,133.7435,133.88,133.7435,133.87,625
2026-03-06 12:50:00,133.89,134.005,133.825,133.86,1472
2026-03-06 12:55:00,133.78,133.78,133.78,133.78,1400
2026-03-06 13:00:00,133.755,134.06,133.75,133.95,6570
2026-03-06 13:05:00,133.94,134.08,133.94,134.07,700
2026-03-06 13:10:00,134.07,134.38,134.07,134.32,6707
2026-03-06 13:15:00,134.275,134.33,134.23,134.33,1339
2026-03-06 13:20:00,134.35,134.39,134.22,134.22,3315
2026-03-06 13:25:00,134.215,134.215,134.16,134.21,1300
2026-03-06 13:30:00,134.28,134.31,134.215,134.215,2984
2026-03-06 13:35:00,134.16,134.16,134.09,134.09,300
2026-03-06 13:40:00,134.125,134.205,134.125,134.205,576
2026-03-06 13:45:00,134.16,134.23,134.1599,134.23,651
2026-03-06 13:50:00,134.25,134.25,134.08,134.08,4662
2026-03-06 13:55:00,134.13,134.13,134.13,134.13,100
2026-03-06 14:00:00,134.2,134.2079,134.175,134.19,1636
2026-03-06 14:05:00,134.06,134.215,134.06,134.21,5076
2026-03-06 14:10:00,134.32,134.35,134.28,134.35,1200
2026-03-06 14:15:00,134.24,134.3,134.21,134.3,1500
2026-03-06 14:20:00,134.305,134.315,134.17,134.17,3696
2026-03-06 14:25:00,134.085,134.21,134.055,134.21,850
2026-03-06 14:30:00,134.35,134.37,134.275,134.32,1775
2026-03-06 14:35:00,134.32,134.38,134.2469,134.2469,1522
2026-03-06 14:40:00,134.33,134.46,134.305,134.305,1556
2026-03-06 14:45:00,134.26,134.33,134.26,134.29,988
2026-03-06 14:50:00,134.2484,134.355,134.2484,134.34,486
2026-03-06 14:55:00,134.355,134.395,134.315,134.38,1128
2026-03-06 15:00:00,134.44,134.55,134.4,134.49,24439
2026-03-06 15:05:00,134.495,134.5,134.445,134.475,2799
2026-03-06 15:10:00,134.46,134.46,134.36,134.36,4899
2026-03-06 15:15:00,134.35,134.445,134.345,134.4,2809
2026-03-06 15:20:00,134.38,134.42,134.33,134.355,3961
2026-03-06 15:25:00,134.32,134.41,134.24,134.41,1758
2026-03-06 15:30:00,134.35,134.35,134.23,134.26,5241
2026-03-06 15:35:00,134.2,134.24,134.115,134.2,2000
2026-03-06 15:40:00,134.2,134.41,134.2,134.25,8930
2026-03-06 15:45:00,134.26,134.3,134.21,134.21,2381
2026-03-06 15:50:00,134.255,134.255,134.045,134.13,2325
2026-03-06 15:55:00,134.18,134.28,134.17,134.195,3621
2026-03-06 16:00:00,134.1,134.1,134.1,134.1,2691
2026-03-09 09:25:00,132.87,132.87,132.86,132.86,2000
2026-03-09 09:30:00,132.83,132.83,132.06,132.06,3401
2026-03-09 09:35:00,131.47,131.47,131.47,131.47,200
2026-03-09 09:40:00,131.15,131.26,131.07,131.0785,1747
2026-03-09 09:45:00,131.065,131.26,131.02,131.26,600
2026-03-09 09:50:00,130.88,130.88,130.88,130.88,100
2026-03-09 09:55:00,130.785,131.095,130.755,130.99,1781
2026-03-09 10:00:00,131.073,131.1783,131.06,131.06,939
2026-03-09 10:05:00,130.95,130.95,130.505,130.6101,1565
2026-03-09 10:10:00,130.56,130.57,130.47,130.54,3772
2026-03-09 10:15:00,130.56,130.6699,130.56,130.6699,532
2026-03-09 10:20:00,130.62,130.965,130.62,130.965,412
2026-03-09 10:25:00,130.7915,130.7915,130.435,130.435,6843
2026-03-09 10:30:00,130.7,130.7,130.655,130.655,300
2026-03-09 10:40:00,131.18,131.215,131.13,131.18,1618
2026-03-09 10:45:00,131.28,131.3741,131.21,131.32,1880
2026-03-09 10:50:00,131.38,131.515,131.29,131.515,1182
2026-03-09 10:55:00,131.58,131.655,131.46,131.59,3857
2026-03-09 11:00:00,131.57,131.85,131.57,131.83,989
2026-03-09 11:05:00,131.85,131.85,131.85,131.85,100
2026-03-09 11:10:00,131.79,131.91,131.755,131.755,628
2026-03-09 11:15:00,131.93,131.93,131.85,131.86,1057
2026-03-09 11:20:00,131.82,131.97,131.82,131.97,988
2026-03-09 11:25:00,131.98,132.0,131.91,131.99,2809
2026-03-09 11:30:00,132.005,132.005,131.99,131.99,300
2026-03-09 11:35:00,131.71,131.72,131.56,131.59,3021
2026-03-09 11:45:00,131.535,131.74,131.51,131.65,1365
2026-03-09 11:50:00,131.61,131.7,131.585,131.69,4631
2026-03-09 12:00:00,131.7175,131.88,131.7175,131.8201,628
2026-03-09 12:05:00,131.83,131.83,131.83,131.83,100
2026-03-09 12:10:00,132.0,132.06,131.97,132.01,1814
2026-03-09 12:20:00,131.81,131.81,131.81,131.81,200
2026-03-09 12:25:00,132.16,132.17,132.125,132.13,2000
2026-03-09 12:30:00,132.095,132.095,131.97,132.0401,6975
2026-03-09 12:35:00,132.13,132.17,132.08,132.08,1475
2026-03-09 12:40:00,132.27,132.37,132.26,132.37,6045
2026-03-09 12:45:00,132.325,132.325,132.3,132.3,256
2026-03-09 12:50:00,132.32,132.415,132.31,132.31,1100
2026-03-09 12:55:00,132.3295,132.3295,132.22,132.22,1839
2026-03-09 13:00:00,132.21,132.235,132.14,132.14,2779
2026-03-09 13:05:00,132.1986,132.1986,132.15,132.15,420
2026-03-09 13:10:00,132.25,132.26,132.18,132.19,989
2026-03-09 13:15:00,132.03,132.03,132.01,132.01,450
2026-03-09 13:20:00,132.035,132.035,131.93,131.93,1397
2026-03-09 13:25:00,131.93,131.93,131.825,131.8675,1175
2026-03-09 13:30:00,131.94,131.94,131.89,131.89,250
2026-03-09 13:35:00,131.8056,131.82,131.795,131.8,1108
2026-03-09 13:40:00,131.78,131.79,131.705,131.705,1490
2026-03-09 13:45:00,131.73,131.77,131.725,131.74,982
2026-03-09 13:50:00,131.72,131.7501,131.72,131.7501,521
2026-03-09 13:55:00,131.75,131.78,131.75,131.78,250
2026-03-09 14:00:00,131.85,131.85,131.81,131.85,5102
2026-03-09 14:05:00,132.027,132.027,131.86,131.99,1578
2026-03-09 14:10:00,132.01,132.07,131.91,132.06,1190
2026-03-09 14:20:00,132.3695,132.45,132.22,132.34,5740
2026-03-09 14:25:00,132.315,132.3799,132.27,132.3799,1481
2026-03-09 14:30:00,132.362,132.54,132.362,132.53,690
2026-03-09 14:35:00,132.465,132.54,132.4601,132.4601,378
2026-03-09 14:40:00,132.43,132.43,132.4,132.4,550
2026-03-09 14:45:00,132.39,132.395,132.385,132.385,908
2026-03-09 14:50:00,132.395,132.395,132.35,132.35,500
2026-03-09 14:55:00,132.41,132.41,132.355,132.36,980
2026-03-09 15:00:00,132.49,132.54,132.46,132.54,631
2026-03-09 15:05:00,132.47,132.55,132.46,132.52,1124
2026-03-09 15:10:00,132.565,132.58,132.545,132.545,1772
2026-03-09 15:15:00,132.57,132.915,132.55,132.915,22115
2026-03-09 15:20:00,133.02,133.615,133.02,133.615,3566
2026-03-09 15:25:00,133.71,134.14,133.69,134.105,16315
2026-03-09 15:30:00,133.97,134.43,133.89,134.33,19269
2026-03-09 15:35:00,134.385,134.65,134.16,134.59,4502
2026-03-09 15:40:00,134.54,134.54,134.205,134.44,4966
2026-03-09 15:45:00,134.4,134.44,134.25,134.41,8384
2026-03-09 15:50:00,134.41,134.42,134.12,134.22,13339
2026-03-09 15:55:00,134.15,134.322,134.15,134.285,15161
2026-03-09 16:00:00,134.25,134.25,134.25,134.25,2964
2026-03-10 09:30:00,133.9,133.9,133.9,133.9,2444
2026-03-10 09:35:00,133.73,133.73,133.43,133.53,2400
2026-03-10 09:40:00,133.495,133.495,133.17,133.17,704
2026-03-10 09:45:00,133.105,133.115,133.105,133.115,272
2026-03-10 09:50:00,133.42,133.49,133.33,133.49,922
2026-03-10 09:55:00,133.4,133.405,133.4,133.405,403
2026-03-10 10:00:00,133.3277,133.3277,133.28,133.28,675
2026-03-10 10:05:00,133.46,133.46,133.25,133.25,1294
2026-03-10 10:10:00,133.14,133.275,133.1,133.185,2843
2026-03-10 10:15:00,133.16,133.31,133.16,133.31,383
2026-03-10 10:20:00,133.5951,133.705,133.5951,133.705,1577
2026-03-10 10:25:00,133.8001,133.8001,133.8001,133.8001,310
2026-03-10 10:30:00,133.88,134.0088,133.86,134.0088,1683
2026-03-10 10:35:00,134.035,134.035,134.02,134.02,1100
2026-03-10 10:45:00,134.33,134.4,134.26,134.26,1250
2026-03-10 10:50:00,134.56,134.57,134.46,134.56,1533
2026-03-10 10:55:00,134.56,134.6399,134.56,134.6399,349
2026-03-10 11:00:00,134.71,134.785,134.7,134.76,1602
2026-03-10 11:05:00,134.5924,134.6114,134.57,134.57,2108
2026-03-10 11:10:00,134.535,134.63,134.5,134.63,543
2026-03-10 11:15:00,134.725,134.8201,134.69,134.8201,595
2026-03-10 11:20:00,134.765,134.77,134.765,134.77,591
2026-03-10 11:25:00,134.81,134.865,134.81,134.86,3532
2026-03-10 11:30:00,134.91,134.91,134.76,134.77,2163
2026-03-10 11:35:00,134.76,134.77,134.7491,134.77,725
2026-03-10 11:40:00,134.8,134.8,134.8,134.8,102
2026-03-10 11:50:00,134.65,134.65,134.65,134.65,100
2026-03-10 11:55:00,134.555,134.65,134.555,134.65,485
2026-03-10 12:00:00,134.66,134.7091,134.59,134.59,4860
2026-03-10 12:05:00,134.5,134.5,134.36,134.36,1061
2026-03-10 12:10:00,134.48,134.615,134.46,134.56,3462
2026-03-10 12:15:00,134.52,134.59,134.51,134.59,1564
2026-03-10 12:20:00,134.74,134.75,134.53,134.53,2028
2026-03-10 12:25:00,134.59,134.67,134.53,134.53,3175
2026-03-10 12:30:00,134.565,134.74,134.56,134.675,1425
2026-03-10 12:35:00,134.83,134.86,134.76,134.815,1930
2026-03-10 12:40:00,134.785,134.8,134.76,134.8,2209
2026-03-10 12:45:00,134.62,134.62,134.62,134.62,100
2026-03-10 12:50:00,134.76,134.84,134.74,134.78,494
2026-03-10 12:55:00,134.7999,134.8,134.79,134.79,2866
2026-03-10 13:00:00,134.8,134.8,134.8,134.8,100
2026-03-10 13:05:00,135.0,135.045,135.0,135.045,321
2026-03-10 13:10:00,134.96,135.005,134.96,134.988,1548
2026-03-10 13:15:00,134.97,135.01,134.97,134.98,500
2026-03-10 13:25:00,135.2,135.2,135.2,135.2,100
2026-03-10 13:30:00,135.33,135.38,135.23,135.23,3240
2026-03-10 13:35:00,135.06,135.065,134.705,134.705,1394
2026-03-10 13:40:00,134.83,134.83,134.59,134.64,2925
2026-03-10 13:45:00,134.71,134.89,134.71,134.89,950
2026-03-10 13:50:00,135.0405,135.0405,134.96,134.96,576
2026-03-10 13:55:00,134.92,134.95,134.92,134.93,604
2026-03-10 14:00:00,134.88,134.92,134.86,134.92,823
2026-03-10 14:05:00,134.78,134.78,134.68,134.69,1400
2026-03-10 14:10:00,134.67,134.77,134.25,134.25,3482
2026-03-10 14:15:00,134.2,134.27,133.99,133.99,5806
2026-03-10 14:20:00,133.69,133.74,133.65,133.74,2887
2026-03-10 14:25:00,133.67,133.99,133.67,133.9,600
2026-03-10 14:30:00,133.91,134.13,133.885,134.1,1050
2026-03-10 14:35:00,134.01,134.02,133.9,134.02,300
2026-03-10 14:40:00,134.01,134.06,133.92,133.92,21797
2026-03-10 14:45:00,133.91,134.11,133.89,134.02,6477
2026-03-10 14:50:00,134.02,134.02,134.02,134.02,448
2026-03-10 14:55:00,133.9,133.9,133.76,133.86,2780
2026-03-10 15:00:00,133.895,133.94,133.85,133.94,761
2026-03-10 15:05:00,133.85,133.98,133.85,133.98,1302
2026-03-10 15:10:00,133.87,133.87,133.87,133.87,120
2026-03-10 15:15:00,134.0,134.11,134.0,134.11,2318
2026-03-10 15:20:00,134.0956,134.11,133.9,133.9,1159
2026-03-10 15:25:00,133.8658,133.8658,133.6385,133.66,2492
2026-03-10 15:30:00,133.61,133.61,133.53,133.53,2380
2026-03-10 15:35:00,133.5,133.7,133.5,133.7,1229
2026-03-10 15:40:00,133.64,133.87,133.64,133.68,3652
2026-03-10 15:45:00,133.54,133.54,133.54,133.54,100
2026-03-10 15:50:00,133.36,133.4,133.3272,133.34,3496
2026-03-10 15:55:00,133.35,133.35,133.15,133.25,5931
2026-03-10 16:00:00,133.24,133.24,133.24,133.24,718
2026-03-10 18:35:00,133.1,133.1,133.1,133.1,100
2026-03-11 09:25:00,132.89,132.89,132.89,132.89,200
2026-03-11 09:30:00,132.89,133.175,132.89,132.96,4100
2026-03-11 09:35:00,132.97,132.97,132.97,132.97,100
2026-03-11 09:40:00,132.94,132.94,132.94,132.94,200
2026-03-11 09:45:00,132.6,132.6,132.6,132.6,200
2026-03-11 10:00:00,132.99,132.99,132.87,132.975,1126
2026-03-11 10:05:00,132.98,132.98,132.98,132.98,100
2026-03-11 10:10:00,132.64,132.6545,132.64,132.6545,509
2026-03-11 10:20:00,132.78,132.8105,132.7,132.8105,546
2026-03-11 10:25:00,132.38,132.38,132.38,132.38,100
2026-03-11 10:30:00,132.6584,132.6584,132.36,132.36,1804
2026-03-11 10:40:00,133.164,133.164,133.164,133.164,286
2026-03-11 10:45:00,133.24,133.26,133.24,133.26,200
2026-03-11 10:50:00,133.37,133.38,133.29,133.38,13179
2026-03-11 10:55:00,133.38,133.38,133.27,133.34,775
2026-03-11 11:00:00,133.49,133.49,133.15,133.15,787
2026-03-11 11:05:00,133.24,133.24,133.11,133.14,836
2026-03-11 11:10:00,133.22,133.22,132.71,132.71,1362
2026-03-11 11:15:00,132.5,132.5101,132.46,132.5101,1161
2026-03-11 11:20:00,132.5,132.69,132.5,132.69,400
2026-03-11 11:25:00,132.65,132.65,132.55,132.55,200
2026-03-11 11:30:00,132.44,132.48,132.38,132.38,2659
2026-03-11 11:35:00,132.4501,132.4501,132.43,132.435,1056
2026-03-11 11:40:00,132.27,132.34,132.24,132.25,3139
2026-03-11 11:45:00,132.14,132.14,132.0,132.08,1208
2026-03-11 11:50:00,132.18,132.2665,132.18,132.2665,703
2026-03-11 11:55:00,132.23,132.27,132.1,132.1032,1583
2026-03-11 12:00:00,132.07,132.12,132.05,132.12,650
2026-03-11 12:05:00,132.15,132.15,132.06,132.06,350
2026-03-11 12:10:00,132.11,132.175,132.06,132.125,4387
2026-03-11 12:15:00,132.25,132.285,132.08,132.21,5545
2026-03-11 12:20:00,132.1425,132.23,132.06,132.1899,5132
2026-03-11 12:25:00,132.16,132.16,132.16,132.16,219
2026-03-11 12:30:00,132.488,132.488,132.488,132.488,150
2026-03-11 12:35:00,132.5,132.5,132.415,132.415,376
2026-03-11 12:45:00,132.5,132.52,132.445,132.45,607
2026-03-11 12:55:00,132.45,132.7,132.44,132.7,481
2026-03-11 13:00:00,132.68,132.68,132.68,132.68,178
2026-03-11 13:05:00,132.71,132.71,132.71,132.71,100
2026-03-11 13:15:00,132.57,132.57,132.55,132.55,250
2026-03-11 13:20:00,132.6,132.6,132.6,132.6,127
2026-03-11 13:25:00,132.88,132.88,132.88,132.88,100
2026-03-11 13:30:00,132.71,132.71,132.71,132.71,100
2026-03-11 13:35:00,132.69,132.72,132.28,132.39,1633
2026-03-11 13:40:00,132.45,132.5599,132.35,132.35,1916
2026-03-11 13:45:00,132.39,132.39,132.39,132.39,200
2026-03-11 13:50:00,132.5496,132.5496,132.52,132.52,770
2026-03-11 13:55:00,132.35,132.43,132.35,132.4175,1067
2026-03-11 14:00:00,132.44,132.4901,132.42,132.4901,837
2026-03-11 14:05:00,132.33,132.33,132.27,132.27,204
2026-03-11 14:10:00,132.19,132.395,132.19,132.395,400
2026-03-11 14:15:00,132.4747,132.57,132.45,132.57,313
2026-03-11 14:20:00,132.485,132.51,132.485,132.51,200
2026-03-11 14:25:00,132.64,132.64,132.64,132.64,723
2026-03-11 14:30:00,132.7453,132.7453,132.7453,132.7453,128
2026-03-11 14:35:00,132.74,132.74,132.61,132.61,1467
2026-03-11 14:40:00,132.63,132.63,132.63,132.63,150
2026-03-11 14:45:00,132.73,132.73,132.68,132.68,456
2026-03-11 14:50:00,132.8399,132.8399,132.8399,132.8399,354
2026-03-11 14:55:00,132.67,132.725,132.65,132.725,857
2026-03-11 15:00:00,132.5785,132.5785,132.545,132.545,324
2026-03-11 15:05:00,132.54,132.6033,132.54,132.6033,498
2026-03-11 15:10:00,132.5975,132.5975,132.48,132.5333,784
2026-03-11 15:15:00,132.5599,132.575,132.5599,132.575,632
2026-03-11 15:20:00,132.646,132.646,132.6379,132.6379,254
2026-03-11 15:25:00,132.7219,132.7219,132.66,132.66,250
2026-03-11 15:30:00,132.6707,132.8,132.6707,132.8,4770
2026-03-11 15:35:00,132.82,132.82,132.8,132.8,400
2026-03-11 15:40:00,132.9,132.94,132.835,132.85,1898
2026-03-11 15:45:00,132.93,132.93,132.76,132.77,6442
2026-03-11 15:50:00,132.895,132.92,132.89,132.91,1480
2026-03-11 15:55:00,132.885,132.93,132.885,132.915,2532
2026-03-11 16:00:00,132.96,132.96,132.96,132.96,590
2026-03-11 16:55:00,132.83,132.83,132.83,132.83,154
2026-03-12 09:30:00,131.58,131.58,131.19,131.28,11063
2026-03-12 09:35:00,131.31,131.31,131.25,131.25,1350
2026-03-12 09:40:00,131.82,131.895,131.81,131.87,11800
2026-03-12 09:45:00,131.77,131.77,131.555,131.585,3036
2026-03-12 09:50:00,131.885,131.885,131.87,131.87,827
2026-03-12 09:55:00,131.7462,131.7462,131.64,131.745,3001
2026-03-12 10:00:00,131.79,132.0307,131.79,132.0,1020
2026-03-12 10:05:00,131.87,131.9,131.87,131.9,1600
2026-03-12 10:10:00,131.955,132.03,131.955,132.03,319
2026-03-12 10:15:00,131.9896,131.9896,131.985,131.985,300
2026-03-12 10:20:00,131.69,131.69,131.665,131.685,965
2026-03-12 10:25:00,131.485,131.485,131.41,131.41,1088
2026-03-12 10:30:00,131.37,131.38,131.36,131.38,700
2026-03-12 10:35:00,131.41,131.48,131.41,131.48,700
2026-03-12 10:40:00,131.445,131.445,131.445,131.445,600
2026-03-12 10:45:00,131.65,131.93,131.54,131.54,3650
2026-03-12 10:50:00,131.54,131.575,131.48,131.505,2033
2026-03-12 10:55:00,131.59,131.625,131.58,131.625,500
2026-03-12 11:00:00,131.605,131.665,131.55,131.665,400
2026-03-12 11:05:00,131.595,131.685,131.595,131.67,2416
2026-03-12 11:10:00,131.67,131.67,131.5,131.54,1000
2026-03-12 11:15:00,131.54,131.55,131.54,131.55,491
2026-03-12 11:20:00,131.555,131.555,131.55,131.55,1200
2026-03-12 11:25:00,131.9,131.9,131.75,131.75,514
2026-03-12 11:30:00,131.805,131.8362,131.79,131.8362,618
2026-03-12 11:35:00,131.575,132.21,131.575,132.21,1400
2026-03-12 11:40:00,132.02,132.23,131.965,132.23,3797
2026-03-12 11:45:00,132.08,132.08,131.89,131.9097,4464
2026-03-12 11:50:00,131.89,131.91,131.89,131.9,611
2026-03-12 11:55:00,131.835,131.835,131.835,131.835,300
2026-03-12 12:00:00,131.92,131.96,131.92,131.96,700
2026-03-12 12:05:00,131.9,131.9,131.9,131.9,100
2026-03-12 12:10:00,131.51,131.6,131.46,131.6,851
2026-03-12 12:15:00,131.6,131.86,131.6,131.845,6683
2026-03-12 12:20:00,132.2,132.2,132.09,132.1,563
2026-03-12 12:25:00,131.9869,132.0,131.71,131.71,1025
2026-03-12 12:30:00,131.655,131.655,131.64,131.64,803
2026-03-12 12:40:00,131.725,131.73,131.725,131.73,1000
2026-03-12 12:45:00,131.655,131.655,131.4273,131.56,1185
2026-03-12 12:50:00,131.52,131.59,131.52,131.57,22511
2026-03-12 12:55:00,131.5968,131.65,131.575,131.575,1940
2026-03-12 13:00:00,131.76,131.78,131.75,131.775,1500
2026-03-12 13:05:00,131.74,131.91,131.74,131.775,2749
2026-03-12 13:10:00,131.71,131.7799,131.5865,131.5865,1418
2026-03-12 13:15:00,131.533,131.56,131.4638,131.4638,921
2026-03-12 13:25:00,131.59,131.59,131.58,131.58,400
2026-03-12 13:30:00,131.75,131.77,131.65,131.65,1053
2026-03-12 13:35:00,131.7799,131.9299,131.77,131.905,2019
2026-03-12 13:40:00,131.87,131.87,131.6975,131.6975,907
2026-03-12 13:45:00,131.54,131.54,131.54,131.54,100
2026-03-12 13:50:00,131.565,131.565,131.565,131.565,100
2026-03-12 14:00:00,131.555,131.64,131.555,131.6,3152
2026-03-12 14:05:00,131.6399,131.6642,131.6299,131.6485,2717
2026-03-12 14:10:00,131.685,131.735,131.685,131.71,903
2026-03-12 14:15:00,131.72,131.72,131.68,131.68,200
2026-03-12 14:20:00,131.555,131.555,131.555,131.555,351
2026-03-12 14:25:00,131.49,131.4999,131.4,131.44,2791
2026-03-12 14:30:00,131.43,131.435,131.42,131.42,350
2026-03-12 14:35:00,131.43,131.4414,131.43,131.4414,287
2026-03-12 14:40:00,131.3,131.405,131.3,131.395,650
2026-03-12 14:45:00,131.34,131.34,131.3,131.3,200
2026-03-12 14:55:00,131.29,131.29,131.1801,131.1801,1993
2026-03-12 15:00:00,131.06,131.13,131.06,131.13,638
2026-03-12 15:05:00,131.1,131.2,131.1,131.15,1299
2026-03-12 15:10:00,131.085,131.155,131.085,131.11,1090
2026-03-12 15:15:00,131.14,131.145,131.03,131.145,1336
2026-03-12 15:20:00,131.16,131.17,131.16,131.17,200
2026-03-12 15:25:00,131.075,131.17,131.075,131.1299,716
2026-03-12 15:30:00,131.14,131.265,131.14,131.265,600
2026-03-12 15:35:00,131.19,131.2,131.1793,131.1793,626
2026-03-12 15:40:00,131.15,131.15,131.01,131.01,800
2026-03-12 15:45:00,130.9366,130.94,130.77,130.77,1218
2026-03-12 15:50:00,130.81,130.8796,130.79,130.86,1141
2026-03-12 15:55:00,130.94,130.94,130.8,130.89,2376
2026-03-12 16:00:00,130.9,130.9,130.9,130.9,393
2026-03-13 09:30:00,131.58,132.235,131.58,131.74,5487
2026-03-13 09:35:00,131.83,131.83,131.73,131.73,1654
2026-03-13 09:40:00,132.1,132.1,132.08,132.08,300
2026-03-13 09:45:00,131.825,131.825,131.825,131.825,300
2026-03-13 09:50:00,131.785,131.81,131.65,131.8,2171
2026-03-13 09:55:00,131.67,131.79,131.635,131.635,866
2026-03-13 10:00:00,131.625,131.625,131.27,131.3,1200
2026-03-13 10:10:00,131.34,131.34,131.16,131.16,2100
2026-03-13 10:15:00,131.0295,131.12,130.79,130.94,918
2026-03-13 10:25:00,130.925,130.925,130.925,130.925,392
2026-03-13 10:30:00,131.135,131.42,131.135,131.42,4520
2026-03-13 10:35:00,131.28,131.33,131.2145,131.265,2124
2026-03-13 10:40:00,131.02,131.02,130.883,130.883,512
2026-03-13 10:45:00,130.85,130.85,130.762,130.762,244
2026-03-13 10:50:00,130.85,130.86,130.82,130.86,600
2026-03-13 10:55:00,130.75,130.75,130.65,130.65,300
2026-03-13 11:00:00,130.78,130.78,130.55,130.57,4128
2026-03-13 11:05:00,130.66,130.84,130.65,130.84,904
2026-03-13 11:10:00,130.895,130.91,130.895,130.91,200
2026-03-13 11:15:00,130.88,130.88,130.88,130.88,100
2026-03-13 11:20:00,130.84,130.855,130.705,130.705,712
2026-03-13 11:35:00,130.8219,130.8219,130.8219,130.8219,119
2026-03-13 11:40:00,130.73,130.73,130.73,130.73,148
2026-03-13 11:45:00,130.75,131.1,130.74,131.05,7444
2026-03-13 11:50:00,130.96,130.96,130.86,130.86,200
2026-03-13 11:55:00,130.78,130.78,130.675,130.735,458
2026-03-13 12:00:00,130.77,130.8101,130.69,130.69,1600
2026-03-13 12:05:00,130.735,130.82,130.69,130.79,1369
2026-03-13 12:10:00,130.88,130.975,130.75,130.75,1414
2026-03-13 12:15:00,130.725,130.725,130.71,130.71,7537
2026-03-13 12:20:00,130.74,130.88,130.66,130.74,6766
2026-03-13 12:25:00,130.75,130.78,130.67,130.67,700
2026-03-13 12:30:00,130.81,130.845,130.75,130.77,2568
2026-03-13 12:35:00,130.79,130.96,130.75,130.96,2004
2026-03-13 12:40:00,130.86,130.86,130.78,130.82,500
2026-03-13 12:45:00,130.7,130.84,130.7,130.84,2665
2026-03-13 12:50:00,130.89,130.9747,130.89,130.9747,929
2026-03-13 12:55:00,131.02,131.02,130.75,130.75,2666
2026-03-13 13:00:00,130.78,130.79,130.78,130.79,700
2026-03-13 13:10:00,130.87,130.96,130.87,130.96,1752
2026-03-13 13:15:00,130.99,130.99,130.905,130.905,989
2026-03-13 13:20:00,131.03,131.09,130.93,131.05,29140
2026-03-13 13:25:00,131.03,131.12,130.945,131.06,19545
2026-03-13 13:30:00,131.07,131.07,130.94,130.95,6988
2026-03-13 13:35:00,130.97,131.02,130.95,131.02,2846
2026-03-13 13:40:00,131.02,131.1,130.95,131.025,8727
2026-03-13 13:45:00,131.11,131.11,130.79,130.79,1800
2026-03-13 13:50:00,130.7,130.7,130.69,130.69,252
2026-03-13 13:55:00,130.695,130.695,130.67,130.67,1672
2026-03-13 14:00:00,130.71,130.715,130.71,130.715,295
2026-03-13 14:05:00,130.775,130.775,130.775,130.775,200
2026-03-13 14:15:00,130.83,130.83,130.83,130.83,100
2026-03-13 14:25:00,130.7593,130.83,130.749,130.83,1388
2026-03-13 14:30:00,130.785,130.785,130.785,130.785,420
2026-03-13 14:35:00,131.09,131.09,130.96,130.96,200
2026-03-13 14:40:00,131.0,131.04,130.94,131.04,433
2026-03-13 14:45:00,131.01,131.0151,131.01,131.0151,269
2026-03-13 14:50:00,131.0,131.0,131.0,131.0,100
2026-03-13 14:55:00,130.9081,130.935,130.88,130.935,1634
2026-03-13 15:05:00,130.87,130.88,130.825,130.88,1075
2026-03-13 15:10:00,130.9,130.95,130.9,130.95,453
2026-03-13 15:15:00,130.92,130.92,130.88,130.9151,734
2026-03-13 15:25:00,130.75,130.75,130.73,130.73,200
2026-03-13 15:30:00,130.77,130.825,130.77,130.79,1871
2026-03-13 15:35:00,130.78,130.7865,130.73,130.73,1081
2026-03-13 15:40:00,130.6351,130.6351,130.555,130.555,323
2026-03-13 15:45:00,130.6,130.61,130.57,130.57,1273
2026-03-13 15:50:00,130.61,130.61,130.61,130.61,230
2026-03-13 15:55:00,130.7,130.78,130.68,130.76,9241
2026-03-13 16:00:00,130.77,130.77,130.77,130.77,825
2026-03-16 09:30:00,131.91,131.91,131.86,131.86,4362
2026-03-16 09:35:00,131.94,131.94,131.94,131.94,108
2026-03-16 09:40:00,132.43,132.51,132.43,132.51,12785
2026-03-16 09:45:00,132.47,132.48,132.365,132.365,1599
2026-03-16 09:55:00,132.45,132.68,132.45,132.68,1487
2026-03-16 10:00:00,132.5001,132.71,132.5001,132.71,302
2026-03-16 10:05:00,132.62,132.76,132.62,132.71,3532
2026-03-16 10:15:00,132.62,132.63,132.49,132.49,2373
2026-03-16 10:20:00,132.61,132.61,132.565,132.565,350
2026-03-16 10:25:00,132.59,132.59,132.47,132.56,1287
2026-03-16 10:30:00,132.2499,132.2499,132.23,132.23,571
2026-03-16 10:40:00,132.02,132.02,131.9101,131.9101,249
2026-03-16 10:45:00,131.86,131.89,131.86,131.89,846
2026-03-16 10:50:00,131.91,132.12,131.91,132.11,691
2026-03-16 10:55:00,132.27,132.28,132.25,132.25,1014
2026-03-16 11:00:00,132.37,132.41,132.2961,132.2961,1366
2026-03-16 11:05:00,132.25,132.25,132.0601,132.124,901
2026-03-16 11:10:00,132.06,132.06,132.06,132.06,100
2026-03-16 11:15:00,132.02,132.21,132.02,132.2051,1745
2026-03-16 11:20:00,132.23,132.32,132.2,132.32,1037
2026-03-16 11:25:00,132.3199,132.3199,132.265,132.28,10828
2026-03-16 11:30:00,132.34,132.35,132.2901,132.35,2720
2026-03-16 11:35:00,132.32,132.32,132.32,132.32,169
2026-03-16 11:40:00,132.205,132.205,132.205,132.205,104
2026-03-16 11:50:00,132.01,132.02,132.01,132.02,300
2026-03-16 11:55:00,131.96,131.9601,131.82,131.83,539
2026-03-16 12:00:00,131.69,131.69,131.69,131.69,500
2026-03-16 12:05:00,131.59,131.77,131.59,131.77,603
2026-03-16 12:20:00,131.8711,131.88,131.68,131.68,508
2026-03-16 12:25:00,131.615,131.63,131.514,131.55,1399
2026-03-16 12:30:00,131.5202,131.61,131.52,131.61,1200
2026-03-16 12:35:00,131.55,131.57,131.54,131.57,300
2026-03-16 12:40:00,131.695,131.79,131.695,131.78,467
2026-03-16 12:45:00,131.67,131.67,131.67,131.67,154
2026-03-16 12:50:00,131.645,131.72,131.645,131.67,413
2026-03-16 12:55:00,131.54,131.555,131.53,131.555,500
2026-03-16 13:00:00,131.545,131.68,131.545,131.61,14933
2026-03-16 13:05:00,131.59,131.65,131.56,131.63,3400
2026-03-16 13:10:00,131.72,131.8,131.67,131.78,1100
2026-03-16 13:15:00,131.76,131.77,131.73,131.77,1300
2026-03-16 13:20:00,131.81,131.87,131.75,131.84,3298
2026-03-16 13:25:00,131.83,131.84,131.8,131.81,1919
2026-03-16 13:30:00,131.84,131.9,131.84,131.84,2959
2026-03-16 13:40:00,131.749,131.749,131.749,131.749,172
2026-03-16 13:45:00,131.54,131.56,131.54,131.56,300
2026-03-16 13:50:00,131.61,131.61,131.61,131.61,100
2026-03-16 13:55:00,131.61,131.6625,131.6001,131.6625,3325
2026-03-16 14:00:00,131.6601,131.6601,131.6601,131.6601,2180
2026-03-16 14:05:00,131.715,131.79,131.71,131.76,4121
2026-03-16 14:10:00,131.74,131.7765,131.67,131.73,1810
2026-03-16 14:15:00,131.74,131.83,131.74,131.83,4968
2026-03-16 14:20:00,131.86,131.92,131.84,131.875,4841
2026-03-16 14:25:00,131.89,131.89,131.81,131.88,3204
2026-03-16 14:30:00,131.885,131.95,131.86,131.94,1610
2026-03-16 14:35:00,131.925,131.97,131.9,131.97,1657
2026-03-16 14:40:00,132.0,132.01,131.94,131.99,1097
2026-03-16 14:45:00,132.02,132.03,131.99,132.01,2070
2026-03-16 14:50:00,132.0,132.01,131.94,131.94,1600
2026-03-16 14:55:00,131.885,131.885,131.84,131.87,3336
2026-03-16 15:00:00,131.92,131.955,131.915,131.915,1213
2026-03-16 15:05:00,131.915,131.92,131.8333,131.92,1731
2026-03-16 15:10:00,132.08,132.08,131.7799,131.7799,3227
2026-03-16 15:15:00,131.755,131.8,131.685,131.685,2157
2026-03-16 15:20:00,131.665,131.77,131.665,131.76,1912
2026-03-16 15:25:00,131.715,131.715,131.58,131.64,23051
2026-03-16 15:30:00,131.67,131.67,131.59,131.61,2058
2026-03-16 15:35:00,131.56,131.61,131.54,131.565,3262
2026-03-16 15:40:00,131.55,131.57,131.47,131.49,2049
2026-03-16 15:45:00,131.47,131.525,131.42,131.525,1460
2026-03-16 15:50:00,131.54,131.59,131.49,131.5075,770
2026-03-16 15:55:00,131.52,131.53,131.42,131.43,2681
2026-03-16 16:00:00,131.43,131.43,131.43,131.43,382
2026-03-17 09:25:00,131.98,132.03,131.98,132.03,1400
2026-03-17 09:30:00,132.01,132.5621,132.01,132.5621,3629
2026-03-17 09:35:00,132.76,132.9,132.76,132.9,203
2026-03-17 09:40:00,132.836,132.836,132.77,132.77,1100
2026-03-17 09:45:00,132.75,132.9593,132.75,132.9593,530
2026-03-17 09:50:00,132.895,133.008,132.8559,133.008,1914
2026-03-17 10:00:00,132.83,132.89,132.83,132.89,200
2026-03-17 10:10:00,132.795,132.795,132.66,132.66,1222
2026-03-17 10:15:00,132.5363,132.5363,132.29,132.33,1716
2026-03-17 10:20:00,132.375,132.375,132.1599,132.18,2530
2026-03-17 10:25:00,131.95,132.225,131.95,132.225,566
2026-03-17 10:30:00,132.3,132.3,132.3,132.3,100
2026-03-17 10:35:00,132.32,132.34,132.32,132.34,200
2026-03-17 10:40:00,132.4,132.4,132.4,132.4,295
2026-03-17 10:45:00,132.617,132.617,132.617,132.617,275
2026-03-17 10:50:00,132.66,132.68,132.66,132.68,400
2026-03-17 10:55:00,132.74,132.78,132.74,132.78,600
2026-03-17 11:00:00,132.78,132.78,132.5901,132.61,6915
2026-03-17 11:05:00,132.535,132.535,132.535,132.535,100
2026-03-17 11:10:00,132.42,132.465,132.35,132.465,335
2026-03-17 11:15:00,132.5,132.545,132.5,132.545,400
2026-03-17 11:20:00,132.3851,132.3851,132.3851,132.3851,160
2026-03-17 11:25:00,132.58,132.58,132.53,132.53,205
2026-03-17 11:30:00,132.45,132.45,132.28,132.3,1064
2026-03-17 11:35:00,132.28,132.28,132.22,132.22,200
2026-03-17 11:40:00,132.16,132.165,132.16,132.165,309
2026-03-17 11:45:00,132.3065,132.3065,132.19,132.2004,503
2026-03-17 11:50:00,132.19,132.19,132.19,132.19,307
2026-03-17 11:55:00,132.2101,132.2101,132.19,132.19,220
2026-03-17 12:00:00,132.0869,132.0869,132.045,132.045,779
2026-03-17 12:05:00,132.07,132.07,131.91,132.023,1056
2026-03-17 12:10:00,131.99,132.06,131.99,132.05,600
2026-03-17 12:15:00,132.2001,132.2001,132.1699,132.1699,2435
2026-03-17 12:20:00,132.2,132.2,132.2,132.2,166
2026-03-17 12:30:00,132.02,132.0699,132.02,132.0699,4209
2026-03-17 12:40:00,131.96,132.0999,131.96,132.0999,1665
2026-03-17 12:45:00,132.2,132.2,132.17,132.17,1440
2026-03-17 12:50:00,132.2,132.2301,132.18,132.19,1025
2026-03-17 12:55:00,132.2,132.245,132.1007,132.1007,528
2026-03-17 13:00:00,132.21,132.21,132.21,132.21,100
2026-03-17 13:05:00,132.34,132.3845,132.34,132.3845,717
2026-03-17 13:10:00,132.31,132.31,132.31,132.31,120
2026-03-17 13:15:00,132.26,132.3499,132.26,132.3499,5587
2026-03-17 13:25:00,132.325,132.325,132.296,132.296,315
2026-03-17 13:30:00,132.2651,132.2651,132.2651,132.2651,225
2026-03-17 13:35:00,132.3306,132.3306,132.3268,132.3268,625
2026-03-17 13:40:00,132.35,132.35,132.29,132.29,956
2026-03-17 13:45:00,132.2584,132.28,132.14,132.28,5845
2026-03-17 13:50:00,132.295,132.315,132.295,132.315,2150
2026-03-17 14:00:00,132.38,132.4,132.38,132.4,205
2026-03-17 14:05:00,132.3869,132.3887,132.3869,132.3887,868
2026-03-17 14:10:00,132.4594,132.4594,132.445,132.445,447
2026-03-17 14:15:00,132.34,132.34,132.34,132.34,100
2026-03-17 14:20:00,132.205,132.205,132.205,132.205,1285
2026-03-17 14:25:00,132.11,132.1599,132.11,132.1175,2998
2026-03-17 14:30:00,132.14,132.1588,132.14,132.1588,417
2026-03-17 14:35:00,132.165,132.2384,132.165,132.2384,448
2026-03-17 14:45:00,132.25,132.3216,132.25,132.3216,1210
2026-03-17 14:50:00,132.3789,132.3789,132.3789,132.3789,100
2026-03-17 14:55:00,132.287,132.35,132.287,132.35,3635
2026-03-17 15:00:00,132.35,132.35,132.29,132.29,603
2026-03-17 15:05:00,132.2315,132.2701,132.2315,132.2701,759
2026-03-17 15:10:00,132.349,132.3551,132.31,132.31,525
2026-03-17 15:15:00,132.36,132.4,132.35,132.35,739
2026-03-17 15:20:00,132.22,132.22,132.22,132.22,131
2026-03-17 15:25:00,132.2097,132.2097,132.16,132.16,308
2026-03-17 15:30:00,132.19,132.21,132.18,132.18,722
2026-03-17 15:35:00,132.19,132.1999,132.19,132.1999,205
2026-03-17 15:40:00,132.16,132.1899,132.15,132.184,2122
2026-03-17 15:45:00,132.2085,132.2085,132.18,132.18,748
2026-03-17 15:50:00,132.21,132.22,132.21,132.22,600
2026-03-17 15:55:00,132.1719,132.1719,131.98,132.01,1348
2026-03-17 16:00:00,132.04,132.04,132.04,132.04,643
2026-03-18 09:30:00,131.35,131.76,131.35,131.635,9575
2026-03-18 09:35:00,131.65,131.65,131.65,131.65,200
2026-03-18 09:40:00,131.765,131.8,131.64,131.64,1290
2026-03-18 09:45:00,131.765,131.92,131.73,131.92,397
2026-03-18 09:55:00,131.855,131.855,131.855,131.855,235
2026-03-18 10:00:00,131.96,131.96,131.6,131.6,585
2026-03-18 10:10:00,131.4736,131.4736,131.11,131.11,1795
2026-03-18 10:20:00,131.145,131.2445,131.145,131.15,756
2026-03-18 10:25:00,131.06,131.1,131.06,131.1,300
2026-03-18 10:30:00,131.0685,131.24,131.04,131.11,1971
2026-03-18 10:35:00,131.19,131.19,131.19,131.19,100
2026-03-18 10:45:00,131.07,131.09,131.07,131.085,600
2026-03-18 10:50:00,131.12,131.155,131.12,131.155,420
2026-03-18 10:55:00,131.13,131.13,131.13,131.13,556
2026-03-18 11:00:00,131.355,131.39,131.355,131.365,486
2026-03-18 11:05:00,131.43,131.61,131.43,131.61,567
2026-03-18 11:10:00,131.4806,131.54,131.4806,131.52,1436
2026-03-18 11:15:00,131.495,131.495,131.49,131.49,600
2026-03-18 11:20:00,131.47,131.47,131.36,131.46,1178
2026-03-18 11:25:00,131.48,131.48,131.4,131.4,607
2026-03-18 11:30:00,131.4038,131.52,131.4038,131.5101,912
2026-03-18 11:35:00,131.5,131.59,131.5,131.505,641
2026-03-18 11:40:00,131.42,131.48,131.4,131.4451,2056
2026-03-18 11:45:00,131.48,131.48,131.3917,131.3917,216
2026-03-18 11:55:00,131.36,131.43,131.325,131.415,925
2026-03-18 12:00:00,131.37,131.37,131.313,131.345,1400
2026-03-18 12:15:00,131.505,131.505,131.505,131.505,155
2026-03-18 12:25:00,131.53,131.555,131.53,131.555,341
2026-03-18 12:30:00,131.58,131.58,131.465,131.5199,1034
2026-03-18 12:35:00,131.468,131.468,131.37,131.4,469
2026-03-18 12:40:00,131.51,131.58,131.51,131.58,794
2026-03-18 12:45:00,131.5286,131.57,131.5286,131.57,505
2026-03-18 12:50:00,131.595,131.63,131.595,131.63,266
2026-03-18 12:55:00,131.6775,131.755,131.6775,131.755,305
2026-03-18 13:00:00,131.68,131.68,131.58,131.58,350
2026-03-18 13:05:00,131.72,131.72,131.72,131.72,100
2026-03-18 13:10:00,131.6421,131.6431,131.6421,131.6431,320
2026-03-18 13:15:00,131.71,131.71,131.7,131.7,691
2026-03-18 13:20:00,131.6824,131.745,131.6824,131.735,1126
2026-03-18 13:25:00,131.59,131.6132,131.59,131.59,953
2026-03-18 13:30:00,131.59,131.59,131.59,131.59,200
2026-03-18 13:35:00,131.7,131.7,131.7,131.7,100
2026-03-18 13:40:00,131.675,131.675,131.62,131.62,221
2026-03-18 13:45:00,131.7,131.7,131.57,131.61,774
2026-03-18 13:50:00,131.475,131.475,131.475,131.475,154
2026-03-18 13:55:00,131.65,131.65,131.62,131.62,200
2026-03-18 14:00:00,131.69,131.69,131.53,131.53,607
2026-03-18 14:05:00,131.6,131.6,131.58,131.58,300
2026-03-18 14:10:00,131.59,131.64,131.59,131.64,300
2026-03-18 14:15:00,131.55,131.55,131.4,131.4,625
2026-03-18 14:20:00,131.5265,131.5265,131.52,131.52,200
2026-03-18 14:25:00,131.54,131.66,131.54,131.66,1731
2026-03-18 14:30:00,131.62,131.62,131.56,131.56,309
2026-03-18 14:35:00,131.45,131.77,131.45,131.565,1658
2026-03-18 14:40:00,131.44,131.51,131.39,131.425,1970
2026-03-18 14:45:00,131.34,131.34,131.34,131.34,100
2026-03-18 14:50:00,131.26,131.31,131.12,131.15,1237
2026-03-18 14:55:00,131.03,131.08,130.98,131.08,3841
2026-03-18 15:00:00,131.07,131.21,131.07,131.21,1912
2026-03-18 15:05:00,131.23,131.29,131.23,131.27,2450
2026-03-18 15:10:00,131.2026,131.2599,131.17,131.17,881
2026-03-18 15:15:00,131.0856,131.1026,131.0856,131.1026,915
2026-03-18 15:20:00,131.0475,131.0475,130.93,130.94,1582
2026-03-18 15:25:00,130.8997,130.8997,130.8997,130.8997,246
2026-03-18 15:30:00,130.8433,130.8433,130.82,130.82,688
2026-03-18 15:35:00,130.806,130.8899,130.806,130.8899,851
2026-03-18 15:40:00,130.795,130.795,130.715,130.73,1687
2026-03-18 15:45:00,130.7,130.7,130.655,130.6749,510
2026-03-18 15:50:00,130.69,130.77,130.66,130.66,900
2026-03-18 15:55:00,130.62,130.62,130.45,130.45,2132
2026-03-18 16:00:00,130.5,130.5,130.5,130.5,160
2026-03-19 09:30:00,129.32,129.62,129.18,129.62,8331
2026-03-19 09:35:00,129.55,129.55,129.4801,129.4801,554
2026-03-19 09:40:00,129.62,129.64,129.62,129.64,918
2026-03-19 09:45:00,129.68,129.7641,129.63,129.7641,3839
2026-03-19 09:50:00,129.78,129.95,129.76,129.95,850
2026-03-19 09:55:00,129.93,129.96,129.9,129.96,900
2026-03-19 10:00:00,129.98,130.2078,129.9,130.2078,6112
2026-03-19 10:05:00,129.98,129.98,129.96,129.96,400
2026-03-19 10:10:00,129.96,130.145,129.96,130.145,634
2026-03-19 10:15:00,129.64,129.68,129.595,129.595,2006
2026-03-19 10:20:00,129.585,129.585,129.4921,129.4921,397
2026-03-19 10:25:00,129.33,129.35,129.215,129.215,2366
2026-03-19 10:30:00,129.245,129.7,129.245,129.7,1080
2026-03-19 10:35:00,129.78,129.81,129.45,129.45,2836
2026-03-19 10:40:00,129.41,129.65,129.41,129.55,675
2026-03-19 10:45:00,129.56,129.59,129.45,129.54,2046
2026-03-19 10:50:00,129.5,129.59,129.415,129.415,1502
2026-03-19 10:55:00,129.48,129.52,129.42,129.43,1300
2026-03-19 11:00:00,129.47,129.52,129.47,129.52,814
2026-03-19 11:05:00,129.63,129.736,129.63,129.69,649
2026-03-19 11:10:00,129.655,129.655,129.655,129.655,253
2026-03-19 11:15:00,129.75,129.75,129.74,129.74,568
2026-03-19 11:20:00,129.59,129.59,129.58,129.58,298
2026-03-19 11:25:00,129.57,129.63,129.49,129.6,4970
2026-03-19 11:30:00,129.56,129.57,129.38,129.385,7200
2026-03-19 11:35:00,129.36,129.375,129.3115,129.375,3464
2026-03-19 11:40:00,129.3152,129.51,129.3152,129.38,674
2026-03-19 11:45:00,129.365,129.5,129.27,129.5,1725
2026-03-19 11:50:00,129.39,129.39,129.39,129.39,100
2026-03-19 11:55:00,129.37,129.57,129.37,129.52,1510
2026-03-19 12:00:00,129.59,129.84,129.59,129.76,1600
2026-03-19 12:05:00,129.67,129.755,129.59,129.595,939
2026-03-19 12:10:00,129.52,129.52,129.4,129.4,1725
2026-03-19 12:15:00,129.385,129.385,129.33,129.33,1377
2026-03-19 12:20:00,129.37,129.37,129.35,129.35,280
2026-03-19 12:25:00,129.415,129.44,129.39,129.44,334
2026-03-19 12:30:00,129.4599,129.5082,129.4599,129.5082,397
2026-03-19 12:35:00,129.435,129.475,129.385,129.475,912
2026-03-19 12:40:00,129.45,129.5412,129.45,129.5,1174
2026-03-19 12:45:00,129.47,129.47,129.3134,129.3134,545
2026-03-19 12:50:00,129.21,129.21,129.04,129.04,374
2026-03-19 12:55:00,129.21,129.21,129.18,129.18,327
2026-03-19 13:00:00,129.1951,129.235,129.1885,129.2189,3340
2026-03-19 13:05:00,129.2,129.22,129.03,129.03,3500
2026-03-19 13:10:00,129.05,129.105,128.935,128.98,1346
2026-03-19 13:15:00,128.94,128.94,128.94,128.94,100
2026-03-19 13:20:00,129.2193,129.255,129.18,129.255,1495
2026-03-19 13:25:00,129.3,129.3,129.3,129.3,115
2026-03-19 13:30:00,129.325,129.325,129.175,129.175,286
2026-03-19 13:35:00,129.08,129.085,129.08,129.085,676
2026-03-19 13:40:00,129.115,129.115,129.115,129.115,300
2026-03-19 13:45:00,129.21,129.257,129.2,129.257,1503
2026-03-19 13:50:00,129.3499,129.3499,129.3499,129.3499,876
2026-03-19 13:55:00,129.345,129.38,129.345,129.37,995
2026-03-19 14:00:00,129.235,129.235,129.235,129.235,120
2026-03-19 14:10:00,129.4,129.56,129.4,129.56,635
2026-03-19 14:15:00,129.5,129.5,129.465,129.47,490
2026-03-19 14:20:00,129.47,129.48,129.395,129.395,1512
2026-03-19 14:25:00,129.35,129.35,129.32,129.32,546
2026-03-19 14:30:00,129.296,129.33,129.28,129.28,785
2026-03-19 14:40:00,129.21,129.215,129.21,129.215,1297
2026-03-19 14:45:00,129.1892,129.25,129.1892,129.23,711
2026-03-19 14:50:00,129.245,129.3709,129.23,129.3709,650
2026-03-19 14:55:00,129.61,129.6509,129.61,129.6509,1743
2026-03-19 15:00:00,130.11,130.36,130.11,130.25,600
2026-03-19 15:05:00,130.55,131.01,130.55,130.96,2994
2026-03-19 15:10:00,130.64,130.9243,130.64,130.79,1533
2026-03-19 15:15:00,130.8,130.8,130.58,130.74,4802
2026-03-19 15:20:00,130.64,130.66,130.55,130.565,3251
2026-03-19 15:25:00,130.435,130.435,130.24,130.3189,624
2026-03-19 15:30:00,130.25,130.29,130.19,130.29,31839
2026-03-19 15:35:00,130.14,130.32,130.12,130.29,3901
2026-03-19 15:40:00,130.375,130.375,130.335,130.355,562
2026-03-19 15:45:00,130.3,130.445,130.3,130.445,473
2026-03-19 15:50:00,130.33,130.36,130.2801,130.305,2159
2026-03-19 15:55:00,130.27,130.35,130.27,130.33,4675
2026-03-19 16:00:00,130.33,130.33,130.33,130.33,447
2026-03-20 09:30:00,129.94,130.41,129.67,129.67,23185
2026-03-20 09:35:00,129.62,129.82,129.555,129.62,2164
2026-03-20 09:40:00,129.61,129.65,129.6,129.65,320
2026-03-20 09:45:00,129.86,130.01,129.79,129.79,2204
2026-03-20 09:50:00,129.7,129.7,129.46,129.53,1320
2026-03-20 09:55:00,129.51,129.51,129.34,129.37,2429
2026-03-20 10:00:00,129.26,129.38,129.25,129.26,3953
2026-03-20 10:05:00,129.38,129.46,129.35,129.38,1725
2026-03-20 10:10:00,129.4,129.48,128.91,128.91,2265
2026-03-20 10:15:00,128.96,128.96,128.83,128.86,957
2026-03-20 10:20:00,128.95,128.98,128.84,128.87,2576
2026-03-20 10:25:00,128.9,128.9,128.84,128.84,300
2026-03-20 10:30:00,128.88,129.175,128.88,129.175,1301
2026-03-20 10:35:00,129.2579,129.28,129.01,129.04,4324
2026-03-20 10:40:00,129.2599,129.3,129.18,129.18,4916
2026-03-20 10:45:00,129.16,129.35,129.16,129.33,3628
2026-03-20 10:50:00,129.27,129.27,129.13,129.13,1213
2026-03-20 10:55:00,129.09,129.24,129.07,129.07,1316
2026-03-20 11:00:00,129.26,129.31,129.08,129.14,1950
2026-03-20 11:10:00,129.2,129.42,129.2,129.42,740
2026-03-20 11:15:00,129.48,129.49,129.27,129.27,1572
2026-03-20 11:20:00,129.14,129.685,129.14,129.31,23811
2026-03-20 11:25:00,129.29,129.31,128.89,128.98,2901
2026-03-20 11:30:00,128.98,129.12,128.98,129.12,1688
2026-03-20 11:35:00,129.115,129.17,129.03,129.105,4329
2026-03-20 11:40:00,129.04,129.08,128.98,128.985,932
2026-03-20 11:45:00,128.9699,129.02,128.9699,129.01,1599
2026-03-20 11:50:00,129.0,129.07,128.9201,129.02,6006
2026-03-20 11:55:00,129.05,129.11,128.965,129.08,3377
2026-03-20 12:00:00,129.15,129.15,129.12,129.12,516
2026-03-20 12:05:00,129.18,129.18,129.01,129.01,1216
2026-03-20 12:10:00,129.12,129.12,129.06,129.11,670
2026-03-20 12:15:00,129.05,129.11,129.03,129.1,1220
2026-03-20 12:20:00,129.16,129.19,129.11,129.175,1158
2026-03-20 12:25:00,128.97,129.04,128.97,129.02,816
2026-03-20 12:30:00,128.93,128.94,128.79,128.94,1868
2026-03-20 12:35:00,128.9799,128.98,128.9043,128.9043,4713
2026-03-20 12:40:00,129.04,129.04,129.04,129.04,116
2026-03-20 12:45:00,129.01,129.07,128.9901,129.07,1177
2026-03-20 12:50:00,129.12,129.18,128.9403,129.145,2473
2026-03-20 12:55:00,129.265,129.2684,129.23,129.23,701
2026-03-20 13:00:00,129.28,129.28,129.28,129.28,300
2026-03-20 13:05:00,129.25,129.25,129.09,129.21,3430
2026-03-20 13:10:00,129.2441,129.2441,129.1,129.1,700
2026-03-20 13:15:00,129.12,129.12,129.12,129.12,209
2026-03-20 13:20:00,129.21,129.21,129.2,129.2,300
2026-03-20 13:25:00,129.2,129.23,129.12,129.15,22387
2026-03-20 13:30:00,129.16,129.18,128.98,128.98,5113
2026-03-20 13:35:00,129.0,129.075,128.8678,129.075,2799
2026-03-20 13:40:00,129.05,129.115,129.04,129.04,1918
2026-03-20 13:45:00,129.07,129.07,128.97,128.97,2748
2026-03-20 13:50:00,128.98,128.99,128.98,128.99,200
2026-03-20 13:55:00,129.06,129.06,129.01,129.01,3700
2026-03-20 14:00:00,129.08,129.08,128.87,128.87,2450
2026-03-20 14:05:00,128.85,128.85,128.82,128.82,1653
2026-03-20 14:10:00,128.69,128.73,128.69,128.725,961
2026-03-20 14:15:00,128.76,128.76,128.64,128.64,844
2026-03-20 14:20:00,128.69,128.71,128.29,128.29,4075
2026-03-20 14:25:00,128.365,128.4299,128.34,128.38,1757
2026-03-20 14:30:00,128.4,128.42,128.37,128.39,1738
2026-03-20 14:35:00,128.275,128.275,128.24,128.24,328
2026-03-20 14:40:00,128.3,128.3,128.22,128.22,1404
2026-03-20 14:45:00,128.12,128.19,128.12,128.155,1774
2026-03-20 14:50:00,128.14,128.2475,128.14,128.225,1044
2026-03-20 14:55:00,128.16,128.16,128.09,128.11,1310
2026-03-20 15:00:00,128.19,128.19,128.16,128.18,634
2026-03-20 15:05:00,128.08,128.11,128.08,128.11,200
2026-03-20 15:10:00,127.97,127.9988,127.97,127.9988,217
2026-03-20 15:20:00,128.064,128.064,127.945,127.945,696
2026-03-20 15:25:00,127.875,127.91,127.875,127.91,451
2026-03-20 15:30:00,127.965,127.965,127.75,127.75,619
2026-03-20 15:35:00,127.67,127.68,127.51,127.62,2550
2026-03-20 15:40:00,127.68,127.68,127.675,127.675,295
2026-03-20 15:45:00,127.75,127.8199,127.6701,127.7399,4993
2026-03-20 15:50:00,127.47,128.2,127.47,128.2,2248
2026-03-20 15:55:00,128.16,128.23,128.13,128.16,4450
2026-03-20 16:00:00,128.08,128.08,128.08,128.08,6640
2026-03-20 17:10:00,129.43,129.55,129.43,129.55,3225
2026-03-23 09:25:00,130.72,130.72,130.72,130.72,841
2026-03-23 09:30:00,130.46,131.05,130.1,130.1,4073
2026-03-23 09:35:00,130.075,130.33,130.07,130.33,730
2026-03-23 09:40:00,130.615,131.09,130.615,130.93,6633
2026-03-23 09:45:00,130.71,130.95,130.5801,130.95,1648
2026-03-23 09:50:00,131.31,131.31,131.31,131.31,214
2026-03-23 09:55:00,131.38,131.5,131.38,131.5,962
2026-03-23 10:00:00,131.39,131.43,131.39,131.39,500
2026-03-23 10:05:00,131.46,131.4851,131.44,131.4851,771
2026-03-23 10:10:00,131.415,131.53,131.415,131.53,714
2026-03-23 10:15:00,131.6,131.66,131.6,131.61,1862
2026-03-23 10:20:00,131.59,131.81,131.59,131.81,929
2026-03-23 10:25:00,131.66,131.79,131.6101,131.79,5948
2026-03-23 10:30:00,131.473,131.58,131.473,131.58,24837
2026-03-23 10:35:00,131.64,131.65,131.4899,131.525,1200
2026-03-23 10:40:00,131.56,131.75,131.56,131.71,3222
2026-03-23 10:45:00,131.68,132.07,131.68,131.93,4183
2026-03-23 10:50:00,131.97,132.14,131.88,132.04,2152
2026-03-23 10:55:00,132.12,132.22,132.02,132.16,5038
2026-03-23 11:00:00,132.17,132.39,132.14,132.3,10731
2026-03-23 11:05:00,132.34,132.44,132.33,132.38,7068
2026-03-23 11:10:00,132.36,132.43,132.33,132.33,6502
2026-03-23 11:15:00,132.34,132.36,132.22,132.22,4951
2026-03-23 11:20:00,132.17,132.35,132.12,132.31,4208
2026-03-23 11:25:00,132.26,132.32,132.04,132.04,2367
2026-03-23 11:30:00,132.08,132.08,131.97,131.97,1186
2026-03-23 11:35:00,131.91,131.96,131.725,131.785,1514
2026-03-23 11:40:00,131.625,131.625,131.5641,131.5641,255
2026-03-23 11:45:00,131.565,131.71,131.565,131.69,3961
2026-03-23 11:50:00,131.5519,131.61,131.3,131.39,2801
2026-03-23 11:55:00,131.065,131.065,130.9201,130.961,1065
2026-03-23 12:00:00,131.05,131.05,130.965,131.02,408
2026-03-23 12:05:00,131.08,131.14,131.07,131.125,1120
2026-03-23 12:10:00,131.05,131.16,131.04,131.04,948
2026-03-23 12:15:00,131.0151,131.02,130.9501,131.02,738
2026-03-23 12:20:00,130.95,130.98,130.8,130.8,2709
2026-03-23 12:25:00,130.865,130.865,130.865,130.865,100
2026-03-23 12:30:00,130.521,130.715,130.5,130.715,10096
2026-03-23 12:35:00,130.83,130.92,130.8,130.85,859
2026-03-23 12:40:00,130.84,130.84,130.84,130.84,200
2026-03-23 12:45:00,130.97,130.97,130.96,130.96,225
2026-03-23 12:50:00,130.93,130.94,130.8294,130.8294,609
2026-03-23 12:55:00,130.93,130.93,130.8654,130.8654,578
2026-03-23 13:00:00,130.97,130.99,130.97,130.99,400
2026-03-23 13:10:00,131.0,131.08,131.0,131.08,226
2026-03-23 13:15:00,130.9,130.9,130.9,130.9,120
2026-03-23 13:20:00,130.82,130.8801,130.82,130.85,327
2026-03-23 13:25:00,130.9219,130.959,130.9219,130.959,7305
2026-03-23 13:30:00,130.9896,131.43,130.9896,131.43,4201
2026-03-23 13:35:00,131.515,131.66,131.515,131.66,1579
2026-03-23 13:40:00,131.61,131.61,131.4,131.4099,1023
2026-03-23 13:45:00,131.38,131.41,131.38,131.405,4976
2026-03-23 13:50:00,131.48,131.48,131.41,131.48,2479
2026-03-23 13:55:00,131.53,131.615,131.505,131.615,970
2026-03-23 14:00:00,131.595,131.595,131.53,131.57,1268
2026-03-23 14:05:00,131.5401,131.575,131.25,131.475,2184
2026-03-23 14:10:00,131.48,131.59,131.455,131.525,820
2026-03-23 14:15:00,131.52,131.52,131.45,131.46,965
2026-03-23 14:20:00,131.435,131.435,131.415,131.415,528
2026-03-23 14:25:00,131.47,131.52,131.47,131.52,3380
2026-03-23 14:30:00,131.54,131.75,131.54,131.75,4041
2026-03-23 14:35:00,131.835,131.93,131.77,131.815,1470
2026-03-23 14:40:00,131.88,131.885,131.77,131.78,2417
2026-03-23 14:45:00,131.7991,131.835,131.795,131.835,1219
2026-03-23 14:50:00,131.8081,131.82,131.685,131.685,604
2026-03-23 14:55:00,131.705,131.705,131.64,131.69,2808
2026-03-23 15:00:00,131.695,131.695,131.58,131.68,2123
2026-03-23 15:05:00,131.61,131.61,131.525,131.545,2572
2026-03-23 15:10:00,131.575,131.575,131.41,131.42,2993
2026-03-23 15:15:00,131.32,131.32,131.23,131.235,1492
2026-03-23 15:20:00,131.1401,131.175,131.1401,131.16,3333
2026-03-23 15:25:00,131.055,131.07,131.01,131.06,2430
2026-03-23 15:30:00,131.0603,131.08,131.03,131.03,2537
2026-03-23 15:35:00,131.025,131.06,131.01,131.05,4284
2026-03-23 15:40:00,131.07,131.12,131.05,131.06,3205
2026-03-23 15:45:00,131.11,131.185,130.98,131.1,33497
2026-03-23 15:50:00,131.09,131.14,130.84,130.87,2812
2026-03-23 15:55:00,130.86,130.86,130.54,130.58,7304
2026-03-23 16:00:00,130.55,130.55,130.55,130.55,1076
2026-03-24 09:30:00,129.57,129.64,129.32,129.6315,16925
2026-03-24 09:35:00,129.965,129.98,129.81,129.87,6800
2026-03-24 09:40:00,129.85,130.11,129.76,130.11,2955
2026-03-24 09:45:00,130.06,130.06,129.95,129.95,2737
2026-03-24 09:50:00,129.809,129.809,129.809,129.809,258
2026-03-24 10:00:00,130.1182,130.24,130.03,130.24,1074
2026-03-24 10:05:00,130.33,130.3351,130.33,130.3351,214
2026-03-24 10:10:00,130.58,130.61,130.58,130.61,700
2026-03-24 10:15:00,130.76,130.82,130.5665,130.79,25065
2026-03-24 10:20:00,130.98,131.075,130.98,131.075,606
2026-03-24 10:25:00,131.04,131.18,131.035,131.18,1146
2026-03-24 10:30:00,131.04,131.185,131.03,131.15,35501
2026-03-24 10:35:00,131.19,131.19,130.97,131.12,20919
2026-03-24 10:40:00,131.09,131.33,131.07,131.22,11698
2026-03-24 10:45:00,131.26,131.355,131.085,131.095,6312
2026-03-24 10:50:00,130.9791,131.77,130.9791,131.56,4435
2026-03-24 10:55:00,131.615,131.85,131.44,131.59,3165
2026-03-24 11:00:00,131.88,131.97,131.79,131.85,2143
2026-03-24 11:05:00,131.795,131.83,131.785,131.785,416
2026-03-24 11:10:00,131.9699,131.97,131.9699,131.97,783
2026-03-24 11:15:00,131.98,132.05,131.98,132.05,392
2026-03-24 11:20:00,132.23,132.25,132.23,132.25,857
2026-03-24 11:30:00,132.22,132.25,132.1401,132.1401,4937
2026-03-24 11:35:00,132.25,132.3,132.2403,132.29,917
2026-03-24 11:40:00,132.275,132.3,132.26,132.26,1028
2026-03-24 11:45:00,132.26,132.26,132.26,132.26,200
2026-03-24 11:50:00,132.44,132.44,132.32,132.34,1384
2026-03-24 11:55:00,132.245,132.245,131.9288,132.04,3051
2026-03-24 12:00:00,132.0,132.0,131.93,131.98,2319
2026-03-24 12:05:00,131.96,132.09,131.96,132.03,1950
2026-03-24 12:10:00,132.17,132.23,132.165,132.23,5249
2026-03-24 12:15:00,132.21,132.375,132.2,132.31,1430
2026-03-24 12:20:00,132.23,132.33,132.23,132.32,594
2026-03-24 12:25:00,132.3,132.33,132.275,132.2996,1729
2026-03-24 12:30:00,132.32,132.32,132.27,132.275,617
2026-03-24 12:35:00,132.16,132.17,132.06,132.06,1595
2026-03-24 12:40:00,132.285,132.285,132.285,132.285,494
2026-03-24 12:45:00,132.42,132.42,132.28,132.3,500
2026-03-24 12:50:00,132.235,132.34,132.235,132.34,803
2026-03-24 12:55:00,132.27,132.28,132.17,132.28,2456
2026-03-24 13:00:00,132.345,132.355,132.09,132.09,1500
2026-03-24 13:05:00,131.86,131.86,131.7267,131.74,21616
2026-03-24 13:10:00,131.69,131.775,131.68,131.68,300
2026-03-24 13:20:00,131.8,131.83,131.76,131.77,1883
2026-03-24 13:25:00,131.77,131.79,131.73,131.78,1241
2026-03-24 13:30:00,131.68,131.68,131.68,131.68,100
2026-03-24 13:35:00,131.646,131.76,131.64,131.76,1234
2026-03-24 13:45:00,131.66,131.66,131.66,131.66,283
2026-03-24 13:50:00,131.69,131.9,131.63,131.63,4175
2026-03-24 13:55:00,131.685,131.9407,131.685,131.9099,6864
2026-03-24 14:00:00,131.98,131.98,131.84,131.87,1900
2026-03-24 14:05:00,131.89,131.89,131.75,131.75,1292
2026-03-24 14:15:00,131.69,131.8,131.69,131.72,1300
2026-03-24 14:20:00,131.82,131.82,131.78,131.78,318
2026-03-24 14:25:00,131.8599,131.96,131.8599,131.885,1006
2026-03-24 14:35:00,132.04,132.35,132.04,132.35,909
2026-03-24 14:40:00,132.13,132.13,132.025,132.025,650
2026-03-24 14:45:00,132.11,132.11,132.1,132.1,300
2026-03-24 14:50:00,132.14,132.245,132.12,132.12,1648
2026-03-24 14:55:00,132.085,132.1,132.05,132.1,1830
2026-03-24 15:00:00,132.175,132.19,132.175,132.19,386
2026-03-24 15:05:00,132.1033,132.11,132.09,132.11,546
2026-03-24 15:10:00,132.145,132.17,132.14,132.15,560
2026-03-24 15:15:00,132.02,132.04,131.99,131.995,3615
2026-03-24 15:25:00,131.87,131.88,131.87,131.88,305
2026-03-24 15:30:00,131.82,131.89,131.82,131.84,460
2026-03-24 15:35:00,131.8,131.87,131.8,131.83,2558
2026-03-24 15:40:00,131.915,131.93,131.87,131.9,28947
2026-03-24 15:45:00,131.88,131.88,131.76,131.8199,791
2026-03-24 15:50:00,131.845,131.845,131.595,131.595,919
2026-03-24 15:55:00,131.57,131.57,131.53,131.54,4210
2026-03-24 16:00:00,131.57,131.57,131.57,131.57,613
2026-03-24 16:20:00,132.43,132.91,132.43,132.91,1000
2026-03-25 09:30:00,132.64,133.17,132.64,133.095,4126
2026-03-25 09:35:00,133.0,133.175,133.0,133.175,3913
2026-03-25 09:40:00,133.23,133.23,133.22,133.22,500
2026-03-25 09:45:00,132.83,132.83,132.63,132.63,232
2026-03-25 09:50:00,132.255,132.255,132.255,132.255,109
2026-03-25 09:55:00,132.095,132.095,131.8271,131.93,524
2026-03-25 10:00:00,131.82,131.82,131.82,131.82,100
2026-03-25 10:05:00,131.62,131.62,131.62,131.62,316
2026-03-25 10:10:00,131.77,131.92,131.77,131.92,234
2026-03-25 10:15:00,131.9888,131.99,131.985,131.99,864
2026-03-25 10:25:00,131.77,132.04,131.77,131.9801,1252
2026-03-25 10:30:00,131.91,132.18,131.91,132.12,25883
2026-03-25 10:35:00,132.21,132.22,131.97,132.06,13900
2026-03-25 10:40:00,132.02,132.16,132.0,132.08,6240
2026-03-25 10:45:00,132.065,132.11,131.95,132.11,12287
2026-03-25 10:50:00,132.11,132.16,132.07,132.1,11220
2026-03-25 10:55:00,132.14,132.16,132.13,132.13,1611
2026-03-25 11:00:00,132.12,132.12,132.12,132.12,100
2026-03-25 11:05:00,132.15,132.15,131.75,131.75,1300
2026-03-25 11:10:00,131.77,131.77,131.56,131.6,662
2026-03-25 11:15:00,131.42,131.42,130.95,131.05,1000
2026-03-25 11:20:00,131.17,131.515,131.0801,131.515,1609
2026-03-25 11:25:00,131.525,131.82,131.525,131.82,3318
2026-03-25 11:30:00,131.855,131.885,131.79,131.86,2860
2026-03-25 11:35:00,131.87,131.87,131.74,131.74,1051
2026-03-25 11:40:00,131.59,131.735,131.59,131.735,425
2026-03-25 11:45:00,131.72,131.79,131.7,131.79,1400
2026-03-25 11:50:00,131.83,131.83,131.795,131.83,1796
2026-03-25 11:55:00,131.83,131.9,131.7,131.8515,2402
2026-03-25 12:00:00,131.84,131.95,131.8251,131.84,2883
2026-03-25 12:05:00,131.89,131.93,131.84,131.84,700
2026-03-25 12:15:00,131.78,131.78,131.68,131.68,849
2026-03-25 12:20:00,131.76,131.95,131.735,131.915,2587
2026-03-25 12:25:00,131.94,132.05,131.88,131.94,1515
2026-03-25 12:30:00,131.91,131.91,131.91,131.91,100
2026-03-25 12:35:00,132.18,132.19,132.18,132.19,200
2026-03-25 12:40:00,132.15,132.15,132.1,132.15,667
2026-03-25 12:45:00,132.15,132.17,132.05,132.05,1907
2026-03-25 12:50:00,132.028,132.14,132.0,132.14,553
2026-03-25 12:55:00,132.2,132.2,132.15,132.155,1000
2026-03-25 13:00:00,132.16,132.24,132.12,132.16,9116
2026-03-25 13:05:00,132.1,132.16,132.1,132.16,480
2026-03-25 13:10:00,132.13,132.18,132.09,132.17,1110
2026-03-25 13:15:00,132.15,132.155,132.0,132.0,3669
2026-03-25 13:20:00,132.25,132.25,132.165,132.18,2701
2026-03-25 13:25:00,132.21,132.3,132.21,132.3,18759
2026-03-25 13:30:00,132.28,132.28,132.21,132.21,600
2026-03-25 13:35:00,132.36,132.4001,132.36,132.4001,633
2026-03-25 13:40:00,132.47,132.58,132.44,132.46,4113
2026-03-25 13:45:00,132.37,132.37,132.29,132.29,1247
2026-03-25 13:50:00,132.32,132.42,132.3,132.3,950
2026-03-25 13:55:00,132.25,132.41,132.185,132.185,4372
2026-03-25 14:00:00,132.236,132.236,132.18,132.18,293
2026-03-25 14:05:00,132.2081,132.32,132.2081,132.32,984
2026-03-25 14:10:00,132.3001,132.335,132.3001,132.335,797
2026-03-25 14:15:00,132.4551,132.5,132.43,132.44,27724
2026-03-25 14:20:00,132.44,132.45,132.34,132.34,1600
2026-03-25 14:25:00,132.33,132.33,132.26,132.265,765
2026-03-25 14:30:00,132.335,132.34,132.335,132.34,340
2026-03-25 14:35:00,132.29,132.29,132.29,132.29,120
2026-03-25 14:40:00,132.365,132.365,132.28,132.31,1186
2026-03-25 14:45:00,132.32,132.32,132.23,132.23,900
2026-03-25 14:50:00,132.2401,132.2401,132.22,132.23,719
2026-03-25 14:55:00,132.28,132.28,131.97,132.14,8905
2026-03-25 15:00:00,132.12,132.16,132.11,132.1101,1872
2026-03-25 15:05:00,132.195,132.195,132.18,132.18,209
2026-03-25 15:10:00,132.2,132.265,132.17,132.265,3309
2026-03-25 15:15:00,132.3251,132.36,132.32,132.35,2140
2026-03-25 15:20:00,132.46,132.51,132.44,132.46,2038
2026-03-25 15:25:00,132.4899,132.5,132.41,132.43,1849
2026-03-25 15:30:00,132.38,132.38,132.365,132.365,520
2026-03-25 15:35:00,132.37,132.38,132.355,132.38,680
2026-03-25 15:40:00,132.3982,132.49,132.39,132.46,1964
2026-03-25 15:45:00,132.36,132.38,132.36,132.3719,355
2026-03-25 15:50:00,132.5,132.53,132.37,132.395,1109
2026-03-25 15:55:00,132.52,132.52,132.445,132.51,2360
2026-03-25 16:00:00,132.51,132.51,132.51,132.51,347
2026-03-25 18:10:00,131.82,131.82,131.82,131.82,1019
2026-03-26 09:30:00,131.46,131.46,131.46,131.46,1013
2026-03-26 09:35:00,132.125,132.125,131.97,131.97,257
2026-03-26 09:40:00,132.21,132.21,132.21,132.21,137
2026-03-26 09:45:00,132.76,132.76,132.76,132.76,200
2026-03-26 09:50:00,132.87,132.87,132.87,132.87,100
2026-03-26 09:55:00,132.92,132.92,132.92,132.92,142
2026-03-26 10:00:00,132.85,132.85,132.85,132.85,108
2026-03-26 10:05:00,132.68,132.84,132.68,132.84,250
2026-03-26 10:15:00,133.049,133.049,133.049,133.049,3000
2026-03-26 10:20:00,133.07,133.09,133.065,133.09,970
2026-03-26 10:25:00,133.0993,133.0993,133.0993,133.0993,112
2026-03-26 10:30:00,133.1201,133.24,133.12,133.24,1648
2026-03-26 10:35:00,132.9751,132.98,132.9751,132.98,240
2026-03-26 10:40:00,133.12,133.12,132.625,132.635,963
2026-03-26 10:45:00,132.72,132.83,132.68,132.83,500
2026-03-26 10:50:00,132.68,132.68,132.58,132.59,400
2026-03-26 10:55:00,132.455,132.65,132.455,132.65,1200
2026-03-26 11:00:00,132.75,132.82,132.74,132.8,14492
2026-03-26 11:05:00,132.78,132.97,132.73,132.73,1777
2026-03-26 11:10:00,132.79,132.81,132.79,132.81,300
2026-03-26 11:15:00,132.6951,132.6951,132.67,132.67,251
2026-03-26 11:25:00,132.72,132.74,132.6901,132.7,1567
2026-03-26 11:30:00,132.57,132.59,132.57,132.59,400
2026-03-26 11:35:00,132.595,132.595,132.595,132.595,179
2026-03-26 11:40:00,132.47,132.47,132.46,132.46,300
2026-03-26 11:45:00,132.31,132.65,132.31,132.51,1963
2026-03-26 11:50:00,132.55,132.59,132.55,132.58,2181
2026-03-26 12:00:00,132.43,132.47,132.42,132.42,1100
2026-03-26 12:05:00,132.48,132.55,132.48,132.55,600
2026-03-26 12:10:00,132.39,132.48,132.39,132.425,2473
2026-03-26 12:15:00,132.42,132.44,132.15,132.24,4478
2026-03-26 12:20:00,132.23,132.25,132.23,132.23,1000
2026-03-26 12:25:00,132.1,132.13,132.03,132.03,1400
2026-03-26 12:30:00,132.01,132.01,131.99,132.01,424
2026-03-26 12:35:00,132.02,132.05,132.02,132.04,998
2026-03-26 12:40:00,131.9,131.91,131.89,131.91,400
2026-03-26 12:45:00,131.92,131.92,131.92,131.92,200
2026-03-26 12:50:00,131.92,131.95,131.87,131.94,2200
2026-03-26 12:55:00,131.915,131.915,131.915,131.915,121
2026-03-26 13:00:00,132.02,132.05,131.965,131.965,5099
2026-03-26 13:05:00,132.0185,132.0185,131.98,131.98,570
2026-03-26 13:10:00,131.985,131.99,131.935,131.94,1230
2026-03-26 13:15:00,131.83,131.8418,131.81,131.8418,1029
2026-03-26 13:20:00,131.77,131.77,131.75,131.75,800
2026-03-26 13:25:00,131.715,131.73,131.65,131.725,1579
2026-03-26 13:30:00,131.78,131.78,131.75,131.77,880
2026-03-26 13:35:00,131.875,131.875,131.865,131.865,659
2026-03-26 13:40:00,131.81,131.81,131.78,131.78,828
2026-03-26 13:45:00,131.81,131.87,131.81,131.82,3520
2026-03-26 13:50:00,131.785,131.785,131.73,131.75,2122
2026-03-26 13:55:00,131.68,131.705,131.64,131.64,2050
2026-03-26 14:00:00,131.62,131.76,131.62,131.759,3413
2026-03-26 14:05:00,131.77,131.8,131.77,131.78,1096
2026-03-26 14:10:00,131.74,131.78,131.67,131.78,1114
2026-03-26 14:15:00,131.76,131.79,131.76,131.79,942
2026-03-26 14:20:00,131.8,131.88,131.75,131.87,1225
2026-03-26 14:25:00,131.9,131.91,131.8101,131.85,7002
2026-03-26 14:30:00,131.88,131.98,131.87,131.96,2572
2026-03-26 14:35:00,132.07,132.1,132.05,132.1,1139
2026-03-26 14:40:00,132.11,132.11,132.06,132.11,898
2026-03-26 14:45:00,132.08,132.14,132.055,132.105,2282
2026-03-26 14:50:00,132.05,132.05,132.05,132.05,100
2026-03-26 14:55:00,132.02,132.085,132.01,132.085,10930
2026-03-26 15:00:00,132.07,132.09,131.89,131.89,2117
2026-03-26 15:05:00,131.885,131.91,131.76,131.83,20432
2026-03-26 15:10:00,131.77,131.77,131.6815,131.727,1309
2026-03-26 15:15:00,131.78,131.82,131.76,131.8,1534
2026-03-26 15:20:00,131.73,131.73,131.655,131.655,1100
2026-03-26 15:25:00,131.67,131.67,131.64,131.655,1300
2026-03-26 15:30:00,131.65,131.655,131.49,131.55,1888
2026-03-26 15:35:00,131.7692,131.81,131.71,131.71,3575
2026-03-26 15:40:00,131.71,131.77,131.69,131.69,1394
2026-03-26 15:45:00,131.62,131.76,131.62,131.75,1225
2026-03-26 15:50:00,131.7,131.7,131.61,131.63,1091
2026-03-26 15:55:00,131.59,131.74,131.59,131.74,4383
2026-03-26 16:00:00,131.69,131.69,131.69,131.69,461
2026-03-26 16:10:00,132.58,132.9,132.58,132.9,400
2026-03-27 09:30:00,131.07,131.22,130.705,130.95,5367
2026-03-27 09:35:00,130.645,130.815,130.645,130.815,282
2026-03-27 09:40:00,130.77,130.77,130.66,130.77,1550
2026-03-27 09:45:00,131.0399,131.04,131.02,131.04,369
2026-03-27 09:50:00,130.89,130.89,130.8,130.8,800
2026-03-27 09:55:00,130.64,130.64,130.64,130.64,187
2026-03-27 10:00:00,130.51,130.51,130.51,130.51,100
2026-03-27 10:05:00,130.6099,130.6099,130.21,130.21,2475
2026-03-27 10:10:00,130.33,130.35,130.33,130.35,225
2026-03-27 10:20:00,130.87,130.87,130.79,130.815,2083
2026-03-27 10:25:00,130.78,130.78,130.708,130.76,1064
2026-03-27 10:30:00,130.715,130.7499,130.715,130.7255,315
2026-03-27 10:45:00,130.66,130.7,130.5465,130.63,1200
2026-03-27 10:50:00,130.8198,130.8198,130.8198,130.8198,113
2026-03-27 10:55:00,130.93,130.95,130.93,130.95,826
2026-03-27 11:00:00,131.08,131.08,131.08,131.08,200
2026-03-27 11:05:00,131.1052,131.1052,130.98,130.98,629
2026-03-27 11:15:00,130.81,130.84,130.655,130.66,3175
2026-03-27 11:20:00,130.66,131.11,130.62,130.99,3596
2026-03-27 11:25:00,130.825,130.8858,130.825,130.8858,564
2026-03-27 11:35:00,131.26,131.26,131.25,131.25,2454
2026-03-27 11:40:00,131.13,131.13,131.08,131.08,2254
2026-03-27 11:45:00,131.14,131.189,131.14,131.189,2596
2026-03-27 11:50:00,131.27,131.27,131.11,131.115,841
2026-03-27 11:55:00,131.0885,131.0885,131.0885,131.0885,350
2026-03-27 12:00:00,130.92,131.0101,130.92,131.0101,4502
2026-03-27 12:05:00,130.91,130.91,130.73,130.73,5648
2026-03-27 12:10:00,130.66,130.78,130.66,130.78,1900
2026-03-27 12:15:00,130.8,130.8,130.755,130.755,6519
2026-03-27 12:20:00,130.76,130.81,130.725,130.725,1600
2026-03-27 12:25:00,130.6,130.67,130.595,130.665,1256
2026-03-27 12:30:00,130.67,130.71,130.67,130.7,1035
2026-03-27 12:35:00,130.685,130.7,130.64,130.64,851
2026-03-27 12:40:00,130.56,130.64,130.53,130.59,1134
2026-03-27 12:45:00,130.59,130.755,130.59,130.755,700
2026-03-27 12:50:00,130.78,130.78,130.72,130.72,315
2026-03-27 12:55:00,130.67,130.67,130.595,130.595,2175
2026-03-27 13:00:00,130.59,130.65,130.55,130.6445,29850
2026-03-27 13:05:00,130.65,130.9,130.6,130.61,2225
2026-03-27 13:10:00,130.65,130.65,130.57,130.58,1216
2026-03-27 13:15:00,130.57,130.57,130.5096,130.52,350
2026-03-27 13:20:00,130.49,130.52,130.45,130.52,11478
2026-03-27 13:25:00,130.387,130.387,130.387,130.387,820
2026-03-27 13:30:00,130.39,130.41,130.333,130.41,3052
2026-03-27 13:35:00,130.38,130.38,130.37,130.37,200
2026-03-27 13:40:00,130.245,130.28,130.24,130.24,600
2026-03-27 13:45:00,130.25,130.27,130.22,130.26,1050
2026-03-27 13:50:00,130.21,130.21,130.135,130.15,800
2026-03-27 13:55:00,130.145,130.145,130.11,130.13,1050
2026-03-27 14:00:00,130.07,130.07,129.92,129.93,1221
2026-03-27 14:05:00,129.985,129.985,129.8699,129.8699,1212
2026-03-27 14:10:00,129.85,129.85,129.765,129.81,720
2026-03-27 14:15:00,129.87,129.945,129.87,129.945,474
2026-03-27 14:20:00,130.0,130.0,129.89,129.89,833
2026-03-27 14:25:00,129.79,129.8051,129.79,129.8051,1341
2026-03-27 14:30:00,129.87,129.88,129.825,129.825,622
2026-03-27 14:35:00,129.86,129.96,129.86,129.94,2009
2026-03-27 14:40:00,129.9089,130.065,129.87,130.0,3218
2026-03-27 14:45:00,129.99,130.05,129.99,130.03,1161
2026-03-27 14:50:00,130.02,130.05,129.99,129.99,549
2026-03-27 14:55:00,130.0,130.0,129.97,129.985,1925
2026-03-27 15:00:00,130.0319,130.0319,129.94,129.94,465
2026-03-27 15:05:00,129.8,129.8,129.7201,129.73,1523
2026-03-27 15:10:00,129.78,129.81,129.77,129.81,1485
2026-03-27 15:15:00,129.81,129.82,129.81,129.82,611
2026-03-27 15:20:00,129.775,129.775,129.775,129.775,125
2026-03-27 15:25:00,129.76,129.8,129.75,129.8,3755
2026-03-27 15:30:00,129.795,129.84,129.795,129.825,1883
2026-03-27 15:35:00,129.87,129.87,129.76,129.78,4176
2026-03-27 15:40:00,129.73,129.73,129.57,129.57,1356
2026-03-27 15:45:00,129.395,129.525,129.395,129.525,762
2026-03-27 15:50:00,129.55,129.62,129.35,129.54,3786
2026-03-27 15:55:00,129.74,129.74,129.63,129.63,13488
2026-03-27 16:00:00,129.55,129.55,129.55,129.55,549
2026-03-30 09:25:00,130.98,130.98,130.98,130.98,200
2026-03-30 09:30:00,130.78,130.82,130.63,130.7925,3858
2026-03-30 09:35:00,130.58,130.58,130.46,130.465,1180
2026-03-30 09:40:00,130.16,130.195,130.11,130.17,5475
2026-03-30 09:45:00,130.3,130.315,129.72,129.77,1946
2026-03-30 09:55:00,129.84,129.84,129.84,129.84,100
2026-03-30 10:00:00,129.92,130.42,129.86,130.32,2569
2026-03-30 10:05:00,130.19,130.19,130.075,130.075,404
2026-03-30 10:10:00,130.07,130.22,130.07,130.2,400
2026-03-30 10:15:00,130.12,130.12,130.12,130.12,125
2026-03-30 10:20:00,130.13,130.155,130.13,130.155,708
2026-03-30 10:25:00,130.064,130.0951,130.035,130.0951,904
2026-03-30 10:30:00,130.24,130.24,130.13,130.13,1000
2026-03-30 10:35:00,130.13,130.13,130.13,130.13,100
2026-03-30 10:40:00,130.25,130.25,129.99,129.99,2797
2026-03-30 10:45:00,129.855,130.35,129.855,130.35,5220
2026-03-30 10:50:00,130.23,130.23,130.2,130.205,1151
2026-03-30 10:55:00,130.22,130.6384,130.22,130.6384,491
2026-03-30 11:00:00,130.66,130.94,130.66,130.94,600
2026-03-30 11:05:00,131.02,131.02,130.52,130.52,725
2026-03-30 11:10:00,130.555,130.605,130.52,130.52,2186
2026-03-30 11:15:00,130.48,130.48,130.48,130.48,100
2026-03-30 11:20:00,130.6,130.6,130.6,130.6,225
2026-03-30 11:25:00,130.665,130.665,130.55,130.57,15366
2026-03-30 11:30:00,130.44,130.81,130.44,130.81,7504
2026-03-30 11:35:00,130.828,130.93,130.77,130.77,4490
2026-03-30 11:40:00,130.76,130.81,130.75,130.81,20639
2026-03-30 11:45:00,130.78,130.78,130.73,130.78,1922
2026-03-30 11:50:00,130.76,130.91,130.76,130.81,2350
2026-03-30 11:55:00,130.79,130.79,130.66,130.79,650
2026-03-30 12:00:00,130.57,130.57,130.46,130.46,304
2026-03-30 12:05:00,130.53,130.56,130.5,130.51,3650
2026-03-30 12:10:00,130.62,130.62,130.62,130.62,100
2026-03-30 12:20:00,130.5,130.53,130.46,130.525,875
2026-03-30 12:30:00,130.455,130.515,130.455,130.515,311
2026-03-30 12:35:00,130.51,130.51,130.42,130.43,2644
2026-03-30 12:40:00,130.38,130.395,130.27,130.27,2497
2026-03-30 12:45:00,130.26,130.2901,130.25,130.26,1561
2026-03-30 12:50:00,130.27,130.35,130.27,130.29,464
2026-03-30 12:55:00,130.2311,130.2311,130.22,130.22,250
2026-03-30 13:00:00,130.32,130.32,130.32,130.32,111
2026-03-30 13:05:00,130.18,130.3283,130.18,130.3055,5081
2026-03-30 13:10:00,130.19,130.19,130.19,130.19,500
2026-03-30 13:15:00,129.91,129.94,129.91,129.91,1501
2026-03-30 13:20:00,129.66,129.66,129.66,129.66,138
2026-03-30 13:25:00,129.685,129.685,129.62,129.66,15690
2026-03-30 13:30:00,129.64,129.64,129.555,129.555,429
2026-03-30 13:35:00,129.47,129.61,129.47,129.5419,3840
2026-03-30 13:40:00,129.61,129.71,129.6,129.71,19106
2026-03-30 13:45:00,129.73,129.795,129.56,129.56,28363
2026-03-30 13:50:00,129.555,129.57,129.49,129.51,2273
2026-03-30 13:55:00,129.53,129.55,129.53,129.55,2004
2026-03-30 14:00:00,129.58,129.68,129.58,129.59,1779
2026-03-30 14:05:00,129.54,129.55,129.5,129.5,2287
2026-03-30 14:10:00,129.46,129.5,129.45,129.46,1649
2026-03-30 14:15:00,129.61,129.61,129.56,129.61,3089
2026-03-30 14:20:00,129.6,129.6,129.6,129.6,1346
2026-03-30 14:25:00,129.555,129.555,129.49,129.49,1878
2026-03-30 14:30:00,129.51,129.53,129.51,129.53,671
2026-03-30 14:35:00,129.6217,129.7,129.6217,129.7,300
2026-03-30 14:40:00,129.64,129.64,129.64,129.64,400
2026-03-30 14:45:00,129.62,129.62,129.5475,129.58,1270
2026-03-30 14:50:00,129.54,129.54,129.47,129.53,1413
2026-03-30 14:55:00,129.52,129.5214,129.48,129.5214,2306
2026-03-30 15:00:00,129.53,129.53,129.47,129.482,1534
2026-03-30 15:05:00,129.38,129.3958,129.15,129.15,3323
2026-03-30 15:10:00,129.12,129.12,129.02,129.02,1286
2026-03-30 15:15:00,129.02,129.16,129.02,129.13,3471
2026-03-30 15:20:00,129.115,129.16,129.105,129.12,1079
2026-03-30 15:25:00,129.08,129.08,129.01,129.01,2647
2026-03-30 15:30:00,129.065,129.11,129.0301,129.0301,20669
2026-03-30 15:35:00,129.12,129.22,129.05,129.058,4847
2026-03-30 15:40:00,129.1001,129.27,129.1001,129.19,2521
2026-03-30 15:45:00,129.165,129.21,129.13,129.16,6491
2026-03-30 15:50:00,129.26,129.369,129.245,129.369,3795
2026-03-30 15:55:00,129.53,129.54,129.35,129.395,3095
2026-03-30 16:00:00,129.41,129.41,129.41,129.41,440
2026-03-31 07:15:00,131.16,131.16,131.16,131.16,400
2026-03-31 09:30:00,130.92,131.055,130.75,130.75,2111
2026-03-31 09:35:00,130.765,130.82,130.725,130.77,1443
2026-03-31 09:40:00,130.925,130.925,130.925,130.925,600
2026-03-31 09:45:00,131.23,131.375,131.23,131.34,800
2026-03-31 10:00:00,131.425,131.425,131.03,131.03,1616
2026-03-31 10:10:00,131.065,131.105,131.065,131.105,277
2026-03-31 10:15:00,130.97,131.1492,130.97,131.1492,1334
2026-03-31 10:20:00,131.02,131.02,130.9,130.9,500
2026-03-31 10:25:00,131.085,131.105,131.085,131.105,399
2026-03-31 10:35:00,131.02,131.02,130.825,130.88,675
2026-03-31 10:40:00,130.8,130.8,130.74,130.74,800
2026-03-31 10:45:00,130.61,130.61,130.5,130.5,1675
2026-03-31 10:50:00,130.435,130.435,130.39,130.39,649
2026-03-31 10:55:00,130.32,130.589,130.32,130.589,1904
2026-03-31 11:10:00,131.17,131.2351,131.17,131.2351,200
2026-03-31 11:15:00,131.29,131.29,131.29,131.29,100
2026-03-31 11:20:00,131.1101,131.1799,131.1101,131.1799,2970
2026-03-31 11:25:00,131.11,131.11,130.985,131.04,642
2026-03-31 11:40:00,130.92,130.92,130.92,130.92,201
2026-03-31 11:55:00,130.755,130.755,130.755,130.755,150
2026-03-31 12:00:00,130.985,130.985,130.985,130.985,1030
2026-03-31 12:05:00,130.9115,130.96,130.9115,130.96,970
2026-03-31 12:10:00,130.8,130.89,130.8,130.89,1000
2026-03-31 12:15:00,131.02,131.02,130.84,130.85,7800
2026-03-31 12:20:00,130.85,131.03,130.83,131.03,7599
2026-03-31 12:25:00,131.05,131.13,130.96,130.96,2438
2026-03-31 12:30:00,130.92,130.92,130.8,130.83,2384
2026-03-31 12:35:00,130.78,131.42,130.78,131.42,9896
2026-03-31 12:40:00,131.53,133.315,131.53,132.46,12778
2026-03-31 12:45:00,132.27,132.27,131.66,131.762,4920
2026-03-31 12:50:00,131.69,131.92,131.45,131.6,4124
2026-03-31 12:55:00,131.48,131.73,131.48,131.73,1924
2026-03-31 13:00:00,131.755,131.98,131.755,131.91,3631
2026-03-31 13:05:00,131.91,131.91,131.56,131.56,550
2026-03-31 13:10:00,131.49,131.64,131.49,131.51,943
2026-03-31 13:15:00,131.75,131.76,131.675,131.675,884
2026-03-31 13:20:00,131.78,131.79,131.6,131.67,2935
2026-03-31 13:25:00,131.555,131.67,131.54,131.54,4061
2026-03-31 13:30:00,131.625,131.73,131.6,131.71,866
2026-03-31 13:35:00,131.7,131.7,131.525,131.54,2125
2026-03-31 13:40:00,131.73,131.73,131.62,131.62,850
2026-03-31 13:45:00,131.78,131.78,131.74,131.74,350
2026-03-31 13:50:00,131.77,131.795,131.73,131.795,975
2026-03-31 13:55:00,131.805,131.805,131.64,131.7,997
2026-03-31 14:00:00,131.72,131.835,131.72,131.815,1488
2026-03-31 14:05:00,131.77,131.865,131.72,131.865,6168
2026-03-31 14:10:00,131.75,131.86,131.67,131.86,4233
2026-03-31 14:15:00,131.86,131.95,131.86,131.92,1181
2026-03-31 14:20:00,131.9,131.9,131.82,131.83,2521
2026-03-31 14:25:00,131.73,131.9099,131.685,131.86,3441
2026-03-31 14:30:00,131.81,131.82,131.735,131.82,2654
2026-03-31 14:35:00,131.92,132.03,131.92,131.935,1863
2026-03-31 14:40:00,131.87,131.87,131.87,131.87,216
2026-03-31 14:45:00,131.92,132.03,131.92,131.94,2687
2026-03-31 14:50:00,132.12,132.12,132.05,132.0623,2298
2026-03-31 14:55:00,132.14,132.15,132.095,132.13,4178
2026-03-31 15:00:00,132.19,132.19,132.16,132.164,950
2026-03-31 15:05:00,132.14,132.15,132.04,132.04,5248
2026-03-31 15:10:00,132.19,132.26,132.19,132.23,6707
2026-03-31 15:15:00,132.31,132.35,132.184,132.27,3582
2026-03-31 15:20:00,132.27,132.385,132.235,132.36,2051
2026-03-31 15:25:00,132.23,132.315,132.23,132.315,728
2026-03-31 15:30:00,132.32,132.42,132.315,132.38,1406
2026-03-31 15:35:00,132.535,132.59,132.5,132.57,3546
2026-03-31 15:40:00,132.55,132.555,132.44,132.4994,1640
2026-03-31 15:45:00,132.45,132.6199,132.45,132.6,1717
2026-03-31 15:50:00,132.5892,132.5892,132.35,132.355,2808
2026-03-31 15:55:00,132.375,132.41,132.225,132.41,12375
2026-03-31 16:00:00,132.5,132.5,132.5,132.5,576
2026-04-01 09:30:00,132.78,133.17,132.78,132.96,9048
2026-04-01 09:35:00,132.97,133.29,132.97,133.17,8398
2026-04-01 09:40:00,133.17,133.17,132.795,132.795,1950
2026-04-01 09:45:00,133.0,133.0,132.82,132.82,1929
2026-04-01 09:50:00,133.01,133.4199,133.01,133.4199,2815
2026-04-01 09:55:00,133.22,133.23,133.22,133.23,1057
2026-04-01 10:00:00,133.31,133.33,133.19,133.29,1212
2026-04-01 10:05:00,133.24,133.27,133.145,133.27,682
2026-04-01 10:15:00,133.03,133.03,133.03,133.03,100
2026-04-01 10:20:00,132.8388,133.0,132.82,132.96,922
2026-04-01 10:25:00,133.065,133.07,133.065,133.07,400
2026-04-01 10:30:00,133.12,133.12,133.05,133.05,743
2026-04-01 10:35:00,133.0309,133.38,132.88,133.27,1463
2026-04-01 10:40:00,133.1001,133.42,133.1001,133.42,1497
2026-04-01 10:45:00,133.42,133.57,133.42,133.57,300
2026-04-01 10:50:00,133.61,133.61,133.52,133.52,324
2026-04-01 10:55:00,133.69,133.69,133.58,133.58,1155
2026-04-01 11:00:00,133.63,133.68,133.62,133.62,400
2026-04-01 11:05:00,133.6,133.65,133.6,133.65,200
2026-04-01 11:10:00,133.69,133.705,133.61,133.61,1387
2026-04-01 11:15:00,133.65,133.73,133.65,133.73,1616
2026-04-01 11:20:00,133.74,133.74,133.6,133.6,1065
2026-04-01 11:25:00,133.555,133.632,133.555,133.632,226
2026-04-01 11:35:00,133.7064,133.72,133.7064,133.72,318
2026-04-01 11:40:00,133.645,133.645,133.64,133.64,593
2026-04-01 11:45:00,133.719,133.719,133.66,133.66,981
2026-04-01 11:50:00,133.68,133.6972,133.68,133.6972,290
2026-04-01 11:55:00,133.72,133.73,133.7,133.73,716
2026-04-01 12:00:00,133.635,133.71,133.635,133.69,801
2026-04-01 12:05:00,133.745,133.745,133.665,133.68,1540
2026-04-01 12:15:00,133.555,133.63,133.555,133.63,1709
2026-04-01 12:20:00,133.5,133.53,133.5,133.53,561
2026-04-01 12:25:00,133.5175,133.5175,133.45,133.49,1000
2026-04-01 12:30:00,133.46,133.46,133.46,133.46,100
2026-04-01 12:35:00,133.615,133.615,133.615,133.615,200
2026-04-01 12:45:00,133.56,133.56,133.56,133.56,100
2026-04-01 12:50:00,133.62,133.65,133.62,133.65,232
2026-04-01 12:55:00,133.66,133.66,133.6,133.66,6039
2026-04-01 13:00:00,133.6201,133.6201,133.6201,133.6201,200
2026-04-01 13:05:00,133.76,133.76,133.72,133.72,305
2026-04-01 13:10:00,133.735,133.77,133.735,133.77,267
2026-04-01 13:15:00,133.7,133.7,133.7,133.7,595
2026-04-01 13:25:00,133.72,133.72,133.72,133.72,100
2026-04-01 13:30:00,133.7,133.7,133.7,133.7,100
2026-04-01 13:40:00,133.715,133.715,133.62,133.62,644
2026-04-01 13:45:00,133.6,133.6,133.5801,133.6,2649
2026-04-01 13:50:00,133.58,133.615,133.5715,133.61,1071
2026-04-01 13:55:00,133.55,133.55,133.49,133.5103,351
2026-04-01 14:00:00,133.51,133.51,133.34,133.34,5809
2026-04-01 14:05:00,133.44,133.49,133.39,133.39,5877
2026-04-01 14:10:00,133.475,133.52,133.475,133.52,888
2026-04-01 14:15:00,133.38,133.38,133.16,133.19,500
2026-04-01 14:20:00,133.26,133.26,133.06,133.06,2318
2026-04-01 14:25:00,133.07,133.24,133.07,133.125,2176
2026-04-01 14:35:00,132.96,133.075,132.96,133.075,200
2026-04-01 14:40:00,133.16,133.22,133.1101,133.1101,995
2026-04-01 14:45:00,133.14,133.145,133.1,133.105,1030
2026-04-01 14:50:00,133.01,133.01,133.01,133.01,100
2026-04-01 14:55:00,132.96,132.96,132.8932,132.8932,1604
2026-04-01 15:00:00,133.04,133.0599,132.99,132.99,2205
2026-04-01 15:10:00,133.08,133.08,133.03,133.03,250
2026-04-01 15:15:00,133.095,133.126,133.09,133.126,1776
2026-04-01 15:20:00,133.22,133.245,133.175,133.2,1080
2026-04-01 15:25:00,133.2,133.28,133.2,133.24,2249
2026-04-01 15:30:00,133.145,133.2,133.145,133.2,674
2026-04-01 15:35:00,133.22,133.33,133.22,133.31,3113
2026-04-01 15:40:00,133.32,133.32,133.275,133.32,300
2026-04-01 15:45:00,133.28,133.28,133.25,133.27,300
2026-04-01 15:50:00,133.195,133.195,133.11,133.17,1430
2026-04-01 15:55:00,133.05,133.09,133.02,133.06,4944
2026-04-01 16:00:00,133.15,133.15,133.15,133.15,930
2026-04-02 09:30:00,131.71,131.71,131.37,131.37,4038
2026-04-02 09:35:00,131.27,131.36,131.17,131.36,1520
2026-04-02 09:40:00,131.395,131.45,131.24,131.24,1456
2026-04-02 09:45:00,131.405,131.605,131.405,131.605,968
2026-04-02 09:50:00,131.66,131.66,131.52,131.6173,1735
2026-04-02 09:55:00,131.62,131.74,131.53,131.74,2850
2026-04-02 10:00:00,131.67,131.67,131.67,131.67,379
2026-04-02 10:05:00,131.54,131.68,131.52,131.68,386
2026-04-02 10:10:00,131.5444,131.5444,131.48,131.48,1164
2026-04-02 10:15:00,131.53,131.55,131.53,131.55,726
2026-04-02 10:20:00,131.73,131.9125,131.73,131.8399,750
2026-04-02 10:25:00,131.7507,132.06,131.7507,132.06,1034
2026-04-02 10:30:00,132.1,132.395,132.09,132.395,1392
2026-04-02 10:35:00,132.6,134.22,132.6,133.05,19259
2026-04-02 10:40:00,133.13,133.13,132.905,133.06,1178
2026-04-02 10:45:00,133.045,133.045,132.79,132.79,965
2026-04-02 10:50:00,132.685,132.95,132.635,132.945,1834
2026-04-02 11:00:00,132.8799,132.8799,132.78,132.78,322
2026-04-02 11:05:00,132.89,132.89,132.89,132.89,200
2026-04-02 11:10:00,132.88,133.03,132.82,133.03,600
2026-04-02 11:15:00,133.11,133.23,133.1,133.1,1300
2026-04-02 11:20:00,132.94,132.97,132.92,132.97,390
2026-04-02 11:25:00,133.03,133.13,132.99,133.13,400
2026-04-02 11:30:00,133.02,133.02,133.02,133.02,100
2026-04-02 11:35:00,133.15,133.17,133.08,133.08,2666
2026-04-02 11:40:00,132.99,132.99,132.82,132.8201,3209
2026-04-02 11:45:00,132.935,132.935,132.83,132.83,390
2026-04-02 11:50:00,132.73,132.98,132.6559,132.98,381
2026-04-02 11:55:00,133.025,133.025,132.815,132.815,290
2026-04-02 12:00:00,132.865,132.865,132.865,132.865,255
2026-04-02 12:05:00,132.83,132.855,132.83,132.855,249
2026-04-02 12:15:00,132.61,132.61,132.61,132.61,109
2026-04-02 12:20:00,132.47,132.56,132.43,132.56,3683
2026-04-02 12:25:00,132.48,132.55,132.48,132.55,506
2026-04-02 12:30:00,132.64,132.77,132.64,132.76,455
2026-04-02 12:35:00,132.535,132.64,132.535,132.64,225
2026-04-02 12:40:00,132.63,132.92,132.63,132.6329,5636
2026-04-02 12:45:00,132.76,132.76,132.76,132.76,700
2026-04-02 12:55:00,132.645,132.645,132.645,132.645,163
2026-04-02 13:05:00,132.6701,132.715,132.635,132.635,2070
2026-04-02 13:10:00,132.64,132.67,132.63,132.67,672
2026-04-02 13:15:00,132.77,132.85,132.76,132.76,717
2026-04-02 13:20:00,132.75,132.8199,132.74,132.8199,1164
2026-04-02 13:25:00,132.76,132.83,132.76,132.83,500
2026-04-02 13:30:00,132.81,132.81,132.73,132.73,839
2026-04-02 13:45:00,132.7,132.7,132.505,132.505,610
2026-04-02 13:50:00,132.5,132.53,132.5,132.53,761
2026-04-02 13:55:00,132.61,132.61,132.5475,132.5475,587
2026-04-02 14:00:00,132.63,132.63,132.61,132.62,400
2026-04-02 14:05:00,132.67,132.705,132.67,132.705,300
2026-04-02 14:10:00,132.74,132.8,132.735,132.735,1366
2026-04-02 14:15:00,132.69,132.69,132.6894,132.6894,408
2026-04-02 14:20:00,132.665,132.689,132.62,132.63,4891
2026-04-02 14:25:00,132.49,132.49,132.49,132.49,347
2026-04-02 14:30:00,132.6,132.66,132.6,132.6501,1431
2026-04-02 14:35:00,132.65,132.69,132.64,132.69,1315
2026-04-02 14:40:00,132.72,132.87,132.72,132.835,679
2026-04-02 14:45:00,132.87,132.94,132.87,132.93,1156
2026-04-02 14:50:00,132.9208,133.04,132.9208,133.04,414
2026-04-02 14:55:00,132.93,132.9599,132.88,132.9599,820
2026-04-02 15:00:00,132.995,133.03,132.94,132.94,1198
2026-04-02 15:05:00,132.975,132.985,132.94,132.985,1093
2026-04-02 15:10:00,133.03,133.055,132.92,132.92,2082
2026-04-02 15:15:00,132.94,132.9599,132.89,132.89,2132
2026-04-02 15:20:00,132.95,132.95,132.925,132.93,1889
2026-04-02 15:25:00,132.955,132.98,132.925,132.935,499
2026-04-02 15:30:00,132.97,132.984,132.97,132.97,2441
2026-04-02 15:35:00,132.99,133.05,132.99,133.05,2201
2026-04-02 15:40:00,133.06,133.12,133.04,133.04,4690
2026-04-02 15:45:00,133.01,133.07,133.01,133.07,2221
2026-04-02 15:50:00,133.09,133.17,133.085,133.16,6256
2026-04-02 15:55:00,133.13,133.24,133.13,133.23,10114
2026-04-02 16:00:00,133.29,133.29,133.29,133.29,1198
