2026-03-04 09:25:00,20.13,20.13,20.12,20.12,400
2026-03-04 09:30:00,20.17,20.17,20.17,20.17,1277
2026-03-04 10:05:00,20.158,20.158,20.158,20.158,173
2026-03-04 10:30:00,20.14,20.148,20.14,20.148,200
2026-03-04 10:55:00,20.15,20.15,20.15,20.15,100
2026-03-04 11:05:00,20.15,20.15,20.15,20.15,490
2026-03-04 11:10:00,20.158,20.158,20.15,20.15,300
2026-03-04 11:15:00,20.15,20.15,20.15,20.15,1675
2026-03-04 11:20:00,20.158,20.158,20.15,20.15,300
2026-03-04 11:25:00,20.158,20.158,20.15,20.15,300
2026-03-04 11:30:00,20.158,20.158,20.15,20.15,600
2026-03-04 11:35:00,20.158,20.158,20.15,20.15,300
2026-03-04 11:40:00,20.156,20.168,20.15,20.168,1252
2026-03-04 11:50:00,20.168,20.168,20.155,20.155,700
2026-03-04 12:00:00,20.167,20.167,20.155,20.155,700
2026-03-04 12:10:00,20.168,20.168,20.155,20.155,700
2026-03-04 12:15:00,20.155,20.155,20.155,20.155,700
2026-03-04 12:20:00,20.1587,20.1587,20.14,20.14,5026
2026-03-04 12:30:00,20.15,20.15,20.15,20.15,564
2026-03-04 12:35:00,20.168,20.168,20.15,20.15,700
2026-03-04 12:45:00,20.168,20.168,20.155,20.155,700
2026-03-04 12:50:00,20.168,20.168,20.155,20.155,700
2026-03-04 13:00:00,20.168,20.168,20.155,20.155,700
2026-03-04 13:10:00,20.168,20.168,20.155,20.155,700
2026-03-04 13:15:00,20.167,20.167,20.155,20.155,700
2026-03-04 13:25:00,20.155,20.168,20.155,20.155,700
2026-03-04 13:35:00,20.168,20.168,20.155,20.155,700
2026-03-04 13:40:00,20.155,20.168,20.155,20.155,700
2026-03-04 13:50:00,20.17,20.17,20.155,20.155,700
2026-03-04 14:00:00,20.168,20.168,20.155,20.155,700
2026-03-04 14:05:00,20.155,20.168,20.155,20.155,700
2026-03-04 14:15:00,20.155,20.168,20.155,20.155,700
2026-03-04 14:20:00,20.16,20.16,20.16,20.16,1100
2026-03-04 14:25:00,20.16,20.165,20.16,20.165,400
2026-03-04 14:30:00,20.165,20.165,20.165,20.165,100
2026-03-04 14:35:00,20.165,20.165,20.165,20.165,700
2026-03-04 14:45:00,20.165,20.165,20.165,20.165,700
2026-03-04 14:50:00,20.165,20.165,20.165,20.165,200
2026-03-04 14:55:00,20.165,20.17,20.165,20.165,700
2026-03-04 15:00:00,20.17,20.18,20.17,20.17,1045
2026-03-04 15:05:00,20.175,20.175,20.175,20.175,200
2026-03-04 15:15:00,20.175,20.175,20.175,20.175,400
2026-03-04 15:20:00,20.175,20.175,20.175,20.175,800
2026-03-04 15:30:00,20.178,20.178,20.175,20.175,1100
2026-03-04 15:35:00,20.175,20.175,20.175,20.175,500
2026-03-04 15:40:00,20.179,20.179,20.175,20.175,600
2026-03-04 15:45:00,20.175,20.175,20.175,20.175,500
2026-03-04 15:50:00,20.175,20.175,20.16,20.16,2387
2026-03-04 15:55:00,20.165,20.18,20.165,20.17,920
2026-03-04 16:10:00,20.12,20.12,20.12,20.12,100
2026-03-05 08:55:00,20.12,20.12,20.12,20.12,300
2026-03-05 09:30:00,20.17,20.17,20.17,20.17,245
2026-03-05 09:35:00,20.14,20.15,20.14,20.14,500
2026-03-05 09:40:00,20.13,20.13,20.13,20.13,100
2026-03-05 09:45:00,20.13,20.145,20.13,20.145,400
2026-03-05 09:50:00,20.14,20.14,20.14,20.14,200
2026-03-05 09:55:00,20.15,20.17,20.15,20.16,600
2026-03-05 10:05:00,20.168,20.168,20.16,20.16,600
2026-03-05 10:15:00,20.168,20.168,20.16,20.16,500
2026-03-05 10:20:00,20.145,20.17,20.145,20.17,200
2026-03-05 10:25:00,20.165,20.165,20.16,20.16,500
2026-03-05 10:30:00,20.1465,20.165,20.1465,20.165,347
2026-03-05 10:35:00,20.167,20.167,20.16,20.16,500
2026-03-05 10:40:00,20.165,20.165,20.165,20.165,100
2026-03-05 10:45:00,20.165,20.165,20.16,20.16,500
2026-03-05 10:50:00,20.16,20.16,20.16,20.16,100
2026-03-05 10:55:00,20.165,20.165,20.16,20.165,500
2026-03-05 11:05:00,20.165,20.165,20.16,20.16,600
2026-03-05 11:10:00,20.16,20.16,20.16,20.16,100
2026-03-05 11:15:00,20.16,20.16,20.16,20.16,600
2026-03-05 11:20:00,20.16,20.16,20.16,20.16,1450
2026-03-05 11:25:00,20.16,20.16,20.16,20.16,100
2026-03-05 11:30:00,20.165,20.17,20.16,20.16,500
2026-03-05 11:40:00,20.165,20.17,20.16,20.16,600
2026-03-05 11:50:00,20.165,20.17,20.16,20.165,600
2026-03-05 12:00:00,20.165,20.165,20.16,20.165,600
2026-03-05 12:10:00,20.161,20.161,20.16,20.16,500
2026-03-05 12:15:00,20.165,20.165,20.165,20.165,100
2026-03-05 12:20:00,20.16,20.1618,20.16,20.1618,2000
2026-03-05 12:25:00,20.155,20.155,20.155,20.155,100
2026-03-05 12:30:00,20.164,20.164,20.16,20.16,500
2026-03-05 12:35:00,20.165,20.165,20.165,20.165,100
2026-03-05 12:40:00,20.168,20.168,20.16,20.16,500
2026-03-05 12:50:00,20.16,20.165,20.16,20.165,600
2026-03-05 13:00:00,20.165,20.165,20.16,20.165,600
2026-03-05 13:05:00,20.155,20.155,20.155,20.155,248
2026-03-05 13:10:00,20.161,20.165,20.16,20.165,600
2026-03-05 13:20:00,20.17,20.17,20.16,20.165,700
2026-03-05 13:30:00,20.16,20.165,20.16,20.165,500
2026-03-05 13:35:00,20.165,20.165,20.16,20.16,400
2026-03-05 13:45:00,20.165,20.165,20.16,20.165,400
2026-03-05 13:50:00,20.166,20.166,20.16,20.16,200
2026-03-05 13:55:00,20.16,20.165,20.16,20.165,800
2026-03-05 14:00:00,20.16,20.16,20.16,20.16,100
2026-03-05 14:05:00,20.16,20.17,20.14,20.15,8900
2026-03-05 14:20:00,20.162,20.162,20.16,20.16,500
2026-03-05 14:25:00,20.16,20.16,20.16,20.16,700
2026-03-05 14:30:00,20.165,20.165,20.165,20.165,100
2026-03-05 14:35:00,20.17,20.17,20.16,20.16,500
2026-03-05 14:45:00,20.16,20.165,20.16,20.16,500
2026-03-05 14:50:00,20.1501,20.16,20.1501,20.16,781
2026-03-05 14:55:00,20.166,20.166,20.16,20.16,500
2026-03-05 15:05:00,20.168,20.168,20.16,20.16,800
2026-03-05 15:15:00,20.168,20.168,20.16,20.16,500
2026-03-05 15:25:00,20.164,20.164,20.16,20.16,600
2026-03-05 15:35:00,20.168,20.168,20.16,20.16,600
2026-03-05 15:45:00,20.17,20.17,20.17,20.17,500
2026-03-05 15:50:00,20.166,20.166,20.16,20.16,600
2026-03-05 15:55:00,20.16,20.16,20.16,20.16,377
2026-03-05 16:00:00,20.17,20.17,20.17,20.17,120
2026-03-06 08:40:00,20.15,20.151,20.15,20.151,400
2026-03-06 09:10:00,20.14,20.14,20.14,20.14,500
2026-03-06 09:30:00,20.12,20.12,20.12,20.12,293
2026-03-06 09:40:00,20.1452,20.149,20.13,20.149,550
2026-03-06 09:45:00,20.14,20.15,20.14,20.14,500
2026-03-06 09:50:00,20.14,20.14,20.138,20.14,500
2026-03-06 10:00:00,20.128,20.13,20.118,20.118,1050
2026-03-06 10:05:00,20.11,20.115,20.07,20.115,2105
2026-03-06 10:15:00,20.115,20.14,20.115,20.14,300
2026-03-06 10:20:00,20.115,20.14,20.115,20.14,300
2026-03-06 10:25:00,20.115,20.14,20.115,20.14,300
2026-03-06 10:30:00,20.14,20.14,20.14,20.14,200
2026-03-06 10:35:00,20.14,20.15,20.14,20.15,300
2026-03-06 10:40:00,20.14,20.14,20.14,20.14,100
2026-03-06 10:45:00,20.14,20.16,20.14,20.16,500
2026-03-06 10:50:00,20.16,20.16,20.16,20.16,200
2026-03-06 10:55:00,20.148,20.16,20.148,20.16,300
2026-03-06 11:00:00,20.17,20.17,20.16,20.16,400
2026-03-06 11:05:00,20.16,20.17,20.16,20.16,300
2026-03-06 11:10:00,20.16,20.17,20.16,20.17,600
2026-03-06 11:15:00,20.16,20.16,20.16,20.16,300
2026-03-06 11:20:00,20.16,20.16,20.16,20.16,400
2026-03-06 11:30:00,20.165,20.17,20.16,20.16,400
2026-03-06 11:35:00,20.168,20.168,20.16,20.16,400
2026-03-06 11:40:00,20.168,20.168,20.16,20.16,400
2026-03-06 11:50:00,20.17,20.17,20.16,20.16,400
2026-03-06 11:55:00,20.16,20.168,20.16,20.16,500
2026-03-06 12:00:00,20.14,20.14,20.14,20.14,3000
2026-03-06 12:05:00,20.14,20.16,20.14,20.16,400
2026-03-06 12:15:00,20.165,20.165,20.16,20.16,400
2026-03-06 12:20:00,20.16,20.165,20.16,20.16,500
2026-03-06 12:25:00,20.143,20.143,20.143,20.143,750
2026-03-06 12:30:00,20.165,20.165,20.16,20.16,400
2026-03-06 12:35:00,20.16,20.16,20.11,20.11,2896
2026-03-06 12:45:00,20.11,20.11,20.11,20.11,500
2026-03-06 12:50:00,20.11,20.11,20.11,20.11,145
2026-03-06 12:55:00,20.168,20.168,20.16,20.16,400
2026-03-06 13:05:00,20.16,20.168,20.16,20.16,500
2026-03-06 13:10:00,20.16,20.1602,20.16,20.16,400
2026-03-06 13:20:00,20.16,20.17,20.16,20.16,400
2026-03-06 13:25:00,20.16,20.16,20.1588,20.16,400
2026-03-06 13:30:00,20.14,20.14,20.14,20.14,300
2026-03-06 13:35:00,20.168,20.168,20.16,20.16,500
2026-03-06 13:45:00,20.16,20.17,20.16,20.16,600
2026-03-06 13:55:00,20.16,20.17,20.16,20.17,500
2026-03-06 14:05:00,20.16,20.16,20.14,20.14,1500
2026-03-06 14:15:00,20.165,20.165,20.16,20.16,500
2026-03-06 14:25:00,20.168,20.168,20.16,20.16,600
2026-03-06 14:35:00,20.168,20.168,20.16,20.16,500
2026-03-06 14:40:00,20.16,20.16,20.12,20.16,704
2026-03-06 14:45:00,20.16,20.16,20.16,20.16,500
2026-03-06 14:55:00,20.168,20.168,20.168,20.168,400
2026-03-06 15:00:00,20.168,20.168,20.16,20.16,400
2026-03-06 15:05:00,20.1511,20.1511,20.1511,20.1511,218
2026-03-06 15:10:00,20.16,20.166,20.16,20.16,820
2026-03-06 15:15:00,20.16,20.168,20.16,20.16,512
2026-03-06 15:25:00,20.168,20.168,20.16,20.16,400
2026-03-06 15:30:00,20.168,20.168,20.16,20.16,600
2026-03-06 15:40:00,20.168,20.168,20.16,20.16,500
2026-03-06 15:45:00,20.168,20.168,20.168,20.168,400
2026-03-06 15:50:00,20.166,20.166,20.16,20.16,600
2026-03-06 15:55:00,20.16,20.16,20.16,20.16,400
2026-03-09 09:20:00,20.13,20.13,20.13,20.13,100
2026-03-09 09:30:00,20.17,20.17,20.14,20.14,4270
2026-03-09 09:40:00,20.11,20.11,20.11,20.11,100
2026-03-09 09:50:00,20.16,20.1699,20.16,20.1699,3065
2026-03-09 09:55:00,20.135,20.16,20.135,20.16,1471
2026-03-09 10:00:00,20.16,20.18,20.13,20.13,2096
2026-03-09 10:05:00,20.15,20.15,20.1481,20.1481,600
2026-03-09 10:10:00,20.15,20.15,20.15,20.15,200
2026-03-09 10:15:00,20.15,20.15,20.15,20.15,200
2026-03-09 10:20:00,20.1561,20.1561,20.15,20.15,1600
2026-03-09 10:25:00,20.16,20.16,20.16,20.16,100
2026-03-09 10:30:00,20.1622,20.17,20.16,20.17,1589
2026-03-09 10:35:00,20.16,20.16,20.16,20.16,500
2026-03-09 10:40:00,20.16,20.17,20.14,20.14,8537
2026-03-09 10:50:00,20.16,20.17,20.16,20.17,500
2026-03-09 10:55:00,20.17,20.17,20.14,20.17,6569
2026-03-09 11:05:00,20.16,20.17,20.16,20.17,500
2026-03-09 11:15:00,20.16,20.17,20.16,20.17,500
2026-03-09 11:20:00,20.17,20.17,20.17,20.17,100
2026-03-09 11:25:00,20.17,20.17,20.17,20.17,600
2026-03-09 11:30:00,20.17,20.17,20.168,20.17,500
2026-03-09 11:40:00,20.17,20.17,20.145,20.17,500
2026-03-09 11:50:00,20.17,20.17,20.17,20.17,500
2026-03-09 11:55:00,20.17,20.17,20.168,20.17,600
2026-03-09 12:05:00,20.16,20.17,20.16,20.16,400
2026-03-09 12:15:00,20.17,20.17,20.168,20.17,500
2026-03-09 12:20:00,20.17,20.17,20.17,20.17,100
2026-03-09 12:25:00,20.17,20.17,20.17,20.17,400
2026-03-09 12:30:00,20.17,20.17,20.1548,20.17,858
2026-03-09 12:35:00,20.17,20.17,20.15,20.17,3966
2026-03-09 12:40:00,20.1696,20.17,20.15,20.16,16199
2026-03-09 12:45:00,20.168,20.17,20.15,20.1699,6448
2026-03-09 12:50:00,20.1699,20.17,20.1699,20.17,400
2026-03-09 13:00:00,20.168,20.17,20.168,20.17,400
2026-03-09 13:05:00,20.17,20.17,20.17,20.17,400
2026-03-09 13:10:00,20.17,20.17,20.17,20.17,400
2026-03-09 13:15:00,20.17,20.17,20.17,20.17,200
2026-03-09 13:20:00,20.17,20.17,20.1698,20.17,1300
2026-03-09 13:25:00,20.17,20.17,20.16,20.16,300
2026-03-09 13:30:00,20.16,20.16,20.16,20.16,719
2026-03-09 13:35:00,20.16,20.16,20.16,20.16,600
2026-03-09 13:40:00,20.16,20.16,20.16,20.16,896
2026-03-09 13:45:00,20.17,20.17,20.17,20.17,200
2026-03-09 13:50:00,20.17,20.17,20.17,20.17,200
2026-03-09 13:55:00,20.168,20.17,20.16,20.16,900
2026-03-09 14:00:00,20.16,20.16,20.16,20.16,200
2026-03-09 14:05:00,20.16,20.168,20.16,20.16,400
2026-03-09 14:10:00,20.16,20.16,20.16,20.16,200
2026-03-09 14:15:00,20.16,20.16,20.16,20.16,1000
2026-03-09 14:20:00,20.16,20.16,20.16,20.16,200
2026-03-09 14:25:00,20.17,20.17,20.17,20.17,146
2026-03-09 14:35:00,20.16,20.17,20.16,20.16,1296
2026-03-09 14:40:00,20.16,20.16,20.16,20.16,1000
2026-03-09 14:45:00,20.16,20.16,20.16,20.16,300
2026-03-09 14:50:00,20.16,20.16,20.16,20.16,300
2026-03-09 14:55:00,20.16,20.16,20.16,20.16,300
2026-03-09 15:00:00,20.16,20.16,20.16,20.16,300
2026-03-09 15:10:00,20.16,20.16,20.16,20.16,200
2026-03-09 15:15:00,20.16,20.16,20.16,20.16,900
2026-03-09 15:20:00,20.16,20.16,20.16,20.16,300
2026-03-09 15:25:00,20.16,20.16,20.16,20.16,400
2026-03-09 15:30:00,20.16,20.16,20.16,20.16,200
2026-03-09 15:35:00,20.16,20.16,20.16,20.16,300
2026-03-09 15:40:00,20.16,20.16,20.16,20.16,400
2026-03-09 15:45:00,20.16,20.16,20.15,20.15,500
2026-03-09 15:50:00,20.16,20.16,20.155,20.155,300
2026-03-09 15:55:00,20.155,20.16,20.155,20.155,400
2026-03-09 17:20:00,20.17,20.17,20.168,20.168,400
2026-03-10 09:30:00,20.12,20.12,20.12,20.12,2008
2026-03-10 09:40:00,20.168,20.17,20.168,20.17,700
2026-03-10 09:45:00,20.145,20.145,20.145,20.145,105
2026-03-10 09:50:00,20.168,20.17,20.168,20.17,700
2026-03-10 09:55:00,20.145,20.145,20.12,20.12,1043
2026-03-10 10:00:00,20.165,20.17,20.165,20.17,700
2026-03-10 10:05:00,20.15,20.15,20.15,20.15,1206
2026-03-10 10:10:00,20.155,20.17,20.155,20.17,700
2026-03-10 10:20:00,20.168,20.17,20.16,20.17,700
2026-03-10 10:25:00,20.15,20.17,20.15,20.17,700
2026-03-10 10:35:00,20.17,20.17,20.17,20.17,700
2026-03-10 10:45:00,20.15,20.17,20.15,20.17,700
2026-03-10 10:55:00,20.17,20.17,20.17,20.17,700
2026-03-10 11:05:00,20.1583,20.17,20.155,20.17,900
2026-03-10 11:10:00,20.17,20.17,20.155,20.17,800
2026-03-10 11:15:00,20.17,20.17,20.17,20.17,100
2026-03-10 11:20:00,20.17,20.17,20.17,20.17,700
2026-03-10 11:25:00,20.16,20.16,20.15,20.15,1112
2026-03-10 11:35:00,20.16,20.17,20.15,20.1501,4000
2026-03-10 11:40:00,20.16,20.17,20.155,20.17,800
2026-03-10 11:50:00,20.17,20.17,20.17,20.17,700
2026-03-10 11:55:00,20.17,20.17,20.17,20.17,100
2026-03-10 12:00:00,20.17,20.17,20.17,20.17,700
2026-03-10 12:10:00,20.155,20.17,20.155,20.17,900
2026-03-10 12:20:00,20.17,20.17,20.16,20.16,1200
2026-03-10 12:30:00,20.161,20.17,20.161,20.17,1200
2026-03-10 12:35:00,20.17,20.17,20.17,20.17,1100
2026-03-10 12:45:00,20.155,20.17,20.155,20.17,1100
2026-03-10 12:55:00,20.17,20.17,20.17,20.17,1100
2026-03-10 13:05:00,20.164,20.17,20.164,20.17,1200
2026-03-10 13:15:00,20.155,20.17,20.155,20.17,1000
2026-03-10 13:20:00,20.17,20.17,20.17,20.17,1100
2026-03-10 13:25:00,20.15,20.1501,20.15,20.1501,454
2026-03-10 13:35:00,20.17,20.17,20.17,20.17,200
2026-03-10 13:40:00,20.17,20.17,20.155,20.16,8187
2026-03-10 13:45:00,20.155,20.17,20.155,20.16,5757
2026-03-10 13:50:00,20.17,20.17,20.17,20.17,100
2026-03-10 13:55:00,20.17,20.17,20.15,20.16,3763
2026-03-10 14:00:00,20.17,20.17,20.15,20.1501,2800
2026-03-10 14:05:00,20.17,20.17,20.15,20.17,1592
2026-03-10 14:10:00,20.17,20.17,20.17,20.17,1000
2026-03-10 14:15:00,20.17,20.17,20.168,20.17,604
2026-03-10 14:20:00,20.17,20.175,20.16,20.17,800
2026-03-10 14:25:00,20.16,20.176,20.16,20.17,971
2026-03-10 14:30:00,20.17,20.176,20.17,20.17,900
2026-03-10 14:35:00,20.17,20.17,20.17,20.17,500
2026-03-10 14:40:00,20.178,20.178,20.16,20.17,1350
2026-03-10 14:45:00,20.18,20.18,20.17,20.17,1000
2026-03-10 14:50:00,20.18,20.18,20.17,20.18,900
2026-03-10 14:55:00,20.18,20.18,20.17,20.18,800
2026-03-10 15:00:00,20.18,20.18,20.16,20.16,1300
2026-03-10 15:05:00,20.168,20.18,20.168,20.18,900
2026-03-10 15:10:00,20.168,20.18,20.168,20.18,900
2026-03-10 15:15:00,20.18,20.18,20.17,20.18,1000
2026-03-10 15:20:00,20.17,20.18,20.16,20.18,1562
2026-03-10 15:30:00,20.18,20.18,20.17,20.18,1641
2026-03-10 15:35:00,20.18,20.18,20.17,20.18,1580
2026-03-10 15:40:00,20.18,20.18,20.16,20.1644,2011
2026-03-10 15:45:00,20.1644,20.18,20.1644,20.18,3277
2026-03-10 15:50:00,20.18,20.18,20.16,20.16,2779
2026-03-10 15:55:00,20.16,20.172,20.16,20.172,962
2026-03-10 16:45:00,20.15,20.15,20.15,20.15,100
2026-03-11 09:30:00,20.11,20.14,20.11,20.14,1224
2026-03-11 09:35:00,20.13,20.13,20.13,20.13,100
2026-03-11 09:40:00,20.16,20.16,20.15,20.16,800
2026-03-11 09:45:00,20.12,20.158,20.12,20.158,900
2026-03-11 09:50:00,20.158,20.158,20.14,20.158,1050
2026-03-11 09:55:00,20.158,20.158,20.158,20.158,600
2026-03-11 10:00:00,20.158,20.158,20.158,20.158,600
2026-03-11 10:05:00,20.16,20.18,20.15,20.18,3643
2026-03-11 10:15:00,20.18,20.18,20.18,20.18,1200
2026-03-11 10:25:00,20.159,20.18,20.159,20.18,1200
2026-03-11 10:30:00,20.18,20.18,20.12,20.12,200
2026-03-11 10:35:00,20.18,20.18,20.18,20.18,1300
2026-03-11 10:40:00,20.16,20.17,20.16,20.17,400
2026-03-11 10:45:00,20.15,20.1799,20.15,20.162,1200
2026-03-11 10:50:00,20.18,20.18,20.18,20.18,100
2026-03-11 10:55:00,20.17,20.18,20.17,20.18,1300
2026-03-11 11:05:00,20.15,20.18,20.15,20.18,1500
2026-03-11 11:10:00,20.17,20.17,20.17,20.17,1486
2026-03-11 11:15:00,20.178,20.18,20.178,20.18,1200
2026-03-11 11:25:00,20.18,20.18,20.18,20.18,1200
2026-03-11 11:35:00,20.18,20.18,20.18,20.18,1402
2026-03-11 11:45:00,20.165,20.17,20.165,20.17,1300
2026-03-11 11:55:00,20.17,20.18,20.17,20.18,1200
2026-03-11 12:05:00,20.18,20.18,20.17,20.17,1300
2026-03-11 12:15:00,20.174,20.18,20.174,20.18,1000
2026-03-11 12:20:00,20.17,20.18,20.17,20.179,700
2026-03-11 12:25:00,20.18,20.18,20.18,20.18,700
2026-03-11 12:30:00,20.175,20.18,20.1701,20.18,700
2026-03-11 12:35:00,20.18,20.18,20.18,20.18,2152
2026-03-11 12:40:00,20.188,20.188,20.18,20.188,1200
2026-03-11 12:45:00,20.18,20.18,20.18,20.18,297
2026-03-11 12:50:00,20.18,20.188,20.18,20.188,1111
2026-03-11 12:55:00,20.18,20.18,20.18,20.18,189
2026-03-11 13:00:00,20.188,20.188,20.18,20.18,1200
2026-03-11 13:10:00,20.18,20.186,20.18,20.18,1200
2026-03-11 13:20:00,20.18,20.188,20.18,20.18,1300
2026-03-11 13:30:00,20.185,20.1899,20.18,20.18,1200
2026-03-11 13:40:00,20.18,20.185,20.18,20.18,1200
2026-03-11 13:50:00,20.185,20.188,20.18,20.188,1200
2026-03-11 13:55:00,20.188,20.188,20.18,20.18,1200
2026-03-11 14:00:00,20.18,20.18,20.18,20.18,600
2026-03-11 14:05:00,20.18,20.18,20.18,20.18,800
2026-03-11 14:10:00,20.18,20.18,20.17,20.18,2556
2026-03-11 14:20:00,20.17,20.18,20.16,20.18,6877
2026-03-11 14:25:00,20.179,20.18,20.179,20.1799,1825
2026-03-11 14:30:00,20.165,20.18,20.165,20.18,598
2026-03-11 14:35:00,20.18,20.18,20.17,20.17,1000
2026-03-11 14:40:00,20.188,20.188,20.18,20.18,1200
2026-03-11 14:45:00,20.18,20.18,20.18,20.18,495
2026-03-11 14:50:00,20.18,20.188,20.18,20.18,1300
2026-03-11 14:55:00,20.17,20.17,20.17,20.17,350
2026-03-11 15:00:00,20.18,20.1899,20.17,20.1899,7046
2026-03-11 15:05:00,20.1899,20.1899,20.1899,20.1899,990
2026-03-11 15:10:00,20.175,20.18,20.17,20.175,3400
2026-03-11 15:20:00,20.18,20.188,20.17,20.17,2269
2026-03-11 15:30:00,20.17,20.18,20.17,20.18,1400
2026-03-11 15:35:00,20.18,20.18,20.18,20.18,500
2026-03-11 15:40:00,20.18,20.18,20.18,20.18,1500
2026-03-11 15:50:00,20.18,20.19,20.17,20.17,2256
2026-03-11 15:55:00,20.17,20.18,20.17,20.18,600
2026-03-12 09:25:00,20.13,20.13,20.13,20.13,100
2026-03-12 09:30:00,20.15,20.15,20.15,20.15,206
2026-03-12 09:40:00,20.178,20.18,20.178,20.18,1200
2026-03-12 09:45:00,20.155,20.155,20.155,20.155,1300
2026-03-12 09:55:00,20.178,20.18,20.178,20.18,1200
2026-03-12 10:05:00,20.178,20.18,20.178,20.18,1200
2026-03-12 10:10:00,20.17,20.18,20.163,20.163,590
2026-03-12 10:15:00,20.18,20.18,20.18,20.18,1200
2026-03-12 10:25:00,20.162,20.17,20.15,20.17,1200
2026-03-12 10:35:00,20.16,20.16,20.16,20.16,1490
2026-03-12 10:45:00,20.16,20.16,20.16,20.16,1200
2026-03-12 10:55:00,20.15,20.154,20.15,20.154,1200
2026-03-12 11:05:00,20.16,20.18,20.16,20.18,1200
2026-03-12 11:10:00,20.18,20.18,20.17,20.17,1200
2026-03-12 11:20:00,20.17,20.17,20.17,20.17,703
2026-03-12 11:25:00,20.17,20.17,20.16,20.16,1700
2026-03-12 11:30:00,20.17,20.17,20.17,20.17,300
2026-03-12 11:40:00,20.17,20.17,20.16,20.16,1400
2026-03-12 11:45:00,20.161,20.161,20.155,20.155,1786
2026-03-12 11:55:00,20.155,20.16,20.155,20.16,1400
2026-03-12 12:05:00,20.16,20.17,20.15,20.16,9191
2026-03-12 12:10:00,20.17,20.17,20.17,20.17,300
2026-03-12 12:15:00,20.17,20.17,20.1663,20.17,1600
2026-03-12 12:20:00,20.17,20.17,20.17,20.17,600
2026-03-12 12:25:00,20.17,20.17,20.17,20.17,600
2026-03-12 12:30:00,20.16,20.16,20.16,20.16,1100
2026-03-12 12:35:00,20.17,20.17,20.17,20.17,300
2026-03-12 12:40:00,20.17,20.17,20.16,20.17,600
2026-03-12 12:45:00,20.168,20.17,20.16,20.17,600
2026-03-12 12:50:00,20.164,20.17,20.164,20.17,600
2026-03-12 12:55:00,20.17,20.17,20.17,20.17,600
2026-03-12 13:00:00,20.17,20.17,20.16,20.17,600
2026-03-12 13:05:00,20.17,20.17,20.16,20.17,900
2026-03-12 13:10:00,20.16,20.17,20.16,20.17,600
2026-03-12 13:15:00,20.168,20.17,20.16,20.17,600
2026-03-12 13:20:00,20.17,20.17,20.16,20.17,600
2026-03-12 13:25:00,20.17,20.17,20.17,20.17,600
2026-03-12 13:30:00,20.16,20.17,20.16,20.17,600
2026-03-12 13:35:00,20.168,20.17,20.168,20.17,600
2026-03-12 13:40:00,20.17,20.17,20.164,20.17,600
2026-03-12 13:45:00,20.17,20.17,20.166,20.17,900
2026-03-12 13:50:00,20.168,20.17,20.166,20.17,600
2026-03-12 13:55:00,20.164,20.17,20.164,20.17,721
2026-03-12 14:00:00,20.165,20.18,20.165,20.18,1200
2026-03-12 14:10:00,20.18,20.18,20.18,20.18,1300
2026-03-12 14:20:00,20.174,20.18,20.174,20.18,1200
2026-03-12 14:25:00,20.17,20.18,20.17,20.18,1400
2026-03-12 14:35:00,20.178,20.18,20.174,20.18,1200
2026-03-12 14:45:00,20.18,20.18,20.17,20.18,1200
2026-03-12 14:55:00,20.18,20.18,20.18,20.18,1200
2026-03-12 15:05:00,20.18,20.18,20.18,20.18,1200
2026-03-12 15:15:00,20.16,20.18,20.16,20.1726,1300
2026-03-12 15:20:00,20.16,20.18,20.16,20.17,600
2026-03-12 15:25:00,20.16,20.18,20.16,20.17,600
2026-03-12 15:30:00,20.178,20.18,20.17,20.18,850
2026-03-12 15:35:00,20.178,20.188,20.17,20.18,600
2026-03-12 15:40:00,20.15,20.186,20.15,20.18,847
2026-03-12 15:45:00,20.19,20.19,20.17,20.17,650
2026-03-12 15:50:00,20.17,20.186,20.17,20.17,1700
2026-03-12 15:55:00,20.17,20.18,20.17,20.17,1838
2026-03-12 17:25:00,20.15,20.15,20.15,20.15,296
2026-03-12 17:30:00,20.14,20.14,20.1,20.1045,1700
2026-03-12 17:35:00,20.1,20.1,20.1,20.1,100
2026-03-13 09:30:00,20.11,20.11,20.11,20.11,103
2026-03-13 09:35:00,20.111,20.145,20.11,20.145,4500
2026-03-13 09:45:00,20.145,20.18,20.145,20.18,1000
2026-03-13 09:55:00,20.18,20.18,20.18,20.18,1000
2026-03-13 10:00:00,20.172,20.172,20.172,20.172,986
2026-03-13 10:05:00,20.178,20.18,20.174,20.18,1500
2026-03-13 10:15:00,20.178,20.178,20.178,20.178,1000
2026-03-13 10:25:00,20.18,20.18,20.18,20.18,1000
2026-03-13 10:35:00,20.175,20.175,20.17,20.17,300
2026-03-13 10:40:00,20.17,20.17,20.16,20.17,700
2026-03-13 10:45:00,20.15,20.17,20.15,20.17,300
2026-03-13 10:50:00,20.175,20.175,20.17,20.17,600
2026-03-13 10:55:00,20.1785,20.1785,20.155,20.155,802
2026-03-13 11:00:00,20.17,20.18,20.165,20.18,300
2026-03-13 11:05:00,20.175,20.1758,20.17,20.17,1006
2026-03-13 11:10:00,20.17,20.17,20.16,20.16,800
2026-03-13 11:20:00,20.176,20.176,20.17,20.17,300
2026-03-13 11:30:00,20.175,20.175,20.15,20.1644,1700
2026-03-13 11:35:00,20.172,20.172,20.15,20.15,400
2026-03-13 11:40:00,20.175,20.175,20.17,20.17,300
2026-03-13 11:45:00,20.175,20.175,20.17,20.17,300
2026-03-13 11:55:00,20.176,20.176,20.17,20.17,300
2026-03-13 12:00:00,20.171,20.171,20.17,20.17,300
2026-03-13 12:05:00,20.178,20.178,20.17,20.17,300
2026-03-13 12:10:00,20.174,20.174,20.17,20.17,300
2026-03-13 12:15:00,20.17,20.18,20.1698,20.17,8152
2026-03-13 12:20:00,20.18,20.18,20.17,20.17,300
2026-03-13 12:25:00,20.175,20.175,20.17,20.17,300
2026-03-13 12:30:00,20.17,20.17,20.17,20.17,100
2026-03-13 12:35:00,20.17,20.17,20.1695,20.1695,400
2026-03-13 12:40:00,20.17,20.17,20.17,20.17,300
2026-03-13 12:45:00,20.175,20.175,20.17,20.17,300
2026-03-13 12:50:00,20.17,20.17,20.16,20.16,400
2026-03-13 12:55:00,20.165,20.171,20.165,20.17,448
2026-03-13 13:05:00,20.17,20.175,20.17,20.17,300
2026-03-13 13:10:00,20.17,20.17,20.17,20.17,300
2026-03-13 13:15:00,20.17,20.17,20.17,20.17,400
2026-03-13 13:20:00,20.16,20.16,20.15,20.15,10150
2026-03-13 13:25:00,20.16,20.17,20.16,20.16,850
2026-03-13 13:30:00,20.16,20.17,20.16,20.17,300
2026-03-13 13:35:00,20.16,20.17,20.16,20.16,400
2026-03-13 13:40:00,20.16,20.16,20.16,20.16,300
2026-03-13 13:45:00,20.165,20.165,20.165,20.165,300
2026-03-13 13:55:00,20.165,20.165,20.165,20.165,300
2026-03-13 14:00:00,20.1725,20.1725,20.165,20.165,300
2026-03-13 14:05:00,20.165,20.18,20.165,20.17,1600
2026-03-13 14:10:00,20.16,20.16,20.16,20.16,100
2026-03-13 14:20:00,20.17,20.18,20.17,20.18,400
2026-03-13 14:25:00,20.178,20.178,20.17,20.17,500
2026-03-13 14:35:00,20.17,20.17,20.17,20.17,500
2026-03-13 14:45:00,20.171,20.171,20.15,20.15,10400
2026-03-13 14:50:00,20.16,20.16,20.16,20.16,1500
2026-03-13 14:55:00,20.17,20.17,20.17,20.17,500
2026-03-13 15:05:00,20.17,20.17,20.17,20.17,500
2026-03-13 15:15:00,20.188,20.188,20.17,20.17,500
2026-03-13 15:25:00,20.181,20.1825,20.175,20.175,500
2026-03-13 15:35:00,20.1825,20.1825,20.175,20.175,500
2026-03-13 15:45:00,20.175,20.1825,20.17,20.17,800
2026-03-13 15:50:00,20.17,20.17,20.16,20.17,600
2026-03-13 15:55:00,20.16,20.17,20.16,20.17,200
