2026-03-04 11:55:00,33.12,33.12,33.12,33.12,2262
2026-03-04 13:00:00,33.15,33.15,33.115,33.15,1614
2026-03-04 15:20:00,33.15,33.15,33.1395,33.1395,1447
2026-03-05 10:25:00,33.02,33.1,32.9901,33.1,2412
2026-03-05 10:35:00,33.07,33.09,33.07,33.09,1200
2026-03-05 10:50:00,33.09,33.09,33.09,33.09,100
2026-03-05 14:15:00,33.01,33.01,33.01,33.01,853
2026-03-06 09:35:00,32.92,32.9337,32.92,32.92,925
2026-03-06 13:05:00,33.04,33.04,33.04,33.04,100
2026-03-06 15:25:00,33.04,33.04,33.04,33.04,200
2026-03-06 15:55:00,32.984,33.03,32.984,33.03,279
2026-03-09 10:30:00,32.92,32.92,32.92,32.92,607
2026-03-09 13:20:00,32.9001,32.9001,32.9001,32.9001,646
2026-03-09 13:55:00,32.95,32.99,32.95,32.99,5440
2026-03-09 15:15:00,33.0,33.0,33.0,33.0,200
2026-03-10 14:00:00,33.08,33.08,33.08,33.08,301
2026-03-10 15:05:00,33.04,33.04,33.04,33.04,200
2026-03-11 11:20:00,33.02,33.05,33.02,33.05,700
2026-03-11 12:55:00,33.0213,33.0213,33.0213,33.0213,100
2026-03-11 13:10:00,33.059,33.059,33.0394,33.04,500
2026-03-11 14:15:00,33.01,33.03,33.01,33.03,800
2026-03-13 09:40:00,32.99,32.99,32.99,32.99,76000
2026-03-13 09:45:00,33.02,33.02,33.02,33.02,200
