2026-03-04 09:40:00,53.53,53.53,53.53,53.53,850
2026-03-04 15:00:00,54.49,54.49,54.49,54.49,120
2026-03-05 09:40:00,53.77,53.77,53.77,53.77,100
2026-03-05 09:45:00,53.77,53.77,53.77,53.77,282
2026-03-05 09:50:00,53.7976,53.7976,53.77,53.77,200
2026-03-05 13:15:00,53.43,53.43,53.43,53.43,119756
2026-03-05 13:25:00,53.34,53.41,53.13,53.13,1400
2026-03-05 15:45:00,53.19,53.19,52.81,52.81,1977
2026-03-06 09:30:00,52.96,52.96,52.96,52.96,102
2026-03-06 09:35:00,52.95,52.95,52.95,52.95,100
2026-03-06 10:30:00,53.26,53.26,53.26,53.26,189
2026-03-06 10:40:00,53.05,53.05,53.05,53.05,751
2026-03-06 10:50:00,53.06,53.06,53.06,53.06,100
2026-03-06 11:25:00,53.0501,53.0501,53.0501,53.0501,650
2026-03-06 14:15:00,53.98,53.98,53.98,53.98,300
2026-03-09 10:00:00,53.2956,53.2956,53.2956,53.2956,500
2026-03-09 10:25:00,53.02,53.02,53.02,53.02,100
2026-03-09 10:40:00,53.405,53.405,53.405,53.405,192
2026-03-09 11:30:00,53.505,54.0,53.505,53.95,2598
2026-03-09 14:40:00,53.555,53.555,53.555,53.555,200
2026-03-09 14:45:00,53.555,53.5788,53.38,53.555,1200
2026-03-09 15:00:00,53.51,53.51,53.51,53.51,100
2026-03-09 15:50:00,53.42,53.42,53.32,53.32,400
2026-03-10 10:10:00,53.53,53.53,53.53,53.53,100
2026-03-10 10:15:00,53.77,53.77,53.54,53.54,200
2026-03-10 11:00:00,53.755,54.0999,53.755,54.0999,675
2026-03-10 13:45:00,53.635,53.635,53.62,53.62,452
2026-03-10 13:50:00,53.63,53.63,53.63,53.63,200
2026-03-10 15:05:00,54.03,54.03,54.03,54.03,111
2026-03-11 09:35:00,53.66,53.66,53.66,53.66,729
2026-03-11 11:20:00,53.1501,53.1501,53.1501,53.1501,359
2026-03-11 12:00:00,53.86,54.1,53.86,53.99,2055
2026-03-11 15:25:00,53.93,53.93,53.93,53.93,100
2026-03-12 11:05:00,53.61,53.61,53.61,53.61,403658
2026-03-12 11:25:00,53.275,53.275,53.275,53.275,100
2026-03-12 11:40:00,53.37,53.64,53.37,53.64,178300
2026-03-12 11:45:00,53.7,53.86,53.64,53.8599,2898
2026-03-12 11:50:00,53.22,53.22,53.22,53.22,500
2026-03-12 11:55:00,53.63,53.86,53.63,53.7,5265
2026-03-12 12:00:00,53.34,53.34,53.34,53.34,900
2026-03-12 12:05:00,53.34,53.34,53.34,53.34,100
2026-03-12 12:10:00,53.4,53.67,53.3,53.61,1625
2026-03-12 12:20:00,53.6,53.6,53.6,53.6,100
2026-03-12 13:30:00,53.35,53.35,53.35,53.35,22711
2026-03-12 13:40:00,53.8099,53.8099,53.29,53.29,6853
2026-03-12 13:45:00,53.8099,53.81,53.29,53.4193,19136
2026-03-12 13:50:00,53.8,53.805,53.186,53.4499,12717
2026-03-12 13:55:00,53.64,53.64,53.64,53.64,100
2026-03-12 14:00:00,53.465,53.65,53.42,53.42,1200
2026-03-12 14:05:00,53.63,53.65,53.44,53.65,1699
2026-03-12 14:10:00,53.44,53.63,53.42,53.42,1200
2026-03-12 14:15:00,53.55,53.55,53.075,53.285,3000
2026-03-12 14:20:00,53.37,53.38,53.105,53.35,600
2026-03-12 14:25:00,53.235,53.33,53.075,53.0999,800
2026-03-12 14:30:00,53.045,53.43,53.045,53.0699,500
2026-03-12 14:35:00,53.23,53.37,53.06,53.0899,1000
2026-03-12 14:45:00,53.16,53.25,53.035,53.0499,1000
2026-03-12 14:50:00,53.035,53.0499,53.01,53.0299,400
2026-03-12 14:55:00,52.98,53.0099,52.98,53.0099,200
2026-03-12 15:00:00,52.975,53.11,52.975,53.11,333
2026-03-12 15:05:00,52.955,53.25,52.955,53.25,300
2026-03-12 15:10:00,53.17,53.17,53.01,53.0299,1224
2026-03-12 15:15:00,52.99,53.25,52.965,52.965,700
2026-03-12 15:20:00,52.99,53.16,52.97,53.16,600
2026-03-12 15:25:00,53.08,53.08,52.965,52.9799,500
2026-03-12 15:35:00,53.3,53.3,52.965,52.9799,862
2026-03-12 15:40:00,52.965,53.2,52.965,53.2,2468
2026-03-12 15:45:00,53.2,53.2,53.2,53.2,100
2026-03-12 15:50:00,52.965,53.19,52.96,53.19,600
2026-03-12 15:55:00,52.965,52.9999,52.965,52.9799,400
2026-03-13 09:45:00,53.5,53.77,53.5,53.77,301
2026-03-13 10:05:00,53.485,53.485,53.485,53.485,141
2026-03-13 10:45:00,53.32,53.57,53.32,53.57,596
2026-03-13 11:10:00,53.76,53.76,53.03,53.03,4485
2026-03-13 11:15:00,52.99,53.08,52.99,53.08,200
2026-03-13 11:30:00,53.1,53.38,53.1,53.38,800
2026-03-13 12:10:00,53.48,53.5,53.185,53.5,877
2026-03-13 12:15:00,53.01,53.0599,53.01,53.0599,200
2026-03-13 12:20:00,53.05,53.05,52.985,52.9999,1254
2026-03-13 13:45:00,52.98,53.1,52.98,53.06,1151
2026-03-13 14:05:00,53.56,53.56,53.135,53.135,19882
2026-03-13 14:25:00,52.8,52.8,52.79,52.79,200
2026-03-13 14:55:00,53.075,53.075,53.075,53.075,117
2026-03-13 15:35:00,53.075,53.075,53.075,53.075,109
2026-03-16 12:05:00,53.36,53.8099,53.36,53.8099,1600
2026-03-16 12:35:00,53.36,53.45,53.36,53.45,231
2026-03-16 14:55:00,53.29,53.29,53.29,53.29,194
2026-03-16 16:00:00,53.76,53.76,53.76,53.76,100
2026-03-17 09:45:00,53.25,53.25,53.25,53.25,124
2026-03-17 11:45:00,52.76,52.76,52.76,52.76,1510
2026-03-17 11:50:00,53.28,53.28,53.28,53.28,770
2026-03-17 11:55:00,53.4,53.4,53.2,53.2,926
2026-03-17 12:00:00,53.05,53.05,53.05,53.05,200
2026-03-17 12:05:00,53.1,53.1,53.08,53.08,211
2026-03-17 13:20:00,53.23,53.23,53.22,53.22,200
2026-03-17 15:40:00,53.25,53.25,53.19,53.19,200
2026-03-18 09:45:00,53.05,53.05,53.05,53.05,338
2026-03-18 10:55:00,53.2687,53.2687,52.96,52.96,730
2026-03-18 11:05:00,53.2,53.2,53.2,53.2,100
2026-03-18 11:10:00,53.06,53.085,53.06,53.06,900
2026-03-18 11:15:00,52.94,52.94,52.94,52.94,400
2026-03-18 11:20:00,52.98,52.98,52.98,52.98,100
2026-03-18 11:30:00,53.13,53.13,53.02,53.02,200
2026-03-18 11:40:00,53.09,53.09,53.09,53.09,100
2026-03-18 12:25:00,53.02,53.28,53.02,53.28,766
2026-03-18 12:35:00,53.34,53.34,53.34,53.34,100
2026-03-18 13:15:00,52.99,52.9903,52.99,52.9903,304
2026-03-18 14:20:00,53.16,53.16,53.15,53.15,200
2026-03-18 14:25:00,53.108,53.108,53.108,53.108,112
2026-03-18 15:10:00,53.14,53.1458,53.08,53.14,1199
2026-03-18 15:15:00,53.17,53.17,53.17,53.17,100
2026-03-19 09:25:00,52.25,52.4,52.25,52.4,200
2026-03-19 09:40:00,53.25,53.25,53.25,53.25,100
2026-03-19 09:50:00,54.25,54.25,54.25,54.25,168
2026-03-19 10:50:00,53.35,53.35,53.35,53.35,875
2026-03-19 12:50:00,52.955,52.955,52.955,52.955,147
2026-03-19 14:20:00,52.88,52.88,52.88,52.88,493
2026-03-19 15:20:00,53.2,53.2,53.2,53.2,100
2026-03-19 15:25:00,52.82,52.82,52.82,52.82,385
2026-03-19 15:30:00,53.25,53.25,53.25,53.25,385
2026-03-20 09:35:00,53.05,53.05,53.05,53.05,140
2026-03-20 11:50:00,52.7,52.7,52.7,52.7,400
2026-03-20 12:10:00,52.7699,52.7699,52.7699,52.7699,150
2026-03-20 13:05:00,52.76,52.76,52.76,52.76,100
2026-03-20 14:05:00,52.2,52.2,52.2,52.2,100
2026-03-23 11:30:00,53.04,53.04,53.04,53.04,100
2026-03-23 12:00:00,53.3199,53.3199,53.3199,53.3199,129
2026-03-23 13:30:00,53.15,53.25,52.92,52.92,456
2026-03-23 14:10:00,53.38,53.38,53.38,53.38,200
2026-03-24 10:30:00,52.32,52.32,52.32,52.32,295
2026-03-24 10:40:00,52.32,52.32,52.32,52.32,201
2026-03-24 11:15:00,52.88,52.88,52.88,52.88,100
2026-03-24 13:10:00,51.83,52.685,51.83,52.685,956
2026-03-25 10:20:00,53.3499,53.3499,53.3499,53.3499,282
2026-03-25 12:45:00,53.0,53.0,53.0,53.0,157
2026-03-25 15:00:00,52.91,52.91,52.91,52.91,944
2026-03-26 09:45:00,52.66,53.01,52.66,53.01,606
2026-03-26 09:50:00,52.66,52.66,52.66,52.66,194
2026-03-26 09:55:00,53.02,53.02,52.665,52.665,200
2026-03-26 11:40:00,53.06,53.06,53.06,53.06,247
2026-03-26 14:00:00,51.92,51.92,51.92,51.92,945
2026-03-26 14:35:00,52.76,52.76,52.76,52.76,100
2026-03-26 15:30:00,52.32,52.33,51.77,52.31,994
2026-03-27 09:45:00,52.31,52.31,52.31,52.31,176
2026-03-27 10:55:00,52.295,52.295,52.295,52.295,328
2026-03-27 11:05:00,51.8,51.8,51.8,51.8,100
2026-03-27 12:20:00,52.38,52.38,52.38,52.38,135
2026-03-27 12:30:00,52.28,52.28,52.28,52.28,100
2026-03-27 13:05:00,52.8999,52.8999,52.0,52.0,16630
2026-03-27 13:30:00,52.8399,52.8399,52.31,52.31,321
2026-03-27 14:00:00,51.82,51.82,51.82,51.82,4187
2026-03-27 14:15:00,51.95,51.95,51.95,51.95,100
2026-03-27 15:05:00,51.83,51.84,51.83,51.84,200
2026-03-27 15:10:00,51.83,51.83,51.83,51.83,100
2026-03-27 15:15:00,51.83,51.83,51.83,51.83,100
2026-03-27 15:20:00,51.83,51.83,51.83,51.83,200
2026-03-27 15:25:00,51.83,51.83,51.83,51.83,100
2026-03-27 15:45:00,51.83,51.83,51.83,51.83,100
2026-03-30 09:55:00,51.9,51.9,51.9,51.9,173
2026-03-30 10:10:00,52.4,52.4,51.9,51.9,311
2026-03-30 11:40:00,51.92,51.92,51.92,51.92,100
2026-03-30 12:15:00,52.38,52.855,52.38,52.855,300
2026-03-30 12:30:00,52.86,52.86,52.86,52.86,2230
2026-03-30 12:45:00,52.61,52.61,52.61,52.61,39126
2026-03-30 13:40:00,52.79,52.79,52.79,52.79,4794
2026-03-30 14:05:00,52.31,52.31,52.31,52.31,100
2026-03-30 14:25:00,52.33,52.65,52.33,52.65,200
2026-03-30 14:55:00,52.34,52.34,52.34,52.34,150
2026-03-30 15:15:00,51.96,51.96,51.96,51.96,100
2026-03-30 15:50:00,52.52,52.52,52.52,52.52,300
2026-03-31 10:30:00,52.22,52.235,52.22,52.235,8778
2026-03-31 11:45:00,52.21,52.21,52.21,52.21,100
2026-03-31 12:05:00,51.82,52.4,51.73,51.73,1738
2026-03-31 12:10:00,52.24,52.49,52.221,52.49,500
2026-03-31 12:20:00,52.47,52.47,52.47,52.47,100
2026-03-31 12:25:00,52.29,52.29,52.29,52.29,100
2026-03-31 12:35:00,52.35,52.35,52.35,52.35,100
2026-03-31 12:55:00,52.065,52.37,52.065,52.37,1467
2026-03-31 15:10:00,52.155,52.155,52.155,52.155,267
2026-04-01 10:25:00,52.6303,52.6303,52.6303,52.6303,192
2026-04-01 12:25:00,51.835,51.98,51.835,51.94,500
2026-04-01 15:00:00,52.7,52.82,52.7,52.79,412
2026-04-01 10:25:00,52.6303,52.6303,52.6303,52.6303,192
2026-04-01 12:25:00,51.835,51.98,51.835,51.94,500
2026-04-01 15:00:00,52.7,52.82,52.7,52.79,412
2026-04-02 10:45:00,52.525,52.525,52.525,52.525,336
2026-04-02 11:00:00,52.96,52.96,52.96,52.96,100
2026-04-02 11:10:00,52.7999,52.7999,52.7999,52.7999,307
2026-04-02 13:20:00,52.9799,52.9799,52.9799,52.9799,211
2026-04-02 13:30:00,52.9799,52.9799,52.9799,52.9799,312
2026-04-02 14:00:00,52.495,52.495,52.495,52.495,291
2026-04-02 14:15:00,52.97,52.97,52.97,52.97,2750
2026-04-02 14:20:00,52.9799,52.9799,52.9799,52.9799,115
