2026-03-04 07:15:00,72.0,72.0,72.0,72.0,100
2026-03-04 08:00:00,72.16,72.16,72.16,72.16,400
2026-03-04 09:30:00,71.12,71.12,71.12,71.12,1528
2026-03-04 09:40:00,70.88,70.88,70.88,70.88,100
2026-03-04 09:50:00,70.71,70.71,70.71,70.71,100
2026-03-04 09:55:00,70.66,70.675,70.66,70.675,223
2026-03-04 10:00:00,70.66,70.66,70.66,70.66,100
2026-03-04 10:05:00,70.7,70.74,70.68,70.74,802
2026-03-04 10:10:00,70.81,70.81,70.7,70.7,1350
2026-03-04 10:15:00,70.7401,70.7401,70.7401,70.7401,198
2026-03-04 10:20:00,70.77,70.77,70.77,70.77,346
2026-03-04 10:25:00,70.77,70.77,70.77,70.77,100
2026-03-04 10:30:00,70.82,70.83,70.82,70.83,2884
2026-03-04 10:35:00,70.78,70.78,70.78,70.78,100
2026-03-04 10:50:00,70.76,70.76,70.76,70.76,308
2026-03-04 10:55:00,70.78,70.78,70.73,70.73,36540
2026-03-04 11:10:00,70.9,70.9,70.9,70.9,750
2026-03-04 11:20:00,70.75,70.75,70.75,70.75,146
2026-03-04 11:25:00,70.74,70.74,70.74,70.74,100
2026-03-04 11:40:00,70.75,70.75,70.75,70.75,360
2026-03-04 11:45:00,70.8,70.8,70.8,70.8,100
2026-03-04 12:00:00,70.8,70.8,70.79,70.8,300
2026-03-04 12:05:00,70.84,70.84,70.84,70.84,200
2026-03-04 12:20:00,70.71,70.71,70.68,70.68,295
2026-03-04 12:55:00,70.82,70.82,70.82,70.82,200
2026-03-04 13:05:00,70.8,70.8,70.8,70.8,583
2026-03-04 13:10:00,70.815,70.83,70.815,70.83,650
2026-03-04 13:15:00,70.845,70.845,70.8425,70.845,453
2026-03-04 13:20:00,70.89,70.89,70.89,70.89,300
2026-03-04 13:25:00,70.89,70.9499,70.89,70.93,1900
2026-03-04 13:30:00,70.93,70.935,70.93,70.935,600
2026-03-04 13:35:00,70.96,70.96,70.95,70.95,683
2026-03-04 13:40:00,70.9316,70.95,70.9316,70.95,477
2026-03-04 13:45:00,70.96,70.965,70.9199,70.9199,658
2026-03-04 13:50:00,70.96,70.96,70.92,70.92,934
2026-03-04 13:55:00,70.92,70.92,70.86,70.86,400
2026-03-04 14:00:00,70.86,70.87,70.85,70.86,844
2026-03-04 14:05:00,70.86,70.86,70.86,70.86,400
2026-03-04 14:10:00,70.845,70.845,70.845,70.845,150
2026-03-04 14:15:00,70.87,70.92,70.87,70.92,916
2026-03-04 14:20:00,70.94,70.94,70.94,70.94,104
2026-03-04 14:25:00,70.92,70.935,70.92,70.92,400
2026-03-04 14:30:00,70.93,70.97,70.93,70.97,964
2026-03-04 14:35:00,70.98,71.0,70.98,71.0,2591
2026-03-04 14:45:00,71.035,71.04,71.025,71.03,2023
2026-03-04 14:50:00,70.995,70.995,70.995,70.995,250
2026-03-04 14:55:00,70.99,70.99,70.94,70.94,1454
2026-03-04 15:00:00,70.985,70.985,70.985,70.985,247
2026-03-04 15:10:00,70.955,70.98,70.955,70.98,1450
2026-03-04 15:20:00,70.94,70.97,70.94,70.94,650
2026-03-04 15:30:00,70.97,70.97,70.96,70.96,389
2026-03-04 15:35:00,70.98,71.03,70.98,71.02,1925
2026-03-04 15:40:00,71.0,71.015,71.0,71.0,600
2026-03-04 15:50:00,70.835,70.9047,70.835,70.9047,430
2026-03-04 15:55:00,70.9,70.94,70.82,70.94,3464
2026-03-04 16:00:00,70.97,70.97,70.97,70.97,482
2026-03-05 08:00:00,69.41,69.41,69.41,69.41,1000
2026-03-05 09:30:00,70.0,70.0,69.87,69.9,2915
2026-03-05 09:35:00,69.99,69.99,69.72,69.72,7010
2026-03-05 10:00:00,69.8651,69.8651,69.8651,69.8651,186
2026-03-05 10:05:00,69.81,69.81,69.81,69.81,200
2026-03-05 10:10:00,69.4734,69.4751,69.4734,69.4751,278
2026-03-05 10:20:00,69.4999,69.4999,69.4999,69.4999,479
2026-03-05 10:25:00,69.35,69.35,69.3188,69.3188,264
2026-03-05 10:45:00,69.44,69.44,69.44,69.44,100
2026-03-05 11:00:00,69.39,69.39,69.39,69.39,200
2026-03-05 11:05:00,69.2427,69.2427,69.2427,69.2427,770
2026-03-05 11:25:00,69.37,69.37,69.37,69.37,200
2026-03-05 11:35:00,69.295,69.295,69.285,69.285,330
2026-03-05 11:40:00,69.32,69.32,69.32,69.32,100
2026-03-05 11:45:00,69.4,69.4,69.4,69.4,100
2026-03-05 11:55:00,69.37,69.37,69.37,69.37,100
2026-03-05 12:00:00,69.42,69.42,69.39,69.39,600
2026-03-05 12:05:00,69.4472,69.4472,69.415,69.415,640
2026-03-05 12:25:00,69.29,69.29,69.29,69.29,129
2026-03-05 12:40:00,69.33,69.33,69.33,69.33,140
2026-03-05 12:45:00,69.4,69.4,69.36,69.38,950
2026-03-05 12:50:00,69.4172,69.4172,69.4172,69.4172,107
2026-03-05 12:55:00,69.4,69.4,69.4,69.4,113
2026-03-05 13:00:00,69.455,69.455,69.42,69.4204,300
2026-03-05 13:05:00,69.43,69.43,69.41,69.415,950
2026-03-05 13:10:00,69.4,69.4,69.37,69.37,300
2026-03-05 13:15:00,69.37,69.37,69.35,69.35,500
2026-03-05 13:20:00,69.3,69.335,69.3,69.335,344
2026-03-05 13:25:00,69.29,69.31,69.28,69.31,454
2026-03-05 13:30:00,69.33,69.33,69.27,69.27,200
2026-03-05 13:35:00,69.23,69.24,69.215,69.24,603
2026-03-05 13:40:00,69.29,69.29,69.29,69.29,150
2026-03-05 13:45:00,69.34,69.34,69.29,69.29,200
2026-03-05 13:50:00,69.18,69.21,69.18,69.21,800
2026-03-05 13:55:00,69.25,69.27,69.25,69.26,501
2026-03-05 14:00:00,69.19,69.19,69.145,69.15,606
2026-03-05 14:05:00,69.165,69.165,69.13,69.15,600
2026-03-05 14:10:00,69.1,69.12,69.095,69.095,1000
2026-03-05 14:15:00,69.09,69.1,69.05,69.07,1727
2026-03-05 14:20:00,69.09,69.11,69.08,69.095,1760
2026-03-05 14:25:00,69.095,69.095,69.03,69.035,2138
2026-03-05 14:30:00,69.03,69.08,68.91,69.08,3163
2026-03-05 14:35:00,69.07,69.08,69.06,69.06,1557
2026-03-05 14:40:00,69.08,69.09,69.08,69.09,300
2026-03-05 14:45:00,69.13,69.15,69.12,69.15,700
2026-03-05 14:50:00,69.14,69.22,69.14,69.2,1500
2026-03-05 14:55:00,69.18,69.19,69.11,69.15,5837
2026-03-05 15:00:00,69.18,69.2,69.13,69.2,1700
2026-03-05 15:05:00,69.16,69.23,69.16,69.23,400
2026-03-05 15:10:00,69.28,69.325,69.28,69.325,887
2026-03-05 15:15:00,69.27,69.32,69.27,69.32,600
2026-03-05 15:20:00,69.27,69.37,69.27,69.37,1745
2026-03-05 15:25:00,69.375,69.4,69.34,69.34,1000
2026-03-05 15:30:00,69.335,69.385,69.335,69.35,1500
2026-03-05 15:35:00,69.325,69.36,69.32,69.32,1132
2026-03-05 15:40:00,69.32,69.32,69.285,69.3051,1149
2026-03-05 15:45:00,69.27,69.295,69.2,69.295,1600
2026-03-05 15:50:00,69.35,69.35,69.325,69.325,1660
2026-03-05 15:55:00,69.29,69.33,69.23,69.23,3345
2026-03-05 16:00:00,69.22,69.22,69.22,69.22,2167
2026-03-06 09:30:00,68.68,68.72,68.4,68.6085,2645
2026-03-06 09:40:00,68.7,68.7,68.7,68.7,100
2026-03-06 09:50:00,68.7,68.7,68.7,68.7,1000
2026-03-06 10:15:00,68.81,68.81,68.81,68.81,100
2026-03-06 10:25:00,68.97,68.97,68.97,68.97,185
2026-03-06 10:40:00,69.075,69.075,69.03,69.03,250
2026-03-06 10:50:00,68.93,68.93,68.93,68.93,357
2026-03-06 10:55:00,69.02,69.1,69.0,69.02,5506
2026-03-06 11:00:00,69.06,69.12,69.06,69.09,800
2026-03-06 11:05:00,69.13,69.13,69.06,69.06,400
2026-03-06 11:10:00,69.08,69.12,69.08,69.12,400
2026-03-06 11:15:00,69.16,69.16,69.16,69.16,100
2026-03-06 11:40:00,69.21,69.21,69.21,69.21,100
2026-03-06 11:45:00,69.24,69.24,69.22,69.23,800
2026-03-06 11:50:00,69.2425,69.2425,69.2425,69.2425,100
2026-03-06 11:55:00,69.19,69.19,69.18,69.18,200
2026-03-06 12:00:00,69.12,69.18,69.12,69.18,776
2026-03-06 12:05:00,69.18,69.18,69.12,69.12,500
2026-03-06 12:10:00,69.14,69.15,69.14,69.15,200
2026-03-06 12:15:00,69.13,69.18,69.13,69.18,200
2026-03-06 12:20:00,69.29,69.31,69.27,69.27,400
2026-03-06 12:25:00,69.265,69.265,69.21,69.21,500
2026-03-06 12:30:00,69.2,69.2,69.2,69.2,200
2026-03-06 12:35:00,69.19,69.19,69.16,69.16,300
2026-03-06 12:40:00,69.15,69.15,69.15,69.15,100
2026-03-06 12:45:00,69.18,69.185,69.18,69.185,355
2026-03-06 12:50:00,69.21,69.23,69.2,69.2,2256
2026-03-06 12:55:00,69.22,69.23,69.22,69.23,700
2026-03-06 13:00:00,69.23,69.28,69.23,69.27,600
2026-03-06 13:05:00,69.3,69.3,69.3,69.3,100
2026-03-06 13:15:00,69.43,69.43,69.43,69.43,400
2026-03-06 13:20:00,69.45,69.45,69.4,69.4,500
2026-03-06 13:25:00,69.36,69.36,69.28,69.28,500
2026-03-06 13:30:00,69.32,69.32,69.32,69.32,100
2026-03-06 13:35:00,69.31,69.31,69.31,69.31,100
2026-03-06 13:40:00,69.31,69.325,69.29,69.325,530
2026-03-06 13:45:00,69.29,69.29,69.29,69.29,100
2026-03-06 13:50:00,69.29,69.3,69.29,69.29,875
2026-03-06 13:55:00,69.31,69.34,69.31,69.32,615
2026-03-06 14:00:00,69.33,69.3301,69.31,69.31,300
2026-03-06 14:05:00,69.31,69.31,69.3,69.3,200
2026-03-06 14:10:00,69.36,69.36,69.36,69.36,100
2026-03-06 14:15:00,69.35,69.35,69.34,69.34,200
2026-03-06 14:20:00,69.33,69.34,69.33,69.34,200
2026-03-06 14:25:00,69.37,69.37,69.37,69.37,100
2026-03-06 14:30:00,69.4,69.4,69.39,69.39,300
2026-03-06 14:35:00,69.39,69.41,69.39,69.39,335
2026-03-06 14:40:00,69.45,69.46,69.43,69.43,1332
2026-03-06 14:50:00,69.39,69.4,69.37,69.4,400
2026-03-06 14:55:00,69.39,69.39,69.39,69.39,200
2026-03-06 15:00:00,69.39,69.41,69.38,69.4,600
2026-03-06 15:05:00,69.39,69.4,69.39,69.3941,400
2026-03-06 15:10:00,69.42,69.44,69.39,69.39,762
2026-03-06 15:15:00,69.38,69.4,69.38,69.4,450
2026-03-06 15:20:00,69.39,69.42,69.39,69.39,661
2026-03-06 15:25:00,69.42,69.44,69.42,69.44,1979
2026-03-06 15:30:00,69.42,69.42,69.39,69.42,500
2026-03-06 15:35:00,69.42,69.43,69.42,69.43,700
2026-03-06 15:40:00,69.45,69.48,69.44,69.45,1050
2026-03-06 15:50:00,69.42,69.48,69.33,69.48,926
2026-03-06 15:55:00,69.39,69.55,69.38,69.53,7550
2026-03-06 16:00:00,69.39,69.39,69.39,69.39,409
2026-03-09 09:30:00,69.07,69.07,69.07,69.07,3299
2026-03-09 09:40:00,68.9999,68.9999,68.985,68.985,734
2026-03-09 09:45:00,68.935,69.065,68.935,68.97,1977
2026-03-09 09:50:00,68.855,68.92,68.75,68.795,2186
2026-03-09 09:55:00,68.795,68.87,68.795,68.86,2382
2026-03-09 10:00:00,68.885,68.885,68.74,68.805,2498
2026-03-09 10:05:00,68.78,68.78,68.57,68.57,8926
2026-03-09 10:10:00,68.57,68.705,68.57,68.705,3006
2026-03-09 10:15:00,68.67,68.7,68.66,68.7,432
2026-03-09 10:20:00,68.652,68.652,68.652,68.652,130
2026-03-09 10:25:00,68.725,68.725,68.67,68.67,200
2026-03-09 10:40:00,68.745,68.745,68.745,68.745,100
2026-03-09 10:50:00,68.8,68.845,68.8,68.845,850
2026-03-09 10:55:00,68.88,68.88,68.83,68.83,200
2026-03-09 11:00:00,68.94,68.94,68.94,68.94,100
2026-03-09 11:05:00,69.01,69.18,69.01,69.16,1417
2026-03-09 11:10:00,69.12,69.12,69.12,69.12,1536
2026-03-09 11:20:00,69.23,69.27,69.23,69.26,400
2026-03-09 11:30:00,69.24,69.24,69.24,69.24,265
2026-03-09 11:35:00,69.17,69.17,69.17,69.17,100
2026-03-09 11:40:00,69.165,69.18,69.165,69.18,260
2026-03-09 11:50:00,69.19,69.19,69.19,69.19,200
2026-03-09 11:55:00,69.19,69.19,69.19,69.19,200
2026-03-09 12:00:00,69.19,69.205,69.18,69.18,1150
2026-03-09 12:05:00,69.18,69.18,69.16,69.16,538
2026-03-09 12:15:00,69.1,69.1,69.1,69.1,200
2026-03-09 12:20:00,69.08,69.14,69.06,69.14,814
2026-03-09 12:25:00,69.18,69.22,69.17,69.19,2318
2026-03-09 12:30:00,69.13,69.16,69.13,69.16,500
2026-03-09 12:35:00,69.18,69.205,69.18,69.18,6442
2026-03-09 12:40:00,69.19,69.19,69.19,69.19,100
2026-03-09 12:45:00,69.27,69.27,69.27,69.27,100
2026-03-09 12:50:00,69.295,69.295,69.25,69.25,1018
2026-03-09 13:00:00,69.17,69.2,69.16,69.2,600
2026-03-09 13:05:00,69.2,69.2,69.2,69.2,408
2026-03-09 13:10:00,69.19,69.19,69.16,69.16,600
2026-03-09 13:15:00,69.14,69.14,69.14,69.14,200
2026-03-09 13:25:00,69.105,69.105,69.105,69.105,320
2026-03-09 13:30:00,69.125,69.125,69.09,69.09,300
2026-03-09 13:35:00,69.0807,69.0807,69.07,69.07,227
2026-03-09 13:40:00,69.06,69.08,69.06,69.07,600
2026-03-09 13:45:00,69.075,69.0805,69.075,69.075,917
2026-03-09 13:50:00,69.055,69.1,69.055,69.09,500
2026-03-09 13:55:00,69.11,69.11,69.11,69.11,100
2026-03-09 14:05:00,69.12,69.12,69.12,69.12,200
2026-03-09 14:15:00,69.12,69.12,69.1,69.1,384
2026-03-09 14:25:00,69.115,69.115,69.075,69.075,218
2026-03-09 14:30:00,69.14,69.14,69.14,69.14,100
2026-03-09 14:40:00,69.12,69.12,69.1039,69.1039,423
2026-03-09 14:45:00,69.16,69.165,69.16,69.16,1026
2026-03-09 14:50:00,69.16,69.17,69.16,69.17,550
2026-03-09 14:55:00,69.19,69.19,69.19,69.19,900
2026-03-09 15:00:00,69.21,69.21,69.18,69.18,300
2026-03-09 15:05:00,69.1275,69.15,69.125,69.15,500
2026-03-09 15:10:00,69.18,69.18,69.165,69.165,435
2026-03-09 15:15:00,69.225,69.27,69.22,69.27,750
2026-03-09 15:20:00,69.32,69.51,69.32,69.44,5861
2026-03-09 15:25:00,69.465,69.62,69.465,69.62,1760
2026-03-09 15:30:00,69.62,69.67,69.555,69.67,600
2026-03-09 15:35:00,69.7,69.795,69.7,69.795,200
2026-03-09 15:40:00,69.83,69.83,69.71,69.78,600
2026-03-09 15:45:00,69.77,69.77,69.77,69.77,143
2026-03-09 15:50:00,69.675,69.675,69.675,69.675,286
2026-03-09 15:55:00,69.62,69.73,69.62,69.7,2180
2026-03-09 16:00:00,69.73,69.73,69.73,69.73,5184
2026-03-10 09:30:00,69.39,69.39,69.11,69.15,4288
2026-03-10 09:35:00,69.27,69.27,69.27,69.27,171
2026-03-10 09:40:00,69.21,69.33,69.21,69.33,800
2026-03-10 09:45:00,69.1,69.1,69.1,69.1,100
2026-03-10 09:50:00,69.12,69.1701,69.12,69.1701,909
2026-03-10 09:55:00,69.22,69.22,69.22,69.22,300
2026-03-10 10:00:00,69.21,69.22,69.21,69.22,700
2026-03-10 10:05:00,69.2001,69.37,69.2001,69.37,2856
2026-03-10 10:30:00,69.55,69.56,69.55,69.56,805
2026-03-10 10:35:00,69.52,69.52,69.52,69.52,100
2026-03-10 10:50:00,69.63,69.63,69.63,69.63,210
2026-03-10 10:55:00,69.67,69.68,69.67,69.68,1408
2026-03-10 11:00:00,69.68,69.72,69.68,69.68,920
2026-03-10 11:05:00,69.66,69.6915,69.66,69.6915,300
2026-03-10 11:15:00,69.63,69.63,69.63,69.63,150
2026-03-10 11:20:00,69.65,69.66,69.65,69.66,2198
2026-03-10 11:25:00,69.63,69.63,69.63,69.63,100
2026-03-10 11:40:00,69.7,69.77,69.7,69.77,300
2026-03-10 11:45:00,69.78,69.81,69.75,69.75,677
2026-03-10 11:55:00,69.72,69.72,69.72,69.72,200
2026-03-10 12:00:00,69.71,69.71,69.71,69.71,300
2026-03-10 12:05:00,69.685,69.72,69.685,69.72,527
2026-03-10 12:10:00,69.72,69.76,69.72,69.74,500
2026-03-10 12:15:00,69.68,69.7299,69.65,69.65,1449
2026-03-10 12:20:00,69.69,69.71,69.69,69.69,650
2026-03-10 12:25:00,69.67,69.67,69.67,69.67,650
2026-03-10 12:30:00,69.65,69.75,69.65,69.735,2223
2026-03-10 12:35:00,69.77,69.79,69.7275,69.76,2625
2026-03-10 12:40:00,69.75,69.75,69.75,69.75,100
2026-03-10 12:45:00,69.73,69.73,69.73,69.73,100
2026-03-10 12:50:00,69.76,69.81,69.76,69.81,1800
2026-03-10 12:55:00,69.81,69.855,69.81,69.855,300
2026-03-10 13:00:00,69.87,69.9,69.87,69.88,1822
2026-03-10 13:05:00,69.945,69.945,69.945,69.945,350
2026-03-10 13:10:00,69.96,69.96,69.96,69.96,150
2026-03-10 13:15:00,69.97,70.025,69.97,70.025,620
2026-03-10 13:20:00,70.01,70.01,70.01,70.01,303
2026-03-10 13:30:00,69.99,70.0025,69.93,69.93,967
2026-03-10 13:35:00,69.93,69.94,69.88,69.89,1024
2026-03-10 13:40:00,69.89,69.9,69.88,69.89,600
2026-03-10 13:45:00,69.88,69.92,69.8361,69.91,1551
2026-03-10 13:50:00,69.93,69.93,69.93,69.93,100
2026-03-10 13:55:00,69.93,69.93,69.86,69.86,814
2026-03-10 14:00:00,69.89,69.89,69.88,69.89,750
2026-03-10 14:05:00,69.92,69.92,69.88,69.88,475
2026-03-10 14:10:00,69.89,69.9,69.69,69.7,3157
2026-03-10 14:15:00,69.69,69.7,69.6775,69.7,838
2026-03-10 14:20:00,69.53,69.6,69.53,69.6,525
2026-03-10 14:25:00,69.57,69.66,69.57,69.66,688
2026-03-10 14:30:00,69.665,69.67,69.64,69.67,550
2026-03-10 14:35:00,69.66,69.66,69.61,69.61,300
2026-03-10 14:40:00,69.595,69.595,69.595,69.595,300
2026-03-10 14:45:00,69.6,69.63,69.6,69.62,451
2026-03-10 14:50:00,69.6,69.64,69.56,69.56,320
2026-03-10 14:55:00,69.58,69.58,69.55,69.55,751
2026-03-10 15:00:00,69.57,69.62,69.57,69.62,400
2026-03-10 15:05:00,69.61,69.625,69.59,69.61,450
2026-03-10 15:15:00,69.61,69.61,69.61,69.61,100
2026-03-10 15:20:00,69.59,69.59,69.53,69.53,402
2026-03-10 15:25:00,69.46,69.46,69.4,69.4,1609
2026-03-10 15:30:00,69.37,69.39,69.34,69.39,600
2026-03-10 15:35:00,69.36,69.36,69.36,69.36,100
2026-03-10 15:40:00,69.37,69.39,69.37,69.39,1850
2026-03-10 15:45:00,69.45,69.46,69.45,69.46,200
2026-03-10 15:50:00,69.42,69.42,69.355,69.355,867
2026-03-10 15:55:00,69.355,69.41,69.28,69.37,2754
2026-03-10 16:00:00,69.42,69.42,69.42,69.42,656
2026-03-11 09:30:00,69.16,69.16,68.85,68.85,2162
2026-03-11 09:35:00,68.84,68.86,68.84,68.86,400
2026-03-11 09:40:00,68.76,68.77,68.75,68.77,744
2026-03-11 09:45:00,68.74,68.74,68.74,68.74,200
2026-03-11 09:50:00,68.67,68.69,68.67,68.69,400
2026-03-11 10:00:00,68.83,68.83,68.77,68.77,1327
2026-03-11 10:05:00,68.67,68.675,68.62,68.62,512
2026-03-11 10:15:00,68.6447,68.6447,68.6447,68.6447,314
2026-03-11 10:45:00,68.69,68.69,68.69,68.69,100
2026-03-11 10:50:00,68.696,68.74,68.69,68.69,1299
2026-03-11 11:00:00,68.72,68.72,68.695,68.695,300
2026-03-11 11:15:00,68.6,68.6,68.6,68.6,400
2026-03-11 11:20:00,68.63,68.64,68.63,68.64,420
2026-03-11 11:25:00,68.6,68.6,68.6,68.6,100
2026-03-11 11:30:00,68.54,68.54,68.54,68.54,150
2026-03-11 11:35:00,68.535,68.59,68.535,68.59,200
2026-03-11 11:40:00,68.585,68.585,68.54,68.54,350
2026-03-11 11:45:00,68.55,68.55,68.54,68.54,400
2026-03-11 11:50:00,68.59,68.59,68.59,68.59,200
2026-03-11 11:55:00,68.56,68.565,68.53,68.565,300
2026-03-11 12:00:00,68.53,68.53,68.49,68.49,400
2026-03-11 12:05:00,68.5,68.5,68.5,68.5,100
2026-03-11 12:10:00,68.5,68.57,68.5,68.57,424
2026-03-11 12:15:00,68.545,68.58,68.545,68.57,750
2026-03-11 12:20:00,68.56,68.5852,68.56,68.5852,1170
2026-03-11 12:25:00,68.62,68.63,68.62,68.63,350
2026-03-11 12:30:00,68.74,68.74,68.74,68.74,426
2026-03-11 12:35:00,68.73,68.73,68.73,68.73,100
2026-03-11 12:40:00,68.79,68.79,68.76,68.76,650
2026-03-11 12:45:00,68.74,68.74,68.73,68.73,675
2026-03-11 13:00:00,68.75,68.75,68.75,68.75,205
2026-03-11 13:05:00,68.8,68.8,68.76,68.76,400
2026-03-11 13:10:00,68.73,68.73,68.72,68.72,1163
2026-03-11 13:15:00,68.73,68.73,68.73,68.73,100
2026-03-11 13:20:00,68.74,68.755,68.74,68.755,778
2026-03-11 13:25:00,68.73,68.73,68.73,68.73,100
2026-03-11 13:30:00,68.76,68.76,68.76,68.76,100
2026-03-11 13:35:00,68.71,68.71,68.6,68.6,1200
2026-03-11 13:45:00,68.64,68.67,68.6035,68.67,1964
2026-03-11 13:55:00,68.74,68.74,68.72,68.72,343
2026-03-11 14:00:00,68.76,68.76,68.73,68.745,373
2026-03-11 14:05:00,68.69,68.69,68.69,68.69,100
2026-03-11 14:10:00,68.66,68.66,68.66,68.66,526
2026-03-11 14:15:00,68.7,68.72,68.7,68.72,534
2026-03-11 14:20:00,68.7,68.7,68.7,68.7,100
2026-03-11 14:25:00,68.7599,68.767,68.7392,68.7392,725
2026-03-11 14:40:00,68.69,68.69,68.69,68.69,100
2026-03-11 14:45:00,68.66,68.66,68.65,68.65,200
2026-03-11 14:55:00,68.645,68.645,68.6,68.62,350
2026-03-11 15:00:00,68.63,68.64,68.554,68.554,2224
2026-03-11 15:05:00,68.56,68.56,68.56,68.56,100
2026-03-11 15:25:00,68.585,68.585,68.56,68.57,500
2026-03-11 15:30:00,68.64,68.64,68.64,68.64,100
2026-03-11 15:35:00,68.665,68.6699,68.665,68.6699,390
2026-03-11 15:40:00,68.68,68.69,68.68,68.69,450
2026-03-11 15:45:00,68.695,68.695,68.65,68.65,200
2026-03-11 15:50:00,68.62,68.65,68.62,68.65,467
2026-03-11 15:55:00,68.66,68.67,68.61,68.66,3258
2026-03-11 16:00:00,68.69,68.69,68.69,68.69,3137
2026-03-12 09:30:00,68.34,68.34,68.175,68.19,2028
2026-03-12 09:35:00,68.16,68.27,68.16,68.27,200
2026-03-12 09:45:00,68.2185,68.365,68.2185,68.2996,590
2026-03-12 09:50:00,68.385,68.46,68.37,68.455,900
2026-03-12 09:55:00,68.495,68.58,68.46,68.58,800
2026-03-12 10:00:00,68.58,68.585,68.5,68.57,800
2026-03-12 10:05:00,68.545,68.545,68.45,68.54,1011
2026-03-12 10:10:00,68.535,68.57,68.495,68.53,2147
2026-03-12 10:15:00,68.56,68.56,68.43,68.5,739
2026-03-12 10:20:00,68.44,68.44,68.36,68.36,300
2026-03-12 10:25:00,68.39,68.39,68.32,68.32,557
2026-03-12 10:30:00,68.295,68.295,68.295,68.295,218
2026-03-12 10:35:00,68.4001,68.4001,68.4001,68.4001,100
2026-03-12 10:40:00,68.58,68.58,68.58,68.58,250
2026-03-12 10:45:00,68.615,68.615,68.56,68.605,503
2026-03-12 10:50:00,68.605,68.67,68.605,68.67,516
2026-03-12 11:00:00,68.63,68.665,68.63,68.665,500
2026-03-12 11:10:00,68.74,68.74,68.74,68.74,100
2026-03-12 11:15:00,68.67,68.67,68.67,68.67,100
2026-03-12 11:20:00,68.73,68.73,68.7,68.71,300
2026-03-12 11:30:00,68.66,68.7,68.66,68.67,1355
2026-03-12 11:40:00,68.7,68.7,68.7,68.7,114
2026-03-12 11:45:00,68.69,68.69,68.69,68.69,100
2026-03-12 11:50:00,68.62,68.62,68.62,68.62,100
2026-03-12 11:55:00,68.6915,68.6915,68.62,68.62,535
2026-03-12 12:05:00,68.58,68.58,68.58,68.58,100
2026-03-12 12:20:00,68.7,68.72,68.7,68.715,600
2026-03-12 12:25:00,68.66,68.66,68.54,68.54,300
2026-03-12 12:30:00,68.56,68.595,68.56,68.595,6151
2026-03-12 12:35:00,68.65,68.65,68.65,68.65,100
2026-03-12 12:45:00,68.61,68.61,68.55,68.55,260
2026-03-12 12:50:00,68.55,68.6,68.55,68.58,412
2026-03-12 12:55:00,68.535,68.57,68.525,68.57,400
2026-03-12 13:05:00,68.65,68.65,68.65,68.65,103
2026-03-12 13:15:00,68.55,68.55,68.55,68.55,600
2026-03-12 13:25:00,68.6,68.6,68.6,68.6,100
2026-03-12 13:30:00,68.55,68.55,68.55,68.55,100
2026-03-12 13:40:00,68.69,68.69,68.645,68.645,500
2026-03-12 13:45:00,68.6,68.635,68.6,68.6,812
2026-03-12 13:50:00,68.65,68.7,68.65,68.7,400
2026-03-12 13:55:00,68.64,68.64,68.5901,68.5901,927
2026-03-12 14:00:00,68.68,68.68,68.64,68.665,400
2026-03-12 14:05:00,68.72,68.72,68.705,68.705,3750
2026-03-12 14:10:00,68.71,68.71,68.71,68.71,200
2026-03-12 14:25:00,68.6,68.6,68.6,68.6,150
2026-03-12 14:30:00,68.64,68.67,68.635,68.635,350
2026-03-12 14:35:00,68.63,68.63,68.625,68.63,1147
2026-03-12 14:40:00,68.63,68.63,68.6,68.62,943
2026-03-12 14:50:00,68.605,68.645,68.605,68.645,671
2026-03-12 14:55:00,68.645,68.645,68.6,68.6,370
2026-03-12 15:00:00,68.6,68.64,68.6,68.6,1940
2026-03-12 15:05:00,68.66,68.66,68.655,68.655,200
2026-03-12 15:10:00,68.68,68.68,68.65,68.65,1308
2026-03-12 15:15:00,68.63,68.63,68.63,68.63,100
2026-03-12 15:20:00,68.63,68.64,68.61,68.62,603
2026-03-12 15:25:00,68.615,68.62,68.56,68.61,865
2026-03-12 15:30:00,68.65,68.68,68.65,68.67,1900
2026-03-12 15:35:00,68.67,68.67,68.635,68.66,6401
2026-03-12 15:40:00,68.655,68.655,68.605,68.64,871
2026-03-12 15:45:00,68.6,68.6,68.53,68.53,2144
2026-03-12 15:50:00,68.5,68.55,68.5,68.535,500
2026-03-12 15:55:00,68.58,68.59,68.53,68.57,6536
2026-03-12 16:00:00,68.62,68.62,68.62,68.62,6332
2026-03-13 09:30:00,68.7,68.91,68.69,68.91,4821
2026-03-13 09:40:00,69.09,69.09,69.09,69.09,100
2026-03-13 10:00:00,68.99,68.99,68.99,68.99,100
2026-03-13 10:10:00,68.9,68.9499,68.9,68.9499,393
2026-03-13 10:15:00,68.83,68.86,68.83,68.86,382
2026-03-13 10:20:00,68.895,68.895,68.895,68.895,100
2026-03-13 10:25:00,68.8951,68.8951,68.8951,68.8951,241
2026-03-13 10:30:00,68.895,68.895,68.895,68.895,223
2026-03-13 10:35:00,68.985,68.985,68.96,68.96,200
2026-03-13 10:45:00,68.97,68.97,68.97,68.97,100
2026-03-13 10:50:00,69.02,69.02,69.02,69.02,100
2026-03-13 11:00:00,68.82,68.82,68.82,68.82,100
2026-03-13 11:05:00,68.82,68.85,68.82,68.85,300
2026-03-13 11:10:00,68.9,68.91,68.89,68.9,1117
2026-03-13 11:15:00,68.87,68.87,68.87,68.87,100
2026-03-13 11:20:00,68.8699,68.8699,68.8699,68.8699,198
2026-03-13 11:25:00,68.8,68.8,68.76,68.77,300
2026-03-13 11:30:00,68.76,68.76,68.75,68.76,1507
2026-03-13 11:35:00,68.82,68.85,68.79,68.83,1547
2026-03-13 11:45:00,68.84,68.87,68.84,68.87,300
2026-03-13 11:55:00,68.8,68.815,68.8,68.815,300
2026-03-13 12:00:00,68.875,68.875,68.875,68.875,127
2026-03-13 12:05:00,68.9,68.91,68.9,68.91,1628
2026-03-13 12:10:00,68.93,68.93,68.87,68.87,250
2026-03-13 12:20:00,68.88,68.88,68.88,68.88,100
2026-03-13 12:25:00,68.87,68.87,68.87,68.87,278
2026-03-13 12:40:00,68.89,68.9,68.88,68.88,1370
2026-03-13 12:45:00,68.83,68.92,68.83,68.92,4099
2026-03-13 12:50:00,68.93,68.97,68.93,68.97,350
2026-03-13 12:55:00,68.9869,68.9869,68.93,68.94,916
2026-03-13 13:00:00,68.905,68.93,68.895,68.91,850
2026-03-13 13:05:00,68.91,68.94,68.91,68.93,1753
2026-03-13 13:10:00,68.93,68.98,68.92,68.98,850
2026-03-13 13:15:00,68.98,68.99,68.95,68.95,2582
2026-03-13 13:20:00,68.97,68.985,68.96,68.98,1186
2026-03-13 13:25:00,68.96,68.96,68.91,68.91,309
2026-03-13 13:30:00,68.86,68.875,68.86,68.875,200
2026-03-13 13:35:00,68.905,68.91,68.9,68.9,463
2026-03-13 13:45:00,68.92,68.92,68.855,68.855,902
2026-03-13 13:50:00,68.86,68.87,68.86,68.86,600
2026-03-13 13:55:00,68.865,68.865,68.84,68.845,572
2026-03-13 14:00:00,68.84,68.93,68.84,68.93,2119
2026-03-13 14:05:00,68.975,68.975,68.935,68.935,500
2026-03-13 14:10:00,68.96,68.96,68.93,68.94,1118
2026-03-13 14:15:00,68.92,68.9201,68.89,68.89,702
2026-03-13 14:20:00,68.84,68.85,68.7804,68.85,1196
2026-03-13 14:25:00,68.8,68.81,68.8,68.81,516
2026-03-13 14:30:00,68.85,68.85,68.85,68.85,130
2026-03-13 14:35:00,68.91,68.91,68.89,68.89,203
2026-03-13 14:40:00,68.93,68.94,68.93,68.94,216
2026-03-13 14:45:00,68.99,68.99,68.97,68.97,200
2026-03-13 14:50:00,68.96,68.975,68.96,68.97,300
2026-03-13 14:55:00,68.965,68.97,68.945,68.95,1122
2026-03-13 15:00:00,68.95,68.95,68.92,68.93,4251
2026-03-13 15:05:00,68.91,68.91,68.895,68.895,231
2026-03-13 15:10:00,68.86,68.9,68.86,68.89,800
2026-03-13 15:15:00,68.88,68.88,68.85,68.87,1896
2026-03-13 15:20:00,68.855,68.855,68.79,68.82,703
2026-03-13 15:25:00,68.78,68.79,68.76,68.79,1600
2026-03-13 15:30:00,68.82,68.84,68.81,68.815,967
2026-03-13 15:35:00,68.805,68.81,68.76,68.76,1472
2026-03-13 15:40:00,68.76,68.77,68.69,68.74,3320
2026-03-13 15:45:00,68.745,68.745,68.745,68.745,275
2026-03-13 15:50:00,68.7725,68.79,68.72,68.79,765
2026-03-13 15:55:00,68.79,68.79,68.79,68.79,112
2026-03-13 16:00:00,68.75,68.75,68.75,68.75,423
2026-03-16 09:30:00,69.32,69.35,69.28,69.35,504
2026-03-16 09:35:00,69.115,69.1526,69.115,69.1526,902
2026-03-16 09:40:00,69.24,69.24,69.24,69.24,100
2026-03-16 09:50:00,69.28,69.28,69.27,69.27,200
2026-03-16 09:55:00,69.355,69.355,69.355,69.355,200
2026-03-16 10:00:00,69.37,69.37,69.37,69.37,130
2026-03-16 10:10:00,69.36,69.36,69.36,69.36,100
2026-03-16 10:30:00,69.34,69.34,69.34,69.34,100
2026-03-16 10:40:00,69.1,69.1,69.1,69.1,100
2026-03-16 11:15:00,69.1,69.1,69.1,69.1,100
2026-03-16 11:35:00,69.165,69.165,69.155,69.155,400
2026-03-16 11:40:00,69.16,69.16,69.12,69.13,667
2026-03-16 11:50:00,69.08,69.08,69.04,69.04,300
2026-03-16 11:55:00,69.05,69.06,69.02,69.02,820
2026-03-16 12:00:00,69.02,69.02,69.02,69.02,100
2026-03-16 12:05:00,69.04,69.055,69.04,69.055,236
2026-03-16 12:10:00,69.07,69.07,69.07,69.07,100
2026-03-16 12:15:00,69.05,69.09,69.05,69.09,400
2026-03-16 12:20:00,69.08,69.08,69.0,69.0,769
2026-03-16 12:30:00,69.0,69.0,69.0,69.0,200
2026-03-16 12:35:00,69.04,69.04,69.04,69.04,100
2026-03-16 12:40:00,69.08,69.09,69.08,69.09,350
2026-03-16 12:45:00,69.08,69.08,69.08,69.08,200
2026-03-16 12:50:00,69.14,69.16,69.14,69.16,464
2026-03-16 12:55:00,69.11,69.11,69.11,69.11,100
2026-03-16 13:00:00,69.16,69.16,69.13,69.13,200
2026-03-16 13:05:00,69.13,69.17,69.13,69.17,438
2026-03-16 13:10:00,69.15,69.15,69.15,69.15,100
2026-03-16 13:15:00,69.18,69.18,69.17,69.17,315
2026-03-16 13:25:00,69.215,69.215,69.19,69.19,200
2026-03-16 13:30:00,69.195,69.195,69.18,69.18,207
2026-03-16 13:35:00,69.2,69.2,69.18,69.18,300
2026-03-16 13:40:00,69.2,69.2,69.165,69.165,398
2026-03-16 13:45:00,69.18,69.18,69.09,69.09,500
2026-03-16 13:50:00,69.12,69.12,69.12,69.12,100
2026-03-16 14:00:00,69.13,69.15,69.13,69.15,590
2026-03-16 14:10:00,69.14,69.14,69.14,69.14,677
2026-03-16 14:15:00,69.17,69.17,69.17,69.17,100
2026-03-16 14:20:00,69.21,69.22,69.2,69.2,600
2026-03-16 14:25:00,69.23,69.24,69.23,69.24,200
2026-03-16 14:30:00,69.22,69.22,69.21,69.21,220
2026-03-16 14:35:00,69.23,69.23,69.2042,69.2042,200
2026-03-16 14:40:00,69.26,69.26,69.243,69.243,435
2026-03-16 14:45:00,69.27,69.275,69.27,69.275,200
2026-03-16 14:50:00,69.27,69.28,69.27,69.28,200
2026-03-16 14:55:00,69.26,69.275,69.26,69.26,680
2026-03-16 15:00:00,69.265,69.265,69.265,69.265,150
2026-03-16 15:10:00,69.25,69.27,69.21,69.21,2333
2026-03-16 15:15:00,69.23,69.235,69.23,69.235,1040
2026-03-16 15:20:00,69.25,69.25,69.22,69.22,200
2026-03-16 15:25:00,69.22,69.23,69.21,69.23,2257
2026-03-16 15:30:00,69.27,69.27,69.27,69.27,150
2026-03-16 15:35:00,69.22,69.22,69.21,69.21,450
2026-03-16 15:40:00,69.2,69.2,69.165,69.18,700
2026-03-16 15:45:00,69.155,69.155,69.155,69.155,450
2026-03-16 15:50:00,69.17,69.17,69.17,69.17,400
2026-03-16 15:55:00,69.18,69.205,69.18,69.205,600
2026-03-16 16:00:00,69.23,69.23,69.23,69.23,386
2026-03-17 09:30:00,69.5,69.5,69.39,69.39,570
2026-03-17 09:45:00,69.345,69.345,69.345,69.345,339
2026-03-17 09:55:00,69.1926,69.1926,69.1926,69.1926,263
2026-03-17 10:00:00,69.21,69.21,69.21,69.21,139
2026-03-17 10:30:00,69.38,69.41,69.38,69.41,36212
2026-03-17 10:45:00,69.49,69.49,69.49,69.49,100
2026-03-17 11:40:00,69.415,69.415,69.415,69.415,100
2026-03-17 11:55:00,69.37,69.37,69.37,69.37,100
2026-03-17 12:00:00,69.3495,69.3495,69.3495,69.3495,359
2026-03-17 12:05:00,69.34,69.34,69.322,69.322,638
2026-03-17 12:15:00,69.385,69.385,69.385,69.385,221
2026-03-17 12:35:00,69.35,69.35,69.314,69.314,278
2026-03-17 12:50:00,69.26,69.26,69.26,69.26,100
2026-03-17 13:25:00,69.17,69.17,69.17,69.17,100
2026-03-17 14:00:00,69.13,69.13,69.13,69.13,100
2026-03-17 14:35:00,69.12,69.12,69.12,69.12,400
2026-03-17 14:40:00,69.12,69.12,69.12,69.12,250
2026-03-17 14:50:00,69.14,69.14,69.14,69.14,108
2026-03-17 15:00:00,69.12,69.12,69.07,69.07,1713
2026-03-17 15:05:00,69.06,69.06,69.06,69.06,100
2026-03-17 15:25:00,69.039,69.039,69.039,69.039,106
2026-03-17 15:30:00,69.03,69.03,69.015,69.015,200
2026-03-17 15:35:00,69.0,69.015,69.0,69.0,1132
2026-03-17 15:40:00,69.0,69.0,68.925,68.925,1839
2026-03-17 15:55:00,68.9101,68.9101,68.85,68.85,4073
2026-03-17 16:00:00,68.86,68.86,68.86,68.86,5981
2026-03-18 09:30:00,68.12,68.18,68.12,68.17,1885
2026-03-18 09:50:00,67.835,67.835,67.7817,67.7817,273
2026-03-18 09:55:00,67.665,67.665,67.665,67.665,100
2026-03-18 10:10:00,67.81,67.81,67.81,67.81,106
2026-03-18 10:15:00,67.78,67.78,67.78,67.78,150
2026-03-18 10:20:00,67.83,67.83,67.83,67.83,162
2026-03-18 10:30:00,67.76,67.76,67.74,67.74,350
2026-03-18 10:45:00,67.61,67.61,67.61,67.61,100
2026-03-18 10:55:00,67.58,67.58,67.58,67.58,100
2026-03-18 11:00:00,67.68,67.68,67.636,67.65,325
2026-03-18 11:05:00,67.625,67.625,67.625,67.625,100
2026-03-18 11:10:00,67.72,67.735,67.64,67.64,800
2026-03-18 11:15:00,67.63,67.63,67.61,67.61,408
2026-03-18 11:20:00,67.58,67.6,67.58,67.6,700
2026-03-18 11:25:00,67.66,67.66,67.66,67.66,100
2026-03-18 11:30:00,67.69,67.69,67.69,67.69,300
2026-03-18 11:35:00,67.68,67.69,67.675,67.69,950
2026-03-18 11:40:00,67.66,67.685,67.66,67.685,300
2026-03-18 11:45:00,67.68,67.6835,67.65,67.6835,1378
2026-03-18 11:50:00,67.68,67.68,67.675,67.68,1723
2026-03-18 11:55:00,67.69,67.69,67.69,67.69,100
2026-03-18 12:05:00,67.74,67.74,67.74,67.74,200
2026-03-18 12:10:00,67.74,67.75,67.74,67.75,200
2026-03-18 12:15:00,67.8,67.8,67.79,67.79,400
2026-03-18 12:20:00,67.83,67.84,67.83,67.835,650
2026-03-18 12:25:00,67.81,67.81,67.79,67.81,605
2026-03-18 12:30:00,67.795,67.795,67.78,67.78,308
2026-03-18 12:35:00,67.78,67.78,67.77,67.78,802
2026-03-18 12:40:00,67.765,67.765,67.765,67.765,109
2026-03-18 12:45:00,67.785,67.785,67.785,67.785,400
2026-03-18 12:50:00,67.8,67.8,67.785,67.8,450
2026-03-18 12:55:00,67.825,67.825,67.825,67.825,400
2026-03-18 13:00:00,67.79,67.79,67.79,67.79,100
2026-03-18 13:05:00,67.73,67.73,67.7,67.7,300
2026-03-18 13:10:00,67.66,67.66,67.58,67.58,508
2026-03-18 13:15:00,67.56,67.6,67.507,67.6,1232
2026-03-18 13:25:00,67.63,67.63,67.5914,67.5914,724
2026-03-18 13:30:00,67.6,67.61,67.56,67.6,20393
2026-03-18 13:35:00,67.595,67.595,67.595,67.595,300
2026-03-18 13:40:00,67.58,67.58,67.55,67.55,300
2026-03-18 13:45:00,67.56,67.625,67.56,67.625,1050
2026-03-18 13:50:00,67.62,67.63,67.62,67.63,300
2026-03-18 13:55:00,67.66,67.66,67.66,67.66,100
2026-03-18 14:00:00,67.7,67.705,67.64,67.64,1388
2026-03-18 14:05:00,67.58,67.59,67.57,67.58,600
2026-03-18 14:10:00,67.57,67.57,67.5588,67.5588,376
2026-03-18 14:20:00,67.53,67.55,67.53,67.55,800
2026-03-18 14:30:00,67.595,67.595,67.46,67.46,1800
2026-03-18 14:35:00,67.43,67.49,67.43,67.48,2324
2026-03-18 14:40:00,67.46,67.46,67.427,67.435,500
2026-03-18 14:45:00,67.42,67.42,67.39,67.42,2105
2026-03-18 14:50:00,67.455,67.455,67.405,67.405,751
2026-03-18 14:55:00,67.43,67.43,67.41,67.41,1014
2026-03-18 15:00:00,67.41,67.41,67.41,67.41,300
2026-03-18 15:05:00,67.44,67.44,67.44,67.44,500
2026-03-18 15:10:00,67.425,67.425,67.38,67.38,800
2026-03-18 15:15:00,67.37,67.37,67.37,67.37,117
2026-03-18 15:20:00,67.34,67.34,67.29,67.29,454
2026-03-18 15:25:00,67.308,67.315,67.308,67.31,700
2026-03-18 15:30:00,67.31,67.31,67.3,67.31,1003
2026-03-18 15:35:00,67.31,67.31,67.29,67.29,544
2026-03-18 15:40:00,67.275,67.29,67.275,67.28,895
2026-03-18 15:50:00,67.24,67.25,67.22,67.22,306
2026-03-18 15:55:00,67.17,67.19,67.12,67.19,1288
2026-03-18 16:00:00,67.21,67.21,67.21,67.21,2428
2026-03-19 04:00:00,66.6,66.6,66.6,66.6,1772
2026-03-19 09:30:00,66.95,66.95,66.88,66.89,1611
2026-03-19 09:35:00,66.8596,66.8596,66.855,66.855,500
2026-03-19 09:45:00,66.742,66.742,66.742,66.742,100
2026-03-19 10:35:00,66.835,66.835,66.835,66.835,100
2026-03-19 10:45:00,66.72,66.7599,66.72,66.7599,471
2026-03-19 10:50:00,66.6,66.6,66.6,66.6,100
2026-03-19 10:55:00,66.55,66.55,66.55,66.55,100
2026-03-19 11:00:00,66.47,66.47,66.47,66.47,100
2026-03-19 11:05:00,66.65,66.65,66.6,66.6,200
2026-03-19 11:10:00,66.62,66.62,66.62,66.62,149
2026-03-19 11:15:00,66.68,66.72,66.64,66.67,1172
2026-03-19 11:25:00,66.52,66.52,66.51,66.51,740
2026-03-19 11:30:00,66.54,66.54,66.54,66.54,107
2026-03-19 11:35:00,66.4949,66.56,66.4949,66.56,1000
2026-03-19 11:40:00,66.5,66.525,66.5,66.525,300
2026-03-19 11:45:00,66.59,66.59,66.59,66.59,100
2026-03-19 11:50:00,66.64,66.64,66.64,66.64,100
2026-03-19 11:55:00,66.65,66.65,66.63,66.63,200
2026-03-19 12:00:00,66.62,66.62,66.62,66.62,100
2026-03-19 12:05:00,66.63,66.685,66.63,66.685,349
2026-03-19 12:10:00,66.685,66.685,66.65,66.675,668
2026-03-19 12:15:00,66.645,66.675,66.645,66.675,356
2026-03-19 12:20:00,66.72,66.72,66.7,66.7,300
2026-03-19 12:25:00,66.64,66.65,66.61,66.65,500
2026-03-19 12:30:00,66.644,66.644,66.644,66.644,225
2026-03-19 12:40:00,66.61,66.61,66.61,66.61,100
2026-03-19 12:45:00,66.56,66.56,66.53,66.53,314
2026-03-19 12:50:00,66.5,66.5,66.5,66.5,100
2026-03-19 13:05:00,66.44,66.44,66.44,66.44,100
2026-03-19 13:10:00,66.46,66.46,66.46,66.46,100
2026-03-19 13:15:00,66.54,66.59,66.54,66.59,498
2026-03-19 13:20:00,66.67,66.685,66.67,66.67,600
2026-03-19 13:25:00,66.69,66.69,66.69,66.69,150
2026-03-19 13:30:00,66.68,66.68,66.62,66.62,708
2026-03-19 13:35:00,66.67,66.67,66.64,66.64,550
2026-03-19 13:40:00,66.62,66.62,66.61,66.61,400
2026-03-19 13:50:00,66.66,66.66,66.66,66.66,200
2026-03-19 13:55:00,66.6921,66.6921,66.67,66.67,249
2026-03-19 14:00:00,66.65,66.65,66.64,66.64,200
2026-03-19 14:05:00,66.63,66.63,66.63,66.63,100
2026-03-19 14:15:00,66.67,66.67,66.6399,66.6399,500
2026-03-19 14:20:00,66.585,66.59,66.585,66.59,400
2026-03-19 14:25:00,66.61,66.61,66.61,66.61,100
2026-03-19 14:30:00,66.54,66.54,66.54,66.54,300
2026-03-19 14:40:00,66.4701,66.4701,66.4701,66.4701,135
2026-03-19 14:50:00,66.52,66.52,66.52,66.52,100
2026-03-19 14:55:00,66.53,66.59,66.53,66.59,900
2026-03-19 15:00:00,66.65,66.82,66.65,66.82,7886
2026-03-19 15:05:00,66.89,66.985,66.89,66.95,1640
2026-03-19 15:10:00,66.95,66.96,66.85,66.91,1200
2026-03-19 15:15:00,66.94,66.96,66.94,66.96,600
2026-03-19 15:20:00,66.93,66.93,66.875,66.875,700
2026-03-19 15:25:00,66.83,66.83,66.795,66.795,600
2026-03-19 15:30:00,66.84,66.89,66.84,66.85,500
2026-03-19 15:35:00,66.815,66.83,66.76,66.8,1236
2026-03-19 15:40:00,66.87,66.89,66.85,66.85,1000
2026-03-19 15:50:00,66.76,66.76,66.76,66.76,100
2026-03-19 15:55:00,66.78,66.78,66.695,66.72,1314
2026-03-19 16:00:00,66.75,66.75,66.75,66.75,1802
2026-03-20 09:30:00,66.64,66.735,66.64,66.735,960
2026-03-20 10:05:00,66.3101,66.3101,66.3101,66.3101,375
2026-03-20 10:20:00,66.16,66.16,66.16,66.16,100
2026-03-20 10:45:00,66.1,66.13,66.1,66.13,314
2026-03-20 10:50:00,66.07,66.07,66.07,66.07,100
2026-03-20 11:00:00,66.06,66.18,66.06,66.11,1938
2026-03-20 11:05:00,66.2,66.21,66.1102,66.21,812
2026-03-20 11:10:00,66.25,66.34,66.22,66.25,5822
2026-03-20 11:20:00,66.21,66.31,66.21,66.31,900
2026-03-20 11:25:00,66.24,66.24,66.24,66.24,100
2026-03-20 11:30:00,66.2,66.27,66.17,66.27,400
2026-03-20 11:35:00,66.255,66.255,66.2,66.2,300
2026-03-20 11:40:00,66.245,66.25,66.21,66.21,750
2026-03-20 11:50:00,66.2,66.2,66.2,66.2,400
2026-03-20 11:55:00,66.19,66.19,66.14,66.14,600
2026-03-20 12:00:00,66.255,66.27,66.255,66.27,250
2026-03-20 12:05:00,66.28,66.28,66.145,66.145,1050
2026-03-20 12:10:00,66.145,66.24,66.145,66.24,700
2026-03-20 12:20:00,66.2519,66.285,66.23,66.23,662
2026-03-20 12:25:00,66.23,66.23,66.2001,66.2001,350
2026-03-20 12:30:00,66.215,66.215,66.19,66.19,600
2026-03-20 12:35:00,66.23,66.23,66.23,66.23,100
2026-03-20 12:40:00,66.215,66.215,66.18,66.18,400
2026-03-20 12:45:00,66.165,66.165,66.13,66.13,300
2026-03-20 12:50:00,66.13,66.195,66.13,66.195,200
2026-03-20 12:55:00,66.24,66.24,66.21,66.21,500
2026-03-20 13:00:00,66.22,66.23,66.22,66.22,400
2026-03-20 13:05:00,66.19,66.19,66.15,66.18,300
2026-03-20 13:10:00,66.25,66.25,66.24,66.24,200
2026-03-20 13:15:00,66.25,66.25,66.25,66.25,200
2026-03-20 13:25:00,66.3,66.325,66.29,66.29,807
2026-03-20 13:30:00,66.315,66.315,66.255,66.26,733
2026-03-20 13:35:00,66.3,66.3,66.3,66.3,100
2026-03-20 13:45:00,66.255,66.255,66.255,66.255,200
2026-03-20 13:55:00,66.28,66.28,66.28,66.28,100
2026-03-20 14:00:00,66.25,66.25,66.24,66.24,204
2026-03-20 14:05:00,66.23,66.2367,66.23,66.2367,235
2026-03-20 14:10:00,66.17,66.19,66.17,66.18,594
2026-03-20 14:15:00,66.19,66.19,66.18,66.18,200
2026-03-20 14:20:00,66.16,66.16,66.11,66.11,437
2026-03-20 14:25:00,66.09,66.18,66.06,66.13,740
2026-03-20 14:30:00,66.115,66.12,66.09,66.0984,1992
2026-03-20 14:35:00,66.09,66.11,66.05,66.075,1789
2026-03-20 14:40:00,66.07,66.08,66.0201,66.04,1226
2026-03-20 14:45:00,66.02,66.05,66.02,66.05,810
2026-03-20 14:50:00,66.045,66.05,66.045,66.05,370
2026-03-20 14:55:00,66.08,66.08,66.03,66.04,1560
2026-03-20 15:00:00,66.07,66.09,66.045,66.045,887
2026-03-20 15:05:00,66.04,66.0401,66.04,66.0401,202
2026-03-20 15:10:00,66.055,66.055,66.05,66.05,600
2026-03-20 15:15:00,66.05,66.05,66.05,66.05,101
2026-03-20 15:20:00,66.055,66.055,66.0,66.0,1268
2026-03-20 15:25:00,65.98,66.03,65.98,66.03,3006
2026-03-20 15:30:00,66.01,66.01,65.925,65.925,1243
2026-03-20 15:35:00,65.93,65.965,65.93,65.945,400
2026-03-20 15:40:00,65.96,65.98,65.955,65.98,804
2026-03-20 15:50:00,65.78,65.885,65.78,65.885,398
2026-03-20 15:55:00,65.9,65.94,65.895,65.93,3574
2026-03-20 16:00:00,66.03,66.03,66.03,66.03,4819
2026-03-23 07:10:00,65.94,65.94,65.94,65.94,153
2026-03-23 09:30:00,66.5,66.5,66.5,66.5,1306
2026-03-23 09:35:00,66.165,66.165,66.165,66.165,245
2026-03-23 09:40:00,66.245,66.32,66.245,66.32,200
2026-03-23 09:50:00,66.25,66.25,66.25,66.25,200
2026-03-23 09:55:00,66.255,66.255,66.255,66.255,200
2026-03-23 10:15:00,66.31,66.33,66.31,66.33,225
2026-03-23 10:35:00,66.48,66.48,66.48,66.48,250
2026-03-23 10:40:00,66.42,66.42,66.42,66.42,100
2026-03-23 11:00:00,66.67,66.73,66.67,66.73,1450
2026-03-23 11:05:00,66.725,66.725,66.725,66.725,100
2026-03-23 11:10:00,66.72,66.786,66.7,66.7,1870
2026-03-23 11:15:00,66.66,66.67,66.65,66.65,1575
2026-03-23 11:20:00,66.66,66.71,66.6,66.71,1350
2026-03-23 11:25:00,66.65,66.65,66.53,66.56,2125
2026-03-23 11:30:00,66.56,66.56,66.56,66.56,100
2026-03-23 11:45:00,66.53,66.53,66.53,66.53,100
2026-03-23 11:50:00,66.52,66.52,66.52,66.52,100
2026-03-23 12:05:00,66.25,66.33,66.25,66.25,480
2026-03-23 12:35:00,66.12,66.12,66.1,66.1,637
2026-03-23 13:05:00,66.15,66.15,66.15,66.15,143
2026-03-23 13:15:00,66.24,66.265,66.24,66.265,1150
2026-03-23 13:20:00,66.23,66.23,66.2,66.215,891
2026-03-23 13:25:00,66.26,66.26,66.26,66.26,100
2026-03-23 13:30:00,66.345,66.4,66.31,66.39,2235
2026-03-23 13:35:00,66.48,66.525,66.45,66.4841,3427
2026-03-23 13:40:00,66.36,66.405,66.36,66.405,200
2026-03-23 13:45:00,66.37,66.37,66.365,66.365,227
2026-03-23 13:50:00,66.39,66.43,66.38,66.42,2213
2026-03-23 13:55:00,66.425,66.44,66.425,66.44,450
2026-03-23 14:00:00,66.45,66.45,66.43,66.43,200
2026-03-23 14:05:00,66.41,66.41,66.36,66.37,748
2026-03-23 14:10:00,66.4,66.43,66.39,66.41,894
2026-03-23 14:15:00,66.41,66.42,66.41,66.42,250
2026-03-23 14:20:00,66.435,66.435,66.435,66.435,100
2026-03-23 14:25:00,66.43,66.43,66.425,66.425,406
2026-03-23 14:30:00,66.43,66.53,66.43,66.53,488
2026-03-23 14:35:00,66.56,66.61,66.56,66.59,550
2026-03-23 14:40:00,66.585,66.585,66.57,66.57,500
2026-03-23 14:45:00,66.57,66.57,66.51,66.54,1409
2026-03-23 14:50:00,66.52,66.545,66.52,66.54,300
2026-03-23 14:55:00,66.55,66.58,66.54,66.54,1157
2026-03-23 15:05:00,66.48,66.48,66.455,66.47,802
2026-03-23 15:10:00,66.485,66.485,66.47,66.47,500
2026-03-23 15:15:00,66.41,66.415,66.4,66.4,600
2026-03-23 15:20:00,66.3948,66.395,66.38,66.38,2641
2026-03-23 15:25:00,66.34,66.3501,66.34,66.3501,296
2026-03-23 15:30:00,66.33,66.373,66.3,66.3,11315
2026-03-23 15:35:00,66.28,66.28,66.28,66.28,429
2026-03-23 15:40:00,66.29,66.31,66.27,66.28,1127
2026-03-23 15:45:00,66.315,66.325,66.315,66.325,1168
2026-03-23 15:50:00,66.28,66.2875,66.28,66.285,926
2026-03-23 15:55:00,66.275,66.275,66.26,66.26,306
2026-03-23 16:00:00,66.16,66.16,66.16,66.16,301
2026-03-24 09:30:00,66.0,66.0,66.0,66.0,786
2026-03-24 09:35:00,65.945,65.945,65.945,65.945,100
2026-03-24 09:45:00,66.1,66.1,65.97,66.02,9006
2026-03-24 10:20:00,66.49,66.52,66.49,66.51,400
2026-03-24 10:40:00,66.5801,66.73,66.5801,66.73,2229
2026-03-24 10:50:00,66.61,66.66,66.61,66.65,7332
2026-03-24 10:55:00,66.63,66.65,66.63,66.65,600
2026-03-24 11:15:00,66.635,66.635,66.635,66.635,100
2026-03-24 11:30:00,66.66,66.66,66.65,66.65,200
2026-03-24 11:35:00,66.7,66.7,66.7,66.7,932
2026-03-24 11:45:00,66.73,66.73,66.73,66.73,100
2026-03-24 11:50:00,66.745,66.775,66.68,66.68,600
2026-03-24 11:55:00,66.64,66.64,66.59,66.59,762
2026-03-24 12:00:00,66.55,66.55,66.55,66.55,300
2026-03-24 12:05:00,66.555,66.61,66.555,66.61,900
2026-03-24 12:10:00,66.58,66.58,66.58,66.58,100
2026-03-24 12:15:00,66.6,66.68,66.6,66.68,1830
2026-03-24 12:20:00,66.67,66.69,66.66,66.66,1981
2026-03-24 12:25:00,66.66,66.69,66.66,66.68,3910
2026-03-24 12:30:00,66.66,66.66,66.66,66.66,100
2026-03-24 12:35:00,66.63,66.635,66.56,66.56,3250
2026-03-24 12:40:00,66.56,66.56,66.56,66.56,2100
2026-03-24 12:45:00,66.64,66.64,66.63,66.63,800
2026-03-24 12:50:00,66.605,66.61,66.605,66.61,200
2026-03-24 12:55:00,66.62,66.62,66.585,66.62,323
2026-03-24 13:00:00,66.65,66.65,66.64,66.64,541
2026-03-24 13:05:00,66.46,66.46,66.46,66.46,363
2026-03-24 13:10:00,66.4,66.42,66.39,66.42,1075
2026-03-24 13:15:00,66.43,66.43,66.43,66.43,200
2026-03-24 13:20:00,66.445,66.445,66.43,66.43,200
2026-03-24 13:25:00,66.44,66.46,66.44,66.46,350
2026-03-24 13:30:00,66.45,66.45,66.37,66.37,1128
2026-03-24 13:40:00,66.39,66.39,66.34,66.34,300
2026-03-24 13:45:00,66.34,66.34,66.34,66.34,200
2026-03-24 13:50:00,66.35,66.36,66.35,66.36,813
2026-03-24 13:55:00,66.38,66.38,66.38,66.38,100
2026-03-24 14:05:00,66.415,66.415,66.38,66.38,200
2026-03-24 14:15:00,66.35,66.37,66.35,66.37,400
2026-03-24 14:25:00,66.4139,66.47,66.4139,66.47,245
2026-03-24 14:30:00,66.495,66.495,66.49,66.495,400
2026-03-24 14:35:00,66.45,66.45,66.45,66.45,100
2026-03-24 14:40:00,66.45,66.49,66.45,66.49,448
2026-03-24 14:45:00,66.43,66.43,66.43,66.43,400
2026-03-24 14:50:00,66.45,66.45,66.45,66.45,400
2026-03-24 14:55:00,66.47,66.47,66.4194,66.4194,608
2026-03-24 15:00:00,66.47,66.49,66.47,66.49,400
2026-03-24 15:05:00,66.4576,66.4576,66.4576,66.4576,320
2026-03-24 15:15:00,66.47,66.47,66.395,66.4,900
2026-03-24 15:20:00,66.41,66.42,66.39,66.42,600
2026-03-24 15:25:00,66.34,66.34,66.32,66.32,200
2026-03-24 15:30:00,66.34,66.34,66.33,66.33,700
2026-03-24 15:35:00,66.29,66.31,66.28,66.31,300
2026-03-24 15:40:00,66.32,66.32,66.265,66.265,311
2026-03-24 15:45:00,66.23,66.24,66.23,66.24,200
2026-03-24 15:55:00,66.1517,66.17,66.1517,66.16,607
2026-03-24 16:00:00,66.15,66.15,66.15,66.15,190
2026-03-25 09:30:00,66.45,66.45,66.45,66.45,259
2026-03-25 10:05:00,66.07,66.085,66.07,66.075,442
2026-03-25 10:10:00,66.17,66.17,66.17,66.17,284
2026-03-25 10:20:00,66.065,66.065,66.065,66.065,100
2026-03-25 10:25:00,66.08,66.19,66.08,66.19,650
2026-03-25 10:30:00,66.3,66.32,66.3,66.32,882
2026-03-25 10:35:00,66.26,66.285,66.25,66.285,500
2026-03-25 10:40:00,66.37,66.37,66.37,66.37,431
2026-03-25 10:50:00,66.4,66.4,66.4,66.4,100
2026-03-25 11:00:00,66.405,66.405,66.405,66.405,100
2026-03-25 11:15:00,66.41,66.41,66.32,66.32,200
2026-03-25 11:20:00,66.42,66.505,66.42,66.505,300
2026-03-25 11:25:00,66.45,66.48,66.44,66.48,300
2026-03-25 11:35:00,66.465,66.465,66.465,66.465,200
2026-03-25 11:45:00,66.42,66.42,66.42,66.42,100
2026-03-25 12:15:00,66.37,66.37,66.37,66.37,100
2026-03-25 12:20:00,66.35,66.39,66.35,66.39,200
2026-03-25 12:25:00,66.48,66.485,66.48,66.48,1200
2026-03-25 12:30:00,66.495,66.54,66.495,66.54,250
2026-03-25 12:35:00,66.57,66.57,66.56,66.56,307
2026-03-25 12:45:00,66.58,66.585,66.51,66.51,750
2026-03-25 12:50:00,66.48,66.52,66.48,66.52,600
2026-03-25 12:55:00,66.51,66.51,66.51,66.51,769
2026-03-25 13:10:00,66.54,66.58,66.51,66.58,400
2026-03-25 13:15:00,66.57,66.57,66.57,66.57,300
2026-03-25 13:30:00,66.63,66.67,66.63,66.67,1458
2026-03-25 13:35:00,66.67,66.69,66.67,66.67,1063
2026-03-25 13:40:00,66.68,66.7,66.68,66.69,750
2026-03-25 13:45:00,66.69,66.69,66.67,66.67,750
2026-03-25 13:50:00,66.66,66.67,66.62,66.62,800
2026-03-25 13:55:00,66.66,66.67,66.66,66.67,500
2026-03-25 14:05:00,66.66,66.7,66.66,66.7,200
2026-03-25 14:10:00,66.67,66.67,66.64,66.64,2300
2026-03-25 14:15:00,66.65,66.65,66.65,66.65,401
2026-03-25 14:25:00,66.61,66.61,66.61,66.61,100
2026-03-25 14:30:00,66.63,66.63,66.62,66.62,200
2026-03-25 14:35:00,66.615,66.615,66.615,66.615,100
2026-03-25 14:40:00,66.59,66.605,66.59,66.605,350
2026-03-25 14:55:00,66.56,66.56,66.53,66.53,345
2026-03-25 15:00:00,66.535,66.535,66.535,66.535,100
2026-03-25 15:05:00,66.57,66.57,66.57,66.57,663
2026-03-25 15:15:00,66.57,66.6,66.57,66.6,400
2026-03-25 15:30:00,66.6,66.62,66.6,66.61,725
2026-03-25 15:35:00,66.59,66.59,66.59,66.59,100
2026-03-25 15:40:00,66.62,66.63,66.58,66.58,500
2026-03-25 15:50:00,66.56,66.56,66.56,66.56,100
2026-03-25 15:55:00,66.57,66.63,66.57,66.63,240
2026-03-25 16:00:00,66.65,66.65,66.65,66.65,302
2026-03-25 19:00:00,65.3,65.3,65.3,65.3,150
2026-03-26 09:30:00,66.57,66.62,66.57,66.62,634
2026-03-26 09:50:00,66.81,66.81,66.81,66.81,180
2026-03-26 10:10:00,66.82,66.88,66.82,66.88,328
2026-03-26 10:15:00,66.855,66.855,66.855,66.855,107
2026-03-26 10:30:00,66.848,66.848,66.848,66.848,289
2026-03-26 10:35:00,66.9,66.9,66.9,66.9,125
2026-03-26 10:45:00,67.0,67.0,67.0,67.0,260
2026-03-26 10:55:00,66.8379,66.8379,66.8379,66.8379,300
2026-03-26 11:00:00,66.79,66.83,66.79,66.815,878
2026-03-26 11:05:00,66.88,66.88,66.88,66.88,215
2026-03-26 11:10:00,66.88,66.88,66.88,66.88,100
2026-03-26 11:15:00,66.83,66.83,66.83,66.83,100
2026-03-26 11:25:00,66.739,66.739,66.739,66.739,162
2026-03-26 11:30:00,66.66,66.66,66.66,66.66,180
2026-03-26 11:35:00,66.66,66.66,66.66,66.66,100
2026-03-26 11:55:00,66.54,66.54,66.54,66.54,225
2026-03-26 12:05:00,66.585,66.6006,66.585,66.6006,500
2026-03-26 12:10:00,66.59,66.605,66.59,66.605,479
2026-03-26 12:15:00,66.6,66.6,66.56,66.585,1150
2026-03-26 12:20:00,66.59,66.59,66.535,66.58,870
2026-03-26 12:25:00,66.565,66.565,66.565,66.565,150
2026-03-26 12:30:00,66.52,66.52,66.52,66.52,125
2026-03-26 12:35:00,66.55,66.55,66.54,66.54,882
2026-03-26 12:40:00,66.48,66.56,66.48,66.56,1020
2026-03-26 12:50:00,66.63,66.63,66.62,66.63,1022
2026-03-26 12:55:00,66.59,66.59,66.59,66.59,120
2026-03-26 13:00:00,66.635,66.635,66.635,66.635,200
2026-03-26 13:10:00,66.58,66.6,66.56,66.58,1233
2026-03-26 13:15:00,66.575,66.575,66.52,66.52,640
2026-03-26 13:20:00,66.5,66.5,66.4875,66.49,300
2026-03-26 13:25:00,66.48,66.48,66.48,66.48,320
2026-03-26 13:30:00,66.48,66.48,66.48,66.48,200
2026-03-26 13:40:00,66.41,66.45,66.41,66.44,700
2026-03-26 13:45:00,66.4,66.44,66.4,66.44,666
2026-03-26 13:50:00,66.435,66.46,66.435,66.46,570
2026-03-26 14:00:00,66.44,66.46,66.44,66.46,500
2026-03-26 14:05:00,66.48,66.49,66.48,66.49,300
2026-03-26 14:10:00,66.42,66.42,66.4192,66.4192,316
2026-03-26 14:20:00,66.355,66.355,66.355,66.355,300
2026-03-26 14:25:00,66.35,66.375,66.35,66.375,550
2026-03-26 14:30:00,66.39,66.39,66.37,66.37,200
2026-03-26 14:40:00,66.4,66.4,66.4,66.4,322
2026-03-26 14:50:00,66.33,66.33,66.33,66.33,350
2026-03-26 14:55:00,66.34,66.36,66.34,66.36,400
2026-03-26 15:00:00,66.36,66.36,66.34,66.35,1324
2026-03-26 15:10:00,66.25,66.25,66.205,66.23,1645
2026-03-26 15:15:00,66.23,66.23,66.23,66.23,150
2026-03-26 15:25:00,66.2,66.21,66.15,66.21,1415
2026-03-26 15:30:00,66.2,66.2,66.13,66.16,640
2026-03-26 15:35:00,66.2,66.21,66.2,66.21,700
2026-03-26 15:40:00,66.1701,66.19,66.155,66.16,790
2026-03-26 15:55:00,66.09,66.115,66.09,66.115,225
2026-03-26 16:00:00,66.17,66.17,66.17,66.17,153
2026-03-27 09:30:00,66.11,66.11,66.11,66.11,774
2026-03-27 10:05:00,66.655,66.655,66.655,66.655,100
2026-03-27 10:10:00,66.6351,66.6351,66.6351,66.6351,180
2026-03-27 10:15:00,66.72,66.72,66.72,66.72,134
2026-03-27 10:20:00,66.65,66.65,66.635,66.635,200
2026-03-27 10:35:00,66.58,66.58,66.58,66.58,268
2026-03-27 10:50:00,66.5663,66.5663,66.5663,66.5663,446
2026-03-27 10:55:00,66.64,66.64,66.64,66.64,100
2026-03-27 11:35:00,66.7101,66.7101,66.7101,66.7101,580
2026-03-27 11:55:00,66.57,66.57,66.57,66.57,100
2026-03-27 12:00:00,66.575,66.575,66.575,66.575,200
2026-03-27 12:10:00,66.62,66.62,66.62,66.62,100
2026-03-27 12:15:00,66.5786,66.5786,66.5699,66.5699,408
2026-03-27 12:20:00,66.635,66.66,66.63,66.65,600
2026-03-27 12:25:00,66.63,66.63,66.63,66.63,100
2026-03-27 12:30:00,66.65,66.655,66.63,66.63,986
2026-03-27 12:35:00,66.62,66.62,66.62,66.62,100
2026-03-27 12:40:00,66.71,66.715,66.69,66.7,615
2026-03-27 12:45:00,66.72,66.735,66.72,66.735,1647
2026-03-27 12:50:00,66.74,66.74,66.74,66.74,100
2026-03-27 12:55:00,66.715,66.735,66.7,66.7,900
2026-03-27 13:00:00,66.59,66.65,66.59,66.65,400
2026-03-27 13:05:00,66.67,66.72,66.67,66.72,700
2026-03-27 13:10:00,66.645,66.645,66.64,66.64,325
2026-03-27 13:15:00,66.645,66.65,66.645,66.645,832
2026-03-27 13:20:00,66.6,66.6,66.6,66.6,320
2026-03-27 13:25:00,66.68,66.68,66.635,66.64,420
2026-03-27 13:35:00,66.7,66.7,66.7,66.7,600
2026-03-27 13:40:00,66.705,66.705,66.68,66.68,325
2026-03-27 13:45:00,66.7,66.72,66.7,66.705,500
2026-03-27 13:50:00,66.71,66.71,66.7,66.7,12624
2026-03-27 13:55:00,66.67,66.67,66.645,66.65,300
2026-03-27 14:00:00,66.64,66.645,66.64,66.64,600
2026-03-27 14:05:00,66.63,66.63,66.595,66.595,725
2026-03-27 14:10:00,66.52,66.52,66.52,66.52,200
2026-03-27 14:20:00,66.52,66.52,66.52,66.52,100
2026-03-27 14:30:00,66.5,66.5,66.5,66.5,118
2026-03-27 14:35:00,66.52,66.56,66.52,66.525,1200
2026-03-27 14:40:00,66.53,66.585,66.53,66.585,300
2026-03-27 14:45:00,66.6,66.61,66.55,66.57,2125
2026-03-27 14:50:00,66.59,66.59,66.585,66.585,11795
2026-03-27 14:55:00,66.58,66.58,66.58,66.58,150
2026-03-27 15:00:00,66.565,66.565,66.5,66.5,306
2026-03-27 15:05:00,66.49,66.52,66.49,66.51,1792
2026-03-27 15:10:00,66.51,66.5199,66.51,66.51,1818
2026-03-27 15:15:00,66.515,66.515,66.5,66.5,410
2026-03-27 15:20:00,66.5,66.5,66.415,66.415,621
2026-03-27 15:25:00,66.44,66.45,66.44,66.45,900
2026-03-27 15:30:00,66.46,66.46,66.46,66.46,240
2026-03-27 15:35:00,66.47,66.47,66.43,66.44,719
2026-03-27 15:40:00,66.41,66.41,66.39,66.39,600
2026-03-27 15:50:00,66.34,66.34,66.34,66.34,100
2026-03-27 15:55:00,66.44,66.44,66.44,66.44,100
2026-03-27 16:00:00,66.5,66.5,66.5,66.5,616
2026-03-30 09:30:00,66.75,66.75,66.75,66.75,844
2026-03-30 09:50:00,66.58,66.58,66.58,66.58,1575
2026-03-30 09:55:00,66.82,66.82,66.82,66.82,100
2026-03-30 10:00:00,66.8,66.82,66.79,66.79,700
2026-03-30 10:05:00,66.84,66.84,66.84,66.84,301
2026-03-30 10:15:00,66.72,66.72,66.72,66.72,100
2026-03-30 10:20:00,66.839,66.839,66.839,66.839,560
2026-03-30 10:25:00,66.83,66.83,66.83,66.83,200
2026-03-30 10:30:00,66.8,66.935,66.8,66.935,320
2026-03-30 10:40:00,67.05,67.055,67.05,67.055,350
2026-03-30 10:45:00,67.1,67.1,67.1,67.1,100
2026-03-30 10:50:00,67.0899,67.13,67.0899,67.13,245
2026-03-30 10:55:00,67.148,67.15,67.11,67.11,1071
2026-03-30 11:00:00,67.11,67.17,67.07,67.155,2393
2026-03-30 11:05:00,67.12,67.14,67.12,67.14,500
2026-03-30 11:10:00,67.12,67.2,67.12,67.2,400
2026-03-30 11:15:00,67.18,67.18,67.17,67.17,350
2026-03-30 11:20:00,67.2,67.21,67.18,67.185,517
2026-03-30 11:25:00,67.1,67.1,67.075,67.1,801
2026-03-30 11:30:00,67.06,67.06,67.06,67.06,100
2026-03-30 11:35:00,67.2,67.2,67.19,67.19,636
2026-03-30 11:40:00,67.17,67.18,67.16,67.16,1758
2026-03-30 11:45:00,67.1,67.11,67.09,67.09,1150
2026-03-30 11:50:00,67.14,67.14,67.14,67.14,200
2026-03-30 11:55:00,67.075,67.075,67.075,67.075,200
2026-03-30 12:00:00,67.05,67.05,67.05,67.05,100
2026-03-30 12:05:00,67.07,67.07,67.07,67.07,100
2026-03-30 12:10:00,67.12,67.12,67.12,67.12,150
2026-03-30 12:15:00,67.105,67.12,67.01,67.01,1511
2026-03-30 12:20:00,67.04,67.04,67.04,67.04,400
2026-03-30 12:25:00,67.03,67.03,67.03,67.03,100
2026-03-30 12:30:00,67.14,67.14,67.1,67.1,400
2026-03-30 12:35:00,67.1,67.1,67.1,67.1,100
2026-03-30 12:40:00,67.11,67.13,67.11,67.13,400
2026-03-30 12:45:00,67.1,67.13,67.1,67.13,400
2026-03-30 12:50:00,67.13,67.13,67.13,67.13,200
2026-03-30 12:55:00,67.08,67.11,67.04,67.04,406
2026-03-30 13:00:00,67.14,67.16,67.12,67.16,600
2026-03-30 13:05:00,67.16,67.19,67.16,67.18,400
2026-03-30 13:10:00,67.17,67.17,67.125,67.125,1200
2026-03-30 13:15:00,67.105,67.11,67.07,67.1,750
2026-03-30 13:20:00,67.08,67.13,67.08,67.12,700
2026-03-30 13:25:00,67.09,67.09,67.08,67.08,200
2026-03-30 13:30:00,67.05,67.05,67.05,67.05,300
2026-03-30 13:35:00,67.04,67.085,67.01,67.085,1500
2026-03-30 13:40:00,67.07,67.07,67.06,67.065,500
2026-03-30 13:45:00,67.09,67.09,67.025,67.03,1000
2026-03-30 13:50:00,67.02,67.02,67.01,67.01,300
2026-03-30 13:55:00,66.965,66.965,66.94,66.96,400
2026-03-30 14:00:00,66.98,67.005,66.97,67.005,1500
2026-03-30 14:05:00,67.025,67.025,66.985,66.99,1300
2026-03-30 14:10:00,67.0,67.03,66.99,67.03,600
2026-03-30 14:15:00,67.07,67.115,67.07,67.115,400
2026-03-30 14:20:00,67.14,67.14,67.11,67.11,500
2026-03-30 14:25:00,67.11,67.11,67.08,67.08,600
2026-03-30 14:30:00,67.085,67.085,67.02,67.02,700
2026-03-30 14:35:00,67.045,67.045,67.025,67.025,300
2026-03-30 14:40:00,67.01,67.01,66.92,66.92,411
2026-03-30 14:45:00,66.9905,67.03,66.9905,67.03,423
2026-03-30 14:50:00,67.02,67.03,67.0,67.0,1300
2026-03-30 14:55:00,66.94,66.94,66.94,66.94,100
2026-03-30 15:00:00,66.94,66.96,66.9,66.9,900
2026-03-30 15:05:00,66.87,66.88,66.8245,66.84,733
2026-03-30 15:10:00,66.78,66.83,66.78,66.82,500
2026-03-30 15:15:00,66.81,66.81,66.79,66.8,629
2026-03-30 15:20:00,66.79,66.79,66.74,66.77,2300
2026-03-30 15:25:00,66.77,66.77,66.73,66.74,1400
2026-03-30 15:30:00,66.75,66.76,66.725,66.725,800
2026-03-30 15:35:00,66.73,66.78,66.73,66.78,1000
2026-03-30 15:40:00,66.8,66.855,66.79,66.85,1053
2026-03-30 15:45:00,66.89,66.9,66.89,66.9,400
2026-03-30 15:50:00,66.89,66.9,66.86,66.9,800
2026-03-30 15:55:00,66.92,66.92,66.79,66.9,3255
2026-03-30 16:00:00,66.91,66.91,66.91,66.91,3184
2026-03-31 09:30:00,67.1,67.2,67.055,67.055,1295
2026-03-31 09:35:00,67.07,67.07,67.07,67.07,100
2026-03-31 09:40:00,67.115,67.115,67.115,67.115,200
2026-03-31 09:55:00,66.95,66.95,66.95,66.95,100
2026-03-31 10:00:00,66.91,66.92,66.9,66.92,475
2026-03-31 10:05:00,66.798,66.85,66.7944,66.85,1810
2026-03-31 10:10:00,66.79,66.79,66.79,66.79,236
2026-03-31 10:15:00,66.68,66.72,66.68,66.72,361
2026-03-31 10:20:00,66.7,66.83,66.7,66.83,3538
2026-03-31 10:25:00,66.85,66.87,66.82,66.82,1640
2026-03-31 10:30:00,66.83,66.83,66.83,66.83,100
2026-03-31 10:40:00,66.59,66.59,66.59,66.59,100
2026-03-31 10:45:00,66.52,66.52,66.44,66.47,503
2026-03-31 10:50:00,66.475,66.475,66.43,66.46,842
2026-03-31 11:00:00,66.5,66.52,66.495,66.52,5081
2026-03-31 11:05:00,66.57,66.62,66.57,66.59,1750
2026-03-31 11:10:00,66.62,66.63,66.58,66.63,550
2026-03-31 11:15:00,66.77,66.77,66.77,66.77,3510
2026-03-31 11:20:00,66.67,66.69,66.66,66.66,650
2026-03-31 11:25:00,66.64,66.675,66.55,66.55,900
2026-03-31 11:30:00,66.56,66.56,66.56,66.56,100
2026-03-31 11:35:00,66.595,66.595,66.595,66.595,160
2026-03-31 11:40:00,66.645,66.645,66.62,66.62,200
2026-03-31 11:45:00,66.6,66.6,66.58,66.58,644
2026-03-31 11:50:00,66.53,66.53,66.53,66.53,275
2026-03-31 11:55:00,66.51,66.51,66.45,66.49,1286
2026-03-31 12:00:00,66.53,66.53,66.52,66.52,203
2026-03-31 12:05:00,66.5,66.5,66.5,66.5,100
2026-03-31 12:10:00,66.495,66.5,66.495,66.5,402
2026-03-31 12:20:00,66.45,66.45,66.43,66.44,1571
2026-03-31 12:25:00,66.53,66.53,66.48,66.48,300
2026-03-31 12:30:00,66.445,66.5,66.445,66.5,570
2026-03-31 12:35:00,66.48,66.64,66.48,66.64,1927
2026-03-31 12:40:00,66.74,66.98,66.74,66.87,12333
2026-03-31 12:45:00,66.87,66.91,66.55,66.7,26295
2026-03-31 12:50:00,66.76,66.87,66.71,66.87,7329
2026-03-31 12:55:00,66.85,66.85,66.7,66.79,712
2026-03-31 13:00:00,66.83,66.83,66.83,66.83,200
2026-03-31 13:05:00,66.81,66.81,66.73,66.77,1200
2026-03-31 13:10:00,66.71,66.72,66.71,66.72,200
2026-03-31 13:15:00,66.76,66.77,66.76,66.77,300
2026-03-31 13:20:00,66.73,66.73,66.73,66.73,100
2026-03-31 13:30:00,66.71,66.78,66.71,66.78,200
2026-03-31 13:35:00,66.81,66.81,66.81,66.81,100
2026-03-31 13:40:00,66.88,66.88,66.82,66.86,3369
2026-03-31 13:45:00,66.83,66.89,66.83,66.89,200
2026-03-31 13:50:00,66.92,66.92,66.88,66.88,398
2026-03-31 13:55:00,66.84,66.86,66.83,66.83,600
2026-03-31 14:00:00,66.82,66.82,66.82,66.82,104
2026-03-31 14:05:00,66.81,66.835,66.81,66.83,363
2026-03-31 14:10:00,66.84,66.84,66.7703,66.79,462
2026-03-31 14:15:00,66.83,66.83,66.83,66.83,100
2026-03-31 14:20:00,66.79,66.79,66.79,66.79,100
2026-03-31 14:30:00,66.76,66.77,66.76,66.77,200
2026-03-31 14:35:00,66.8,66.8,66.8,66.8,146
2026-03-31 14:40:00,66.79,66.79,66.75,66.75,300
2026-03-31 14:45:00,66.7999,66.7999,66.72,66.72,500
2026-03-31 14:55:00,66.73,66.77,66.73,66.77,407
2026-03-31 15:00:00,66.77,66.82,66.77,66.82,500
2026-03-31 15:05:00,66.82,66.82,66.8,66.8,762
2026-03-31 15:10:00,66.84,66.84,66.84,66.84,400
2026-03-31 15:15:00,66.9,66.92,66.885,66.92,1304
2026-03-31 15:20:00,66.93,66.93,66.93,66.93,100
2026-03-31 15:25:00,66.93,66.94,66.93,66.94,200
2026-03-31 15:30:00,66.95,67.03,66.95,67.02,3238
2026-03-31 15:35:00,67.08,67.12,67.07,67.12,1901
2026-03-31 15:40:00,67.13,67.13,67.08,67.1,1700
2026-03-31 15:45:00,67.06,67.08,67.055,67.08,309
2026-03-31 15:50:00,67.02,67.09,67.02,67.05,900
2026-03-31 15:55:00,67.07,67.14,67.065,67.14,3533
2026-03-31 16:00:00,67.01,67.01,67.01,67.01,400
2026-04-01 09:30:00,67.01,67.01,66.835,66.835,1241
2026-04-01 09:35:00,66.8,66.8,66.8,66.8,151
2026-04-01 09:45:00,66.76,66.81,66.76,66.7804,860
2026-04-01 10:05:00,66.6,66.6,66.6,66.6,200
2026-04-01 10:15:00,66.525,66.525,66.5,66.52,5297
2026-04-01 10:25:00,66.78,66.78,66.78,66.78,200
2026-04-01 10:30:00,66.86,66.86,66.86,66.86,340
2026-04-01 10:45:00,67.05,67.12,67.05,67.12,2427
2026-04-01 10:50:00,67.105,67.105,67.03,67.03,900
2026-04-01 11:00:00,66.96,66.96,66.96,66.96,150
2026-04-01 11:05:00,66.95,66.97,66.95,66.97,3558
2026-04-01 11:10:00,66.9,66.96,66.9,66.96,300
2026-04-01 11:15:00,67.04,67.04,67.04,67.04,100
2026-04-01 11:20:00,66.98,67.0,66.91,66.91,845
2026-04-01 11:30:00,66.9,66.9,66.9,66.9,100
2026-04-01 11:35:00,66.935,66.99,66.935,66.98,400
2026-04-01 11:40:00,66.96,66.96,66.96,66.96,250
2026-04-01 11:45:00,66.96,66.96,66.88,66.88,712
2026-04-01 11:50:00,66.9,66.93,66.9,66.93,350
2026-04-01 11:55:00,66.95,66.95,66.9,66.945,500
2026-04-01 12:00:00,66.98,66.98,66.845,66.86,2869
2026-04-01 12:05:00,66.89,66.89,66.89,66.89,100
2026-04-01 12:10:00,66.85,66.87,66.85,66.87,625
2026-04-01 12:15:00,66.875,66.9,66.875,66.9,1818
2026-04-01 12:20:00,66.9,66.9,66.895,66.8951,950
2026-04-01 12:25:00,66.895,66.93,66.895,66.93,370
2026-04-01 12:30:00,66.915,66.97,66.915,66.97,400
2026-04-01 12:35:00,66.99,67.0,66.98,66.98,1000
2026-04-01 12:40:00,66.98,67.02,66.98,67.02,539
2026-04-01 12:45:00,67.015,67.06,67.015,67.05,450
2026-04-01 12:50:00,67.04,67.08,67.03,67.06,650
2026-04-01 12:55:00,67.04,67.06,67.03,67.06,800
2026-04-01 13:00:00,67.055,67.055,67.045,67.045,208
2026-04-01 13:05:00,67.09,67.1,67.05,67.05,1951
2026-04-01 13:10:00,67.045,67.055,67.045,67.055,372
2026-04-01 13:15:00,67.055,67.06,67.055,67.06,500
2026-04-01 13:20:00,67.06,67.065,67.06,67.065,500
2026-04-01 13:25:00,67.08,67.08,67.06,67.06,420
2026-04-01 13:30:00,67.06,67.06,67.06,67.06,108
2026-04-01 13:35:00,67.06,67.06,66.985,66.985,300
2026-04-01 13:40:00,67.09,67.09,67.065,67.065,349
2026-04-01 13:45:00,67.07,67.07,67.07,67.07,100
2026-04-01 13:50:00,67.1,67.11,67.04,67.04,1579
2026-04-01 13:55:00,67.065,67.065,67.05,67.05,478
2026-04-01 14:00:00,67.03,67.03,66.96,66.96,400
2026-04-01 14:05:00,66.995,66.995,66.995,66.995,100
2026-04-01 14:10:00,67.0216,67.08,67.0216,67.08,277
2026-04-01 14:15:00,67.06,67.06,67.0316,67.05,823
2026-04-01 14:20:00,67.055,67.055,67.05,67.05,200
2026-04-01 14:25:00,67.02,67.02,66.97,66.97,500
2026-04-01 14:30:00,66.95,66.97,66.95,66.97,300
2026-04-01 14:35:00,66.99,67.0,66.99,67.0,368
2026-04-01 14:40:00,67.0099,67.02,67.0099,67.02,200
2026-04-01 14:45:00,67.02,67.045,67.015,67.0401,2086
2026-04-01 14:50:00,67.04,67.06,67.04,67.06,953
2026-04-01 14:55:00,67.02,67.02,66.99,67.0146,451
2026-04-01 15:00:00,67.015,67.06,67.015,67.06,400
2026-04-01 15:05:00,67.06,67.06,67.06,67.06,400
2026-04-01 15:10:00,67.055,67.09,67.055,67.085,742
2026-04-01 15:15:00,67.08,67.08,67.02,67.02,700
2026-04-01 15:20:00,67.06,67.06,67.06,67.06,200
2026-04-01 15:25:00,67.065,67.13,67.065,67.1,400
2026-04-01 15:30:00,67.12,67.17,67.105,67.17,1470
2026-04-01 15:35:00,67.17,67.215,67.165,67.165,2288
2026-04-01 15:40:00,67.18,67.2,67.15,67.15,600
2026-04-01 15:45:00,67.13,67.13,67.13,67.13,100
2026-04-01 15:55:00,67.065,67.08,67.02,67.02,891
2026-04-01 16:00:00,67.06,67.06,67.06,67.06,610
2026-04-01 09:30:00,67.01,67.01,66.835,66.835,1241
2026-04-01 09:35:00,66.8,66.8,66.8,66.8,151
2026-04-01 09:45:00,66.76,66.81,66.76,66.7804,860
2026-04-01 10:05:00,66.6,66.6,66.6,66.6,200
2026-04-01 10:15:00,66.525,66.525,66.5,66.52,5297
2026-04-01 10:25:00,66.78,66.78,66.78,66.78,200
2026-04-01 10:30:00,66.86,66.86,66.86,66.86,340
2026-04-01 10:45:00,67.05,67.12,67.05,67.12,2427
2026-04-01 10:50:00,67.105,67.105,67.03,67.03,900
2026-04-01 11:00:00,66.96,66.96,66.96,66.96,150
2026-04-01 11:05:00,66.95,66.97,66.95,66.97,3558
2026-04-01 11:10:00,66.9,66.96,66.9,66.96,300
2026-04-01 11:15:00,67.04,67.04,67.04,67.04,100
2026-04-01 11:20:00,66.98,67.0,66.91,66.91,845
2026-04-01 11:30:00,66.9,66.9,66.9,66.9,100
2026-04-01 11:35:00,66.935,66.99,66.935,66.98,400
2026-04-01 11:40:00,66.96,66.96,66.96,66.96,250
2026-04-01 11:45:00,66.96,66.96,66.88,66.88,712
2026-04-01 11:50:00,66.9,66.93,66.9,66.93,350
2026-04-01 11:55:00,66.95,66.95,66.9,66.945,500
2026-04-01 12:00:00,66.98,66.98,66.845,66.86,2869
2026-04-01 12:05:00,66.89,66.89,66.89,66.89,100
2026-04-01 12:10:00,66.85,66.87,66.85,66.87,625
2026-04-01 12:15:00,66.875,66.9,66.875,66.9,1818
2026-04-01 12:20:00,66.9,66.9,66.895,66.8951,950
2026-04-01 12:25:00,66.895,66.93,66.895,66.93,370
2026-04-01 12:30:00,66.915,66.97,66.915,66.97,400
2026-04-01 12:35:00,66.99,67.0,66.98,66.98,1000
2026-04-01 12:40:00,66.98,67.02,66.98,67.02,539
2026-04-01 12:45:00,67.015,67.06,67.015,67.05,450
2026-04-01 12:50:00,67.04,67.08,67.03,67.06,650
2026-04-01 12:55:00,67.04,67.06,67.03,67.06,800
2026-04-01 13:00:00,67.055,67.055,67.045,67.045,208
2026-04-01 13:05:00,67.09,67.1,67.05,67.05,1951
2026-04-01 13:10:00,67.045,67.055,67.045,67.055,372
2026-04-01 13:15:00,67.055,67.06,67.055,67.06,500
2026-04-01 13:20:00,67.06,67.065,67.06,67.065,500
2026-04-01 13:25:00,67.08,67.08,67.06,67.06,420
2026-04-01 13:30:00,67.06,67.06,67.06,67.06,108
2026-04-01 13:35:00,67.06,67.06,66.985,66.985,300
2026-04-01 13:40:00,67.09,67.09,67.065,67.065,349
2026-04-01 13:45:00,67.07,67.07,67.07,67.07,100
2026-04-01 13:50:00,67.1,67.11,67.04,67.04,1579
2026-04-01 13:55:00,67.065,67.065,67.05,67.05,478
2026-04-01 14:00:00,67.03,67.03,66.96,66.96,400
2026-04-01 14:05:00,66.995,66.995,66.995,66.995,100
2026-04-01 14:10:00,67.0216,67.08,67.0216,67.08,277
2026-04-01 14:15:00,67.06,67.06,67.0316,67.05,823
2026-04-01 14:20:00,67.055,67.055,67.05,67.05,200
2026-04-01 14:25:00,67.02,67.02,66.97,66.97,500
2026-04-01 14:30:00,66.95,66.97,66.95,66.97,300
2026-04-01 14:35:00,66.99,67.0,66.99,67.0,368
2026-04-01 14:40:00,67.0099,67.02,67.0099,67.02,200
2026-04-01 14:45:00,67.02,67.045,67.015,67.0401,2086
2026-04-01 14:50:00,67.04,67.06,67.04,67.06,953
2026-04-01 14:55:00,67.02,67.02,66.99,67.0146,451
2026-04-01 15:00:00,67.015,67.06,67.015,67.06,400
2026-04-01 15:05:00,67.06,67.06,67.06,67.06,400
2026-04-01 15:10:00,67.055,67.09,67.055,67.085,742
2026-04-01 15:15:00,67.08,67.08,67.02,67.02,700
2026-04-01 15:20:00,67.06,67.06,67.06,67.06,200
2026-04-01 15:25:00,67.065,67.13,67.065,67.1,400
2026-04-01 15:30:00,67.12,67.17,67.105,67.17,1470
2026-04-01 15:35:00,67.17,67.215,67.165,67.165,2288
2026-04-01 15:40:00,67.18,67.2,67.15,67.15,600
2026-04-01 15:45:00,67.13,67.13,67.13,67.13,100
2026-04-01 15:55:00,67.065,67.08,67.02,67.02,891
2026-04-01 16:00:00,67.06,67.06,67.06,67.06,610
2026-04-02 09:30:00,66.97,66.97,66.8,66.85,4735
2026-04-02 10:00:00,66.95,66.95,66.95,66.95,100
2026-04-02 10:15:00,66.7037,66.7037,66.7037,66.7037,212
2026-04-02 10:20:00,66.91,66.92,66.91,66.92,200
2026-04-02 10:30:00,66.97,66.995,66.97,66.995,200
2026-04-02 10:35:00,67.085,67.085,67.085,67.085,100
2026-04-02 10:50:00,67.14,67.14,67.14,67.14,200
2026-04-02 10:55:00,67.21,67.21,67.18,67.18,350
2026-04-02 11:00:00,67.12,67.12,67.12,67.12,200
2026-04-02 11:10:00,67.05,67.07,67.04,67.07,650
2026-04-02 11:15:00,67.13,67.13,67.09,67.09,700
2026-04-02 11:20:00,67.105,67.105,67.05,67.05,970
2026-04-02 11:25:00,67.06,67.07,67.06,67.07,200
2026-04-02 11:35:00,67.14,67.14,67.125,67.125,200
2026-04-02 11:40:00,67.11,67.115,67.1,67.1,800
2026-04-02 11:45:00,67.1,67.1,67.1,67.1,300
2026-04-02 11:50:00,67.08,67.085,67.05,67.085,1249
2026-04-02 11:55:00,67.12,67.13,67.06,67.06,1400
2026-04-02 12:00:00,67.06,67.06,67.04,67.04,474
2026-04-02 12:05:00,67.08,67.08,67.08,67.08,379
2026-04-02 12:15:00,67.09,67.115,67.09,67.105,1100
2026-04-02 12:25:00,67.08,67.125,67.08,67.125,750
2026-04-02 12:30:00,67.16,67.16,67.16,67.16,150
2026-04-02 12:35:00,67.155,67.155,67.155,67.155,100
2026-04-02 12:40:00,67.19,67.195,67.19,67.19,429
2026-04-02 12:45:00,67.11,67.14,67.11,67.11,1250
2026-04-02 12:50:00,67.16,67.16,67.08,67.08,222
2026-04-02 13:05:00,67.12,67.12,67.12,67.12,150
2026-04-02 13:15:00,67.19,67.19,67.155,67.155,745
2026-04-02 13:25:00,67.21,67.22,67.21,67.22,200
2026-04-02 13:30:00,67.17,67.175,67.11,67.11,2065
2026-04-02 13:35:00,67.095,67.16,67.095,67.16,578
2026-04-02 13:45:00,67.09,67.09,67.09,67.09,100
2026-04-02 13:50:00,67.08,67.08,67.08,67.08,736
2026-04-02 13:55:00,67.07,67.08,67.07,67.08,1424
2026-04-02 14:05:00,67.08,67.095,67.08,67.09,513
2026-04-02 14:15:00,67.09,67.09,67.08,67.09,300
2026-04-02 14:20:00,67.0056,67.0056,67.0056,67.0056,300
2026-04-02 14:30:00,67.07,67.07,67.03,67.04,1533
2026-04-02 14:35:00,67.04,67.05,67.04,67.05,401
2026-04-02 14:40:00,67.02,67.105,67.02,67.105,1677
2026-04-02 14:45:00,67.14,67.14,67.14,67.14,125
2026-04-02 14:55:00,67.245,67.245,67.1651,67.1651,837
2026-04-02 15:00:00,67.245,67.25,67.24,67.245,400
2026-04-02 15:10:00,67.235,67.24,67.23,67.23,1150
2026-04-02 15:15:00,67.2,67.24,67.165,67.17,2379
2026-04-02 15:25:00,67.21,67.21,67.195,67.195,790
2026-04-02 15:30:00,67.21,67.21,67.19,67.19,541
2026-04-02 15:35:00,67.205,67.225,67.205,67.22,2358
2026-04-02 15:40:00,67.225,67.25,67.22,67.235,1312
2026-04-02 15:45:00,67.0301,67.0301,67.0301,67.0301,101
2026-04-02 15:50:00,67.22,67.22,67.22,67.22,158
2026-04-02 15:55:00,67.22,67.225,67.2,67.2,954
2026-04-02 16:00:00,67.3,67.3,67.3,67.3,227
