2026-03-05 11:30:00,29.06,29.06,29.06,29.06,300
2026-03-05 12:00:00,29.17,29.17,29.17,29.17,334
2026-03-05 12:45:00,28.95,28.96,28.95,28.96,1111
2026-03-05 13:20:00,28.96,28.96,28.96,28.96,300
2026-03-05 13:55:00,28.93,28.9301,28.93,28.9301,200
2026-03-05 14:25:00,28.96,28.96,28.96,28.96,131
2026-03-06 09:55:00,28.12,28.12,27.86,27.86,947
2026-03-06 10:35:00,28.47,28.47,28.47,28.47,1519
2026-03-06 11:45:00,28.4,28.4001,28.4,28.4001,2000
2026-03-06 12:35:00,28.3799,28.3799,28.3401,28.3401,400
2026-03-06 15:10:00,28.459,28.495,28.45,28.495,500
2026-03-06 15:20:00,28.4615,28.4615,28.4615,28.4615,600
2026-03-06 15:35:00,28.3901,28.3901,28.3901,28.3901,364
2026-03-09 12:00:00,27.787,27.815,27.787,27.815,365
2026-03-09 12:10:00,27.8484,27.8484,27.8484,27.8484,292
2026-03-10 11:40:00,28.515,28.515,28.515,28.515,170
2026-03-10 12:20:00,28.4,28.4,28.4,28.4,100
2026-03-11 10:40:00,28.09,28.215,28.09,28.215,457
2026-03-12 13:00:00,27.7,27.71,27.7,27.7,400
2026-03-12 15:20:00,27.58,27.58,27.58,27.58,298
2026-03-12 15:25:00,27.6,27.6,27.6,27.6,100
2026-03-13 12:45:00,27.39,27.39,27.39,27.39,300
2026-03-13 15:05:00,27.45,27.45,27.44,27.44,312
2026-03-16 11:05:00,27.735,27.735,27.735,27.735,144
2026-03-16 12:35:00,27.66,27.66,27.66,27.66,300
2026-03-17 12:35:00,27.61,27.61,27.61,27.61,1000
2026-03-17 15:40:00,27.67,27.67,27.67,27.67,600
2026-03-18 11:40:00,27.55,27.55,27.55,27.55,300
2026-03-19 09:30:00,27.21,27.21,27.21,27.21,735
2026-03-19 13:15:00,27.3,27.3,27.3,27.3,300
2026-03-20 11:20:00,27.24,27.24,27.24,27.24,120
2026-03-20 11:55:00,27.21,27.21,27.21,27.21,208
2026-03-20 12:20:00,27.285,27.285,27.285,27.285,343
2026-03-20 13:30:00,27.24,27.24,27.24,27.24,200
2026-03-20 14:05:00,27.24,27.24,27.24,27.24,100
2026-03-20 14:55:00,27.1,27.1,27.1,27.1,500
2026-03-20 15:55:00,27.15,27.15,27.15,27.15,126
2026-03-23 09:35:00,27.54,27.54,27.54,27.54,100
2026-03-23 09:40:00,27.67,27.67,27.67,27.67,100
2026-03-23 10:25:00,27.92,27.92,27.92,27.92,141
2026-03-23 12:35:00,27.84,28.15,27.84,27.85,2185
2026-03-24 12:25:00,28.12,28.12,28.12,28.12,600
2026-03-24 13:30:00,28.08,28.08,28.08,28.08,300
2026-03-24 15:20:00,28.13,28.13,28.13,28.13,264
2026-03-25 10:00:00,28.015,28.015,28.015,28.015,150
2026-03-25 10:45:00,28.1228,28.1228,28.1228,28.1228,100
2026-03-25 11:15:00,27.83,27.84,27.83,27.84,600
2026-03-25 11:20:00,27.83,27.84,27.83,27.84,875
2026-03-25 12:30:00,28.02,28.05,28.02,28.05,683
2026-03-25 12:45:00,28.05,28.05,28.05,28.05,285
2026-03-25 13:00:00,28.05,28.05,28.05,28.05,285
2026-03-25 13:35:00,28.05,28.05,28.05,28.05,215
2026-03-25 13:40:00,28.07,28.08,28.07,28.08,200
2026-03-25 13:45:00,28.09,28.09,28.09,28.09,300
2026-03-25 15:20:00,28.03,28.04,28.03,28.04,200
2026-03-25 15:45:00,28.05,28.05,28.05,28.05,100
2026-03-25 15:50:00,28.06,28.06,28.06,28.06,100
2026-03-25 15:55:00,28.08,28.1,28.08,28.1,300
2026-03-26 12:30:00,28.105,28.105,28.105,28.105,100
2026-03-26 13:10:00,28.085,28.085,28.08,28.08,600
2026-03-26 13:25:00,27.98,27.98,27.98,27.98,100
2026-03-26 13:30:00,27.98,27.98,27.98,27.98,400
2026-03-26 13:35:00,27.99,28.0,27.99,28.0,200
2026-03-26 13:40:00,27.99,27.995,27.99,27.995,600
2026-03-26 14:00:00,27.985,27.99,27.985,27.99,200
2026-03-26 14:05:00,27.995,27.995,27.995,27.995,200
2026-03-26 14:10:00,27.975,27.975,27.975,27.975,200
2026-03-26 14:15:00,27.98,27.99,27.98,27.99,700
2026-03-26 14:20:00,27.995,28.0,27.99,28.0,300
2026-03-26 14:35:00,28.06,28.06,28.06,28.06,200
2026-03-26 14:40:00,28.07,28.07,28.07,28.07,100
2026-03-26 15:40:00,28.01,28.0101,28.01,28.0101,200
2026-03-27 10:40:00,27.8938,27.8938,27.8938,27.8938,169
2026-03-27 10:45:00,27.89,27.89,27.89,27.89,100
2026-03-27 10:50:00,27.925,27.925,27.925,27.925,169
2026-03-27 10:55:00,27.97,27.97,27.97,27.97,100
2026-03-27 11:10:00,27.91,27.91,27.91,27.91,100
2026-03-30 09:30:00,27.92,27.92,27.92,27.92,516
2026-03-30 10:35:00,27.82,27.82,27.82,27.82,100
2026-03-30 12:10:00,27.89,27.89,27.89,27.89,1214
2026-03-30 12:50:00,27.8004,27.83,27.8004,27.83,285
2026-03-30 13:00:00,27.79,27.79,27.79,27.79,300
2026-03-30 13:45:00,27.69,27.69,27.69,27.69,300
2026-03-30 14:00:00,27.72,27.72,27.72,27.72,100
2026-03-30 15:50:00,27.675,27.675,27.64,27.64,1364
2026-03-31 09:40:00,28.01,28.01,28.01,28.01,100
2026-03-31 10:00:00,27.9399,27.9399,27.9399,27.9399,100
2026-03-31 11:20:00,27.87,27.87,27.87,27.87,268
2026-03-31 11:30:00,27.84,27.84,27.84,27.84,540
2026-03-31 12:35:00,27.83,27.83,27.83,27.83,100
2026-04-01 09:35:00,28.16,28.16,28.16,28.16,100
2026-04-01 11:50:00,28.24,28.24,28.24,28.24,100
2026-04-01 11:55:00,28.21,28.21,28.21,28.21,100
2026-04-01 12:05:00,28.22,28.22,28.22,28.22,100
2026-04-01 13:25:00,28.21,28.21,28.21,28.21,100
2026-04-01 09:35:00,28.16,28.16,28.16,28.16,100
2026-04-01 11:50:00,28.24,28.24,28.24,28.24,100
2026-04-01 11:55:00,28.21,28.21,28.21,28.21,100
2026-04-01 12:05:00,28.22,28.22,28.22,28.22,100
2026-04-01 13:25:00,28.21,28.21,28.21,28.21,100
2026-04-02 09:40:00,27.82,27.82,27.82,27.82,100
2026-04-02 09:45:00,27.87,27.87,27.8699,27.8699,200
2026-04-02 10:20:00,27.76,27.82,27.76,27.82,394
2026-04-02 11:35:00,28.14,28.19,28.14,28.19,400
2026-04-02 14:35:00,28.09,28.09,28.09,28.09,300
