2026-03-04 09:30:00,54.85,54.85,54.85,54.85,151
2026-03-04 11:50:00,55.485,55.485,55.485,55.485,150
2026-03-04 12:40:00,55.4501,55.4501,55.4501,55.4501,120
2026-03-04 12:45:00,55.43,55.43,55.43,55.43,2908
2026-03-04 14:00:00,55.51,55.51,55.49,55.49,444
2026-03-04 14:40:00,55.47,55.47,55.45,55.45,1517
2026-03-04 15:25:00,55.42,55.42,55.42,55.42,300
2026-03-04 15:35:00,55.5,55.52,55.5,55.52,1100
2026-03-04 15:45:00,55.4901,55.4901,55.4901,55.4901,200
2026-03-05 09:25:00,54.97,55.02,54.96,54.97,1800
2026-03-05 09:30:00,54.98,55.21,54.98,55.21,406
2026-03-05 09:45:00,55.88,55.88,55.88,55.88,200
2026-03-05 10:25:00,55.35,55.35,55.35,55.35,8820
2026-03-05 10:30:00,55.19,55.19,55.19,55.19,1900
2026-03-05 10:35:00,55.29,55.29,55.29,55.29,200
2026-03-05 11:40:00,55.33,55.4,55.33,55.4,898
2026-03-05 11:45:00,55.44,55.46,55.4399,55.46,800
2026-03-05 12:05:00,55.5575,55.5575,55.5575,55.5575,180
2026-03-05 12:10:00,55.5,55.5,55.5,55.5,226
2026-03-05 13:00:00,55.14,55.14,55.13,55.13,700
2026-03-05 15:05:00,55.2007,55.2007,55.2007,55.2007,227
2026-03-05 15:55:00,55.81,55.85,55.8,55.83,1313
2026-03-05 16:00:00,55.87,55.87,55.87,55.87,1147
2026-03-06 09:30:00,54.93,54.97,54.93,54.97,611
2026-03-06 10:10:00,54.775,54.775,54.775,54.775,298
2026-03-06 10:30:00,55.09,55.1,55.01,55.01,4183
2026-03-06 11:00:00,55.1786,55.1786,55.1786,55.1786,101
2026-03-06 11:40:00,55.05,55.05,55.05,55.05,250
2026-03-06 11:55:00,55.05,55.0532,55.05,55.0532,219
2026-03-06 13:00:00,54.76,54.76,54.76,54.76,200
2026-03-06 13:25:00,54.79,54.79,54.79,54.79,300
2026-03-06 13:30:00,54.83,54.83,54.83,54.83,200
2026-03-06 13:40:00,54.82,54.89,54.82,54.89,612
2026-03-06 13:45:00,54.8907,54.8907,54.8907,54.8907,125
2026-03-06 13:50:00,54.88,54.88,54.88,54.88,200
2026-03-06 13:55:00,54.8,54.8,54.8,54.8,100
2026-03-06 14:45:00,54.77,54.77,54.77,54.77,100
2026-03-06 15:55:00,54.9,54.9,54.9,54.9,250
2026-03-09 09:25:00,54.23,54.23,54.23,54.23,100
2026-03-09 09:30:00,54.06,54.06,54.06,54.06,200
2026-03-09 09:35:00,53.47,53.5,53.47,53.5,300
2026-03-09 09:45:00,53.36,53.36,53.36,53.36,300
2026-03-09 09:50:00,53.05,53.09,53.05,53.06,700
2026-03-09 09:55:00,52.94,53.0,52.91,53.0,1100
2026-03-09 10:00:00,53.15,53.24,53.15,53.18,400
2026-03-09 10:10:00,53.03,53.03,53.03,53.03,100
2026-03-09 11:00:00,53.77,53.77,53.77,53.77,100
2026-03-09 12:00:00,53.66,53.66,53.66,53.66,1600
2026-03-09 13:15:00,53.8,53.8,53.8,53.8,200
2026-03-09 14:30:00,53.9,53.9,53.9,53.9,300
2026-03-09 14:50:00,53.92,53.92,53.92,53.92,165
2026-03-09 15:05:00,53.78,53.78,53.78,53.78,209
2026-03-09 15:15:00,54.0,54.0,54.0,54.0,100
2026-03-09 15:25:00,54.58,54.58,54.58,54.58,100
2026-03-09 16:00:00,54.81,54.81,54.81,54.81,101
2026-03-10 09:30:00,55.0,55.0,55.0,55.0,590
2026-03-10 10:25:00,54.96,54.96,54.96,54.96,100
2026-03-10 11:15:00,55.14,55.18,55.14,55.18,200
2026-03-10 11:25:00,55.245,55.245,55.24,55.24,200
2026-03-10 11:40:00,55.135,55.135,55.135,55.135,120
2026-03-10 12:00:00,55.175,55.175,55.175,55.175,100
2026-03-10 12:55:00,55.21,55.21,55.21,55.21,400
2026-03-10 13:10:00,55.19,55.19,55.19,55.19,258
2026-03-10 15:20:00,54.91,54.91,54.91,54.91,100
2026-03-10 15:55:00,54.7,54.7,54.69,54.69,539
2026-03-11 11:10:00,54.28,54.28,54.28,54.28,101
2026-03-11 12:00:00,54.01,54.01,54.01,54.01,100
2026-03-11 12:25:00,54.09,54.09,54.09,54.09,100
2026-03-11 12:50:00,54.265,54.265,54.265,54.265,200
2026-03-11 13:05:00,54.2892,54.2892,54.2892,54.2892,221
2026-03-11 13:35:00,54.01,54.01,54.01,54.01,100
2026-03-11 14:55:00,54.2509,54.2509,54.2509,54.2509,120
2026-03-11 15:55:00,54.45,54.45,54.45,54.45,260
2026-03-11 16:00:00,54.44,54.44,54.44,54.44,399
2026-03-12 09:25:00,54.0,54.0,54.0,54.0,100
2026-03-12 09:30:00,53.85,53.8778,53.81,53.8778,1144
2026-03-12 10:30:00,53.74,53.74,53.74,53.74,100
2026-03-12 10:50:00,53.835,53.835,53.835,53.835,147
2026-03-12 11:20:00,53.59,53.5999,53.59,53.5999,600
2026-03-12 12:10:00,53.63,53.63,53.63,53.63,100
2026-03-13 09:25:00,53.51,53.51,53.51,53.51,100
2026-03-13 10:50:00,53.64,53.64,53.64,53.64,150
2026-03-13 11:00:00,53.52,53.52,53.52,53.52,200
2026-03-13 11:15:00,53.62,53.622,53.62,53.622,767
2026-03-13 11:55:00,53.23,53.23,53.23,53.23,100
2026-03-13 12:20:00,53.28,53.2801,53.28,53.2801,400
2026-03-13 12:25:00,53.22,53.22,53.22,53.22,100
2026-03-13 12:30:00,53.29,53.29,53.27,53.27,2491
2026-03-13 13:00:00,53.11,53.11,53.11,53.11,100
2026-03-13 14:30:00,53.285,53.34,53.285,53.34,1249
2026-03-13 14:45:00,53.34,53.34,53.34,53.34,200
2026-03-13 15:15:00,53.31,53.33,53.305,53.33,430
2026-03-13 15:45:00,53.24,53.24,53.24,53.24,100
2026-03-13 15:50:00,53.31,53.33,53.31,53.33,200
2026-03-13 15:55:00,53.39,53.39,53.38,53.38,1882
2026-03-13 16:00:00,53.44,53.44,53.44,53.44,351
2026-03-16 09:25:00,53.99,53.99,53.99,53.99,100
2026-03-16 10:05:00,54.49,54.49,54.49,54.49,700
2026-03-16 10:20:00,54.54,54.54,54.54,54.54,100
2026-03-16 10:25:00,54.5,54.5,54.5,54.5,100
2026-03-16 12:15:00,54.3531,54.3531,54.3531,54.3531,122
2026-03-16 12:35:00,54.11,54.11,54.11,54.11,348
2026-03-16 15:10:00,54.58,54.59,54.58,54.59,200
2026-03-16 15:50:00,54.27,54.27,54.27,54.27,500
2026-03-16 15:55:00,54.27,54.27,54.27,54.27,101
2026-03-17 09:30:00,54.58,54.58,54.58,54.58,451
2026-03-17 09:45:00,55.125,55.125,55.125,55.125,263
2026-03-17 10:40:00,55.31,55.31,55.31,55.31,200
2026-03-17 11:30:00,55.125,55.125,55.125,55.125,216
2026-03-17 11:50:00,55.005,55.005,55.005,55.005,704
2026-03-17 12:05:00,54.94,54.94,54.94,54.94,100
2026-03-17 13:30:00,54.94,54.94,54.94,54.94,100
2026-03-17 13:40:00,54.94,54.94,54.94,54.94,100
2026-03-17 13:55:00,54.9694,54.9694,54.94,54.94,1200
2026-03-17 15:00:00,54.83,54.83,54.81,54.82,4147
2026-03-17 15:15:00,54.88,54.88,54.88,54.88,100
2026-03-17 15:55:00,54.84,54.893,54.84,54.893,1248
2026-03-18 09:30:00,54.68,54.68,54.68,54.68,228
2026-03-18 09:50:00,54.83,54.83,54.83,54.83,100
2026-03-18 10:10:00,54.51,54.51,54.51,54.51,100
2026-03-18 10:45:00,54.3,54.3,54.3,54.3,200
2026-03-18 11:10:00,54.39,54.39,54.39,54.39,100
2026-03-18 11:35:00,54.38,54.38,54.38,54.38,100
2026-03-18 13:00:00,54.054,54.07,54.05,54.07,1900
2026-03-18 14:25:00,54.06,54.09,54.0599,54.09,3878
2026-03-18 14:45:00,53.97,53.9701,53.97,53.9701,1096
2026-03-18 14:50:00,53.9,53.9,53.8801,53.8801,672
2026-03-18 14:55:00,53.82,53.82,53.82,53.82,234
2026-03-18 15:55:00,53.59,53.6,53.56,53.6,1985
2026-03-19 09:25:00,52.6,52.6,52.6,52.6,100
2026-03-19 09:30:00,52.58,52.58,52.58,52.58,1983
2026-03-19 09:40:00,52.66,52.66,52.66,52.66,100
2026-03-19 10:30:00,52.36,52.36,52.36,52.36,100
2026-03-19 11:15:00,52.49,52.4901,52.49,52.4901,1499
2026-03-19 11:25:00,52.2,52.2,52.2,52.2,1750
2026-03-19 11:50:00,52.1,52.1,52.1,52.1,200
2026-03-19 12:50:00,52.215,52.215,52.215,52.215,1000
2026-03-19 13:00:00,52.26,52.26,52.26,52.26,697
2026-03-19 13:15:00,52.15,52.15,52.15,52.15,100
2026-03-19 14:50:00,52.33,52.33,52.33,52.33,153
2026-03-19 15:10:00,52.974,52.974,52.974,52.974,1000
2026-03-19 15:55:00,52.78,52.78,52.77,52.77,801
2026-03-20 09:30:00,52.71,52.71,52.71,52.71,575
2026-03-20 11:50:00,52.02,52.0399,52.02,52.0399,200
2026-03-20 12:05:00,52.12,52.12,52.12,52.12,100
2026-03-20 13:25:00,51.865,51.865,51.865,51.865,167
2026-03-20 15:05:00,51.48,51.48,51.45,51.455,1201
2026-03-20 15:35:00,51.28,51.28,51.25,51.25,205
2026-03-20 15:50:00,51.26,51.26,51.26,51.26,126
2026-03-20 15:55:00,51.46,51.46,51.46,51.46,172
2026-03-23 07:05:00,51.56,51.56,51.56,51.56,1200
2026-03-23 09:30:00,52.58,52.58,52.58,52.58,198
2026-03-23 09:40:00,52.82,52.9,52.82,52.87,1624
2026-03-23 09:45:00,52.83,52.83,52.83,52.83,273
2026-03-23 09:55:00,53.285,53.285,53.285,53.285,860
2026-03-23 11:15:00,53.42,53.42,53.42,53.42,100
2026-03-23 11:25:00,53.39,53.39,53.39,53.39,900
2026-03-23 11:50:00,52.88,52.88,52.88,52.88,100
2026-03-23 14:15:00,52.998,52.998,52.998,52.998,315
2026-03-23 14:20:00,53.0117,53.0117,53.0117,53.0117,120
2026-03-23 14:45:00,53.26,53.27,53.26,53.27,1400
2026-03-23 15:50:00,52.98,52.98,52.98,52.98,100
2026-03-23 15:55:00,52.86,52.88,52.86,52.88,1044
2026-03-24 09:25:00,52.45,52.45,52.45,52.45,100
2026-03-24 11:20:00,52.305,52.305,52.305,52.305,1198
2026-03-24 13:10:00,51.71,51.71,51.71,51.71,100
2026-03-24 13:45:00,51.82,51.8201,51.811,51.811,1066
2026-03-24 15:55:00,52.2,52.2,52.2,52.2,1000
2026-03-24 16:25:00,52.24,52.24,52.24,52.24,100
2026-03-25 09:25:00,53.18,53.18,53.18,53.18,100
2026-03-25 09:30:00,53.22,53.22,53.22,53.22,958
2026-03-25 09:35:00,53.641,53.665,53.64,53.665,1500
2026-03-25 09:40:00,53.801,53.81,53.8,53.81,1400
2026-03-25 09:45:00,53.69,53.69,53.69,53.69,150
2026-03-25 09:50:00,53.6182,53.6182,53.6182,53.6182,284
2026-03-25 10:00:00,53.64,53.64,53.64,53.64,100
2026-03-25 10:05:00,53.59,53.59,53.55,53.56,400
2026-03-25 10:25:00,53.77,53.77,53.77,53.77,100
2026-03-25 10:30:00,53.78,53.78,53.77,53.77,700
2026-03-25 14:00:00,53.825,53.825,53.825,53.825,123
2026-03-25 15:55:00,53.73,53.79,53.73,53.79,385
2026-03-25 18:15:00,53.68,53.68,53.68,53.68,100
2026-03-26 09:25:00,53.25,53.25,53.25,53.25,100
2026-03-26 09:30:00,53.0,53.0,53.0,53.0,365
2026-03-26 14:45:00,52.72,52.72,52.72,52.72,600
2026-03-26 14:55:00,52.79,52.79,52.79,52.79,350
2026-03-26 15:40:00,52.66,52.66,52.66,52.66,200
2026-03-26 15:55:00,52.61,52.62,52.61,52.62,1246
2026-03-27 09:25:00,52.32,52.32,52.32,52.32,100
2026-03-27 09:40:00,51.78,51.78,51.78,51.78,100
2026-03-27 09:50:00,51.45,51.45,51.4436,51.4436,500
2026-03-27 11:20:00,51.63,51.63,51.62,51.62,200
2026-03-27 13:30:00,51.29,51.29,51.29,51.29,300
2026-03-27 14:00:00,51.07,51.08,51.07,51.08,500
2026-03-27 15:05:00,51.03,51.03,51.03,51.03,200
2026-03-27 15:55:00,51.14,51.14,51.14,51.14,756
2026-03-30 09:30:00,51.66,51.66,51.66,51.66,609
2026-03-30 10:30:00,51.19,51.19,51.19,51.19,100
2026-03-30 10:35:00,51.185,51.19,51.185,51.19,352
2026-03-30 10:40:00,51.18,51.18,51.18,51.18,123
2026-03-30 10:45:00,51.27,51.27,51.27,51.27,100
2026-03-30 11:00:00,51.47,51.47,51.47,51.47,100
2026-03-30 11:30:00,51.46,51.47,51.46,51.47,400
2026-03-30 11:35:00,51.63,51.63,51.63,51.63,100
2026-03-30 12:15:00,51.46,51.46,51.46,51.46,100
2026-03-30 12:25:00,51.49,51.49,51.41,51.41,810
2026-03-30 12:30:00,51.47,51.47,51.47,51.47,126
2026-03-30 13:00:00,51.29,51.29,51.29,51.29,475
2026-03-30 13:35:00,50.87,50.87,50.87,50.87,107
2026-03-31 09:30:00,51.84,51.84,51.84,51.84,133
2026-03-31 10:05:00,52.03,52.03,52.03,52.03,188
2026-03-31 13:25:00,53.04,53.04,53.04,53.04,100
2026-03-31 13:45:00,53.1,53.1,53.1,53.1,100
2026-03-31 14:05:00,53.0,53.0,53.0,53.0,100
2026-03-31 14:20:00,53.11,53.11,53.11,53.11,100
2026-03-31 14:40:00,53.13,53.13,53.13,53.13,100
2026-03-31 14:55:00,53.21,53.21,53.21,53.21,100
2026-03-31 15:10:00,53.19,53.19,53.19,53.19,100
2026-03-31 15:20:00,53.23,53.23,53.23,53.23,100
2026-03-31 15:25:00,53.2,53.2,53.18,53.18,200
2026-03-31 15:50:00,53.355,53.36,53.35,53.36,515
2026-04-01 09:30:00,53.5,53.68,53.46,53.68,921
2026-04-01 09:40:00,53.43,53.44,53.43,53.44,200
2026-04-01 10:00:00,53.23,53.25,53.23,53.25,200
2026-04-01 11:35:00,53.635,53.635,53.635,53.635,136
2026-04-01 13:25:00,53.6933,53.6933,53.6933,53.6933,100
2026-04-01 13:40:00,53.6702,53.671,53.67,53.67,1300
2026-04-01 13:45:00,53.61,53.61,53.6,53.61,1902
2026-04-01 14:20:00,53.28,53.28,53.28,53.28,300
2026-04-01 15:30:00,53.46,53.46,53.46,53.46,400
2026-04-01 15:35:00,53.4,53.4,53.4,53.4,300
2026-04-01 09:30:00,53.5,53.68,53.46,53.68,921
2026-04-01 09:40:00,53.43,53.44,53.43,53.44,200
2026-04-01 10:00:00,53.23,53.25,53.23,53.25,200
2026-04-01 11:35:00,53.635,53.635,53.635,53.635,136
2026-04-01 13:25:00,53.6933,53.6933,53.6933,53.6933,100
2026-04-01 13:40:00,53.6702,53.671,53.67,53.67,1300
2026-04-01 13:45:00,53.61,53.61,53.6,53.61,1902
2026-04-01 14:20:00,53.28,53.28,53.28,53.28,300
2026-04-01 15:30:00,53.46,53.46,53.46,53.46,400
2026-04-01 15:35:00,53.4,53.4,53.4,53.4,300
2026-04-02 09:25:00,52.39,52.39,52.39,52.39,100
2026-04-02 09:45:00,52.09,52.09,52.09,52.09,100
2026-04-02 10:45:00,53.01,53.01,53.01,53.01,110
2026-04-02 11:30:00,52.93,52.93,52.93,52.93,109
2026-04-02 12:40:00,53.0499,53.0499,53.0499,53.0499,250
