2026-03-04 04:25:00,7.38,7.39,7.38,7.39,600
2026-03-04 06:10:00,7.51,7.51,7.51,7.51,400
2026-03-04 06:25:00,7.47,7.47,7.47,7.47,200
2026-03-04 06:35:00,7.31,7.31,7.31,7.31,374
2026-03-04 09:30:00,7.6754,7.6754,7.6754,7.6754,100
2026-03-04 12:55:00,8.88,8.88,8.88,8.88,700
2026-03-04 13:45:00,9.0,9.0,9.0,9.0,700
2026-03-04 15:55:00,9.028,9.03,9.028,9.03,241
2026-03-05 10:00:00,8.725,8.725,8.725,8.725,100
2026-03-05 10:05:00,8.64,8.64,8.64,8.64,100
2026-03-05 10:15:00,8.68,8.68,8.68,8.68,200
2026-03-05 11:30:00,8.21,8.21,8.21,8.21,100
2026-03-05 13:50:00,8.22,8.22,8.22,8.22,350
2026-03-05 14:35:00,8.24,8.24,8.22,8.22,200
2026-03-05 14:45:00,8.19,8.21,8.19,8.21,200
2026-03-05 14:50:00,8.2,8.2,8.2,8.2,100
2026-03-05 14:55:00,8.18,8.18,8.18,8.18,100
2026-03-05 15:50:00,8.25,8.25,8.25,8.25,100
2026-03-05 16:05:00,8.1,8.11,8.1,8.11,200
2026-03-05 18:20:00,8.3167,8.3167,8.3167,8.3167,124
2026-03-05 18:55:00,8.33,8.33,8.32,8.32,1452
2026-03-06 04:00:00,8.2,8.2,8.2,8.2,600
2026-03-06 09:30:00,7.9,7.9,7.865,7.865,413
2026-03-06 10:00:00,7.63,7.63,7.63,7.63,209
2026-03-06 10:55:00,7.9,7.9,7.9,7.9,400
2026-03-06 14:45:00,7.62,7.62,7.62,7.62,400
2026-03-09 04:00:00,7.28,7.41,7.28,7.41,223
2026-03-09 09:30:00,7.33,7.33,7.33,7.33,600
2026-03-09 10:30:00,6.95,6.95,6.85,6.85,485
2026-03-09 12:00:00,7.48,7.48,7.48,7.48,405
2026-03-09 12:35:00,7.59,7.59,7.59,7.59,405
2026-03-09 13:30:00,7.5037,7.5037,7.5037,7.5037,100
2026-03-10 08:00:00,7.79,7.79,7.79,7.79,100
2026-03-10 09:40:00,6.91,6.91,6.91,6.91,6536
2026-03-10 09:55:00,6.7106,6.79,6.7106,6.79,830
2026-03-10 10:00:00,6.8099,6.8099,6.7299,6.7299,200
2026-03-10 10:10:00,6.76,6.76,6.76,6.76,1291
2026-03-10 10:30:00,7.1,7.1,7.1,7.1,536
2026-03-10 10:35:00,7.19,7.19,7.19,7.19,500
2026-03-10 10:45:00,7.2,7.2,7.2,7.2,700
2026-03-10 10:50:00,7.18,7.18,7.18,7.18,600
2026-03-10 11:15:00,7.31,7.31,7.31,7.31,300
2026-03-10 11:20:00,7.19,7.19,7.17,7.17,3806
2026-03-10 17:20:00,7.07,7.17,7.07,7.1,6907
2026-03-10 17:35:00,7.0,7.0,7.0,7.0,221
2026-03-11 07:50:00,6.94,6.94,6.94,6.94,109
2026-03-11 09:50:00,6.82,6.82,6.82,6.82,314
2026-03-11 10:35:00,6.83,6.83,6.83,6.83,800
2026-03-11 10:50:00,6.9309,6.9309,6.9309,6.9309,219
2026-03-11 13:25:00,6.92,6.92,6.92,6.92,1900
2026-03-12 04:00:00,6.91,6.91,6.9,6.9,692
2026-03-12 04:05:00,6.9,6.91,6.9,6.91,1382
2026-03-12 10:10:00,7.09,7.09,7.09,7.09,690
2026-03-12 10:15:00,7.061,7.061,7.05,7.05,1382
2026-03-12 13:15:00,6.72,6.72,6.72,6.72,214
2026-03-12 13:25:00,6.721,6.721,6.721,6.721,185
2026-03-12 14:05:00,6.6201,6.65,6.62,6.65,15318
2026-03-13 06:15:00,6.79,6.79,6.79,6.79,700
2026-03-13 06:20:00,6.79,6.8,6.79,6.8,1140
2026-03-13 08:00:00,6.8,6.8,6.8,6.8,301
2026-03-13 10:30:00,6.91,6.91,6.91,6.91,600
2026-03-13 10:50:00,6.94,6.94,6.94,6.94,100
2026-03-13 11:10:00,6.8399,6.8399,6.8399,6.8399,700
