2026-03-04 06:15:00,61.31,61.31,61.31,61.31,110.0
2026-03-04 07:50:00,61.52,61.9,61.52,61.9,3150.0
2026-03-04 08:25:00,61.9,61.9,61.9,61.9,1605.0
2026-03-04 09:00:00,61.6,61.6,61.47,61.47,2968.0
2026-03-04 09:30:00,61.58,61.58,61.38,61.4,16264.0
2026-03-04 09:35:00,61.4,61.4,61.11,61.22,4555.0
2026-03-04 09:40:00,61.01,61.095,61.0,61.0,2095.0
2026-03-04 09:45:00,61.0,61.15,60.83,60.83,1181.0
2026-03-04 09:50:00,60.92,60.95,60.83,60.83,1117.0
2026-03-04 09:55:00,60.8564,60.925,60.83,60.85,1308.0
2026-03-04 10:00:00,61.01,61.05,60.87,60.87,3460.0
2026-03-04 10:05:00,60.94,61.12,60.81,61.12,4835.0
2026-03-04 10:10:00,61.07,61.14,60.81,60.9671,2337.0
2026-03-04 10:15:00,61.0499,61.15,61.0,61.15,1356.0
2026-03-04 10:20:00,61.21,61.265,61.21,61.265,900.0
2026-03-04 10:25:00,61.373,61.59,61.27,61.59,3553.0
2026-03-04 10:30:00,61.385,61.5,61.385,61.4955,2636.0
2026-03-04 10:35:00,61.465,61.465,61.41,61.41,658.0
2026-03-04 10:40:00,61.38,61.38,61.2501,61.36,1004.0
2026-03-04 10:45:00,61.295,61.318,61.09,61.19,5397.0
2026-03-04 10:50:00,61.18,61.3499,61.15,61.29,4504.0
2026-03-04 10:55:00,61.3,61.45,61.28,61.4187,1660.0
2026-03-04 11:00:00,61.49,61.54,61.4172,61.47,1686.0
2026-03-04 11:05:00,61.45,61.52,61.4,61.4,1665.0
2026-03-04 11:10:00,61.41,61.47,61.38,61.38,1060.0
2026-03-04 11:15:00,61.305,61.31,61.281,61.281,828.0
2026-03-04 11:20:00,61.2,61.215,61.2,61.2099,1854.0
2026-03-04 11:25:00,61.19,61.34,61.19,61.225,1263.0
2026-03-04 11:35:00,61.235,61.235,61.235,61.235,103.0
2026-03-04 11:40:00,61.225,61.24,61.225,61.24,691.0
2026-03-04 11:45:00,61.255,61.255,61.2,61.2,438.0
2026-03-04 11:50:00,61.25,61.29,61.24,61.29,1004.0
2026-03-04 11:55:00,61.285,61.34,61.2765,61.2765,1150.0
2026-03-04 12:00:00,61.38,61.38,61.21,61.33,1721.0
2026-03-04 12:05:00,61.33,61.42,61.33,61.335,2658.0
2026-03-04 12:10:00,61.31,61.3113,61.31,61.3113,300.0
2026-03-04 12:15:00,61.385,61.4,61.385,61.4,310.0
2026-03-04 12:20:00,61.32,61.35,61.23,61.33,1436.0
2026-03-04 12:25:00,61.3,61.3,61.26,61.26,481.0
2026-03-04 12:30:00,61.275,61.275,61.18,61.26,1038.0
2026-03-04 12:35:00,61.35,61.35,61.35,61.35,548.0
2026-03-04 12:40:00,61.22,61.22,61.22,61.22,100.0
2026-03-04 12:45:00,61.1901,61.1901,61.19,61.19,1111.0
2026-03-04 12:50:00,61.35,61.35,61.25,61.25,419.0
2026-03-04 12:55:00,61.34,61.34,61.34,61.34,325.0
2026-03-04 13:00:00,61.3275,61.3275,61.18,61.18,1070.0
2026-03-04 13:05:00,61.25,61.25,61.18,61.22,600.0
2026-03-04 13:10:00,61.16,61.17,61.0749,61.0749,855.0
2026-03-04 13:15:00,61.06,61.12,61.06,61.11,2217.0
2026-03-04 13:20:00,61.02,61.02,60.98,60.98,1200.0
2026-03-04 13:25:00,61.05,61.17,61.05,61.17,363.0
2026-03-04 13:35:00,61.16,61.19,61.12,61.18,14460.0
2026-03-04 13:40:00,61.18,61.22,61.165,61.22,7850.0
2026-03-04 13:45:00,61.2,61.32,61.2,61.26,450.0
2026-03-04 13:50:00,61.19,61.2,61.19,61.195,1429.0
2026-03-04 13:55:00,61.205,61.205,61.17,61.18,700.0
2026-03-04 14:00:00,61.26,61.33,61.26,61.33,3572.0
2026-03-04 14:05:00,61.33,61.38,61.31,61.31,7161.0
2026-03-04 14:10:00,61.33,61.37,61.31,61.37,8228.0
2026-03-04 14:15:00,61.38,61.39,61.3399,61.355,2539.0
2026-03-04 14:20:00,61.34,61.34,61.32,61.34,300.0
2026-03-04 14:25:00,61.31,61.33,61.31,61.3225,1297.0
2026-03-04 14:30:00,61.35,61.39,61.3254,61.33,6625.0
2026-03-04 14:35:00,61.35,61.35,61.35,61.35,400.0
2026-03-04 14:40:00,61.39,61.39,61.36,61.36,400.0
2026-03-04 14:45:00,61.36,61.39,61.35,61.39,1522.0
2026-03-04 14:50:00,61.41,61.4299,61.36,61.395,1156.0
2026-03-04 14:55:00,61.42,61.4792,61.36,61.4792,1271.0
2026-03-04 15:00:00,61.4799,61.4799,61.43,61.43,1756.0
2026-03-04 15:05:00,61.43,61.43,61.4,61.4,1202.0
2026-03-04 15:10:00,61.39,61.407,61.385,61.39,2350.0
2026-03-04 15:20:00,61.4,61.41,61.36,61.36,650.0
2026-03-04 15:25:00,61.49,61.51,61.39,61.44,38581.0
2026-03-04 15:30:00,61.435,61.435,61.37,61.41,9506.0
2026-03-04 15:35:00,61.38,61.41,61.37,61.37,18650.0
2026-03-04 15:40:00,61.37,61.425,61.37,61.41,14529.0
2026-03-04 15:45:00,61.41,61.4325,61.385,61.385,10057.0
2026-03-04 15:50:00,61.35,61.36,61.29,61.315,954.0
2026-03-04 15:55:00,61.31,61.32,61.195,61.2,5486.0
2026-03-04 16:00:00,61.23,61.23,61.23,61.23,3835.0
2026-03-05 06:00:00,61.75,62.8,61.75,62.27,1015.0
2026-03-05 06:30:00,61.3,61.3,61.3,61.3,467.0
2026-03-05 06:50:00,61.28,61.28,61.28,61.28,104.0
2026-03-05 08:00:00,60.93,60.93,60.93,60.93,879.0
2026-03-05 08:20:00,60.5841,60.5841,60.5841,60.5841,300.0
2026-03-05 08:55:00,60.7,60.7,60.64,60.64,400.0
2026-03-05 09:00:00,60.63,60.64,60.5,60.55,1776.0
2026-03-05 09:10:00,61.49,61.49,61.49,61.49,150.0
2026-03-05 09:15:00,60.09,60.09,60.09,60.09,100.0
2026-03-05 09:30:00,60.13,60.13,59.47,59.94,20185.0
2026-03-05 09:35:00,59.97,60.0,59.655,59.68,5551.0
2026-03-05 09:40:00,59.67,59.69,59.32,59.37,6421.0
2026-03-05 09:45:00,59.345,59.64,59.28,59.53,30930.0
2026-03-05 09:50:00,59.485,59.67,59.485,59.59,1401.0
2026-03-05 09:55:00,59.77,59.79,59.71,59.7101,1412.0
2026-03-05 10:00:00,59.84,59.96,59.84,59.84,1669.0
2026-03-05 10:05:00,59.73,59.73,59.4,59.5,2490.0
2026-03-05 10:10:00,59.51,59.57,59.42,59.57,3939.0
2026-03-05 10:15:00,59.5434,59.59,59.5434,59.57,700.0
2026-03-05 10:20:00,59.495,59.57,59.3,59.3,3304.0
2026-03-05 10:25:00,59.34,59.38,59.295,59.32,3205.0
2026-03-05 10:30:00,59.32,59.38,59.2,59.29,3670.0
2026-03-05 10:35:00,59.2896,59.39,59.2,59.39,2133.0
2026-03-05 10:40:00,59.3,59.3,59.21,59.21,1362.0
2026-03-05 10:45:00,59.2799,59.2799,59.11,59.19,5699.0
2026-03-05 10:50:00,59.19,59.29,59.19,59.221,2633.0
2026-03-05 10:55:00,59.26,59.27,59.1801,59.24,2200.0
2026-03-05 11:00:00,59.29,59.3,59.15,59.15,1067.0
2026-03-05 11:05:00,58.86,58.86,58.6,58.6,3885.0
2026-03-05 11:10:00,58.55,58.71,58.55,58.63,3273.0
2026-03-05 11:15:00,58.7446,58.75,58.6,58.65,1185.0
2026-03-05 11:20:00,58.62,58.66,58.46,58.46,5906.0
2026-03-05 11:25:00,58.57,58.57,58.48,58.525,1600.0
2026-03-05 11:30:00,58.48,58.68,58.4664,58.6059,3488.0
2026-03-05 11:35:00,58.78,58.78,58.54,58.71,9532.0
2026-03-05 11:40:00,58.71,58.71,58.613,58.68,3270.0
2026-03-05 11:45:00,58.68,58.75,58.6717,58.6717,2606.0
2026-03-05 11:50:00,58.75,58.82,58.725,58.82,2688.0
2026-03-05 11:55:00,58.8,58.84,58.7468,58.7468,1205.0
2026-03-05 12:00:00,58.82,58.94,58.785,58.94,5212.0
2026-03-05 12:05:00,58.91,58.9699,58.74,58.8175,13200.0
2026-03-05 12:10:00,58.8225,58.825,58.7201,58.825,492.0
2026-03-05 12:15:00,58.71,58.725,58.7,58.725,1235.0
2026-03-05 12:20:00,58.735,58.74,58.64,58.74,10567.0
2026-03-05 12:25:00,58.73,58.73,58.6238,58.728,2628.0
2026-03-05 12:30:00,58.6991,58.6991,58.455,58.455,325.0
2026-03-05 12:35:00,58.345,58.455,58.345,58.455,1903.0
2026-03-05 12:40:00,58.46,58.46,58.11,58.245,92807.0
2026-03-05 12:45:00,58.25,58.33,58.15,58.215,8900.0
2026-03-05 12:50:00,58.28,58.31,58.15,58.175,33287.0
2026-03-05 12:55:00,58.13,58.2399,58.1,58.1,9719.0
2026-03-05 13:00:00,58.135,58.17,58.09,58.15,6601.0
2026-03-05 13:05:00,58.11,58.26,58.11,58.205,9450.0
2026-03-05 13:10:00,58.205,58.34,58.2,58.295,5037.0
2026-03-05 13:15:00,58.31,58.4,58.16,58.165,6100.0
2026-03-05 13:20:00,58.155,58.24,58.155,58.24,1400.0
2026-03-05 13:25:00,58.2899,58.2899,58.0272,58.1514,5301.0
2026-03-05 13:30:00,58.17,58.2,58.11,58.16,4705.0
2026-03-05 13:35:00,58.22,58.3325,58.205,58.32,1550.0
2026-03-05 13:40:00,58.33,58.395,58.3277,58.36,5427.0
2026-03-05 13:45:00,58.37,58.43,58.245,58.28,7808.0
2026-03-05 13:50:00,58.24,58.24,58.19,58.22,900.0
2026-03-05 13:55:00,58.2,58.22,58.19,58.22,700.0
2026-03-05 14:00:00,58.17,58.29,58.1201,58.24,4879.0
2026-03-05 14:05:00,58.29,58.325,58.24,58.245,2900.0
2026-03-05 14:10:00,58.25,58.3212,58.21,58.2843,2976.0
2026-03-05 14:15:00,58.31,58.31,58.2,58.28,14589.0
2026-03-05 14:20:00,58.32,58.3559,58.21,58.31,6936.0
2026-03-05 14:25:00,58.26,58.3,58.2,58.2,1404.0
2026-03-05 14:30:00,58.215,58.215,58.11,58.11,800.0
2026-03-05 14:35:00,58.07,58.12,58.05,58.11,1175.0
2026-03-05 14:40:00,58.16,58.22,58.0765,58.13,7810.0
2026-03-05 14:45:00,58.1,58.1776,58.09,58.1776,2109.0
2026-03-05 14:50:00,58.19,58.255,58.17,58.17,2600.0
2026-03-05 14:55:00,58.11,58.23,58.11,58.14,2100.0
2026-03-05 15:00:00,58.13,58.18,58.13,58.17,8472.0
2026-03-05 15:05:00,58.155,58.25,58.15,58.25,5314.0
2026-03-05 15:10:00,58.31,58.48,58.31,58.37,6015.0
2026-03-05 15:15:00,58.4399,58.56,58.42,58.5275,2514.0
2026-03-05 15:20:00,58.59,58.62,58.59,58.62,702.0
2026-03-05 15:25:00,58.7,58.71,58.595,58.595,1836.0
2026-03-05 15:30:00,58.6699,58.6699,58.57,58.63,761.0
2026-03-05 15:35:00,58.685,58.7007,58.66,58.67,1149.0
2026-03-05 15:40:00,58.61,58.72,58.6,58.64,4430.0
2026-03-05 15:45:00,58.6,58.675,58.53,58.675,12001.0
2026-03-05 15:50:00,58.68,58.81,58.62,58.81,10803.0
2026-03-05 15:55:00,58.745,58.96,58.71,58.91,19290.0
2026-03-05 16:00:00,58.79,58.79,58.79,58.79,5258.0
2026-03-05 17:35:00,58.82,58.82,58.82,58.82,1000.0
2026-03-06 06:40:00,58.73,58.73,58.73,58.73,100.0
2026-03-06 07:50:00,58.09,58.09,58.09,58.09,100.0
2026-03-06 08:40:00,58.11,58.11,58.11,58.11,100.0
2026-03-06 08:45:00,58.12,58.12,58.0,58.0,300.0
2026-03-06 09:00:00,57.8,57.8,57.5,57.5,1576.0
2026-03-06 09:25:00,57.8,57.8,57.23,57.23,200.0
2026-03-06 09:30:00,57.52,57.52,57.0009,57.345,30200.0
2026-03-06 09:35:00,57.29,57.4,56.99,57.0,18839.0
2026-03-06 09:40:00,57.0,57.14,56.91,56.9101,15118.0
2026-03-06 09:45:00,57.05,57.29,56.925,57.05,13282.0
2026-03-06 09:50:00,57.055,57.15,56.93,57.1022,9566.0
2026-03-06 09:55:00,57.095,57.14,56.97,57.14,53473.0
2026-03-06 10:00:00,57.23,57.5999,57.23,57.46,29782.0
2026-03-06 10:05:00,57.53,57.53,57.27,57.3602,2759.0
2026-03-06 10:10:00,57.235,57.5,57.235,57.5,3296.0
2026-03-06 10:15:00,57.49,57.7299,57.49,57.6301,4882.0
2026-03-06 10:20:00,57.7,57.93,57.7,57.93,6159.0
2026-03-06 10:25:00,57.8,57.86,57.735,57.8,1754.0
2026-03-06 10:30:00,57.795,57.89,57.795,57.889,1629.0
2026-03-06 10:35:00,57.85,57.9,57.85,57.9,650.0
2026-03-06 10:40:00,57.855,57.88,57.64,57.7,3130.0
2026-03-06 10:45:00,57.75,57.75,57.615,57.64,3138.0
2026-03-06 10:50:00,57.612,57.612,57.425,57.51,2125.0
2026-03-06 10:55:00,57.58,57.71,57.56,57.56,1568.0
2026-03-06 11:00:00,57.61,57.7699,57.5701,57.7699,3809.0
2026-03-06 11:05:00,57.72,57.76,57.57,57.62,4531.0
2026-03-06 11:10:00,57.58,57.58,57.44,57.49,1046.0
2026-03-06 11:15:00,57.53,57.7,57.53,57.7,6930.0
2026-03-06 11:20:00,57.62,57.67,57.515,57.55,2287.0
2026-03-06 11:25:00,57.5951,57.615,57.51,57.595,2957.0
2026-03-06 11:30:00,57.6,57.64,57.51,57.59,3473.0
2026-03-06 11:35:00,57.65,57.79,57.65,57.715,3259.0
2026-03-06 11:40:00,57.65,57.729,57.65,57.65,3897.0
2026-03-06 11:45:00,57.64,57.84,57.64,57.74,65252.0
2026-03-06 11:50:00,57.74,57.82,57.69,57.69,4481.0
2026-03-06 11:55:00,57.67,57.67,57.5001,57.61,8226.0
2026-03-06 12:00:00,57.61,57.64,57.54,57.64,8525.0
2026-03-06 12:05:00,57.58,57.59,57.455,57.455,3883.0
2026-03-06 12:10:00,57.49,57.55,57.47,57.48,3811.0
2026-03-06 12:15:00,57.5388,57.55,57.46,57.55,4454.0
2026-03-06 12:20:00,57.555,57.6092,57.555,57.58,12326.0
2026-03-06 12:25:00,57.55,57.56,57.46,57.55,15062.0
2026-03-06 12:30:00,57.56,57.7,57.55,57.62,4661.0
2026-03-06 12:35:00,57.59,57.59,57.42,57.465,7922.0
2026-03-06 12:40:00,57.465,57.465,57.39,57.42,5675.0
2026-03-06 12:45:00,57.43,57.48,57.43,57.48,720.0
2026-03-06 12:50:00,57.525,57.58,57.5,57.51,5071.0
2026-03-06 12:55:00,57.5,57.59,57.49,57.535,1900.0
2026-03-06 13:00:00,57.53,57.6532,57.53,57.56,4096.0
2026-03-06 13:05:00,57.61,57.66,57.585,57.66,745.0
2026-03-06 13:10:00,57.75,57.865,57.75,57.865,1172.0
2026-03-06 13:15:00,57.84,57.88,57.8,57.83,4400.0
2026-03-06 13:20:00,57.87,57.87,57.77,57.81,1767.0
2026-03-06 13:25:00,57.8,57.8,57.695,57.74,2805.0
2026-03-06 13:30:00,57.84,57.85,57.815,57.82,1240.0
2026-03-06 13:35:00,57.79,57.79,57.7,57.7159,3220.0
2026-03-06 13:40:00,57.7,57.815,57.7,57.815,3400.0
2026-03-06 13:45:00,57.8,57.805,57.71,57.715,1465.0
2026-03-06 13:50:00,57.68,57.68,57.59,57.59,6103.0
2026-03-06 13:55:00,57.6196,57.64,57.605,57.64,2199.0
2026-03-06 14:00:00,57.64,57.64,57.6,57.6,2395.0
2026-03-06 14:05:00,57.58,57.6406,57.56,57.6363,5267.0
2026-03-06 14:10:00,57.63,57.67,57.63,57.67,4027.0
2026-03-06 14:15:00,57.72,57.73,57.63,57.73,6027.0
2026-03-06 14:20:00,57.73,57.73,57.56,57.5601,3443.0
2026-03-06 14:25:00,57.56,57.6,57.51,57.6,1586.0
2026-03-06 14:30:00,57.64,57.68,57.59,57.67,6410.0
2026-03-06 14:35:00,57.61,57.64,57.48,57.53,4088.0
2026-03-06 14:40:00,57.62,57.63,57.5,57.5,8990.0
2026-03-06 14:45:00,57.5792,57.5792,57.49,57.515,5685.0
2026-03-06 14:50:00,57.515,57.56,57.49,57.54,7308.0
2026-03-06 14:55:00,57.54,57.54,57.52,57.53,2660.0
2026-03-06 15:00:00,57.53,57.63,57.53,57.6,13216.0
2026-03-06 15:05:00,57.595,57.6399,57.57,57.57,4477.0
2026-03-06 15:10:00,57.57,57.58,57.49,57.54,8792.0
2026-03-06 15:15:00,57.5,57.565,57.5,57.51,4181.0
2026-03-06 15:20:00,57.45,57.45,57.37,57.38,9339.0
2026-03-06 15:25:00,57.37,57.37,57.26,57.3,5631.0
2026-03-06 15:30:00,57.28,57.305,57.235,57.235,21011.0
2026-03-06 15:35:00,57.23,57.25,57.16,57.25,6984.0
2026-03-06 15:40:00,57.26,57.36,57.26,57.29,4796.0
2026-03-06 15:45:00,57.29,57.375,57.27,57.37,3386.0
2026-03-06 15:50:00,57.37,57.41,57.25,57.385,237563.0
2026-03-06 15:55:00,57.35,57.46,57.325,57.34,17375.0
2026-03-06 16:00:00,57.37,57.37,57.37,57.37,4109.0
2026-03-09 07:55:00,55.91,55.91,55.86,55.86,200.0
2026-03-09 08:00:00,57.0,57.0,55.917,56.94,600.0
2026-03-09 08:05:00,55.86,55.86,55.86,55.86,100.0
2026-03-09 08:15:00,54.0,55.55,54.0,55.55,200.0
2026-03-09 09:00:00,55.83,55.83,55.83,55.83,100.0
2026-03-09 09:30:00,55.73,56.27,55.72,56.185,67641.0
2026-03-09 09:35:00,56.26,56.29,55.9501,56.02,10275.0
2026-03-09 09:40:00,56.02,56.02,55.67,55.83,111249.0
2026-03-09 09:45:00,55.79,55.84,55.64,55.66,15067.0
2026-03-09 09:50:00,55.63,55.67,55.36,55.45,21420.0
2026-03-09 09:55:00,55.45,55.72,55.4,55.72,32188.0
2026-03-09 10:00:00,55.67,55.905,55.65,55.88,83082.0
2026-03-09 10:05:00,55.9,55.915,55.39,55.48,26898.0
2026-03-09 10:10:00,55.42,55.505,55.25,55.505,19320.0
2026-03-09 10:15:00,55.43,55.7,55.41,55.68,16424.0
2026-03-09 10:20:00,55.62,55.92,55.57,55.92,8145.0
2026-03-09 10:25:00,55.95,55.95,55.7,55.83,10442.0
2026-03-09 10:30:00,55.86,55.92,55.821,55.91,3858.0
2026-03-09 10:35:00,55.88,55.975,55.85,55.9725,6102.0
2026-03-09 10:40:00,55.95,56.08,55.9,56.08,8428.0
2026-03-09 10:45:00,56.04,56.1,55.94,56.055,3540.0
2026-03-09 10:50:00,56.02,56.1,55.97,56.035,2619.0
2026-03-09 10:55:00,56.04,56.04,55.92,56.02,6652.0
2026-03-09 11:00:00,56.015,56.17,56.015,56.17,3042.0
2026-03-09 11:05:00,56.14,56.14,56.08,56.08,1504.0
2026-03-09 11:10:00,56.065,56.17,56.065,56.12,1159.0
2026-03-09 11:15:00,56.17,56.27,56.12,56.185,2775.0
2026-03-09 11:20:00,56.18,56.3,56.18,56.27,3308.0
2026-03-09 11:25:00,56.24,56.38,56.24,56.38,6022.0
2026-03-09 11:30:00,56.36,56.36,56.29,56.31,883.0
2026-03-09 11:35:00,56.255,56.37,56.21,56.22,6147.0
2026-03-09 11:40:00,56.21,56.24,56.19,56.24,1524.0
2026-03-09 11:45:00,56.21,56.38,56.2,56.29,12217.0
2026-03-09 11:50:00,56.27,56.37,56.24,56.34,1378.0
2026-03-09 11:55:00,56.395,56.47,56.38,56.38,1946.0
2026-03-09 12:00:00,56.39,56.57,56.38,56.57,1572.0
2026-03-09 12:05:00,56.605,56.605,56.605,56.605,200.0
2026-03-09 12:10:00,56.62,56.62,56.62,56.62,104.0
2026-03-09 12:15:00,56.5101,56.52,56.45,56.48,2738.0
2026-03-09 12:20:00,56.43,56.57,56.42,56.57,1663.0
2026-03-09 12:25:00,56.7159,56.725,56.62,56.62,1199.0
2026-03-09 12:30:00,56.6248,56.646,56.585,56.585,2645.0
2026-03-09 12:40:00,56.67,56.75,56.67,56.75,3284.0
2026-03-09 12:45:00,56.79,56.79,56.73,56.73,1136.0
2026-03-09 12:50:00,56.73,56.77,56.72,56.74,3605.0
2026-03-09 12:55:00,56.76,56.76,56.69,56.72,2227.0
2026-03-09 13:00:00,56.86,56.86,56.66,56.71,900.0
2026-03-09 13:05:00,56.67,56.7261,56.66,56.66,1313.0
2026-03-09 13:10:00,56.62,56.72,56.61,56.67,148769.0
2026-03-09 13:15:00,56.7056,56.7056,56.63,56.64,4486.0
2026-03-09 13:20:00,56.58,56.59,56.53,56.59,1238.0
2026-03-09 13:25:00,56.53,56.53,56.47,56.47,2636.0
2026-03-09 13:30:00,56.55,56.58,56.51,56.5415,2194.0
2026-03-09 13:35:00,56.545,56.545,56.49,56.49,5883.0
2026-03-09 13:40:00,56.45,56.56,56.42,56.52,98529.0
2026-03-09 13:45:00,56.52,56.55,56.49,56.49,1050.0
2026-03-09 13:55:00,56.535,56.57,56.49,56.555,6894.0
2026-03-09 14:00:00,56.54,56.56,56.535,56.5599,2619.0
2026-03-09 14:05:00,56.535,56.61,56.53,56.6,58483.0
2026-03-09 14:10:00,56.61,56.7,56.61,56.7,1580.0
2026-03-09 14:15:00,56.71,56.76,56.71,56.76,2892.0
2026-03-09 14:20:00,56.76,56.815,56.755,56.815,1049.0
2026-03-09 14:25:00,56.756,56.8599,56.75,56.7832,3702.0
2026-03-09 14:30:00,56.7714,56.83,56.77,56.79,1987.0
2026-03-09 14:35:00,56.83,56.83,56.8,56.821,2295.0
2026-03-09 14:40:00,56.82,56.84,56.82,56.84,1366.0
2026-03-09 14:45:00,56.84,56.84,56.82,56.84,400.0
2026-03-09 14:50:00,56.81,56.9,56.81,56.8201,5757.0
2026-03-09 14:55:00,56.87,56.9,56.83,56.83,5082.0
2026-03-09 15:00:00,56.83,57.0,56.83,56.99,5486.0
2026-03-09 15:05:00,56.96,57.0,56.96,57.0,1902.0
2026-03-09 15:10:00,57.04,57.09,57.04,57.06,2583.0
2026-03-09 15:15:00,57.06,57.3,57.03,57.3,3062.0
2026-03-09 15:20:00,57.35,57.78,57.35,57.65,17043.0
2026-03-09 15:25:00,57.84,57.93,57.82,57.93,946.0
2026-03-09 15:30:00,57.94,58.04,57.77,58.04,5254.0
2026-03-09 15:35:00,58.07,58.16,57.96,58.16,6900.0
2026-03-09 15:40:00,58.1,58.1,57.96,58.09,5768.0
2026-03-09 15:45:00,57.9975,58.04,57.8819,57.92,4310.0
2026-03-09 15:50:00,57.97,57.98,57.85,57.86,4816.0
2026-03-09 15:55:00,57.85,58.07,57.85,58.07,27973.0
2026-03-09 16:00:00,58.01,58.01,58.01,58.01,1752.0
2026-03-09 16:10:00,58.04,58.04,58.04,58.04,100.0
2026-03-09 19:05:00,57.39,57.39,57.2,57.2,286.0
2026-03-10 04:45:00,58.8,58.8,58.8,58.8,100.0
2026-03-10 08:00:00,58.17,58.17,58.17,58.17,917.0
2026-03-10 08:20:00,58.23,58.23,58.23,58.23,100.0
2026-03-10 09:30:00,58.77,58.96,58.515,58.775,7870.0
2026-03-10 09:35:00,58.735,58.8579,58.735,58.8579,1356.0
2026-03-10 09:40:00,58.765,58.765,58.59,58.74,1950.0
2026-03-10 09:45:00,58.585,58.7359,58.585,58.7359,317.0
2026-03-10 09:50:00,58.78,58.79,58.77,58.79,685.0
2026-03-10 09:55:00,58.8022,58.84,58.705,58.7175,25301.0
2026-03-10 10:00:00,58.8,58.84,58.64,58.795,11760.0
2026-03-10 10:05:00,58.78,58.92,58.64,58.7,16985.0
2026-03-10 10:10:00,58.52,58.805,58.52,58.805,400.0
2026-03-10 10:15:00,58.76,58.8,58.76,58.8,1094.0
2026-03-10 10:20:00,58.87,58.99,58.87,58.975,961.0
2026-03-10 10:25:00,58.94,58.94,58.94,58.94,100.0
2026-03-10 10:30:00,59.05,59.19,59.03,59.03,2765.0
2026-03-10 10:35:00,59.08,59.25,59.08,59.25,2900.0
2026-03-10 10:40:00,59.1,59.27,59.1,59.2075,1628.0
2026-03-10 10:45:00,59.28,59.3,59.17,59.2675,3553.0
2026-03-10 10:50:00,59.3094,59.3094,59.25,59.25,1200.0
2026-03-10 10:55:00,59.34,59.35,59.34,59.35,300.0
2026-03-10 11:00:00,59.455,59.4899,59.379,59.4899,845.0
2026-03-10 11:05:00,59.46,59.47,59.335,59.35,6119.0
2026-03-10 11:10:00,59.33,59.41,59.32,59.4,1017.0
2026-03-10 11:20:00,59.48,59.55,59.42,59.42,1674.0
2026-03-10 11:25:00,59.42,59.48,59.416,59.48,1135.0
2026-03-10 11:30:00,59.45,59.45,59.435,59.435,1175.0
2026-03-10 11:35:00,59.4595,59.465,59.44,59.465,1671.0
2026-03-10 11:40:00,59.53,59.6,59.53,59.596,900.0
2026-03-10 11:45:00,59.57,59.57,59.57,59.57,1500.0
2026-03-10 11:50:00,59.48,59.49,59.4641,59.4641,300.0
2026-03-10 11:55:00,59.4115,59.45,59.4115,59.44,1612.0
2026-03-10 12:00:00,59.425,59.445,59.33,59.33,5627.0
2026-03-10 12:05:00,59.215,59.265,59.215,59.265,1141.0
2026-03-10 12:10:00,59.3,59.3589,59.3,59.3589,758.0
2026-03-10 12:15:00,59.35,59.3502,59.35,59.3502,630.0
2026-03-10 12:20:00,59.35,59.35,59.35,59.35,100.0
2026-03-10 12:25:00,59.3399,59.34,59.31,59.31,754.0
2026-03-10 12:30:00,59.3,59.35,59.3,59.35,8489.0
2026-03-10 12:35:00,59.4515,59.5,59.45,59.475,2873.0
2026-03-10 12:40:00,59.43,59.4888,59.42,59.48,708.0
2026-03-10 12:45:00,59.47,59.47,59.345,59.345,973.0
2026-03-10 12:50:00,59.4,59.5,59.4,59.485,1425.0
2026-03-10 12:55:00,59.495,59.5618,59.495,59.5618,267.0
2026-03-10 13:00:00,59.61,59.655,59.61,59.63,1426.0
2026-03-10 13:05:00,59.67,59.76,59.67,59.76,1691.0
2026-03-10 13:10:00,59.78,59.78,59.71,59.72,1067.0
2026-03-10 13:15:00,59.7599,59.79,59.74,59.79,1908.0
2026-03-10 13:20:00,59.78,59.82,59.78,59.82,1236.0
2026-03-10 13:25:00,59.795,59.9,59.795,59.9,3026.0
2026-03-10 13:30:00,59.89,59.9,59.86,59.87,1362.0
2026-03-10 13:35:00,59.73,59.73,59.55,59.62,2335.0
2026-03-10 13:40:00,59.58,59.62,59.58,59.62,4052.0
2026-03-10 13:45:00,59.62,59.71,59.62,59.71,800.0
2026-03-10 13:50:00,59.695,59.7,59.65,59.65,2888.0
2026-03-10 13:55:00,59.61,59.6499,59.555,59.555,1399.0
2026-03-10 14:00:00,59.555,59.555,59.52,59.52,450.0
2026-03-10 14:05:00,59.58,59.58,59.51,59.51,7915.0
2026-03-10 14:10:00,59.4891,59.53,59.31,59.31,4969.0
2026-03-10 14:15:00,59.24,59.31,59.0,59.0,4035.0
2026-03-10 14:20:00,59.0265,59.11,58.9,59.11,2286.0
2026-03-10 14:25:00,59.07,59.2399,59.07,59.2399,768.0
2026-03-10 14:30:00,59.22,59.22,59.12,59.205,783.0
2026-03-10 14:35:00,59.12,59.2999,59.055,59.21,3480.0
2026-03-10 14:40:00,59.14,59.15,59.03,59.07,3095.0
2026-03-10 14:45:00,59.01,59.11,58.95,59.0,15252.0
2026-03-10 14:50:00,59.08,59.18,59.04,59.04,550.0
2026-03-10 14:55:00,58.99,59.11,58.99,59.11,1297.0
2026-03-10 15:00:00,58.98,59.06,58.95,59.04,2561.0
2026-03-10 15:05:00,59.025,59.11,59.01,59.11,1381.0
2026-03-10 15:10:00,59.04,59.1,58.98,59.1,2233.0
2026-03-10 15:15:00,59.07,59.13,59.07,59.13,800.0
2026-03-10 15:20:00,59.1,59.1,59.065,59.065,400.0
2026-03-10 15:25:00,59.06,59.06,58.9,58.92,3434.0
2026-03-10 15:30:00,58.94,58.97,58.83,58.83,2100.0
2026-03-10 15:35:00,58.89,58.92,58.8117,58.92,5041.0
2026-03-10 15:40:00,58.95,59.02,58.91,58.92,2282.0
2026-03-10 15:45:00,58.92,58.96,58.81,58.81,3776.0
2026-03-10 15:50:00,58.84,58.91,58.815,58.91,2953.0
2026-03-10 15:55:00,58.94,58.94,58.72,58.84,10155.0
2026-03-10 16:00:00,58.77,58.77,58.77,58.77,2532.0
2026-03-10 16:10:00,59.2,59.2,59.2,59.2,200.0
2026-03-10 16:40:00,59.8423,59.8423,59.8423,59.8423,500.0
2026-03-11 05:50:00,59.2,59.2,59.2,59.2,200.0
2026-03-11 09:30:00,58.47,58.5,58.2,58.25,19211.0
2026-03-11 09:35:00,58.28,58.28,58.0101,58.25,14324.0
2026-03-11 09:40:00,58.235,58.35,58.01,58.105,10794.0
2026-03-11 09:45:00,58.105,58.2,58.03,58.16,5678.0
2026-03-11 09:50:00,58.23,58.39,58.17,58.19,6785.0
2026-03-11 09:55:00,58.2374,58.51,58.2374,58.47,15035.0
2026-03-11 10:00:00,58.55,58.8894,58.5301,58.64,7147.0
2026-03-11 10:05:00,58.6,58.76,58.57,58.75,8626.0
2026-03-11 10:10:00,58.76,58.82,58.56,58.8,11586.0
2026-03-11 10:15:00,58.75,58.87,58.71,58.87,5309.0
2026-03-11 10:20:00,58.85,58.85,58.71,58.72,9296.0
2026-03-11 10:25:00,58.7285,58.887,58.6,58.887,7775.0
2026-03-11 10:30:00,58.82,58.82,58.79,58.79,2200.0
2026-03-11 10:35:00,58.93,59.0,58.93,59.0,1600.0
2026-03-11 10:40:00,59.015,59.15,58.98,59.055,2811.0
2026-03-11 10:45:00,58.98,59.1499,58.97,58.97,703.0
2026-03-11 10:50:00,59.01,59.0947,59.01,59.0947,762.0
2026-03-11 10:55:00,59.09,59.1182,59.09,59.1182,347.0
2026-03-11 11:00:00,59.12,59.1499,58.97,59.0499,598.0
2026-03-11 11:05:00,58.97,58.97,58.9111,58.9111,716.0
2026-03-11 11:10:00,58.85,58.85,58.85,58.85,117.0
2026-03-11 11:15:00,58.7761,58.7761,58.7,58.7,5150.0
2026-03-11 11:20:00,58.71,58.7599,58.62,58.63,1036.0
2026-03-11 11:25:00,58.76,58.7783,58.59,58.67,1752.0
2026-03-11 11:30:00,58.55,58.55,58.54,58.55,1883.0
2026-03-11 11:40:00,58.41,58.41,58.405,58.405,359.0
2026-03-11 11:45:00,58.35,58.385,58.31,58.31,2562.0
2026-03-11 11:50:00,58.4,58.54,58.4,58.54,400.0
2026-03-11 11:55:00,58.445,58.445,58.425,58.425,1435.0
2026-03-11 12:00:00,58.3,58.33,58.23,58.23,1070.0
2026-03-11 12:05:00,58.21,58.24,58.2,58.2,11799.0
2026-03-11 12:10:00,58.22,58.28,58.22,58.28,1000.0
2026-03-11 12:15:00,58.3884,58.3884,58.27,58.32,802.0
2026-03-11 12:20:00,58.2907,58.3,58.2001,58.3,561.0
2026-03-11 12:25:00,58.34,58.37,58.28,58.305,20187.0
2026-03-11 12:30:00,58.38,58.56,58.26,58.56,2712.0
2026-03-11 12:35:00,58.515,58.515,58.515,58.515,100.0
2026-03-11 12:40:00,58.55,58.55,58.53,58.54,2100.0
2026-03-11 12:45:00,58.57,58.58,58.51,58.51,700.0
2026-03-11 12:50:00,58.61,58.61,58.61,58.61,200.0
2026-03-11 13:00:00,58.7208,58.7208,58.7,58.7,923.0
2026-03-11 13:05:00,58.71,58.71,58.7,58.7,207.0
2026-03-11 13:10:00,58.705,58.79,58.67,58.79,420.0
2026-03-11 13:15:00,58.68,58.685,58.645,58.645,300.0
2026-03-11 13:20:00,58.58,58.61,58.58,58.61,1323.0
2026-03-11 13:25:00,58.65,58.65,58.56,58.56,200.0
2026-03-11 13:30:00,58.64,58.645,58.635,58.635,444.0
2026-03-11 13:35:00,58.56,58.56,58.25,58.335,2728.0
2026-03-11 13:40:00,58.4,58.4,58.345,58.345,1389.0
2026-03-11 13:50:00,58.34,58.41,58.34,58.41,2504.0
2026-03-11 13:55:00,58.33,58.38,58.31,58.355,1503.0
2026-03-11 14:10:00,58.3108,58.44,58.3108,58.44,2700.0
2026-03-11 14:15:00,58.38,58.54,58.38,58.52,608.0
2026-03-11 14:20:00,58.56,58.575,58.535,58.535,522.0
2026-03-11 14:25:00,58.6,58.635,58.6,58.635,300.0
2026-03-11 14:30:00,58.635,58.635,58.635,58.635,100.0
2026-03-11 14:35:00,58.653,58.73,58.653,58.73,700.0
2026-03-11 14:40:00,58.65,58.73,58.65,58.73,203.0
2026-03-11 14:45:00,58.65,58.65,58.65,58.65,425.0
2026-03-11 14:50:00,58.64,58.64,58.64,58.64,200.0
2026-03-11 14:55:00,58.605,58.605,58.605,58.605,100.0
2026-03-11 15:00:00,58.62,58.62,58.48,58.57,1230.0
2026-03-11 15:05:00,58.555,58.62,58.555,58.615,300.0
2026-03-11 15:10:00,58.56,58.56,58.505,58.505,657.0
2026-03-11 15:15:00,58.56,58.6,58.56,58.6,300.0
2026-03-11 15:20:00,58.585,58.63,58.585,58.585,903.0
2026-03-11 15:25:00,58.7,58.7,58.7,58.7,100.0
2026-03-11 15:30:00,58.68,58.71,58.65,58.71,512.0
2026-03-11 15:35:00,58.81,58.81,58.735,58.735,200.0
2026-03-11 15:40:00,58.78,58.78,58.775,58.775,600.0
2026-03-11 15:45:00,58.8,58.85,58.78,58.78,900.0
2026-03-11 15:50:00,58.78,58.85,58.78,58.82,3280.0
2026-03-11 15:55:00,58.79,58.87,58.785,58.86,5514.0
2026-03-11 16:00:00,58.78,58.78,58.78,58.78,2186.0
2026-03-11 17:45:00,58.79,58.79,58.79,58.79,100.0
2026-03-12 04:15:00,58.02,58.02,58.02,58.02,400.0
2026-03-12 07:00:00,58.67,58.67,58.67,58.67,172.0
2026-03-12 09:30:00,58.09,58.25,57.9132,58.04,12529.0
2026-03-12 09:35:00,58.03,58.125,57.85,57.85,6300.0
2026-03-12 09:40:00,57.85,57.96,57.71,57.82,10507.0
2026-03-12 09:45:00,57.7,57.8099,57.51,57.7539,4801.0
2026-03-12 09:50:00,57.75,57.88,57.52,57.52,7795.0
2026-03-12 09:55:00,57.53,57.66,57.37,57.45,8857.0
2026-03-12 10:00:00,57.545,57.74,57.5414,57.69,6809.0
2026-03-12 10:05:00,57.6001,57.7099,57.4701,57.55,6017.0
2026-03-12 10:10:00,57.61,57.6625,57.53,57.6625,8027.0
2026-03-12 10:15:00,57.68,57.685,57.43,57.52,7030.0
2026-03-12 10:20:00,57.51,57.51,57.35,57.36,13121.0
2026-03-12 10:25:00,57.4,57.41,57.23,57.23,3357.0
2026-03-12 10:30:00,57.22,57.37,57.22,57.3599,3005.0
2026-03-12 10:35:00,57.28,57.325,57.28,57.325,1250.0
2026-03-12 10:40:00,57.2991,57.3,57.205,57.3,480.0
2026-03-12 10:45:00,57.2219,57.535,57.18,57.18,1320.0
2026-03-12 10:50:00,57.2493,57.2493,57.14,57.2384,7282.0
2026-03-12 10:55:00,57.2375,57.2375,57.1301,57.15,1060.0
2026-03-12 11:00:00,57.16,57.1875,57.11,57.11,3494.0
2026-03-12 11:05:00,57.1,57.23,57.0,57.02,2255.0
2026-03-12 11:10:00,56.93,56.9301,56.825,56.86,9857.0
2026-03-12 11:15:00,56.98,57.06,56.88,56.94,3304.0
2026-03-12 11:20:00,56.94,57.0988,56.84,57.0988,4774.0
2026-03-12 11:25:00,57.21,57.27,57.0901,57.175,9304.0
2026-03-12 11:30:00,57.13,57.195,57.09,57.1,177783.0
2026-03-12 11:35:00,57.1,57.19,56.972,57.19,5100.0
2026-03-12 11:40:00,57.33,57.505,57.25,57.43,1628.0
2026-03-12 11:45:00,57.47,57.48,57.3,57.48,1100.0
2026-03-12 11:50:00,57.4575,57.598,57.3301,57.593,2755.0
2026-03-12 11:55:00,57.52,57.52,57.52,57.52,200.0
2026-03-12 12:00:00,57.535,57.535,57.44,57.53,725.0
2026-03-12 12:05:00,57.535,57.535,57.22,57.22,1600.0
2026-03-12 12:10:00,57.3,57.35,57.285,57.35,300.0
2026-03-12 12:15:00,57.49,57.49,57.3801,57.3801,700.0
2026-03-12 12:20:00,57.6208,57.72,57.59,57.59,730.0
2026-03-12 12:25:00,57.5,57.5,57.44,57.45,700.0
2026-03-12 12:30:00,57.46,57.515,57.46,57.515,200.0
2026-03-12 12:35:00,57.5,57.57,57.49,57.55,920.0
2026-03-12 12:40:00,57.57,57.63,57.5401,57.63,517.0
2026-03-12 12:45:00,57.635,57.635,57.4961,57.4961,422.0
2026-03-12 12:50:00,57.5,57.5,57.29,57.29,380206.0
2026-03-12 12:55:00,57.5,57.52,57.4,57.51,1220.0
2026-03-12 13:00:00,57.53,57.59,57.4401,57.59,4587.0
2026-03-12 13:05:00,57.6,57.685,57.56,57.565,31789.0
2026-03-12 13:10:00,57.61,57.69,57.54,57.54,7241.0
2026-03-12 13:15:00,57.5032,57.5032,57.49,57.49,4441.0
2026-03-12 13:20:00,57.43,57.48,57.43,57.465,935.0
2026-03-12 13:25:00,57.51,57.51,57.51,57.51,200.0
2026-03-12 13:30:00,57.475,57.475,57.44,57.44,328.0
2026-03-12 13:35:00,57.44,57.54,57.38,57.53,1622.0
2026-03-12 13:40:00,57.53,57.53,57.38,57.43,2449.0
2026-03-12 13:45:00,57.34,57.39,57.34,57.39,648.0
2026-03-12 13:50:00,57.4,57.4,57.4,57.4,115.0
2026-03-12 13:55:00,57.32,57.38,57.27,57.38,1300.0
2026-03-12 14:00:00,57.37,57.4301,57.37,57.4301,1149.0
2026-03-12 14:05:00,57.46,57.46,57.46,57.46,200.0
2026-03-12 14:10:00,57.5,57.5,57.47,57.49,5819.0
2026-03-12 14:15:00,57.52,57.535,57.45,57.45,2581.0
2026-03-12 14:20:00,57.42,57.4299,57.355,57.415,2765.0
2026-03-12 14:25:00,57.43,57.43,57.39,57.4,505.0
2026-03-12 14:30:00,57.395,57.49,57.395,57.43,1520.0
2026-03-12 14:35:00,57.4799,57.485,57.445,57.485,6873.0
2026-03-12 14:45:00,57.39,57.455,57.38,57.38,1115.0
2026-03-12 14:50:00,57.43,57.48,57.4201,57.45,460.0
2026-03-12 14:55:00,57.44,57.445,57.4,57.4,713.0
2026-03-12 15:00:00,57.44,57.44,57.31,57.31,450.0
2026-03-12 15:05:00,57.35,57.41,57.35,57.39,1224.0
2026-03-12 15:10:00,57.4,57.405,57.28,57.35,1635.0
2026-03-12 15:15:00,57.37,57.38,57.3051,57.335,1997.0
2026-03-12 15:20:00,57.3,57.38,57.295,57.38,5842.0
2026-03-12 15:25:00,57.32,57.37,57.32,57.37,8125.0
2026-03-12 15:30:00,57.38,57.435,57.37,57.435,1364.0
2026-03-12 15:35:00,57.46,57.47,57.4,57.435,1955.0
2026-03-12 15:40:00,57.435,57.435,57.32,57.35,5644.0
2026-03-12 15:45:00,57.2901,57.2901,57.21,57.21,3883.0
2026-03-12 15:50:00,57.255,57.29,57.23,57.28,3940.0
2026-03-12 15:55:00,57.28,57.33,57.1801,57.2114,87798.0
2026-03-12 16:00:00,57.25,57.25,57.25,57.25,2502.0
2026-03-13 04:00:00,57.25,57.25,57.25,57.25,100.0
2026-03-13 05:35:00,57.65,57.72,57.65,57.72,1000.0
2026-03-13 06:05:00,57.47,57.47,57.28,57.28,300.0
2026-03-13 06:10:00,57.4,57.4,57.37,57.39,331.0
2026-03-13 06:20:00,57.52,57.52,57.52,57.52,100.0
2026-03-13 08:00:00,57.01,57.01,57.01,57.01,453.0
2026-03-13 08:20:00,57.21,57.21,57.21,57.21,100.0
2026-03-13 08:55:00,57.39,57.39,57.39,57.39,100.0
2026-03-13 09:05:00,57.23,57.23,57.23,57.23,100.0
2026-03-13 09:30:00,56.98,57.04,56.8,56.8544,6761.0
2026-03-13 09:35:00,56.85,57.095,56.85,57.095,2177.0
2026-03-13 09:40:00,57.125,57.125,56.9,57.045,5898.0
2026-03-13 09:45:00,57.1965,57.1965,56.91,56.91,1107.0
2026-03-13 09:50:00,56.95,57.02,56.895,57.02,3371.0
2026-03-13 09:55:00,57.0,57.0,56.84,56.84,1748.0
2026-03-13 10:00:00,56.92,56.94,56.69,56.69,5961.0
2026-03-13 10:05:00,56.71,56.71,56.52,56.56,2362.0
2026-03-13 10:10:00,56.56,56.635,56.42,56.42,3075.0
2026-03-13 10:15:00,56.41,56.415,56.15,56.26,3067.0
2026-03-13 10:20:00,56.285,56.4,56.285,56.37,4348.0
2026-03-13 10:25:00,56.43,56.43,56.31,56.37,2025.0
2026-03-13 10:30:00,56.34,56.52,56.33,56.52,5759.0
2026-03-13 10:35:00,56.52,56.53,56.41,56.42,2899.0
2026-03-13 10:40:00,56.385,56.385,56.1501,56.19,5727.0
2026-03-13 10:45:00,56.15,56.23,56.11,56.16,3304.0
2026-03-13 10:50:00,56.2,56.2,56.05,56.09,2676.0
2026-03-13 10:55:00,56.0,56.0387,55.78,55.84,11852.0
2026-03-13 11:00:00,55.91,55.91,55.83,55.9,3370.0
2026-03-13 11:05:00,55.915,56.07,55.83,56.05,3534.0
2026-03-13 11:10:00,56.05,56.18,56.01,56.175,3230.0
2026-03-13 11:15:00,56.23,56.23,55.995,56.14,8877.0
2026-03-13 11:20:00,56.125,56.1852,56.1,56.1,1624.0
2026-03-13 11:25:00,55.92,55.96,55.86,55.9,2500.0
2026-03-13 11:30:00,55.87,55.94,55.86,55.93,3783.0
2026-03-13 11:35:00,55.95,55.95,55.8301,55.93,3702.0
2026-03-13 11:40:00,55.935,55.935,55.61,55.675,12074.0
2026-03-13 11:45:00,55.7015,55.855,55.665,55.855,10736.0
2026-03-13 11:50:00,55.785,55.785,55.6,55.725,13846.0
2026-03-13 11:55:00,55.7,55.7,55.64,55.66,2497.0
2026-03-13 12:00:00,55.63,55.72,55.61,55.69,8484.0
2026-03-13 12:05:00,55.665,55.705,55.565,55.69,8069.0
2026-03-13 12:10:00,55.68,55.68,55.59,55.61,2200.0
2026-03-13 12:15:00,55.605,55.63,55.5,55.52,13193.0
2026-03-13 12:20:00,55.545,55.65,55.545,55.6,3869.0
2026-03-13 12:25:00,55.585,55.59,55.5,55.59,4575.0
2026-03-13 12:30:00,55.575,55.68,55.575,55.615,6401.0
2026-03-13 12:35:00,55.64,55.71,55.605,55.71,2583.0
2026-03-13 12:40:00,55.67,55.68,55.645,55.68,2660.0
2026-03-13 12:45:00,55.65,55.65,55.53,55.61,2543.0
2026-03-13 12:50:00,55.665,55.8,55.665,55.8,3700.0
2026-03-13 12:55:00,55.78,55.78,55.64,55.66,3638.0
2026-03-13 13:00:00,55.66,55.695,55.6,55.635,2832.0
2026-03-13 13:05:00,55.61,55.695,55.61,55.69,4141.0
2026-03-13 13:10:00,55.68,55.74,55.62,55.74,3570.0
2026-03-13 13:15:00,55.75,55.84,55.75,55.76,2662.0
2026-03-13 13:20:00,55.785,55.795,55.71,55.75,2126.0
2026-03-13 13:25:00,55.75,55.75,55.63,55.725,3895.0
2026-03-13 13:30:00,55.73,55.735,55.63,55.71,2004.0
2026-03-13 13:35:00,55.63,55.705,55.62,55.66,3137.0
2026-03-13 13:40:00,55.635,55.665,55.57,55.665,3685.0
2026-03-13 13:45:00,55.6651,55.6651,55.52,55.53,3698.0
2026-03-13 13:50:00,55.48,55.575,55.48,55.54,2768.0
2026-03-13 13:55:00,55.555,55.565,55.44,55.47,4240.0
2026-03-13 14:00:00,55.44,55.535,55.41,55.535,8947.0
2026-03-13 14:05:00,55.535,55.5625,55.46,55.53,3964.0
2026-03-13 14:10:00,55.55,55.55,55.42,55.46,13181.0
2026-03-13 14:15:00,55.51,55.66,55.44,55.44,3758.0
2026-03-13 14:20:00,55.45,55.455,55.39,55.445,4799.0
2026-03-13 14:25:00,55.46,55.47,55.42,55.465,3245.0
2026-03-13 14:30:00,55.46,55.585,55.46,55.58,3423.0
2026-03-13 14:35:00,55.57,55.655,55.5217,55.58,7205.0
2026-03-13 14:40:00,55.58,55.71,55.58,55.665,3881.0
2026-03-13 14:45:00,55.665,55.685,55.61,55.685,4364.0
2026-03-13 14:50:00,55.63,55.695,55.63,55.695,3850.0
2026-03-13 14:55:00,55.67,55.67,55.585,55.64,4768.0
2026-03-13 15:00:00,55.6,55.65,55.58,55.6,3740.0
2026-03-13 15:05:00,55.565,55.595,55.5615,55.595,2480.0
2026-03-13 15:10:00,55.59,55.62,55.51,55.56,3924.0
2026-03-13 15:15:00,55.56,55.585,55.5,55.545,2823.0
2026-03-13 15:20:00,55.51,55.52,55.4,55.465,87054.0
2026-03-13 15:25:00,55.45,55.455,55.38,55.4,10320.0
2026-03-13 15:30:00,55.52,55.52,55.42,55.45,4372.0
2026-03-13 15:35:00,55.45,55.455,55.35,55.38,15501.0
2026-03-13 15:40:00,55.36,55.375,55.29,55.36,21193.0
2026-03-13 15:45:00,55.37,55.37,55.3,55.305,14642.0
2026-03-13 15:50:00,55.31,55.33,55.23,55.3,31845.0
2026-03-13 15:55:00,55.29,55.51,55.29,55.33,52138.0
2026-03-13 16:00:00,55.36,55.36,55.36,55.36,6645.0
2026-03-16 08:20:00,55.61,55.61,55.61,55.61,200.0
2026-03-16 09:05:00,55.7,55.7,55.63,55.63,224.0
2026-03-16 09:30:00,56.02,56.32,56.02,56.14,33178.0
2026-03-16 09:35:00,56.3,56.64,56.265,56.62,15409.0
2026-03-16 09:40:00,56.52,56.63,56.47,56.54,5086.0
2026-03-16 09:45:00,56.54,56.7867,56.5,56.53,8201.0
2026-03-16 09:50:00,56.52,56.701,56.51,56.66,8564.0
2026-03-16 09:55:00,56.58,56.78,56.56,56.74,10771.0
2026-03-16 10:00:00,56.725,56.77,56.64,56.64,5300.0
2026-03-16 10:05:00,56.64,56.72,56.56,56.69,11993.0
2026-03-16 10:10:00,56.66,56.749,56.62,56.665,9294.0
2026-03-16 10:15:00,56.64,56.69,56.56,56.56,8480.0
2026-03-16 10:20:00,56.56,56.65,56.53,56.555,9082.0
2026-03-16 10:25:00,56.53,56.6,56.48,56.48,9467.0
2026-03-16 10:30:00,56.38,56.435,56.17,56.19,7217.0
2026-03-16 10:35:00,56.24,56.3889,56.19,56.2,7595.0
2026-03-16 10:40:00,56.275,56.275,56.1,56.2506,6440.0
2026-03-16 10:45:00,56.09,56.24,56.06,56.21,22869.0
2026-03-16 10:50:00,56.17,56.2611,56.13,56.21,6653.0
2026-03-16 10:55:00,56.22,56.37,56.22,56.34,29622.0
2026-03-16 11:00:00,56.35,56.38,56.3,56.31,11959.0
2026-03-16 11:05:00,56.32,56.32,56.19,56.23,7552.0
2026-03-16 11:10:00,56.2001,56.27,56.14,56.22,6951.0
2026-03-16 11:15:00,56.255,56.28,56.13,56.28,7273.0
2026-03-16 11:20:00,56.22,56.28,56.21,56.25,4900.0
2026-03-16 11:25:00,56.285,56.285,56.19,56.19,7936.0
2026-03-16 11:30:00,56.2,56.3,56.18,56.22,7705.0
2026-03-16 11:35:00,56.23,56.31,56.22,56.27,6799.0
2026-03-16 11:40:00,56.28,56.36,56.24,56.28,12052.0
2026-03-16 11:45:00,56.31,56.37,56.28,56.325,6558.0
2026-03-16 11:50:00,56.31,56.33,56.12,56.175,12236.0
2026-03-16 11:55:00,56.17,56.18,56.06,56.125,7481.0
2026-03-16 12:00:00,56.1,56.15,56.07,56.07,10822.0
2026-03-16 12:05:00,56.085,56.15,56.05,56.115,9357.0
2026-03-16 12:10:00,56.12,56.17,56.09,56.1,5803.0
2026-03-16 12:15:00,56.11,56.14,56.09,56.135,8399.0
2026-03-16 12:20:00,56.08,56.08,55.95,55.98,6707.0
2026-03-16 12:25:00,55.92,55.92,55.81,55.82,5500.0
2026-03-16 12:30:00,55.82,55.9486,55.78,55.825,7873.0
2026-03-16 12:35:00,55.79,55.89,55.78,55.89,7851.0
2026-03-16 12:40:00,55.87,56.02,55.87,56.0,65420.0
2026-03-16 12:45:00,56.0,56.01,55.88,55.99,7706.0
2026-03-16 12:50:00,55.965,56.06,55.92,55.99,6294.0
2026-03-16 12:55:00,55.98,56.06,55.93,55.93,7349.0
2026-03-16 13:00:00,55.92,56.08,55.9,55.99,7376.0
2026-03-16 13:05:00,56.0,56.0583,55.95,55.97,6394.0
2026-03-16 13:10:00,55.97,56.13,55.96,56.05,5442.0
2026-03-16 13:15:00,56.07,56.15,56.04,56.15,10376.0
2026-03-16 13:20:00,56.17,56.2,56.13,56.18,28713.0
2026-03-16 13:25:00,56.21,56.3,56.17,56.225,5337.0
2026-03-16 13:30:00,56.18,56.3,56.15,56.15,7500.0
2026-03-16 13:35:00,56.28,56.28,56.07,56.08,4764.0
2026-03-16 13:40:00,56.08,56.16,56.07,56.12,6070.0
2026-03-16 13:45:00,56.08,56.18,56.04,56.04,8426.0
2026-03-16 13:50:00,56.04,56.22,56.025,56.17,9528.0
2026-03-16 13:55:00,56.06,56.11,56.05,56.11,13880.0
2026-03-16 14:00:00,56.06,56.15,56.05,56.15,6000.0
2026-03-16 14:05:00,56.15,56.31,56.13,56.21,11405.0
2026-03-16 14:10:00,56.25,56.31,56.19,56.3,18049.0
2026-03-16 14:15:00,56.31,56.42,56.26,56.3,10897.0
2026-03-16 14:20:00,56.28,56.34,56.25,56.3,9010.0
2026-03-16 14:25:00,56.28,56.41,56.27,56.38,13180.0
2026-03-16 14:30:00,56.38,56.46,56.37,56.425,26109.0
2026-03-16 14:35:00,56.4,56.46,56.39,56.435,11768.0
2026-03-16 14:40:00,56.435,56.47,56.4,56.455,8468.0
2026-03-16 14:45:00,56.455,56.455,56.43,56.44,9930.0
2026-03-16 14:50:00,56.455,56.49,56.43,56.49,13445.0
2026-03-16 14:55:00,56.45,56.51,56.4,56.44,8421.0
2026-03-16 15:00:00,56.45,56.5,56.41,56.4101,18005.0
2026-03-16 15:05:00,56.47,56.6448,56.41,56.6448,19681.0
2026-03-16 15:10:00,56.615,56.615,56.41,56.41,4772.0
2026-03-16 15:15:00,56.42,56.51,56.41,56.465,7920.0
2026-03-16 15:20:00,56.47,56.5651,56.45,56.45,11840.0
2026-03-16 15:25:00,56.45,56.56,56.34,56.56,12224.0
2026-03-16 15:30:00,56.445,56.4995,56.38,56.38,9342.0
2026-03-16 15:35:00,56.41,56.5,56.38,56.5,48418.0
2026-03-16 15:40:00,56.46,56.49,56.3801,56.45,16943.0
2026-03-16 15:45:00,56.39,56.47,56.375,56.46,4938.0
2026-03-16 15:50:00,56.51,56.52,56.44,56.48,9007.0
2026-03-16 15:55:00,56.48,56.595,56.43,56.595,27551.0
2026-03-16 16:00:00,56.5,56.5,56.5,56.5,4614.0
2026-03-16 18:20:00,57.07,57.1,57.07,57.1,368.0
2026-03-17 08:05:00,56.475,56.475,56.475,56.475,100.0
2026-03-17 09:30:00,56.81,56.93,56.81,56.87,6374.0
2026-03-17 09:35:00,56.85,56.88,56.84,56.84,2376.0
2026-03-17 09:40:00,56.87,56.94,56.87,56.94,220.0
2026-03-17 09:45:00,56.88,57.0266,56.85,56.85,718.0
2026-03-17 09:50:00,56.945,56.945,56.945,56.945,176.0
2026-03-17 09:55:00,56.88,56.995,56.88,56.995,783.0
2026-03-17 10:00:00,57.07,57.07,56.95,56.96,3568.0
2026-03-17 10:05:00,57.11,57.11,57.08,57.08,813.0
2026-03-17 10:10:00,57.045,57.0599,56.8401,57.0599,3806.0
2026-03-17 10:15:00,56.985,56.985,56.89,56.9,2573.0
2026-03-17 10:20:00,56.97,56.97,56.94,56.94,500.0
2026-03-17 10:25:00,56.88,56.93,56.88,56.93,1404.0
2026-03-17 10:30:00,56.93,57.02,56.91,57.01,740.0
2026-03-17 10:35:00,56.955,56.97,56.955,56.97,310.0
2026-03-17 10:40:00,56.955,57.05,56.955,57.05,900.0
2026-03-17 10:45:00,56.92,57.08,56.92,57.08,4051.0
2026-03-17 10:50:00,57.05,57.1199,56.995,56.995,1154.0
2026-03-17 10:55:00,57.015,57.065,56.96,56.985,7044.0
2026-03-17 11:00:00,57.05,57.0663,56.925,56.96,8980.0
2026-03-17 11:05:00,56.96,56.96,56.78,56.78,3300.0
2026-03-17 11:10:00,56.815,56.855,56.815,56.835,700.0
2026-03-17 11:15:00,56.86,56.865,56.75,56.755,6902.0
2026-03-17 11:20:00,56.78,56.78,56.57,56.7,10018.0
2026-03-17 11:25:00,56.68,56.71,56.56,56.625,34179.0
2026-03-17 11:30:00,56.625,56.68,56.625,56.68,1300.0
2026-03-17 11:35:00,56.625,56.625,56.3811,56.4301,2106.0
2026-03-17 11:40:00,56.52,56.58,56.391,56.391,40963.0
2026-03-17 11:45:00,56.515,56.515,56.515,56.515,200.0
2026-03-17 11:50:00,56.5765,56.5765,56.555,56.555,301.0
2026-03-17 11:55:00,56.6021,56.6021,56.6021,56.6021,200.0
2026-03-17 12:00:00,56.6099,56.6099,56.39,56.39,545.0
2026-03-17 12:05:00,56.44,56.52,56.435,56.52,800.0
2026-03-17 12:15:00,56.5635,56.6029,56.5635,56.6029,281.0
2026-03-17 12:20:00,56.594,56.594,56.5511,56.5511,673.0
2026-03-17 12:25:00,56.62,56.62,56.6,56.6,1300.0
2026-03-17 12:35:00,56.576,56.576,56.576,56.576,248.0
2026-03-17 12:40:00,56.56,56.56,56.55,56.55,900.0
2026-03-17 13:00:00,56.7,56.705,56.7,56.705,938.0
2026-03-17 13:05:00,56.74,56.74,56.74,56.74,100.0
2026-03-17 13:10:00,56.7966,56.7966,56.7966,56.7966,100.0
2026-03-17 13:15:00,56.6,56.6504,56.6,56.6504,1000.0
2026-03-17 13:20:00,56.544,56.67,56.544,56.585,2557.0
2026-03-17 13:40:00,56.5922,56.67,56.5922,56.67,18972.0
2026-03-17 13:45:00,56.625,56.625,56.625,56.625,1114.0
2026-03-17 13:50:00,56.7599,56.7599,56.7599,56.7599,141.0
2026-03-17 14:05:00,56.5987,56.795,56.5987,56.795,2275.0
2026-03-17 14:10:00,56.795,56.815,56.73,56.7962,1303.0
2026-03-17 14:15:00,56.815,56.88,56.73,56.7989,1746.0
2026-03-17 14:20:00,56.78,56.79,56.76,56.76,2694.0
2026-03-17 14:25:00,56.65,56.65,56.624,56.624,452.0
2026-03-17 14:30:00,56.6,56.6,56.6,56.6,3000.0
2026-03-17 14:35:00,56.605,56.605,56.5423,56.6,1650.0
2026-03-17 14:40:00,56.62,56.635,56.6,56.6,441.0
2026-03-17 14:45:00,56.595,56.61,56.595,56.5951,1326.0
2026-03-17 14:50:00,56.6545,56.6545,56.6545,56.6545,221.0
2026-03-17 14:55:00,56.63,56.65,56.63,56.65,4327.0
2026-03-17 15:00:00,56.62,56.62,56.565,56.565,372.0
2026-03-17 15:05:00,56.56,56.56,56.56,56.56,100.0
2026-03-17 15:10:00,56.55,56.55,56.55,56.55,192.0
2026-03-17 15:15:00,56.62,56.65,56.62,56.65,141300.0
2026-03-17 15:20:00,56.61,56.61,56.545,56.61,1664.0
2026-03-17 15:25:00,56.53,56.53,56.53,56.53,216.0
2026-03-17 15:30:00,56.555,56.555,56.525,56.525,1392.0
2026-03-17 15:35:00,56.59,56.59,56.57,56.57,4750.0
2026-03-17 15:40:00,56.55,56.55,56.55,56.55,800.0
2026-03-17 15:45:00,56.54,56.6,56.524,56.6,1143.0
2026-03-17 15:50:00,56.54,56.61,56.54,56.61,1173.0
2026-03-17 15:55:00,56.59,56.6599,56.46,56.64,7625.0
2026-03-17 16:00:00,56.58,56.58,56.58,56.58,1392.0
2026-03-18 08:30:00,57.0,57.0,56.0,56.0,3100.0
2026-03-18 08:55:00,57.613,57.613,57.613,57.613,150.0
2026-03-18 09:30:00,55.82,55.82,55.41,55.41,7753.0
2026-03-18 09:35:00,55.455,55.535,55.4,55.535,810.0
2026-03-18 09:40:00,55.54,55.54,55.26,55.285,12574.0
2026-03-18 09:45:00,55.36,55.6172,55.28,55.555,6051.0
2026-03-18 09:50:00,55.5475,55.555,55.425,55.45,3136.0
2026-03-18 09:55:00,55.43,55.43,55.26,55.39,19815.0
2026-03-18 10:00:00,55.5,55.53,55.4,55.52,44101.0
2026-03-18 10:05:00,55.5501,55.7931,55.5501,55.73,12683.0
2026-03-18 10:10:00,55.75,55.8125,55.6,55.67,13171.0
2026-03-18 10:15:00,55.566,55.566,55.566,55.566,134.0
2026-03-18 10:20:00,55.5,55.5,55.47,55.47,2165.0
2026-03-18 10:25:00,55.5277,55.5277,55.26,55.3265,17368.0
2026-03-18 10:30:00,55.355,55.365,55.345,55.365,1543.0
2026-03-18 10:35:00,55.3994,55.41,55.37,55.405,1372.0
2026-03-18 10:40:00,55.39,55.39,55.37,55.37,331.0
2026-03-18 10:45:00,55.35,55.49,55.35,55.49,1258.0
2026-03-18 10:50:00,55.46,55.48,55.44,55.48,1693.0
2026-03-18 10:55:00,55.49,55.7,55.4101,55.66,6107.0
2026-03-18 11:00:00,55.66,55.665,55.645,55.665,2524.0
2026-03-18 11:05:00,55.73,55.83,55.73,55.8,800.0
2026-03-18 11:10:00,55.8035,55.8035,55.6684,55.73,1483.0
2026-03-18 11:15:00,55.7182,55.7182,55.57,55.6241,1113.0
2026-03-18 11:20:00,55.495,55.495,55.495,55.495,400.0
2026-03-18 11:25:00,55.545,55.545,55.49,55.52,3524.0
2026-03-18 11:30:00,55.525,55.59,55.525,55.55,1182.0
2026-03-18 11:35:00,55.55,55.7099,55.55,55.645,1306.0
2026-03-18 11:40:00,55.61,55.69,55.42,55.42,2536.0
2026-03-18 11:45:00,55.47,55.47,55.38,55.42,3229.0
2026-03-18 11:50:00,55.45,55.45,55.38,55.39,881.0
2026-03-18 11:55:00,55.43,55.54,55.41,55.475,4060.0
2026-03-18 12:00:00,55.47,55.47,55.455,55.455,1792.0
2026-03-18 12:05:00,55.48,55.58,55.48,55.52,600.0
2026-03-18 12:10:00,55.53,55.635,55.53,55.635,24116.0
2026-03-18 12:15:00,55.57,55.68,55.57,55.58,5344.0
2026-03-18 12:20:00,55.59,55.635,55.5301,55.605,2450.0
2026-03-18 12:25:00,55.63,55.635,55.63,55.635,412.0
2026-03-18 12:30:00,55.65,55.65,55.56,55.56,800.0
2026-03-18 12:35:00,55.585,55.64,55.53,55.64,6217.0
2026-03-18 12:40:00,55.63,55.63,55.585,55.62,2022.0
2026-03-18 12:45:00,55.615,55.665,55.6,55.6,635.0
2026-03-18 12:50:00,55.592,55.615,55.592,55.615,633.0
2026-03-18 12:55:00,55.605,55.63,55.605,55.63,608.0
2026-03-18 13:00:00,55.54,55.595,55.54,55.595,679.0
2026-03-18 13:05:00,55.6,55.6,55.595,55.595,200.0
2026-03-18 13:10:00,55.57,55.57,55.47,55.5,2456.0
2026-03-18 13:20:00,55.59,55.59,55.51,55.575,1370.0
2026-03-18 13:25:00,55.57,55.57,55.57,55.57,480.0
2026-03-18 13:30:00,55.6299,55.6299,55.55,55.55,400.0
2026-03-18 13:35:00,55.6589,55.6589,55.6589,55.6589,650.0
2026-03-18 13:40:00,55.63,55.64,55.62,55.62,700.0
2026-03-18 13:45:00,55.65,55.75,55.65,55.69,2400.0
2026-03-18 13:50:00,55.65,55.65,55.62,55.62,500.0
2026-03-18 14:00:00,55.69,55.69,55.685,55.685,200.0
2026-03-18 14:05:00,55.63,55.67,55.62,55.67,506.0
2026-03-18 14:10:00,55.66,55.69,55.65,55.68,808.0
2026-03-18 14:15:00,55.62,55.6899,55.53,55.6899,2775.0
2026-03-18 14:20:00,55.459,55.55,55.459,55.525,2991.0
2026-03-18 14:25:00,55.495,55.495,55.495,55.495,100.0
2026-03-18 14:30:00,55.52,55.52,55.52,55.52,288.0
2026-03-18 14:35:00,55.57,55.6,55.47,55.47,716.0
2026-03-18 14:40:00,55.345,55.46,55.345,55.46,700.0
2026-03-18 14:45:00,55.395,55.4089,55.345,55.345,824.0
2026-03-18 14:50:00,55.288,55.29,55.12,55.1362,4922.0
2026-03-18 14:55:00,55.14,55.18,55.0,55.05,6173.0
2026-03-18 15:00:00,55.04,55.04,55.04,55.04,100.0
2026-03-18 15:05:00,55.13,55.13,55.09,55.09,1425.0
2026-03-18 15:10:00,55.075,55.075,55.02,55.02,381.0
2026-03-18 15:15:00,55.114,55.114,55.0768,55.08,3857.0
2026-03-18 15:20:00,55.05,55.07,54.92,54.9325,3769.0
2026-03-18 15:25:00,54.9,54.95,54.9,54.91,1584.0
2026-03-18 15:30:00,54.925,55.0,54.925,55.0,6548.0
2026-03-18 15:35:00,54.96,54.96,54.95,54.955,530.0
2026-03-18 15:40:00,54.94,54.94,54.87,54.87,1846.0
2026-03-18 15:45:00,54.85,54.92,54.85,54.89,3740.0
2026-03-18 15:50:00,54.91,54.96,54.83,54.96,7643.0
2026-03-18 15:55:00,54.89,54.906,54.82,54.89,16968.0
2026-03-18 16:00:00,54.81,54.81,54.81,54.81,3461.0
2026-03-18 16:20:00,54.81,54.81,54.81,54.81,100.0
2026-03-18 16:30:00,54.95,54.95,54.95,54.95,989.0
2026-03-18 16:45:00,56.5164,56.5164,56.5164,56.5164,100.0
2026-03-18 17:45:00,54.66,54.66,54.66,54.66,100.0
2026-03-19 06:05:00,54.2,54.2,54.2,54.2,100.0
2026-03-19 07:05:00,53.84,53.84,53.82,53.84,600.0
2026-03-19 07:20:00,53.79,53.8,53.76,53.77,843.0
2026-03-19 08:00:00,53.3,54.63,53.3,53.3,2856.0
2026-03-19 08:15:00,53.27,53.27,53.27,53.27,100.0
2026-03-19 08:20:00,53.2,53.2,53.2,53.2,100.0
2026-03-19 08:50:00,52.7,52.7,52.7,52.7,700.0
2026-03-19 09:25:00,52.8,52.8,52.8,52.8,100.0
2026-03-19 09:30:00,52.64,53.0231,52.2,52.26,40249.0
2026-03-19 09:35:00,52.24,52.27,52.01,52.1,74586.0
2026-03-19 09:40:00,52.1,52.175,51.82,52.0,80793.0
2026-03-19 09:45:00,52.135,52.135,51.8,51.91,4228.0
2026-03-19 09:50:00,52.12,52.23,52.01,52.23,5121.0
2026-03-19 09:55:00,52.2604,52.63,52.2604,52.63,16462.0
2026-03-19 10:00:00,52.655,52.9399,52.655,52.84,26088.0
2026-03-19 10:05:00,52.79,52.915,52.722,52.79,9199.0
2026-03-19 10:10:00,52.86,52.998,52.8,52.86,11199.0
2026-03-19 10:15:00,52.81,52.81,52.57,52.64,6722.0
2026-03-19 10:20:00,52.64,52.72,52.575,52.59,9717.0
2026-03-19 10:25:00,52.6759,52.69,52.455,52.51,10392.0
2026-03-19 10:30:00,52.49,52.805,52.48,52.805,5072.0
2026-03-19 10:35:00,52.84,52.9759,52.805,52.805,5050.0
2026-03-19 10:40:00,52.84,52.9999,52.825,52.88,5129.0
2026-03-19 10:45:00,52.87,52.91,52.77,52.88,8593.0
2026-03-19 10:50:00,52.92,53.0,52.88,52.91,7269.0
2026-03-19 10:55:00,52.8738,52.915,52.85,52.885,2524.0
2026-03-19 11:00:00,52.905,53.07,52.905,53.07,7145.0
2026-03-19 11:05:00,53.26,53.325,53.12,53.15,3611.0
2026-03-19 11:10:00,53.16,53.29,53.15,53.29,1500.0
2026-03-19 11:15:00,53.285,53.35,53.2351,53.2351,2840.0
2026-03-19 11:20:00,53.12,53.15,52.94,52.94,1300.0
2026-03-19 11:25:00,52.94,53.0,52.88,52.89,2787.0
2026-03-19 11:30:00,52.92,52.92,52.7101,52.7101,2634.0
2026-03-19 11:35:00,52.71,52.79,52.71,52.79,3541.0
2026-03-19 11:40:00,52.81,52.88,52.725,52.8,10733.0
2026-03-19 11:45:00,52.74,52.83,52.68,52.83,112945.0
2026-03-19 11:50:00,52.82,52.84,52.73,52.835,5367.0
2026-03-19 11:55:00,52.83,53.045,52.82,52.995,17196.0
2026-03-19 12:00:00,52.95,53.2,52.9211,53.175,2540.0
2026-03-19 12:05:00,53.1514,53.29,53.1514,53.24,9744.0
2026-03-19 12:10:00,53.17,53.21,53.13,53.15,4805.0
2026-03-19 12:15:00,53.15,53.165,53.07,53.165,2680.0
2026-03-19 12:20:00,53.2,53.2,53.06,53.2,5037.0
2026-03-19 12:25:00,53.2,53.215,53.16,53.2,2265.0
2026-03-19 12:30:00,53.13,53.19,53.12,53.19,1776.0
2026-03-19 12:35:00,53.13,53.15,53.065,53.15,3272.0
2026-03-19 12:40:00,53.15,53.28,53.12,53.15,2473.0
2026-03-19 12:45:00,53.13,53.135,53.0,53.0,3075.0
2026-03-19 12:50:00,52.87,52.91,52.84,52.91,2340.0
2026-03-19 12:55:00,52.98,53.02,52.98,52.9984,1950.0
2026-03-19 13:00:00,52.99,53.0515,52.96,53.025,2626.0
2026-03-19 13:05:00,52.98,52.98,52.81,52.85,2705.0
2026-03-19 13:10:00,52.85,52.865,52.83,52.84,1662.0
2026-03-19 13:15:00,52.82,52.985,52.82,52.985,1560.0
2026-03-19 13:20:00,53.03,53.14,53.03,53.14,2630.0
2026-03-19 13:25:00,53.12,53.19,53.09,53.1101,2196.0
2026-03-19 13:30:00,53.115,53.17,53.09,53.11,2512.0
2026-03-19 13:35:00,52.9701,53.105,52.9701,53.065,3862.0
2026-03-19 13:40:00,53.065,53.09,53.02,53.06,2899.0
2026-03-19 13:45:00,53.03,53.09,53.03,53.09,1663.0
2026-03-19 13:50:00,53.08,53.23,53.07,53.23,1477.0
2026-03-19 13:55:00,53.18,53.195,53.07,53.07,3930.0
2026-03-19 14:00:00,53.11,53.1225,53.01,53.1225,11957.0
2026-03-19 14:05:00,53.09,53.09,53.01,53.03,1885.0
2026-03-19 14:10:00,53.1,53.255,53.08,53.19,2815.0
2026-03-19 14:15:00,53.22,53.23,53.115,53.1608,3164.0
2026-03-19 14:20:00,53.17,53.2,53.16,53.16,700.0
2026-03-19 14:25:00,53.16,53.18,53.08,53.11,2954.0
2026-03-19 14:30:00,53.1,53.15,53.08,53.11,2407.0
2026-03-19 14:35:00,53.08,53.1,53.06,53.09,2834.0
2026-03-19 14:40:00,53.05,53.06,53.04,53.04,500.0
2026-03-19 14:45:00,53.02,53.1,53.015,53.1,5024.0
2026-03-19 14:50:00,53.04,53.095,52.99,53.07,13209.0
2026-03-19 14:55:00,53.08,53.25,53.08,53.25,1709.0
2026-03-19 15:00:00,53.46,53.68,53.46,53.68,4941.0
2026-03-19 15:05:00,53.7,54.035,53.7,53.91,5901.0
2026-03-19 15:10:00,53.87,54.09,53.83,53.965,4208.0
2026-03-19 15:15:00,54.0,54.025,53.87,53.97,2936.0
2026-03-19 15:20:00,53.92,53.92,53.83,53.84,2800.0
2026-03-19 15:25:00,53.78,53.78,53.66,53.68,4006.0
2026-03-19 15:30:00,53.73,53.7311,53.63,53.7311,4177.0
2026-03-19 15:35:00,53.685,53.7325,53.6,53.66,11826.0
2026-03-19 15:40:00,53.71,53.77,53.71,53.74,2489.0
2026-03-19 15:45:00,53.72,53.735,53.65,53.7,4980.0
2026-03-19 15:50:00,53.67,53.77,53.62,53.73,6347.0
2026-03-19 15:55:00,53.73,53.84,53.645,53.76,17235.0
2026-03-19 16:00:00,53.8,53.8,53.51,53.51,3869.0
2026-03-19 16:25:00,54.49,54.49,54.49,54.49,1094.0
2026-03-20 08:05:00,53.33,53.33,53.33,53.33,378.0
2026-03-20 09:30:00,53.29,53.7,53.0,53.49,4525.0
2026-03-20 09:35:00,53.54,53.54,53.54,53.54,100.0
2026-03-20 09:40:00,53.3701,53.8,53.3701,53.8,838.0
2026-03-20 09:45:00,53.6879,53.72,53.435,53.435,6970.0
2026-03-20 09:50:00,53.12,53.2777,53.12,53.175,653.0
2026-03-20 09:55:00,53.06,53.1,52.94,52.94,5000.0
2026-03-20 10:00:00,52.96,52.96,52.78,52.85,3263.0
2026-03-20 10:05:00,52.93,52.93,52.78,52.78,700.0
2026-03-20 10:10:00,52.78,52.86,52.41,52.475,7451.0
2026-03-20 10:15:00,52.445,52.45,52.33,52.43,2865.0
2026-03-20 10:20:00,52.39,52.44,52.28,52.4,2123.0
2026-03-20 10:25:00,52.3,52.31,52.2,52.24,6100.0
2026-03-20 10:30:00,52.25,52.46,52.22,52.46,2511.0
2026-03-20 10:35:00,52.59,52.59,52.37,52.37,1551.0
2026-03-20 10:40:00,52.51,52.535,52.4001,52.42,1370.0
2026-03-20 10:45:00,52.51,52.525,52.37,52.4388,1515.0
2026-03-20 10:50:00,52.43,52.43,52.14,52.14,5509.0
2026-03-20 10:55:00,52.145,52.255,52.145,52.24,1411.0
2026-03-20 11:00:00,52.26,52.42,52.171,52.21,7901.0
2026-03-20 11:05:00,52.25,52.25,52.05,52.17,29879.0
2026-03-20 11:10:00,52.22,52.45,52.15,52.44,7603.0
2026-03-20 11:15:00,52.41,52.41,52.21,52.22,3587.0
2026-03-20 11:20:00,52.2,52.51,52.15,52.28,5942.0
2026-03-20 11:25:00,52.29,52.29,52.05,52.13,3436.0
2026-03-20 11:30:00,52.08,52.265,52.08,52.21,3466.0
2026-03-20 11:35:00,52.21,52.22,52.17,52.22,5462.0
2026-03-20 11:40:00,52.18,52.2,52.11,52.12,8663.0
2026-03-20 11:45:00,52.125,52.14,52.05,52.105,3609.0
2026-03-20 11:50:00,52.08,52.245,52.06,52.225,16313.0
2026-03-20 11:55:00,52.17,52.25,52.115,52.2,11142.0
2026-03-20 12:00:00,52.195,52.32,52.195,52.315,4335.0
2026-03-20 12:10:00,52.305,52.34,52.305,52.34,228.0
2026-03-20 12:15:00,52.27,52.38,52.27,52.38,418.0
2026-03-20 12:25:00,52.34,52.34,52.27,52.27,342.0
2026-03-20 12:30:00,52.24,52.24,52.2,52.2,700.0
2026-03-20 12:35:00,52.3447,52.3447,52.3447,52.3447,210.0
2026-03-20 12:40:00,52.255,52.3102,52.24,52.2537,864.0
2026-03-20 12:45:00,52.19,52.19,52.19,52.19,275.0
2026-03-20 12:50:00,52.22,52.22,52.15,52.17,786.0
2026-03-20 12:55:00,52.3531,52.3531,52.2301,52.2301,821.0
2026-03-20 13:00:00,52.27,52.29,52.27,52.29,200.0
2026-03-20 13:05:00,52.22,52.295,52.15,52.295,1852.0
2026-03-20 13:10:00,52.255,52.3599,52.2,52.28,1771.0
2026-03-20 13:15:00,52.2,52.2169,52.1501,52.2169,754.0
2026-03-20 13:20:00,52.28,52.28,52.18,52.2,3559.0
2026-03-20 13:25:00,52.17,52.2,52.0601,52.11,2453.0
2026-03-20 13:30:00,52.13,52.155,52.02,52.04,304445.0
2026-03-20 13:35:00,52.05,52.0694,51.98,52.06,4746.0
2026-03-20 13:40:00,51.99,52.08,51.99,52.08,2625.0
2026-03-20 13:45:00,52.04,52.06,52.04,52.06,300.0
2026-03-20 13:50:00,52.12,52.1315,52.08,52.12,2865.0
2026-03-20 13:55:00,52.12,52.145,52.09,52.13,1410.0
2026-03-20 14:00:00,52.1351,52.165,52.08,52.08,716.0
2026-03-20 14:05:00,51.99,52.1299,51.99,52.03,865.0
2026-03-20 14:10:00,52.0,52.0682,52.0,52.065,782.0
2026-03-20 14:15:00,52.01,52.01,51.99,52.01,2000.0
2026-03-20 14:20:00,52.0,52.02,51.8,51.82,5255.0
2026-03-20 14:25:00,51.83,51.9792,51.82,51.82,3581.0
2026-03-20 14:30:00,51.88,51.89,51.7813,51.7813,2616.0
2026-03-20 14:35:00,51.81,51.8399,51.78,51.78,3169.0
2026-03-20 14:40:00,51.82,51.8304,51.7,51.73,2063.0
2026-03-20 14:45:00,51.7,51.73,51.69,51.69,1063.0
2026-03-20 14:50:00,51.65,51.71,51.65,51.67,1345.0
2026-03-20 14:55:00,51.66,51.66,51.56,51.5801,1669.0
2026-03-20 15:00:00,51.64,51.76,51.6301,51.69,7708.0
2026-03-20 15:05:00,51.68,51.78,51.6,51.69,6197.0
2026-03-20 15:10:00,51.62,51.6999,51.551,51.63,5923.0
2026-03-20 15:15:00,51.67,51.68,51.61,51.6201,1400.0
2026-03-20 15:20:00,51.62,51.655,51.56,51.56,25079.0
2026-03-20 15:25:00,51.54,51.59,51.54,51.59,995.0
2026-03-20 15:30:00,51.71,51.71,51.58,51.58,2750.0
2026-03-20 15:35:00,51.56,51.6,51.475,51.6,8120.0
2026-03-20 15:40:00,51.6,51.76,51.6,51.745,23480.0
2026-03-20 15:45:00,51.72,51.74,51.61,51.65,13192.0
2026-03-20 15:50:00,51.67,51.83,51.63,51.805,20455.0
2026-03-20 15:55:00,51.81,51.88,51.78,51.81,46887.0
2026-03-20 16:00:00,51.83,51.83,51.83,51.83,3383.0
2026-03-20 16:55:00,51.1,51.1,51.1,51.1,100.0
2026-03-23 07:00:00,50.99,50.99,50.99,50.99,1972.0
2026-03-23 07:05:00,51.17,51.2,51.17,51.2,361.0
2026-03-23 07:10:00,51.77,51.78,51.77,51.78,433.0
2026-03-23 07:20:00,54.13,54.49,54.13,54.49,303.0
2026-03-23 07:30:00,54.49,55.06,54.49,55.0,690.0
2026-03-23 07:35:00,55.0,55.0,55.0,55.0,391.0
2026-03-23 08:15:00,51.3437,51.3437,51.3437,51.3437,167.0
2026-03-23 08:25:00,51.5,51.5,51.5,51.5,241.0
2026-03-23 09:30:00,53.13,53.46,53.13,53.25,27492.0
2026-03-23 09:35:00,53.215,53.58,53.16,53.505,22522.0
2026-03-23 09:40:00,53.4825,53.93,53.46,53.79,38993.0
2026-03-23 09:45:00,53.79,53.91,53.72,53.91,7611.0
2026-03-23 09:50:00,53.92,54.18,53.92,54.11,6324.0
2026-03-23 09:55:00,54.01,54.145,54.01,54.145,1600.0
2026-03-23 10:00:00,54.18,54.32,54.15,54.17,5469.0
2026-03-23 10:05:00,54.17,54.19,54.09,54.19,4969.0
2026-03-23 10:10:00,54.18,54.26,54.11,54.18,5019.0
2026-03-23 10:15:00,54.1,54.3299,54.09,54.24,3309.0
2026-03-23 10:20:00,54.23,54.55,54.23,54.41,2000.0
2026-03-23 10:25:00,54.505,54.505,54.26,54.35,85508.0
2026-03-23 10:30:00,54.235,54.4,54.235,54.2954,3679.0
2026-03-23 10:35:00,54.39,54.39,54.21,54.37,3652.0
2026-03-23 10:40:00,54.205,54.3699,54.205,54.34,2771.0
2026-03-23 10:45:00,54.29,54.4,54.23,54.29,3223.0
2026-03-23 10:50:00,54.285,54.42,54.21,54.325,3703.0
2026-03-23 10:55:00,54.335,54.385,54.285,54.355,4500.0
2026-03-23 11:00:00,54.34,54.57,54.34,54.57,5067.0
2026-03-23 11:05:00,54.5498,54.63,54.545,54.58,1939.0
2026-03-23 11:10:00,54.61,54.6732,54.53,54.53,1691.0
2026-03-23 11:15:00,54.485,54.53,54.44,54.455,3837.0
2026-03-23 11:20:00,54.5,54.52,54.31,54.52,3716.0
2026-03-23 11:25:00,54.45,54.495,54.325,54.325,6348.0
2026-03-23 11:30:00,54.37,54.405,54.3,54.3,7682.0
2026-03-23 11:35:00,54.195,54.25,54.09,54.09,3638.0
2026-03-23 11:40:00,54.02,54.13,53.965,54.025,4665.0
2026-03-23 11:45:00,53.94,53.99,53.89,53.99,489.0
2026-03-23 11:50:00,54.0,54.0,53.86,53.86,3712.0
2026-03-23 11:55:00,53.79,53.79,53.48,53.48,5776.0
2026-03-23 12:00:00,53.58,53.635,53.56,53.62,8148.0
2026-03-23 12:05:00,53.56,53.68,53.54,53.57,4100.0
2026-03-23 12:10:00,53.56,53.71,53.55,53.705,4400.0
2026-03-23 12:15:00,53.7,53.7,53.54,53.57,15514.0
2026-03-23 12:20:00,53.545,53.59,53.52,53.54,2801.0
2026-03-23 12:25:00,53.515,53.59,53.48,53.51,11775.0
2026-03-23 12:30:00,53.455,53.65,53.3701,53.565,4156.0
2026-03-23 12:35:00,53.66,53.74,53.61,53.68,8314.0
2026-03-23 12:40:00,53.6884,53.75,53.62,53.6875,4435.0
2026-03-23 12:45:00,53.7475,53.85,53.735,53.825,4284.0
2026-03-23 12:50:00,53.865,53.885,53.82,53.845,2481.0
2026-03-23 12:55:00,53.9,53.9,53.73,53.735,3687.0
2026-03-23 13:00:00,53.79,53.82,53.74,53.74,900.0
2026-03-23 13:05:00,53.69,53.91,53.69,53.91,4112.0
2026-03-23 13:10:00,53.845,53.93,53.835,53.84,2705.0
2026-03-23 13:15:00,53.86,53.9,53.72,53.89,8747.0
2026-03-23 13:20:00,53.85,53.85,53.775,53.83,2372.0
2026-03-23 13:25:00,53.875,53.93,53.86,53.9,2672.0
2026-03-23 13:30:00,53.9584,54.16,53.9584,54.16,22890.0
2026-03-23 13:35:00,54.17,54.31,54.17,54.24,7302.0
2026-03-23 13:40:00,54.22,54.22,54.105,54.15,2336.0
2026-03-23 13:45:00,54.1339,54.1339,53.995,54.06,3012.0
2026-03-23 13:50:00,54.05,54.11,54.05,54.11,2070.0
2026-03-23 13:55:00,54.14,54.195,54.11,54.195,900.0
2026-03-23 14:00:00,54.175,54.175,54.1,54.17,3732.0
2026-03-23 14:05:00,54.12,54.12,53.97,54.035,3200.0
2026-03-23 14:10:00,54.06,54.16,54.06,54.14,1600.0
2026-03-23 14:15:00,54.02,54.07,54.01,54.07,3100.0
2026-03-23 14:20:00,54.01,54.06,53.995,54.06,2087.0
2026-03-23 14:25:00,54.04,54.11,54.0,54.05,12736.0
2026-03-23 14:30:00,54.06,54.27,54.06,54.27,7044.0
2026-03-23 14:35:00,54.285,54.39,54.275,54.275,6823.0
2026-03-23 14:40:00,54.29,54.29,54.235,54.24,2500.0
2026-03-23 14:45:00,54.23,54.31,54.23,54.3,4000.0
2026-03-23 14:50:00,54.29,54.29,54.23,54.24,1567.0
2026-03-23 14:55:00,54.245,54.3207,54.185,54.3207,3243.0
2026-03-23 15:00:00,54.23,54.24,54.16,54.16,5822.0
2026-03-23 15:05:00,54.175,54.23,54.175,54.23,3133.0
2026-03-23 15:10:00,54.25,54.25,54.12,54.13,4535.0
2026-03-23 15:15:00,54.14,54.15,54.04,54.105,4500.0
2026-03-23 15:20:00,54.08,54.12,54.03,54.045,6852.0
2026-03-23 15:25:00,54.045,54.05,53.948,54.035,6030.0
2026-03-23 15:30:00,54.07,54.08,54.04,54.045,1760.0
2026-03-23 15:35:00,54.06,54.095,54.04,54.09,3128.0
2026-03-23 15:40:00,54.09,54.11,54.04,54.06,5098.0
2026-03-23 15:45:00,54.075,54.13,54.025,54.035,6550.0
2026-03-23 15:50:00,54.02,54.06,53.9,54.0286,18166.0
2026-03-23 15:55:00,53.94,54.015,53.88,53.95,25001.0
2026-03-23 16:00:00,53.96,53.96,53.96,53.96,2729.0
2026-03-24 08:00:00,53.94,53.94,53.94,53.94,102.0
2026-03-24 08:05:00,53.74,53.74,53.74,53.74,1012.0
2026-03-24 08:50:00,53.61,53.61,53.61,53.61,100.0
2026-03-24 09:30:00,53.19,53.425,53.19,53.425,8362.0
2026-03-24 09:35:00,53.41,53.41,53.15,53.15,111459.0
2026-03-24 09:40:00,53.08,53.13,52.905,53.045,3249.0
2026-03-24 09:45:00,53.04,53.2082,53.04,53.09,1155.0
2026-03-24 09:50:00,52.97,53.11,52.97,53.11,300.0
2026-03-24 09:55:00,53.19,53.38,53.18,53.32,3053.0
2026-03-24 10:00:00,53.46,53.55,53.46,53.54,707.0
2026-03-24 10:05:00,53.5,53.69,53.46,53.59,2400.0
2026-03-24 10:10:00,53.58,53.65,53.41,53.41,1691.0
2026-03-24 10:15:00,53.5,53.5,53.5,53.5,100.0
2026-03-24 10:20:00,53.52,53.5909,53.52,53.5909,486.0
2026-03-24 10:25:00,53.4307,53.67,53.4307,53.63,1397.0
2026-03-24 10:35:00,53.59,53.62,53.56,53.58,2036.0
2026-03-24 10:40:00,53.64,53.69,53.64,53.6695,700.0
2026-03-24 10:45:00,53.71,53.83,53.71,53.71,1411.0
2026-03-24 10:50:00,53.64,54.1,53.64,54.01,6397.0
2026-03-24 10:55:00,53.93,53.99,53.77,53.79,1899.0
2026-03-24 11:00:00,53.97,53.97,53.87,53.9499,2412.0
2026-03-24 11:05:00,53.86,53.91,53.86,53.91,831.0
2026-03-24 11:10:00,53.82,53.92,53.81,53.92,1004.0
2026-03-24 11:15:00,53.97,54.0,53.9,54.0,796.0
2026-03-24 11:20:00,54.03,54.1,54.03,54.1,255.0
2026-03-24 11:25:00,54.14,54.2099,54.05,54.105,1968.0
2026-03-24 11:30:00,54.03,54.03,54.02,54.02,600.0
2026-03-24 11:35:00,54.075,54.09,54.0406,54.09,1672.0
2026-03-24 11:40:00,54.17,54.17,54.17,54.17,107.0
2026-03-24 11:45:00,54.12,54.14,54.03,54.14,4849.0
2026-03-24 11:50:00,54.04,54.1199,54.04,54.1199,768.0
2026-03-24 11:55:00,53.905,53.9208,53.86,53.9208,783.0
2026-03-24 12:00:00,53.84,53.89,53.8,53.8,675.0
2026-03-24 12:05:00,53.85,53.87,53.83,53.87,2531.0
2026-03-24 12:10:00,53.85,53.96,53.85,53.96,2324.0
2026-03-24 12:15:00,53.885,54.08,53.885,54.08,2028.0
2026-03-24 12:20:00,54.08,54.11,54.03,54.11,4500.0
2026-03-24 12:25:00,54.03,54.03,54.02,54.02,500.0
2026-03-24 12:30:00,54.14,54.14,54.12,54.12,1176.0
2026-03-24 12:35:00,54.08,54.09,53.985,53.985,1500.0
2026-03-24 12:40:00,54.15,54.15,54.15,54.15,100.0
2026-03-24 12:45:00,54.13,54.13,54.13,54.13,300.0
2026-03-24 12:50:00,54.155,54.21,54.1,54.1,1958.0
2026-03-24 12:55:00,54.13,54.13,54.043,54.043,600.0
2026-03-24 13:05:00,53.85,53.92,53.77,53.7817,2750.0
2026-03-24 13:10:00,53.7,53.7,53.7,53.7,200.0
2026-03-24 13:15:00,53.6899,53.6899,53.6899,53.6899,100.0
2026-03-24 13:20:00,53.7,53.76,53.7,53.76,564.0
2026-03-24 13:25:00,53.7458,53.775,53.71,53.71,676.0
2026-03-24 13:35:00,53.67,53.73,53.67,53.73,402.0
2026-03-24 13:40:00,53.71,53.71,53.71,53.71,100.0
2026-03-24 13:45:00,53.645,53.7167,53.62,53.6701,1544.0
2026-03-24 13:50:00,53.68,53.8699,53.67,53.74,2925.0
2026-03-24 13:55:00,53.73,53.88,53.73,53.82,3037.0
2026-03-24 14:00:00,53.91,53.91,53.86,53.865,805.0
2026-03-24 14:05:00,53.89,53.91,53.85,53.85,714.0
2026-03-24 14:10:00,53.86,53.89,53.86,53.89,600.0
2026-03-24 14:15:00,53.85,53.96,53.85,53.96,600.0
2026-03-24 14:20:00,53.98,53.995,53.93,53.995,887.0
2026-03-24 14:25:00,54.02,54.02,54.02,54.02,100.0
2026-03-24 14:30:00,54.12,54.12,54.12,54.12,100.0
2026-03-24 14:35:00,54.125,54.25,54.09,54.25,61113.0
2026-03-24 14:40:00,54.25,54.25,54.02,54.045,1961.0
2026-03-24 14:45:00,54.045,54.05,53.98,54.04,2464.0
2026-03-24 14:50:00,54.03,54.09,54.03,54.09,4235.0
2026-03-24 14:55:00,54.09,54.09,54.0,54.02,13300.0
2026-03-24 15:00:00,54.03,54.1,54.03,54.092,42939.0
2026-03-24 15:05:00,54.06,54.11,54.06,54.11,1905.0
2026-03-24 15:10:00,54.17,54.17,54.15,54.155,1704.0
2026-03-24 15:15:00,54.135,54.15,54.09,54.09,1576.0
2026-03-24 15:20:00,54.09,54.105,54.06,54.08,3400.0
2026-03-24 15:25:00,54.06,54.06,54.03,54.05,2358.0
2026-03-24 15:30:00,54.02,54.05,53.99,54.04,6396.0
2026-03-24 15:35:00,54.02,54.02,53.985,54.01,4056.0
2026-03-24 15:40:00,54.0,54.07,54.0,54.07,3859.0
2026-03-24 15:45:00,54.05,54.09,53.98,54.08,73988.0
2026-03-24 15:50:00,54.09,54.1,54.0,54.05,5623.0
2026-03-24 15:55:00,54.025,54.04,53.99,54.04,6769.0
2026-03-24 16:00:00,54.06,54.06,54.06,54.06,2520.0
2026-03-24 16:20:00,54.06,54.06,54.06,54.06,100.0
2026-03-24 16:25:00,54.99,54.99,54.99,54.99,100.0
2026-03-24 17:35:00,54.69,54.69,54.69,54.69,2750.0
2026-03-25 06:45:00,56.82,56.82,56.82,56.82,100.0
2026-03-25 08:15:00,55.598,55.598,55.598,55.598,236.0
2026-03-25 08:30:00,55.35,55.35,55.35,55.35,100.0
2026-03-25 09:30:00,55.54,55.5914,55.32,55.44,11490.0
2026-03-25 09:35:00,55.53,55.61,55.51,55.54,3134.0
2026-03-25 09:40:00,55.565,55.65,55.56,55.57,1867.0
2026-03-25 09:45:00,55.43,55.48,55.2601,55.2601,3724.0
2026-03-25 09:50:00,55.25,55.34,55.11,55.29,2464.0
2026-03-25 09:55:00,55.32,55.3312,55.265,55.265,2795.0
2026-03-25 10:00:00,55.255,55.3,55.21,55.27,3154.0
2026-03-25 10:05:00,55.26,55.36,55.22,55.36,9593.0
2026-03-25 10:10:00,55.33,55.44,55.3,55.44,6743.0
2026-03-25 10:15:00,55.44,55.585,55.44,55.55,5589.0
2026-03-25 10:20:00,55.565,55.6,55.48,55.48,1706.0
2026-03-25 10:25:00,55.49,55.6,55.49,55.54,32221.0
2026-03-25 10:30:00,55.58,55.58,55.5,55.51,16498.0
2026-03-25 10:35:00,55.6,55.61,55.55,55.6,2303.0
2026-03-25 10:40:00,55.61,55.61,55.51,55.5942,2390.0
2026-03-25 10:45:00,55.62,55.66,55.61,55.66,1100.0
2026-03-25 10:50:00,55.67,55.73,55.67,55.72,36573.0
2026-03-25 10:55:00,55.675,55.7,55.62,55.7,1102.0
2026-03-25 11:00:00,55.67,55.6786,55.54,55.6786,1720.0
2026-03-25 11:05:00,55.47,55.5399,55.33,55.33,3213.0
2026-03-25 11:10:00,55.33,55.33,55.24,55.3,1620.0
2026-03-25 11:15:00,55.25,55.27,54.99,55.015,3108.0
2026-03-25 11:20:00,55.08,55.4,55.05,55.4,7220.0
2026-03-25 11:25:00,55.36,55.42,55.36,55.42,1400.0
2026-03-25 11:30:00,55.44,55.55,55.43,55.55,2628.0
2026-03-25 11:35:00,55.37,55.37,55.37,55.37,7900.0
2026-03-25 11:40:00,55.35,55.37,55.27,55.32,1200.0
2026-03-25 11:45:00,55.315,55.34,55.315,55.34,2481.0
2026-03-25 11:50:00,55.285,55.34,55.2675,55.2675,526.0
2026-03-25 11:55:00,55.34,55.345,55.34,55.34,700.0
2026-03-25 12:00:00,55.345,55.355,55.29,55.29,900.0
2026-03-25 12:05:00,55.22,55.295,55.22,55.285,936.0
2026-03-25 12:10:00,55.22,55.28,55.22,55.28,400.0
2026-03-25 12:15:00,55.29,55.29,55.165,55.165,3500.0
2026-03-25 12:20:00,55.2,55.27,55.16,55.27,5687.0
2026-03-25 12:25:00,55.35,55.385,55.34,55.385,1190.0
2026-03-25 12:30:00,55.35,55.41,55.35,55.4,1100.0
2026-03-25 12:35:00,55.465,55.465,55.42,55.42,600.0
2026-03-25 12:40:00,55.37,55.465,55.37,55.465,3575.0
2026-03-25 12:45:00,55.46,55.4685,55.43,55.43,1450.0
2026-03-25 12:50:00,55.385,55.455,55.38,55.4499,18400.0
2026-03-25 12:55:00,55.435,55.44,55.4,55.405,3615.0
2026-03-25 13:00:00,55.42,55.5497,55.42,55.44,5266.0
2026-03-25 13:05:00,55.42,55.475,55.39,55.475,700.0
2026-03-25 13:15:00,55.39,55.41,55.39,55.41,912.0
2026-03-25 13:20:00,55.4101,55.46,55.4101,55.46,1600.0
2026-03-25 13:25:00,55.48,55.495,55.48,55.49,2500.0
2026-03-25 13:30:00,55.48,55.5,55.47,55.5,1600.0
2026-03-25 13:35:00,55.56,55.56,55.54,55.545,1004.0
2026-03-25 13:40:00,55.57,55.59,55.55,55.59,1100.0
2026-03-25 13:45:00,55.58,55.58,55.52,55.5399,844.0
2026-03-25 13:50:00,55.5,55.53,55.44,55.44,1180.0
2026-03-25 13:55:00,55.47,55.54,55.47,55.51,1200.0
2026-03-25 14:00:00,55.41,55.465,55.41,55.43,979.0
2026-03-25 14:05:00,55.48,55.49,55.48,55.49,1517.0
2026-03-25 14:10:00,55.45,55.485,55.425,55.425,1309.0
2026-03-25 14:15:00,55.45,55.49,55.4101,55.4101,2180.0
2026-03-25 14:20:00,55.5,55.53,55.5,55.505,1445.0
2026-03-25 14:25:00,55.5,55.5,55.42,55.42,26938.0
2026-03-25 14:30:00,55.45,55.5,55.42,55.5,16620.0
2026-03-25 14:35:00,55.4847,55.4847,55.4847,55.4847,100.0
2026-03-25 14:40:00,55.45,55.46,55.43,55.45,3242.0
2026-03-25 14:45:00,55.41,55.44,55.41,55.44,5499.0
2026-03-25 14:50:00,55.405,55.405,55.405,55.405,200.0
2026-03-25 14:55:00,55.41,55.41,55.2,55.36,945.0
2026-03-25 15:00:00,55.366,55.366,55.23,55.265,19104.0
2026-03-25 15:05:00,55.28,55.28,55.24,55.24,2065.0
2026-03-25 15:10:00,55.2,55.26,55.2,55.26,3042.0
2026-03-25 15:15:00,55.2696,55.32,55.2696,55.32,2309.0
2026-03-25 15:20:00,55.33,55.385,55.33,55.35,1590.0
2026-03-25 15:25:00,55.38,55.38,55.32,55.32,752.0
2026-03-25 15:30:00,55.2514,55.27,55.25,55.27,635.0
2026-03-25 15:35:00,55.27,55.32,55.215,55.22,5190.0
2026-03-25 15:40:00,55.28,55.3435,55.28,55.31,11321.0
2026-03-25 15:45:00,55.27,55.3,55.24,55.29,3842.0
2026-03-25 15:50:00,55.3,55.325,55.28,55.3,10045.0
2026-03-25 15:55:00,55.3,55.3386,55.26,55.27,10327.0
2026-03-25 16:00:00,55.32,55.32,55.32,55.32,1908.0
2026-03-25 16:15:00,55.37,55.37,55.37,55.37,200.0
2026-03-25 18:00:00,55.175,55.175,55.175,55.175,450.0
2026-03-26 07:55:00,54.69,54.69,54.69,54.69,100.0
2026-03-26 08:00:00,54.91,54.91,54.89,54.89,1174.0
2026-03-26 09:30:00,54.0,54.19,53.84,54.1,7701.0
2026-03-26 09:35:00,54.12,54.14,54.02,54.14,1799.0
2026-03-26 09:40:00,54.07,54.32,54.07,54.32,1600.0
2026-03-26 09:45:00,54.455,54.585,54.37,54.585,1492.0
2026-03-26 09:50:00,54.51,54.51,54.51,54.51,100.0
2026-03-26 09:55:00,54.3701,54.465,54.37,54.465,1000.0
2026-03-26 10:05:00,54.43,54.46,54.31,54.345,6363.0
2026-03-26 10:10:00,54.305,54.345,54.305,54.345,787.0
2026-03-26 10:15:00,54.52,54.52,54.42,54.48,1242.0
2026-03-26 10:20:00,54.455,54.57,54.455,54.55,1206.0
2026-03-26 10:25:00,54.55,54.55,54.525,54.525,830.0
2026-03-26 10:30:00,54.525,54.6,54.4201,54.6,2623.0
2026-03-26 10:35:00,54.6,54.6,54.46,54.46,2937.0
2026-03-26 10:40:00,54.455,54.455,54.2201,54.34,450.0
2026-03-26 10:45:00,54.2803,54.2831,54.1,54.15,1800.0
2026-03-26 10:50:00,54.11,54.17,53.94,53.94,1690.0
2026-03-26 10:55:00,53.98,53.985,53.98,53.985,313.0
2026-03-26 11:00:00,54.065,54.11,54.025,54.03,850.0
2026-03-26 11:05:00,54.0001,54.04,54.0001,54.03,500.0
2026-03-26 11:15:00,54.06,54.0899,53.97,53.98,3853.0
2026-03-26 11:20:00,54.065,54.1,54.02,54.02,538.0
2026-03-26 11:25:00,54.1,54.11,54.1,54.11,300.0
2026-03-26 11:30:00,54.0645,54.105,54.0645,54.105,499.0
2026-03-26 11:35:00,54.145,54.145,54.115,54.115,1186.0
2026-03-26 11:45:00,54.04,54.1918,54.02,54.1918,990.0
2026-03-26 11:55:00,54.1,54.1,54.1,54.1,100.0
2026-03-26 12:00:00,54.07,54.16,54.07,54.16,1649.0
2026-03-26 12:05:00,54.06,54.11,54.06,54.11,352.0
2026-03-26 12:10:00,54.115,54.12,54.11,54.12,2700.0
2026-03-26 12:15:00,54.065,54.065,53.99,53.99,1712.0
2026-03-26 12:20:00,53.89,53.9099,53.82,53.87,2150.0
2026-03-26 12:25:00,53.8,53.8,53.78,53.79,1172.0
2026-03-26 12:30:00,53.795,53.8099,53.73,53.79,1202.0
2026-03-26 12:35:00,53.78,53.79,53.71,53.76,10190.0
2026-03-26 12:40:00,53.76,53.76,53.73,53.73,300.0
2026-03-26 12:45:00,53.74,53.75,53.71,53.7251,68921.0
2026-03-26 12:50:00,53.71,53.77,53.71,53.75,2977.0
2026-03-26 12:55:00,53.8,53.81,53.8,53.8,2895.0
2026-03-26 13:00:00,53.8334,53.875,53.8334,53.86,800.0
2026-03-26 13:05:00,53.9101,53.9101,53.88,53.89,1404.0
2026-03-26 13:10:00,53.855,53.855,53.85,53.85,200.0
2026-03-26 13:15:00,53.78,53.78,53.78,53.78,1000.0
2026-03-26 13:20:00,53.72,53.72,53.72,53.72,100.0
2026-03-26 13:25:00,53.71,53.72,53.665,53.71,600.0
2026-03-26 13:30:00,53.77,53.8,53.77,53.8,1240.0
2026-03-26 13:35:00,53.82,53.8892,53.8,53.8892,2456.0
2026-03-26 13:45:00,53.707,53.725,53.707,53.725,921.0
2026-03-26 13:50:00,53.65,53.65,53.64,53.64,200.0
2026-03-26 13:55:00,53.64,53.64,53.54,53.55,31671.0
2026-03-26 14:00:00,53.715,53.715,53.715,53.715,1395.0
2026-03-26 14:05:00,53.755,53.755,53.755,53.755,100.0
2026-03-26 14:15:00,53.73,53.73,53.69,53.7,3204.0
2026-03-26 14:20:00,53.67,53.7,53.65,53.7,6591.0
2026-03-26 14:25:00,53.63,53.63,53.63,53.63,500.0
2026-03-26 14:30:00,53.69,53.72,53.69,53.72,926.0
2026-03-26 14:35:00,53.81,53.83,53.81,53.83,1200.0
2026-03-26 14:40:00,53.8468,53.8468,53.795,53.81,1706.0
2026-03-26 14:50:00,53.84,53.84,53.84,53.84,400.0
2026-03-26 14:55:00,53.83,53.8469,53.8,53.81,3560.0
2026-03-26 15:00:00,53.81,53.84,53.7401,53.7401,4927.0
2026-03-26 15:05:00,53.72,53.72,53.68,53.68,200.0
2026-03-26 15:10:00,53.645,53.645,53.59,53.62,1204.0
2026-03-26 15:15:00,53.72,53.72,53.72,53.72,180.0
2026-03-26 15:20:00,53.69,53.71,53.6601,53.6801,2821.0
2026-03-26 15:25:00,53.645,53.645,53.645,53.645,1153.0
2026-03-26 15:30:00,53.65,53.65,53.565,53.61,1890.0
2026-03-26 15:35:00,53.64,53.67,53.64,53.66,1440.0
2026-03-26 15:40:00,53.65,53.66,53.58,53.6,6430.0
2026-03-26 15:45:00,53.58,53.61,53.57,53.59,3495.0
2026-03-26 15:50:00,53.58,53.59,53.53,53.55,11073.0
2026-03-26 15:55:00,53.56,53.63,53.53,53.63,11759.0
2026-03-26 16:00:00,53.59,53.59,53.59,53.59,2526.0
2026-03-26 16:10:00,53.489,53.489,53.489,53.489,500.0
2026-03-26 16:15:00,54.88,54.88,54.88,54.88,450.0
2026-03-26 19:20:00,54.02,54.02,54.02,54.02,100.0
2026-03-27 04:35:00,53.82,53.82,53.48,53.48,722.0
2026-03-27 04:50:00,54.29,54.9,54.29,54.9,407.0
2026-03-27 07:00:00,53.92,53.92,53.92,53.92,100.0
2026-03-27 08:00:00,54.28,54.42,54.28,54.42,200.0
2026-03-27 09:05:00,53.44,53.44,53.43,53.43,693.0
2026-03-27 09:30:00,53.32,53.48,53.32,53.44,6666.0
2026-03-27 09:35:00,53.44,53.64,53.3167,53.64,3351.0
2026-03-27 09:40:00,53.635,53.635,53.46,53.58,4625.0
2026-03-27 09:45:00,53.585,53.81,53.585,53.81,3299.0
2026-03-27 09:50:00,53.75,53.75,53.63,53.63,699.0
2026-03-27 09:55:00,53.57,53.57,53.57,53.57,100.0
2026-03-27 10:00:00,53.56,53.67,53.48,53.67,65925.0
2026-03-27 10:05:00,53.73,53.7899,53.6,53.69,4892.0
2026-03-27 10:10:00,53.72,53.79,53.68,53.79,9379.0
2026-03-27 10:15:00,53.765,53.8999,53.65,53.865,94977.0
2026-03-27 10:20:00,53.9,53.97,53.845,53.845,4856.0
2026-03-27 10:25:00,53.8,53.8901,53.78,53.805,12695.0
2026-03-27 10:30:00,53.8,53.875,53.8,53.835,1415.0
2026-03-27 10:35:00,53.8095,53.83,53.7521,53.83,898.0
2026-03-27 10:40:00,53.77,53.77,53.65,53.66,1675.0
2026-03-27 10:45:00,53.8183,53.83,53.8,53.83,3365.0
2026-03-27 10:50:00,53.835,53.95,53.835,53.945,5650.0
2026-03-27 10:55:00,53.914,54.07,53.875,54.07,5217.0
2026-03-27 11:00:00,54.135,54.3401,54.135,54.3401,304.0
2026-03-27 11:05:00,54.2,54.2,54.2,54.2,100.0
2026-03-27 11:10:00,54.225,54.3,54.17,54.27,2499.0
2026-03-27 11:15:00,54.27,54.27,54.27,54.27,103.0
2026-03-27 11:20:00,54.38,54.38,54.38,54.38,300.0
2026-03-27 11:25:00,54.39,54.415,54.39,54.415,3900.0
2026-03-27 11:30:00,54.435,54.5999,54.435,54.5999,4889.0
2026-03-27 11:35:00,54.56,54.56,54.475,54.475,3025.0
2026-03-27 11:40:00,54.43,54.4649,54.41,54.41,716.0
2026-03-27 11:45:00,54.36,54.44,54.35,54.44,2280.0
2026-03-27 11:50:00,54.325,54.325,54.325,54.325,400.0
2026-03-27 11:55:00,54.44,54.44,54.255,54.255,1067.0
2026-03-27 12:00:00,54.235,54.235,54.235,54.235,198.0
2026-03-27 12:10:00,54.17,54.18,54.17,54.18,493.0
2026-03-27 12:15:00,54.145,54.145,54.145,54.145,200.0
2026-03-27 12:25:00,54.2077,54.2077,54.2077,54.2077,147.0
2026-03-27 12:30:00,54.1404,54.1999,54.125,54.125,1196.0
2026-03-27 12:40:00,54.06,54.06,54.06,54.06,100.0
2026-03-27 12:45:00,54.095,54.21,54.095,54.21,1500.0
2026-03-27 12:50:00,54.24,54.26,54.205,54.205,708.0
2026-03-27 13:00:00,54.12,54.12,54.12,54.12,107.0
2026-03-27 13:05:00,54.12,54.155,54.12,54.155,200.0
2026-03-27 13:10:00,54.06,54.115,54.06,54.06,853.0
2026-03-27 13:15:00,54.03,54.04,54.025,54.025,604.0
2026-03-27 13:20:00,53.9,54.0199,53.9,53.9747,550.0
2026-03-27 13:25:00,53.8999,53.8999,53.8999,53.8999,518.0
2026-03-27 13:35:00,53.8,53.8,53.8,53.8,200.0
2026-03-27 13:45:00,53.7601,53.825,53.7601,53.825,1404.0
2026-03-27 13:50:00,53.8,53.8,53.74,53.74,400.0
2026-03-27 13:55:00,53.765,53.808,53.68,53.69,1750.0
2026-03-27 14:00:00,53.67,53.69,53.66,53.68,600.0
2026-03-27 14:05:00,53.72,53.72,53.68,53.68,435.0
2026-03-27 14:10:00,53.68,53.73,53.6,53.6,1631.0
2026-03-27 14:15:00,53.61,53.715,53.6,53.66,1361.0
2026-03-27 14:20:00,53.7,53.7744,53.67,53.7744,903.0
2026-03-27 14:25:00,53.7656,53.7656,53.66,53.66,1244.0
2026-03-27 14:30:00,53.68,53.73,53.68,53.68,600.0
2026-03-27 14:35:00,53.705,53.715,53.6501,53.71,1502.0
2026-03-27 14:40:00,53.7,53.85,53.7,53.85,3137.0
2026-03-27 14:45:00,53.77,53.775,53.77,53.775,670.0
2026-03-27 14:50:00,53.72,53.72,53.7,53.7,600.0
2026-03-27 14:55:00,53.7,53.71,53.69,53.69,500.0
2026-03-27 15:00:00,53.72,53.72,53.67,53.67,1085.0
2026-03-27 15:05:00,53.67,53.705,53.67,53.69,1286.0
2026-03-27 15:10:00,53.67,53.71,53.67,53.71,898.0
2026-03-27 15:15:00,53.7,53.75,53.67,53.75,2736.0
2026-03-27 15:20:00,53.73,53.7799,53.7,53.7,2647.0
2026-03-27 15:25:00,53.7,53.7,53.69,53.69,1200.0
2026-03-27 15:30:00,53.7,53.725,53.69,53.69,1101.0
2026-03-27 15:35:00,53.69,53.69,53.66,53.67,1249.0
2026-03-27 15:40:00,53.66,53.66,53.59,53.66,19964.0
2026-03-27 15:45:00,53.62,53.62,53.55,53.55,516.0
2026-03-27 15:50:00,53.7099,53.745,53.65,53.745,5153.0
2026-03-27 15:55:00,53.76,53.88,53.72,53.82,9788.0
2026-03-27 16:00:00,53.89,53.89,53.89,53.89,1664.0
2026-03-27 19:40:00,53.5,53.5,53.5,53.5,167.0
2026-03-30 07:00:00,54.67,54.67,54.66,54.66,309
2026-03-30 07:55:00,54.67,54.67,54.67,54.67,200
2026-03-30 08:20:00,55.6279,55.6279,55.6279,55.6279,100
2026-03-30 09:15:00,55.0,55.0,55.0,55.0,200
2026-03-30 09:30:00,55.06,55.37,54.99,55.13,21912
2026-03-30 09:35:00,55.0025,55.1,54.9465,54.95,2660
2026-03-30 09:40:00,54.9137,54.9137,54.7101,54.78,2124
2026-03-30 09:45:00,54.8,54.81,54.58,54.67,2564
2026-03-30 09:50:00,54.7207,54.7207,54.65,54.68,3271
2026-03-30 09:55:00,54.59,54.6402,54.44,54.48,1169
2026-03-30 10:00:00,54.525,54.64,54.525,54.64,600
2026-03-30 10:05:00,54.67,54.67,54.5,54.65,2140
2026-03-30 10:10:00,54.695,54.8955,54.695,54.8955,415
2026-03-30 10:15:00,54.79,54.79,54.65,54.69,552
2026-03-30 10:20:00,54.665,54.665,54.665,54.665,500
2026-03-30 10:25:00,54.655,54.655,54.53,54.53,300
2026-03-30 10:30:00,54.7,54.7,54.585,54.585,2355
2026-03-30 10:35:00,54.55,54.55,54.44,54.55,18909
2026-03-30 10:40:00,54.61,54.61,54.61,54.61,153
2026-03-30 10:45:00,54.32,54.41,54.31,54.41,1343
2026-03-30 10:55:00,54.6566,54.6566,54.6566,54.6566,162
2026-03-30 11:00:00,54.68,54.74,54.68,54.725,1441
2026-03-30 11:05:00,54.72,54.72,54.5,54.5,500
2026-03-30 11:15:00,54.39,54.44,54.34,54.34,20869
2026-03-30 11:20:00,54.44,54.5,54.43,54.46,18223
2026-03-30 11:25:00,54.43,54.56,54.43,54.49,2222
2026-03-30 11:30:00,54.51,54.62,54.51,54.62,1479
2026-03-30 11:35:00,54.76,54.77,54.76,54.77,257
2026-03-30 11:40:00,54.75,54.87,54.75,54.86,2787
2026-03-30 11:45:00,54.82,54.83,54.79,54.81,1850
2026-03-30 11:50:00,54.8,54.85,54.72,54.82,4009
2026-03-30 11:55:00,54.74,54.74,54.7,54.7,2954
2026-03-30 12:00:00,54.72,54.72,54.535,54.535,2509
2026-03-30 12:05:00,54.59,54.59,54.57,54.57,900
2026-03-30 12:10:00,54.56,54.56,54.56,54.56,186
2026-03-30 12:15:00,54.51,54.51,54.48,54.48,1150
2026-03-30 12:20:00,54.49,54.5,54.49,54.5,300
2026-03-30 12:25:00,54.37,54.37,54.3285,54.365,1024
2026-03-30 12:30:00,54.355,54.435,54.355,54.435,1049
2026-03-30 12:35:00,54.415,54.415,54.415,54.415,225
2026-03-30 12:40:00,54.44,54.5,54.43,54.4501,2350
2026-03-30 12:45:00,54.45,54.45,54.45,54.45,100
2026-03-30 12:50:00,54.44,54.49,54.44,54.47,1000
2026-03-30 12:55:00,54.4,54.4,54.32,54.385,868
2026-03-30 13:00:00,54.37,54.4739,54.37,54.37,850
2026-03-30 13:05:00,54.412,54.412,54.3,54.3,550
2026-03-30 13:10:00,54.13,54.22,54.13,54.21,1401
2026-03-30 13:15:00,54.18,54.18,54.11,54.11,680
2026-03-30 13:20:00,54.06,54.06,54.01,54.01,633
2026-03-30 13:25:00,54.02,54.03,54.0,54.0299,7080
2026-03-30 13:30:00,54.02,54.02,53.96,54.0,1125
2026-03-30 13:35:00,53.95,54.04,53.9345,54.015,63748
2026-03-30 13:40:00,54.04,54.09,54.02,54.09,3072
2026-03-30 13:45:00,54.15,54.25,54.08,54.09,1600
2026-03-30 13:50:00,54.058,54.065,54.058,54.065,850
2026-03-30 13:55:00,54.09,54.09,53.99,54.0399,700
2026-03-30 14:00:00,54.035,54.1,54.035,54.09,1550
2026-03-30 14:05:00,54.05,54.06,54.0,54.0,1444
2026-03-30 14:10:00,54.05,54.06,54.01,54.06,1200
2026-03-30 14:15:00,54.11,54.13,54.1,54.13,805
2026-03-30 14:20:00,54.155,54.155,54.105,54.105,302
2026-03-30 14:25:00,54.04,54.04,54.0001,54.0001,1285
2026-03-30 14:30:00,54.06,54.06,54.06,54.06,100
2026-03-30 14:40:00,54.01,54.01,54.01,54.01,270
2026-03-30 14:45:00,54.04,54.04,53.99,53.99,1000
2026-03-30 14:50:00,53.99,54.0,53.88,53.88,5300
2026-03-30 14:55:00,53.86,53.96,53.82,53.82,269560
2026-03-30 15:00:00,53.838,53.87,53.83,53.86,1500
2026-03-30 15:05:00,53.81,53.81,53.71,53.71,1175
2026-03-30 15:10:00,53.68,53.7,53.655,53.66,1200
2026-03-30 15:15:00,53.675,53.7185,53.675,53.7185,2292
2026-03-30 15:20:00,53.68,53.68,53.64,53.68,1737
2026-03-30 15:25:00,53.62,53.62,53.57,53.57,1040
2026-03-30 15:30:00,53.62,53.66,53.6,53.65,4100
2026-03-30 15:35:00,53.65,53.73,53.65,53.71,2870
2026-03-30 15:40:00,53.73,53.77,53.71,53.75,2366
2026-03-30 15:45:00,53.73,53.76,53.705,53.71,5418
2026-03-30 15:50:00,53.75,53.79,53.725,53.79,6372
2026-03-30 15:55:00,53.88,53.98,53.83,53.98,7134
2026-03-30 16:00:00,53.93,53.93,53.93,53.93,2223
2026-03-30 16:25:00,54.22,54.28,54.22,54.28,400
2026-03-30 17:45:00,55.0,55.0,55.0,55.0,150
2026-03-30 17:50:00,54.01,54.01,54.01,54.01,200
2026-03-31 09:30:00,55.195,55.44,55.165,55.17,8650
2026-03-31 09:35:00,55.35,55.44,55.291,55.42,4540
2026-03-31 09:40:00,55.41,55.515,55.303,55.303,1909
2026-03-31 09:45:00,55.325,55.41,55.305,55.41,4964
2026-03-31 09:50:00,55.45,55.605,55.415,55.605,1554
2026-03-31 09:55:00,55.58,55.6,55.51,55.55,1140
2026-03-31 10:00:00,55.59,55.66,55.545,55.66,2890
2026-03-31 10:05:00,55.59,55.59,55.4701,55.535,1500
2026-03-31 10:10:00,55.51,55.595,55.47,55.58,20357
2026-03-31 10:15:00,55.62,55.7299,55.6,55.7299,6014
2026-03-31 10:20:00,55.6,55.69,55.6,55.68,1525
2026-03-31 10:25:00,55.59,55.75,55.59,55.75,2050
2026-03-31 10:30:00,55.73,55.755,55.7,55.74,2965
2026-03-31 10:35:00,55.74,55.74,55.565,55.57,3450
2026-03-31 10:45:00,55.46,55.48,55.3,55.3,999
2026-03-31 10:50:00,55.27,55.365,55.27,55.315,2228
2026-03-31 10:55:00,55.22,55.22,55.15,55.195,3306
2026-03-31 11:00:00,55.29,55.325,55.29,55.325,300
2026-03-31 11:05:00,55.4,55.51,55.4,55.48,3189
2026-03-31 11:10:00,55.46,55.71,55.43,55.7,14390
2026-03-31 11:15:00,55.64,55.64,55.63,55.63,553
2026-03-31 11:20:00,55.58,55.58,55.505,55.565,2305
2026-03-31 11:25:00,55.48,55.48,55.48,55.48,228
2026-03-31 11:30:00,55.4,55.42,55.4,55.42,200
2026-03-31 11:35:00,55.45,55.47,55.42,55.42,660
2026-03-31 11:45:00,55.33,55.35,55.28,55.28,152376
2026-03-31 11:50:00,55.33,55.36,55.25,55.25,5598
2026-03-31 11:55:00,55.28,55.28,55.145,55.1699,1300
2026-03-31 12:00:00,55.11,55.3081,55.11,55.3081,921
2026-03-31 12:10:00,55.26,55.26,55.18,55.23,5322
2026-03-31 12:15:00,55.29,55.29,55.25,55.25,202
2026-03-31 12:20:00,55.26,55.345,55.21,55.31,1211
2026-03-31 12:25:00,55.34,55.34,55.34,55.34,900
2026-03-31 12:30:00,55.27,55.29,55.26,55.28,1081
2026-03-31 12:35:00,55.26,55.675,55.26,55.675,4222
2026-03-31 12:40:00,55.6628,56.29,55.6628,56.29,4075
2026-03-31 12:45:00,56.18,56.2,56.0,56.0,1677
2026-03-31 12:50:00,56.06,56.18,56.055,56.0731,5809
2026-03-31 12:55:00,56.0575,56.12,56.045,56.055,3476
2026-03-31 13:00:00,56.055,56.265,56.05,56.24,6644
2026-03-31 13:05:00,56.24,56.24,56.09,56.09,900
2026-03-31 13:10:00,56.0799,56.1499,56.0401,56.105,6220
2026-03-31 13:15:00,56.0612,56.19,56.0612,56.16,647
2026-03-31 13:20:00,56.185,56.185,56.12,56.13,4536
2026-03-31 13:25:00,56.13,56.13,56.03,56.05,2232
2026-03-31 13:30:00,56.06,56.2699,56.06,56.176,2450
2026-03-31 13:35:00,56.22,56.23,56.03,56.12,22372
2026-03-31 13:40:00,56.15,56.19,56.0951,56.1,3773
2026-03-31 13:45:00,56.11,56.1986,56.11,56.12,2007
2026-03-31 13:50:00,56.155,56.17,56.155,56.17,682
2026-03-31 13:55:00,56.05,56.07,56.04,56.04,1914
2026-03-31 14:00:00,56.1,56.15,56.08,56.09,2027
2026-03-31 14:05:00,56.11,56.15,56.06,56.15,73114
2026-03-31 14:10:00,56.19,56.19,56.16,56.16,1225
2026-03-31 14:15:00,56.2,56.33,56.2,56.32,2496
2026-03-31 14:20:00,56.28,56.31,56.24,56.29,2395
2026-03-31 14:25:00,56.2,56.26,56.16,56.26,4036
2026-03-31 14:30:00,56.22,56.25,56.21,56.25,900
2026-03-31 14:35:00,56.255,56.44,56.255,56.41,14514
2026-03-31 14:40:00,56.41,56.42,56.315,56.367,24059
2026-03-31 14:45:00,56.39,56.41,56.355,56.355,3377
2026-03-31 14:50:00,56.4392,56.48,56.435,56.475,1830
2026-03-31 14:55:00,56.39,56.45,56.39,56.45,923
2026-03-31 15:00:00,56.43,56.5,56.43,56.48,9302
2026-03-31 15:05:00,56.46,56.49,56.405,56.405,2766
2026-03-31 15:10:00,56.47,56.48,56.47,56.48,278
2026-03-31 15:15:00,56.54,56.54,56.48,56.54,2420
2026-03-31 15:20:00,56.56,56.6299,56.525,56.575,5385
2026-03-31 15:25:00,56.54,56.6,56.53,56.55,15803
2026-03-31 15:30:00,56.56,56.61,56.53,56.53,15186
2026-03-31 15:35:00,56.56,56.695,56.55,56.685,8514
2026-03-31 15:40:00,56.65,56.67,56.55,56.6,9543
2026-03-31 15:45:00,56.59,56.79,56.59,56.74,20400
2026-03-31 15:50:00,56.75,56.84,56.58,56.655,94426
2026-03-31 15:55:00,56.66,56.75,56.63,56.63,37560
2026-03-31 16:00:00,56.59,56.59,56.59,56.59,70255
2026-03-31 16:10:00,56.9,56.95,56.9,56.95,400
2026-03-31 19:45:00,58.321,58.321,58.321,58.321,100
2026-04-01 09:30:00,57.73,57.73,57.59,57.7,19059
2026-04-01 09:35:00,57.7,57.8999,57.68,57.8999,5514
2026-04-01 09:40:00,57.87,57.89,57.5386,57.555,10582
2026-04-01 09:45:00,57.56,57.6965,57.51,57.6,3594
2026-04-01 09:50:00,57.53,57.79,57.53,57.7,10984
2026-04-01 09:55:00,57.69,57.7469,57.63,57.685,1754
2026-04-01 10:00:00,57.77,57.77,57.65,57.65,7871
2026-04-01 10:05:00,57.665,57.68,57.46,57.68,20739
2026-04-01 10:10:00,57.64,57.71,57.59,57.64,950
2026-04-01 10:15:00,57.7,57.73,57.655,57.73,3736
2026-04-01 10:20:00,57.76,57.89,57.7,57.7,5365
2026-04-01 10:25:00,57.695,57.81,57.685,57.81,1792
2026-04-01 10:30:00,57.9,57.925,57.83,57.84,1525
2026-04-01 10:35:00,57.82,58.02,57.71,57.92,2440
2026-04-01 10:40:00,57.825,58.05,57.825,57.99,2675
2026-04-01 10:45:00,58.03,58.03,57.9599,57.9599,2119
2026-04-01 10:50:00,58.08,58.15,58.08,58.15,1246
2026-04-01 10:55:00,58.11,58.14,58.1,58.1,1010
2026-04-01 11:00:00,58.115,58.15,58.11,58.15,2406
2026-04-01 11:05:00,58.1963,58.23,58.175,58.23,1623
2026-04-01 11:10:00,58.205,58.245,58.15,58.15,672
2026-04-01 11:15:00,58.1999,58.1999,58.13,58.18,2492
2026-04-01 11:20:00,58.19,58.19,58.05,58.05,1374
2026-04-01 11:25:00,58.04,58.04,58.04,58.04,100
2026-04-01 11:30:00,58.041,58.25,57.98,58.13,49593
2026-04-01 11:35:00,58.19,58.19,58.19,58.19,900
2026-04-01 11:40:00,58.185,58.2192,58.185,58.2192,1031
2026-04-01 11:45:00,58.245,58.2857,58.2401,58.25,2936
2026-04-01 11:50:00,58.25,58.28,58.24,58.28,1551
2026-04-01 11:55:00,58.3,58.3,58.295,58.295,650
2026-04-01 12:00:00,58.25,58.255,58.21,58.255,479
2026-04-01 12:05:00,58.33,58.33,58.275,58.275,600
2026-04-01 12:10:00,58.285,58.3,58.2,58.205,22317
2026-04-01 12:15:00,58.185,58.185,58.065,58.09,5987
2026-04-01 12:20:00,58.12,58.1599,58.08,58.1599,3508
2026-04-01 12:25:00,58.02,58.02,58.02,58.02,400
2026-04-01 12:30:00,58.05,58.1499,58.02,58.1499,1857
2026-04-01 12:35:00,58.15,58.209,58.15,58.15,1270
2026-04-01 12:40:00,58.19,58.2199,58.19,58.2199,369
2026-04-01 12:45:00,58.2,58.21,58.18,58.21,1479
2026-04-01 12:50:00,58.25,58.3199,58.23,58.29,7320
2026-04-01 12:55:00,58.3,58.33,58.3,58.33,1326
2026-04-01 13:00:00,58.37,58.45,58.36,58.45,6046
2026-04-01 13:05:00,58.5,58.5,58.39,58.39,2178
2026-04-01 13:10:00,58.39,58.44,58.39,58.44,1241
2026-04-01 13:15:00,58.41,58.41,58.385,58.385,2271
2026-04-01 13:20:00,58.39,58.41,58.36,58.375,3349
2026-04-01 13:25:00,58.43,58.46,58.405,58.45,1697
2026-04-01 13:30:00,58.45,58.45,58.33,58.33,1166
2026-04-01 13:35:00,58.36,58.398,58.32,58.365,1533
2026-04-01 13:40:00,58.38,58.4,58.33,58.33,4081
2026-04-01 13:45:00,58.34,58.34,58.2945,58.31,2712
2026-04-01 13:50:00,58.31,58.33,58.295,58.3,1375
2026-04-01 13:55:00,58.27,58.27,58.25,58.25,650
2026-04-01 14:00:00,58.2,58.2,58.12,58.12,606
2026-04-01 14:05:00,58.19,58.2,58.1397,58.1397,2058
2026-04-01 14:10:00,58.14,58.14,58.09,58.125,1100
2026-04-01 14:15:00,58.1,58.1,58.0,58.055,820
2026-04-01 14:20:00,57.9,57.9589,57.84,57.89,7773
2026-04-01 14:25:00,57.81,57.82,57.73,57.82,6900
2026-04-01 14:30:00,57.75,57.84,57.73,57.775,2095
2026-04-01 14:35:00,57.73,57.77,57.67,57.745,3770
2026-04-01 14:40:00,57.8,57.9099,57.8,57.9099,1787
2026-04-01 14:45:00,57.83,57.86,57.805,57.83,2250
2026-04-01 14:50:00,57.82,57.82,57.79,57.79,900
2026-04-01 15:00:00,57.79,57.82,57.77,57.8,2000
2026-04-01 15:05:00,57.81,57.895,57.81,57.835,2877
2026-04-01 15:10:00,57.815,57.86,57.815,57.83,1000
2026-04-01 15:15:00,57.85,57.93,57.85,57.93,2027
2026-04-01 15:20:00,57.89,57.895,57.875,57.895,818
2026-04-01 15:25:00,57.93,57.9728,57.93,57.9728,833
2026-04-01 15:30:00,57.93,57.965,57.93,57.93,575
2026-04-01 15:35:00,57.94,58.03,57.93,57.9872,2481
2026-04-01 15:40:00,57.985,58.06,57.95,57.955,6766
2026-04-01 15:45:00,57.945,58.01,57.945,57.985,3230
2026-04-01 15:50:00,57.97,57.97,57.83,57.83,5634
2026-04-01 15:55:00,57.83,57.915,57.805,57.82,18190
2026-04-01 16:00:00,57.85,57.85,57.85,57.85,3165
2026-04-01 09:30:00,57.73,57.73,57.59,57.7,19059
2026-04-01 09:35:00,57.7,57.8999,57.68,57.8999,5514
2026-04-01 09:40:00,57.87,57.89,57.5386,57.555,10582
2026-04-01 09:45:00,57.56,57.6965,57.51,57.6,3594
2026-04-01 09:50:00,57.53,57.79,57.53,57.7,10984
2026-04-01 09:55:00,57.69,57.7469,57.63,57.685,1754
2026-04-01 10:00:00,57.77,57.77,57.65,57.65,7871
2026-04-01 10:05:00,57.665,57.68,57.46,57.68,20739
2026-04-01 10:10:00,57.64,57.71,57.59,57.64,950
2026-04-01 10:15:00,57.7,57.73,57.655,57.73,3736
2026-04-01 10:20:00,57.76,57.89,57.7,57.7,5365
2026-04-01 10:25:00,57.695,57.81,57.685,57.81,1792
2026-04-01 10:30:00,57.9,57.925,57.83,57.84,1525
2026-04-01 10:35:00,57.82,58.02,57.71,57.92,2440
2026-04-01 10:40:00,57.825,58.05,57.825,57.99,2675
2026-04-01 10:45:00,58.03,58.03,57.9599,57.9599,2119
2026-04-01 10:50:00,58.08,58.15,58.08,58.15,1246
2026-04-01 10:55:00,58.11,58.14,58.1,58.1,1010
2026-04-01 11:00:00,58.115,58.15,58.11,58.15,2406
2026-04-01 11:05:00,58.1963,58.23,58.175,58.23,1623
2026-04-01 11:10:00,58.205,58.245,58.15,58.15,672
2026-04-01 11:15:00,58.1999,58.1999,58.13,58.18,2492
2026-04-01 11:20:00,58.19,58.19,58.05,58.05,1374
2026-04-01 11:25:00,58.04,58.04,58.04,58.04,100
2026-04-01 11:30:00,58.041,58.25,57.98,58.13,49593
2026-04-01 11:35:00,58.19,58.19,58.19,58.19,900
2026-04-01 11:40:00,58.185,58.2192,58.185,58.2192,1031
2026-04-01 11:45:00,58.245,58.2857,58.2401,58.25,2936
2026-04-01 11:50:00,58.25,58.28,58.24,58.28,1551
2026-04-01 11:55:00,58.3,58.3,58.295,58.295,650
2026-04-01 12:00:00,58.25,58.255,58.21,58.255,479
2026-04-01 12:05:00,58.33,58.33,58.275,58.275,600
2026-04-01 12:10:00,58.285,58.3,58.2,58.205,22317
2026-04-01 12:15:00,58.185,58.185,58.065,58.09,5987
2026-04-01 12:20:00,58.12,58.1599,58.08,58.1599,3508
2026-04-01 12:25:00,58.02,58.02,58.02,58.02,400
2026-04-01 12:30:00,58.05,58.1499,58.02,58.1499,1857
2026-04-01 12:35:00,58.15,58.209,58.15,58.15,1270
2026-04-01 12:40:00,58.19,58.2199,58.19,58.2199,369
2026-04-01 12:45:00,58.2,58.21,58.18,58.21,1479
2026-04-01 12:50:00,58.25,58.3199,58.23,58.29,7320
2026-04-01 12:55:00,58.3,58.33,58.3,58.33,1326
2026-04-01 13:00:00,58.37,58.45,58.36,58.45,6046
2026-04-01 13:05:00,58.5,58.5,58.39,58.39,2178
2026-04-01 13:10:00,58.39,58.44,58.39,58.44,1241
2026-04-01 13:15:00,58.41,58.41,58.385,58.385,2271
2026-04-01 13:20:00,58.39,58.41,58.36,58.375,3349
2026-04-01 13:25:00,58.43,58.46,58.405,58.45,1697
2026-04-01 13:30:00,58.45,58.45,58.33,58.33,1166
2026-04-01 13:35:00,58.36,58.398,58.32,58.365,1533
2026-04-01 13:40:00,58.38,58.4,58.33,58.33,4081
2026-04-01 13:45:00,58.34,58.34,58.2945,58.31,2712
2026-04-01 13:50:00,58.31,58.33,58.295,58.3,1375
2026-04-01 13:55:00,58.27,58.27,58.25,58.25,650
2026-04-01 14:00:00,58.2,58.2,58.12,58.12,606
2026-04-01 14:05:00,58.19,58.2,58.1397,58.1397,2058
2026-04-01 14:10:00,58.14,58.14,58.09,58.125,1100
2026-04-01 14:15:00,58.1,58.1,58.0,58.055,820
2026-04-01 14:20:00,57.9,57.9589,57.84,57.89,7773
2026-04-01 14:25:00,57.81,57.82,57.73,57.82,6900
2026-04-01 14:30:00,57.75,57.84,57.73,57.775,2095
2026-04-01 14:35:00,57.73,57.77,57.67,57.745,3770
2026-04-01 14:40:00,57.8,57.9099,57.8,57.9099,1787
2026-04-01 14:45:00,57.83,57.86,57.805,57.83,2250
2026-04-01 14:50:00,57.82,57.82,57.79,57.79,900
2026-04-01 15:00:00,57.79,57.82,57.77,57.8,2000
2026-04-01 15:05:00,57.81,57.895,57.81,57.835,2877
2026-04-01 15:10:00,57.815,57.86,57.815,57.83,1000
2026-04-01 15:15:00,57.85,57.93,57.85,57.93,2027
2026-04-01 15:20:00,57.89,57.895,57.875,57.895,818
2026-04-01 15:25:00,57.93,57.9728,57.93,57.9728,833
2026-04-01 15:30:00,57.93,57.965,57.93,57.93,575
2026-04-01 15:35:00,57.94,58.03,57.93,57.9872,2481
2026-04-01 15:40:00,57.985,58.06,57.95,57.955,6766
2026-04-01 15:45:00,57.945,58.01,57.945,57.985,3230
2026-04-01 15:50:00,57.97,57.97,57.83,57.83,5634
2026-04-01 15:55:00,57.83,57.915,57.805,57.82,18190
2026-04-01 16:00:00,57.85,57.85,57.85,57.85,3165
2026-04-02 04:20:00,56.65,56.65,56.65,56.65,925
2026-04-02 09:00:00,56.01,56.01,56.01,56.01,119
2026-04-02 09:30:00,56.0,56.325,56.0,56.24,3170
2026-04-02 09:35:00,56.15,56.155,56.0581,56.0581,17660
2026-04-02 09:40:00,56.1098,56.305,56.1098,56.305,5471
2026-04-02 09:45:00,56.5,56.63,56.4,56.6,19342
2026-04-02 09:50:00,56.575,56.7214,56.575,56.72,2990
2026-04-02 09:55:00,56.67,56.94,56.67,56.94,9065
2026-04-02 10:00:00,56.9499,56.96,56.76,56.76,6452
2026-04-02 10:05:00,56.73,56.815,56.73,56.815,450
2026-04-02 10:10:00,56.99,56.99,56.88,56.88,1713
2026-04-02 10:15:00,56.9541,56.9541,56.9,56.94,657
2026-04-02 10:20:00,56.97,57.13,56.97,57.05,7199
2026-04-02 10:25:00,57.01,57.01,56.93,56.93,3300
2026-04-02 10:30:00,56.92,56.92,56.92,56.92,100
2026-04-02 10:35:00,57.36,57.775,57.36,57.48,3438
2026-04-02 10:40:00,57.53,57.53,57.415,57.415,789
2026-04-02 10:45:00,57.46,57.48,57.46,57.48,370
2026-04-02 10:50:00,57.4458,57.4458,57.4458,57.4458,115
2026-04-02 10:55:00,57.54,57.54,57.54,57.54,521
2026-04-02 11:00:00,57.4,57.4499,57.32,57.4499,500
2026-04-02 11:05:00,57.34,57.34,57.34,57.34,100
2026-04-02 11:10:00,57.4312,57.5,57.37,57.37,616
2026-04-02 11:15:00,57.415,57.46,57.3501,57.39,1590
2026-04-02 11:20:00,57.18,57.18,57.18,57.18,100
2026-04-02 11:30:00,57.25,57.3092,57.19,57.24,1005
2026-04-02 11:35:00,57.265,57.265,57.22,57.22,200
2026-04-02 11:40:00,57.165,57.24,57.11,57.24,2547
2026-04-02 11:45:00,57.22,57.22,57.145,57.16,1200
2026-04-02 11:50:00,57.0,57.065,57.0,57.065,1196
2026-04-02 11:55:00,57.05,57.05,57.05,57.05,175
2026-04-02 12:00:00,57.045,57.19,57.045,57.07,1791
2026-04-02 12:10:00,57.07,57.07,57.07,57.07,124
2026-04-02 12:15:00,57.065,57.0799,56.935,56.935,967
2026-04-02 12:20:00,56.855,56.995,56.855,56.995,325
2026-04-02 12:25:00,56.96,56.96,56.95,56.95,700
2026-04-02 12:30:00,56.95,57.135,56.945,57.095,783
2026-04-02 12:35:00,57.0501,57.09,57.0501,57.09,1613
2026-04-02 12:40:00,57.16,57.24,57.135,57.1925,1095
2026-04-02 12:45:00,57.22,57.2699,57.18,57.18,1269
2026-04-02 12:50:00,57.19,57.21,57.16,57.19,802
2026-04-02 12:55:00,57.21,57.21,57.16,57.16,619
2026-04-02 13:00:00,57.08,57.08,57.0797,57.0797,300
2026-04-02 13:05:00,57.1101,57.17,57.11,57.17,2155
2026-04-02 13:10:00,57.135,57.135,57.135,57.135,650
2026-04-02 13:15:00,57.24,57.24,57.16,57.16,836
2026-04-02 13:20:00,57.205,57.205,57.205,57.205,200
2026-04-02 13:40:00,57.05,57.16,57.05,57.16,1651
2026-04-02 13:45:00,57.14,57.17,57.1,57.1,748
2026-04-02 13:50:00,57.105,57.105,57.07,57.07,813
2026-04-02 14:00:00,57.1563,57.1563,57.12,57.12,327
2026-04-02 14:05:00,57.19,57.2099,57.1862,57.2099,1055
2026-04-02 14:10:00,57.205,57.205,57.205,57.205,1748
2026-04-02 14:15:00,57.199,57.28,57.17,57.28,1090
2026-04-02 14:20:00,57.205,57.21,57.205,57.21,400
2026-04-02 14:25:00,57.2,57.2,57.15,57.15,300
2026-04-02 14:30:00,57.1,57.15,57.1,57.15,285
2026-04-02 14:35:00,57.17,57.17,57.17,57.17,200
2026-04-02 14:40:00,57.2699,57.2699,57.18,57.24,8667
2026-04-02 14:45:00,57.345,57.345,57.29,57.29,300
2026-04-02 14:50:00,57.355,57.355,57.31,57.31,349
2026-04-02 14:55:00,57.3493,57.3493,57.275,57.32,3090
2026-04-02 15:00:00,57.28,57.28,57.28,57.28,100
2026-04-02 15:05:00,57.2996,57.3,57.2707,57.3,1097
2026-04-02 15:10:00,57.34,57.3504,57.34,57.3504,953
2026-04-02 15:15:00,57.3393,57.3393,57.31,57.31,300
2026-04-02 15:20:00,57.28,57.41,57.28,57.4,5839
2026-04-02 15:25:00,57.37,57.48,57.37,57.37,6331
2026-04-02 15:30:00,57.38,57.38,57.36,57.37,952
2026-04-02 15:35:00,57.39,57.42,57.36,57.36,976
2026-04-02 15:40:00,57.32,57.36,57.29,57.29,18129
2026-04-02 15:50:00,57.31,57.405,57.31,57.39,6209
2026-04-02 15:55:00,57.36,57.38,57.3,57.33,15352
2026-04-02 16:00:00,57.35,57.35,57.35,57.35,3500
