2026-03-04 10:00:00,50.43,50.43,50.43,50.43,100
2026-03-04 10:40:00,50.4377,50.4377,50.4377,50.4377,140
2026-03-04 11:05:00,50.44,50.44,50.44,50.44,354
2026-03-04 11:50:00,50.44,50.44,50.44,50.44,111
2026-03-05 10:35:00,50.445,50.445,50.445,50.445,157
2026-03-05 11:30:00,50.435,50.435,50.4301,50.4301,2725
2026-03-05 13:10:00,50.4368,50.4378,50.4368,50.4378,850
2026-03-05 15:10:00,50.4399,50.4399,50.4399,50.4399,3787
2026-03-06 10:50:00,50.4461,50.4461,50.4461,50.4461,283
2026-03-06 11:50:00,50.44,50.44,50.42,50.42,1322
2026-03-06 12:20:00,50.4399,50.44,50.4399,50.44,3693
2026-03-06 12:25:00,50.445,50.45,50.445,50.45,6402
2026-03-09 10:30:00,50.445,50.445,50.445,50.445,100
2026-03-09 14:05:00,50.4303,50.4303,50.4303,50.4303,368
2026-03-09 14:10:00,50.4326,50.4326,50.4326,50.4326,500
2026-03-09 15:40:00,50.4375,50.4375,50.4375,50.4375,105
2026-03-10 10:30:00,50.435,50.435,50.435,50.435,173
2026-03-10 11:10:00,50.4339,50.4339,50.4339,50.4339,100
2026-03-10 11:25:00,50.44,50.44,50.44,50.44,1200
2026-03-10 11:50:00,50.4325,50.4325,50.4325,50.4325,111
2026-03-10 13:20:00,50.432,50.432,50.432,50.432,1209
2026-03-10 13:40:00,50.45,50.45,50.45,50.45,1205
2026-03-10 13:55:00,50.43,50.43,50.43,50.43,100
2026-03-10 14:25:00,50.4325,50.4325,50.4301,50.4301,1502
2026-03-10 15:00:00,50.45,50.46,50.45,50.46,1804
2026-03-11 09:30:00,50.45,50.45,50.45,50.45,2065
2026-03-11 10:00:00,50.46,50.46,50.46,50.46,116
2026-03-11 10:15:00,50.46,50.46,50.46,50.46,155
2026-03-11 10:25:00,50.46,50.46,50.46,50.46,100
2026-03-11 10:40:00,50.46,50.46,50.455,50.455,384
2026-03-11 10:45:00,50.46,50.46,50.46,50.46,400
2026-03-11 10:50:00,50.47,50.47,50.47,50.47,526
2026-03-11 11:00:00,50.48,50.48,50.48,50.48,108
2026-03-11 13:35:00,50.461,50.461,50.461,50.461,114
2026-03-11 14:30:00,50.461,50.47,50.461,50.47,400
2026-03-12 09:30:00,50.46,50.46,50.46,50.46,100
2026-03-12 09:45:00,50.47,50.47,50.47,50.47,556
2026-03-12 10:45:00,50.46,50.46,50.46,50.46,100
2026-03-12 11:50:00,50.46,50.495,50.3821,50.495,2084
2026-03-12 12:50:00,50.44,50.44,50.44,50.44,300
2026-03-12 16:00:00,50.44,50.44,50.44,50.44,403
2026-03-13 09:30:00,50.45,50.45,50.45,50.45,100
2026-03-13 09:35:00,50.45,50.45,50.45,50.45,200
2026-03-13 11:35:00,50.4699,50.4699,50.4699,50.4699,196
2026-03-13 12:00:00,50.45,50.45,50.45,50.45,196
2026-03-13 14:50:00,50.45,50.45,50.45,50.45,227
2026-03-13 14:55:00,50.4599,50.4599,50.4599,50.4599,400
2026-03-13 15:15:00,50.451,50.451,50.451,50.451,188
2026-03-13 15:55:00,50.45,50.45,50.45,50.45,159
2026-03-16 09:30:00,50.45,50.45,50.45,50.45,600
2026-03-16 10:10:00,50.44,50.44,50.44,50.44,100
2026-03-16 10:40:00,50.45,50.45,50.45,50.45,100
2026-03-16 10:45:00,50.44,50.44,50.44,50.44,100
2026-03-16 11:20:00,50.45,50.46,50.45,50.46,1000
2026-03-16 12:00:00,50.455,50.455,50.455,50.455,148
2026-03-16 12:10:00,50.4503,50.4503,50.4503,50.4503,260
2026-03-16 12:40:00,50.45,50.45,50.45,50.45,335
2026-03-16 14:00:00,50.46,50.46,50.46,50.46,1455
2026-03-16 15:30:00,50.44,50.44,50.44,50.44,870
2026-03-17 12:30:00,50.47,50.47,50.47,50.47,700
2026-03-18 09:30:00,50.45,50.45,50.45,50.45,100
2026-03-18 09:50:00,50.465,50.465,50.465,50.465,419
2026-03-18 10:00:00,50.46,50.46,50.46,50.46,360
2026-03-18 13:35:00,50.4502,50.4502,50.4502,50.4502,297
2026-03-18 14:00:00,50.4479,50.4479,50.4479,50.4479,255
2026-03-19 09:30:00,50.45,50.45,50.45,50.45,300
2026-03-19 09:35:00,50.45,50.45,50.45,50.45,100
2026-03-19 09:40:00,50.46,50.46,50.46,50.46,220
2026-03-19 10:15:00,50.46,50.46,50.46,50.46,664
2026-03-19 10:20:00,50.45,50.45,50.45,50.45,100
2026-03-19 10:25:00,50.462,50.462,50.462,50.462,1486
2026-03-19 10:30:00,50.46,50.46,50.46,50.46,478
2026-03-19 10:50:00,50.46,50.46,50.46,50.46,174
2026-03-19 11:00:00,50.46,50.46,50.46,50.46,100
2026-03-19 11:20:00,50.45,50.45,50.45,50.45,100
2026-03-19 11:45:00,50.44,50.44,50.44,50.44,100
2026-03-19 12:10:00,50.435,50.435,50.435,50.435,455
2026-03-19 13:00:00,50.431,50.431,50.43,50.43,600
2026-03-19 13:05:00,50.43,50.43,50.43,50.43,380
2026-03-19 13:30:00,50.43,50.43,50.43,50.43,100
2026-03-19 14:25:00,50.44,50.44,50.44,50.44,100
2026-03-19 15:00:00,50.43,50.44,50.43,50.44,200
2026-03-19 15:35:00,50.4301,50.4301,50.4301,50.4301,198
2026-03-20 10:05:00,50.46,50.46,50.46,50.46,100
2026-03-20 10:15:00,50.455,50.455,50.455,50.455,140
2026-03-20 10:25:00,50.46,50.46,50.46,50.46,2500
2026-03-23 09:30:00,50.45,50.45,50.45,50.45,100
2026-03-23 10:50:00,50.4451,50.4451,50.4451,50.4451,409
2026-03-23 11:05:00,50.4499,50.4499,50.4499,50.4499,495
2026-03-23 11:40:00,50.4401,50.4401,50.4401,50.4401,471
2026-03-23 11:55:00,50.45,50.45,50.4499,50.4499,1950
2026-03-23 12:10:00,50.45,50.45,50.45,50.45,1300
2026-03-23 13:00:00,50.42,50.42,50.42,50.42,100
2026-03-23 13:05:00,50.42,50.42,50.42,50.42,134
2026-03-23 15:40:00,50.43,50.43,50.4299,50.4299,522
2026-03-23 15:45:00,50.43,50.43,50.43,50.43,120
2026-03-24 09:30:00,50.435,50.435,50.435,50.435,128
2026-03-24 10:55:00,50.44,50.54,50.44,50.54,1422
2026-03-24 13:00:00,50.435,50.435,50.435,50.435,100
2026-03-24 13:05:00,50.426,50.426,50.426,50.426,150
2026-03-24 14:45:00,50.435,50.435,50.435,50.435,203
2026-03-25 10:55:00,50.4402,50.4402,50.4402,50.4402,198
2026-03-25 11:00:00,50.44,50.44,50.42,50.42,5400
2026-03-25 11:05:00,50.42,50.43,50.41,50.425,103621
2026-03-25 11:10:00,50.425,50.425,50.425,50.425,5900
2026-03-25 11:15:00,50.425,50.425,50.425,50.425,7700
2026-03-25 11:20:00,50.425,50.425,50.42,50.425,6900
2026-03-25 11:25:00,50.425,50.425,50.425,50.425,500
2026-03-25 11:30:00,50.425,50.425,50.425,50.425,600
2026-03-25 11:40:00,50.425,50.425,50.425,50.425,100
2026-03-25 11:45:00,50.4251,50.4251,50.4251,50.4251,1093
2026-03-25 11:55:00,50.425,50.425,50.425,50.425,100
2026-03-25 12:15:00,50.42,50.42,50.42,50.42,100
2026-03-25 12:30:00,50.42,50.42,50.42,50.42,100
2026-03-25 12:40:00,50.425,50.425,50.425,50.425,1300
2026-03-25 12:45:00,50.425,50.425,50.425,50.425,1700
2026-03-25 12:50:00,50.425,50.425,50.425,50.425,400
2026-03-25 12:55:00,50.425,50.425,50.425,50.425,300
2026-03-25 13:05:00,50.42,50.42,50.42,50.42,100
2026-03-25 13:20:00,50.425,50.425,50.424,50.425,2895
2026-03-25 13:25:00,50.42,50.42,50.42,50.42,100
2026-03-25 13:40:00,50.42,50.42,50.42,50.42,100
2026-03-25 13:55:00,50.42,50.42,50.42,50.42,100
2026-03-25 14:10:00,50.42,50.42,50.42,50.42,100
2026-03-25 14:20:00,50.42,50.42,50.42,50.42,100
2026-03-25 14:30:00,50.4233,50.4233,50.4232,50.4232,2836
2026-03-25 14:35:00,50.425,50.425,50.425,50.425,100
2026-03-25 14:45:00,50.4232,50.4232,50.42,50.4232,2100
2026-03-25 14:55:00,50.42,50.42,50.42,50.42,100
2026-03-25 15:05:00,50.425,50.425,50.42,50.42,1100
2026-03-25 15:10:00,50.4232,50.4232,50.4232,50.4232,1000
2026-03-25 15:15:00,50.4232,50.4232,50.4217,50.4232,4999
2026-03-25 15:20:00,50.42,50.4231,50.42,50.42,6100
2026-03-25 15:25:00,50.422,50.422,50.42,50.42,1100
2026-03-25 15:30:00,50.422,50.425,50.422,50.422,3100
2026-03-25 15:35:00,50.42,50.42,50.4146,50.4146,1100
2026-03-25 15:40:00,50.42,50.42,50.41,50.41,400
2026-03-25 15:45:00,50.41,50.41,50.41,50.41,100
2026-03-25 15:50:00,50.41,50.41,50.41,50.41,100
2026-03-25 15:55:00,50.41,50.41,50.41,50.41,200
2026-03-25 16:00:00,50.41,50.41,50.41,50.41,100
2026-03-26 09:30:00,50.42,50.42,50.42,50.42,149
2026-03-26 10:40:00,50.4258,50.4258,50.4258,50.4258,264
2026-03-26 11:05:00,50.43,50.43,50.43,50.43,1760
2026-03-26 14:20:00,50.415,50.415,50.415,50.415,166
2026-03-26 14:50:00,50.415,50.415,50.415,50.415,100
2026-03-26 14:55:00,50.4125,50.4125,50.4122,50.4122,2581
2026-03-26 15:00:00,50.4122,50.4122,50.4122,50.4122,2000
2026-03-26 15:05:00,50.4122,50.4122,50.4122,50.4122,3000
2026-03-27 11:15:00,50.425,50.4253,50.425,50.4253,602
2026-03-27 11:20:00,50.425,50.425,50.425,50.425,1000
2026-03-27 11:30:00,50.425,50.425,50.425,50.425,300
2026-03-27 11:35:00,50.425,50.425,50.425,50.425,3782
2026-03-27 11:45:00,50.424,50.424,50.424,50.424,104
2026-03-27 12:55:00,50.429,50.429,50.429,50.429,350
2026-03-27 13:10:00,50.425,50.425,50.425,50.425,129
2026-03-27 14:20:00,50.425,50.43,50.425,50.425,9900
2026-03-27 14:35:00,50.42,50.42,50.42,50.42,100
2026-03-27 14:55:00,50.42,50.42,50.42,50.42,100
2026-03-27 15:10:00,50.425,50.47,50.425,50.47,16002
2026-03-27 15:15:00,50.42,50.42,50.42,50.42,100
2026-03-27 15:35:00,50.42,50.425,50.42,50.425,5000
2026-03-27 15:45:00,50.425,50.425,50.425,50.425,100
2026-03-27 15:50:00,50.425,50.425,50.425,50.425,100
2026-03-27 15:55:00,50.425,50.425,50.425,50.425,100
2026-03-27 16:00:00,50.42,50.42,50.42,50.42,100
2026-03-30 10:35:00,50.435,50.435,50.435,50.435,5034
2026-03-30 11:20:00,50.435,50.435,50.435,50.435,282
2026-03-30 12:00:00,50.435,50.435,50.43,50.43,600
2026-03-30 12:35:00,50.43,50.4334,50.425,50.425,500
2026-03-30 12:40:00,50.4211,50.4211,50.4211,50.4211,135
2026-03-30 12:45:00,50.4297,50.4297,50.4297,50.4297,106
2026-03-30 12:55:00,50.425,50.425,50.425,50.425,100
2026-03-30 13:30:00,50.435,50.435,50.4301,50.435,2955
2026-03-30 13:35:00,50.435,50.435,50.435,50.435,1500
2026-03-30 15:15:00,50.435,50.435,50.435,50.435,158
2026-03-30 15:20:00,50.4399,50.4399,50.4399,50.4399,600
2026-03-30 15:55:00,50.4303,50.4303,50.43,50.43,300
2026-03-31 10:35:00,50.4425,50.4425,50.4425,50.4425,943
2026-03-31 13:45:00,50.455,50.455,50.455,50.455,100
2026-03-31 14:25:00,50.4524,50.455,50.4524,50.455,872
2026-03-31 14:30:00,50.455,50.455,50.455,50.455,372
2026-03-31 14:35:00,50.455,50.455,50.455,50.455,372
2026-03-31 14:40:00,50.455,50.455,50.455,50.455,391
2026-03-31 14:45:00,50.455,50.455,50.455,50.455,400
2026-03-31 14:50:00,50.455,50.455,50.455,50.455,400
2026-03-31 14:55:00,50.455,50.455,50.455,50.455,400
2026-03-31 15:00:00,50.455,50.455,50.455,50.455,600
2026-03-31 15:05:00,50.455,50.455,50.455,50.455,400
2026-03-31 15:10:00,50.455,50.455,50.455,50.455,580
2026-03-31 15:15:00,50.455,50.455,50.455,50.455,400
2026-03-31 15:20:00,50.455,50.455,50.455,50.455,509
2026-03-31 15:25:00,50.455,50.455,50.455,50.455,400
2026-03-31 15:30:00,50.455,50.455,50.455,50.455,526
2026-03-31 15:35:00,50.455,50.455,50.455,50.455,600
2026-03-31 15:40:00,50.455,50.4551,50.455,50.4551,790
2026-03-31 15:45:00,50.46,50.46,50.455,50.455,509
2026-03-31 15:50:00,50.455,50.46,50.455,50.46,2281
2026-03-31 15:55:00,50.46,50.47,50.46,50.47,3545
2026-04-01 09:35:00,50.29,50.29,50.29,50.29,130
2026-04-01 10:20:00,50.2847,50.2847,50.2847,50.2847,1031
2026-04-01 10:30:00,50.2896,50.2896,50.2896,50.2896,150
2026-04-01 15:45:00,50.2901,50.2963,50.2901,50.2963,1739
2026-04-01 15:50:00,50.295,50.295,50.295,50.295,200
2026-04-01 15:55:00,50.3,50.3,50.3,50.3,875
2026-04-01 09:35:00,50.29,50.29,50.29,50.29,130
2026-04-01 10:20:00,50.2847,50.2847,50.2847,50.2847,1031
2026-04-01 10:30:00,50.2896,50.2896,50.2896,50.2896,150
2026-04-01 15:45:00,50.2901,50.2963,50.2901,50.2963,1739
2026-04-01 15:50:00,50.295,50.295,50.295,50.295,200
2026-04-01 15:55:00,50.3,50.3,50.3,50.3,875
2026-04-02 10:25:00,50.315,50.315,50.315,50.315,100
2026-04-02 10:30:00,50.3101,50.3101,50.3101,50.3101,100
2026-04-02 12:25:00,50.313,50.313,50.313,50.313,100
2026-04-02 15:05:00,50.31,50.31,50.31,50.31,555
2026-04-02 15:30:00,50.32,50.32,50.3199,50.3199,3589
2026-04-02 15:55:00,50.32,50.32,50.32,50.32,100
