2026-03-04 10:15:00,23.7,23.7,23.7,23.7,920
2026-03-04 14:50:00,23.62,23.62,23.62,23.62,100
2026-03-04 15:40:00,23.655,23.7,23.655,23.6726,2750
2026-03-05 10:45:00,23.7,23.7,23.7,23.7,1402
2026-03-05 13:55:00,23.69,23.69,23.69,23.69,200
2026-03-05 14:20:00,23.6213,23.6213,23.6213,23.6213,182
2026-03-05 14:35:00,23.69,23.69,23.69,23.69,100
2026-03-05 14:40:00,23.5801,23.69,23.5801,23.69,682
2026-03-05 14:50:00,23.69,23.69,23.69,23.69,100
2026-03-05 14:55:00,23.69,23.69,23.69,23.69,100
2026-03-05 15:55:00,23.69,23.69,23.69,23.69,200
2026-03-09 12:50:00,23.62,23.62,23.62,23.62,760
2026-03-09 12:55:00,23.65,23.65,23.64,23.64,48061
2026-03-10 09:30:00,23.62,23.62,23.62,23.62,195
2026-03-10 10:15:00,23.59,23.59,23.59,23.59,100
2026-03-10 13:45:00,23.635,23.635,23.635,23.635,279
2026-03-10 13:55:00,23.68,23.68,23.66,23.67,7313
2026-03-10 14:00:00,23.66,23.69,23.645,23.67,5071
2026-03-10 14:05:00,23.67,23.67,23.645,23.66,6678
2026-03-10 14:10:00,23.67,23.67,23.655,23.655,5800
2026-03-10 14:15:00,23.66,23.66,23.65,23.66,5800
2026-03-10 14:20:00,23.66,23.66,23.65,23.65,8839
2026-03-10 14:25:00,23.65,23.65,23.65,23.65,967
2026-03-10 14:55:00,23.65,23.65,23.65,23.65,100
2026-03-10 15:20:00,23.63,23.63,23.63,23.63,1290
2026-03-11 11:05:00,23.63,23.63,23.63,23.63,100
2026-03-11 15:55:00,23.63,23.63,23.63,23.63,400
2026-03-12 12:45:00,23.67,23.67,23.67,23.67,1173
2026-03-12 14:40:00,23.67,23.67,23.67,23.67,314
2026-03-13 12:50:00,23.65,23.67,23.615,23.615,3272
2026-03-13 12:55:00,23.65,23.67,23.56,23.66,7471
2026-03-13 13:00:00,23.65,23.67,23.65,23.67,5600
2026-03-13 13:05:00,23.65,23.67,23.65,23.65,8100
2026-03-13 13:10:00,23.67,23.67,23.65,23.65,4100
2026-03-13 13:15:00,23.65,23.67,23.65,23.66,7299
2026-03-13 13:20:00,23.66,23.66,23.65,23.65,4558
2026-03-13 15:55:00,23.64,23.64,23.64,23.64,100
2026-03-16 09:40:00,23.65,23.65,23.65,23.65,100
2026-03-16 09:50:00,23.66,23.66,23.66,23.66,100
2026-03-16 09:55:00,23.65,23.65,23.65,23.65,100
2026-03-16 10:10:00,23.65,23.65,23.65,23.65,100
2026-03-16 10:30:00,23.66,23.66,23.66,23.66,100
2026-03-16 10:50:00,23.65,23.65,23.65,23.65,100
2026-03-16 11:10:00,23.65,23.65,23.65,23.65,100
2026-03-16 11:30:00,23.65,23.65,23.65,23.65,100
2026-03-16 11:55:00,23.66,23.66,23.66,23.66,100
2026-03-16 12:20:00,23.65,23.65,23.57,23.57,637
2026-03-16 12:25:00,23.65,23.65,23.65,23.65,253
2026-03-16 12:40:00,23.65,23.65,23.65,23.65,100
2026-03-16 13:05:00,23.65,23.65,23.65,23.65,100
2026-03-16 13:25:00,23.61,23.61,23.61,23.61,170
2026-03-16 13:30:00,23.65,23.65,23.65,23.65,100
2026-03-16 13:55:00,23.65,23.65,23.65,23.65,100
2026-03-16 14:20:00,23.65,23.65,23.65,23.65,100
2026-03-16 14:40:00,23.65,23.65,23.65,23.65,100
2026-03-16 15:00:00,23.66,23.66,23.66,23.66,100
2026-03-16 15:20:00,23.65,23.65,23.65,23.65,100
2026-03-16 15:30:00,23.65,23.65,23.65,23.65,100
2026-03-16 15:45:00,23.65,23.65,23.65,23.65,100
2026-03-16 15:55:00,23.65,23.65,23.65,23.65,100
2026-03-17 10:35:00,23.58,23.58,23.58,23.58,100
2026-03-17 15:50:00,23.57,23.57,23.57,23.57,100
2026-03-18 10:15:00,23.605,23.605,23.605,23.605,181
2026-03-18 10:25:00,23.57,23.57,23.57,23.57,100
2026-03-18 12:20:00,23.605,23.605,23.605,23.605,109
2026-03-18 15:30:00,23.6,23.6,23.6,23.6,131
2026-03-19 10:00:00,23.64,23.64,23.64,23.64,100
2026-03-19 10:25:00,23.56,23.56,23.56,23.56,100
2026-03-19 13:30:00,23.595,23.595,23.595,23.595,100
2026-03-19 15:05:00,23.55,23.55,23.55,23.55,1619
2026-03-19 15:10:00,23.5501,23.5501,23.5501,23.5501,120
2026-03-19 15:20:00,23.57,23.57,23.57,23.57,100
2026-03-20 10:05:00,23.55,23.55,23.55,23.55,328
2026-03-20 12:00:00,23.64,23.64,23.64,23.64,100
2026-03-20 12:25:00,23.63,23.64,23.63,23.6399,582
2026-03-20 12:30:00,23.55,23.55,23.55,23.55,100
2026-03-23 09:50:00,23.65,23.65,23.65,23.65,100
2026-03-23 13:45:00,23.64,23.64,23.64,23.64,9812
2026-03-24 09:55:00,23.6,23.6,23.6,23.6,100
2026-03-24 10:10:00,23.6,23.6,23.5999,23.5999,200
2026-03-24 11:40:00,23.65,23.65,23.65,23.65,100
2026-03-24 12:40:00,23.64,23.64,23.64,23.64,100
2026-03-24 12:55:00,23.54,23.54,23.54,23.54,100
2026-03-24 15:15:00,23.54,23.54,23.53,23.53,251
2026-03-25 10:40:00,23.65,23.65,23.65,23.65,100
2026-03-25 11:15:00,23.56,23.56,23.56,23.56,100
2026-03-25 14:40:00,23.64,23.64,23.64,23.64,100
2026-03-25 14:55:00,23.64,23.64,23.64,23.64,100
2026-03-25 15:20:00,23.64,23.64,23.6395,23.6395,400
2026-03-25 15:30:00,23.64,23.64,23.64,23.64,100
2026-03-25 15:55:00,23.64,23.64,23.64,23.64,100
2026-03-26 09:45:00,23.64,23.64,23.64,23.64,100
2026-03-26 10:40:00,23.54,23.54,23.54,23.54,100
2026-03-26 10:55:00,23.54,23.63,23.54,23.63,561
2026-03-26 11:05:00,23.54,23.54,23.54,23.54,100
2026-03-26 11:45:00,23.63,23.63,23.63,23.63,100
2026-03-26 14:45:00,23.62,23.63,23.62,23.63,800
2026-03-26 15:35:00,23.575,23.575,23.575,23.575,282
2026-03-27 10:35:00,23.52,23.52,23.52,23.52,100
2026-03-27 11:00:00,23.61,23.61,23.61,23.61,100
2026-03-27 13:15:00,23.61,23.61,23.61,23.61,672
2026-03-27 14:00:00,23.52,23.52,23.52,23.52,100
2026-03-27 15:45:00,23.56,23.56,23.56,23.56,120
2026-03-27 15:50:00,23.56,23.56,23.56,23.56,192
2026-03-30 10:45:00,23.62,23.62,23.62,23.62,11205
2026-03-30 12:20:00,23.62,23.62,23.62,23.62,189
2026-03-30 13:20:00,23.61,23.61,23.61,23.61,88143
2026-03-30 13:25:00,23.61,23.61,23.61,23.61,25374
2026-03-30 13:35:00,23.61,23.61,23.61,23.61,100
2026-03-30 14:30:00,23.62,23.62,23.62,23.62,191
2026-03-30 14:50:00,23.6,23.6,23.6,23.6,133
2026-03-30 15:05:00,23.61,23.61,23.61,23.61,127
2026-03-30 15:40:00,23.56,23.56,23.56,23.56,155
2026-03-30 15:55:00,23.62,23.62,23.62,23.62,127
2026-03-31 10:00:00,23.51,23.51,23.51,23.51,190
2026-03-31 12:50:00,23.565,23.565,23.565,23.565,125
2026-03-31 14:20:00,23.62,23.63,23.62,23.6299,1158
2026-03-31 15:25:00,23.57,23.57,23.57,23.57,208
2026-04-01 10:30:00,23.57,23.57,23.57,23.57,1591
2026-04-01 10:35:00,23.66,23.66,23.66,23.66,2332
2026-04-01 10:40:00,23.66,23.66,23.64,23.66,4400
2026-04-01 10:45:00,23.64,23.64,23.64,23.64,2500
2026-04-01 10:50:00,23.64,23.64,23.64,23.64,3000
2026-04-01 10:55:00,23.64,23.64,23.59,23.64,3400
2026-04-01 11:00:00,23.64,23.64,23.59,23.59,3700
2026-04-01 11:10:00,23.64,23.64,23.59,23.59,3800
2026-04-01 11:15:00,23.59,23.64,23.59,23.59,4101
2026-04-01 11:20:00,23.64,23.64,23.6,23.6,4000
2026-04-01 11:25:00,23.64,23.64,23.59,23.59,4100
2026-04-01 11:30:00,23.64,23.64,23.59,23.64,3183
2026-04-01 12:50:00,23.62,23.62,23.62,23.62,258
2026-04-01 13:40:00,23.64,23.64,23.64,23.64,100
2026-04-01 15:15:00,23.61,23.61,23.61,23.61,459
2026-04-01 15:40:00,23.6,23.6,23.6,23.6,369
2026-04-01 15:45:00,23.59,23.615,23.59,23.615,230
2026-04-01 15:55:00,23.64,23.64,23.64,23.64,275
2026-04-01 10:30:00,23.57,23.57,23.57,23.57,1591
2026-04-01 10:35:00,23.66,23.66,23.66,23.66,2332
2026-04-01 10:40:00,23.66,23.66,23.64,23.66,4400
2026-04-01 10:45:00,23.64,23.64,23.64,23.64,2500
2026-04-01 10:50:00,23.64,23.64,23.64,23.64,3000
2026-04-01 10:55:00,23.64,23.64,23.59,23.64,3400
2026-04-01 11:00:00,23.64,23.64,23.59,23.59,3700
2026-04-01 11:10:00,23.64,23.64,23.59,23.59,3800
2026-04-01 11:15:00,23.59,23.64,23.59,23.59,4101
2026-04-01 11:20:00,23.64,23.64,23.6,23.6,4000
2026-04-01 11:25:00,23.64,23.64,23.59,23.59,4100
2026-04-01 11:30:00,23.64,23.64,23.59,23.64,3183
2026-04-01 12:50:00,23.62,23.62,23.62,23.62,258
2026-04-01 13:40:00,23.64,23.64,23.64,23.64,100
2026-04-01 15:15:00,23.61,23.61,23.61,23.61,459
2026-04-01 15:40:00,23.6,23.6,23.6,23.6,369
2026-04-01 15:45:00,23.59,23.615,23.59,23.615,230
2026-04-01 15:55:00,23.64,23.64,23.64,23.64,275
2026-04-02 13:10:00,23.64,23.64,23.64,23.64,101
2026-04-02 14:50:00,23.65,23.65,23.65,23.65,100
2026-04-02 15:55:00,23.65,23.65,23.65,23.65,100
