2026-03-04 09:30:00,81.69,81.7276,81.69,81.7276,6368
2026-03-04 09:35:00,81.56,81.56,81.51,81.51,350
2026-03-04 10:05:00,81.695,81.695,81.622,81.695,800
2026-03-04 10:20:00,81.9,81.9,81.9,81.9,484
2026-03-04 10:50:00,81.9,81.9,81.9,81.9,3381
2026-03-04 10:55:00,82.06,82.06,82.06,82.06,617
2026-03-04 11:35:00,82.005,82.005,82.005,82.005,182
2026-03-04 12:00:00,81.99,81.99,81.99,81.99,1916
2026-03-04 12:25:00,81.9801,81.9801,81.9801,81.9801,112
2026-03-04 12:35:00,81.995,81.995,81.995,81.995,110
2026-03-04 13:40:00,82.07,82.07,82.07,82.07,132
2026-03-04 13:50:00,82.0601,82.0601,82.0601,82.0601,600
2026-03-04 14:15:00,82.12,82.13,82.12,82.13,7603
2026-03-04 14:55:00,82.1305,82.1305,82.1305,82.1305,646
2026-03-04 15:35:00,82.035,82.035,82.035,82.035,107
2026-03-04 15:55:00,82.0185,82.0185,82.0185,82.0185,100
2026-03-05 09:30:00,81.67,81.75,81.67,81.75,6470
2026-03-05 10:05:00,81.74,81.74,81.74,81.74,211
2026-03-05 10:20:00,81.51,81.51,81.51,81.51,2450
2026-03-05 10:30:00,81.3243,81.3243,81.3243,81.3243,1209
2026-03-05 11:10:00,81.295,81.295,81.295,81.295,180
2026-03-05 11:15:00,81.3015,81.3015,81.3015,81.3015,177
2026-03-05 11:20:00,81.32,81.32,81.32,81.32,93453
2026-03-05 11:50:00,81.355,81.355,81.355,81.355,1618
2026-03-05 12:20:00,81.175,81.19,81.175,81.19,1095
2026-03-05 12:55:00,80.835,80.835,80.772,80.78,15116
2026-03-05 13:00:00,80.84,80.9499,80.8201,80.9499,6152
2026-03-05 13:05:00,80.95,80.95,80.95,80.95,7757
2026-03-05 13:15:00,81.055,81.055,81.055,81.055,209
2026-03-05 14:15:00,80.9161,80.9161,80.9161,80.9161,129
2026-03-05 14:25:00,80.93,80.93,80.93,80.93,100
2026-03-05 14:55:00,80.9182,80.9182,80.9182,80.9182,120
2026-03-05 15:10:00,81.1149,81.1149,81.1149,81.1149,300
2026-03-05 15:25:00,81.3,81.3,81.3,81.3,833
2026-03-05 15:35:00,81.3592,81.3592,81.3592,81.3592,185
2026-03-05 15:55:00,81.46,81.46,81.46,81.46,157
2026-03-05 16:00:00,81.54,81.54,81.54,81.54,106
2026-03-06 10:00:00,80.36,80.36,80.36,80.36,2230
2026-03-06 10:15:00,80.45,80.45,80.45,80.45,100
2026-03-06 11:15:00,80.62,80.62,80.62,80.62,3400
2026-03-06 11:25:00,80.58,80.58,80.58,80.58,168
2026-03-06 11:35:00,80.6,80.6,80.6,80.6,451
2026-03-06 12:00:00,80.65,80.65,80.65,80.65,320
2026-03-06 12:15:00,80.5489,80.5489,80.5489,80.5489,156
2026-03-06 12:35:00,80.47,80.47,80.47,80.47,950
2026-03-06 12:55:00,80.43,80.43,80.43,80.43,125
2026-03-06 13:00:00,80.525,80.525,80.525,80.525,200
2026-03-06 13:30:00,80.6551,80.6551,80.6551,80.6551,175
2026-03-06 14:20:00,80.7,80.7,80.7,80.7,100
2026-03-06 14:25:00,80.69,80.69,80.69,80.69,150
2026-03-06 14:40:00,80.71,80.71,80.71,80.71,257
2026-03-06 14:55:00,80.7,80.7,80.7,80.7,1638
2026-03-06 15:00:00,80.72,80.72,80.72,80.72,12754
2026-03-06 15:05:00,80.76,80.76,80.76,80.76,133
2026-03-06 15:10:00,80.62,80.62,80.62,80.62,821
2026-03-06 15:20:00,80.52,80.52,80.485,80.485,1509
2026-03-06 15:45:00,80.46,80.4749,80.44,80.4749,700
2026-03-06 15:50:00,80.44,80.44,80.44,80.44,236
2026-03-09 09:35:00,79.522,79.522,79.522,79.522,200
2026-03-09 10:05:00,79.38,79.38,79.38,79.38,200
2026-03-09 10:15:00,79.0801,79.0801,79.0801,79.0801,920
2026-03-09 10:50:00,79.68,79.68,79.68,79.68,151
2026-03-09 11:20:00,79.92,79.92,79.92,79.92,167
2026-03-09 11:25:00,79.915,79.915,79.915,79.915,463
2026-03-09 12:00:00,79.9849,79.9849,79.9849,79.9849,250
2026-03-09 12:35:00,80.1433,80.1433,80.1433,80.1433,303
2026-03-09 12:40:00,80.26,80.26,80.26,80.26,100
2026-03-09 12:50:00,80.23,80.23,80.21,80.21,23600
2026-03-09 12:55:00,80.25,80.25,80.25,80.25,100
2026-03-09 13:00:00,80.16,80.16,80.16,80.16,158
2026-03-09 13:10:00,80.04,80.04,80.04,80.04,246
2026-03-09 13:20:00,79.96,79.96,79.96,79.96,3115
2026-03-09 13:25:00,79.9266,79.9266,79.9266,79.9266,166
2026-03-09 13:45:00,79.89,79.89,79.89,79.89,2313
2026-03-09 14:20:00,80.06,80.06,80.06,80.06,362
2026-03-09 15:20:00,80.67,80.72,80.67,80.72,4855
2026-03-09 15:25:00,80.89,80.89,80.89,80.89,1718
2026-03-09 15:35:00,81.088,81.088,81.088,81.088,625
2026-03-09 15:45:00,81.06,81.06,81.06,81.06,943
2026-03-09 15:50:00,80.96,80.96,80.96,80.96,500
2026-03-09 15:55:00,81.01,81.055,81.01,81.03,308
2026-03-10 09:30:00,81.12,81.12,81.12,81.12,3305
2026-03-10 09:50:00,80.87,80.87,80.87,80.87,10002
2026-03-10 10:05:00,80.735,80.735,80.735,80.735,578
2026-03-10 10:15:00,80.77,80.77,80.77,80.77,100
2026-03-10 10:40:00,81.25,81.25,81.25,81.25,106
2026-03-10 10:50:00,81.375,81.375,81.375,81.375,614
2026-03-10 11:00:00,81.46,81.46,81.46,81.46,136
2026-03-10 12:05:00,81.34,81.34,81.27,81.29,744
2026-03-10 12:25:00,81.4124,81.4124,81.4124,81.4124,684
2026-03-10 12:50:00,81.46,81.46,81.46,81.46,169
2026-03-10 13:20:00,81.58,81.58,81.58,81.58,2076
2026-03-10 13:25:00,81.691,81.691,81.691,81.691,304
2026-03-10 13:40:00,81.47,81.47,81.47,81.47,100
2026-03-10 14:05:00,81.48,81.5,81.47,81.48,6817
2026-03-10 14:15:00,81.164,81.164,81.164,81.164,412
2026-03-10 14:40:00,81.15,81.15,81.15,81.15,114
2026-03-10 14:55:00,81.1589,81.1589,81.1589,81.1589,175
2026-03-10 15:00:00,81.09,81.13,81.09,81.13,1120
2026-03-10 15:40:00,81.03,81.069,81.03,81.065,833
2026-03-10 15:55:00,80.81,80.8699,80.81,80.84,7520
2026-03-11 09:30:00,80.74,80.74,80.74,80.74,776
2026-03-11 09:55:00,80.825,80.825,80.825,80.825,600
2026-03-11 10:35:00,80.8263,80.8263,80.8263,80.8263,1244
2026-03-11 10:55:00,80.9301,80.9301,80.9301,80.9301,219
2026-03-11 11:00:00,81.05,81.05,81.05,81.05,180
2026-03-11 12:10:00,80.48,80.48,80.48,80.48,262
2026-03-11 12:20:00,80.41,80.41,80.41,80.41,1925
2026-03-11 13:10:00,80.67,80.67,80.67,80.67,100
2026-03-11 13:25:00,80.7566,80.765,80.755,80.765,790
2026-03-11 13:30:00,80.795,80.795,80.795,80.795,744
2026-03-11 13:35:00,80.63,80.63,80.63,80.63,209
2026-03-11 14:00:00,80.5758,80.5758,80.5758,80.5758,640
2026-03-11 14:30:00,80.63,80.69,80.63,80.69,814
2026-03-11 14:35:00,80.65,80.65,80.65,80.65,1294
2026-03-11 15:15:00,80.633,80.633,80.615,80.615,280
2026-03-11 15:25:00,80.59,80.59,80.59,80.59,278
2026-03-11 15:40:00,80.7799,80.7799,80.74,80.74,993
2026-03-11 15:50:00,80.69,80.7326,80.69,80.7326,274
2026-03-11 15:55:00,80.82,80.82,80.82,80.82,200
2026-03-11 16:00:00,80.76,80.76,80.76,80.76,248
2026-03-11 18:35:00,80.34,80.34,80.34,80.34,300
2026-03-12 09:35:00,80.19,80.19,80.19,80.19,100
2026-03-12 10:00:00,80.1598,80.1598,80.1598,80.1598,14603
2026-03-12 10:20:00,79.99,79.99,79.99,79.99,484
2026-03-12 10:35:00,79.8584,79.8584,79.8584,79.8584,107
2026-03-12 11:00:00,79.87,79.87,79.87,79.87,399
2026-03-12 11:10:00,79.75,79.75,79.75,79.75,1677
2026-03-12 12:05:00,79.94,79.94,79.94,79.94,676
2026-03-12 12:25:00,80.1358,80.1358,80.0,80.0,3192
2026-03-12 13:05:00,80.0408,80.0408,80.0408,80.0408,136
2026-03-12 13:20:00,79.9,79.9,79.9,79.9,1129
2026-03-12 13:40:00,80.03,80.03,80.03,80.03,117
2026-03-12 14:20:00,79.9295,79.9295,79.8701,79.8701,416
2026-03-12 14:35:00,79.91,79.91,79.91,79.91,100
2026-03-12 15:05:00,79.86,79.86,79.86,79.86,4707
2026-03-12 15:25:00,79.87,79.87,79.87,79.87,210
2026-03-12 15:50:00,79.79,79.79,79.79,79.79,100
2026-03-12 15:55:00,79.76,79.76,79.76,79.76,100
2026-03-13 09:40:00,80.25,80.25,80.25,80.25,315
2026-03-13 10:10:00,80.07,80.07,80.07,80.07,140
2026-03-13 10:45:00,79.7794,79.7794,79.7794,79.7794,342
2026-03-13 10:50:00,79.7765,79.7765,79.7765,79.7765,450
2026-03-13 11:00:00,79.6753,79.6753,79.6753,79.6753,154
2026-03-13 11:20:00,79.69,79.69,79.69,79.69,430
2026-03-13 11:50:00,79.405,79.405,79.405,79.405,122
2026-03-13 12:55:00,79.37,79.37,79.37,79.37,247
2026-03-13 14:10:00,79.3074,79.3074,79.3074,79.3074,600
2026-03-13 14:45:00,79.46,79.46,79.46,79.46,1828
2026-03-13 15:05:00,79.35,79.369,79.35,79.369,1385
2026-03-13 15:40:00,79.1022,79.1022,79.08,79.0857,2152
2026-03-13 15:55:00,79.15,79.18,79.15,79.18,230
2026-03-16 10:10:00,80.225,80.225,80.225,80.225,500
2026-03-16 10:30:00,80.0556,80.0556,80.0556,80.0556,162
2026-03-16 10:35:00,79.9953,79.9953,79.9953,79.9953,153
2026-03-16 11:20:00,79.99,79.99,79.99,79.99,8108
2026-03-16 11:35:00,80.1086,80.1086,80.1086,80.1086,743
2026-03-16 12:20:00,79.76,79.76,79.76,79.76,1721
2026-03-16 12:25:00,79.69,79.69,79.69,79.69,2629
2026-03-16 13:15:00,79.93,79.93,79.93,79.93,878
2026-03-16 13:35:00,79.87,79.87,79.87,79.87,288
2026-03-16 13:40:00,79.905,79.905,79.905,79.905,125
2026-03-16 14:20:00,80.0176,80.0176,80.0176,80.0176,317
2026-03-16 15:05:00,80.01,80.01,80.01,80.01,100
2026-03-16 15:40:00,79.8395,79.8395,79.8058,79.8058,1235
2026-03-16 15:50:00,79.88,79.88,79.88,79.88,100
2026-03-17 09:35:00,80.53,80.53,80.53,80.53,3349
2026-03-17 09:50:00,80.58,80.58,80.58,80.58,14447
2026-03-17 10:45:00,80.52,80.52,80.52,80.52,1339
2026-03-17 11:05:00,80.36,80.36,80.36,80.36,12410
2026-03-17 11:15:00,80.4,80.4,80.4,80.4,390
2026-03-17 11:30:00,80.3793,80.3793,80.3793,80.3793,287
2026-03-17 13:00:00,80.305,80.36,80.305,80.3332,2057
2026-03-17 13:45:00,80.27,80.2932,80.27,80.2932,394
2026-03-17 14:55:00,80.305,80.3155,80.2894,80.29,5402
2026-03-17 15:40:00,80.3011,80.3011,80.3011,80.3011,775
2026-03-17 15:45:00,80.28,80.28,80.28,80.28,153
2026-03-17 15:50:00,80.24,80.24,80.23,80.24,460
2026-03-18 10:40:00,79.715,79.715,79.715,79.715,725
2026-03-18 11:30:00,79.88,79.91,79.835,79.84,1462
2026-03-18 12:15:00,79.827,79.827,79.827,79.827,390
2026-03-18 12:20:00,79.89,79.89,79.89,79.89,361
2026-03-18 12:40:00,79.81,79.82,79.81,79.82,7748
2026-03-18 13:55:00,79.735,79.735,79.7,79.7,496
2026-03-18 14:00:00,79.7859,79.79,79.7859,79.79,3879
2026-03-18 14:20:00,79.65,79.65,79.65,79.65,110
2026-03-18 14:35:00,79.5848,79.5848,79.5848,79.5848,194
2026-03-18 14:55:00,79.46,79.46,79.46,79.46,200
2026-03-18 15:20:00,79.34,79.34,79.34,79.34,502
2026-03-18 15:25:00,79.33,79.33,79.33,79.33,126
2026-03-18 15:55:00,79.26,79.27,79.26,79.27,300
2026-03-18 16:05:00,79.17,79.17,79.17,79.17,101
2026-03-18 16:35:00,79.17,79.17,79.17,79.17,200
2026-03-19 09:30:00,78.46,78.46,78.46,78.46,6339
2026-03-19 09:40:00,78.76,78.76,78.76,78.76,184
2026-03-19 09:50:00,78.885,78.885,78.885,78.885,115
2026-03-19 10:30:00,78.685,78.685,78.685,78.685,246
2026-03-19 10:35:00,78.81,78.81,78.81,78.81,36658
2026-03-19 10:40:00,78.8926,78.8926,78.8926,78.8926,120
2026-03-19 11:00:00,78.875,78.875,78.84,78.84,300
2026-03-19 11:10:00,78.955,78.955,78.955,78.955,150
2026-03-19 11:15:00,78.935,78.935,78.935,78.935,150
2026-03-19 11:20:00,78.845,78.845,78.845,78.845,150
2026-03-19 11:30:00,78.79,78.79,78.73,78.73,345
2026-03-19 11:50:00,78.729,78.729,78.707,78.707,339
2026-03-19 11:55:00,78.8,78.8,78.8,78.8,107
2026-03-19 12:00:00,78.7409,78.76,78.7409,78.76,403
2026-03-19 12:20:00,78.785,78.785,78.785,78.785,294
2026-03-19 12:55:00,78.73,78.73,78.73,78.73,3302
2026-03-19 13:05:00,78.61,78.61,78.6,78.61,4406
2026-03-19 13:20:00,78.675,78.675,78.675,78.675,1691
2026-03-19 13:30:00,78.6751,78.6751,78.6751,78.6751,128
2026-03-19 13:35:00,78.67,78.67,78.67,78.67,14414
2026-03-19 13:40:00,78.67,78.67,78.67,78.67,75379
2026-03-19 13:55:00,78.77,78.77,78.77,78.77,153
2026-03-19 14:10:00,78.74,78.74,78.74,78.74,866
2026-03-19 14:20:00,78.8023,78.83,78.8023,78.81,7279
2026-03-19 14:50:00,78.68,78.68,78.67,78.67,40918
2026-03-19 14:55:00,78.7,78.7,78.7,78.7,1350
2026-03-19 15:00:00,79.11,79.11,79.11,79.11,275
2026-03-19 15:10:00,79.25,79.25,79.25,79.25,100
2026-03-19 15:35:00,78.95,79.04,78.95,79.04,49060
2026-03-19 15:45:00,79.02,79.06,79.02,79.06,5398
2026-03-19 15:50:00,79.04,79.04,79.04,79.04,100
2026-03-19 15:55:00,79.04,79.04,79.03,79.03,502
2026-03-20 09:30:00,78.64,78.64,78.64,78.64,8855
2026-03-20 10:15:00,78.115,78.115,78.115,78.115,179
2026-03-20 10:20:00,78.1499,78.1499,78.1499,78.1499,1063
2026-03-20 10:50:00,78.09,78.09,78.09,78.09,1525
2026-03-20 11:00:00,78.116,78.116,78.116,78.116,625
2026-03-20 11:20:00,78.29,78.29,78.29,78.29,200
2026-03-20 11:40:00,78.05,78.05,78.05,78.05,181
2026-03-20 11:45:00,78.15,78.15,78.15,78.15,27005
2026-03-20 11:55:00,78.21,78.21,78.21,78.21,2995
2026-03-20 12:00:00,78.23,78.3,78.23,78.3,13757
2026-03-20 12:15:00,78.2548,78.2548,78.2548,78.2548,280
2026-03-20 12:35:00,78.13,78.13,78.13,78.13,1837
2026-03-20 12:50:00,78.18,78.18,78.18,78.18,403
2026-03-20 13:10:00,78.16,78.16,78.16,78.16,250
2026-03-20 13:20:00,78.2,78.2,78.2,78.2,655
2026-03-20 13:25:00,78.11,78.14,78.11,78.125,676
2026-03-20 13:30:00,78.06,78.06,78.06,78.06,196
2026-03-20 13:45:00,78.0,78.0,78.0,78.0,2660
2026-03-20 14:25:00,77.805,77.805,77.75,77.75,3843
2026-03-20 14:55:00,77.69,77.69,77.69,77.69,100
2026-03-20 15:10:00,77.63,77.63,77.575,77.575,5413
2026-03-20 15:15:00,77.59,77.6,77.59,77.6,3769
2026-03-20 15:20:00,77.54,77.54,77.54,77.54,119
2026-03-20 15:30:00,77.5,77.5,77.47,77.47,274
2026-03-20 15:35:00,77.36,77.36,77.35,77.35,9308
2026-03-20 15:50:00,77.51,77.51,77.51,77.51,715
2026-03-20 15:55:00,77.71,77.75,77.71,77.75,461
2026-03-20 16:45:00,77.81,77.81,77.8,77.8,200
2026-03-23 09:30:00,78.88,78.88,78.79,78.79,531
2026-03-23 10:15:00,79.09,79.09,79.09,79.09,300
2026-03-23 10:50:00,79.12,79.12,79.12,79.12,116
2026-03-23 11:50:00,78.8799,78.8799,78.8799,78.8799,2951
2026-03-23 12:20:00,78.63,78.63,78.63,78.63,451
2026-03-23 12:35:00,78.58,78.58,78.58,78.58,3333
2026-03-23 12:50:00,78.69,78.69,78.69,78.69,100
2026-03-23 13:30:00,78.65,78.65,78.65,78.65,100
2026-03-23 13:45:00,78.725,78.725,78.7,78.7,5191
2026-03-23 13:50:00,78.76,78.76,78.76,78.76,3120
2026-03-23 14:45:00,78.95,78.95,78.95,78.95,1014
2026-03-23 15:35:00,78.78,78.78,78.78,78.78,4189
2026-03-23 15:55:00,78.59,78.59,78.59,78.59,200
2026-03-23 16:00:00,78.48,78.48,78.48,78.48,300
2026-03-23 18:50:00,78.71,78.71,78.71,78.71,300
2026-03-24 09:35:00,78.05,78.05,78.05,78.05,188
2026-03-24 09:45:00,78.035,78.035,78.035,78.035,192
2026-03-24 10:25:00,78.28,78.28,78.28,78.28,2576
2026-03-24 10:30:00,78.26,78.26,78.26,78.26,100
2026-03-24 10:35:00,78.24,78.24,78.24,78.24,1535
2026-03-24 10:40:00,78.315,78.315,78.315,78.315,563
2026-03-24 10:55:00,78.32,78.32,78.32,78.32,200
2026-03-24 11:25:00,78.75,78.75,78.75,78.75,502
2026-03-24 11:35:00,78.715,78.715,78.71,78.71,256
2026-03-24 12:00:00,78.535,78.535,78.535,78.535,576
2026-03-24 12:20:00,78.5808,78.5808,78.5808,78.5808,180
2026-03-24 12:30:00,78.64,78.64,78.64,78.64,4784
2026-03-24 12:50:00,78.555,78.59,78.555,78.59,648
2026-03-24 13:40:00,78.22,78.22,78.22,78.22,341
2026-03-24 14:10:00,78.3601,78.3601,78.3601,78.3601,524
2026-03-24 14:55:00,78.51,78.51,78.51,78.51,2676
2026-03-24 15:35:00,78.45,78.45,78.45,78.45,2612
2026-03-24 15:40:00,78.42,78.42,78.42,78.42,100
2026-03-24 15:45:00,78.355,78.355,78.355,78.355,7387
2026-03-24 15:50:00,78.29,78.29,78.29,78.29,21582
2026-03-24 15:55:00,78.23,78.36,78.23,78.36,1551
2026-03-25 09:30:00,79.22,79.22,79.22,79.22,207
2026-03-25 09:45:00,79.17,79.17,79.17,79.17,100
2026-03-25 09:55:00,78.77,78.9165,78.77,78.9165,695
2026-03-25 10:00:00,78.665,78.85,78.665,78.85,624
2026-03-25 10:05:00,78.77,78.77,78.77,78.77,141
2026-03-25 10:15:00,78.95,78.95,78.95,78.95,14390
2026-03-25 10:30:00,78.92,78.92,78.92,78.92,609
2026-03-25 10:55:00,79.0999,79.0999,79.0999,79.0999,119
2026-03-25 11:00:00,78.96,78.96,78.96,78.96,928
2026-03-25 12:00:00,78.82,78.82,78.82,78.82,100
2026-03-25 12:15:00,78.72,78.72,78.72,78.72,6202
2026-03-25 12:35:00,78.91,78.91,78.91,78.91,78917
2026-03-25 13:45:00,79.01,79.01,79.01,79.01,200
2026-03-25 13:50:00,78.915,78.915,78.915,78.915,157
2026-03-25 14:15:00,78.9,78.9,78.9,78.9,3274
2026-03-25 14:20:00,78.92,78.92,78.92,78.92,821
2026-03-25 14:40:00,78.87,78.88,78.87,78.88,500
2026-03-25 15:05:00,78.74,78.7499,78.705,78.7499,666
2026-03-25 15:10:00,78.7,78.72,78.7,78.72,2208
2026-03-25 15:35:00,78.7,78.7,78.7,78.7,10287
2026-03-25 15:45:00,78.7055,78.7055,78.7055,78.7055,161
2026-03-25 15:55:00,78.7632,78.81,78.74,78.81,5294
2026-03-25 16:00:00,78.81,78.81,78.81,78.81,104
2026-03-26 09:30:00,78.17,78.17,78.17,78.17,930
2026-03-26 09:50:00,78.62,78.63,78.62,78.62,900
2026-03-26 09:55:00,78.49,78.572,78.49,78.572,29456
2026-03-26 10:00:00,78.535,78.535,78.535,78.535,741
2026-03-26 10:20:00,78.547,78.56,78.51,78.56,7854
2026-03-26 10:25:00,78.54,78.54,78.54,78.54,4738
2026-03-26 10:30:00,78.59,78.6,78.559,78.59,2044
2026-03-26 10:35:00,78.51,78.51,78.51,78.51,9869
2026-03-26 10:45:00,78.3654,78.39,78.3654,78.39,352
2026-03-26 10:50:00,78.36,78.36,78.31,78.31,4216
2026-03-26 11:05:00,78.28,78.3,78.28,78.3,11701
2026-03-26 11:35:00,78.225,78.225,78.225,78.225,119
2026-03-26 11:45:00,78.2,78.2,78.2,78.2,500
2026-03-26 12:15:00,78.08,78.08,78.08,78.08,351
2026-03-26 12:40:00,77.99,77.99,77.99,77.99,100
2026-03-26 13:35:00,77.85,77.85,77.85,77.85,1983
2026-03-26 14:10:00,77.7,77.7,77.7,77.7,119
2026-03-26 14:40:00,77.7,77.7,77.7,77.7,100
2026-03-26 15:25:00,77.535,77.56,77.535,77.56,11284
2026-03-26 15:35:00,77.545,77.545,77.545,77.545,161
2026-03-26 15:50:00,77.51,77.51,77.51,77.51,100
2026-03-26 15:55:00,77.43,77.43,77.43,77.43,500
2026-03-26 16:10:00,77.6,77.6,77.6,77.6,100
2026-03-27 09:40:00,76.96,76.96,76.96,76.96,100
2026-03-27 10:25:00,76.785,76.785,76.785,76.785,779
2026-03-27 11:05:00,76.98,76.98,76.98,76.98,325
2026-03-27 11:10:00,76.895,76.895,76.895,76.895,220
2026-03-27 11:20:00,76.93,76.95,76.93,76.95,300
2026-03-27 11:35:00,77.1311,77.1311,77.095,77.095,377
2026-03-27 12:00:00,76.87,76.87,76.87,76.87,2068
2026-03-27 12:05:00,76.8628,76.8628,76.8628,76.8628,992
2026-03-27 13:25:00,76.44,76.44,76.44,76.44,17369
2026-03-27 13:30:00,76.46,76.46,76.46,76.46,569
2026-03-27 13:40:00,76.41,76.41,76.41,76.41,136
2026-03-27 13:50:00,76.37,76.37,76.37,76.37,9458
2026-03-27 14:10:00,76.2401,76.4,76.2401,76.2995,17651
2026-03-27 14:35:00,76.36,76.36,76.36,76.36,100
2026-03-27 14:45:00,76.27,76.27,76.27,76.27,349
2026-03-27 15:00:00,76.31,76.31,76.235,76.235,200
2026-03-27 15:25:00,76.22,76.24,76.22,76.24,240
2026-03-27 15:40:00,76.19,76.19,76.14,76.17,15196
2026-03-27 15:50:00,76.0,76.0,76.0,76.0,113
2026-03-27 15:55:00,76.2,76.22,76.2,76.22,400
2026-03-30 09:35:00,76.66,76.66,76.66,76.66,2076
2026-03-30 09:45:00,76.48,76.48,76.34,76.34,1116
2026-03-30 10:00:00,76.2649,76.2649,76.2649,76.2649,120
2026-03-30 10:10:00,76.39,76.39,76.39,76.39,1657
2026-03-30 10:20:00,76.41,76.41,76.41,76.41,100
2026-03-30 10:40:00,76.21,76.27,76.21,76.27,229
2026-03-30 10:45:00,76.17,76.17,76.17,76.17,857
2026-03-30 11:00:00,76.5209,76.5209,76.5209,76.5209,188
2026-03-30 11:05:00,76.67,76.67,76.67,76.67,100
2026-03-30 11:40:00,76.57,76.57,76.57,76.57,601
2026-03-30 11:45:00,76.55,76.55,76.55,76.55,3453
2026-03-30 11:55:00,76.5,76.51,76.5,76.51,644
2026-03-30 12:00:00,76.51,76.51,76.48,76.48,837
2026-03-30 12:15:00,76.4499,76.4499,76.38,76.38,24392
2026-03-30 12:45:00,76.27,76.27,76.27,76.27,7982
2026-03-30 12:50:00,76.34,76.34,76.34,76.34,100
2026-03-30 12:55:00,76.19,76.19,76.19,76.19,184
2026-03-30 14:05:00,76.0,76.0,76.0,76.0,2078
2026-03-30 14:25:00,75.9533,75.9533,75.9533,75.9533,174
2026-03-30 15:45:00,75.75,75.75,75.75,75.75,294
2026-03-30 15:50:00,75.88,75.88,75.88,75.88,195
2026-03-30 15:55:00,75.97,75.97,75.97,75.97,605
2026-03-31 09:30:00,76.84,76.84,76.72,76.72,21425
2026-03-31 09:40:00,76.73,76.73,76.73,76.73,431
2026-03-31 09:50:00,77.055,77.055,77.055,77.055,1000
2026-03-31 09:55:00,77.19,77.19,77.19,77.19,200
2026-03-31 10:00:00,77.24,77.24,77.24,77.24,100
2026-03-31 10:30:00,77.175,77.175,77.13,77.13,1227
2026-03-31 10:50:00,76.78,76.78,76.758,76.758,1652
2026-03-31 11:35:00,76.945,76.945,76.945,76.945,184
2026-03-31 11:50:00,76.8521,76.9864,76.8521,76.9864,621
2026-03-31 12:10:00,76.98,76.98,76.98,76.98,1396
2026-03-31 12:15:00,77.04,77.04,77.04,77.04,2970
2026-03-31 12:35:00,77.28,77.28,77.28,77.28,6720
2026-03-31 12:40:00,77.58,77.58,77.58,77.58,100
2026-03-31 12:45:00,77.5015,77.5015,77.5015,77.5015,836
2026-03-31 13:05:00,77.75,77.75,77.75,77.75,4121
2026-03-31 13:15:00,77.89,77.89,77.89,77.89,100
2026-03-31 13:20:00,77.805,77.805,77.805,77.805,283
2026-03-31 13:25:00,77.795,77.795,77.795,77.795,150
2026-03-31 13:35:00,77.815,77.815,77.815,77.815,206
2026-03-31 14:10:00,77.7629,77.7629,77.7629,77.7629,200
2026-03-31 14:15:00,77.9,77.9,77.89,77.89,419
2026-03-31 14:35:00,77.9416,77.9416,77.9416,77.9416,181
2026-03-31 15:10:00,77.9719,77.9719,77.9719,77.9719,129
2026-03-31 15:30:00,78.04,78.04,78.04,78.04,402
2026-03-31 15:55:00,78.16,78.16,78.16,78.16,3277
2026-03-31 17:20:00,78.17,78.17,78.17,78.17,100
2026-04-01 09:30:00,78.775,78.775,78.775,78.775,142
2026-04-01 09:35:00,78.8,78.91,78.8,78.91,8221
2026-04-01 09:40:00,78.9399,78.9399,78.71,78.71,2004
2026-04-01 09:50:00,78.76,78.76,78.76,78.76,100
2026-04-01 10:00:00,78.79,78.805,78.79,78.805,200
2026-04-01 10:05:00,78.74,78.74,78.73,78.73,235
2026-04-01 10:35:00,78.645,78.645,78.61,78.61,288
2026-04-01 10:40:00,78.82,78.85,78.78,78.85,9826
2026-04-01 10:45:00,78.89,78.89,78.89,78.89,100
2026-04-01 10:50:00,78.93,78.97,78.93,78.97,3946
2026-04-01 10:55:00,79.0,79.0,79.0,79.0,652
2026-04-01 11:00:00,79.03,79.03,79.03,79.03,629
2026-04-01 11:10:00,79.04,79.04,79.04,79.04,100
2026-04-01 11:30:00,78.955,78.955,78.955,78.955,100
2026-04-01 11:40:00,79.08,79.08,79.08,79.08,167
2026-04-01 12:00:00,79.15,79.155,79.15,79.155,269
2026-04-01 12:20:00,79.12,79.12,79.12,79.12,1080
2026-04-01 12:50:00,79.13,79.13,79.13,79.13,100
2026-04-01 13:00:00,79.15,79.19,79.15,79.15,5811
2026-04-01 13:05:00,79.15,79.1951,79.15,79.1951,822
2026-04-01 13:50:00,79.155,79.155,79.155,79.155,105
2026-04-01 14:05:00,78.96,78.96,78.96,78.96,9170
2026-04-01 14:10:00,78.98,78.98,78.98,78.98,100
2026-04-01 14:30:00,78.76,78.76,78.76,78.76,112
2026-04-01 14:35:00,78.78,78.78,78.78,78.78,200
2026-04-01 14:45:00,78.81,78.81,78.81,78.81,150
2026-04-01 14:55:00,78.76,78.79,78.745,78.745,16950
2026-04-01 15:00:00,78.81,78.859,78.81,78.81,2600
2026-04-01 15:05:00,78.85,78.85,78.85,78.85,1000
2026-04-01 15:25:00,78.98,78.98,78.96,78.96,1350
2026-04-01 15:45:00,78.99,78.99,78.99,78.99,100
2026-04-01 15:50:00,78.8201,78.8201,78.8201,78.8201,315
2026-04-01 15:55:00,78.89,78.89,78.84,78.84,705
2026-04-01 16:10:00,78.89,78.89,78.89,78.89,300
2026-04-01 09:30:00,78.775,78.775,78.775,78.775,142
2026-04-01 09:35:00,78.8,78.91,78.8,78.91,8221
2026-04-01 09:40:00,78.9399,78.9399,78.71,78.71,2004
2026-04-01 09:50:00,78.76,78.76,78.76,78.76,100
2026-04-01 10:00:00,78.79,78.805,78.79,78.805,200
2026-04-01 10:05:00,78.74,78.74,78.73,78.73,235
2026-04-01 10:35:00,78.645,78.645,78.61,78.61,288
2026-04-01 10:40:00,78.82,78.85,78.78,78.85,9826
2026-04-01 10:45:00,78.89,78.89,78.89,78.89,100
2026-04-01 10:50:00,78.93,78.97,78.93,78.97,3946
2026-04-01 10:55:00,79.0,79.0,79.0,79.0,652
2026-04-01 11:00:00,79.03,79.03,79.03,79.03,629
2026-04-01 11:10:00,79.04,79.04,79.04,79.04,100
2026-04-01 11:30:00,78.955,78.955,78.955,78.955,100
2026-04-01 11:40:00,79.08,79.08,79.08,79.08,167
2026-04-01 12:00:00,79.15,79.155,79.15,79.155,269
2026-04-01 12:20:00,79.12,79.12,79.12,79.12,1080
2026-04-01 12:50:00,79.13,79.13,79.13,79.13,100
2026-04-01 13:00:00,79.15,79.19,79.15,79.15,5811
2026-04-01 13:05:00,79.15,79.1951,79.15,79.1951,822
2026-04-01 13:50:00,79.155,79.155,79.155,79.155,105
2026-04-01 14:05:00,78.96,78.96,78.96,78.96,9170
2026-04-01 14:10:00,78.98,78.98,78.98,78.98,100
2026-04-01 14:30:00,78.76,78.76,78.76,78.76,112
2026-04-01 14:35:00,78.78,78.78,78.78,78.78,200
2026-04-01 14:45:00,78.81,78.81,78.81,78.81,150
2026-04-01 14:55:00,78.76,78.79,78.745,78.745,16950
2026-04-01 15:00:00,78.81,78.859,78.81,78.81,2600
2026-04-01 15:05:00,78.85,78.85,78.85,78.85,1000
2026-04-01 15:25:00,78.98,78.98,78.96,78.96,1350
2026-04-01 15:45:00,78.99,78.99,78.99,78.99,100
2026-04-01 15:50:00,78.8201,78.8201,78.8201,78.8201,315
2026-04-01 15:55:00,78.89,78.89,78.84,78.84,705
2026-04-01 16:10:00,78.89,78.89,78.89,78.89,300
2026-04-02 09:30:00,77.88,77.88,77.88,77.88,347
2026-04-02 09:35:00,77.765,77.765,77.765,77.765,141
2026-04-02 09:40:00,77.645,77.645,77.645,77.645,246
2026-04-02 10:05:00,78.1615,78.1615,78.1615,78.1615,416
2026-04-02 10:20:00,78.3632,78.3632,78.3632,78.3632,484
2026-04-02 10:30:00,78.4301,78.4301,78.4301,78.4301,280
2026-04-02 10:35:00,78.73,78.73,78.73,78.73,200
2026-04-02 10:55:00,78.9,78.9,78.895,78.895,725
2026-04-02 11:05:00,78.84,78.84,78.84,78.84,100
2026-04-02 11:20:00,78.78,78.78,78.78,78.78,500
2026-04-02 11:55:00,78.74,78.85,78.74,78.8,4444
2026-04-02 12:20:00,78.635,78.635,78.635,78.635,100
2026-04-02 12:30:00,78.6,78.6,78.6,78.6,300
2026-04-02 12:40:00,78.71,78.71,78.71,78.71,53000
2026-04-02 12:55:00,78.7297,78.7297,78.7297,78.7297,203
2026-04-02 13:35:00,78.74,78.74,78.74,78.74,317
2026-04-02 13:55:00,78.5943,78.5943,78.5943,78.5943,325
2026-04-02 14:00:00,78.68,78.68,78.68,78.68,145
2026-04-02 14:20:00,78.73,78.73,78.73,78.73,123
2026-04-02 14:25:00,78.67,78.67,78.67,78.67,520
2026-04-02 15:00:00,78.81,78.81,78.81,78.81,4931
2026-04-02 15:35:00,78.7951,78.7951,78.7951,78.7951,493
2026-04-02 15:40:00,78.8,78.8,78.8,78.8,8026
2026-04-02 15:45:00,78.76,78.77,78.76,78.77,4434
2026-04-02 15:55:00,78.97,78.98,78.97,78.98,201
