2026-03-04 09:30:00,25.17,25.17,25.17,25.17,200
2026-03-04 09:40:00,25.16,25.16,25.16,25.16,148
2026-03-04 10:00:00,25.15,25.15,25.15,25.15,100
2026-03-04 10:50:00,25.23,25.23,25.23,25.23,352
2026-03-04 11:05:00,25.23,25.23,25.23,25.23,200
2026-03-04 13:25:00,25.26,25.26,25.26,25.26,100
2026-03-04 14:30:00,25.25,25.25,25.24,25.24,900
2026-03-04 14:50:00,25.24,25.24,25.24,25.24,100
2026-03-05 09:30:00,25.23,25.23,25.23,25.23,241
2026-03-05 10:00:00,25.23,25.23,25.23,25.23,100
2026-03-05 10:15:00,25.23,25.23,25.23,25.23,218
2026-03-05 10:40:00,25.18,25.18,25.18,25.18,100
2026-03-05 11:05:00,25.2,25.2,25.2,25.2,200
2026-03-05 14:15:00,25.11,25.11,25.11,25.11,1136
2026-03-06 09:30:00,25.1,25.12,25.09,25.1,19902
2026-03-06 09:55:00,25.02,25.02,25.02,25.02,100
2026-03-06 10:00:00,25.06,25.06,25.06,25.06,200
2026-03-06 12:15:00,25.091,25.091,25.091,25.091,100
2026-03-06 12:45:00,25.06,25.06,25.06,25.06,100
2026-03-06 12:55:00,25.081,25.105,25.08,25.105,925
2026-03-06 13:20:00,25.11,25.11,25.11,25.11,100
2026-03-09 09:30:00,24.94,24.94,24.94,24.94,668
2026-03-09 09:40:00,24.94,24.94,24.94,24.94,300
2026-03-09 09:55:00,24.91,24.9304,24.91,24.91,1100
2026-03-09 10:00:00,24.92,24.92,24.92,24.92,100
2026-03-09 10:20:00,24.95,24.95,24.95,24.95,100
2026-03-09 10:45:00,24.98,24.98,24.98,24.98,100
2026-03-09 10:55:00,25.0,25.0,24.99,24.99,800
2026-03-09 11:15:00,25.03,25.03,25.03,25.03,100
2026-03-09 12:00:00,25.04,25.04,25.04,25.04,100
2026-03-09 12:20:00,25.04,25.04,25.04,25.04,100
2026-03-09 15:20:00,25.09,25.09,25.09,25.09,100
2026-03-09 15:35:00,25.16,25.16,25.16,25.16,100
2026-03-09 15:50:00,25.16,25.16,25.16,25.16,1500
2026-03-10 09:45:00,25.24,25.24,25.24,25.24,400
2026-03-10 10:00:00,25.17,25.17,25.17,25.17,363
2026-03-10 10:30:00,25.19,25.19,25.19,25.19,100
2026-03-10 12:55:00,25.24,25.24,25.24,25.24,100
2026-03-10 14:40:00,25.21,25.21,25.21,25.21,250
2026-03-10 14:50:00,25.21,25.21,25.21,25.21,161
2026-03-10 15:15:00,25.2115,25.2115,25.2115,25.2115,500
2026-03-11 10:30:00,25.18,25.18,25.18,25.18,100
2026-03-11 14:30:00,25.182,25.182,25.182,25.182,1000
2026-03-12 09:30:00,25.2,25.2,25.2,25.2,252
2026-03-12 09:45:00,25.09,25.09,25.08,25.08,2400
2026-03-12 10:15:00,25.11,25.11,25.11,25.11,100
2026-03-12 12:30:00,25.07,25.07,25.07,25.07,14377
2026-03-12 13:15:00,25.08,25.08,25.08,25.08,100
2026-03-12 14:30:00,25.07,25.07,25.07,25.07,11300
2026-03-12 15:05:00,25.0593,25.0593,25.0593,25.0593,300
2026-03-12 15:35:00,25.05,25.05,25.05,25.05,100
2026-03-13 11:55:00,24.97,24.97,24.97,24.97,100
2026-03-13 15:50:00,24.96,24.96,24.96,24.96,200
2026-03-16 09:30:00,25.11,25.11,25.11,25.11,201
2026-03-16 10:00:00,25.13,25.13,25.13,25.13,100
2026-03-16 11:00:00,25.12,25.12,25.12,25.12,400
2026-03-16 11:10:00,25.12,25.12,25.12,25.12,700
2026-03-16 11:20:00,25.15,25.15,25.15,25.15,100
2026-03-16 11:25:00,25.15,25.15,25.14,25.14,200
2026-03-16 11:30:00,25.15,25.15,25.15,25.15,4300
2026-03-16 11:35:00,25.15,25.15,25.15,25.15,500
2026-03-16 11:40:00,25.15,25.15,25.15,25.15,2500
2026-03-16 11:45:00,25.15,25.15,25.15,25.15,1000
2026-03-16 12:10:00,25.14,25.14,25.14,25.14,400
2026-03-16 12:20:00,25.13,25.13,25.13,25.13,700
2026-03-16 12:30:00,25.12,25.12,25.12,25.12,600
2026-03-16 12:45:00,25.14,25.14,25.13,25.13,1466
2026-03-16 12:50:00,25.14,25.14,25.14,25.14,700
2026-03-16 13:00:00,25.16,25.16,25.16,25.16,100
2026-03-16 13:10:00,25.14,25.14,25.14,25.14,100
2026-03-16 13:40:00,25.15,25.15,25.15,25.15,100
2026-03-16 14:00:00,25.16,25.16,25.16,25.16,2189
2026-03-16 14:05:00,25.16,25.16,25.15,25.16,1800
2026-03-16 14:20:00,25.15,25.15,25.15,25.15,100
2026-03-16 14:35:00,25.16,25.16,25.16,25.16,1251
2026-03-16 14:45:00,25.17,25.17,25.17,25.17,500
2026-03-16 14:50:00,25.15,25.15,25.15,25.15,100
2026-03-17 09:30:00,25.22,25.22,25.22,25.22,401
2026-03-17 09:45:00,25.28,25.28,25.28,25.28,200
2026-03-17 10:20:00,25.21,25.21,25.21,25.21,1747
2026-03-17 10:40:00,25.22,25.22,25.22,25.22,100
2026-03-17 13:00:00,25.2,25.2,25.2,25.2,941
2026-03-18 09:30:00,25.22,25.22,25.215,25.22,800
2026-03-18 09:50:00,25.21,25.21,25.21,25.21,100
2026-03-18 10:00:00,25.22,25.22,25.22,25.22,100
2026-03-18 10:35:00,25.13,25.13,25.13,25.13,100
2026-03-18 12:50:00,25.2,25.2,25.2,25.2,142
2026-03-18 14:20:00,25.15,25.15,25.15,25.15,6002
2026-03-18 14:40:00,25.13,25.13,25.13,25.13,100
2026-03-19 09:30:00,24.99,24.99,24.99,24.99,133
2026-03-19 09:55:00,24.97,24.97,24.97,24.97,100
2026-03-19 10:30:00,24.95,24.95,24.95,24.95,298
2026-03-19 10:40:00,24.97,24.97,24.97,24.97,260
2026-03-19 10:45:00,24.97,24.97,24.97,24.97,270
2026-03-19 10:50:00,24.99,24.99,24.99,24.99,300
2026-03-19 10:55:00,24.99,24.99,24.99,24.99,100
2026-03-19 11:05:00,25.0,25.0,25.0,25.0,100
2026-03-19 11:15:00,25.01,25.01,25.01,25.01,100
2026-03-19 12:30:00,24.97,24.97,24.97,24.97,100
2026-03-19 13:15:00,24.95,24.95,24.95,24.95,2000
2026-03-19 13:20:00,24.98,24.98,24.98,24.98,100
2026-03-19 13:40:00,24.96,24.96,24.96,24.96,100
2026-03-19 14:10:00,24.99,25.0,24.99,25.0,200
2026-03-19 14:25:00,25.0,25.0,25.0,25.0,100
2026-03-19 15:00:00,25.02,25.02,25.02,25.02,100
2026-03-19 15:20:00,25.07,25.07,25.07,25.07,100
2026-03-19 15:50:00,25.03,25.03,25.03,25.03,100
2026-03-20 09:30:00,25.01,25.01,25.01,25.01,5292
2026-03-20 10:05:00,24.91,24.91,24.91,24.91,558
2026-03-20 10:10:00,24.9001,24.935,24.9001,24.935,655
2026-03-20 10:30:00,24.88,24.89,24.88,24.89,2117
2026-03-20 11:15:00,24.89,24.89,24.89,24.89,100
2026-03-20 11:35:00,24.915,24.915,24.915,24.915,199
2026-03-20 11:55:00,24.92,24.92,24.9001,24.92,1504
2026-03-20 12:20:00,24.93,24.93,24.93,24.93,300
2026-03-20 13:40:00,24.8616,24.8616,24.8616,24.8616,100
2026-03-20 14:00:00,24.86,24.86,24.86,24.86,100
2026-03-20 15:55:00,24.8,24.8,24.8,24.8,100
2026-03-23 09:30:00,25.02,25.02,24.98,24.98,15848
2026-03-23 15:20:00,25.03,25.03,25.03,25.03,2948
2026-03-24 09:30:00,24.99,24.99,24.98,24.98,815
2026-03-24 10:50:00,24.91,24.91,24.91,24.91,200
2026-03-24 11:20:00,25.0,25.0,25.0,25.0,815
2026-03-24 12:20:00,24.97,24.9701,24.97,24.9701,200
2026-03-24 12:55:00,24.95,24.965,24.95,24.9501,1600
2026-03-24 15:20:00,24.95,24.95,24.95,24.95,140
2026-03-25 09:30:00,25.015,25.015,25.015,25.015,250
2026-03-25 09:50:00,25.06,25.06,25.06,25.06,100
2026-03-25 10:30:00,25.075,25.075,25.075,25.075,176
2026-03-25 14:50:00,25.01,25.01,25.01,25.01,100
2026-03-25 15:45:00,25.0,25.0,25.0,25.0,1765
2026-03-26 09:30:00,24.95,24.95,24.95,24.95,129
2026-03-26 09:45:00,24.925,24.925,24.925,24.925,400
2026-03-26 14:05:00,24.755,24.755,24.755,24.755,262
2026-03-27 09:30:00,24.67,24.67,24.62,24.62,217
2026-03-27 10:10:00,24.54,24.54,24.54,24.54,3300
2026-03-27 11:00:00,24.55,24.55,24.55,24.55,100
2026-03-27 11:10:00,24.54,24.5457,24.54,24.5457,2510
2026-03-27 11:20:00,24.56,24.56,24.56,24.56,100
2026-03-27 12:15:00,24.54,24.54,24.54,24.54,127253
2026-03-27 15:20:00,24.43,24.43,24.43,24.43,100
2026-03-27 15:40:00,24.42,24.437,24.42,24.437,736
2026-03-30 09:30:00,24.59,24.59,24.56,24.56,216
2026-03-30 10:35:00,24.4213,24.4213,24.4213,24.4213,113
2026-03-30 10:55:00,24.46,24.46,24.46,24.46,100
2026-03-30 14:15:00,24.375,24.375,24.375,24.375,135
2026-03-30 15:40:00,24.295,24.295,24.295,24.295,140
2026-03-31 09:55:00,24.59,24.59,24.59,24.59,2436
2026-03-31 11:00:00,24.525,24.525,24.525,24.525,182
2026-03-31 11:05:00,24.54,24.54,24.54,24.54,100
2026-03-31 12:15:00,24.58,24.58,24.58,24.58,100
2026-03-31 13:30:00,24.8,24.8,24.8,24.8,313
2026-03-31 14:30:00,24.76,24.7601,24.76,24.76,2200
2026-03-31 15:35:00,24.81,24.81,24.81,24.81,233
2026-03-31 15:40:00,24.81,24.81,24.81,24.81,300
2026-03-31 15:50:00,24.82,24.8201,24.82,24.8201,270
2026-04-01 09:30:00,24.96,24.96,24.96,24.96,154
2026-04-01 10:15:00,24.96,24.96,24.95,24.95,200
2026-04-01 10:50:00,25.0,25.0,25.0,25.0,100
2026-04-01 15:45:00,24.995,24.995,24.995,24.995,243
2026-04-01 09:30:00,24.96,24.96,24.96,24.96,154
2026-04-01 10:15:00,24.96,24.96,24.95,24.95,200
2026-04-01 10:50:00,25.0,25.0,25.0,25.0,100
2026-04-01 15:45:00,24.995,24.995,24.995,24.995,243
2026-04-02 09:30:00,24.81,24.81,24.8,24.8,1181
2026-04-02 10:10:00,24.86,24.86,24.86,24.86,405
2026-04-02 10:35:00,24.89,24.89,24.89,24.89,100
2026-04-02 14:40:00,24.965,24.965,24.965,24.965,172
2026-04-02 15:40:00,24.96,24.965,24.96,24.965,216
2026-04-02 15:50:00,24.98,24.99,24.97,24.99,300
