2026-03-04 10:15:00,21.61,21.61,21.61,21.61,100
2026-03-04 10:55:00,21.595,21.595,21.595,21.595,100
2026-03-04 12:20:00,21.63,21.63,21.605,21.605,400
2026-03-04 16:00:00,21.59,21.59,21.59,21.59,167
2026-03-05 09:30:00,21.98,21.98,21.52,21.52,1989
2026-03-09 10:35:00,21.34,21.34,21.34,21.34,637
2026-03-09 14:45:00,21.32,21.3224,21.31,21.3224,2638
2026-03-11 15:40:00,21.29,21.29,21.29,21.29,1000
2026-03-17 13:15:00,21.21,21.21,21.21,21.21,200
2026-03-18 15:55:00,21.17,21.17,21.17,21.17,200
2026-04-02 09:35:00,20.71,20.71,20.71,20.71,3555
2026-04-02 10:05:00,20.6,20.6,20.6,20.6,194
2026-04-02 10:10:00,20.64,20.64,20.6399,20.6399,200
2026-04-02 10:25:00,20.6,20.6,20.6,20.6,388
