2026-03-04 09:30:00,22.89,22.93,22.89,22.93,18702
2026-03-04 09:40:00,22.91,22.91,22.87,22.87,14736
2026-03-04 09:50:00,22.9,22.9,22.9,22.9,303
2026-03-04 09:55:00,22.9166,22.9166,22.9166,22.9166,500
2026-03-04 10:10:00,22.91,22.91,22.91,22.91,336
2026-03-04 10:15:00,22.95,22.95,22.93,22.93,200
2026-03-04 10:25:00,22.915,22.915,22.8901,22.8901,812
2026-03-04 10:35:00,22.95,22.95,22.95,22.95,100
2026-03-04 10:40:00,22.95,22.95,22.95,22.95,100
2026-03-04 10:45:00,22.93,22.94,22.93,22.94,1204
2026-03-04 10:50:00,22.9484,22.9484,22.9328,22.9328,1510
2026-03-04 11:00:00,22.9161,22.9161,22.9161,22.9161,500
2026-03-04 11:05:00,22.95,22.95,22.95,22.95,437
2026-03-04 11:10:00,22.9252,22.9252,22.9252,22.9252,349
2026-03-04 11:15:00,22.94,22.95,22.9258,22.9258,809
2026-03-04 11:20:00,22.9305,22.9305,22.9305,22.9305,615
2026-03-04 11:25:00,22.9499,22.9499,22.9499,22.9499,700
2026-03-04 11:50:00,22.95,22.95,22.95,22.95,100
2026-03-04 12:15:00,22.95,22.95,22.95,22.95,100
2026-03-04 12:20:00,22.92,22.94,22.92,22.94,1061
2026-03-04 12:25:00,22.92,22.94,22.92,22.94,3487
2026-03-04 12:30:00,22.94,22.94,22.94,22.94,100
2026-03-04 13:00:00,22.95,22.95,22.95,22.95,100
2026-03-04 13:05:00,22.92,22.94,22.92,22.92,1808
2026-03-04 13:10:00,22.92,22.94,22.92,22.9389,902
2026-03-04 13:20:00,22.9258,22.94,22.9258,22.94,450
2026-03-04 13:30:00,22.9201,22.9201,22.9201,22.9201,199
2026-03-04 13:40:00,22.94,22.94,22.92,22.94,392
2026-03-04 13:55:00,22.925,22.925,22.925,22.925,132
2026-03-04 14:00:00,22.95,22.95,22.95,22.95,100
2026-03-04 14:15:00,22.94,22.94,22.94,22.94,100
2026-03-04 14:20:00,22.9001,22.945,22.9001,22.945,9563
2026-03-04 14:25:00,22.94,22.94,22.94,22.94,100
2026-03-04 14:30:00,22.94,22.94,22.94,22.94,100
2026-03-04 14:35:00,22.93,22.94,22.925,22.925,1518
2026-03-04 14:40:00,22.9495,22.9495,22.94,22.94,209
2026-03-04 14:50:00,22.925,22.94,22.925,22.94,2403
2026-03-04 14:55:00,22.925,22.925,22.925,22.925,6013
2026-03-04 15:00:00,22.94,22.94,22.94,22.94,200
2026-03-04 15:05:00,22.9312,22.94,22.9312,22.94,300
2026-03-04 15:10:00,22.94,22.94,22.925,22.925,1200
2026-03-04 15:15:00,22.94,22.9498,22.94,22.94,1507
2026-03-04 15:20:00,22.94,22.94,22.94,22.94,200
2026-03-04 15:25:00,22.94,22.94,22.94,22.94,100
2026-03-04 15:30:00,22.94,22.94,22.92,22.93,10012
2026-03-04 15:35:00,22.94,22.94,22.94,22.94,100
2026-03-04 15:40:00,22.94,22.94,22.94,22.94,200
2026-03-04 15:45:00,22.94,22.94,22.94,22.94,100
2026-03-04 15:50:00,22.94,22.95,22.94,22.94,363
2026-03-04 15:55:00,22.94,22.94,22.93,22.93,1161
2026-03-04 16:00:00,22.93,22.93,22.93,22.93,454
2026-03-05 09:30:00,22.91,22.9124,22.91,22.9124,2358
2026-03-05 09:35:00,22.9,22.9398,22.9,22.9392,11190
2026-03-05 09:50:00,22.9398,22.94,22.9261,22.9261,598
2026-03-05 09:55:00,22.9,22.9,22.898,22.898,1404
2026-03-05 10:00:00,22.91,22.91,22.91,22.91,200
2026-03-05 10:05:00,22.91,22.91,22.91,22.91,557
2026-03-05 10:10:00,22.91,22.91,22.88,22.88,1573
2026-03-05 10:25:00,22.9,22.9,22.9,22.9,412
2026-03-05 10:30:00,22.89,22.89,22.89,22.89,5633
2026-03-05 10:35:00,22.9,22.92,22.8932,22.9,5080
2026-03-05 10:45:00,22.9,22.93,22.8966,22.93,793
2026-03-05 10:55:00,22.93,22.93,22.91,22.91,576
2026-03-05 11:10:00,22.9092,22.9092,22.9092,22.9092,257
2026-03-05 11:15:00,22.9,22.9,22.9,22.9,320
2026-03-05 11:25:00,22.9,22.9,22.9,22.9,200
2026-03-05 11:30:00,22.9099,22.9099,22.9099,22.9099,748
2026-03-05 11:35:00,22.9025,22.9025,22.9025,22.9025,100
2026-03-05 11:40:00,22.8997,22.8997,22.8997,22.8997,1500
2026-03-05 11:45:00,22.895,22.895,22.895,22.895,346
2026-03-05 11:50:00,22.9,22.91,22.8997,22.8997,736
2026-03-05 11:55:00,22.9,22.91,22.89,22.9,1876
2026-03-05 12:00:00,22.9,22.91,22.89,22.9001,2300
2026-03-05 12:05:00,22.89,22.905,22.89,22.9,15174
2026-03-05 12:10:00,22.9,22.91,22.9,22.9068,4930
2026-03-05 12:20:00,22.9,22.9,22.89,22.89,1515
2026-03-05 12:30:00,22.9,22.92,22.9,22.9143,10748
2026-03-05 12:35:00,22.92,22.92,22.92,22.92,6000
2026-03-05 12:45:00,22.92,22.92,22.905,22.905,438
2026-03-05 13:05:00,22.9,22.9,22.9,22.9,110
2026-03-05 13:10:00,22.89,22.89,22.89,22.89,1100
2026-03-05 13:15:00,22.89,22.8925,22.89,22.891,3800
2026-03-05 13:20:00,22.8903,22.8903,22.8903,22.8903,1000
2026-03-05 13:25:00,22.9001,22.9001,22.9001,22.9001,100
2026-03-05 13:30:00,22.9,22.9,22.9,22.9,3000
2026-03-05 13:35:00,22.9,22.9,22.9,22.9,100
2026-03-05 13:40:00,22.8909,22.8919,22.8909,22.8919,2400
2026-03-05 13:45:00,22.9,22.9,22.895,22.895,2640
2026-03-05 13:55:00,22.9,22.9,22.9,22.9,343
2026-03-05 14:30:00,22.9,22.9,22.9,22.9,1462
2026-03-05 14:35:00,22.9,22.9001,22.88,22.8801,8869
2026-03-05 14:40:00,22.895,22.895,22.895,22.895,201
2026-03-05 14:55:00,22.9,22.9,22.895,22.895,382
2026-03-05 15:00:00,22.895,22.895,22.895,22.895,993
2026-03-05 15:20:00,22.895,22.895,22.8801,22.895,2542
2026-03-05 15:30:00,22.8987,22.8987,22.8987,22.8987,147
2026-03-05 15:40:00,22.9,22.9,22.9,22.9,100
2026-03-05 15:45:00,22.9,22.9,22.9,22.9,146
2026-03-05 15:50:00,22.9,22.9,22.9,22.9,109
2026-03-05 15:55:00,22.9,22.91,22.89,22.91,536
2026-03-05 16:00:00,22.91,22.91,22.91,22.91,285
2026-03-05 18:35:00,22.91,22.91,22.91,22.91,873
2026-03-06 09:30:00,22.85,22.9,22.85,22.9,3540
2026-03-06 09:40:00,22.91,22.91,22.91,22.91,600
2026-03-06 09:55:00,22.9099,22.9099,22.9099,22.9099,100
2026-03-06 10:15:00,22.8701,22.8701,22.8701,22.8701,851
2026-03-06 10:30:00,22.895,22.9107,22.895,22.9107,425
2026-03-06 10:40:00,22.895,22.895,22.895,22.895,100
2026-03-06 11:50:00,22.92,22.92,22.9079,22.9079,2200
2026-03-06 11:55:00,22.9,22.9,22.9,22.9,297
2026-03-06 12:05:00,22.9,22.9,22.9,22.9,260
2026-03-06 12:45:00,22.9199,22.92,22.9199,22.92,754
2026-03-06 13:00:00,22.9125,22.9125,22.9125,22.9125,132
2026-03-06 14:00:00,22.91,22.91,22.91,22.91,200
2026-03-06 14:15:00,22.9,22.9,22.9,22.9,2191
2026-03-06 14:55:00,22.8983,22.9105,22.8983,22.9105,1012
2026-03-06 15:05:00,22.905,22.905,22.905,22.905,117
2026-03-06 15:30:00,22.905,22.9275,22.905,22.9275,200
2026-03-06 15:35:00,22.905,22.905,22.905,22.905,437
2026-03-06 15:55:00,22.88,22.89,22.88,22.89,300
2026-03-06 16:00:00,22.89,22.89,22.89,22.89,611
2026-03-09 09:30:00,22.91,22.91,22.91,22.91,5038
2026-03-09 09:35:00,22.9,22.9259,22.9,22.9,1520
2026-03-09 10:00:00,22.9,22.9,22.9,22.9,200
2026-03-09 10:05:00,22.88,22.9099,22.8701,22.9099,6948
2026-03-09 10:10:00,22.89,22.89,22.89,22.89,1020
2026-03-09 10:15:00,22.9,22.9,22.9,22.9,100
2026-03-09 10:25:00,22.89,22.89,22.89,22.89,101
2026-03-09 10:30:00,22.9099,22.9099,22.9099,22.9099,458
2026-03-09 10:35:00,22.89,22.91,22.89,22.91,1186
2026-03-09 10:55:00,22.92,22.92,22.92,22.92,200
2026-03-09 11:05:00,22.92,22.92,22.92,22.92,485
2026-03-09 11:35:00,22.8845,22.9195,22.8845,22.9195,3375
2026-03-09 12:30:00,22.91,22.91,22.91,22.91,318
2026-03-09 13:25:00,22.89,22.89,22.89,22.89,258
2026-03-09 13:40:00,22.89,22.89,22.89,22.89,266
2026-03-09 13:45:00,22.9099,22.91,22.9099,22.91,318
2026-03-09 14:05:00,22.91,22.91,22.91,22.91,100
2026-03-09 14:15:00,22.8925,22.8925,22.8925,22.8925,125
2026-03-09 14:20:00,22.895,22.895,22.895,22.895,1265
2026-03-09 14:35:00,22.92,22.93,22.92,22.925,4049
2026-03-09 14:40:00,22.925,22.93,22.89,22.91,3340
2026-03-09 14:45:00,22.915,22.9292,22.9,22.9,13300
2026-03-09 15:05:00,22.91,22.91,22.9056,22.9056,808
2026-03-09 15:10:00,22.9258,22.9258,22.87,22.87,13792
2026-03-09 15:25:00,22.912,22.915,22.9,22.9,1292
2026-03-09 15:35:00,22.9029,22.9029,22.9029,22.9029,252
2026-03-09 15:45:00,22.915,22.915,22.915,22.915,261
2026-03-09 15:55:00,22.9,22.92,22.9,22.92,1100
2026-03-10 09:30:00,22.89,22.895,22.89,22.895,2919
2026-03-10 10:00:00,22.9199,22.9199,22.9199,22.9199,3300
2026-03-10 10:10:00,22.9,22.9126,22.9,22.9126,2290
2026-03-10 10:35:00,22.91,22.91,22.91,22.91,567
2026-03-10 11:10:00,22.9025,22.9025,22.9025,22.9025,121
2026-03-10 11:15:00,22.905,22.905,22.89,22.89,550
2026-03-10 11:20:00,22.9199,22.9199,22.9199,22.9199,1309
2026-03-10 12:10:00,22.9199,22.925,22.89,22.89,4781
2026-03-10 13:05:00,22.9196,22.9196,22.9196,22.9196,222
2026-03-10 13:55:00,22.91,22.91,22.91,22.91,1435
2026-03-10 14:00:00,22.9056,22.9056,22.89,22.89,5345
2026-03-10 14:05:00,22.91,22.91,22.91,22.91,359
2026-03-10 14:10:00,22.9203,22.9203,22.9203,22.9203,500
2026-03-10 14:15:00,22.9236,22.9236,22.89,22.89,531
2026-03-10 14:25:00,22.9,22.91,22.9,22.91,300
2026-03-10 14:35:00,22.905,22.905,22.905,22.905,200
2026-03-10 14:45:00,22.89,22.89,22.89,22.89,100
2026-03-10 14:50:00,22.905,22.905,22.9001,22.9001,200
2026-03-10 14:55:00,22.9083,22.9083,22.9083,22.9083,6284
2026-03-10 15:00:00,22.905,22.92,22.8901,22.8901,5541
2026-03-10 15:05:00,22.905,22.905,22.905,22.905,529
2026-03-10 15:20:00,22.905,22.905,22.905,22.905,4875
2026-03-10 15:35:00,22.9199,22.9199,22.9199,22.9199,176
2026-03-10 15:40:00,22.8903,22.8903,22.8903,22.8903,220
2026-03-10 15:45:00,22.905,22.91,22.905,22.91,5300
2026-03-10 15:50:00,22.91,22.91,22.91,22.91,400
2026-03-10 15:55:00,22.91,22.91,22.905,22.905,358
2026-03-11 09:30:00,22.9,22.9,22.9,22.9,1709
2026-03-11 09:35:00,22.8501,22.8501,22.8501,22.8501,898
2026-03-11 09:40:00,22.885,22.885,22.885,22.885,300
2026-03-11 09:50:00,22.885,22.885,22.86,22.86,8224
2026-03-11 10:10:00,22.9,22.9,22.89,22.89,2200
2026-03-11 10:25:00,22.89,22.89,22.89,22.89,1609
2026-03-11 10:35:00,22.89,22.89,22.89,22.89,141
2026-03-11 10:45:00,22.887,22.887,22.887,22.887,288
2026-03-11 10:50:00,22.92,22.92,22.92,22.92,5000
2026-03-11 10:55:00,22.87,22.87,22.87,22.87,2000
2026-03-11 11:05:00,22.89,22.89,22.89,22.89,100
2026-03-11 11:15:00,22.9099,22.9099,22.9099,22.9099,4596
2026-03-11 11:35:00,22.9,22.9,22.869,22.8817,2651
2026-03-11 11:45:00,22.88,22.89,22.88,22.89,7089
2026-03-11 11:50:00,22.8941,22.8941,22.8941,22.8941,252
2026-03-11 11:55:00,22.865,22.865,22.865,22.865,106
2026-03-11 12:00:00,22.8948,22.8948,22.885,22.885,2171
2026-03-11 12:10:00,22.9,22.9,22.89,22.89,320
2026-03-11 12:30:00,22.893,22.893,22.893,22.893,1309
2026-03-11 13:15:00,22.885,22.89,22.885,22.89,310
2026-03-11 13:25:00,22.88,22.88,22.88,22.88,134
2026-03-11 13:35:00,22.88,22.88,22.88,22.88,101
2026-03-11 13:40:00,22.89,22.89,22.86,22.87,1500
2026-03-11 13:55:00,22.88,22.88,22.88,22.88,100
2026-03-11 14:10:00,22.87,22.87,22.87,22.87,575
2026-03-11 14:15:00,22.87,22.87,22.87,22.87,863
2026-03-11 14:20:00,22.88,22.88,22.88,22.88,100
2026-03-11 14:25:00,22.87,22.89,22.87,22.87,524
2026-03-11 14:30:00,22.86,22.87,22.86,22.87,444
2026-03-11 14:35:00,22.8698,22.87,22.8501,22.8501,1760
2026-03-11 14:45:00,22.87,22.87,22.86,22.86,586
2026-03-11 14:55:00,22.8572,22.86,22.8572,22.86,1934
2026-03-11 15:00:00,22.85,22.85,22.85,22.85,461
2026-03-11 15:05:00,22.86,22.86,22.8503,22.8503,869
2026-03-11 15:10:00,22.8503,22.8503,22.8503,22.8503,196
2026-03-11 15:15:00,22.86,22.86,22.85,22.85,614
2026-03-11 15:20:00,22.8302,22.86,22.8302,22.85,5307
2026-03-11 15:25:00,22.85,22.86,22.845,22.85,3533
2026-03-11 15:30:00,22.845,22.845,22.845,22.845,2188
2026-03-11 15:35:00,22.85,22.85,22.85,22.85,100
2026-03-11 15:50:00,22.85,22.85,22.85,22.85,400
2026-03-11 15:55:00,22.845,22.845,22.8301,22.8301,3270
2026-03-12 09:30:00,22.79,22.8631,22.79,22.8631,1364
2026-03-12 10:05:00,22.87,22.87,22.87,22.87,100
2026-03-12 10:25:00,22.85,22.85,22.85,22.85,423
2026-03-12 10:35:00,22.85,22.85,22.85,22.85,4483
2026-03-12 10:40:00,22.85,22.85,22.85,22.85,100
2026-03-12 11:00:00,22.8592,22.8592,22.8592,22.8592,2105
2026-03-12 11:05:00,22.8451,22.8451,22.8451,22.8451,420
2026-03-12 11:20:00,22.85,22.85,22.85,22.85,218
2026-03-12 11:25:00,22.8595,22.8595,22.8595,22.8595,437
2026-03-12 11:40:00,22.8599,22.8599,22.8599,22.8599,218
2026-03-12 11:50:00,22.85,22.85,22.8494,22.8494,655
2026-03-12 12:00:00,22.8486,22.8486,22.8486,22.8486,1095
2026-03-12 12:10:00,22.84,22.84,22.84,22.84,100
2026-03-12 12:25:00,22.84,22.84,22.84,22.84,100
2026-03-12 12:35:00,22.83,22.84,22.83,22.84,374
2026-03-12 12:40:00,22.84,22.84,22.84,22.84,100
2026-03-12 12:50:00,22.84,22.84,22.84,22.84,724
2026-03-12 13:05:00,22.835,22.835,22.83,22.8301,1963
2026-03-12 13:10:00,22.83,22.83,22.83,22.83,500
2026-03-12 13:15:00,22.825,22.825,22.825,22.825,100
2026-03-12 13:20:00,22.83,22.83,22.8273,22.8273,422
2026-03-12 13:30:00,22.82,22.825,22.805,22.805,4497
2026-03-12 13:35:00,22.811,22.82,22.8094,22.8094,1898
2026-03-12 13:55:00,22.8135,22.8135,22.8135,22.8135,450
2026-03-12 14:10:00,22.82,22.82,22.82,22.82,100
2026-03-12 14:20:00,22.82,22.82,22.8132,22.8132,314
2026-03-12 14:25:00,22.82,22.82,22.82,22.82,131
2026-03-12 14:30:00,22.81,22.81,22.81,22.81,150
2026-03-12 14:45:00,22.8175,22.8175,22.81,22.81,4068
2026-03-12 14:50:00,22.81,22.81,22.8,22.8,4703
2026-03-12 14:55:00,22.7901,22.7901,22.7901,22.7901,287
2026-03-12 15:20:00,22.7901,22.7901,22.7901,22.7901,1150
2026-03-12 15:45:00,22.797,22.8,22.797,22.8,324
2026-03-12 15:50:00,22.7972,22.8,22.7972,22.8,1000
2026-03-12 15:55:00,22.795,22.795,22.79,22.79,531
2026-03-12 16:00:00,22.79,22.79,22.79,22.79,100
2026-03-13 09:30:00,22.85,22.85,22.81,22.81,2884
2026-03-13 10:10:00,22.825,22.84,22.825,22.84,3900
2026-03-13 10:20:00,22.8399,22.8399,22.8243,22.825,1669
2026-03-13 10:30:00,22.82,22.82,22.81,22.81,27524
2026-03-13 10:50:00,22.82,22.82,22.82,22.82,247
2026-03-13 11:15:00,22.8395,22.8395,22.8395,22.8395,3000
2026-03-13 12:05:00,22.81,22.81,22.81,22.81,139
2026-03-13 12:25:00,22.81,22.81,22.81,22.81,1700
2026-03-13 12:40:00,22.82,22.84,22.8115,22.82,7300
2026-03-13 12:45:00,22.83,22.83,22.83,22.83,100
2026-03-13 12:50:00,22.83,22.83,22.83,22.83,326
2026-03-13 13:10:00,22.82,22.82,22.82,22.82,500
2026-03-13 13:20:00,22.83,22.83,22.83,22.83,100
2026-03-13 13:45:00,22.8222,22.8222,22.8222,22.8222,225
2026-03-13 13:55:00,22.8354,22.8354,22.825,22.825,460
2026-03-13 14:05:00,22.8394,22.8394,22.8394,22.8394,1036
2026-03-13 14:40:00,22.8392,22.8392,22.8392,22.8392,368
2026-03-13 14:45:00,22.8174,22.8174,22.8174,22.8174,210
2026-03-13 14:50:00,22.81,22.81,22.81,22.81,1751
2026-03-13 15:00:00,22.825,22.825,22.825,22.825,200
2026-03-13 15:15:00,22.825,22.825,22.825,22.825,250
2026-03-13 15:30:00,22.825,22.825,22.825,22.825,438
2026-03-13 15:35:00,22.825,22.825,22.825,22.825,520
2026-03-13 15:45:00,22.83,22.83,22.83,22.83,462
2026-03-13 15:50:00,22.83,22.83,22.83,22.83,1002
2026-03-13 16:00:00,22.84,22.84,22.84,22.84,200
2026-03-16 09:30:00,22.89,22.89,22.89,22.89,2365
2026-03-16 09:55:00,22.84,22.84,22.84,22.84,2052
2026-03-16 10:20:00,22.88,22.88,22.8797,22.8797,1556
2026-03-16 10:30:00,22.87,22.87,22.8464,22.87,300
2026-03-16 10:35:00,22.8799,22.8799,22.8799,22.8799,1575
2026-03-16 10:45:00,22.8692,22.8692,22.8692,22.8692,103
2026-03-16 10:50:00,22.86,22.86,22.86,22.86,1084
2026-03-16 11:00:00,22.8699,22.8699,22.8699,22.8699,210
2026-03-16 11:45:00,22.8699,22.8699,22.8699,22.8699,128
2026-03-16 12:00:00,22.87,22.87,22.87,22.87,173
2026-03-16 12:10:00,22.855,22.855,22.855,22.855,692
2026-03-16 12:25:00,22.8693,22.8693,22.8693,22.8693,500
2026-03-16 13:20:00,22.841,22.841,22.841,22.841,1064
2026-03-16 13:25:00,22.8526,22.855,22.8526,22.855,1482
2026-03-16 14:00:00,22.87,22.87,22.86,22.86,361
2026-03-16 14:25:00,22.86,22.86,22.86,22.86,249
2026-03-16 14:30:00,22.87,22.87,22.86,22.86,2177
2026-03-16 14:55:00,22.865,22.865,22.865,22.865,271
2026-03-16 15:00:00,22.88,22.88,22.88,22.88,1331
2026-03-16 15:05:00,22.86,22.86,22.86,22.86,1254
2026-03-16 15:20:00,22.86,22.86,22.86,22.86,773
2026-03-16 15:35:00,22.86,22.8795,22.841,22.8795,2026
2026-03-16 15:45:00,22.86,22.8601,22.86,22.8601,460
2026-03-16 15:50:00,22.8799,22.8799,22.8799,22.8799,100
2026-03-16 15:55:00,22.86,22.86,22.84,22.84,458
2026-03-16 16:00:00,22.86,22.86,22.86,22.86,379
2026-03-17 09:30:00,22.89,22.89,22.86,22.865,5107
2026-03-17 09:40:00,22.8795,22.88,22.8795,22.88,9186
2026-03-17 09:45:00,22.87,22.87,22.865,22.8699,1452
2026-03-17 09:50:00,22.865,22.8799,22.865,22.8799,1025
2026-03-17 10:00:00,22.865,22.88,22.865,22.88,2095
2026-03-17 10:35:00,22.865,22.865,22.865,22.865,214
2026-03-17 10:45:00,22.865,22.88,22.865,22.88,207
2026-03-17 11:00:00,22.88,22.88,22.88,22.88,100
2026-03-17 11:15:00,22.865,22.88,22.865,22.868,6951
2026-03-17 11:20:00,22.865,22.88,22.865,22.865,4529
2026-03-17 11:50:00,22.87,22.87,22.87,22.87,186
2026-03-17 12:10:00,22.87,22.87,22.87,22.87,600
2026-03-17 12:50:00,22.88,22.88,22.88,22.88,333
2026-03-17 12:55:00,22.88,22.88,22.88,22.88,100
2026-03-17 13:00:00,22.865,22.865,22.862,22.865,2228
2026-03-17 13:05:00,22.8799,22.8799,22.8799,22.8799,195
2026-03-17 13:15:00,22.8709,22.8709,22.8709,22.8709,425
2026-03-17 13:55:00,22.865,22.865,22.85,22.865,4794
2026-03-17 14:25:00,22.8792,22.8792,22.865,22.865,916
2026-03-17 14:45:00,22.8799,22.8799,22.8799,22.8799,2291
2026-03-17 14:50:00,22.85,22.85,22.85,22.85,11617
2026-03-17 15:05:00,22.865,22.865,22.865,22.865,4659
2026-03-17 15:10:00,22.8501,22.8501,22.85,22.85,6900
2026-03-17 15:15:00,22.85,22.85,22.85,22.85,1200
2026-03-17 15:20:00,22.84,22.84,22.84,22.84,279
2026-03-17 15:25:00,22.85,22.85,22.85,22.85,219
2026-03-17 15:30:00,22.845,22.85,22.84,22.84,3900
2026-03-17 15:55:00,22.86,22.8899,22.85,22.85,19436
2026-03-17 16:00:00,22.86,22.86,22.86,22.86,100
2026-03-18 09:30:00,22.88,22.88,22.88,22.88,2200
2026-03-18 09:35:00,22.86,22.86,22.86,22.86,1300
2026-03-18 09:40:00,22.87,22.87,22.87,22.87,7022
2026-03-18 10:35:00,22.8887,22.8887,22.8887,22.8887,5888
2026-03-18 10:40:00,22.83,22.86,22.83,22.86,300
2026-03-18 11:00:00,22.85,22.85,22.85,22.85,1750
2026-03-18 11:50:00,22.86,22.86,22.86,22.86,215
2026-03-18 11:55:00,22.86,22.86,22.86,22.86,200
2026-03-18 12:20:00,22.86,22.86,22.86,22.86,200
2026-03-18 12:40:00,22.8599,22.86,22.8599,22.86,1639
2026-03-18 12:45:00,22.83,22.83,22.83,22.83,129
2026-03-18 12:50:00,22.8567,22.8567,22.8567,22.8567,138
2026-03-18 13:35:00,22.86,22.86,22.85,22.86,755
2026-03-18 13:50:00,22.8655,22.8655,22.8655,22.8655,607
2026-03-18 14:00:00,22.85,22.85,22.81,22.82,2400
2026-03-18 14:05:00,22.81,22.83,22.81,22.82,1759
2026-03-18 14:10:00,22.81,22.84,22.81,22.82,2413
2026-03-18 14:15:00,22.82,22.82,22.81,22.82,1300
2026-03-18 14:20:00,22.82,22.82,22.81,22.81,1000
2026-03-18 14:25:00,22.81,22.84,22.81,22.81,4681
2026-03-18 14:30:00,22.82,22.82,22.81,22.81,2800
2026-03-18 14:35:00,22.81,22.8447,22.79,22.8447,4489
2026-03-18 14:40:00,22.8,22.82,22.8,22.8,2800
2026-03-18 14:45:00,22.82,22.82,22.8,22.8,2710
2026-03-18 14:50:00,22.8,22.87,22.8,22.81,5228
2026-03-18 14:55:00,22.8,22.845,22.76,22.76,2371
2026-03-18 15:00:00,22.78,22.82,22.76,22.76,3519
2026-03-18 15:05:00,22.76,22.77,22.735,22.735,2100
2026-03-18 15:10:00,22.735,22.805,22.735,22.735,4241
2026-03-18 15:15:00,22.735,22.8,22.73,22.735,3585
2026-03-18 15:20:00,22.735,22.8,22.735,22.735,3352
2026-03-18 15:25:00,22.735,22.77,22.735,22.75,4800
2026-03-18 15:30:00,22.75,22.815,22.74,22.76,5441
2026-03-18 15:35:00,22.77,22.79,22.75,22.75,4417
2026-03-18 15:40:00,22.76,22.77,22.73,22.73,3183
2026-03-18 15:45:00,22.735,22.81,22.73,22.79,9437
2026-03-18 15:50:00,22.78,22.79,22.73,22.77,4900
2026-03-18 15:55:00,22.77,22.79,22.735,22.75,11065
2026-03-18 16:00:00,22.82,22.82,22.82,22.82,329
2026-03-19 09:30:00,22.78,22.78,22.78,22.78,2901
2026-03-19 09:35:00,22.8341,22.8341,22.8341,22.8341,1066
2026-03-19 09:40:00,22.78,22.78,22.78,22.78,150
2026-03-19 09:45:00,22.74,22.74,22.74,22.74,218
2026-03-19 09:55:00,22.76,22.76,22.74,22.74,344
2026-03-19 10:00:00,22.74,22.74,22.74,22.74,357
2026-03-19 10:10:00,22.74,22.74,22.74,22.74,393
2026-03-19 10:15:00,22.7669,22.7669,22.7669,22.7669,118
2026-03-19 10:20:00,22.74,22.74,22.74,22.74,293
2026-03-19 10:30:00,22.74,22.74,22.74,22.74,311
2026-03-19 10:35:00,22.76,22.785,22.74,22.785,2068
2026-03-19 10:40:00,22.76,22.76,22.74,22.74,226
2026-03-19 10:45:00,22.76,22.76,22.74,22.74,400
2026-03-19 10:55:00,22.74,22.785,22.74,22.74,1489
2026-03-19 11:05:00,22.776,22.776,22.76,22.76,225
2026-03-19 11:10:00,22.74,22.74,22.74,22.74,366
2026-03-19 11:15:00,22.72,22.72,22.72,22.72,100
2026-03-19 11:20:00,22.72,22.72,22.7,22.7,200
2026-03-19 11:25:00,22.71,22.71,22.71,22.71,398
2026-03-19 11:35:00,22.71,22.71,22.71,22.71,100
2026-03-19 11:40:00,22.72,22.72,22.72,22.72,385
2026-03-19 11:45:00,22.7,22.71,22.7,22.71,300
2026-03-19 11:50:00,22.7007,22.71,22.7007,22.71,633
2026-03-19 11:55:00,22.7252,22.7252,22.71,22.71,914
2026-03-19 12:00:00,22.7,22.71,22.7,22.71,207
2026-03-19 12:05:00,22.7398,22.7398,22.7,22.73,1459
2026-03-19 12:10:00,22.7525,22.7525,22.745,22.745,316
2026-03-19 12:15:00,22.73,22.73,22.7,22.7,1500
2026-03-19 12:20:00,22.73,22.73,22.73,22.73,3291
2026-03-19 12:25:00,22.71,22.71,22.71,22.71,428
2026-03-19 12:30:00,22.72,22.72,22.71,22.71,705
2026-03-19 12:35:00,22.71,22.71,22.71,22.71,100
2026-03-19 12:40:00,22.71,22.73,22.71,22.73,476
2026-03-19 12:45:00,22.71,22.71,22.71,22.71,209
2026-03-19 12:55:00,22.7,22.7,22.7,22.7,300
2026-03-19 13:00:00,22.76,22.76,22.71,22.71,1417
2026-03-19 13:10:00,22.71,22.71,22.7,22.7,296
2026-03-19 13:15:00,22.71,22.71,22.71,22.71,212
2026-03-19 13:20:00,22.7,22.7,22.7,22.7,330
2026-03-19 13:25:00,22.71,22.71,22.71,22.71,500
2026-03-19 13:30:00,22.7,22.71,22.7,22.71,872
2026-03-19 13:35:00,22.715,22.7269,22.71,22.71,1943
2026-03-19 13:40:00,22.71,22.71,22.71,22.71,202
2026-03-19 13:50:00,22.7,22.71,22.7,22.71,228
2026-03-19 13:55:00,22.71,22.71,22.7,22.7,312
2026-03-19 14:00:00,22.7,22.71,22.7,22.71,376
2026-03-19 14:05:00,22.7,22.71,22.7,22.71,1930
2026-03-19 14:15:00,22.72,22.73,22.72,22.73,484
2026-03-19 14:20:00,22.72,22.72,22.72,22.72,144
2026-03-19 14:25:00,22.73,22.73,22.72,22.73,608
2026-03-19 14:30:00,22.73,22.7368,22.73,22.73,1096
2026-03-19 14:35:00,22.735,22.735,22.73,22.73,339
2026-03-19 14:40:00,22.73,22.74,22.73,22.73,4528
2026-03-19 14:45:00,22.73,22.74,22.73,22.73,3751
2026-03-19 14:50:00,22.73,22.73,22.73,22.73,355
2026-03-19 14:55:00,22.73,22.73,22.73,22.73,460
2026-03-19 15:00:00,22.73,22.7301,22.73,22.73,8654
2026-03-19 15:05:00,22.73,22.76,22.73,22.76,5317
2026-03-19 15:15:00,22.7699,22.77,22.7699,22.77,1263
2026-03-19 15:20:00,22.7751,22.7751,22.7751,22.7751,1079
2026-03-19 15:25:00,22.79,22.81,22.79,22.8,1232
2026-03-19 15:35:00,22.8534,22.8534,22.8534,22.8534,814
2026-03-19 15:45:00,22.8429,22.8429,22.828,22.828,405
2026-03-19 15:55:00,22.815,22.8199,22.815,22.8199,600
2026-03-19 16:00:00,22.802,22.802,22.79,22.79,216
2026-03-20 09:30:00,22.78,22.78,22.76,22.76,2290
2026-03-20 09:35:00,22.76,22.77,22.76,22.77,10640
2026-03-20 09:40:00,22.77,22.78,22.7507,22.77,5445
2026-03-20 09:45:00,22.77,22.78,22.77,22.77,1400
2026-03-20 09:50:00,22.765,22.77,22.76,22.76,1724
2026-03-20 09:55:00,22.76,22.765,22.76,22.765,300
2026-03-20 10:00:00,22.77,22.77,22.745,22.75,5272
2026-03-20 10:05:00,22.76,22.77,22.76,22.77,1400
2026-03-20 10:10:00,22.785,22.785,22.77,22.77,225
2026-03-20 10:15:00,22.78,22.78,22.78,22.78,225
2026-03-20 10:25:00,22.775,22.775,22.775,22.775,250
2026-03-20 10:30:00,22.77,22.77,22.76,22.7699,725
2026-03-20 10:35:00,22.77,22.77,22.76,22.76,1125
2026-03-20 10:40:00,22.77,22.77,22.7353,22.77,1147
2026-03-20 10:45:00,22.75,22.76,22.735,22.735,975
2026-03-20 10:50:00,22.75,22.76,22.75,22.755,725
2026-03-20 10:55:00,22.755,22.7599,22.755,22.7599,254
2026-03-20 11:00:00,22.755,22.76,22.75,22.755,550
2026-03-20 11:05:00,22.755,22.755,22.755,22.755,125
2026-03-20 11:10:00,22.755,22.755,22.755,22.755,225
2026-03-20 11:15:00,22.755,22.76,22.755,22.76,325
2026-03-20 11:20:00,22.76,22.76,22.76,22.76,400
2026-03-20 11:25:00,22.76,22.76,22.76,22.76,600
2026-03-20 11:30:00,22.76,22.76,22.755,22.76,800
2026-03-20 11:35:00,22.76,22.76,22.6801,22.75,20157
2026-03-20 11:40:00,22.76,22.76,22.755,22.755,500
2026-03-20 11:45:00,22.75,22.76,22.75,22.755,727
2026-03-20 11:50:00,22.755,22.76,22.72,22.72,954
2026-03-20 11:55:00,22.72,22.75,22.72,22.75,1000
2026-03-20 12:00:00,22.76,22.77,22.75,22.77,643
2026-03-20 12:15:00,22.66,22.66,22.66,22.66,39029
2026-03-20 12:20:00,22.65,22.65,22.65,22.65,235
2026-03-20 12:50:00,22.6772,22.6772,22.6772,22.6772,198
2026-03-20 13:10:00,22.7,22.7001,22.7,22.7001,2001
2026-03-20 13:20:00,22.6832,22.6832,22.6832,22.6832,204
2026-03-20 13:35:00,22.7123,22.7123,22.7123,22.7123,131
2026-03-20 13:40:00,22.72,22.72,22.72,22.72,100
2026-03-20 13:45:00,22.7191,22.7191,22.67,22.67,13204
2026-03-20 14:00:00,22.7099,22.7099,22.7099,22.7099,346
2026-03-20 14:05:00,22.71,22.71,22.71,22.71,5460
2026-03-20 14:25:00,22.7082,22.7082,22.7082,22.7082,575
2026-03-20 14:55:00,22.69,22.69,22.67,22.67,1131
2026-03-20 15:00:00,22.69,22.69,22.69,22.69,3500
2026-03-20 15:05:00,22.69,22.69,22.69,22.69,100
2026-03-20 15:10:00,22.7001,22.7001,22.68,22.68,521
2026-03-20 15:20:00,22.7,22.7,22.66,22.695,11829
2026-03-20 15:25:00,22.66,22.66,22.66,22.66,132
2026-03-20 15:30:00,22.7141,22.7141,22.66,22.66,1628
2026-03-20 15:50:00,22.69,22.69,22.69,22.69,450
2026-03-20 15:55:00,22.665,22.7,22.6501,22.7,500
2026-03-20 16:00:00,22.64,22.64,22.64,22.64,455
2026-03-23 09:30:00,22.7,22.7,22.7,22.7,866
2026-03-23 09:45:00,22.6756,22.6756,22.6756,22.6756,483
2026-03-23 10:00:00,22.705,22.705,22.705,22.705,1365
2026-03-23 10:10:00,22.7098,22.71,22.7098,22.71,200
2026-03-23 10:15:00,22.71,22.71,22.71,22.71,1362
2026-03-23 10:20:00,22.701,22.73,22.701,22.73,371
2026-03-23 10:25:00,22.74,22.74,22.7102,22.74,861
2026-03-23 10:30:00,22.74,22.74,22.74,22.74,200
2026-03-23 10:35:00,22.74,22.74,22.74,22.74,200
2026-03-23 10:40:00,22.74,22.74,22.74,22.74,100
2026-03-23 10:45:00,22.74,22.74,22.74,22.74,200
2026-03-23 10:50:00,22.74,22.74,22.725,22.725,793
2026-03-23 10:55:00,22.74,22.74,22.73,22.74,300
2026-03-23 11:25:00,22.725,22.725,22.7101,22.7101,2583
2026-03-23 12:10:00,22.7399,22.74,22.7,22.74,1809
2026-03-23 12:25:00,22.7252,22.7252,22.7252,22.7252,327
2026-03-23 12:45:00,22.71,22.73,22.71,22.73,2285
2026-03-23 12:50:00,22.7383,22.74,22.7383,22.74,2977
2026-03-23 13:05:00,22.7201,22.7268,22.72,22.7268,900
2026-03-23 13:45:00,22.74,22.74,22.74,22.74,200
2026-03-23 13:55:00,22.71,22.71,22.71,22.71,4315
2026-03-23 14:00:00,22.705,22.705,22.705,22.705,186
2026-03-23 14:15:00,22.692,22.7286,22.692,22.7286,1315
2026-03-23 14:20:00,22.713,22.713,22.713,22.713,1445
2026-03-23 14:35:00,22.704,22.71,22.704,22.71,1351
2026-03-23 14:40:00,22.7277,22.7277,22.7277,22.7277,1386
2026-03-23 15:00:00,22.71,22.72,22.71,22.72,253
2026-03-23 15:05:00,22.6981,22.7276,22.6922,22.6922,2959
2026-03-23 15:10:00,22.69,22.69,22.69,22.69,140
2026-03-23 15:15:00,22.7189,22.7189,22.7189,22.7189,203
2026-03-23 15:20:00,22.71,22.71,22.71,22.71,385
2026-03-23 15:25:00,22.71,22.71,22.71,22.71,100
2026-03-23 15:45:00,22.69,22.693,22.69,22.693,723
2026-03-23 16:00:00,22.69,22.69,22.69,22.69,100
2026-03-24 09:30:00,22.71,22.71,22.71,22.71,904
2026-03-24 09:35:00,22.7,22.7,22.68,22.69,1500
2026-03-24 09:50:00,22.69,22.695,22.69,22.695,566
2026-03-24 10:10:00,22.68,22.68,22.63,22.63,10971
2026-03-24 10:15:00,22.6301,22.6301,22.6301,22.6301,715
2026-03-24 11:00:00,22.625,22.63,22.625,22.63,2400
2026-03-24 11:30:00,22.615,22.615,22.615,22.615,1890
2026-03-24 11:35:00,22.62,22.62,22.62,22.62,1545
2026-03-24 11:50:00,22.605,22.605,22.605,22.605,875
2026-03-24 12:10:00,22.6,22.6,22.6,22.6,900
2026-03-24 12:20:00,22.61,22.61,22.61,22.61,1607
2026-03-24 12:45:00,22.6387,22.6387,22.6387,22.6387,1592
2026-03-24 13:05:00,22.585,22.585,22.585,22.585,166
2026-03-24 13:25:00,22.585,22.585,22.585,22.585,178
2026-03-24 13:30:00,22.5601,22.5601,22.5601,22.5601,332
2026-03-24 13:55:00,22.585,22.6099,22.585,22.6099,708
2026-03-24 14:05:00,22.6,22.6,22.6,22.6,104
2026-03-24 14:20:00,22.57,22.574,22.54,22.57,10806
2026-03-24 14:25:00,22.55,22.5749,22.53,22.565,4014
2026-03-24 14:45:00,22.6,22.6,22.6,22.6,263
2026-03-24 15:00:00,22.57,22.5999,22.55,22.5999,7204
2026-03-24 15:05:00,22.57,22.6,22.57,22.59,667
2026-03-24 15:10:00,22.5401,22.57,22.5401,22.57,785
2026-03-24 15:35:00,22.57,22.57,22.57,22.57,100
2026-03-24 15:40:00,22.57,22.6,22.57,22.59,3101
2026-03-24 15:45:00,22.6,22.6,22.6,22.6,200
2026-03-24 15:50:00,22.59,22.59,22.59,22.59,300
2026-03-24 15:55:00,22.6,22.6,22.53,22.53,2042
2026-03-24 16:00:00,22.54,22.54,22.54,22.54,100
2026-03-25 09:30:00,22.65,22.65,22.65,22.65,657
2026-03-25 09:35:00,22.63,22.63,22.63,22.63,400
2026-03-25 09:40:00,22.65,22.65,22.64,22.64,300
2026-03-25 09:45:00,22.6403,22.6403,22.64,22.64,2953
2026-03-25 09:50:00,22.64,22.64,22.63,22.64,3456
2026-03-25 09:55:00,22.61,22.61,22.61,22.61,2373
2026-03-25 10:05:00,22.62,22.62,22.6,22.61,821
2026-03-25 10:15:00,22.6,22.6,22.6,22.6,104
2026-03-25 10:25:00,22.6,22.6,22.6,22.6,879
2026-03-25 10:30:00,22.6,22.6,22.6,22.6,252
2026-03-25 10:35:00,22.61,22.63,22.6028,22.6029,8588
2026-03-25 10:45:00,22.6,22.6,22.6,22.6,667
2026-03-25 10:50:00,22.63,22.63,22.63,22.63,11839
2026-03-25 10:55:00,22.59,22.6014,22.59,22.6014,2000
2026-03-25 11:20:00,22.605,22.605,22.605,22.605,873
2026-03-25 11:40:00,22.6154,22.6154,22.6154,22.6154,501
2026-03-25 11:45:00,22.59,22.59,22.59,22.59,100
2026-03-25 11:55:00,22.63,22.63,22.59,22.59,5500
2026-03-25 12:10:00,22.59,22.59,22.59,22.59,172
2026-03-25 12:15:00,22.6,22.63,22.6,22.63,802
2026-03-25 12:45:00,22.61,22.64,22.61,22.615,173698
2026-03-25 13:10:00,22.5801,22.6,22.57,22.57,9760
2026-03-25 13:25:00,22.585,22.585,22.585,22.585,500
2026-03-25 13:30:00,22.585,22.585,22.575,22.575,2000
2026-03-25 13:35:00,22.575,22.595,22.575,22.595,15496
2026-03-25 13:40:00,22.58,22.59,22.58,22.59,900
2026-03-25 13:45:00,22.6,22.61,22.6,22.6,4443
2026-03-25 13:50:00,22.62,22.62,22.62,22.62,400
2026-03-25 14:40:00,22.61,22.61,22.61,22.61,100
2026-03-25 14:50:00,22.63,22.64,22.63,22.64,1146
2026-03-25 14:55:00,22.64,22.64,22.6,22.63,3203
2026-03-25 15:00:00,22.64,22.64,22.64,22.64,100
2026-03-25 15:05:00,22.62,22.62,22.62,22.62,175
2026-03-25 15:15:00,22.63,22.63,22.63,22.63,4834
2026-03-25 15:20:00,22.62,22.62,22.62,22.62,1000
2026-03-25 15:25:00,22.64,22.65,22.63,22.63,14149
2026-03-25 15:35:00,22.615,22.66,22.615,22.66,3097
2026-03-25 15:45:00,22.615,22.615,22.615,22.615,623
2026-03-25 15:55:00,22.6,22.62,22.6,22.6,848
2026-03-25 16:00:00,22.65,22.65,22.65,22.65,639
2026-03-26 09:30:00,22.62,22.62,22.5807,22.5807,3500
2026-03-26 09:35:00,22.6,22.6,22.6,22.6,200
2026-03-26 09:40:00,22.6,22.6,22.6,22.6,676
2026-03-26 09:50:00,22.57,22.57,22.57,22.57,8749
2026-03-26 09:55:00,22.6,22.6,22.6,22.6,750
2026-03-26 10:10:00,22.6,22.6,22.6,22.6,180
2026-03-26 10:15:00,22.61,22.61,22.61,22.61,200
2026-03-26 11:05:00,22.58,22.58,22.58,22.58,1050
2026-03-26 11:40:00,22.585,22.6199,22.5746,22.6199,4910
2026-03-26 12:10:00,22.5565,22.5565,22.5565,22.5565,393
2026-03-26 12:20:00,22.6,22.6,22.6,22.6,6000
2026-03-26 12:55:00,22.59,22.6,22.59,22.6,642
2026-03-26 13:05:00,22.6,22.6,22.6,22.6,134
2026-03-26 13:15:00,22.59,22.64,22.59,22.6099,13138
2026-03-26 13:25:00,22.5767,22.605,22.5767,22.605,1248
2026-03-26 13:30:00,22.6082,22.6082,22.6082,22.6082,1000
2026-03-26 13:40:00,22.605,22.605,22.605,22.605,350
2026-03-26 14:00:00,22.5701,22.5701,22.5701,22.5701,2175
2026-03-26 14:10:00,22.64,22.64,22.64,22.64,1885
2026-03-26 14:40:00,22.585,22.585,22.58,22.5802,3200
2026-03-26 14:45:00,22.6,22.6,22.57,22.57,1200
2026-03-26 14:50:00,22.57,22.57,22.5501,22.5501,641
2026-03-26 14:55:00,22.57,22.57,22.55,22.55,200
2026-03-26 15:00:00,22.57,22.6,22.55,22.56,2946
2026-03-26 15:05:00,22.575,22.6,22.575,22.575,13161
2026-03-26 15:10:00,22.56,22.575,22.56,22.575,300
2026-03-26 15:15:00,22.56,22.58,22.56,22.57,2102
2026-03-26 15:20:00,22.57,22.57,22.57,22.57,3300
2026-03-26 15:45:00,22.59,22.59,22.59,22.59,469
2026-03-26 15:50:00,22.59,22.62,22.59,22.62,3173
2026-03-26 15:55:00,22.58,22.58,22.58,22.58,144
2026-03-26 16:00:00,22.63,22.63,22.63,22.63,215
2026-03-26 17:35:00,22.13,22.13,22.13,22.13,183
2026-03-27 09:30:00,22.6,22.62,22.6,22.62,6006
2026-03-27 09:40:00,22.57,22.57,22.57,22.57,1325
2026-03-27 09:45:00,22.5999,22.5999,22.5999,22.5999,721
2026-03-27 10:00:00,22.5633,22.5633,22.5633,22.5633,161
2026-03-27 10:05:00,22.585,22.585,22.585,22.585,421
2026-03-27 10:10:00,22.585,22.59,22.585,22.59,4607
2026-03-27 10:20:00,22.59,22.5999,22.59,22.5999,61018
2026-03-27 10:40:00,22.55,22.55,22.55,22.55,4443
2026-03-27 10:50:00,22.59,22.59,22.59,22.59,156
2026-03-27 11:05:00,22.5826,22.5826,22.5826,22.5826,100
2026-03-27 11:15:00,22.5378,22.57,22.5378,22.57,2100
2026-03-27 11:40:00,22.56,22.56,22.56,22.56,101
2026-03-27 11:55:00,22.56,22.59,22.54,22.59,4400
2026-03-27 12:00:00,22.58,22.58,22.58,22.58,700
2026-03-27 12:10:00,22.54,22.59,22.54,22.59,1185
2026-03-27 12:25:00,22.545,22.545,22.545,22.545,251
2026-03-27 12:30:00,22.5899,22.59,22.5306,22.5306,1954
2026-03-27 12:45:00,22.545,22.59,22.545,22.59,23485
2026-03-27 12:50:00,22.59,22.59,22.58,22.58,200
2026-03-27 12:55:00,22.59,22.59,22.59,22.59,100
2026-03-27 13:05:00,22.59,22.59,22.55,22.55,391
2026-03-27 13:15:00,22.59,22.59,22.55,22.55,5675
2026-03-27 13:20:00,22.59,22.59,22.59,22.59,100
2026-03-27 13:30:00,22.59,22.61,22.55,22.55,500
2026-03-27 13:35:00,22.585,22.61,22.585,22.61,200
2026-03-27 13:45:00,22.6,22.6,22.6,22.6,100
2026-03-27 13:50:00,22.575,22.6,22.575,22.6,486
2026-03-27 13:55:00,22.5786,22.6,22.5786,22.6,451
2026-03-27 14:05:00,22.6,22.6,22.5533,22.5533,1208
2026-03-27 14:15:00,22.6,22.6,22.6,22.6,100
2026-03-27 14:20:00,22.6,22.6,22.6,22.6,100
2026-03-27 14:25:00,22.6,22.6,22.6,22.6,100
2026-03-27 14:30:00,22.6,22.6,22.575,22.575,200
2026-03-27 14:35:00,22.6,22.6,22.6,22.6,100
2026-03-27 14:45:00,22.6,22.6,22.5641,22.6,700
2026-03-27 14:50:00,22.5999,22.6,22.5999,22.6,6529
2026-03-27 14:55:00,22.6,22.6,22.6,22.6,100
2026-03-27 15:00:00,22.6,22.6,22.6,22.6,200
2026-03-27 15:05:00,22.61,22.61,22.57,22.61,2348
2026-03-27 15:10:00,22.62,22.62,22.62,22.62,238
2026-03-27 15:15:00,22.62,22.62,22.62,22.62,200
2026-03-27 15:20:00,22.63,22.63,22.595,22.595,1428
2026-03-27 15:25:00,22.62,22.63,22.62,22.62,1171
2026-03-27 15:30:00,22.595,22.62,22.595,22.595,1520
2026-03-27 15:35:00,22.595,22.62,22.595,22.62,289
2026-03-27 15:40:00,22.62,22.62,22.62,22.62,100
2026-03-27 15:45:00,22.6071,22.61,22.6071,22.61,200
2026-03-27 15:50:00,22.62,22.62,22.62,22.62,100
2026-03-27 15:55:00,22.6,22.6099,22.6,22.6099,200
2026-03-27 16:00:00,22.61,22.61,22.61,22.61,526
2026-03-30 09:30:00,22.67,22.67,22.67,22.67,793
2026-03-30 09:35:00,22.59,22.59,22.59,22.59,7269
2026-03-30 09:40:00,22.595,22.595,22.595,22.595,100
2026-03-30 09:45:00,22.64,22.64,22.63,22.64,4428
2026-03-30 10:05:00,22.625,22.625,22.6201,22.6201,688
2026-03-30 10:10:00,22.63,22.63,22.63,22.63,250
2026-03-30 10:15:00,22.6699,22.6699,22.6,22.63,4037
2026-03-30 10:25:00,22.625,22.625,22.625,22.625,284
2026-03-30 10:35:00,22.6595,22.6595,22.625,22.625,832
2026-03-30 10:40:00,22.62,22.625,22.59,22.625,1951
2026-03-30 11:00:00,22.64,22.64,22.64,22.64,100
2026-03-30 11:05:00,22.6423,22.6423,22.6423,22.6423,1665
2026-03-30 11:20:00,22.6062,22.6062,22.6062,22.6062,361
2026-03-30 11:25:00,22.64,22.64,22.62,22.62,4150
2026-03-30 11:45:00,22.5901,22.5901,22.5901,22.5901,222
2026-03-30 11:50:00,22.64,22.64,22.59,22.59,87887
2026-03-30 11:55:00,22.63,22.63,22.63,22.63,10451
2026-03-30 12:05:00,22.6291,22.6291,22.6291,22.6291,223
2026-03-30 12:10:00,22.6,22.6,22.6,22.6,116
2026-03-30 12:45:00,22.63,22.63,22.63,22.63,100
2026-03-30 13:05:00,22.63,22.63,22.63,22.63,104
2026-03-30 13:10:00,22.63,22.63,22.63,22.63,8115
2026-03-30 13:20:00,22.6,22.6395,22.6,22.6395,631
2026-03-30 13:35:00,22.62,22.62,22.62,22.62,1000
2026-03-30 13:45:00,22.62,22.62,22.62,22.62,300
2026-03-30 14:00:00,22.62,22.63,22.62,22.63,8785
2026-03-30 14:15:00,22.61,22.63,22.6001,22.6001,6919
2026-03-30 14:20:00,22.615,22.615,22.615,22.615,454
2026-03-30 14:45:00,22.615,22.615,22.6,22.6,700
2026-03-30 14:55:00,22.61,22.61,22.6,22.6,7730
2026-03-30 15:00:00,22.595,22.6,22.56,22.6,15502
2026-03-30 15:05:00,22.6,22.6,22.6,22.6,681
2026-03-30 15:10:00,22.595,22.6,22.595,22.6,508
2026-03-30 15:25:00,22.6,22.6,22.5614,22.6,5922
2026-03-30 15:40:00,22.6,22.6,22.5701,22.5701,8607
2026-03-30 15:45:00,22.585,22.6,22.585,22.6,15979
2026-03-30 15:50:00,22.58,22.58,22.58,22.58,223
2026-03-30 15:55:00,22.58,22.58,22.58,22.58,5502
2026-03-30 16:00:00,22.62,22.62,22.62,22.62,129
2026-03-31 09:30:00,22.68,22.68,22.68,22.68,1081
2026-03-31 09:45:00,22.6301,22.6301,22.6301,22.6301,8658
2026-03-31 09:55:00,22.65,22.655,22.635,22.655,11860
2026-03-31 10:05:00,22.63,22.63,22.63,22.63,5888
2026-03-31 10:10:00,22.65,22.65,22.65,22.65,265
2026-03-31 10:15:00,22.65,22.65,22.65,22.65,1760
2026-03-31 10:30:00,22.645,22.645,22.645,22.645,500
2026-03-31 10:35:00,22.63,22.66,22.63,22.65,6385
2026-03-31 10:50:00,22.645,22.645,22.63,22.63,1164
2026-03-31 11:20:00,22.66,22.66,22.66,22.66,100
2026-03-31 11:30:00,22.67,22.67,22.63,22.65,10308
2026-03-31 11:40:00,22.65,22.6697,22.65,22.6697,5381
2026-03-31 12:00:00,22.6301,22.65,22.6301,22.65,2070
2026-03-31 12:20:00,22.65,22.6686,22.65,22.6686,225
2026-03-31 12:25:00,22.65,22.65,22.65,22.65,430
2026-03-31 12:35:00,22.65,22.65,22.65,22.65,100
2026-03-31 12:45:00,22.67,22.67,22.6675,22.6675,420
2026-03-31 12:55:00,22.665,22.665,22.665,22.665,1261
2026-03-31 13:00:00,22.67,22.67,22.67,22.67,100
2026-03-31 13:05:00,22.69,22.69,22.69,22.69,500
2026-03-31 13:15:00,22.665,22.6699,22.665,22.6699,200
2026-03-31 13:35:00,22.67,22.67,22.66,22.66,600
2026-03-31 13:40:00,22.6544,22.6544,22.6544,22.6544,308
2026-03-31 14:35:00,22.665,22.665,22.665,22.665,100
2026-03-31 14:55:00,22.665,22.665,22.633,22.633,4684
2026-03-31 15:05:00,22.664,22.664,22.664,22.664,621
2026-03-31 15:20:00,22.655,22.68,22.6387,22.655,3439
2026-03-31 15:25:00,22.655,22.655,22.655,22.655,700
2026-03-31 15:30:00,22.655,22.67,22.655,22.655,600
2026-03-31 15:35:00,22.66,22.665,22.65,22.65,5886
2026-03-31 15:40:00,22.665,22.665,22.66,22.66,1050
2026-03-31 15:45:00,22.665,22.665,22.665,22.665,200
2026-03-31 15:50:00,22.6753,22.6753,22.665,22.665,873
2026-03-31 15:55:00,22.66,22.66,22.65,22.65,558
2026-03-31 16:00:00,22.66,22.66,22.66,22.66,105
2026-04-01 09:30:00,22.66,22.66,22.605,22.605,1558
2026-04-01 09:35:00,22.63,22.63,22.62,22.63,5100
2026-04-01 10:05:00,22.6,22.6,22.6,22.6,9114
2026-04-01 11:05:00,22.5901,22.5901,22.5901,22.5901,753
2026-04-01 11:15:00,22.605,22.605,22.605,22.605,375
2026-04-01 11:40:00,22.6167,22.6167,22.595,22.595,1634
2026-04-01 11:45:00,22.59,22.61,22.59,22.61,1343
2026-04-01 12:10:00,22.59,22.59,22.59,22.59,500
2026-04-01 12:25:00,22.6139,22.62,22.605,22.61,18054
2026-04-01 12:50:00,22.61,22.62,22.61,22.62,875
2026-04-01 13:30:00,22.61,22.61,22.61,22.61,100
2026-04-01 13:40:00,22.6015,22.6015,22.6015,22.6015,463
2026-04-01 13:45:00,22.62,22.62,22.615,22.615,350
2026-04-01 14:10:00,22.6101,22.6101,22.6101,22.6101,700
2026-04-01 14:25:00,22.6102,22.615,22.6102,22.615,377
2026-04-01 14:40:00,22.6199,22.6199,22.61,22.61,1298
2026-04-01 14:50:00,22.6101,22.6101,22.6101,22.6101,294
2026-04-01 15:05:00,22.6197,22.6197,22.61,22.61,4689
2026-04-01 15:10:00,22.61,22.61,22.61,22.61,965
2026-04-01 15:15:00,22.61,22.612,22.61,22.612,275
2026-04-01 15:25:00,22.61,22.61,22.61,22.61,916
2026-04-01 15:30:00,22.62,22.62,22.62,22.62,148
2026-04-01 15:40:00,22.61,22.6132,22.61,22.6131,7566
2026-04-01 15:45:00,22.61,22.61,22.61,22.61,200
2026-04-01 15:50:00,22.61,22.61,22.6001,22.61,365
2026-04-01 15:55:00,22.605,22.61,22.6,22.61,1600
2026-04-01 16:00:00,22.61,22.61,22.61,22.61,175
2026-04-01 09:30:00,22.66,22.66,22.605,22.605,1558
2026-04-01 09:35:00,22.63,22.63,22.62,22.63,5100
2026-04-01 10:05:00,22.6,22.6,22.6,22.6,9114
2026-04-01 11:05:00,22.5901,22.5901,22.5901,22.5901,753
2026-04-01 11:15:00,22.605,22.605,22.605,22.605,375
2026-04-01 11:40:00,22.6167,22.6167,22.595,22.595,1634
2026-04-01 11:45:00,22.59,22.61,22.59,22.61,1343
2026-04-01 12:10:00,22.59,22.59,22.59,22.59,500
2026-04-01 12:25:00,22.6139,22.62,22.605,22.61,18054
2026-04-01 12:50:00,22.61,22.62,22.61,22.62,875
2026-04-01 13:30:00,22.61,22.61,22.61,22.61,100
2026-04-01 13:40:00,22.6015,22.6015,22.6015,22.6015,463
2026-04-01 13:45:00,22.62,22.62,22.615,22.615,350
2026-04-01 14:10:00,22.6101,22.6101,22.6101,22.6101,700
2026-04-01 14:25:00,22.6102,22.615,22.6102,22.615,377
2026-04-01 14:40:00,22.6199,22.6199,22.61,22.61,1298
2026-04-01 14:50:00,22.6101,22.6101,22.6101,22.6101,294
2026-04-01 15:05:00,22.6197,22.6197,22.61,22.61,4689
2026-04-01 15:10:00,22.61,22.61,22.61,22.61,965
2026-04-01 15:15:00,22.61,22.612,22.61,22.612,275
2026-04-01 15:25:00,22.61,22.61,22.61,22.61,916
2026-04-01 15:30:00,22.62,22.62,22.62,22.62,148
2026-04-01 15:40:00,22.61,22.6132,22.61,22.6131,7566
2026-04-01 15:45:00,22.61,22.61,22.61,22.61,200
2026-04-01 15:50:00,22.61,22.61,22.6001,22.61,365
2026-04-01 15:55:00,22.605,22.61,22.6,22.61,1600
2026-04-01 16:00:00,22.61,22.61,22.61,22.61,175
2026-04-02 09:30:00,22.6,22.62,22.6,22.62,884
2026-04-02 09:40:00,22.59,22.59,22.59,22.59,242
2026-04-02 10:30:00,22.64,22.64,22.58,22.605,7492
2026-04-02 10:35:00,22.63,22.63,22.5837,22.5837,200
2026-04-02 10:45:00,22.64,22.64,22.605,22.605,526
2026-04-02 10:55:00,22.64,22.64,22.605,22.605,331
2026-04-02 11:00:00,22.605,22.64,22.605,22.64,1100
2026-04-02 11:05:00,22.63,22.63,22.63,22.63,100
2026-04-02 11:10:00,22.6005,22.6005,22.6005,22.6005,457
2026-04-02 11:15:00,22.64,22.64,22.64,22.64,100
2026-04-02 11:20:00,22.64,22.64,22.64,22.64,100
2026-04-02 11:25:00,22.64,22.64,22.6387,22.6387,223
2026-04-02 11:30:00,22.618,22.64,22.618,22.64,321
2026-04-02 11:35:00,22.605,22.63,22.605,22.63,500
2026-04-02 11:40:00,22.6,22.64,22.6,22.64,1300
2026-04-02 11:45:00,22.605,22.605,22.605,22.605,100
2026-04-02 11:55:00,22.63,22.63,22.63,22.63,100
2026-04-02 12:30:00,22.605,22.63,22.5701,22.605,6141
2026-04-02 12:40:00,22.5802,22.5802,22.5802,22.5802,413
2026-04-02 13:10:00,22.62,22.62,22.62,22.62,7492
2026-04-02 13:15:00,22.63,22.63,22.63,22.63,100
2026-04-02 13:20:00,22.602,22.6028,22.602,22.6028,207
2026-04-02 13:35:00,22.62,22.63,22.6,22.6,5200
2026-04-02 13:40:00,22.625,22.634,22.61,22.63,6229
2026-04-02 13:50:00,22.6332,22.6332,22.61,22.612,6386
2026-04-02 14:00:00,22.62,22.62,22.62,22.62,200
2026-04-02 14:10:00,22.64,22.64,22.625,22.625,927
2026-04-02 14:15:00,22.625,22.625,22.625,22.625,137
2026-04-02 14:25:00,22.625,22.63,22.625,22.63,1086
2026-04-02 14:30:00,22.625,22.64,22.625,22.64,2168
2026-04-02 14:45:00,22.625,22.625,22.625,22.625,100
2026-04-02 14:55:00,22.625,22.625,22.625,22.625,872
2026-04-02 15:00:00,22.64,22.64,22.64,22.64,107
2026-04-02 15:05:00,22.6333,22.65,22.6129,22.65,20303
2026-04-02 15:10:00,22.63,22.63,22.6101,22.6101,467
2026-04-02 15:25:00,22.625,22.625,22.625,22.625,2093
2026-04-02 15:35:00,22.64,22.64,22.63,22.63,1200
2026-04-02 15:45:00,22.625,22.625,22.625,22.625,355
2026-04-02 15:55:00,22.6101,22.625,22.6101,22.62,347
2026-04-02 16:00:00,22.64,22.64,22.64,22.64,605
