2026-03-04 10:00:00,53.83,53.83,53.83,53.83,100
2026-03-04 10:30:00,54.07,54.07,54.07,54.07,100
2026-03-04 10:35:00,54.03,54.03,54.03,54.03,100
2026-03-04 11:50:00,54.1075,54.1075,54.1075,54.1075,100
2026-03-04 12:25:00,54.1,54.11,54.08,54.08,9807
2026-03-04 12:30:00,54.07,54.07,54.07,54.07,600
2026-03-04 15:55:00,54.2,54.21,54.16,54.2,2172
2026-03-05 10:00:00,53.87,53.87,53.87,53.87,100
2026-03-05 10:05:00,53.87,53.87,53.81,53.81,427
2026-03-05 10:10:00,53.7101,53.7101,53.7101,53.7101,400
2026-03-05 11:10:00,53.52,53.5201,53.52,53.5201,2546
2026-03-05 12:50:00,53.4,53.4,53.39,53.3901,2766
2026-03-05 12:55:00,53.46,53.46,53.46,53.46,100
2026-03-05 13:25:00,53.43,53.44,53.428,53.44,1355
2026-03-05 13:45:00,53.47,53.47,53.47,53.47,248
2026-03-05 13:50:00,53.43,53.43,53.43,53.43,200
2026-03-05 14:00:00,53.42,53.42,53.42,53.42,222
2026-03-05 14:30:00,53.33,53.33,53.3,53.3,200
2026-03-05 15:55:00,53.69,53.69,53.69,53.69,400
2026-03-06 09:35:00,53.11,53.11,53.11,53.11,100
2026-03-06 09:45:00,52.947,52.947,52.947,52.947,138
2026-03-06 10:05:00,52.99,52.99,52.99,52.99,100
2026-03-06 10:15:00,53.06,53.0899,53.06,53.0899,905
2026-03-06 12:30:00,53.24,53.27,53.24,53.26,6358
2026-03-06 13:10:00,53.34,53.35,53.34,53.35,200
2026-03-06 13:30:00,53.42,53.42,53.4199,53.4199,270
2026-03-06 13:45:00,53.37,53.37,53.36,53.36,1668
2026-03-06 13:50:00,53.3442,53.3442,53.3442,53.3442,661
2026-03-06 14:00:00,53.34,53.34,53.3301,53.3301,5187
2026-03-06 15:55:00,53.545,53.545,53.545,53.545,132
2026-03-09 09:35:00,52.945,52.945,52.8801,52.9,5223
2026-03-09 09:40:00,52.84,52.84,52.84,52.84,100
2026-03-09 09:50:00,52.87,52.87,52.8408,52.8408,454
2026-03-09 10:10:00,52.67,52.67,52.67,52.67,512
2026-03-09 12:00:00,53.04,53.04,53.04,53.04,16488
2026-03-09 12:35:00,53.12,53.12,53.12,53.12,150
2026-03-09 13:45:00,53.0,53.0,53.0,53.0,368
2026-03-09 15:25:00,53.44,53.44,53.44,53.44,543
2026-03-09 15:55:00,53.43,53.43,53.43,53.43,142
2026-03-10 11:50:00,53.4544,53.4544,53.4544,53.4544,374
2026-03-10 12:05:00,53.4099,53.4099,53.4099,53.4099,100
2026-03-10 12:30:00,53.43,53.43,53.43,53.43,7149
2026-03-10 13:50:00,53.5801,53.5801,53.5801,53.5801,438
2026-03-10 14:50:00,53.45,53.45,53.39,53.39,761
2026-03-10 15:55:00,53.21,53.21,53.21,53.21,112
2026-03-11 09:30:00,53.16,53.16,53.16,53.16,357
2026-03-11 10:35:00,52.74,52.74,52.74,52.74,151
2026-03-11 12:15:00,52.75,52.75,52.75,52.75,26049
2026-03-11 12:25:00,52.74,52.74,52.74,52.74,100
2026-03-11 12:35:00,52.7863,52.7863,52.7863,52.7863,277
2026-03-11 13:00:00,52.85,52.88,52.85,52.88,5447
2026-03-11 13:05:00,52.84,52.84,52.84,52.84,100
2026-03-11 13:10:00,52.81,52.81,52.81,52.81,1955
2026-03-11 13:25:00,52.85,52.85,52.85,52.85,100
2026-03-11 13:35:00,52.8,52.8,52.8,52.8,100
2026-03-11 13:40:00,52.71,52.71,52.71,52.71,100
2026-03-11 13:55:00,52.81,52.81,52.81,52.81,100
2026-03-11 15:55:00,52.85,52.85,52.84,52.84,418
2026-03-12 09:30:00,52.59,52.6,52.58,52.6,300
2026-03-12 09:45:00,52.38,52.38,52.36,52.36,500
2026-03-12 09:55:00,52.505,52.505,52.505,52.505,945
2026-03-12 11:15:00,52.62,52.68,52.62,52.68,965
2026-03-12 11:55:00,52.7199,52.72,52.7014,52.72,5551
2026-03-12 12:45:00,52.68,52.68,52.68,52.68,232
2026-03-12 13:40:00,52.675,52.675,52.675,52.675,456
2026-03-12 15:55:00,52.505,52.505,52.505,52.505,145
2026-03-13 09:30:00,52.82,52.82,52.82,52.82,1440
2026-03-13 09:35:00,52.88,52.88,52.88,52.88,100
2026-03-13 09:45:00,53.02,53.02,53.02,53.02,100
2026-03-13 09:50:00,52.92,52.97,52.92,52.97,400
2026-03-13 09:55:00,52.95,52.95,52.94,52.94,300
2026-03-13 10:00:00,52.96,52.96,52.9,52.92,400
2026-03-13 10:05:00,52.9,52.92,52.85,52.85,300
2026-03-13 10:10:00,52.86,52.86,52.83,52.83,400
2026-03-13 10:15:00,52.8,52.8,52.74,52.74,300
2026-03-13 10:20:00,52.79,52.8,52.79,52.79,300
2026-03-13 10:25:00,52.79,52.79,52.77,52.79,400
2026-03-13 10:30:00,52.83,52.89,52.83,52.86,400
2026-03-13 10:35:00,52.83,52.85,52.83,52.83,300
2026-03-13 10:40:00,52.8,52.8,52.75,52.75,400
2026-03-13 10:45:00,52.74,52.75,52.72,52.75,300
2026-03-13 10:50:00,52.77,52.77,52.76,52.76,400
2026-03-13 10:55:00,52.73,52.73,52.67,52.68,400
2026-03-13 11:00:00,52.68,52.68,52.63,52.64,400
2026-03-13 11:05:00,52.64,52.67,52.64,52.67,300
2026-03-13 11:10:00,52.71,52.74,52.71,52.74,400
2026-03-13 11:15:00,52.73,52.73,52.7,52.71,300
2026-03-13 11:20:00,52.68,52.71,52.65,52.65,400
2026-03-13 11:25:00,52.63,52.63,52.58,52.62,680
2026-03-13 11:30:00,52.61,52.66,52.61,52.66,400
2026-03-13 11:35:00,52.61,52.66,52.61,52.66,300
2026-03-13 11:40:00,52.67,52.67,52.61,52.61,400
2026-03-13 11:45:00,52.6,52.7,52.6,52.64,300
2026-03-13 11:50:00,52.63,52.63,52.61,52.62,400
2026-03-13 11:55:00,52.61,52.62,52.6,52.62,300
2026-03-13 12:00:00,52.64,52.66,52.64,52.66,400
2026-03-13 12:05:00,52.65,52.69,52.65,52.69,300
2026-03-13 12:10:00,52.69,52.71,52.66,52.66,400
2026-03-13 12:15:00,52.65,52.65,52.64,52.65,300
2026-03-13 12:20:00,52.64,52.67,52.64,52.65,400
2026-03-13 12:25:00,52.65,52.67,52.65,52.67,23508
2026-03-13 12:30:00,52.69,52.69,52.66,52.66,400
2026-03-13 12:35:00,52.68,52.7,52.68,52.68,300
2026-03-13 12:40:00,52.68,52.69,52.64,52.64,400
2026-03-13 12:45:00,52.64,52.66,52.64,52.66,300
2026-03-13 12:50:00,52.71,52.72,52.71,52.72,300
2026-03-13 12:55:00,52.73,52.73,52.66,52.66,400
2026-03-13 13:00:00,52.67,52.67,52.63,52.67,589
2026-03-13 13:05:00,52.67,52.68,52.65,52.68,300
2026-03-13 13:10:00,52.67,52.72,52.66,52.72,400
2026-03-13 13:15:00,52.7,52.72,52.69,52.69,2103
2026-03-13 13:20:00,52.71,52.71,52.68,52.7,400
2026-03-13 13:25:00,52.69,52.69,52.66,52.69,300
2026-03-13 13:30:00,52.66,52.66,52.65,52.65,400
2026-03-13 13:35:00,52.66,52.66,52.65,52.66,300
2026-03-13 13:40:00,52.66,52.67,52.65,52.67,400
2026-03-13 13:45:00,52.66,52.66,52.63,52.63,300
2026-03-13 13:50:00,52.58,52.6,52.58,52.6,400
2026-03-13 13:55:00,52.61,52.61,52.59,52.59,300
2026-03-13 14:00:00,52.61,52.67,52.61,52.67,400
2026-03-13 14:05:00,52.67,52.67,52.64,52.64,300
2026-03-13 14:10:00,52.66,52.68,52.66,52.68,400
2026-03-13 14:15:00,52.67,52.67,52.64,52.64,300
2026-03-13 14:20:00,52.62,52.63,52.61,52.61,300
2026-03-13 14:25:00,52.6,52.62,52.59,52.62,400
2026-03-13 14:30:00,52.62,52.69,52.62,52.69,400
2026-03-13 14:35:00,52.7,52.7,52.69,52.69,300
2026-03-13 14:40:00,52.69,52.71,52.69,52.71,400
2026-03-13 14:45:00,52.71,52.72,52.71,52.72,300
2026-03-13 14:50:00,52.71,52.73,52.71,52.71,300
2026-03-13 14:55:00,52.72,52.72,52.69,52.69,500
2026-03-13 15:55:00,52.55,52.55,52.55,52.55,100
2026-03-16 09:30:00,52.9,52.9,52.9,52.9,128
2026-03-16 09:40:00,52.95,52.96,52.9499,52.9499,800
2026-03-16 10:00:00,52.93,52.93,52.93,52.93,100
2026-03-16 11:20:00,52.81,52.83,52.81,52.83,423
2026-03-16 11:25:00,52.85,52.85,52.84,52.8499,4152
2026-03-16 11:45:00,52.81,52.81,52.81,52.81,100
2026-03-16 12:35:00,52.72,52.72,52.72,52.72,21298
2026-03-16 12:45:00,52.72,52.72,52.72,52.72,100
2026-03-16 12:55:00,52.76,52.76,52.76,52.76,238
2026-03-16 15:55:00,52.81,52.81,52.81,52.81,1102
2026-03-17 09:50:00,53.02,53.02,53.02,53.02,100
2026-03-17 11:15:00,53.15,53.16,53.15,53.15,3002
2026-03-17 12:10:00,52.98,52.98,52.98,52.98,100
2026-03-17 12:30:00,52.99,52.99,52.99,52.99,377
2026-03-17 12:35:00,52.98,52.98,52.98,52.98,2503
2026-03-17 12:45:00,52.98,52.98,52.98,52.98,408
2026-03-17 12:50:00,52.96,52.96,52.96,52.96,100
2026-03-17 13:30:00,52.92,52.92,52.92,52.92,100
2026-03-17 14:20:00,52.89,52.89,52.87,52.87,400
2026-03-17 14:25:00,52.83,52.83,52.83,52.83,200
2026-03-17 14:35:00,52.83,52.83,52.83,52.83,100
2026-03-18 09:30:00,52.6,52.6,52.6,52.6,392
2026-03-18 09:35:00,52.5,52.5,52.5,52.5,430
2026-03-18 09:50:00,52.4131,52.4131,52.41,52.41,300
2026-03-18 10:10:00,52.36,52.36,52.36,52.36,100
2026-03-18 10:25:00,52.34,52.36,52.34,52.36,200
2026-03-18 11:10:00,52.28,52.28,52.28,52.28,100
2026-03-18 11:35:00,52.27,52.27,52.27,52.27,155
2026-03-18 13:25:00,52.23,52.23,52.23,52.23,220
2026-03-18 13:35:00,52.22,52.22,52.22,52.22,100
2026-03-18 13:50:00,52.19,52.19,52.19,52.19,100
2026-03-18 14:15:00,52.19,52.19,52.19,52.19,100
2026-03-18 14:45:00,52.13,52.13,52.13,52.13,711
2026-03-18 15:25:00,52.04,52.04,52.04,52.04,415
2026-03-18 15:40:00,52.015,52.03,52.0,52.03,403
2026-03-18 15:45:00,51.9875,51.9875,51.9875,51.9875,177
2026-03-18 15:55:00,51.91,51.91,51.91,51.91,1246
2026-03-19 10:00:00,51.91,51.91,51.91,51.91,100
2026-03-19 10:10:00,51.88,51.92,51.88,51.92,503
2026-03-19 10:35:00,51.88,51.88,51.88,51.88,100
2026-03-19 11:00:00,51.66,51.67,51.66,51.67,1425
2026-03-19 11:05:00,51.77,51.77,51.77,51.77,200
2026-03-19 11:15:00,51.735,51.735,51.735,51.735,289
2026-03-19 11:20:00,51.68,51.68,51.68,51.68,100
2026-03-19 11:25:00,51.71,51.71,51.71,51.71,929
2026-03-19 11:30:00,51.67,51.67,51.65,51.65,254
2026-03-19 11:35:00,51.65,51.65,51.65,51.65,1223
2026-03-19 11:40:00,51.64,51.64,51.64,51.64,100
2026-03-19 12:05:00,51.78,51.78,51.78,51.78,100
2026-03-19 12:40:00,51.77,51.77,51.77,51.77,500
2026-03-19 12:50:00,51.66,51.66,51.66,51.66,100
2026-03-19 13:00:00,51.69,51.7,51.69,51.7,700
2026-03-19 14:15:00,51.7849,51.7849,51.7849,51.7849,118
2026-03-19 15:45:00,51.9,51.9,51.9,51.9,200
2026-03-19 15:55:00,51.83,51.83,51.805,51.805,235
2026-03-20 09:40:00,51.87,51.87,51.87,51.87,445
2026-03-20 10:00:00,51.75,51.75,51.75,51.75,100
2026-03-20 11:10:00,51.6901,51.6901,51.6901,51.6901,406
2026-03-20 11:15:00,51.71,51.71,51.71,51.71,203
2026-03-20 11:20:00,51.65,51.65,51.65,51.65,174
2026-03-20 12:25:00,51.6644,51.6644,51.6644,51.6644,151
2026-03-20 13:30:00,51.6772,51.6772,51.65,51.65,390
2026-03-20 15:55:00,51.36,51.36,51.36,51.36,485
2026-03-20 17:10:00,51.43,51.9,51.43,51.9,300
2026-03-23 09:40:00,51.91,51.91,51.91,51.91,100
2026-03-23 10:05:00,51.985,51.985,51.985,51.985,120
2026-03-23 11:40:00,52.0018,52.0018,52.0018,52.0018,1827
2026-03-23 11:45:00,51.95,51.95,51.91,51.91,200
2026-03-23 11:55:00,51.85,51.8701,51.85,51.87,772
2026-03-23 12:20:00,51.81,51.81,51.81,51.81,100
2026-03-23 15:50:00,51.91,51.91,51.91,51.91,100
2026-03-23 15:55:00,51.79,51.8,51.79,51.8,1007
2026-03-24 10:45:00,51.94,51.94,51.94,51.94,157
2026-03-24 10:50:00,51.89,51.89,51.89,51.89,141
2026-03-24 10:55:00,51.93,51.93,51.93,51.93,200
2026-03-24 11:30:00,52.11,52.11,52.1099,52.11,1470
2026-03-24 11:35:00,52.1,52.1,52.1,52.1,100
2026-03-24 11:40:00,52.09,52.09,52.09,52.09,200
2026-03-24 11:50:00,52.1,52.1,52.1,52.1,290
2026-03-24 15:00:00,51.98,51.98,51.98,51.98,200
2026-03-24 15:15:00,52.0,52.0,52.0,52.0,138
2026-03-24 15:55:00,51.765,51.765,51.765,51.765,139
2026-03-25 12:05:00,52.06,52.06,52.06,52.06,363
2026-03-25 12:20:00,52.06,52.07,52.0599,52.07,1100
2026-03-25 13:00:00,52.14,52.14,52.14,52.14,364
2026-03-25 14:05:00,52.145,52.145,52.145,52.145,170
2026-03-25 14:15:00,52.12,52.1237,52.12,52.12,1376
2026-03-26 10:10:00,52.1988,52.1988,52.1988,52.1988,300
2026-03-26 11:20:00,52.06,52.06,52.06,52.06,100
2026-03-26 11:55:00,52.04,52.04,52.04,52.04,150
2026-03-26 12:05:00,52.035,52.035,52.035,52.035,235
2026-03-26 12:35:00,51.96,51.97,51.96,51.9699,800
2026-03-26 13:55:00,51.83,51.83,51.83,51.83,100
2026-03-26 14:00:00,51.87,51.87,51.87,51.87,100
2026-03-26 14:45:00,51.8905,51.8905,51.8905,51.8905,330
2026-03-26 15:30:00,51.8,51.8,51.8,51.8,200
2026-03-26 15:55:00,51.83,51.83,51.83,51.83,682
2026-03-27 09:40:00,51.65,51.65,51.65,51.65,100
2026-03-27 11:35:00,51.76,51.76,51.76,51.76,132
2026-03-27 11:50:00,51.74,51.74,51.74,51.74,137
2026-03-27 12:00:00,51.68,51.68,51.68,51.68,100
2026-03-27 13:05:00,51.6282,51.6282,51.6282,51.6282,300
2026-03-27 13:20:00,51.59,51.59,51.59,51.59,969
2026-03-27 14:15:00,51.4401,51.4401,51.4401,51.4401,615
2026-03-27 14:25:00,51.44,51.44,51.44,51.44,141
2026-03-27 14:30:00,51.46,51.46,51.46,51.46,203
2026-03-27 15:55:00,51.33,51.33,51.33,51.33,133
2026-03-30 10:25:00,51.61,51.61,51.61,51.61,100
2026-03-30 10:40:00,51.6699,51.6699,51.6699,51.6699,104
2026-03-30 12:05:00,51.7117,51.73,51.7117,51.73,1886
2026-03-30 12:45:00,51.6443,51.6443,51.6443,51.6443,180
2026-03-30 15:10:00,51.315,51.315,51.315,51.315,1936
2026-03-30 15:35:00,51.26,51.26,51.26,51.26,496
2026-03-31 09:35:00,51.7,51.7,51.7,51.7,500
2026-03-31 09:55:00,51.5625,51.5625,51.5625,51.5625,100
2026-03-31 10:05:00,51.7899,51.7899,51.7899,51.7899,125
2026-03-31 10:30:00,51.75,51.75,51.75,51.75,100
2026-03-31 11:45:00,51.6844,51.7,51.6844,51.7,2314
2026-03-31 11:50:00,51.66,51.66,51.66,51.66,133
2026-03-31 12:05:00,51.69,51.69,51.69,51.69,885
2026-03-31 13:55:00,51.95,51.955,51.95,51.95,4814
2026-03-31 14:15:00,51.91,51.9101,51.91,51.9101,2000
2026-03-31 15:55:00,52.11,52.11,52.06,52.06,384
2026-04-01 08:50:00,52.29,52.29,52.29,52.29,200
2026-04-01 10:15:00,52.02,52.02,52.02,52.02,200
2026-04-01 11:05:00,52.17,52.17,52.17,52.17,521
2026-04-01 11:50:00,52.165,52.165,52.165,52.165,100
2026-04-01 12:25:00,52.16,52.16,52.1449,52.16,4276
2026-04-01 14:45:00,52.14,52.14,52.09,52.09,635
2026-04-01 15:10:00,52.14,52.14,52.14,52.14,244
2026-04-01 15:55:00,52.08,52.08,52.08,52.08,100
2026-04-01 08:50:00,52.29,52.29,52.29,52.29,200
2026-04-01 10:15:00,52.02,52.02,52.02,52.02,200
2026-04-01 11:05:00,52.17,52.17,52.17,52.17,521
2026-04-01 11:50:00,52.165,52.165,52.165,52.165,100
2026-04-01 12:25:00,52.16,52.16,52.1449,52.16,4276
2026-04-01 14:45:00,52.14,52.14,52.09,52.09,635
2026-04-01 15:10:00,52.14,52.14,52.14,52.14,244
2026-04-01 15:55:00,52.08,52.08,52.08,52.08,100
2026-04-02 10:35:00,52.18,52.18,52.18,52.18,100
2026-04-02 10:50:00,52.1,52.1,52.1,52.1,131
2026-04-02 12:15:00,52.02,52.05,52.01,52.05,5466
2026-04-02 12:40:00,52.12,52.12,52.05,52.0501,2064
2026-04-02 13:05:00,52.06,52.06,52.06,52.06,400
2026-04-02 15:55:00,52.19,52.19,52.19,52.19,800
