2026-03-04 04:25:00,29.4,29.41,29.4,29.41,2200.0
2026-03-04 07:00:00,28.84,28.84,28.8,28.82,2009.0
2026-03-04 07:05:00,28.83,28.88,28.83,28.87,2241.0
2026-03-04 07:15:00,28.84,28.9,28.84,28.9,1000.0
2026-03-04 07:25:00,29.05,29.06,29.05,29.06,200.0
2026-03-04 07:30:00,29.14,29.14,29.14,29.14,100.0
2026-03-04 08:05:00,28.68,28.68,28.5,28.5,413.0
2026-03-04 08:20:00,28.72,28.74,28.72,28.74,1428.0
2026-03-04 08:30:00,28.74,28.76,28.7,28.73,2109.0
2026-03-04 08:35:00,28.75,28.75,28.75,28.75,1300.0
2026-03-04 08:40:00,28.62,28.62,28.62,28.62,200.0
2026-03-04 08:50:00,28.61,28.61,28.61,28.61,400.0
2026-03-04 08:55:00,28.66,28.66,28.66,28.66,500.0
2026-03-04 09:20:00,28.48,28.48,28.48,28.48,299.0
2026-03-04 09:25:00,28.7,29.06,28.7,29.06,3850.0
2026-03-04 09:30:00,28.69,28.99,28.67,28.67,2565.0
2026-03-04 09:35:00,28.69,28.87,28.69,28.87,516.0
2026-03-04 09:40:00,29.02,29.1,28.96,28.9899,1828.0
2026-03-04 09:45:00,28.97,28.97,28.595,28.6091,3473.0
2026-03-04 09:50:00,28.77,28.86,28.75,28.86,1100.0
2026-03-04 09:55:00,28.8699,29.0,28.855,29.0,9440.0
2026-03-04 10:00:00,28.72,28.795,28.72,28.795,950.0
2026-03-04 10:05:00,28.74,28.74,28.74,28.74,523.0
2026-03-04 10:10:00,28.6199,28.6199,28.49,28.49,919.0
2026-03-04 10:15:00,28.525,28.525,28.504,28.504,550.0
2026-03-04 10:20:00,28.43,28.43,28.295,28.3303,2111.0
2026-03-04 10:25:00,28.29,28.34,28.2845,28.2845,500.0
2026-03-04 10:30:00,28.17,28.18,28.16,28.16,450.0
2026-03-04 10:35:00,28.3,28.3,28.21,28.21,330.0
2026-03-04 10:40:00,28.38,28.38,28.35,28.35,471.0
2026-03-04 10:45:00,28.38,28.38,28.35,28.35,1012.0
2026-03-04 10:50:00,28.3,28.315,28.295,28.315,489.0
2026-03-04 10:55:00,28.15,28.1578,28.15,28.1578,275.0
2026-03-04 11:00:00,28.1116,28.1116,28.0589,28.0589,623.0
2026-03-04 11:05:00,28.1004,28.22,28.1004,28.22,900.0
2026-03-04 11:10:00,28.3,28.43,28.3,28.425,3908.0
2026-03-04 11:15:00,28.4,28.4,28.4,28.4,3000.0
2026-03-04 11:20:00,28.5,28.5,28.5,28.5,120.0
2026-03-04 11:25:00,28.473,28.473,28.473,28.473,100.0
2026-03-04 11:30:00,28.26,28.26,28.26,28.26,199.0
2026-03-04 11:40:00,28.3114,28.3114,28.3114,28.3114,400.0
2026-03-04 11:50:00,28.24,28.249,28.24,28.2425,1753.0
2026-03-04 11:55:00,28.15,28.175,28.15,28.175,700.0
2026-03-04 12:00:00,28.165,28.165,28.165,28.165,100.0
2026-03-04 12:10:00,28.185,28.185,28.185,28.185,270.0
2026-03-04 12:30:00,28.28,28.28,28.2799,28.28,1900.0
2026-03-04 12:35:00,28.2,28.2,28.19,28.19,200.0
2026-03-04 12:40:00,28.05,28.05,28.05,28.05,100.0
2026-03-04 12:45:00,28.1399,28.1399,28.1399,28.1399,500.0
2026-03-04 13:20:00,28.2701,28.3,28.2701,28.275,1028.0
2026-03-04 13:25:00,28.22,28.22,28.2,28.2,1246.0
2026-03-04 13:30:00,28.09,28.09,28.0874,28.0874,851.0
2026-03-04 13:40:00,28.075,28.075,27.98,27.98,1100.0
2026-03-04 13:45:00,28.0285,28.0285,28.0285,28.0285,500.0
2026-03-04 13:50:00,27.96,27.96,27.96,27.96,800.0
2026-03-04 13:55:00,27.92,27.92,27.92,27.92,200.0
2026-03-04 14:00:00,27.88,27.88,27.85,27.85,300.0
2026-03-04 14:05:00,27.8923,27.8947,27.8923,27.8947,377.0
2026-03-04 14:15:00,27.89,27.89,27.8299,27.8299,1150.0
2026-03-04 14:20:00,27.91,27.91,27.91,27.91,300.0
2026-03-04 14:25:00,27.88,27.93,27.88,27.93,831.0
2026-03-04 14:30:00,27.89,27.982,27.89,27.9758,400.0
2026-03-04 14:40:00,28.0137,28.0137,28.0137,28.0137,100.0
2026-03-04 14:45:00,28.02,28.02,28.0075,28.0075,300.0
2026-03-04 14:50:00,28.0,28.0,27.99,27.99,600.0
2026-03-04 14:55:00,27.98,27.985,27.98,27.98,1100.0
2026-03-04 15:00:00,28.06,28.06,28.06,28.06,226.0
2026-03-04 15:05:00,28.0699,28.0699,28.0699,28.0699,500.0
2026-03-04 15:10:00,28.15,28.15,28.14,28.14,5082.0
2026-03-04 15:15:00,28.17,28.18,28.1413,28.1413,1500.0
2026-03-04 15:20:00,28.22,28.2601,28.22,28.2601,900.0
2026-03-04 15:25:00,28.28,28.28,28.24,28.24,836.0
2026-03-04 15:30:00,28.24,28.27,28.24,28.26,900.0
2026-03-04 15:35:00,28.2513,28.2513,28.24,28.24,331.0
2026-03-04 15:40:00,28.19,28.2,28.19,28.2,300.0
2026-03-04 15:45:00,28.21,28.27,28.2,28.27,300.0
2026-03-04 15:50:00,28.41,28.41,28.36,28.3899,3457.0
2026-03-04 15:55:00,28.25,28.39,28.21,28.39,9374.0
2026-03-04 16:00:00,28.34,28.34,28.34,28.34,100.0
2026-03-04 16:05:00,28.08,28.08,28.08,28.08,1840.0
2026-03-04 16:30:00,28.13,28.13,28.13,28.13,500.0
2026-03-04 16:35:00,28.34,28.34,28.34,28.34,100.0
2026-03-04 17:15:00,27.84,27.84,27.8,27.8,400.0
2026-03-04 19:15:00,27.6,27.6,27.6,27.6,968.0
2026-03-05 07:00:00,27.79,27.81,27.79,27.8,2100.0
2026-03-05 07:10:00,27.84,27.84,27.84,27.84,800.0
2026-03-05 07:30:00,27.86,27.86,27.86,27.86,435.0
2026-03-05 07:50:00,27.9,27.99,27.9,27.99,1400.0
2026-03-05 08:00:00,27.8,28.4314,27.51,27.91,2725.0
2026-03-05 08:05:00,27.97,27.97,27.95,27.95,1117.0
2026-03-05 08:40:00,28.17,28.18,28.1432,28.1432,2400.0
2026-03-05 08:45:00,28.18,28.199,28.1514,28.1514,6100.0
2026-03-05 09:00:00,28.28,28.28,28.28,28.28,163.0
2026-03-05 09:20:00,28.3,28.37,28.3,28.37,441.0
2026-03-05 09:30:00,28.58,28.58,28.3086,28.35,9462.0
2026-03-05 09:35:00,28.355,28.355,28.24,28.35,1570.0
2026-03-05 09:40:00,28.41,28.6209,28.41,28.615,6024.0
2026-03-05 09:45:00,28.61,28.6328,28.1975,28.3399,6705.0
2026-03-05 09:50:00,28.23,28.23,28.0,28.075,1020.0
2026-03-05 09:55:00,28.0975,28.0975,27.9018,27.9103,1719.0
2026-03-05 10:00:00,27.8539,27.93,27.85,27.85,5469.0
2026-03-05 10:05:00,27.92,28.0645,27.92,28.03,4194.0
2026-03-05 10:10:00,27.935,27.945,27.89,27.8921,7800.0
2026-03-05 10:15:00,27.99,27.99,27.99,27.99,1000.0
2026-03-05 10:20:00,28.0429,28.11,28.01,28.11,13705.0
2026-03-05 10:25:00,28.3,28.375,28.3,28.375,15700.0
2026-03-05 10:30:00,28.43,28.47,28.43,28.47,620.0
2026-03-05 10:40:00,28.12,28.12,28.12,28.12,100.0
2026-03-05 10:45:00,28.0,28.02,27.99,28.0199,1340.0
2026-03-05 10:50:00,27.9,27.9,27.76,27.77,866.0
2026-03-05 10:55:00,27.79,27.8599,27.74,27.74,3907.0
2026-03-05 11:00:00,27.75,27.84,27.75,27.84,450.0
2026-03-05 11:05:00,27.77,27.96,27.77,27.9466,5747.0
2026-03-05 11:10:00,28.045,28.045,27.855,27.855,1800.0
2026-03-05 11:15:00,27.98,27.99,27.98,27.99,200.0
2026-03-05 11:20:00,27.9813,27.9813,27.875,27.875,600.0
2026-03-05 11:25:00,27.98,27.98,27.98,27.98,200.0
2026-03-05 11:35:00,27.9987,27.9987,27.93,27.965,350.0
2026-03-05 11:40:00,28.0199,28.0199,28.005,28.005,300.0
2026-03-05 11:45:00,27.87,27.87,27.87,27.87,500.0
2026-03-05 12:10:00,28.05,28.1,27.98,28.08,1171.0
2026-03-05 12:15:00,28.2453,28.325,28.2404,28.325,2979.0
2026-03-05 12:25:00,28.24,28.43,28.24,28.43,1300.0
2026-03-05 12:30:00,28.5,28.77,28.5,28.77,1243.0
2026-03-05 12:35:00,28.81,28.855,28.72,28.82,2309.0
2026-03-05 12:40:00,28.93,29.0999,28.93,29.0999,1670.0
2026-03-05 12:45:00,29.1,29.33,29.0948,29.33,1317.0
2026-03-05 12:50:00,29.45,29.45,29.27,29.28,3358.0
2026-03-05 12:55:00,29.33,29.36,29.33,29.36,1078.0
2026-03-05 13:00:00,29.2208,29.2208,29.2,29.2,2549.0
2026-03-05 13:05:00,29.15,29.15,29.15,29.15,260.0
2026-03-05 13:10:00,29.0299,29.0299,29.0,29.0,7178.0
2026-03-05 13:20:00,29.2099,29.2099,29.2099,29.2099,100.0
2026-03-05 13:25:00,29.325,29.325,29.325,29.325,115.0
2026-03-05 13:30:00,29.34,29.34,29.2503,29.2503,1100.0
2026-03-05 13:35:00,29.2,29.2,29.0505,29.08,1850.0
2026-03-05 13:40:00,29.12,29.1201,28.99,29.015,3342.0
2026-03-05 13:55:00,29.16,29.16,29.07,29.07,800.0
2026-03-05 14:00:00,29.1095,29.1095,28.96,28.96,2829.0
2026-03-05 14:05:00,28.93,28.99,28.91,28.99,1477.0
2026-03-05 14:10:00,28.97,29.0201,28.97,28.9902,1519.0
2026-03-05 14:15:00,28.93,28.93,28.93,28.93,102.0
2026-03-05 14:25:00,29.08,29.08,29.06,29.06,1992.0
2026-03-05 14:30:00,29.09,29.095,29.09,29.095,391.0
2026-03-05 14:45:00,29.02,29.055,29.02,29.02,300.0
2026-03-05 14:50:00,28.98,29.085,28.98,29.045,550.0
2026-03-05 14:55:00,29.16,29.16,29.01,29.01,596.0
2026-03-05 15:00:00,28.87,28.87,28.87,28.87,200.0
2026-03-05 15:05:00,28.9488,28.9488,28.83,28.83,200.0
2026-03-05 15:10:00,28.7447,28.7447,28.7447,28.7447,861.0
2026-03-05 15:15:00,28.725,28.725,28.6699,28.6699,450.0
2026-03-05 15:20:00,28.7,28.709,28.655,28.655,4100.0
2026-03-05 15:25:00,28.61,28.61,28.57,28.57,200.0
2026-03-05 15:35:00,28.483,28.483,28.483,28.483,150.0
2026-03-05 15:40:00,28.47,28.47,28.47,28.47,100.0
2026-03-05 15:45:00,28.52,28.52,28.47,28.47,200.0
2026-03-05 15:50:00,28.41,28.41,28.35,28.37,1800.0
2026-03-05 15:55:00,28.21,28.21,28.07,28.1,3539.0
2026-03-05 16:00:00,28.13,28.13,28.13,28.13,510.0
2026-03-05 18:00:00,28.26,28.26,28.26,28.26,200.0
2026-03-05 18:45:00,28.15,28.15,28.15,28.15,200.0
2026-03-05 18:50:00,28.0337,28.0337,28.0337,28.0337,200.0
2026-03-05 19:10:00,28.03,28.03,28.03,28.03,951.0
2026-03-06 08:00:00,28.92,29.28,28.7,29.28,4781.0
2026-03-06 08:25:00,28.81,28.81,28.81,28.81,800.0
2026-03-06 08:30:00,28.99,29.07,28.99,29.07,4900.0
2026-03-06 08:40:00,29.05,29.14,29.05,29.14,800.0
2026-03-06 08:45:00,29.23,29.32,29.23,29.32,1600.0
2026-03-06 08:50:00,29.2801,29.33,29.2,29.2,679.0
2026-03-06 08:55:00,29.37,29.43,29.2501,29.2501,5232.0
2026-03-06 09:05:00,29.39,29.39,29.39,29.39,150.0
2026-03-06 09:25:00,29.461,29.47,29.461,29.47,200.0
2026-03-06 09:30:00,29.32,29.33,28.9,28.994,4559.0
2026-03-06 09:35:00,29.15,29.15,29.15,29.15,956.0
2026-03-06 09:40:00,28.99,29.0,28.8,28.8656,4054.0
2026-03-06 09:45:00,28.8362,28.8362,28.69,28.82,515.0
2026-03-06 09:50:00,28.6857,28.6857,28.66,28.66,737.0
2026-03-06 09:55:00,28.85,28.88,28.63,28.63,2887.0
2026-03-06 10:00:00,28.465,28.465,28.455,28.455,600.0
2026-03-06 10:05:00,28.535,28.6,28.525,28.6,769.0
2026-03-06 10:10:00,28.7,28.7,28.44,28.44,2677.0
2026-03-06 10:15:00,28.38,28.38,28.38,28.38,200.0
2026-03-06 10:20:00,28.39,28.43,28.39,28.43,300.0
2026-03-06 10:25:00,28.4156,28.4156,28.4156,28.4156,500.0
2026-03-06 10:30:00,28.38,28.43,28.38,28.43,211.0
2026-03-06 10:35:00,28.34,28.34,28.34,28.34,1000.0
2026-03-06 10:40:00,28.328,28.4501,28.328,28.4501,552.0
2026-03-06 10:50:00,28.65,28.65,28.65,28.65,100.0
2026-03-06 10:55:00,28.43,28.43,28.37,28.37,5055.0
2026-03-06 11:05:00,28.56,28.56,28.56,28.56,100.0
2026-03-06 11:10:00,28.6,28.635,28.6,28.635,200.0
2026-03-06 11:30:00,28.49,28.59,28.49,28.59,321.0
2026-03-06 11:35:00,28.53,28.53,28.39,28.39,500.0
2026-03-06 11:45:00,28.255,28.255,28.255,28.255,100.0
2026-03-06 11:50:00,28.23,28.23,28.19,28.23,300.0
2026-03-06 11:55:00,28.2356,28.2356,28.2356,28.2356,194.0
2026-03-06 12:00:00,28.19,28.2022,28.16,28.16,1807.0
2026-03-06 12:25:00,28.52,28.6099,28.52,28.55,500.0
2026-03-06 12:30:00,28.63,28.63,28.59,28.59,400.0
2026-03-06 12:35:00,28.6,28.76,28.6,28.76,350.0
2026-03-06 12:40:00,28.73,28.73,28.73,28.73,100.0
2026-03-06 12:50:00,28.575,28.64,28.575,28.64,272.0
2026-03-06 12:55:00,28.67,28.67,28.67,28.67,500.0
2026-03-06 13:00:00,28.6,28.6,28.6,28.6,100.0
2026-03-06 13:10:00,28.45,28.45,28.45,28.45,100.0
2026-03-06 13:20:00,28.45,28.48,28.45,28.48,500.0
2026-03-06 13:30:00,28.5,28.5,28.48,28.4801,320.0
2026-03-06 13:35:00,28.55,28.55,28.55,28.55,100.0
2026-03-06 13:40:00,28.63,28.63,28.63,28.63,155.0
2026-03-06 13:45:00,28.575,28.63,28.575,28.62,12476.0
2026-03-06 13:50:00,28.65,28.65,28.65,28.65,200.0
2026-03-06 14:10:00,28.71,28.71,28.6913,28.6913,719.0
2026-03-06 14:15:00,28.785,28.785,28.785,28.785,100.0
2026-03-06 14:20:00,28.81,28.88,28.81,28.87,2100.0
2026-03-06 14:25:00,28.85,28.85,28.85,28.85,100.0
2026-03-06 14:30:00,28.795,28.795,28.795,28.795,100.0
2026-03-06 14:35:00,28.925,28.925,28.925,28.925,300.0
2026-03-06 14:50:00,28.99,28.99,28.99,28.99,100.0
2026-03-06 14:55:00,29.0,29.035,29.0,29.035,450.0
2026-03-06 15:05:00,29.06,29.165,29.06,29.165,400.0
2026-03-06 15:10:00,29.185,29.53,29.175,29.53,2781.0
2026-03-06 15:15:00,29.445,29.5399,29.445,29.5399,740.0
2026-03-06 15:20:00,29.77,29.77,29.77,29.77,189.0
2026-03-06 15:25:00,29.8679,29.985,29.8679,29.985,750.0
2026-03-06 15:30:00,30.03,30.05,29.98,29.98,680.0
2026-03-06 15:35:00,30.07,30.07,29.95,29.995,8980.0
2026-03-06 15:40:00,30.01,30.01,29.85,29.875,1340.0
2026-03-06 15:45:00,29.8267,29.8267,29.75,29.75,2356.0
2026-03-06 15:50:00,29.73,29.8,29.72,29.8,735.0
2026-03-06 15:55:00,29.8677,29.9199,29.8,29.88,18006.0
2026-03-06 16:00:00,29.9,29.95,29.9,29.95,1100.0
2026-03-06 16:05:00,29.95,29.99,29.95,29.99,1252.0
2026-03-06 16:10:00,29.98,30.0667,29.94,30.01,1253.0
2026-03-06 16:40:00,29.8622,29.8622,29.8622,29.8622,1000.0
2026-03-06 16:50:00,30.0485,30.0485,30.0485,30.0485,100.0
2026-03-06 17:15:00,29.8,29.8,29.8,29.8,239.0
2026-03-06 18:55:00,30.02,30.02,30.02,30.02,100.0
2026-03-09 04:00:00,31.0,31.0,31.0,31.0,200.0
2026-03-09 04:30:00,30.97,30.97,30.97,30.97,100.0
2026-03-09 07:05:00,30.55,30.55,30.54,30.54,803.0
2026-03-09 07:15:00,30.6,30.6,30.6,30.6,200.0
2026-03-09 07:20:00,30.63,30.63,30.59,30.59,2703.0
2026-03-09 07:35:00,30.57,30.57,30.57,30.57,538.0
2026-03-09 08:00:00,31.27,31.27,30.53,30.53,7310.0
2026-03-09 08:10:00,31.1928,31.1928,31.1928,31.1928,700.0
2026-03-09 08:45:00,30.87,30.87,30.87,30.87,100.0
2026-03-09 09:20:00,30.88,30.88,30.88,30.88,100.0
2026-03-09 09:30:00,30.53,30.53,30.0,30.2201,6618.0
2026-03-09 09:35:00,30.195,30.47,30.195,30.39,8381.0
2026-03-09 09:40:00,30.46,30.63,30.345,30.63,5044.0
2026-03-09 09:45:00,30.5,30.56,30.38,30.45,3272.0
2026-03-09 09:50:00,30.53,30.53,30.46,30.49,3577.0
2026-03-09 09:55:00,30.62,30.64,30.23,30.24,7858.0
2026-03-09 10:00:00,30.34,30.34,29.805,29.8261,1139.0
2026-03-09 10:05:00,29.88,30.145,29.8687,30.145,5041.0
2026-03-09 10:10:00,30.3025,30.3025,30.3025,30.3025,100.0
2026-03-09 10:15:00,30.08,30.165,29.8208,29.8208,1228.0
2026-03-09 10:20:00,29.9801,29.9801,29.7,29.7,2648.0
2026-03-09 10:25:00,29.71,29.8,29.71,29.775,834.0
2026-03-09 10:30:00,29.7756,29.7756,29.74,29.74,765.0
2026-03-09 10:35:00,29.49,29.49,29.49,29.49,200.0
2026-03-09 10:40:00,29.53,29.575,29.48,29.535,2025.0
2026-03-09 10:45:00,29.38,29.38,29.2701,29.36,2793.0
2026-03-09 10:55:00,29.37,29.47,29.27,29.45,10890.0
2026-03-09 11:00:00,29.4599,29.4599,29.4,29.4,350.0
2026-03-09 11:05:00,29.335,29.335,29.29,29.29,200.0
2026-03-09 11:10:00,29.21,29.2699,29.21,29.2699,1110.0
2026-03-09 11:15:00,29.38,29.4135,29.38,29.4135,225.0
2026-03-09 11:20:00,29.2765,29.285,29.205,29.21,870.0
2026-03-09 11:25:00,29.13,29.13,29.13,29.13,2217.0
2026-03-09 11:30:00,29.23,29.23,29.195,29.195,400.0
2026-03-09 11:45:00,29.2,29.2,29.11,29.11,300.0
2026-03-09 11:50:00,29.09,29.09,29.0092,29.0092,605.0
2026-03-09 11:55:00,28.92,28.95,28.92,28.95,1241.0
2026-03-09 12:00:00,28.957,28.957,28.87,28.89,500.0
2026-03-09 12:05:00,28.895,28.9399,28.895,28.9399,410.0
2026-03-09 12:20:00,28.91,28.94,28.8283,28.8283,1759.0
2026-03-09 12:25:00,28.67,28.67,28.62,28.62,650.0
2026-03-09 12:30:00,28.75,28.77,28.75,28.76,700.0
2026-03-09 12:35:00,28.63,28.63,28.57,28.58,400.0
2026-03-09 12:40:00,28.55,28.55,28.47,28.47,4729.0
2026-03-09 12:45:00,28.56,28.56,28.51,28.54,4600.0
2026-03-09 12:50:00,28.58,28.58,28.58,28.58,2000.0
2026-03-09 12:55:00,28.61,28.655,28.61,28.65,1300.0
2026-03-09 13:00:00,28.68,28.75,28.68,28.75,1200.0
2026-03-09 13:05:00,28.8,28.8,28.8,28.8,100.0
2026-03-09 13:10:00,28.74,28.7774,28.74,28.74,1283.0
2026-03-09 13:20:00,28.9073,29.02,28.9073,29.02,700.0
2026-03-09 13:25:00,29.03,29.03,29.03,29.03,446.0
2026-03-09 13:35:00,29.01,29.0699,29.01,29.0699,1200.0
2026-03-09 13:40:00,29.025,29.06,29.025,29.06,1800.0
2026-03-09 13:45:00,29.06,29.06,28.941,28.941,470.0
2026-03-09 13:55:00,28.91,28.91,28.91,28.91,100.0
2026-03-09 14:00:00,28.8999,28.8999,28.8999,28.8999,1000.0
2026-03-09 14:05:00,28.89,28.89,28.84,28.84,596.0
2026-03-09 14:10:00,28.79,28.79,28.79,28.79,922.0
2026-03-09 14:15:00,28.757,28.757,28.74,28.74,473.0
2026-03-09 14:25:00,28.7866,28.7866,28.7866,28.7866,200.0
2026-03-09 14:30:00,28.78,28.78,28.69,28.69,1620.0
2026-03-09 14:35:00,28.665,28.75,28.665,28.738,1242.0
2026-03-09 14:40:00,28.74,28.74,28.73,28.73,950.0
2026-03-09 14:45:00,28.735,28.735,28.7138,28.7138,1250.0
2026-03-09 14:55:00,28.86,28.98,28.86,28.98,2106.0
2026-03-09 15:00:00,28.99,28.99,28.92,28.92,2062.0
2026-03-09 15:05:00,28.9617,28.9617,28.9617,28.9617,214.0
2026-03-09 15:15:00,28.9,28.9,28.5,28.5,2283.0
2026-03-09 15:20:00,28.53,28.53,28.14,28.22,5291.0
2026-03-09 15:25:00,28.215,28.215,27.97,27.98,2874.0
2026-03-09 15:30:00,27.94,28.06,27.8,27.89,2455.0
2026-03-09 15:35:00,27.84,27.91,27.7,27.71,2680.0
2026-03-09 15:40:00,27.86,28.06,27.86,28.0398,1810.0
2026-03-09 15:50:00,27.93,28.06,27.93,28.06,6187.0
2026-03-09 15:55:00,27.98,27.98,27.74,27.765,6119.0
2026-03-09 16:00:00,27.95,27.95,27.81,27.81,436.0
2026-03-09 16:05:00,27.93,27.93,27.93,27.93,800.0
2026-03-09 16:20:00,28.02,28.02,28.02,28.02,500.0
2026-03-09 16:30:00,27.97,27.97,27.96,27.96,500.0
2026-03-09 16:35:00,27.96,28.0,27.95,28.0,721.0
2026-03-09 16:50:00,27.95,27.95,27.95,27.95,111.0
2026-03-09 16:55:00,27.52,27.52,27.52,27.52,100.0
2026-03-09 17:10:00,27.85,27.85,27.85,27.85,300.0
2026-03-09 17:20:00,27.88,27.88,27.88,27.88,500.0
2026-03-09 17:50:00,27.97,27.97,27.97,27.97,203.0
2026-03-09 18:00:00,28.02,28.04,28.02,28.04,952.0
2026-03-09 19:55:00,28.1,28.1,28.1,28.1,1000.0
2026-03-10 04:00:00,28.0,28.0,28.0,28.0,357.0
2026-03-10 07:00:00,27.6,27.6,27.6,27.6,2000.0
2026-03-10 07:05:00,27.57,27.65,27.57,27.65,2300.0
2026-03-10 07:35:00,27.75,27.75,27.75,27.75,200.0
2026-03-10 08:00:00,27.5431,27.99,27.5431,27.99,1124.0
2026-03-10 08:05:00,28.0,28.0,28.0,28.0,800.0
2026-03-10 08:50:00,27.86,27.86,27.86,27.86,400.0
2026-03-10 09:30:00,27.69,27.69,27.43,27.515,1679.0
2026-03-10 09:35:00,27.57,27.57,27.5046,27.5046,442.0
2026-03-10 09:40:00,27.435,27.45,27.2,27.22,2278.0
2026-03-10 09:45:00,27.21,27.21,27.205,27.205,1857.0
2026-03-10 09:50:00,27.1861,27.39,27.1861,27.39,450.0
2026-03-10 09:55:00,27.4,27.47,27.395,27.425,651.0
2026-03-10 10:00:00,27.48,27.52,27.44,27.52,800.0
2026-03-10 10:05:00,27.4,27.6,27.4,27.6,1758.0
2026-03-10 10:10:00,27.4,27.4,27.4,27.4,200.0
2026-03-10 10:15:00,27.425,27.44,27.425,27.44,209.0
2026-03-10 10:20:00,27.335,27.335,27.23,27.2698,1056.0
2026-03-10 10:25:00,27.22,27.265,27.12,27.265,3288.0
2026-03-10 10:30:00,27.11,27.12,27.1,27.12,2003.0
2026-03-10 10:35:00,27.1,27.1199,26.99,26.99,2020.0
2026-03-10 10:40:00,26.95,26.98,26.95,26.97,300.0
2026-03-10 10:45:00,26.98,26.99,26.965,26.965,805.0
2026-03-10 10:50:00,26.9,26.91,26.895,26.91,350.0
2026-03-10 10:55:00,26.93,26.93,26.8,26.8,2971.0
2026-03-10 11:00:00,26.78,26.78,26.78,26.78,100.0
2026-03-10 11:05:00,26.84,26.84,26.83,26.83,250.0
2026-03-10 11:10:00,26.8107,26.86,26.8107,26.82,1330.0
2026-03-10 11:15:00,26.7844,26.7844,26.7844,26.7844,500.0
2026-03-10 11:20:00,26.752,26.795,26.752,26.775,615.0
2026-03-10 11:30:00,26.72,26.8222,26.72,26.8222,900.0
2026-03-10 11:35:00,26.82,26.82,26.82,26.82,200.0
2026-03-10 11:40:00,26.7522,26.7522,26.69,26.71,1393.0
2026-03-10 11:45:00,26.8,26.8,26.8,26.8,100.0
2026-03-10 11:50:00,26.81,26.81,26.81,26.81,100.0
2026-03-10 12:10:00,26.895,26.895,26.895,26.895,2302.0
2026-03-10 12:15:00,26.93,26.93,26.93,26.93,500.0
2026-03-10 12:20:00,26.99,26.99,26.99,26.99,100.0
2026-03-10 12:25:00,26.9,26.96,26.8608,26.96,1600.0
2026-03-10 12:30:00,26.96,26.96,26.905,26.905,750.0
2026-03-10 12:35:00,26.88,26.88,26.88,26.88,100.0
2026-03-10 12:50:00,26.82,26.82,26.82,26.82,100.0
2026-03-10 12:55:00,26.83,26.83,26.83,26.83,109.0
2026-03-10 13:05:00,26.77,26.77,26.77,26.77,100.0
2026-03-10 13:10:00,26.8,26.825,26.8,26.825,400.0
2026-03-10 13:20:00,26.72,26.72,26.68,26.69,3050.0
2026-03-10 13:25:00,26.66,26.66,26.66,26.66,111.0
2026-03-10 13:30:00,26.69,26.69,26.69,26.69,100.0
2026-03-10 13:35:00,26.91,26.91,26.86,26.86,322.0
2026-03-10 13:40:00,26.79,26.79,26.79,26.79,400.0
2026-03-10 13:45:00,26.89,26.89,26.83,26.84,300.0
2026-03-10 13:50:00,26.82,26.82,26.82,26.82,100.0
2026-03-10 13:55:00,26.82,26.83,26.82,26.83,670.0
2026-03-10 14:00:00,26.7762,26.8,26.7762,26.8,240.0
2026-03-10 14:05:00,26.84,26.84,26.825,26.825,1000.0
2026-03-10 14:10:00,26.87,27.02,26.845,27.02,1130.0
2026-03-10 14:15:00,27.24,27.2714,27.24,27.2714,700.0
2026-03-10 14:20:00,27.2646,27.375,27.26,27.33,1734.0
2026-03-10 14:25:00,27.17,27.18,27.16,27.18,4332.0
2026-03-10 14:30:00,27.21,27.21,27.08,27.08,700.0
2026-03-10 14:35:00,27.12,27.12,27.12,27.12,200.0
2026-03-10 14:45:00,27.2644,27.2644,27.2644,27.2644,183.0
2026-03-10 14:50:00,27.25,27.25,27.25,27.25,300.0
2026-03-10 14:55:00,27.2,27.305,27.2,27.3,450.0
2026-03-10 15:00:00,27.28,27.39,27.28,27.2855,2650.0
2026-03-10 15:05:00,27.365,27.365,27.365,27.365,500.0
2026-03-10 15:10:00,27.34,27.37,27.3201,27.3201,488.0
2026-03-10 15:15:00,27.3,27.3,27.215,27.215,200.0
2026-03-10 15:20:00,27.21,27.21,27.21,27.21,100.0
2026-03-10 15:25:00,27.238,27.305,27.238,27.305,475.0
2026-03-10 15:30:00,27.4244,27.4244,27.4244,27.4244,250.0
2026-03-10 15:35:00,27.47,27.58,27.47,27.5799,578.0
2026-03-10 15:40:00,27.38,27.465,27.375,27.465,550.0
2026-03-10 15:45:00,27.535,27.6751,27.535,27.6751,1232.0
2026-03-10 15:50:00,27.605,27.6585,27.45,27.45,881.0
2026-03-10 15:55:00,27.48,27.48,27.31,27.31,2650.0
2026-03-10 16:50:00,27.7,27.7,27.7,27.7,100.0
2026-03-10 17:10:00,27.61,27.62,27.61,27.62,558.0
2026-03-10 19:40:00,27.3,27.3,27.3,27.3,100.0
2026-03-11 06:50:00,27.31,27.31,27.31,27.31,124.0
2026-03-11 08:20:00,27.3,27.3,27.3,27.3,400.0
2026-03-11 09:30:00,27.21,27.21,26.9,27.2,3198.0
2026-03-11 09:35:00,27.125,27.125,27.1,27.1,284.0
2026-03-11 09:40:00,26.9,26.91,26.8,26.91,729.0
2026-03-11 09:45:00,26.9,26.95,26.86,26.925,2144.0
2026-03-11 09:50:00,27.005,27.005,26.8,26.83,960.0
2026-03-11 09:55:00,26.78,26.78,26.78,26.78,895.0
2026-03-11 10:00:00,26.69,26.69,26.49,26.6101,3131.0
2026-03-11 10:05:00,26.5201,26.75,26.5201,26.7,1340.0
2026-03-11 10:10:00,26.7,26.7,26.7,26.7,100.0
2026-03-11 10:15:00,26.628,26.628,26.628,26.628,260.0
2026-03-11 10:20:00,26.5156,26.63,26.5156,26.63,461.0
2026-03-11 10:25:00,26.75,26.765,26.6606,26.6606,650.0
2026-03-11 10:30:00,26.8,26.94,26.8,26.94,2879.0
2026-03-11 10:35:00,26.89,26.89,26.88,26.88,212.0
2026-03-11 10:40:00,26.89,26.905,26.85,26.85,726.0
2026-03-11 10:45:00,26.8,26.8,26.79,26.79,404.0
2026-03-11 10:55:00,26.71,26.71,26.705,26.705,300.0
2026-03-11 11:00:00,26.685,26.71,26.67,26.71,1067.0
2026-03-11 11:05:00,26.67,26.72,26.67,26.71,1300.0
2026-03-11 11:10:00,26.8,26.955,26.79,26.84,4250.0
2026-03-11 11:15:00,26.93,26.96,26.93,26.96,1700.0
2026-03-11 11:20:00,26.8801,26.8819,26.8622,26.8819,2020.0
2026-03-11 11:25:00,26.8001,26.8001,26.8001,26.8001,500.0
2026-03-11 11:30:00,27.105,27.105,27.105,27.105,200.0
2026-03-11 11:35:00,26.99,26.99,26.99,26.99,100.0
2026-03-11 11:55:00,26.99,27.01,26.99,27.0,1400.0
2026-03-11 12:00:00,27.1,27.1,27.1,27.1,100.0
2026-03-11 12:05:00,27.115,27.115,27.115,27.115,100.0
2026-03-11 12:10:00,27.12,27.12,27.105,27.105,400.0
2026-03-11 12:15:00,27.1332,27.1332,27.1332,27.1332,100.0
2026-03-11 12:20:00,27.125,27.125,27.09,27.09,500.0
2026-03-11 12:30:00,26.97,26.97,26.97,26.97,150.0
2026-03-11 12:35:00,26.92,26.92,26.92,26.92,100.0
2026-03-11 12:40:00,26.989,26.99,26.989,26.9899,565.0
2026-03-11 12:45:00,26.95,26.98,26.95,26.98,200.0
2026-03-11 13:00:00,26.8798,26.8999,26.87,26.87,589.0
2026-03-11 13:10:00,26.93,26.97,26.93,26.96,300.0
2026-03-11 13:15:00,27.0,27.0,27.0,27.0,100.0
2026-03-11 13:20:00,27.0,27.0,27.0,27.0,100.0
2026-03-11 13:30:00,26.965,26.965,26.965,26.965,100.0
2026-03-11 13:35:00,27.21,27.22,27.21,27.22,200.0
2026-03-11 13:40:00,27.185,27.1917,27.185,27.1917,376.0
2026-03-11 13:45:00,27.1528,27.1741,27.1,27.1108,1387.0
2026-03-11 13:50:00,27.07,27.08,27.05,27.08,440.0
2026-03-11 13:55:00,27.105,27.13,27.0707,27.0707,3640.0
2026-03-11 14:00:00,27.09,27.09,27.09,27.09,658.0
2026-03-11 14:05:00,27.155,27.155,27.105,27.15,423.0
2026-03-11 14:15:00,27.2078,27.2078,27.17,27.17,611.0
2026-03-11 14:20:00,27.1621,27.21,27.1608,27.21,432.0
2026-03-11 14:25:00,27.14,27.14,27.12,27.12,400.0
2026-03-11 14:30:00,27.12,27.12,27.12,27.12,100.0
2026-03-11 14:35:00,27.093,27.093,27.093,27.093,420.0
2026-03-11 14:40:00,27.11,27.13,27.11,27.13,1346.0
2026-03-11 14:50:00,27.09,27.09,27.02,27.02,650.0
2026-03-11 14:55:00,26.984,27.05,26.984,27.05,4050.0
2026-03-11 15:00:00,27.04,27.08,27.04,27.07,2600.0
2026-03-11 15:05:00,27.13,27.13,27.12,27.12,611.0
2026-03-11 15:15:00,27.08,27.08,27.08,27.08,2708.0
2026-03-11 15:20:00,27.1,27.1,27.1,27.1,100.0
2026-03-11 15:25:00,27.04,27.06,27.02,27.06,3200.0
2026-03-11 15:30:00,27.09,27.09,27.09,27.09,100.0
2026-03-11 15:35:00,27.01,27.01,27.01,27.01,100.0
2026-03-11 15:40:00,27.05,27.09,27.05,27.09,200.0
2026-03-11 15:45:00,27.02,27.05,27.02,27.05,400.0
2026-03-11 15:50:00,27.03,27.04,26.96,26.96,3012.0
2026-03-11 15:55:00,26.9401,27.09,26.94,26.98,20823.0
2026-03-11 16:00:00,27.01,27.01,27.01,27.01,163.0
2026-03-11 16:15:00,27.0,27.0,27.0,27.0,470.0
2026-03-11 16:50:00,27.03,27.04,27.03,27.04,939.0
2026-03-11 18:00:00,27.09,27.09,27.09,27.09,600.0
2026-03-11 18:40:00,27.34,27.34,27.34,27.34,361.0
2026-03-11 19:30:00,27.5,27.5,27.5,27.5,200.0
2026-03-11 19:40:00,27.5,27.55,27.5,27.54,4068.0
2026-03-11 19:50:00,27.54,27.54,27.54,27.54,400.0
2026-03-12 07:40:00,27.27,27.27,27.16,27.16,300.0
2026-03-12 09:05:00,27.43,27.43,27.43,27.43,100.0
2026-03-12 09:30:00,27.41,27.76,27.41,27.61,1991.0
2026-03-12 09:35:00,27.58,27.665,27.58,27.665,3908.0
2026-03-12 09:40:00,27.6456,27.85,27.6156,27.85,5744.0
2026-03-12 09:45:00,28.0,28.09,27.9475,27.9601,7072.0
2026-03-12 09:50:00,27.89,28.17,27.89,28.17,1108.0
2026-03-12 09:55:00,28.32,28.36,28.32,28.36,300.0
2026-03-12 10:00:00,28.12,28.12,28.12,28.12,100.0
2026-03-12 10:10:00,28.0599,28.07,28.0083,28.0083,1700.0
2026-03-12 10:15:00,28.0117,28.17,28.0117,28.17,1278.0
2026-03-12 10:20:00,28.16,28.2299,28.1498,28.2299,778.0
2026-03-12 10:25:00,28.155,28.25,28.155,28.25,866.0
2026-03-12 10:30:00,28.325,28.4139,28.31,28.4139,724.0
2026-03-12 10:35:00,28.4,28.4,28.4,28.4,129.0
2026-03-12 10:40:00,28.5,28.5,28.35,28.35,745.0
2026-03-12 10:45:00,28.34,28.46,28.13,28.46,1100.0
2026-03-12 10:50:00,28.42,28.4299,28.38,28.38,11013.0
2026-03-12 10:55:00,28.3,28.35,28.3,28.35,245.0
2026-03-12 11:00:00,28.37,28.37,28.37,28.37,100.0
2026-03-12 11:05:00,28.345,28.37,28.345,28.37,4050.0
2026-03-12 11:10:00,28.48,28.53,28.48,28.53,418.0
2026-03-12 11:15:00,28.4199,28.4199,28.35,28.365,1300.0
2026-03-12 11:20:00,28.39,28.39,28.34,28.34,444.0
2026-03-12 11:25:00,28.2,28.2,28.15,28.18,781.0
2026-03-12 11:30:00,28.14,28.14,28.14,28.14,500.0
2026-03-12 11:35:00,28.2322,28.2322,27.93,27.93,797.0
2026-03-12 11:40:00,27.97,27.97,27.97,27.97,100.0
2026-03-12 11:45:00,28.02,28.02,28.02,28.02,300.0
2026-03-12 11:50:00,27.94,27.94,27.92,27.93,555.0
2026-03-12 11:55:00,27.96,27.96,27.92,27.92,400.0
2026-03-12 12:00:00,27.86,27.86,27.86,27.86,200.0
2026-03-12 12:05:00,27.915,28.01,27.915,28.01,210.0
2026-03-12 12:15:00,27.75,27.76,27.745,27.75,660.0
2026-03-12 12:20:00,27.79,27.8198,27.75,27.8198,1141.0
2026-03-12 12:25:00,27.86,27.86,27.86,27.86,110.0
2026-03-12 12:30:00,27.9096,27.9096,27.9096,27.9096,200.0
2026-03-12 12:35:00,27.82,27.82,27.74,27.74,810.0
2026-03-12 12:40:00,27.77,27.77,27.77,27.77,100.0
2026-03-12 12:50:00,27.89,27.94,27.89,27.94,1591.0
2026-03-12 12:55:00,27.93,27.93,27.895,27.92,1224.0
2026-03-12 13:00:00,27.9,27.9,27.9,27.9,1200.0
2026-03-12 13:20:00,27.98,27.98,27.94,27.94,200.0
2026-03-12 13:30:00,27.905,27.93,27.905,27.93,1437.0
2026-03-12 13:35:00,27.94,27.94,27.94,27.94,644.0
2026-03-12 13:40:00,27.8578,27.89,27.8578,27.89,528.0
2026-03-12 13:45:00,27.96,27.96,27.96,27.96,378.0
2026-03-12 14:00:00,27.99,28.0,27.96,28.0,8421.0
2026-03-12 14:05:00,27.95,27.95,27.93,27.95,500.0
2026-03-12 14:10:00,27.98,27.98,27.95,27.95,600.0
2026-03-12 14:15:00,27.9201,28.01,27.9201,28.01,1100.0
2026-03-12 14:20:00,28.06,28.06,28.04,28.04,600.0
2026-03-12 14:25:00,28.03,28.03,28.0,28.0,1660.0
2026-03-12 14:30:00,28.03,28.05,28.03,28.05,200.0
2026-03-12 14:35:00,28.09,28.12,28.09,28.12,400.0
2026-03-12 14:40:00,28.1099,28.1099,28.1099,28.1099,500.0
2026-03-12 14:55:00,28.14,28.14,28.13,28.13,200.0
2026-03-12 15:00:00,28.16,28.16,28.16,28.16,102.0
2026-03-12 15:05:00,28.14,28.2,28.14,28.19,990.0
2026-03-12 15:10:00,28.2,28.2,28.2,28.2,100.0
2026-03-12 15:20:00,28.22,28.22,28.15,28.16,636.0
2026-03-12 15:30:00,28.07,28.08,28.06,28.08,800.0
2026-03-12 15:35:00,28.16,28.16,28.16,28.16,100.0
2026-03-12 15:40:00,28.18,28.18,28.18,28.18,600.0
2026-03-12 15:45:00,28.25,28.25,28.2,28.2,827.0
2026-03-12 15:50:00,28.18,28.21,28.16,28.19,4720.0
2026-03-12 15:55:00,28.16,28.2151,28.15,28.155,2835.0
2026-03-12 16:00:00,28.16,28.17,28.16,28.17,312.0
2026-03-12 17:05:00,28.14,28.15,28.14,28.14,500.0
2026-03-12 17:45:00,28.17,28.18,28.17,28.18,400.0
2026-03-12 17:50:00,28.17,28.18,28.12,28.18,654.0
2026-03-12 18:05:00,28.13,28.13,28.13,28.13,900.0
2026-03-12 18:15:00,28.18,28.18,28.18,28.18,100.0
2026-03-13 07:05:00,27.91,27.91,27.91,27.91,100.0
2026-03-13 07:50:00,27.75,27.75,27.75,27.75,100.0
2026-03-13 09:25:00,27.67,27.67,27.67,27.67,100.0
2026-03-13 09:30:00,27.5,27.56,27.42,27.56,8896.0
2026-03-13 09:35:00,27.62,27.83,27.58,27.77,1933.0
2026-03-13 09:45:00,27.36,27.45,27.36,27.45,600.0
2026-03-13 09:50:00,27.49,27.5044,27.44,27.44,1397.0
2026-03-13 09:55:00,27.34,27.345,27.34,27.345,500.0
2026-03-13 10:00:00,27.4537,27.63,27.4537,27.63,1704.0
2026-03-13 10:05:00,27.5948,27.5948,27.5948,27.5948,100.0
2026-03-13 10:15:00,27.8,27.82,27.78,27.81,1430.0
2026-03-13 10:20:00,27.8,27.8,27.8,27.8,130.0
2026-03-13 10:25:00,27.725,27.8,27.72,27.79,1180.0
2026-03-13 10:30:00,27.71,27.77,27.71,27.77,600.0
2026-03-13 10:35:00,27.85,27.85,27.85,27.85,100.0
2026-03-13 10:40:00,28.0,28.1,28.0,28.1,334.0
2026-03-13 10:45:00,28.2,28.24,28.2,28.2,2146.0
2026-03-13 10:55:00,28.23,28.475,28.23,28.44,750.0
2026-03-13 11:00:00,28.47,28.5,28.47,28.49,750.0
2026-03-13 11:05:00,28.4,28.4,28.4,28.4,100.0
2026-03-13 11:10:00,28.28,28.31,28.28,28.31,276.0
2026-03-13 11:15:00,28.36,28.36,28.35,28.35,500.0
2026-03-13 11:20:00,28.32,28.47,28.32,28.47,1200.0
2026-03-13 11:25:00,28.49,28.5,28.49,28.49,1500.0
2026-03-13 11:30:00,28.48,28.48,28.48,28.48,100.0
2026-03-13 11:35:00,28.52,28.6,28.52,28.58,898.0
2026-03-13 11:40:00,28.75,28.755,28.75,28.755,600.0
2026-03-13 11:45:00,28.805,28.805,28.6399,28.68,4559.0
2026-03-13 11:50:00,28.61,28.7397,28.61,28.7397,724.0
2026-03-13 11:55:00,28.7,28.7,28.7,28.7,200.0
2026-03-13 12:00:00,28.74,28.74,28.74,28.74,100.0
2026-03-13 12:15:00,28.74,28.74,28.74,28.74,100.0
2026-03-13 12:20:00,28.65,28.65,28.63,28.63,1300.0
2026-03-13 12:25:00,28.81,28.81,28.74,28.74,254.0
2026-03-13 12:30:00,28.72,28.72,28.62,28.68,5314.0
2026-03-13 12:35:00,28.64,28.67,28.52,28.52,1340.0
2026-03-13 12:45:00,28.623,28.67,28.623,28.645,3108.0
2026-03-13 12:50:00,28.56,28.57,28.55,28.55,1332.0
2026-03-13 12:55:00,28.69,28.75,28.67,28.75,1120.0
2026-03-13 13:00:00,28.76,28.76,28.76,28.76,100.0
2026-03-13 13:10:00,28.715,28.715,28.6101,28.6101,450.0
2026-03-13 13:15:00,28.56,28.56,28.56,28.56,200.0
2026-03-13 13:25:00,28.62,28.62,28.62,28.62,100.0
2026-03-13 13:40:00,28.75,28.77,28.75,28.75,1100.0
2026-03-13 13:45:00,28.77,28.875,28.77,28.875,698.0
2026-03-13 13:50:00,28.89,28.89,28.8898,28.8898,298.0
2026-03-13 13:55:00,28.915,28.915,28.915,28.915,300.0
2026-03-13 14:00:00,28.94,28.94,28.93,28.93,307.0
2026-03-13 14:05:00,28.97,28.97,28.97,28.97,100.0
2026-03-13 14:15:00,28.88,28.88,28.88,28.88,100.0
2026-03-13 14:35:00,28.735,28.735,28.735,28.735,150.0
2026-03-13 14:40:00,28.7,28.7,28.7,28.7,100.0
2026-03-13 14:45:00,28.69,28.69,28.69,28.69,100.0
2026-03-13 14:55:00,28.69,28.69,28.69,28.69,200.0
2026-03-13 15:00:00,28.77,28.77,28.77,28.77,100.0
2026-03-13 15:15:00,28.77,28.77,28.745,28.745,540.0
2026-03-13 15:35:00,28.875,28.95,28.875,28.94,7155.0
2026-03-13 15:40:00,28.9203,28.95,28.913,28.95,4783.0
2026-03-13 15:45:00,28.8694,28.93,28.8694,28.9104,5343.0
2026-03-13 15:50:00,28.9209,28.98,28.9002,28.915,5588.0
2026-03-13 15:55:00,28.94,28.99,28.9,28.91,9811.0
2026-03-13 16:00:00,28.92,28.92,28.92,28.92,112.0
2026-03-13 16:05:00,28.96,28.96,28.96,28.96,214.0
2026-03-13 19:00:00,28.9501,28.9501,28.9501,28.9501,250.0
2026-03-13 19:55:00,29.0,29.0,28.991,28.991,600.0
2026-03-16 07:25:00,28.17,28.2,28.17,28.2,1936.0
2026-03-16 07:30:00,28.09,28.09,28.09,28.09,277.0
2026-03-16 08:00:00,28.87,28.87,27.78,27.8346,1387.0
2026-03-16 08:15:00,27.9,27.9,27.88,27.88,609.0
2026-03-16 08:30:00,27.88,27.88,27.88,27.88,1000.0
2026-03-16 08:45:00,27.81,27.81,27.7317,27.81,1899.0
2026-03-16 08:50:00,27.85,27.86,27.85,27.86,1836.0
2026-03-16 08:55:00,27.89,27.89,27.7585,27.7585,1195.0
2026-03-16 09:05:00,27.759,27.759,27.759,27.759,100.0
2026-03-16 09:30:00,27.74,27.7649,27.65,27.65,3269.0
2026-03-16 09:35:00,27.59,27.6173,27.4803,27.6173,2340.0
2026-03-16 09:40:00,27.65,27.7325,27.65,27.7325,1049.0
2026-03-16 09:45:00,27.55,27.67,27.5,27.67,680.0
2026-03-16 09:50:00,27.66,27.66,27.56,27.59,6670.0
2026-03-16 09:55:00,27.55,27.55,27.55,27.55,100.0
2026-03-16 10:00:00,27.65,27.65,27.65,27.65,100.0
2026-03-16 10:10:00,27.648,27.6547,27.648,27.6547,584.0
2026-03-16 10:15:00,27.66,27.66,27.5952,27.5952,870.0
2026-03-16 10:20:00,27.625,27.625,27.625,27.625,800.0
2026-03-16 10:25:00,27.62,27.62,27.62,27.62,500.0
2026-03-16 10:40:00,27.875,27.885,27.8608,27.8769,400.0
2026-03-16 10:45:00,27.7779,27.7779,27.77,27.77,200.0
2026-03-16 10:50:00,27.8865,27.8865,27.8865,27.8865,100.0
2026-03-16 10:55:00,27.755,27.755,27.73,27.73,1600.0
2026-03-16 11:10:00,27.6,27.6299,27.4995,27.4995,557.0
2026-03-16 11:30:00,27.38,27.38,27.38,27.38,100.0
2026-03-16 11:40:00,27.415,27.415,27.395,27.395,250.0
2026-03-16 11:45:00,27.345,27.35,27.345,27.35,298.0
2026-03-16 11:55:00,27.49,27.5604,27.49,27.555,704.0
2026-03-16 12:10:00,27.595,27.625,27.595,27.625,1660.0
2026-03-16 12:20:00,27.75,27.75,27.75,27.75,100.0
2026-03-16 12:30:00,27.66,27.67,27.66,27.66,414.0
2026-03-16 12:35:00,27.6785,27.6785,27.6785,27.6785,181.0
2026-03-16 12:50:00,27.51,27.51,27.51,27.51,100.0
2026-03-16 13:00:00,27.51,27.51,27.455,27.455,600.0
2026-03-16 13:10:00,27.455,27.455,27.455,27.455,500.0
2026-03-16 13:15:00,27.45,27.45,27.45,27.45,100.0
2026-03-16 13:20:00,27.4,27.4,27.4,27.4,1194.0
2026-03-16 13:25:00,27.39,27.4235,27.39,27.4235,568.0
2026-03-16 13:30:00,27.46,27.46,27.46,27.46,205.0
2026-03-16 13:35:00,27.5299,27.5299,27.5299,27.5299,200.0
2026-03-16 13:45:00,27.54,27.56,27.54,27.56,1099.0
2026-03-16 13:50:00,27.5299,27.5299,27.52,27.52,400.0
2026-03-16 13:55:00,27.4801,27.4801,27.4801,27.4801,500.0
2026-03-16 14:05:00,27.44,27.4401,27.4,27.4,1700.0
2026-03-16 14:10:00,27.37,27.37,27.37,27.37,200.0
2026-03-16 14:20:00,27.34,27.38,27.34,27.38,200.0
2026-03-16 14:30:00,27.44,27.44,27.44,27.44,100.0
2026-03-16 14:35:00,27.5301,27.5301,27.5301,27.5301,100.0
2026-03-16 14:40:00,27.5301,27.5301,27.5301,27.5301,100.0
2026-03-16 15:00:00,27.68,27.705,27.68,27.705,300.0
2026-03-16 15:05:00,27.8001,27.8001,26.95,26.95,6840.0
2026-03-16 15:10:00,26.93,27.43,26.805,27.35,23489.0
2026-03-16 15:15:00,27.57,27.57,27.36,27.56,1800.0
2026-03-16 15:20:00,27.72,27.945,27.72,27.945,600.0
2026-03-16 15:25:00,28.07,28.09,28.03,28.09,1100.0
2026-03-16 15:30:00,28.1,28.15,27.91,27.91,1550.0
2026-03-16 15:45:00,27.93,27.95,27.93,27.95,300.0
2026-03-16 15:50:00,28.1,28.1,27.97,28.0299,3142.0
2026-03-16 15:55:00,27.98,28.03,27.94,27.96,2680.0
2026-03-16 16:00:00,27.96,27.96,27.96,27.96,164.0
2026-03-17 07:30:00,27.96,27.96,27.93,27.96,400.0
2026-03-17 07:40:00,27.94,27.94,27.94,27.94,1100.0
2026-03-17 08:05:00,27.88,27.88,27.88,27.88,100.0
2026-03-17 08:15:00,27.9,27.9,27.9,27.9,205.0
2026-03-17 08:50:00,27.72,27.72,27.71,27.71,500.0
2026-03-17 08:55:00,27.67,27.68,27.67,27.68,3335.0
2026-03-17 09:20:00,27.45,27.45,27.43,27.43,4400.0
2026-03-17 09:30:00,27.51,27.74,27.38,27.74,350.0
2026-03-17 09:35:00,27.7232,27.7232,27.7232,27.7232,500.0
2026-03-17 09:40:00,27.82,27.82,27.82,27.82,100.0
2026-03-17 09:45:00,27.72,27.72,27.72,27.72,200.0
2026-03-17 09:50:00,27.82,27.82,27.82,27.82,100.0
2026-03-17 10:05:00,28.038,28.038,28.038,28.038,150.0
2026-03-17 10:10:00,28.025,28.0301,27.93,27.93,10926.0
2026-03-17 10:15:00,28.005,28.005,27.975,27.975,900.0
2026-03-17 10:20:00,27.85,27.8599,27.83,27.84,1400.0
2026-03-17 10:30:00,27.95,27.95,27.95,27.95,100.0
2026-03-17 10:35:00,27.77,27.77,27.75,27.77,5695.0
2026-03-17 10:45:00,27.81,27.8299,27.81,27.81,329.0
2026-03-17 10:50:00,27.9,27.9,27.88,27.88,375.0
2026-03-17 11:00:00,27.87,27.87,27.87,27.87,100.0
2026-03-17 11:05:00,27.92,27.94,27.92,27.93,1184.0
2026-03-17 11:15:00,28.0699,28.1,28.0699,28.1,200.0
2026-03-17 11:30:00,28.15,28.15,28.15,28.15,100.0
2026-03-17 11:45:00,28.18,28.18,28.18,28.18,100.0
2026-03-17 11:55:00,28.23,28.23,28.225,28.23,1461.0
2026-03-17 12:00:00,28.24,28.28,28.24,28.28,200.0
2026-03-17 12:05:00,28.33,28.33,28.33,28.33,100.0
2026-03-17 12:10:00,28.28,28.29,28.28,28.29,350.0
2026-03-17 12:15:00,28.2899,28.2899,28.2899,28.2899,1800.0
2026-03-17 12:20:00,28.15,28.19,28.12,28.12,600.0
2026-03-17 12:40:00,28.1618,28.1618,28.1618,28.1618,100.0
2026-03-17 12:50:00,28.17,28.22,28.17,28.22,300.0
2026-03-17 12:55:00,28.14,28.14,28.14,28.14,100.0
2026-03-17 13:00:00,28.12,28.12,28.07,28.07,200.0
2026-03-17 13:05:00,28.08,28.08,28.07,28.07,500.0
2026-03-17 13:10:00,28.12,28.12,28.12,28.12,100.0
2026-03-17 13:15:00,28.09,28.09,28.09,28.09,200.0
2026-03-17 13:25:00,28.06,28.07,28.06,28.07,200.0
2026-03-17 13:30:00,28.0,28.0,28.0,28.0,100.0
2026-03-17 13:35:00,28.01,28.01,28.01,28.01,100.0
2026-03-17 13:45:00,28.0,28.0,28.0,28.0,100.0
2026-03-17 14:00:00,27.9101,27.9101,27.9101,27.9101,450.0
2026-03-17 14:05:00,27.88,27.88,27.82,27.82,350.0
2026-03-17 14:10:00,27.81,27.84,27.81,27.84,3498.0
2026-03-17 14:15:00,27.86,27.86,27.86,27.86,100.0
2026-03-17 14:25:00,27.88,27.88,27.88,27.88,200.0
2026-03-17 14:35:00,27.92,27.92,27.92,27.92,100.0
2026-03-17 14:40:00,27.97,27.97,27.97,27.97,100.0
2026-03-17 14:50:00,27.96,27.96,27.96,27.96,100.0
2026-03-17 14:55:00,28.04,28.04,28.04,28.04,200.0
2026-03-17 15:15:00,28.05,28.05,28.045,28.045,1100.0
2026-03-17 15:25:00,28.015,28.015,28.015,28.015,160.0
2026-03-17 15:30:00,27.99,27.99,27.99,27.99,100.0
2026-03-17 15:35:00,27.99,27.99,27.99,27.99,1754.0
2026-03-17 15:40:00,28.0,28.02,27.98,28.02,2355.0
2026-03-17 15:50:00,27.96,28.09,27.9501,27.955,1940.0
2026-03-17 15:55:00,27.98,28.07,27.98,28.02,2347.0
2026-03-17 16:45:00,27.96,27.96,27.96,27.96,500.0
2026-03-17 19:10:00,28.01,28.01,28.01,28.01,200.0
2026-03-17 19:25:00,27.94,27.94,27.91,27.91,4492.0
2026-03-17 19:30:00,27.96,27.96,27.95,27.95,1848.0
2026-03-18 08:00:00,27.51,27.5463,27.51,27.54,610.0
2026-03-18 08:40:00,27.97,27.97,27.97,27.97,114.0
2026-03-18 09:00:00,28.18,28.18,28.14,28.14,2336.0
2026-03-18 09:10:00,28.19,28.19,28.19,28.19,200.0
2026-03-18 09:30:00,28.06,28.06,27.99,27.99,248.0
2026-03-18 09:35:00,28.005,28.0115,28.005,28.0115,308.0
2026-03-18 09:40:00,27.975,28.1038,27.88,28.1038,2318.0
2026-03-18 09:45:00,27.97,27.97,27.8575,27.88,3140.0
2026-03-18 09:50:00,27.86,27.86,27.86,27.86,200.0
2026-03-18 10:00:00,27.85,27.85,27.8212,27.8212,1200.0
2026-03-18 10:10:00,27.9,27.9,27.9,27.9,100.0
2026-03-18 10:15:00,27.9399,27.97,27.875,27.95,1058.0
2026-03-18 10:20:00,27.95,27.95,27.95,27.95,200.0
2026-03-18 10:25:00,28.12,28.12,28.1044,28.1044,404.0
2026-03-18 10:35:00,28.02,28.07,28.02,28.07,200.0
2026-03-18 10:40:00,28.12,28.13,28.06,28.06,400.0
2026-03-18 10:55:00,27.97,27.97,27.97,27.97,250.0
2026-03-18 11:10:00,27.73,27.73,27.72,27.72,200.0
2026-03-18 11:15:00,27.81,27.81,27.81,27.81,100.0
2026-03-18 11:20:00,27.9,27.9,27.9,27.9,500.0
2026-03-18 12:00:00,27.825,27.825,27.825,27.825,1000.0
2026-03-18 12:05:00,27.84,27.84,27.84,27.84,100.0
2026-03-18 12:15:00,27.9,27.9,27.852,27.852,400.0
2026-03-18 12:25:00,27.785,27.785,27.785,27.785,100.0
2026-03-18 12:30:00,27.84,27.9,27.84,27.9,1110.0
2026-03-18 12:45:00,27.96,27.96,27.96,27.96,200.0
2026-03-18 12:50:00,27.96,27.96,27.96,27.96,200.0
2026-03-18 13:00:00,28.03,28.03,28.01,28.01,200.0
2026-03-18 13:05:00,28.04,28.04,27.99,27.99,396.0
2026-03-18 13:10:00,28.06,28.06,28.06,28.06,697.0
2026-03-18 13:35:00,27.85,27.86,27.85,27.86,1255.0
2026-03-18 13:40:00,27.87,27.9,27.8698,27.9,4290.0
2026-03-18 14:00:00,27.7,27.72,27.7,27.72,200.0
2026-03-18 14:10:00,27.768,27.79,27.755,27.79,300.0
2026-03-18 14:15:00,27.83,27.84,27.83,27.84,220.0
2026-03-18 14:20:00,27.94,27.94,27.94,27.94,100.0
2026-03-18 14:25:00,27.9,27.9,27.9,27.9,200.0
2026-03-18 14:30:00,28.01,28.01,28.01,28.01,200.0
2026-03-18 14:35:00,28.02,28.02,27.97,27.99,584.0
2026-03-18 14:55:00,28.24,28.24,28.23,28.23,400.0
2026-03-18 15:00:00,28.24,28.24,28.24,28.24,120.0
2026-03-18 15:05:00,28.065,28.11,28.065,28.11,500.0
2026-03-18 15:10:00,28.21,28.21,28.21,28.21,1000.0
2026-03-18 15:15:00,28.248,28.248,28.248,28.248,300.0
2026-03-18 15:40:00,28.325,28.325,28.325,28.325,100.0
2026-03-18 15:45:00,28.31,28.31,28.31,28.31,100.0
2026-03-18 15:50:00,28.32,28.36,28.31,28.32,1500.0
2026-03-18 15:55:00,28.35,28.49,28.35,28.49,2530.0
2026-03-18 16:00:00,28.48,28.49,28.48,28.48,500.0
2026-03-18 16:40:00,28.65,28.65,28.65,28.65,100.0
2026-03-18 18:35:00,29.05,29.05,29.05,29.05,1000.0
2026-03-18 18:40:00,28.81,28.85,28.79,28.85,1100.0
2026-03-19 07:05:00,28.86,28.87,28.86,28.87,800.0
2026-03-19 08:05:00,29.21,29.21,29.21,29.21,400.0
2026-03-19 08:30:00,29.25,29.25,29.25,29.25,100.0
2026-03-19 08:50:00,29.4,29.4,29.35,29.35,1492.0
2026-03-19 09:15:00,29.43,29.58,29.43,29.58,302.0
2026-03-19 09:30:00,29.88,30.0,29.88,30.0,1824.0
2026-03-19 09:35:00,30.0001,30.0001,29.6999,29.7,989.0
2026-03-19 09:40:00,29.82,29.82,29.7876,29.81,7637.0
2026-03-19 09:45:00,29.725,29.725,29.7,29.7,3160.0
2026-03-19 09:50:00,29.53,29.53,29.4333,29.4333,500.0
2026-03-19 09:55:00,29.38,29.52,29.37,29.37,6604.0
2026-03-19 10:00:00,29.33,29.33,29.285,29.285,500.0
2026-03-19 10:05:00,29.22,29.31,29.17,29.31,1102.0
2026-03-19 10:10:00,29.24,29.24,28.99,29.015,2580.0
2026-03-19 10:20:00,28.99,29.1999,28.99,29.16,950.0
2026-03-19 10:25:00,29.22,29.22,29.205,29.205,600.0
2026-03-19 10:30:00,29.185,29.185,29.185,29.185,100.0
2026-03-19 10:35:00,29.08,29.12,29.08,29.12,800.0
2026-03-19 10:45:00,29.0288,29.0288,29.0288,29.0288,190.0
2026-03-19 10:50:00,28.89,28.935,28.86,28.935,800.0
2026-03-19 10:55:00,28.96,28.9636,28.955,28.955,814.0
2026-03-19 11:00:00,28.9203,28.94,28.9203,28.94,859.0
2026-03-19 11:05:00,28.7268,28.75,28.7268,28.75,600.0
2026-03-19 11:10:00,28.775,28.775,28.775,28.775,100.0
2026-03-19 11:15:00,28.7699,28.78,28.7699,28.78,4099.0
2026-03-19 11:20:00,28.9296,28.9296,28.9296,28.9296,170.0
2026-03-19 11:25:00,28.945,28.985,28.945,28.985,400.0
2026-03-19 11:35:00,29.1399,29.1399,29.1399,29.1399,300.0
2026-03-19 11:40:00,29.0343,29.05,29.0343,29.05,225.0
2026-03-19 12:00:00,28.75,28.75,28.75,28.75,100.0
2026-03-19 12:15:00,28.9,28.9,28.9,28.9,700.0
2026-03-19 12:25:00,28.7767,28.7767,28.7767,28.7767,100.0
2026-03-19 12:30:00,28.765,28.8494,28.765,28.8494,200.0
2026-03-19 12:35:00,28.808,28.808,28.808,28.808,100.0
2026-03-19 12:40:00,28.73,28.73,28.7,28.7,662.0
2026-03-19 12:50:00,28.85,28.85,28.85,28.85,1732.0
2026-03-19 12:55:00,28.8159,28.86,28.8159,28.86,1840.0
2026-03-19 13:00:00,28.825,28.9,28.825,28.885,4533.0
2026-03-19 13:05:00,28.94,28.985,28.94,28.985,300.0
2026-03-19 13:20:00,28.905,28.91,28.905,28.91,300.0
2026-03-19 13:30:00,28.755,28.825,28.74,28.79,5410.0
2026-03-19 13:40:00,28.88,28.88,28.88,28.88,100.0
2026-03-19 13:50:00,28.82,28.82,28.765,28.765,2369.0
2026-03-19 13:55:00,28.788,28.8,28.788,28.7955,6743.0
2026-03-19 14:00:00,28.84,28.85,28.84,28.85,400.0
2026-03-19 14:05:00,28.8092,28.8092,28.8092,28.8092,100.0
2026-03-19 14:10:00,28.76,28.76,28.5706,28.5706,4295.0
2026-03-19 14:15:00,28.5999,28.5999,28.5999,28.5999,1050.0
2026-03-19 14:25:00,28.61,28.61,28.5665,28.5665,400.0
2026-03-19 14:30:00,28.69,28.69,28.68,28.68,200.0
2026-03-19 14:40:00,28.755,28.77,28.755,28.77,1100.0
2026-03-19 14:55:00,28.58,28.595,28.57,28.595,400.0
2026-03-19 15:00:00,28.49,28.49,28.44,28.47,600.0
2026-03-19 15:05:00,28.46,28.46,28.22,28.28,11911.0
2026-03-19 15:10:00,28.21,28.24,28.115,28.24,650.0
2026-03-19 15:15:00,28.16,28.22,28.16,28.16,600.0
2026-03-19 15:20:00,28.26,28.26,28.26,28.26,100.0
2026-03-19 15:25:00,28.3906,28.3906,28.385,28.385,231.0
2026-03-19 15:30:00,28.465,28.49,28.45,28.49,350.0
2026-03-19 15:35:00,28.58,28.58,28.58,28.58,100.0
2026-03-19 15:40:00,28.48,28.55,28.48,28.55,700.0
2026-03-19 15:45:00,28.56,28.56,28.53,28.53,300.0
2026-03-19 15:50:00,28.535,28.64,28.535,28.56,3634.0
2026-03-19 15:55:00,28.498,28.54,28.49,28.54,6857.0
2026-03-19 18:05:00,28.36,28.4,28.36,28.4,451.0
2026-03-20 07:20:00,28.74,28.85,28.74,28.85,225.0
2026-03-20 08:10:00,28.56,28.56,28.56,28.56,100.0
2026-03-20 08:15:00,28.82,28.82,28.82,28.82,400.0
2026-03-20 08:20:00,28.75,28.75,28.75,28.75,400.0
2026-03-20 09:05:00,28.72,28.72,28.72,28.72,200.0
2026-03-20 09:10:00,28.76,28.77,28.76,28.77,300.0
2026-03-20 09:30:00,28.55,28.78,28.55,28.78,5674.0
2026-03-20 09:40:00,28.735,28.7499,28.6,28.6,1469.0
2026-03-20 09:45:00,28.69,28.78,28.69,28.69,2443.0
2026-03-20 09:50:00,28.86,29.017,28.86,28.98,1608.0
2026-03-20 09:55:00,29.115,29.33,29.115,29.28,2714.0
2026-03-20 10:00:00,29.2901,29.2901,29.2017,29.21,17604.0
2026-03-20 10:05:00,29.2,29.35,29.2,29.35,11707.0
2026-03-20 10:15:00,29.4,29.4,29.4,29.4,212.0
2026-03-20 10:20:00,29.37,29.53,29.37,29.49,11232.0
2026-03-20 10:25:00,29.4706,29.58,29.4706,29.58,2598.0
2026-03-20 10:30:00,29.43,29.45,29.4,29.4,1058.0
2026-03-20 10:35:00,29.28,29.46,29.28,29.43,1896.0
2026-03-20 10:40:00,29.44,29.45,29.44,29.4433,467.0
2026-03-20 10:50:00,29.68,29.685,29.66,29.685,995.0
2026-03-20 10:55:00,29.65,29.65,29.55,29.576,1030.0
2026-03-20 11:00:00,29.35,29.35,29.35,29.35,234.0
2026-03-20 11:05:00,29.545,29.6,29.53,29.6,16400.0
2026-03-20 11:10:00,29.445,29.445,29.445,29.445,234.0
2026-03-20 11:15:00,29.37,29.43,29.37,29.43,2364.0
2026-03-20 11:20:00,29.415,29.415,29.415,29.415,100.0
2026-03-20 11:35:00,29.3901,29.3901,29.3901,29.3901,100.0
2026-03-20 11:45:00,29.46,29.46,29.46,29.46,510.0
2026-03-20 11:55:00,29.34,29.34,29.325,29.325,308.0
2026-03-20 12:00:00,29.31,29.31,29.23,29.23,3254.0
2026-03-20 12:05:00,29.2893,29.2893,29.2893,29.2893,105.0
2026-03-20 12:15:00,29.2201,29.265,29.2201,29.265,992.0
2026-03-20 12:20:00,29.21,29.23,29.21,29.23,221.0
2026-03-20 12:35:00,29.4563,29.4563,29.4299,29.4299,277.0
2026-03-20 12:40:00,29.415,29.415,29.415,29.415,200.0
2026-03-20 12:50:00,29.47,29.47,29.4635,29.4635,291.0
2026-03-20 12:55:00,29.42,29.42,29.42,29.42,113.0
2026-03-20 13:05:00,29.44,29.49,29.44,29.49,700.0
2026-03-20 13:10:00,29.5299,29.57,29.5299,29.57,600.0
2026-03-20 13:15:00,29.55,29.63,29.55,29.63,2404.0
2026-03-20 13:20:00,29.6,29.6,29.6,29.6,940.0
2026-03-20 13:25:00,29.66,29.66,29.66,29.66,100.0
2026-03-20 13:30:00,29.71,29.745,29.71,29.745,300.0
2026-03-20 13:35:00,29.84,29.8459,29.84,29.8459,381.0
2026-03-20 13:40:00,29.825,29.83,29.825,29.83,400.0
2026-03-20 13:45:00,29.83,29.83,29.83,29.83,100.0
2026-03-20 13:50:00,29.8321,29.8321,29.8321,29.8321,5600.0
2026-03-20 14:00:00,29.8,29.8085,29.8,29.8085,200.0
2026-03-20 14:05:00,29.861,29.88,29.8,29.8248,11686.0
2026-03-20 14:10:00,29.88,29.88,29.81,29.8542,3325.0
2026-03-20 14:15:00,29.875,29.8999,29.85,29.88,1667.0
2026-03-20 14:20:00,29.9195,30.06,29.9195,30.06,536.0
2026-03-20 14:25:00,29.98,30.0,29.975,29.975,1666.0
2026-03-20 14:30:00,29.95,30.065,29.95,30.065,1356.0
2026-03-20 14:35:00,30.1,30.1,30.08,30.08,925.0
2026-03-20 14:40:00,30.1699,30.1699,30.15,30.15,200.0
2026-03-20 14:45:00,30.13,30.22,30.13,30.185,2117.0
2026-03-20 14:50:00,30.16,30.16,30.15,30.15,3000.0
2026-03-20 14:55:00,30.183,30.21,30.17,30.203,605.0
2026-03-20 15:00:00,30.16,30.16,30.16,30.16,200.0
2026-03-20 15:05:00,30.2,30.3,30.2,30.21,2434.0
2026-03-20 15:10:00,30.3,30.3,30.27,30.27,1041.0
2026-03-20 15:15:00,30.22,30.22,30.21,30.21,1100.0
2026-03-20 15:20:00,30.28,30.3,30.24,30.3,1652.0
2026-03-20 15:25:00,30.36,30.45,30.35,30.45,900.0
2026-03-20 15:30:00,30.41,30.43,30.38,30.4001,1352.0
2026-03-20 15:35:00,30.5,30.5,30.49,30.49,799.0
2026-03-20 15:40:00,30.46,30.46,30.27,30.285,700.0
2026-03-20 15:45:00,30.295,30.33,30.23,30.31,5194.0
2026-03-20 15:50:00,30.3,30.41,30.29,30.3,2548.0
2026-03-20 15:55:00,30.29,30.32,30.16,30.16,4868.0
2026-03-20 16:00:00,29.6,29.8,29.6,29.8,300.0
2026-03-20 16:05:00,30.05,30.09,30.05,30.09,498.0
2026-03-20 16:10:00,30.0,30.01,30.0,30.01,208.0
2026-03-20 17:30:00,28.75,28.75,28.75,28.75,100.0
2026-03-20 17:45:00,29.55,29.55,29.55,29.55,253.0
2026-03-20 18:25:00,29.55,29.55,29.55,29.55,100.0
2026-03-23 07:00:00,30.93,30.95,30.93,30.95,400.0
2026-03-23 07:05:00,30.63,31.06,30.16,30.16,4697.0
2026-03-23 07:10:00,29.091,29.091,28.56,28.56,1200.0
2026-03-23 07:15:00,28.74,28.74,28.74,28.74,400.0
2026-03-23 07:20:00,28.78,28.85,28.71,28.85,4300.0
2026-03-23 07:25:00,28.72,28.93,28.72,28.85,1400.0
2026-03-23 07:35:00,28.58,28.58,28.57,28.58,600.0
2026-03-23 07:40:00,28.75,28.75,28.69,28.69,500.0
2026-03-23 08:00:00,29.09,29.09,29.09,29.09,1000.0
2026-03-23 08:05:00,29.04,29.04,29.04,29.04,400.0
2026-03-23 08:10:00,29.19,29.21,29.19,29.21,200.0
2026-03-23 08:20:00,28.91,28.92,28.91,28.92,2100.0
2026-03-23 08:30:00,28.94,28.95,28.94,28.95,1700.0
2026-03-23 08:40:00,28.86,28.86,28.86,28.86,100.0
2026-03-23 09:00:00,28.41,28.41,28.41,28.41,130.0
2026-03-23 09:05:00,28.65,28.65,28.65,28.65,100.0
2026-03-23 09:20:00,28.76,28.76,28.76,28.76,200.0
2026-03-23 09:25:00,28.71,28.71,28.71,28.71,100.0
2026-03-23 09:30:00,28.94,29.0,28.56,28.6401,2064.0
2026-03-23 09:35:00,28.84,28.8502,28.7,28.705,1848.0
2026-03-23 09:40:00,28.6768,28.77,28.6,28.715,670.0
2026-03-23 09:45:00,28.6,28.6,28.38,28.38,1800.0
2026-03-23 10:00:00,28.33,28.55,28.33,28.55,2250.0
2026-03-23 10:05:00,28.5209,28.5349,28.52,28.5349,15300.0
2026-03-23 10:15:00,28.39,28.39,28.29,28.29,675.0
2026-03-23 10:20:00,28.22,28.24,28.18,28.18,11941.0
2026-03-23 10:25:00,28.175,28.2282,28.175,28.18,319.0
2026-03-23 10:30:00,28.24,28.24,28.16,28.2,3528.0
2026-03-23 10:35:00,28.25,28.28,28.2,28.28,2060.0
2026-03-23 10:40:00,28.27,28.31,28.27,28.31,1831.0
2026-03-23 10:45:00,28.34,28.34,28.25,28.34,2200.0
2026-03-23 10:50:00,28.38,28.39,28.3,28.3,901.0
2026-03-23 10:55:00,28.31,28.37,28.3,28.3,800.0
2026-03-23 11:00:00,28.32,28.32,28.14,28.14,1248.0
2026-03-23 11:05:00,28.165,28.2,28.15,28.16,854.0
2026-03-23 11:10:00,28.16,28.1829,28.15,28.1802,1720.0
2026-03-23 11:15:00,28.245,28.245,28.245,28.245,100.0
2026-03-23 11:20:00,28.4,28.4,28.34,28.36,1096.0
2026-03-23 11:25:00,28.42,28.49,28.42,28.4518,1843.0
2026-03-23 11:30:00,28.39,28.51,28.39,28.51,682.0
2026-03-23 11:35:00,28.7,28.7664,28.7,28.74,800.0
2026-03-23 11:40:00,28.7865,28.7865,28.76,28.76,200.0
2026-03-23 11:45:00,28.79,28.94,28.79,28.91,1969.0
2026-03-23 11:50:00,28.93,29.18,28.93,29.08,1129.0
2026-03-23 11:55:00,29.19,29.4,29.16,29.4,3898.0
2026-03-23 12:00:00,29.36,29.39,29.25,29.39,5977.0
2026-03-23 12:05:00,29.36,29.36,29.17,29.17,2687.0
2026-03-23 12:10:00,29.22,29.22,29.1,29.17,3905.0
2026-03-23 12:15:00,29.15,29.29,29.15,29.28,2271.0
2026-03-23 12:20:00,29.28,29.35,29.27,29.27,2185.0
2026-03-23 12:25:00,29.39,29.39,29.34,29.39,2519.0
2026-03-23 12:30:00,29.49,29.49,29.34,29.34,3296.0
2026-03-23 12:35:00,29.28,29.2833,29.18,29.2833,2314.0
2026-03-23 12:40:00,29.21,29.24,29.2,29.22,3381.0
2026-03-23 12:45:00,29.12,29.19,29.12,29.19,310.0
2026-03-23 12:50:00,29.12,29.24,29.12,29.24,749.0
2026-03-23 12:55:00,29.24,29.295,29.24,29.28,878.0
2026-03-23 13:00:00,29.25,29.37,29.25,29.35,2405.0
2026-03-23 13:05:00,29.33,29.35,29.25,29.25,1103.0
2026-03-23 13:10:00,29.28,29.28,29.28,29.28,342.0
2026-03-23 13:15:00,29.33,29.33,29.33,29.33,100.0
2026-03-23 13:25:00,29.36,29.36,29.29,29.29,618.0
2026-03-23 13:30:00,29.29,29.29,29.13,29.22,4773.0
2026-03-23 13:35:00,29.08,29.09,29.05,29.075,908.0
2026-03-23 13:40:00,29.11,29.11,29.11,29.11,500.0
2026-03-23 13:45:00,29.15,29.21,29.15,29.21,307.0
2026-03-23 13:50:00,29.19,29.19,29.15,29.15,4125.0
2026-03-23 13:55:00,29.16,29.16,29.06,29.06,1100.0
2026-03-23 14:00:00,29.04,29.04,28.93,28.93,1703.0
2026-03-23 14:05:00,28.935,29.11,28.935,29.11,5118.0
2026-03-23 14:10:00,28.98,29.0,28.94,28.94,608.0
2026-03-23 14:15:00,29.0,29.07,28.98,29.06,3306.0
2026-03-23 14:20:00,29.04,29.04,29.01,29.02,1101.0
2026-03-23 14:25:00,29.01,29.05,28.98,29.04,1497.0
2026-03-23 14:30:00,29.04,29.04,28.98,28.99,1805.0
2026-03-23 14:35:00,28.79,28.88,28.79,28.83,2682.0
2026-03-23 14:40:00,28.82,28.88,28.81,28.85,706.0
2026-03-23 14:45:00,28.83,28.83,28.79,28.8,3235.0
2026-03-23 14:50:00,28.8,28.86,28.8,28.84,1958.0
2026-03-23 14:55:00,28.84,28.85,28.82,28.82,900.0
2026-03-23 15:00:00,28.84,28.89,28.84,28.86,1218.0
2026-03-23 15:05:00,28.9,28.9,28.76,28.76,3127.0
2026-03-23 15:10:00,28.85,28.85,28.84,28.84,800.0
2026-03-23 15:15:00,28.85,28.93,28.83,28.92,1614.0
2026-03-23 15:20:00,28.9,28.9,28.9,28.9,349.0
2026-03-23 15:25:00,28.86,28.86,28.86,28.86,400.0
2026-03-23 15:30:00,28.88,28.88,28.88,28.88,134.0
2026-03-23 15:40:00,28.93,28.93,28.93,28.93,200.0
2026-03-23 15:45:00,28.88,28.88,28.84,28.84,200.0
2026-03-23 15:50:00,28.91,29.09,28.9,29.05,2158.0
2026-03-23 15:55:00,29.06,29.23,29.06,29.23,5930.0
2026-03-23 16:00:00,29.21,29.21,29.21,29.21,150.0
2026-03-23 16:20:00,29.17,29.17,29.17,29.17,500.0
2026-03-23 17:50:00,29.1988,29.1988,29.1988,29.1988,100.0
2026-03-23 18:00:00,29.2,29.21,29.2,29.21,500.0
2026-03-23 18:05:00,29.16,29.16,29.16,29.16,800.0
2026-03-23 19:30:00,29.06,29.06,29.06,29.06,400.0
2026-03-24 07:00:00,29.24,29.24,29.24,29.24,100.0
2026-03-24 07:50:00,29.2,29.3,29.19,29.3,1140.0
2026-03-24 08:15:00,29.4,29.4,29.4,29.4,145.0
2026-03-24 09:05:00,29.69,29.79,29.69,29.79,2009.0
2026-03-24 09:20:00,29.81,29.82,29.81,29.82,800.0
2026-03-24 09:30:00,29.57,29.57,29.21,29.33,1277.0
2026-03-24 09:35:00,29.29,29.42,29.29,29.42,670.0
2026-03-24 09:40:00,29.49,29.7637,29.49,29.72,2690.0
2026-03-24 09:45:00,29.5709,29.6256,29.5709,29.6035,305.0
2026-03-24 09:50:00,29.78,29.81,29.6425,29.709,805.0
2026-03-24 09:55:00,29.5,29.55,29.5,29.55,524.0
2026-03-24 10:00:00,29.43,29.4701,29.43,29.4701,1109.0
2026-03-24 10:05:00,29.515,29.54,29.515,29.525,606.0
2026-03-24 10:10:00,29.435,29.65,29.435,29.61,1850.0
2026-03-24 10:15:00,29.55,29.56,29.505,29.505,1020.0
2026-03-24 10:25:00,29.705,29.705,29.68,29.69,900.0
2026-03-24 10:30:00,29.66,29.68,29.54,29.54,4121.0
2026-03-24 10:35:00,29.54,29.67,29.51,29.63,4110.0
2026-03-24 10:40:00,29.58,29.59,29.51,29.51,1128.0
2026-03-24 10:45:00,29.56,29.56,29.42,29.5,2555.0
2026-03-24 10:50:00,29.58,29.58,29.17,29.21,3743.0
2026-03-24 10:55:00,29.32,29.59,29.2,29.4,3000.0
2026-03-24 11:00:00,29.23,29.32,29.22,29.26,10452.0
2026-03-24 11:05:00,29.27,29.27,29.17,29.19,4790.0
2026-03-24 11:10:00,29.22,29.22,29.22,29.22,200.0
2026-03-24 11:15:00,29.0,29.02,28.97,28.97,1840.0
2026-03-24 11:20:00,29.01,29.04,28.92,28.92,1550.0
2026-03-24 11:25:00,28.82,29.02,28.82,29.02,2820.0
2026-03-24 11:30:00,28.97,29.06,28.96,29.06,5305.0
2026-03-24 11:35:00,29.0,29.0,29.0,29.0,100.0
2026-03-24 11:40:00,28.94,28.99,28.94,28.99,1760.0
2026-03-24 11:45:00,29.04,29.05,29.02,29.02,1849.0
2026-03-24 11:50:00,28.95,28.95,28.95,28.95,100.0
2026-03-24 11:55:00,29.01,29.1,29.01,29.07,966.0
2026-03-24 12:00:00,29.1,29.17,29.06,29.17,1693.0
2026-03-24 12:05:00,29.15,29.23,29.15,29.18,1400.0
2026-03-24 12:10:00,29.18,29.21,29.17,29.17,4268.0
2026-03-24 12:15:00,29.18,29.19,29.1,29.11,1475.0
2026-03-24 12:20:00,29.1,29.1,29.06,29.07,1000.0
2026-03-24 12:25:00,29.07,29.14,29.07,29.14,1100.0
2026-03-24 12:30:00,29.18,29.21,29.13,29.21,1300.0
2026-03-24 12:35:00,29.22,29.33,29.22,29.33,1281.0
2026-03-24 12:40:00,29.31,29.31,29.3,29.3,735.0
2026-03-24 12:45:00,29.19,29.19,29.14,29.19,623.0
2026-03-24 12:50:00,29.17,29.17,29.1,29.15,1300.0
2026-03-24 12:55:00,29.24,29.26,29.19,29.26,2432.0
2026-03-24 13:00:00,29.205,29.36,29.19,29.36,1110.0
2026-03-24 13:05:00,29.39,29.45,29.35,29.43,2240.0
2026-03-24 13:10:00,29.47,29.5,29.41,29.5,2145.0
2026-03-24 13:15:00,29.46,29.52,29.46,29.52,1977.0
2026-03-24 13:20:00,29.49,29.49,29.44,29.45,3050.0
2026-03-24 13:25:00,29.46,29.47,29.375,29.38,2295.0
2026-03-24 13:30:00,29.38,29.455,29.33,29.44,1533.0
2026-03-24 13:35:00,29.44,29.46,29.41,29.41,300.0
2026-03-24 13:40:00,29.37,29.47,29.37,29.45,720.0
2026-03-24 13:45:00,29.43,29.43,29.39,29.39,600.0
2026-03-24 13:50:00,29.4,29.4,29.29,29.34,2885.0
2026-03-24 13:55:00,29.22,29.2799,29.19,29.2,2491.0
2026-03-24 14:00:00,29.16,29.18,29.11,29.11,2202.0
2026-03-24 14:10:00,29.19,29.19,29.14,29.18,1224.0
2026-03-24 14:15:00,29.18,29.2636,29.18,29.2,3003.0
2026-03-24 14:20:00,29.16,29.16,29.16,29.16,483.0
2026-03-24 14:25:00,29.12,29.12,29.085,29.085,1754.0
2026-03-24 14:30:00,29.11,29.11,28.99,29.0,1411.0
2026-03-24 14:35:00,28.97,28.97,28.85,28.85,566.0
2026-03-24 14:40:00,28.85,28.985,28.85,28.97,4145.0
2026-03-24 14:45:00,28.97,29.005,28.97,29.0,420.0
2026-03-24 14:50:00,28.98,29.0094,28.98,29.0094,600.0
2026-03-24 14:55:00,29.09,29.09,29.09,29.09,100.0
2026-03-24 15:00:00,29.05,29.05,29.01,29.03,1918.0
2026-03-24 15:05:00,29.02,29.02,29.02,29.02,530.0
2026-03-24 15:10:00,29.02,29.02,28.965,28.965,500.0
2026-03-24 15:15:00,28.99,28.99,28.925,28.93,2165.0
2026-03-24 15:20:00,28.98,29.01,28.97,28.98,1245.0
2026-03-24 15:25:00,28.98,28.99,28.98,28.99,760.0
2026-03-24 15:30:00,29.07,29.07,29.0,29.02,300.0
2026-03-24 15:35:00,29.11,29.11,29.07,29.105,654.0
2026-03-24 15:40:00,29.14,29.14,29.14,29.14,180.0
2026-03-24 15:45:00,29.2,29.2,29.2,29.2,136.0
2026-03-24 15:50:00,29.17,29.2,29.15,29.2,3806.0
2026-03-24 15:55:00,29.19,29.23,29.16,29.17,4607.0
2026-03-24 16:00:00,29.19,29.2,29.19,29.19,500.0
2026-03-24 16:25:00,27.7955,27.7955,27.7955,27.7955,355.0
2026-03-24 16:30:00,27.7,27.7,27.7,27.7,1488.0
2026-03-24 18:05:00,28.51,28.51,28.51,28.51,1100.0
2026-03-24 19:05:00,28.53,28.53,28.53,28.53,200.0
2026-03-24 19:10:00,28.55,28.55,28.55,28.55,900.0
2026-03-24 19:15:00,28.55,28.55,28.55,28.55,100.0
2026-03-24 19:40:00,28.54,28.56,28.54,28.56,1114.0
2026-03-25 05:40:00,27.96,27.96,27.96,27.96,200.0
2026-03-25 05:45:00,27.96,27.96,27.96,27.96,400.0
2026-03-25 07:10:00,28.12,28.12,28.12,28.12,100.0
2026-03-25 07:25:00,28.1,28.1,28.1,28.1,100.0
2026-03-25 07:45:00,28.07,28.19,28.07,28.19,3029.0
2026-03-25 08:00:00,28.12,28.12,27.84,27.84,325.0
2026-03-25 08:15:00,28.05,28.26,28.05,28.26,3000.0
2026-03-25 08:20:00,28.32,28.34,28.32,28.34,1600.0
2026-03-25 08:50:00,28.39,28.39,28.39,28.39,100.0
2026-03-25 09:00:00,28.43,28.44,28.43,28.44,200.0
2026-03-25 09:10:00,28.4,28.4,28.4,28.4,200.0
2026-03-25 09:20:00,28.41,28.41,28.4,28.4,2282.0
2026-03-25 09:25:00,28.38,28.4,28.38,28.4,500.0
2026-03-25 09:30:00,28.62,28.62,28.34,28.465,2570.0
2026-03-25 09:35:00,28.35,28.35,28.13,28.17,1134.0
2026-03-25 09:40:00,28.085,28.085,28.02,28.02,200.0
2026-03-25 09:45:00,28.17,28.25,28.16,28.23,1400.0
2026-03-25 09:50:00,28.38,28.41,28.37,28.41,750.0
2026-03-25 09:55:00,28.44,28.44,28.44,28.44,300.0
2026-03-25 10:00:00,28.58,28.6099,28.22,28.22,5094.0
2026-03-25 10:05:00,28.07,28.07,28.07,28.07,100.0
2026-03-25 10:10:00,28.1,28.1,28.03,28.03,1239.0
2026-03-25 10:15:00,27.97,27.97,27.97,27.97,1072.0
2026-03-25 10:20:00,27.77,27.79,27.73,27.765,541.0
2026-03-25 10:25:00,27.82,27.84,27.71,27.84,3800.0
2026-03-25 10:40:00,27.86,27.86,27.75,27.75,2270.0
2026-03-25 10:50:00,27.65,27.71,27.63,27.71,1238.0
2026-03-25 10:55:00,27.745,27.82,27.745,27.82,1000.0
2026-03-25 11:00:00,27.875,27.875,27.875,27.875,100.0
2026-03-25 11:05:00,28.02,28.02,28.02,28.02,6552.0
2026-03-25 11:10:00,27.99,28.045,27.98,28.045,800.0
2026-03-25 11:15:00,27.98,28.2736,27.98,28.17,5000.0
2026-03-25 11:20:00,28.17,28.17,27.98,27.98,1084.0
2026-03-25 11:55:00,28.15,28.15,28.1,28.1,400.0
2026-03-25 12:00:00,28.13,28.17,28.13,28.17,340.0
2026-03-25 12:05:00,28.2913,28.2913,28.24,28.24,600.0
2026-03-25 12:15:00,28.265,28.265,28.255,28.255,463.0
2026-03-25 12:20:00,28.1703,28.1703,28.11,28.11,685.0
2026-03-25 12:25:00,28.11,28.14,28.11,28.14,296.0
2026-03-25 12:30:00,28.14,28.14,28.14,28.14,100.0
2026-03-25 12:40:00,28.13,28.13,28.13,28.13,489.0
2026-03-25 12:50:00,28.02,28.02,28.02,28.02,100.0
2026-03-25 12:55:00,28.025,28.025,28.025,28.025,100.0
2026-03-25 13:00:00,28.1,28.15,28.1,28.15,600.0
2026-03-25 13:10:00,28.24,28.24,28.24,28.24,100.0
2026-03-25 13:15:00,28.19,28.21,28.19,28.21,253.0
2026-03-25 13:40:00,28.0,28.0,28.0,28.0,800.0
2026-03-25 13:45:00,28.04,28.11,28.04,28.11,547.0
2026-03-25 14:15:00,28.06,28.06,28.01,28.02,664.0
2026-03-25 14:20:00,27.99,27.99,27.99,27.99,218.0
2026-03-25 14:45:00,28.17,28.17,28.17,28.17,100.0
2026-03-25 14:50:00,28.2242,28.2242,28.2242,28.2242,199.0
2026-03-25 14:55:00,28.24,28.37,28.24,28.34,600.0
2026-03-25 15:15:00,28.26,28.31,28.25,28.27,9788.0
2026-03-25 15:20:00,28.26,28.26,28.26,28.26,100.0
2026-03-25 15:25:00,28.32,28.32,28.32,28.32,100.0
2026-03-25 15:35:00,28.4,28.4,28.4,28.4,100.0
2026-03-25 15:45:00,28.328,28.328,28.328,28.328,117.0
2026-03-25 15:50:00,28.29,28.29,28.21,28.22,705.0
2026-03-25 15:55:00,28.18,28.24,28.17,28.22,1300.0
2026-03-25 16:00:00,28.21,28.21,28.2,28.2,200.0
2026-03-25 16:25:00,28.2,28.2,28.2,28.2,300.0
2026-03-26 07:30:00,28.97,28.97,28.96,28.96,1062.0
2026-03-26 07:40:00,28.95,29.01,28.95,29.01,1889.0
2026-03-26 07:45:00,29.0,29.06,29.0,29.04,2231.0
2026-03-26 07:50:00,29.02,29.02,29.02,29.02,192.0
2026-03-26 07:55:00,29.01,29.07,29.01,29.07,661.0
2026-03-26 08:10:00,29.01,29.01,29.01,29.01,100.0
2026-03-26 08:15:00,29.01,29.01,29.01,29.01,100.0
2026-03-26 08:30:00,29.01,29.05,29.01,29.05,425.0
2026-03-26 08:35:00,29.1,29.1,29.1,29.1,500.0
2026-03-26 09:25:00,29.01,29.1,29.01,29.1,325.0
2026-03-26 09:30:00,29.33,29.33,29.15,29.15,653.0
2026-03-26 09:35:00,29.165,29.165,29.165,29.165,500.0
2026-03-26 09:40:00,29.345,29.5,29.235,29.235,2262.0
2026-03-26 09:45:00,29.24,29.29,29.24,29.29,1485.0
2026-03-26 09:50:00,29.31,29.31,29.27,29.28,3240.0
2026-03-26 09:55:00,29.33,29.53,29.31,29.53,1599.0
2026-03-26 10:00:00,29.38,29.38,29.37,29.37,400.0
2026-03-26 10:05:00,29.36,29.37,29.29,29.37,1000.0
2026-03-26 10:10:00,29.58,29.58,29.58,29.58,200.0
2026-03-26 10:20:00,29.475,29.475,29.475,29.475,100.0
2026-03-26 10:25:00,29.46,29.58,29.46,29.58,300.0
2026-03-26 10:30:00,29.56,29.5772,29.56,29.5702,590.0
2026-03-26 10:35:00,29.6,29.6,29.57,29.58,450.0
2026-03-26 10:40:00,29.69,29.8596,29.655,29.8596,700.0
2026-03-26 10:45:00,29.99,29.99,29.98,29.98,600.0
2026-03-26 10:50:00,29.947,29.9504,29.925,29.9504,1355.0
2026-03-26 10:55:00,30.17,30.17,29.94,29.99,1414.0
2026-03-26 11:00:00,29.9001,29.9301,29.8826,29.92,2020.0
2026-03-26 11:05:00,29.89,29.89,29.8825,29.8825,750.0
2026-03-26 11:10:00,29.87,29.8706,29.86,29.86,1000.0
2026-03-26 11:15:00,29.8905,29.9495,29.8905,29.94,2627.0
2026-03-26 11:20:00,29.9,29.9,29.82,29.85,935.0
2026-03-26 11:25:00,29.85,29.8999,29.81,29.81,311.0
2026-03-26 11:30:00,29.95,29.95,29.91,29.91,347.0
2026-03-26 11:35:00,29.905,29.905,29.89,29.89,300.0
2026-03-26 11:45:00,29.68,29.68,29.64,29.64,470.0
2026-03-26 11:50:00,29.65,29.65,29.65,29.65,150.0
2026-03-26 11:55:00,29.6693,29.6693,29.64,29.66,350.0
2026-03-26 12:00:00,29.655,29.655,29.655,29.655,100.0
2026-03-26 12:05:00,29.685,29.685,29.685,29.685,110.0
2026-03-26 12:10:00,29.66,29.66,29.66,29.66,100.0
2026-03-26 12:15:00,29.86,29.86,29.82,29.82,600.0
2026-03-26 12:20:00,29.7799,29.7799,29.7799,29.7799,934.0
2026-03-26 12:25:00,29.8458,29.8458,29.8458,29.8458,167.0
2026-03-26 12:30:00,30.045,30.045,29.99,29.99,299.0
2026-03-26 12:35:00,29.9575,29.9575,29.9575,29.9575,300.0
2026-03-26 12:50:00,30.09,30.0999,30.07,30.07,5250.0
2026-03-26 12:55:00,30.0599,30.1,30.0599,30.1,400.0
2026-03-26 13:00:00,30.05,30.07,30.05,30.07,700.0
2026-03-26 13:05:00,30.12,30.12,30.11,30.11,20547.0
2026-03-26 13:10:00,30.06,30.06,30.04,30.04,400.0
2026-03-26 13:20:00,30.15,30.15,30.15,30.15,100.0
2026-03-26 13:25:00,30.21,30.21,30.165,30.165,8781.0
2026-03-26 13:30:00,30.16,30.16,30.09,30.09,400.0
2026-03-26 13:35:00,30.0999,30.16,30.0999,30.16,600.0
2026-03-26 13:40:00,30.2,30.23,30.2,30.23,1500.0
2026-03-26 13:45:00,30.31,30.34,30.31,30.325,5400.0
2026-03-26 13:50:00,30.42,30.42,30.42,30.42,100.0
2026-03-26 13:55:00,30.5,30.51,30.49,30.51,1131.0
2026-03-26 14:00:00,30.4799,30.51,30.4599,30.51,6229.0
2026-03-26 14:05:00,30.54,30.54,30.47,30.47,407.0
2026-03-26 14:10:00,30.437,30.437,30.437,30.437,100.0
2026-03-26 14:15:00,30.525,30.525,30.4997,30.4997,400.0
2026-03-26 14:20:00,30.46,30.46,30.46,30.46,204.0
2026-03-26 14:30:00,30.48,30.48,30.48,30.48,100.0
2026-03-26 14:35:00,30.5399,30.5399,30.5399,30.5399,4995.0
2026-03-26 14:40:00,30.48,30.54,30.48,30.54,400.0
2026-03-26 14:45:00,30.51,30.51,30.5,30.51,731.0
2026-03-26 14:50:00,30.39,30.39,30.39,30.39,300.0
2026-03-26 14:55:00,30.41,30.41,30.41,30.41,300.0
2026-03-26 15:05:00,30.54,30.595,30.54,30.595,550.0
2026-03-26 15:10:00,30.64,30.66,30.62,30.62,515.0
2026-03-26 15:15:00,30.5,30.5,30.5,30.5,446.0
2026-03-26 15:20:00,30.54,30.54,30.5099,30.52,1100.0
2026-03-26 15:25:00,30.54,30.54,30.53,30.53,1100.0
2026-03-26 15:30:00,30.53,30.63,30.53,30.62,2835.0
2026-03-26 15:35:00,30.54,30.545,30.54,30.545,340.0
2026-03-26 15:45:00,30.6499,30.69,30.615,30.615,6382.0
2026-03-26 15:50:00,30.65,30.74,30.6202,30.72,5103.0
2026-03-26 15:55:00,30.75,30.805,30.5,30.5,4714.0
2026-03-26 16:00:00,30.8,30.8,30.77,30.79,1289.0
2026-03-26 16:10:00,30.63,30.63,30.27,30.28,3150.0
2026-03-26 16:15:00,30.3034,30.48,30.3034,30.48,1233.0
2026-03-26 16:55:00,30.47,30.47,30.47,30.47,200.0
2026-03-26 18:20:00,30.7367,30.77,30.72,30.7695,500.0
2026-03-26 19:00:00,30.78,30.7896,30.78,30.7896,1100.0
2026-03-26 19:30:00,30.5,30.5,30.5,30.5,182.0
2026-03-26 19:40:00,30.39,30.39,30.39,30.39,250.0
2026-03-26 19:45:00,30.38,30.38,30.38,30.38,100.0
2026-03-27 07:05:00,31.3,31.35,31.29,31.34,4200.0
2026-03-27 07:55:00,31.05,31.05,31.0,31.0,318.0
2026-03-27 08:00:00,31.29,31.29,31.29,31.29,260.0
2026-03-27 08:10:00,31.15,31.15,31.04,31.04,450.0
2026-03-27 08:30:00,31.28,31.28,31.28,31.28,100.0
2026-03-27 08:40:00,31.1,31.1,31.1,31.1,100.0
2026-03-27 08:45:00,31.1,31.23,31.1,31.23,300.0
2026-03-27 09:00:00,31.23,31.27,31.23,31.27,600.0
2026-03-27 09:15:00,31.25,31.25,31.25,31.25,200.0
2026-03-27 09:20:00,31.25,31.25,31.25,31.25,2000.0
2026-03-27 09:30:00,31.04,31.2692,31.0,31.2692,4285.0
2026-03-27 09:35:00,31.42,31.42,31.02,31.02,1733.0
2026-03-27 09:40:00,30.905,31.08,30.885,31.0401,1024.0
2026-03-27 09:45:00,30.96,30.96,30.96,30.96,272.0
2026-03-27 09:50:00,31.0545,31.4799,31.0545,31.4799,2100.0
2026-03-27 09:55:00,31.59,31.8,31.59,31.75,11622.0
2026-03-27 10:00:00,31.65,31.65,31.5301,31.55,7025.0
2026-03-27 10:05:00,31.445,31.57,31.445,31.56,1903.0
2026-03-27 10:10:00,31.47,31.47,31.36,31.36,500.0
2026-03-27 10:20:00,31.4,31.64,31.4,31.64,2365.0
2026-03-27 10:25:00,31.56,31.789,31.56,31.765,3033.0
2026-03-27 10:30:00,31.6801,31.75,31.6801,31.71,1184.0
2026-03-27 10:35:00,31.6701,31.87,31.6701,31.85,1100.0
2026-03-27 10:40:00,31.83,31.83,31.8235,31.8235,475.0
2026-03-27 10:45:00,31.6516,31.6516,31.65,31.65,700.0
2026-03-27 10:50:00,31.53,31.63,31.5201,31.63,1450.0
2026-03-27 10:55:00,31.57,31.57,31.57,31.57,170.0
2026-03-27 11:00:00,31.53,31.53,31.4816,31.4816,407.0
2026-03-27 11:05:00,31.46,31.46,31.4501,31.4501,12188.0
2026-03-27 11:10:00,31.535,31.535,31.455,31.5,1411.0
2026-03-27 11:15:00,31.66,31.66,31.66,31.66,100.0
2026-03-27 11:20:00,31.5607,31.5607,31.32,31.43,700.0
2026-03-27 11:25:00,31.5,31.5,31.41,31.41,403.0
2026-03-27 11:30:00,31.1335,31.1335,31.12,31.12,290.0
2026-03-27 11:35:00,31.18,31.275,31.18,31.275,6141.0
2026-03-27 11:40:00,31.31,31.31,31.31,31.31,100.0
2026-03-27 11:45:00,31.24,31.24,31.24,31.24,100.0
2026-03-27 11:50:00,31.25,31.25,31.25,31.25,500.0
2026-03-27 11:55:00,31.23,31.23,31.23,31.23,140.0
2026-03-27 12:00:00,31.245,31.34,31.245,31.27,1613.0
2026-03-27 12:05:00,31.305,31.3374,31.305,31.3374,333.0
2026-03-27 12:20:00,31.4699,31.4699,31.4699,31.4699,100.0
2026-03-27 12:25:00,31.52,31.52,31.52,31.52,1000.0
2026-03-27 12:30:00,31.56,31.63,31.56,31.5942,448.0
2026-03-27 12:35:00,31.67,31.67,31.67,31.67,600.0
2026-03-27 12:40:00,31.6895,31.6895,31.57,31.57,300.0
2026-03-27 12:45:00,31.53,31.53,31.48,31.48,200.0
2026-03-27 13:05:00,31.57,31.57,31.48,31.4999,1800.0
2026-03-27 13:10:00,31.53,31.56,31.53,31.56,200.0
2026-03-27 13:15:00,31.6,31.7,31.6,31.68,5580.0
2026-03-27 13:20:00,31.69,31.79,31.69,31.75,6418.0
2026-03-27 13:25:00,31.7527,31.9302,31.7527,31.9258,3421.0
2026-03-27 13:30:00,31.91,31.91,31.875,31.875,300.0
2026-03-27 13:35:00,31.845,31.845,31.845,31.845,1105.0
2026-03-27 13:40:00,31.9092,31.9092,31.885,31.885,1100.0
2026-03-27 13:45:00,31.92,31.92,31.92,31.92,100.0
2026-03-27 13:50:00,31.9151,31.9151,31.9151,31.9151,100.0
2026-03-27 13:55:00,31.93,32.0,31.92,31.9295,3315.0
2026-03-27 14:00:00,31.9108,31.94,31.9108,31.94,3233.0
2026-03-27 14:05:00,31.92,31.92,31.92,31.92,100.0
2026-03-27 14:10:00,31.91,31.97,31.91,31.9632,550.0
2026-03-27 14:15:00,31.9,31.9,31.85,31.85,3267.0
2026-03-27 14:20:00,31.81,31.87,31.77,31.87,2336.0
2026-03-27 14:25:00,31.865,31.865,31.84,31.8408,420.0
2026-03-27 14:30:00,31.87,31.9,31.87,31.9,650.0
2026-03-27 14:35:00,31.9353,31.94,31.89,31.925,4673.0
2026-03-27 14:40:00,31.9,31.91,31.89,31.91,6283.0
2026-03-27 14:45:00,31.9099,31.98,31.89,31.98,27611.0
2026-03-27 14:50:00,31.98,32.07,31.98,32.04,24971.0
2026-03-27 14:55:00,32.04,32.04,31.98,31.99,6808.0
2026-03-27 15:00:00,31.96,32.08,31.96,32.06,37927.0
2026-03-27 15:05:00,32.04,32.1,32.02,32.1,3730.0
2026-03-27 15:10:00,32.1,32.12,32.06,32.06,9713.0
2026-03-27 15:15:00,31.99,31.99,31.98,31.98,800.0
2026-03-27 15:20:00,31.99,32.0,31.97,32.0,19465.0
2026-03-27 15:25:00,31.99,32.08,31.99,32.08,6164.0
2026-03-27 15:30:00,32.06,32.095,32.05,32.06,13381.0
2026-03-27 15:35:00,32.05,32.07,32.02,32.07,8253.0
2026-03-27 15:40:00,32.08,32.13,32.05,32.08,1700.0
2026-03-27 15:45:00,32.07,32.16,32.06,32.08,4170.0
2026-03-27 15:50:00,32.09,32.2099,32.0,32.02,17118.0
2026-03-27 15:55:00,31.94,32.03,31.9,32.03,14203.0
2026-03-27 16:00:00,32.01,32.01,31.95,31.95,4366.0
2026-03-27 16:20:00,32.12,32.12,32.12,32.12,466.0
2026-03-30 04:00:00,32.67,32.67,32.67,32.67,100
2026-03-30 07:00:00,31.76,31.76,31.75,31.75,1300
2026-03-30 07:50:00,31.52,31.52,31.52,31.52,600
2026-03-30 09:20:00,31.3,31.3,31.3,31.3,100
2026-03-30 09:25:00,31.93,31.94,31.55,31.83,5337
2026-03-30 09:30:00,31.78,31.78,31.2804,31.695,33123
2026-03-30 09:35:00,31.91,32.015,31.8771,32.001,2878
2026-03-30 09:40:00,32.185,32.35,32.185,32.2,6342
2026-03-30 09:45:00,32.305,32.405,32.285,32.405,572
2026-03-30 09:50:00,32.42,32.555,32.4,32.555,13897
2026-03-30 09:55:00,32.7429,32.9792,32.7429,32.905,9507
2026-03-30 10:00:00,32.85,32.88,32.7059,32.7059,3402
2026-03-30 10:05:00,32.73,32.805,32.67,32.67,2950
2026-03-30 10:10:00,32.65,32.65,32.2,32.255,1460
2026-03-30 10:15:00,32.355,32.45,32.355,32.45,600
2026-03-30 10:20:00,32.45,32.5039,32.45,32.5039,546
2026-03-30 10:25:00,32.57,32.74,32.56,32.74,1876
2026-03-30 10:30:00,32.63,32.86,32.63,32.8499,18741
2026-03-30 10:35:00,33.0,33.0451,32.9,32.9597,1798
2026-03-30 10:40:00,32.875,33.25,32.875,33.25,1740
2026-03-30 10:45:00,33.14,33.2099,32.88,32.88,9357
2026-03-30 10:50:00,32.97,33.0,32.9,32.9,14158
2026-03-30 10:55:00,32.93,32.9397,32.65,32.67,1331
2026-03-30 11:00:00,32.53,32.63,32.53,32.61,400
2026-03-30 11:05:00,32.57,32.8,32.48,32.8,36244
2026-03-30 11:10:00,32.7854,32.9,32.7854,32.9,200
2026-03-30 11:15:00,32.95,33.15,32.95,33.1,2516
2026-03-30 11:20:00,33.0272,33.05,32.95,32.97,909
2026-03-30 11:25:00,32.92,32.92,32.92,32.92,1680
2026-03-30 11:30:00,32.94,32.94,32.79,32.79,500
2026-03-30 11:35:00,32.72,32.72,32.625,32.705,1850
2026-03-30 11:40:00,32.7,32.7,32.7,32.7,140
2026-03-30 11:45:00,32.68,32.69,32.6726,32.69,4900
2026-03-30 11:50:00,32.61,32.7,32.61,32.7,250
2026-03-30 11:55:00,32.79,32.79,32.78,32.78,1500
2026-03-30 12:00:00,32.959,33.05,32.94,33.05,1700
2026-03-30 12:05:00,33.0061,33.06,32.9888,33.06,1750
2026-03-30 12:10:00,33.1,33.1,33.08,33.08,1176
2026-03-30 12:15:00,33.185,33.24,33.185,33.24,2190
2026-03-30 12:20:00,33.16,33.16,33.14,33.15,1988
2026-03-30 12:25:00,33.2874,33.335,33.2874,33.33,2650
2026-03-30 12:30:00,33.3042,33.3042,33.29,33.29,498
2026-03-30 12:35:00,33.2895,33.29,33.19,33.2,1850
2026-03-30 12:45:00,33.24,33.24,33.18,33.18,1925
2026-03-30 12:50:00,33.145,33.145,33.145,33.145,100
2026-03-30 12:55:00,33.22,33.25,33.22,33.25,700
2026-03-30 13:00:00,33.24,33.24,33.24,33.24,100
2026-03-30 13:10:00,33.3599,33.39,33.3599,33.39,500
2026-03-30 13:15:00,33.44,33.49,33.44,33.45,1200
2026-03-30 13:20:00,33.5,33.52,33.5,33.52,6040
2026-03-30 13:25:00,33.5433,33.5795,33.54,33.5795,500
2026-03-30 13:30:00,33.56,33.625,33.56,33.625,1096
2026-03-30 13:35:00,33.59,33.6118,33.48,33.505,1244
2026-03-30 13:40:00,33.47,33.47,33.42,33.42,2377
2026-03-30 13:45:00,33.37,33.41,33.305,33.41,1950
2026-03-30 13:50:00,33.41,33.41,33.41,33.41,100
2026-03-30 13:55:00,33.43,33.465,33.4101,33.4101,2764
2026-03-30 14:00:00,33.4301,33.4301,33.4301,33.4301,1248
2026-03-30 14:05:00,33.44,33.58,33.44,33.529,599
2026-03-30 14:10:00,33.5,33.54,33.5,33.52,2517
2026-03-30 14:15:00,33.49,33.49,33.49,33.49,100
2026-03-30 14:20:00,33.465,33.55,33.44,33.55,400
2026-03-30 14:25:00,33.58,33.61,33.58,33.6,2406
2026-03-30 14:30:00,33.6,33.6,33.5812,33.5812,200
2026-03-30 14:35:00,33.56,33.56,33.53,33.53,304
2026-03-30 14:40:00,33.63,33.63,33.62,33.63,1464
2026-03-30 14:45:00,33.6211,33.67,33.58,33.67,2325
2026-03-30 14:50:00,33.6576,33.78,33.6576,33.73,2175
2026-03-30 14:55:00,33.765,33.77,33.75,33.75,550
2026-03-30 15:00:00,33.75,33.75,33.75,33.75,100
2026-03-30 15:05:00,33.77,33.95,33.77,33.95,400
2026-03-30 15:10:00,33.955,34.04,33.955,34.03,2366
2026-03-30 15:15:00,34.01,34.01,33.97,34.0,3302
2026-03-30 15:20:00,34.0,34.0399,33.9999,34.0399,1048
2026-03-30 15:25:00,34.05,34.13,34.0455,34.105,700
2026-03-30 15:30:00,34.0,34.11,34.0,34.1,3059
2026-03-30 15:35:00,34.04,34.055,33.925,34.02,3446
2026-03-30 15:40:00,34.015,34.03,33.925,33.97,18708
2026-03-30 15:45:00,33.9501,34.01,33.88,33.92,5847
2026-03-30 15:50:00,33.86,33.89,33.75,33.75,6937
2026-03-30 15:55:00,33.72,33.74,33.59,33.67,28896
2026-03-30 16:00:00,33.76,33.76,33.66,33.74,1867
2026-03-30 19:40:00,34.45,34.45,34.45,34.45,996
2026-03-30 19:45:00,34.35,34.35,34.35,34.35,165
2026-03-30 19:50:00,34.32,34.32,34.32,34.32,4400
2026-03-31 07:00:00,33.0,33.1,33.0,33.1,3250
2026-03-31 07:05:00,33.26,33.35,33.26,33.31,2150
2026-03-31 07:10:00,33.32,33.35,33.08,33.19,2389
2026-03-31 07:20:00,33.14,33.15,33.14,33.15,400
2026-03-31 07:30:00,33.0,33.0,33.0,33.0,750
2026-03-31 07:35:00,33.0,33.0,33.0,33.0,4400
2026-03-31 07:45:00,32.93,32.93,32.93,32.93,2500
2026-03-31 07:50:00,32.94,32.94,32.94,32.94,600
2026-03-31 08:15:00,32.95,32.95,32.95,32.95,100
2026-03-31 08:20:00,32.8,32.84,32.8,32.84,1715
2026-03-31 08:30:00,32.67,32.67,32.67,32.67,100
2026-03-31 08:35:00,32.65,32.65,32.65,32.65,164
2026-03-31 08:50:00,32.71,32.72,32.65,32.65,1123
2026-03-31 08:55:00,32.65,32.65,32.65,32.65,1800
2026-03-31 09:20:00,32.75,32.75,32.75,32.75,100
2026-03-31 09:30:00,32.48,32.785,32.28,32.28,10060
2026-03-31 09:35:00,32.4,32.61,32.4,32.545,771
2026-03-31 09:40:00,32.48,32.48,32.465,32.465,700
2026-03-31 09:45:00,32.34,32.34,32.21,32.21,1300
2026-03-31 09:50:00,32.225,32.26,32.11,32.12,7694
2026-03-31 09:55:00,32.01,32.0714,31.835,31.835,4824
2026-03-31 10:00:00,31.74,31.84,31.7166,31.72,8442
2026-03-31 10:05:00,31.86,32.055,31.86,32.055,1150
2026-03-31 10:10:00,32.0397,32.0397,31.87,31.99,3901
2026-03-31 10:15:00,31.8099,31.8099,31.515,31.515,2450
2026-03-31 10:20:00,31.69,31.71,31.54,31.54,3575
2026-03-31 10:25:00,31.54,31.54,31.53,31.53,300
2026-03-31 10:30:00,31.535,31.535,31.38,31.4969,1766
2026-03-31 10:35:00,31.5611,31.655,31.5611,31.605,4765
2026-03-31 10:40:00,31.6418,31.78,31.6418,31.78,4640
2026-03-31 10:45:00,31.76,31.88,31.715,31.88,9254
2026-03-31 10:50:00,31.89,32.0334,31.865,32.03,5179
2026-03-31 10:55:00,32.1,32.16,32.015,32.015,8900
2026-03-31 11:00:00,31.98,31.98,31.8,31.91,4129
2026-03-31 11:05:00,31.84,31.9,31.6464,31.9,2200
2026-03-31 11:10:00,31.8,31.8,31.75,31.75,5300
2026-03-31 11:15:00,31.66,31.7582,31.66,31.75,1800
2026-03-31 11:20:00,31.85,31.85,31.779,31.779,683
2026-03-31 11:25:00,31.69,31.83,31.665,31.77,6206
2026-03-31 11:30:00,31.86,31.86,31.86,31.86,313
2026-03-31 11:35:00,31.7531,31.835,31.7531,31.835,946
2026-03-31 11:40:00,31.85,31.925,31.85,31.9,633
2026-03-31 11:45:00,32.07,32.07,32.07,32.07,212
2026-03-31 11:50:00,31.95,31.96,31.86,31.86,1989
2026-03-31 11:55:00,31.98,31.98,31.965,31.965,1200
2026-03-31 12:00:00,31.95,31.95,31.95,31.95,500
2026-03-31 12:05:00,31.9,31.9,31.75,31.75,352
2026-03-31 12:10:00,31.93,31.93,31.83,31.83,12010
2026-03-31 12:15:00,31.6601,31.6601,31.63,31.63,1200
2026-03-31 12:20:00,31.64,31.7001,31.5678,31.5678,1564
2026-03-31 12:25:00,31.55,31.62,31.55,31.62,1830
2026-03-31 12:30:00,31.65,31.68,31.635,31.635,3560
2026-03-31 12:35:00,31.625,31.65,31.25,31.25,3159
2026-03-31 12:40:00,31.03,31.036,30.4,30.46,4662
2026-03-31 12:45:00,30.55,30.9,30.4,30.84,3054
2026-03-31 12:50:00,30.67,30.87,30.57,30.57,9080
2026-03-31 12:55:00,30.68,30.73,30.68,30.72,5046
2026-03-31 13:00:00,30.745,30.745,30.4,30.4,4950
2026-03-31 13:05:00,30.5703,30.71,30.5703,30.71,699
2026-03-31 13:10:00,30.57,30.57,30.53,30.53,200
2026-03-31 13:15:00,30.53,30.54,30.33,30.33,7371
2026-03-31 13:20:00,30.4,30.4,30.3802,30.4,3887
2026-03-31 13:25:00,30.38,30.59,30.38,30.57,2680
2026-03-31 13:30:00,30.55,30.56,30.38,30.39,2032
2026-03-31 13:35:00,30.365,30.68,30.365,30.68,2803
2026-03-31 13:40:00,30.52,30.53,30.52,30.53,200
2026-03-31 13:45:00,30.63,30.63,30.63,30.63,122
2026-03-31 13:50:00,30.605,30.67,30.605,30.67,2799
2026-03-31 13:55:00,30.78,30.81,30.78,30.8,300
2026-03-31 14:00:00,30.66,30.66,30.59,30.63,927
2026-03-31 14:05:00,30.62,30.64,30.55,30.55,4085
2026-03-31 14:10:00,30.57,30.57,30.57,30.57,100
2026-03-31 14:15:00,30.54,30.54,30.47,30.5,1310
2026-03-31 14:20:00,30.5,30.52,30.48,30.48,500
2026-03-31 14:25:00,30.52,30.55,30.38,30.51,5606
2026-03-31 14:30:00,30.51,30.51,30.51,30.51,200
2026-03-31 14:35:00,30.439,30.44,30.285,30.285,1945
2026-03-31 14:40:00,30.36,30.36,30.36,30.36,200
2026-03-31 14:45:00,30.36,30.36,30.24,30.24,537
2026-03-31 14:50:00,30.3,30.3,30.21,30.21,400
2026-03-31 14:55:00,30.23,30.23,30.19,30.21,1923
2026-03-31 15:00:00,30.21,30.21,30.1,30.12,853
2026-03-31 15:05:00,30.18,30.285,30.16,30.285,930
2026-03-31 15:10:00,30.12,30.12,30.03,30.09,9686
2026-03-31 15:15:00,30.07,30.08,30.01,30.035,1541
2026-03-31 15:20:00,30.05,30.05,29.94,29.94,4500
2026-03-31 15:25:00,30.02,30.02,29.98,30.015,10692
2026-03-31 15:30:00,30.06,30.0901,30.02,30.06,4634
2026-03-31 15:35:00,29.9799,29.9799,29.9799,29.9799,266
2026-03-31 15:40:00,29.96,30.05,29.9,30.0,3804
2026-03-31 15:45:00,30.04,30.04,29.95,29.95,633
2026-03-31 15:50:00,29.89,30.089,29.89,29.99,5703
2026-03-31 15:55:00,30.0,30.0999,29.89,29.93,4090
2026-03-31 16:00:00,29.99,30.01,29.96,30.01,1829
2026-03-31 16:35:00,29.909,29.909,29.909,29.909,100
2026-03-31 16:55:00,30.0,30.0,30.0,30.0,100
2026-03-31 17:15:00,30.0,30.0,30.0,30.0,112
2026-03-31 17:45:00,30.07,30.07,30.07,30.07,118
2026-03-31 18:00:00,30.08,30.08,30.07,30.07,455
2026-03-31 18:10:00,29.95,29.95,29.95,29.95,150
2026-03-31 18:20:00,29.92,29.92,29.92,29.92,200
2026-03-31 19:30:00,29.8,29.8,29.8,29.8,608
2026-03-31 19:45:00,29.77,29.77,29.77,29.77,103
2026-04-01 04:00:00,29.4,29.4,29.4,29.4,168
2026-04-01 05:55:00,28.65,28.65,28.65,28.65,138
2026-04-01 07:20:00,29.08,29.08,29.08,29.08,100
2026-04-01 07:25:00,29.02,29.02,29.02,29.02,200
2026-04-01 07:30:00,29.03,29.03,28.84,28.84,4935
2026-04-01 07:40:00,28.88,28.92,28.88,28.92,1300
2026-04-01 07:55:00,28.96,28.97,28.96,28.97,659
2026-04-01 08:00:00,28.98,28.99,28.98,28.99,500
2026-04-01 08:15:00,28.96,28.96,28.96,28.96,300
2026-04-01 08:40:00,29.22,29.23,29.07,29.07,2833
2026-04-01 08:45:00,29.24,29.24,29.24,29.24,100
2026-04-01 08:50:00,29.32,29.32,28.9668,28.9668,1400
2026-04-01 09:05:00,29.42,29.42,29.4,29.4,1592
2026-04-01 09:25:00,29.69,29.69,29.33,29.69,2262
2026-04-01 09:30:00,29.35,29.5799,29.0,29.0,10852
2026-04-01 09:35:00,28.97,28.98,28.7805,28.82,5383
2026-04-01 09:40:00,28.82,29.17,28.3,28.3,8086
2026-04-01 09:45:00,29.015,29.055,29.0,29.055,7367
2026-04-01 09:50:00,28.9038,29.0,28.9038,29.0,1427
2026-04-01 09:55:00,29.0,29.15,28.8901,29.15,2683
2026-04-01 10:00:00,28.94,29.0,28.88,28.88,1500
2026-04-01 10:05:00,28.83,28.95,28.82,28.95,900
2026-04-01 10:10:00,28.83,28.83,28.79,28.79,573
2026-04-01 10:15:00,28.75,28.75,28.7,28.7,500
2026-04-01 10:20:00,28.74,28.74,28.655,28.735,1560
2026-04-01 10:25:00,28.74,28.74,28.735,28.735,370
2026-04-01 10:30:00,28.66,28.865,28.65,28.865,1090
2026-04-01 10:35:00,28.9196,28.92,28.66,28.73,2878
2026-04-01 10:40:00,28.7587,28.76,28.74,28.76,530
2026-04-01 10:45:00,28.7759,28.845,28.71,28.71,750
2026-04-01 10:50:00,28.6223,28.6223,28.6062,28.6062,380
2026-04-01 10:55:00,28.6181,28.6181,28.6181,28.6181,200
2026-04-01 11:00:00,28.51,28.51,28.46,28.48,1200
2026-04-01 11:05:00,28.43,28.47,28.41,28.449,600
2026-04-01 11:10:00,28.4595,28.4993,28.4595,28.4993,1183
2026-04-01 11:15:00,28.519,28.519,28.48,28.48,200
2026-04-01 11:20:00,28.49,28.5,28.48,28.48,450
2026-04-01 11:25:00,28.46,28.46,28.46,28.46,600
2026-04-01 11:40:00,28.53,28.53,28.45,28.45,7075
2026-04-01 11:45:00,28.41,28.42,28.38,28.38,450
2026-04-01 11:50:00,28.445,28.445,28.36,28.36,400
2026-04-01 11:55:00,28.33,28.33,28.24,28.25,1200
2026-04-01 12:05:00,28.27,28.27,28.27,28.27,100
2026-04-01 12:10:00,28.24,28.24,28.24,28.24,100
2026-04-01 12:15:00,28.3399,28.3399,28.3,28.305,300
2026-04-01 12:20:00,28.349,28.349,28.33,28.34,1000
2026-04-01 12:25:00,28.36,28.36,28.36,28.36,2000
2026-04-01 12:30:00,28.421,28.44,28.421,28.43,1000
2026-04-01 12:35:00,28.38,28.38,28.38,28.38,100
2026-04-01 12:40:00,28.395,28.41,28.395,28.41,349
2026-04-01 12:45:00,28.46,28.46,28.46,28.46,100
2026-04-01 13:00:00,28.38,28.38,28.35,28.35,400
2026-04-01 13:05:00,28.3799,28.3799,28.3799,28.3799,2980
2026-04-01 13:20:00,28.33,28.33,28.33,28.33,100
2026-04-01 13:25:00,28.38,28.38,28.365,28.365,4350
2026-04-01 13:30:00,28.3448,28.405,28.3448,28.405,6057
2026-04-01 13:35:00,28.4105,28.4105,28.4,28.4,700
2026-04-01 13:40:00,28.465,28.465,28.46,28.46,1377
2026-04-01 13:45:00,28.465,28.47,28.45,28.45,3178
2026-04-01 13:50:00,28.53,28.57,28.53,28.569,400
2026-04-01 13:55:00,28.53,28.64,28.53,28.638,1450
2026-04-01 14:00:00,28.625,28.825,28.625,28.825,500
2026-04-01 14:05:00,28.75,28.82,28.75,28.82,2280
2026-04-01 14:10:00,28.7901,28.8291,28.7801,28.81,1469
2026-04-01 14:15:00,28.825,28.825,28.825,28.825,200
2026-04-01 14:20:00,28.93,29.08,28.93,29.08,500
2026-04-01 14:25:00,29.08,29.08,28.98,28.99,1947
2026-04-01 14:30:00,29.1,29.1,29.0932,29.0932,300
2026-04-01 14:35:00,29.1194,29.1194,29.0,29.0,2160
2026-04-01 14:40:00,28.9084,28.909,28.85,28.85,2469
2026-04-01 14:45:00,28.98,28.98,28.98,28.98,100
2026-04-01 14:50:00,28.999,29.0,28.97,28.97,2234
2026-04-01 14:55:00,28.96,28.99,28.96,28.98,1781
2026-04-01 15:10:00,28.83,28.895,28.83,28.895,3600
2026-04-01 15:15:00,28.81,28.81,28.788,28.788,864
2026-04-01 15:20:00,28.7392,28.7392,28.71,28.72,2767
2026-04-01 15:25:00,28.61,28.61,28.61,28.61,937
2026-04-01 15:30:00,28.685,28.72,28.685,28.72,950
2026-04-01 15:40:00,28.68,28.71,28.68,28.71,1100
2026-04-01 15:45:00,28.735,28.735,28.71,28.71,1186
2026-04-01 15:50:00,28.68,28.82,28.68,28.82,2191
2026-04-01 15:55:00,28.82,28.86,28.79,28.82,2181
2026-04-01 16:00:00,28.8,28.8,28.8,28.8,746
2026-04-01 16:10:00,28.8,28.8,28.8,28.8,1000
2026-04-01 17:10:00,28.9427,28.9427,28.9427,28.9427,350
2026-04-01 17:40:00,28.72,28.72,28.71,28.71,541
2026-04-01 17:45:00,28.85,28.85,28.85,28.85,100
2026-04-01 17:50:00,28.86,28.87,28.86,28.87,500
2026-04-01 18:15:00,28.78,28.78,28.78,28.78,1300
2026-04-01 18:45:00,28.73,28.74,28.73,28.74,746
2026-04-01 18:50:00,28.74,28.74,28.74,28.74,111
2026-04-01 19:55:00,28.7439,28.7439,28.7439,28.7439,500
2026-04-01 04:00:00,29.4,29.4,29.4,29.4,168
2026-04-01 05:55:00,28.65,28.65,28.65,28.65,138
2026-04-01 07:20:00,29.08,29.08,29.08,29.08,100
2026-04-01 07:25:00,29.02,29.02,29.02,29.02,200
2026-04-01 07:30:00,29.03,29.03,28.84,28.84,4935
2026-04-01 07:40:00,28.88,28.92,28.88,28.92,1300
2026-04-01 07:55:00,28.96,28.97,28.96,28.97,659
2026-04-01 08:00:00,28.98,28.99,28.98,28.99,500
2026-04-01 08:15:00,28.96,28.96,28.96,28.96,300
2026-04-01 08:40:00,29.22,29.23,29.07,29.07,2833
2026-04-01 08:45:00,29.24,29.24,29.24,29.24,100
2026-04-01 08:50:00,29.32,29.32,28.9668,28.9668,1400
2026-04-01 09:05:00,29.42,29.42,29.4,29.4,1592
2026-04-01 09:25:00,29.69,29.69,29.33,29.69,2262
2026-04-01 09:30:00,29.35,29.5799,29.0,29.0,10852
2026-04-01 09:35:00,28.97,28.98,28.7805,28.82,5383
2026-04-01 09:40:00,28.82,29.17,28.3,28.3,8086
2026-04-01 09:45:00,29.015,29.055,29.0,29.055,7367
2026-04-01 09:50:00,28.9038,29.0,28.9038,29.0,1427
2026-04-01 09:55:00,29.0,29.15,28.8901,29.15,2683
2026-04-01 10:00:00,28.94,29.0,28.88,28.88,1500
2026-04-01 10:05:00,28.83,28.95,28.82,28.95,900
2026-04-01 10:10:00,28.83,28.83,28.79,28.79,573
2026-04-01 10:15:00,28.75,28.75,28.7,28.7,500
2026-04-01 10:20:00,28.74,28.74,28.655,28.735,1560
2026-04-01 10:25:00,28.74,28.74,28.735,28.735,370
2026-04-01 10:30:00,28.66,28.865,28.65,28.865,1090
2026-04-01 10:35:00,28.9196,28.92,28.66,28.73,2878
2026-04-01 10:40:00,28.7587,28.76,28.74,28.76,530
2026-04-01 10:45:00,28.7759,28.845,28.71,28.71,750
2026-04-01 10:50:00,28.6223,28.6223,28.6062,28.6062,380
2026-04-01 10:55:00,28.6181,28.6181,28.6181,28.6181,200
2026-04-01 11:00:00,28.51,28.51,28.46,28.48,1200
2026-04-01 11:05:00,28.43,28.47,28.41,28.449,600
2026-04-01 11:10:00,28.4595,28.4993,28.4595,28.4993,1183
2026-04-01 11:15:00,28.519,28.519,28.48,28.48,200
2026-04-01 11:20:00,28.49,28.5,28.48,28.48,450
2026-04-01 11:25:00,28.46,28.46,28.46,28.46,600
2026-04-01 11:40:00,28.53,28.53,28.45,28.45,7075
2026-04-01 11:45:00,28.41,28.42,28.38,28.38,450
2026-04-01 11:50:00,28.445,28.445,28.36,28.36,400
2026-04-01 11:55:00,28.33,28.33,28.24,28.25,1200
2026-04-01 12:05:00,28.27,28.27,28.27,28.27,100
2026-04-01 12:10:00,28.24,28.24,28.24,28.24,100
2026-04-01 12:15:00,28.3399,28.3399,28.3,28.305,300
2026-04-01 12:20:00,28.349,28.349,28.33,28.34,1000
2026-04-01 12:25:00,28.36,28.36,28.36,28.36,2000
2026-04-01 12:30:00,28.421,28.44,28.421,28.43,1000
2026-04-01 12:35:00,28.38,28.38,28.38,28.38,100
2026-04-01 12:40:00,28.395,28.41,28.395,28.41,349
2026-04-01 12:45:00,28.46,28.46,28.46,28.46,100
2026-04-01 13:00:00,28.38,28.38,28.35,28.35,400
2026-04-01 13:05:00,28.3799,28.3799,28.3799,28.3799,2980
2026-04-01 13:20:00,28.33,28.33,28.33,28.33,100
2026-04-01 13:25:00,28.38,28.38,28.365,28.365,4350
2026-04-01 13:30:00,28.3448,28.405,28.3448,28.405,6057
2026-04-01 13:35:00,28.4105,28.4105,28.4,28.4,700
2026-04-01 13:40:00,28.465,28.465,28.46,28.46,1377
2026-04-01 13:45:00,28.465,28.47,28.45,28.45,3178
2026-04-01 13:50:00,28.53,28.57,28.53,28.569,400
2026-04-01 13:55:00,28.53,28.64,28.53,28.638,1450
2026-04-01 14:00:00,28.625,28.825,28.625,28.825,500
2026-04-01 14:05:00,28.75,28.82,28.75,28.82,2280
2026-04-01 14:10:00,28.7901,28.8291,28.7801,28.81,1469
2026-04-01 14:15:00,28.825,28.825,28.825,28.825,200
2026-04-01 14:20:00,28.93,29.08,28.93,29.08,500
2026-04-01 14:25:00,29.08,29.08,28.98,28.99,1947
2026-04-01 14:30:00,29.1,29.1,29.0932,29.0932,300
2026-04-01 14:35:00,29.1194,29.1194,29.0,29.0,2160
2026-04-01 14:40:00,28.9084,28.909,28.85,28.85,2469
2026-04-01 14:45:00,28.98,28.98,28.98,28.98,100
2026-04-01 14:50:00,28.999,29.0,28.97,28.97,2234
2026-04-01 14:55:00,28.96,28.99,28.96,28.98,1781
2026-04-01 15:10:00,28.83,28.895,28.83,28.895,3600
2026-04-01 15:15:00,28.81,28.81,28.788,28.788,864
2026-04-01 15:20:00,28.7392,28.7392,28.71,28.72,2767
2026-04-01 15:25:00,28.61,28.61,28.61,28.61,937
2026-04-01 15:30:00,28.685,28.72,28.685,28.72,950
2026-04-01 15:40:00,28.68,28.71,28.68,28.71,1100
2026-04-01 15:45:00,28.735,28.735,28.71,28.71,1186
2026-04-01 15:50:00,28.68,28.82,28.68,28.82,2191
2026-04-01 15:55:00,28.82,28.86,28.79,28.82,2181
2026-04-01 16:00:00,28.8,28.8,28.8,28.8,746
2026-04-01 16:10:00,28.8,28.8,28.8,28.8,1000
2026-04-01 17:10:00,28.9427,28.9427,28.9427,28.9427,350
2026-04-01 17:40:00,28.72,28.72,28.71,28.71,541
2026-04-01 17:45:00,28.85,28.85,28.85,28.85,100
2026-04-01 17:50:00,28.86,28.87,28.86,28.87,500
2026-04-01 18:15:00,28.78,28.78,28.78,28.78,1300
2026-04-01 18:45:00,28.73,28.74,28.73,28.74,746
2026-04-01 18:50:00,28.74,28.74,28.74,28.74,111
2026-04-01 19:55:00,28.7439,28.7439,28.7439,28.7439,500
2026-04-02 04:05:00,30.4094,30.4094,30.4094,30.4094,361
2026-04-02 05:00:00,30.41,30.41,30.41,30.41,821
2026-04-02 05:35:00,30.4192,30.4192,30.4192,30.4192,450
2026-04-02 07:00:00,30.2,30.28,30.2,30.28,521
2026-04-02 07:05:00,30.38,30.38,30.38,30.38,150
2026-04-02 07:20:00,30.57,30.57,30.57,30.57,317
2026-04-02 07:25:00,30.64,30.64,30.64,30.64,700
2026-04-02 07:30:00,30.67,30.67,30.65,30.65,1515
2026-04-02 07:40:00,30.7,30.71,30.7,30.71,1036
2026-04-02 07:45:00,30.9413,30.9413,30.9413,30.9413,100
2026-04-02 07:55:00,30.86,30.86,30.86,30.86,421
2026-04-02 08:05:00,30.84,30.8457,30.84,30.8457,300
2026-04-02 08:10:00,30.8476,30.8476,30.8476,30.8476,235
2026-04-02 08:15:00,30.82,30.82,30.75,30.75,402
2026-04-02 08:20:00,30.73,30.83,30.73,30.83,2299
2026-04-02 08:30:00,30.65,30.65,30.65,30.65,700
2026-04-02 08:45:00,30.62,30.62,30.62,30.62,1300
2026-04-02 08:50:00,30.64,30.64,30.64,30.64,100
2026-04-02 08:55:00,30.62,30.62,30.61,30.61,1389
2026-04-02 09:30:00,30.7,30.7,29.945,30.0699,12597
2026-04-02 09:35:00,30.28,30.67,30.28,30.635,4200
2026-04-02 09:40:00,30.7,30.7,30.51,30.575,1861
2026-04-02 09:45:00,30.51,30.5104,30.285,30.285,1757
2026-04-02 09:50:00,30.27,30.3,29.9745,29.9745,6744
2026-04-02 09:55:00,29.968,29.97,29.95,29.97,2937
2026-04-02 10:00:00,29.705,29.8064,29.68,29.8064,1205
2026-04-02 10:05:00,29.65,29.65,29.48,29.5,2325
2026-04-02 10:10:00,29.57,29.57,29.34,29.4874,2478
2026-04-02 10:15:00,29.31,29.31,29.31,29.31,100
2026-04-02 10:20:00,29.335,29.335,29.335,29.335,200
2026-04-02 10:25:00,29.6,29.6,29.57,29.57,380
2026-04-02 10:30:00,29.37,29.37,29.36,29.36,4226
2026-04-02 10:35:00,29.3,29.3,28.5852,28.725,4868
2026-04-02 10:40:00,28.72,28.98,28.72,28.81,3670
2026-04-02 10:45:00,28.6547,28.89,28.6547,28.89,7191
2026-04-02 10:50:00,29.07,29.1027,29.07,29.0731,2499
2026-04-02 10:55:00,28.75,28.75,28.75,28.75,100
2026-04-02 11:00:00,29.05,29.05,28.935,28.935,326
2026-04-02 11:05:00,28.88,28.88,28.85,28.86,400
2026-04-02 11:10:00,28.62,28.73,28.6,28.73,3438
2026-04-02 11:15:00,28.69,28.69,28.69,28.69,100
2026-04-02 11:20:00,28.83,28.83,28.8,28.8,513
2026-04-02 11:35:00,28.74,28.74,28.68,28.68,360
2026-04-02 11:40:00,28.745,28.76,28.6498,28.6498,1288
2026-04-02 11:45:00,28.6698,28.76,28.6698,28.76,688
2026-04-02 11:50:00,28.92,28.92,28.89,28.89,300
2026-04-02 11:55:00,28.8399,28.855,28.8399,28.85,1597
2026-04-02 12:00:00,28.71,28.89,28.71,28.89,2695
2026-04-02 12:05:00,28.9265,28.97,28.9265,28.97,639
2026-04-02 12:25:00,29.0199,29.0199,28.95,28.95,782
2026-04-02 12:35:00,29.09,29.09,29.09,29.09,100
2026-04-02 12:40:00,28.95,28.95,28.8,28.8,2752
2026-04-02 12:55:00,28.8396,28.8396,28.8396,28.8396,5000
2026-04-02 13:10:00,28.83,28.83,28.812,28.812,10250
2026-04-02 13:15:00,28.7,28.7,28.7,28.7,100
2026-04-02 13:25:00,28.76,28.76,28.75,28.75,321
2026-04-02 13:30:00,28.74,28.74,28.72,28.72,683
2026-04-02 13:40:00,28.78,28.8,28.78,28.8,400
2026-04-02 13:45:00,28.95,28.95,28.95,28.95,100
2026-04-02 13:50:00,28.9109,28.97,28.9109,28.97,200
2026-04-02 14:00:00,28.79,28.79,28.79,28.79,130
2026-04-02 14:15:00,28.68,28.68,28.68,28.68,1000
2026-04-02 14:20:00,28.7,28.7,28.7,28.7,200
2026-04-02 14:25:00,28.79,28.79,28.79,28.79,100
2026-04-02 14:30:00,28.75,28.75,28.735,28.735,700
2026-04-02 14:50:00,28.62,28.62,28.6199,28.62,700
2026-04-02 15:00:00,28.6203,28.6203,28.6203,28.6203,171
2026-04-02 15:05:00,28.605,28.605,28.605,28.605,100
2026-04-02 15:10:00,28.5,28.53,28.5,28.53,1036
2026-04-02 15:15:00,28.6,28.6,28.6,28.6,300
2026-04-02 15:20:00,28.605,28.63,28.6,28.62,2300
2026-04-02 15:25:00,28.62,28.64,28.62,28.6332,600
2026-04-02 15:30:00,28.63,28.63,28.61,28.61,400
2026-04-02 15:40:00,28.585,28.5991,28.585,28.5991,900
2026-04-02 15:45:00,28.61,28.615,28.58,28.58,465
2026-04-02 15:50:00,28.57,28.57,28.4441,28.47,5254
2026-04-02 15:55:00,28.4499,28.48,28.4401,28.48,3101
2026-04-02 16:00:00,28.46,28.46,28.41,28.41,1369
2026-04-02 17:05:00,28.51,28.51,28.51,28.51,100
2026-04-02 18:00:00,28.62,28.62,28.62,28.62,500
2026-04-02 18:15:00,28.6484,28.6484,28.59,28.59,600
