2026-03-04 08:00:00,19.22,19.3492,19.09,19.2,3855
2026-03-04 08:20:00,19.39,19.39,19.39,19.39,1126
2026-03-04 08:40:00,19.4,19.4,19.4,19.4,120
2026-03-04 08:55:00,19.41,19.41,19.41,19.41,137
2026-03-04 09:00:00,19.37,19.37,19.37,19.37,100
2026-03-04 09:05:00,19.39,19.41,19.39,19.41,813
2026-03-04 09:25:00,19.2,19.2,19.2,19.2,100
2026-03-04 09:30:00,19.3,19.6,19.2,19.59,14779
2026-03-04 09:35:00,19.62,19.6393,19.44,19.44,16199
2026-03-04 09:40:00,19.4,19.54,19.36,19.42,77507
2026-03-04 09:45:00,19.33,19.655,19.33,19.585,18204
2026-03-04 09:50:00,19.59,19.86,19.52,19.86,39355
2026-03-04 09:55:00,19.88,19.98,19.86,19.86,10028
2026-03-04 10:00:00,19.95,20.06,19.87,19.885,56410
2026-03-04 10:05:00,19.94,20.03,19.86,20.01,29503
2026-03-04 10:10:00,20.01,20.02,19.9014,19.92,16863
2026-03-04 10:15:00,19.97,20.02,19.9,20.01,7778
2026-03-04 10:20:00,19.99,20.15,19.9838,20.1101,17128
2026-03-04 10:25:00,20.14,20.23,20.1,20.2,9312
2026-03-04 10:30:00,20.26,20.28,20.16,20.17,26854
2026-03-04 10:35:00,20.15,20.23,20.12,20.15,16764
2026-03-04 10:40:00,20.16,20.16,20.025,20.05,15470
2026-03-04 10:45:00,20.015,20.05,19.96,20.05,19240
2026-03-04 10:50:00,20.03,20.08,19.99,20.0415,3050
2026-03-04 10:55:00,20.12,20.2,20.1,20.1635,8338
2026-03-04 11:00:00,20.15,20.24,20.14,20.21,8705
2026-03-04 11:05:00,20.19,20.19,20.12,20.16,5507
2026-03-04 11:10:00,20.17,20.17,20.07,20.09,3430
2026-03-04 11:15:00,20.12,20.13,20.1,20.12,3630
2026-03-04 11:20:00,20.14,20.14,20.07,20.095,8583
2026-03-04 11:25:00,20.08,20.19,20.08,20.18,6863
2026-03-04 11:30:00,20.16,20.23,20.16,20.22,5938
2026-03-04 11:35:00,20.24,20.245,20.17,20.24,8080
2026-03-04 11:40:00,20.185,20.31,20.185,20.24,7101
2026-03-04 11:45:00,20.25,20.28,20.2499,20.28,1800
2026-03-04 11:50:00,20.26,20.26,20.19,20.24,6323
2026-03-04 11:55:00,20.21,20.21,20.15,20.15,2695
2026-03-04 12:00:00,20.15,20.22,20.15,20.22,1100
2026-03-04 12:05:00,20.215,20.215,20.16,20.18,1276
2026-03-04 12:10:00,20.2,20.2,20.17,20.1775,7134
2026-03-04 12:15:00,20.1668,20.18,20.15,20.16,7168
2026-03-04 12:20:00,20.19,20.2,20.13,20.1501,5157
2026-03-04 12:25:00,20.17,20.18,20.14,20.14,2000
2026-03-04 12:30:00,20.14,20.14,20.0742,20.13,1491
2026-03-04 12:35:00,20.14,20.14,20.1,20.11,5791
2026-03-04 12:40:00,20.175,20.175,20.16,20.16,700
2026-03-04 12:45:00,20.205,20.205,20.2,20.2,800
2026-03-04 12:50:00,20.18,20.25,20.15,20.25,10718
2026-03-04 12:55:00,20.26,20.28,20.24,20.28,11223
2026-03-04 13:00:00,20.285,20.3,20.2454,20.2454,5602
2026-03-04 13:05:00,20.29,20.3,20.25,20.3,6550
2026-03-04 13:10:00,20.29,20.31,20.29,20.31,3985
2026-03-04 13:15:00,20.32,20.32,20.27,20.275,3420
2026-03-04 13:20:00,20.2358,20.2358,20.21,20.222,1424
2026-03-04 13:25:00,20.212,20.28,20.212,20.28,2873
2026-03-04 13:30:00,20.305,20.315,20.27,20.28,2010
2026-03-04 13:35:00,20.29,20.35,20.28,20.35,10583
2026-03-04 13:40:00,20.35,20.365,20.345,20.35,3718
2026-03-04 13:45:00,20.27,20.29,20.25,20.29,7369
2026-03-04 13:50:00,20.32,20.3469,20.32,20.33,1705
2026-03-04 13:55:00,20.29,20.3,20.29,20.3,4398
2026-03-04 14:05:00,20.34,20.355,20.34,20.35,700
2026-03-04 14:10:00,20.35,20.38,20.35,20.38,300
2026-03-04 14:15:00,20.36,20.38,20.345,20.36,7532
2026-03-04 14:20:00,20.3,20.332,20.29,20.33,4500
2026-03-04 14:25:00,20.33,20.355,20.3,20.3,4397
2026-03-04 14:30:00,20.29,20.29,20.2842,20.2842,379
2026-03-04 14:35:00,20.3,20.305,20.3,20.3,900
2026-03-04 14:40:00,20.315,20.325,20.3,20.32,2996
2026-03-04 14:45:00,20.29,20.32,20.2787,20.32,6255
2026-03-04 14:50:00,20.31,20.31,20.31,20.31,300
2026-03-04 14:55:00,20.32,20.32,20.29,20.32,1100
2026-03-04 15:00:00,20.33,20.33,20.3001,20.3001,1300
2026-03-04 15:05:00,20.3,20.3,20.21,20.21,1000
2026-03-04 15:10:00,20.21,20.21,20.19,20.19,1100
2026-03-04 15:15:00,20.16,20.17,20.14,20.14,1700
2026-03-04 15:20:00,20.14,20.145,20.12,20.145,13285
2026-03-04 15:25:00,20.16,20.16,20.16,20.16,100
2026-03-04 15:30:00,20.21,20.23,20.2,20.22,6500
2026-03-04 15:35:00,20.26,20.26,20.25,20.25,646
2026-03-04 15:40:00,20.28,20.28,20.28,20.28,305
2026-03-04 15:45:00,20.3001,20.31,20.285,20.29,1654
2026-03-04 15:50:00,20.28,20.28,20.21,20.24,12757
2026-03-04 15:55:00,20.22,20.24,20.2,20.2,10431
2026-03-04 16:00:00,20.2,20.2,20.2,20.2,9871
2026-03-04 16:20:00,20.2,20.2,20.2,20.2,313
2026-03-04 17:55:00,20.31,20.31,20.31,20.31,600
2026-03-04 18:25:00,20.47,20.47,20.47,20.47,151
2026-03-04 18:40:00,20.49,20.49,20.49,20.49,122
2026-03-04 19:15:00,20.45,20.45,20.45,20.45,588
2026-03-05 07:00:00,20.12,20.12,20.0,20.0,600
2026-03-05 07:05:00,20.0,20.0,20.0,20.0,638
2026-03-05 08:00:00,20.14,20.14,19.93,19.93,5146
2026-03-05 08:35:00,19.97,19.97,19.97,19.97,343
2026-03-05 08:40:00,19.94,19.94,19.94,19.94,145
2026-03-05 09:00:00,19.95,19.95,19.95,19.95,1400
2026-03-05 09:30:00,20.2,20.77,20.2,20.68,28334
2026-03-05 09:35:00,20.7,20.99,20.69,20.94,46525
2026-03-05 09:40:00,20.91,21.06,20.9,20.95,40063
2026-03-05 09:45:00,20.91,20.92,20.79,20.82,23386
2026-03-05 09:50:00,20.78,21.04,20.78,21.03,32500
2026-03-05 09:55:00,21.05,21.14,20.93,21.14,28321
2026-03-05 10:00:00,21.15,21.16,21.04,21.07,35007
2026-03-05 10:05:00,21.09,21.14,20.97,21.078,12573
2026-03-05 10:10:00,21.06,21.17,21.0,21.16,18308
2026-03-05 10:15:00,21.14,21.16,20.96,20.96,16860
2026-03-05 10:20:00,20.9,20.9,20.62,20.63,41222
2026-03-05 10:25:00,20.63,20.63,20.51,20.59,43265
2026-03-05 10:30:00,20.54,20.54,20.34,20.455,13195
2026-03-05 10:35:00,20.44,20.53,20.415,20.53,18455
2026-03-05 10:40:00,20.55,20.605,20.44,20.48,41165
2026-03-05 10:45:00,20.5,20.6,20.45,20.47,18865
2026-03-05 10:50:00,20.47,20.61,20.47,20.6,12529
2026-03-05 10:55:00,20.59,20.59,20.43,20.57,9167
2026-03-05 11:00:00,20.59,20.59,20.49,20.49,12944
2026-03-05 11:05:00,20.48,20.5025,20.27,20.27,9236
2026-03-05 11:10:00,20.27,20.335,20.2,20.335,11824
2026-03-05 11:15:00,20.28,20.3,20.17,20.2,17029
2026-03-05 11:20:00,20.21,20.35,20.19,20.29,6875
2026-03-05 11:25:00,20.32,20.37,20.28,20.28,2288
2026-03-05 11:30:00,20.28,20.49,20.28,20.41,6165
2026-03-05 11:35:00,20.39,20.57,20.39,20.51,15201
2026-03-05 11:40:00,20.53,20.56,20.47,20.51,5173
2026-03-05 11:45:00,20.54,20.62,20.52,20.56,11978
2026-03-05 11:50:00,20.56,20.61,20.49,20.51,3413
2026-03-05 11:55:00,20.51,20.59,20.51,20.59,3700
2026-03-05 12:00:00,20.59,20.69,20.575,20.66,7300
2026-03-05 12:05:00,20.8,20.8,20.65,20.65,8976
2026-03-05 12:10:00,20.59,20.66,20.54,20.635,23979
2026-03-05 12:15:00,20.61,20.62,20.43,20.43,20445
2026-03-05 12:20:00,20.44,20.52,20.4,20.49,7304
2026-03-05 12:25:00,20.5,20.54,20.46,20.46,5880
2026-03-05 12:30:00,20.44,20.47,20.3261,20.33,9205
2026-03-05 12:35:00,20.298,20.42,20.29,20.37,1425
2026-03-05 12:40:00,20.33,20.33,20.25,20.27,2330
2026-03-05 12:45:00,20.26,20.33,20.22,20.33,3700
2026-03-05 12:50:00,20.275,20.37,20.275,20.28,2854
2026-03-05 12:55:00,20.2,20.3,20.2,20.28,9618
2026-03-05 13:00:00,20.25,20.35,20.24,20.35,4405
2026-03-05 13:05:00,20.36,20.42,20.33,20.42,11914
2026-03-05 13:10:00,20.46,20.47,20.38,20.47,6665
2026-03-05 13:15:00,20.43,20.43,20.35,20.35,1770
2026-03-05 13:20:00,20.34,20.38,20.33,20.36,8399
2026-03-05 13:25:00,20.31,20.31,20.23,20.27,15978
2026-03-05 13:30:00,20.29,20.29,20.2,20.2,1600
2026-03-05 13:35:00,20.19,20.2202,20.19,20.2202,2028
2026-03-05 13:40:00,20.25,20.35,20.25,20.32,5092
2026-03-05 13:45:00,20.28,20.33,20.26,20.27,6418
2026-03-05 13:50:00,20.26,20.26,20.14,20.14,4713
2026-03-05 13:55:00,20.17,20.26,20.17,20.255,3086
2026-03-05 14:00:00,20.25,20.33,20.24,20.29,8216
2026-03-05 14:05:00,20.31,20.355,20.31,20.33,5151
2026-03-05 14:10:00,20.295,20.3907,20.295,20.3907,8110
2026-03-05 14:15:00,20.37,20.4,20.32,20.4,4433
2026-03-05 14:20:00,20.42,20.42,20.41,20.41,2240
2026-03-05 14:25:00,20.37,20.37,20.34,20.36,400
2026-03-05 14:30:00,20.34,20.36,20.31,20.36,2200
2026-03-05 14:35:00,20.4,20.41,20.38,20.38,300
2026-03-05 14:45:00,20.46,20.5016,20.46,20.5016,362
2026-03-05 14:50:00,20.4881,20.4881,20.47,20.47,2500
2026-03-05 14:55:00,20.5083,20.5083,20.5083,20.5083,100
2026-03-05 15:00:00,20.5,20.53,20.46,20.53,400
2026-03-05 15:05:00,20.48,20.48,20.48,20.48,100
2026-03-05 15:10:00,20.61,20.62,20.59,20.6042,652
2026-03-05 15:15:00,20.5888,20.5888,20.5888,20.5888,100
2026-03-05 15:20:00,20.56,20.65,20.56,20.65,2716
2026-03-05 15:25:00,20.68,20.73,20.68,20.7,624
2026-03-05 15:30:00,20.68,20.69,20.68,20.69,1100
2026-03-05 15:35:00,20.81,20.81,20.8,20.8,291
2026-03-05 15:40:00,20.765,20.765,20.7,20.7,700
2026-03-05 15:45:00,20.71,20.78,20.6583,20.78,729
2026-03-05 15:50:00,20.84,20.84,20.78,20.78,2817
2026-03-05 15:55:00,20.795,20.83,20.77,20.83,7250
2026-03-05 16:00:00,20.77,20.77,20.77,20.77,5233
2026-03-05 16:05:00,20.81,20.81,20.81,20.81,600
2026-03-05 16:25:00,20.6,20.6,20.6,20.6,300
2026-03-05 19:05:00,20.78,20.8,20.78,20.8,600
2026-03-05 19:35:00,21.0632,21.0632,21.0632,21.0632,235
2026-03-06 04:15:00,20.8,20.8,20.8,20.8,500
2026-03-06 08:50:00,19.6,19.6,19.6,19.6,300
2026-03-06 09:00:00,19.4,19.4,19.4,19.4,100
2026-03-06 09:30:00,19.87,20.0945,19.87,20.0,17612
2026-03-06 09:35:00,19.95,19.95,19.7,19.87,10221
2026-03-06 09:40:00,19.89,19.93,19.79,19.79,7471
2026-03-06 09:45:00,19.75,19.79,19.61,19.7,8677
2026-03-06 09:50:00,19.69,19.88,19.68,19.77,6070
2026-03-06 09:55:00,19.8,19.81,19.68,19.68,2312
2026-03-06 10:00:00,19.86,19.945,19.79,19.87,11097
2026-03-06 10:05:00,19.94,19.94,19.75,19.75,5750
2026-03-06 10:10:00,19.68,19.87,19.68,19.87,2100
2026-03-06 10:15:00,19.89,19.94,19.88,19.9,3860
2026-03-06 10:20:00,19.94,20.045,19.94,20.045,4350
2026-03-06 10:25:00,20.05,20.13,20.05,20.09,3490
2026-03-06 10:30:00,20.16,20.25,20.16,20.19,607
2026-03-06 10:35:00,20.23,20.34,20.22,20.26,2311
2026-03-06 10:40:00,20.23,20.28,20.17,20.17,14114
2026-03-06 10:45:00,20.2,20.22,20.16,20.18,11384
2026-03-06 10:50:00,20.14,20.14,20.07,20.09,7841
2026-03-06 10:55:00,20.18,20.37,20.18,20.36,1615
2026-03-06 11:00:00,20.34,20.39,20.32,20.39,613
2026-03-06 11:05:00,20.38,20.38,20.28,20.28,1300
2026-03-06 11:10:00,20.25,20.25,20.19,20.19,1588
2026-03-06 11:15:00,20.16,20.235,20.16,20.235,300
2026-03-06 11:20:00,20.22,20.22,20.07,20.07,5195
2026-03-06 11:25:00,20.1335,20.15,20.13,20.13,1300
2026-03-06 11:30:00,20.11,20.11,20.11,20.11,200
2026-03-06 11:35:00,20.12,20.2373,20.12,20.2373,1423
2026-03-06 11:40:00,20.23,20.23,20.18,20.18,200
2026-03-06 11:45:00,20.18,20.29,20.18,20.22,2200
2026-03-06 11:50:00,20.3,20.3,20.19,20.19,2179
2026-03-06 11:55:00,20.21,20.305,20.21,20.3,1759
2026-03-06 12:00:00,20.28,20.31,20.28,20.31,2919
2026-03-06 12:05:00,20.32,20.32,20.17,20.21,3367
2026-03-06 12:10:00,20.1701,20.2,20.14,20.14,3716
2026-03-06 12:15:00,20.14,20.14,20.14,20.14,200
2026-03-06 12:20:00,20.11,20.15,20.11,20.15,400
2026-03-06 12:25:00,20.09,20.09,19.97,20.07,2195
2026-03-06 12:30:00,20.05,20.09,20.04,20.09,4095
2026-03-06 12:35:00,20.05,20.05,19.95,19.95,3313
2026-03-06 12:40:00,19.93,19.94,19.9,19.9,1968
2026-03-06 12:50:00,20.03,20.0399,19.94,19.94,668
2026-03-06 12:55:00,19.96,20.0,19.95,20.0,600
2026-03-06 13:00:00,19.98,19.98,19.98,19.98,100
2026-03-06 13:05:00,20.03,20.03,20.03,20.03,100
2026-03-06 13:10:00,19.96,20.03,19.96,20.03,2200
2026-03-06 13:15:00,20.1,20.1546,20.09,20.1546,800
2026-03-06 13:20:00,20.03,20.07,20.03,20.05,568
2026-03-06 13:25:00,20.02,20.06,19.95,19.95,300
2026-03-06 13:30:00,20.02,20.09,20.02,20.07,2010
2026-03-06 13:35:00,20.05,20.07,20.02,20.07,2172
2026-03-06 13:40:00,20.09,20.09,20.09,20.09,600
2026-03-06 13:45:00,20.11,20.11,20.11,20.11,300
2026-03-06 13:50:00,20.1,20.1,20.02,20.02,1000
2026-03-06 14:00:00,20.01,20.05,20.01,20.05,605
2026-03-06 14:05:00,20.06,20.12,20.06,20.08,1462
2026-03-06 14:15:00,20.18,20.18,20.13,20.13,500
2026-03-06 14:20:00,20.2,20.2,20.16,20.16,800
2026-03-06 14:25:00,20.11,20.16,20.11,20.15,2900
2026-03-06 14:30:00,20.16,20.21,20.16,20.2,400
2026-03-06 14:35:00,20.22,20.24,20.15,20.15,1375
2026-03-06 14:40:00,20.18,20.2595,20.16,20.16,1095
2026-03-06 14:45:00,20.14,20.14,20.13,20.13,600
2026-03-06 14:50:00,20.11,20.14,20.0965,20.14,300
2026-03-06 14:55:00,20.175,20.175,20.175,20.175,100
2026-03-06 15:00:00,20.18,20.28,20.18,20.265,644
2026-03-06 15:05:00,20.26,20.26,20.22,20.23,579
2026-03-06 15:10:00,20.195,20.195,20.08,20.15,600
2026-03-06 15:20:00,20.16,20.16,20.07,20.07,11615
2026-03-06 15:25:00,20.06,20.06,20.01,20.01,700
2026-03-06 15:30:00,19.98,20.01,19.98,19.99,300
2026-03-06 15:35:00,19.94,19.96,19.89,19.95,3524
2026-03-06 15:40:00,20.0,20.1,20.0,20.07,1111
2026-03-06 15:50:00,19.94,19.96,19.94,19.96,500
2026-03-06 15:55:00,20.02,20.06,19.99,20.035,3682
2026-03-06 16:00:00,20.02,20.02,20.02,20.02,2893
2026-03-06 17:25:00,20.03,20.03,20.03,20.03,282
2026-03-06 19:30:00,20.0,20.0,20.0,20.0,244
2026-03-06 19:50:00,20.12,20.12,20.12,20.12,100
2026-03-09 06:35:00,19.06,19.06,19.02,19.02,1423
2026-03-09 07:20:00,18.96,18.96,18.95,18.95,1325
2026-03-09 07:25:00,19.02,19.02,19.01,19.01,1900
2026-03-09 07:30:00,19.0,19.0,18.97,18.97,7176
2026-03-09 07:40:00,19.09,19.09,19.09,19.09,770
2026-03-09 07:45:00,19.13,19.13,19.11,19.11,1124
2026-03-09 08:00:00,18.59,18.7,18.51,18.7,1024
2026-03-09 08:40:00,19.05,19.05,19.05,19.05,1400
2026-03-09 09:30:00,19.09,19.4,19.0,19.335,13756
2026-03-09 09:35:00,19.34,19.34,19.08,19.08,8558
2026-03-09 09:40:00,19.04,19.05,18.95,19.05,36528
2026-03-09 09:45:00,18.98,19.1,18.94,18.99,11669
2026-03-09 09:50:00,18.95,18.95,18.79,18.91,6248
2026-03-09 09:55:00,18.96,18.97,18.87,18.89,2388
2026-03-09 10:00:00,18.99,19.16,18.99,19.16,3863
2026-03-09 10:05:00,19.13,19.14,18.93,18.99,6949
2026-03-09 10:10:00,18.975,19.03,18.68,18.7112,16958
2026-03-09 10:15:00,18.78,18.86,18.7117,18.815,24379
2026-03-09 10:20:00,18.8652,19.02,18.825,19.0,8457
2026-03-09 10:25:00,18.99,18.99,18.78,18.8506,1770
2026-03-09 10:30:00,18.92,18.94,18.87,18.87,8898
2026-03-09 10:35:00,18.905,19.11,18.905,19.11,1969
2026-03-09 10:40:00,19.14,19.18,19.07,19.18,2262
2026-03-09 10:45:00,19.28,19.38,19.27,19.38,4500
2026-03-09 10:50:00,19.35,19.39,19.33,19.355,2384
2026-03-09 10:55:00,19.34,19.35,19.25,19.25,7624
2026-03-09 11:00:00,19.29,19.33,19.26,19.3,4849
2026-03-09 11:05:00,19.3,19.3,19.16,19.18,5862
2026-03-09 11:10:00,19.18,19.26,19.17,19.24,1677
2026-03-09 11:15:00,19.29,19.31,19.2601,19.31,2170
2026-03-09 11:20:00,19.34,19.41,19.31,19.4,2460
2026-03-09 11:25:00,19.39,19.45,19.39,19.45,1892
2026-03-09 11:30:00,19.43,19.45,19.3742,19.3742,5157
2026-03-09 11:40:00,19.305,19.38,19.305,19.38,660
2026-03-09 11:45:00,19.39,19.41,19.39,19.4,1342
2026-03-09 11:50:00,19.39,19.41,19.39,19.4,1196
2026-03-09 11:55:00,19.4,19.41,19.35,19.35,6759
2026-03-09 12:00:00,19.39,19.49,19.36,19.42,2499
2026-03-09 12:05:00,19.4,19.43,19.4,19.43,668
2026-03-09 12:10:00,19.44,19.44,19.42,19.42,600
2026-03-09 12:15:00,19.42,19.44,19.42,19.44,6217
2026-03-09 12:20:00,19.41,19.43,19.3914,19.43,6643
2026-03-09 12:25:00,19.4,19.51,19.4,19.43,1617
2026-03-09 12:35:00,19.46,19.47,19.46,19.47,1020
2026-03-09 12:40:00,19.52,19.56,19.52,19.56,1099
2026-03-09 12:50:00,19.615,19.62,19.55,19.565,1850
2026-03-09 12:55:00,19.62,19.62,19.58,19.58,882
2026-03-09 13:00:00,19.56,19.56,19.47,19.52,8125
2026-03-09 13:05:00,19.5,19.52,19.43,19.43,788
2026-03-09 13:10:00,19.446,19.455,19.446,19.455,1956
2026-03-09 13:15:00,19.45,19.45,19.43,19.43,1220
2026-03-09 13:20:00,19.37,19.37,19.32,19.32,3109
2026-03-09 13:25:00,19.32,19.35,19.28,19.305,10189
2026-03-09 13:30:00,19.305,19.325,19.2701,19.3,5539
2026-03-09 13:35:00,19.2901,19.2901,19.2901,19.2901,2075
2026-03-09 13:40:00,19.2801,19.2801,19.19,19.19,3159
2026-03-09 13:45:00,19.25,19.255,19.2498,19.255,1800
2026-03-09 13:55:00,19.2678,19.2678,19.2678,19.2678,500
2026-03-09 14:00:00,19.24,19.25,19.24,19.25,1039
2026-03-09 14:05:00,19.265,19.32,19.2,19.2,880
2026-03-09 14:10:00,19.2,19.25,19.2,19.25,1283
2026-03-09 14:15:00,19.225,19.31,19.22,19.31,4175
2026-03-09 14:20:00,19.3,19.34,19.3,19.34,1410
2026-03-09 14:30:00,19.34,19.4,19.34,19.4,5682
2026-03-09 14:35:00,19.4,19.4,19.39,19.39,200
2026-03-09 14:40:00,19.38,19.38,19.38,19.38,644
2026-03-09 14:45:00,19.4,19.4,19.4,19.4,600
2026-03-09 14:55:00,19.31,19.31,19.27,19.27,2850
2026-03-09 15:00:00,19.29,19.29,19.29,19.29,101
2026-03-09 15:05:00,19.26,19.28,19.26,19.28,1026
2026-03-09 15:15:00,19.325,19.64,19.325,19.64,1868
2026-03-09 15:20:00,19.6,19.805,19.6,19.74,1600
2026-03-09 15:25:00,19.85,20.05,19.85,20.05,4738
2026-03-09 15:30:00,19.98,20.17,19.94,20.13,8255
2026-03-09 15:35:00,20.12,20.3,20.08,20.2536,15187
2026-03-09 15:40:00,20.24,20.25,20.06,20.06,2601
2026-03-09 15:45:00,20.07,20.195,20.07,20.145,925
2026-03-09 15:50:00,20.1403,20.1403,20.07,20.09,5344
2026-03-09 15:55:00,20.0905,20.24,20.0905,20.19,16743
2026-03-09 16:00:00,20.2,20.2,20.16,20.2,3725
2026-03-09 18:00:00,20.14,20.14,20.14,20.14,100
2026-03-09 18:20:00,20.14,20.14,20.14,20.14,228
2026-03-09 18:25:00,20.03,20.03,20.03,20.03,160
2026-03-09 19:10:00,20.05,20.05,20.05,20.05,100
2026-03-09 19:40:00,19.91,19.91,19.91,19.91,300
2026-03-09 19:50:00,19.92,19.92,19.92,19.92,150
2026-03-09 19:55:00,20.05,20.05,20.0,20.0,700
2026-03-10 07:00:00,20.33,20.33,20.33,20.33,100
2026-03-10 07:25:00,20.25,20.25,20.25,20.25,1000
2026-03-10 07:30:00,20.25,20.25,20.25,20.25,488
2026-03-10 08:00:00,20.128,20.2602,20.128,20.2602,314
2026-03-10 09:25:00,20.2,20.2,20.2,20.2,200
2026-03-10 09:30:00,20.25,20.37,20.195,20.195,4247
2026-03-10 09:35:00,20.19,20.22,20.05,20.05,22323
2026-03-10 09:40:00,20.01,20.04,19.73,19.78,7071
2026-03-10 09:45:00,19.84,20.01,19.83,19.98,7599
2026-03-10 09:50:00,19.99,19.99,19.9499,19.9499,275
2026-03-10 09:55:00,19.76,19.78,19.76,19.76,1560
2026-03-10 10:00:00,19.78,19.81,19.66,19.73,5488
2026-03-10 10:05:00,19.745,19.745,19.42,19.42,21728
2026-03-10 10:10:00,19.4,19.45,19.4,19.45,46911
2026-03-10 10:15:00,19.4431,19.46,19.4,19.44,1128
2026-03-10 10:20:00,19.565,19.625,19.565,19.615,754
2026-03-10 10:25:00,19.66,19.78,19.66,19.77,300
2026-03-10 10:30:00,19.78,19.91,19.78,19.91,587
2026-03-10 10:35:00,19.98,19.98,19.98,19.98,200
2026-03-10 10:40:00,20.015,20.045,19.99,20.045,974
2026-03-10 10:45:00,20.0,20.08,19.995,20.08,5915
2026-03-10 10:50:00,20.08,20.08,20.01,20.06,7251
2026-03-10 10:55:00,20.09,20.125,20.06,20.12,8927
2026-03-10 11:00:00,20.115,20.19,20.11,20.16,11703
2026-03-10 11:05:00,20.15,20.15,20.09,20.095,2542
2026-03-10 11:10:00,20.06,20.08,20.06,20.08,1759
2026-03-10 11:15:00,20.18,20.205,20.15,20.2,3500
2026-03-10 11:20:00,20.22,20.22,20.1782,20.1782,221
2026-03-10 11:25:00,20.19,20.19,20.15,20.1696,3766
2026-03-10 11:30:00,20.14,20.15,20.06,20.06,2704
2026-03-10 11:35:00,20.06,20.06,20.05,20.05,1000
2026-03-10 11:40:00,20.07,20.13,20.05,20.12,4292
2026-03-10 11:45:00,20.1,20.135,20.05,20.135,2389
2026-03-10 11:50:00,20.15,20.175,20.15,20.16,2000
2026-03-10 11:55:00,20.1,20.15,20.1,20.15,400
2026-03-10 12:00:00,20.14,20.16,20.12,20.13,4660
2026-03-10 12:05:00,20.07,20.07,19.95,19.95,6074
2026-03-10 12:10:00,20.02,20.08,20.005,20.06,1704
2026-03-10 12:15:00,20.1,20.16,20.1,20.16,2725
2026-03-10 12:20:00,20.15,20.18,20.125,20.18,6179
2026-03-10 12:25:00,20.235,20.29,20.235,20.265,13800
2026-03-10 12:30:00,20.35,20.35,20.35,20.35,258
2026-03-10 12:35:00,20.34,20.34,20.34,20.34,482
2026-03-10 12:40:00,20.3453,20.3453,20.33,20.33,1100
2026-03-10 12:45:00,20.25,20.2657,20.25,20.2657,333
2026-03-10 12:55:00,20.26,20.26,20.26,20.26,100
2026-03-10 13:00:00,20.2799,20.2799,20.25,20.25,1500
2026-03-10 13:05:00,20.285,20.285,20.285,20.285,300
2026-03-10 13:10:00,20.17,20.1858,20.17,20.1858,200
2026-03-10 13:15:00,20.21,20.23,20.21,20.23,251
2026-03-10 13:20:00,20.3254,20.3254,20.31,20.31,2751
2026-03-10 13:25:00,20.34,20.34,20.34,20.34,100
2026-03-10 13:30:00,20.33,20.33,20.32,20.32,200
2026-03-10 13:45:00,20.16,20.28,20.14,20.28,3500
2026-03-10 13:50:00,20.27,20.285,20.24,20.24,800
2026-03-10 13:55:00,20.22,20.22,20.2,20.2,510
2026-03-10 14:00:00,20.2,20.2126,20.2,20.2126,500
2026-03-10 14:05:00,20.25,20.25,20.16,20.16,2585
2026-03-10 14:10:00,20.2,20.23,19.925,19.93,8858
2026-03-10 14:15:00,20.01,20.02,19.93,19.98,1785
2026-03-10 14:20:00,19.87,19.94,19.87,19.94,200
2026-03-10 14:25:00,19.955,20.07,19.955,20.03,750
2026-03-10 14:30:00,20.03,20.09,19.99,20.09,560
2026-03-10 14:45:00,20.025,20.025,19.99,19.99,9018
2026-03-10 14:50:00,19.99,19.99,19.99,19.99,100
2026-03-10 15:00:00,19.92,19.955,19.92,19.955,300
2026-03-10 15:05:00,19.96,19.962,19.95,19.95,507
2026-03-10 15:20:00,20.04,20.04,19.93,19.93,360
2026-03-10 15:25:00,19.86,19.93,19.86,19.93,936
2026-03-10 15:30:00,19.87,19.93,19.8501,19.9,42016
2026-03-10 15:35:00,19.88,19.95,19.86,19.95,816
2026-03-10 15:40:00,19.94,19.98,19.94,19.98,4262
2026-03-10 15:45:00,19.94,19.94,19.87,19.9,938
2026-03-10 15:50:00,19.825,19.85,19.81,19.82,3179
2026-03-10 15:55:00,19.83,19.83,19.75,19.83,9004
2026-03-10 16:00:00,19.85,19.85,19.85,19.85,2149
2026-03-10 16:10:00,19.86,19.86,19.86,19.86,118
2026-03-11 08:00:00,19.71,19.71,19.71,19.71,130
2026-03-11 09:00:00,19.71,19.72,19.71,19.72,685
2026-03-11 09:25:00,20.0,20.0,20.0,20.0,250
2026-03-11 09:30:00,19.99,20.34,19.99,20.34,6854
2026-03-11 09:35:00,20.33,20.4744,20.33,20.36,36646
2026-03-11 09:40:00,20.39,20.4,20.23,20.26,17119
2026-03-11 09:45:00,20.24,20.24,20.15,20.15,3496
2026-03-11 09:50:00,20.02,20.08,20.0085,20.06,5844
2026-03-11 09:55:00,20.06,20.25,20.015,20.25,2202
2026-03-11 10:00:00,20.2,20.385,20.19,20.22,3934
2026-03-11 10:05:00,20.27,20.3,20.18,20.19,4022
2026-03-11 10:10:00,20.19,20.195,20.12,20.12,1480
2026-03-11 10:15:00,20.18,20.2,20.12,20.16,6863
2026-03-11 10:20:00,20.12,20.12,19.98,19.9804,2512
2026-03-11 10:25:00,19.88,19.97,19.83,19.97,1963
2026-03-11 10:30:00,19.96,19.97,19.94,19.95,1599
2026-03-11 10:35:00,19.87,19.98,19.87,19.93,1701
2026-03-11 10:40:00,19.95,20.05,19.95,20.05,7439
2026-03-11 10:45:00,20.05,20.07,19.96,20.06,5559
2026-03-11 10:50:00,20.06,20.09,20.02,20.02,2789
2026-03-11 10:55:00,20.04,20.08,20.01,20.07,4400
2026-03-11 11:00:00,20.04,20.04,20.02,20.02,217
2026-03-11 11:05:00,20.07,20.07,19.9,19.9,2436
2026-03-11 11:10:00,19.88,19.88,19.68,19.72,3566
2026-03-11 11:15:00,19.71,19.71,19.67,19.7,4634
2026-03-11 11:20:00,19.7,19.73,19.64,19.73,2425
2026-03-11 11:25:00,19.74,19.74,19.65,19.69,2670
2026-03-11 11:30:00,19.53,19.65,19.53,19.65,490
2026-03-11 11:35:00,19.64,19.67,19.59,19.59,5645
2026-03-11 11:40:00,19.59,19.63,19.55,19.55,1070
2026-03-11 11:45:00,19.54,19.58,19.47,19.47,6100
2026-03-11 11:50:00,19.6,19.62,19.6,19.62,400
2026-03-11 11:55:00,19.61,19.61,19.61,19.61,190
2026-03-11 12:00:00,19.62,19.63,19.565,19.565,4477
2026-03-11 12:05:00,19.54,19.57,19.51,19.51,2216
2026-03-11 12:10:00,19.51,19.51,19.5,19.51,1325
2026-03-11 12:15:00,19.54,19.54,19.52,19.52,200
2026-03-11 12:20:00,19.47,19.56,19.47,19.54,700
2026-03-11 12:30:00,19.605,19.7,19.605,19.7,300
2026-03-11 12:35:00,19.7,19.7,19.66,19.66,481
2026-03-11 12:40:00,19.66,19.69,19.66,19.67,565
2026-03-11 12:45:00,19.64,19.69,19.64,19.69,414
2026-03-11 12:50:00,19.72,19.72,19.72,19.72,100
2026-03-11 12:55:00,19.71,19.71,19.71,19.71,100
2026-03-11 13:05:00,19.75,19.75,19.75,19.75,100
2026-03-11 13:15:00,19.72,19.72,19.72,19.72,500
2026-03-11 13:20:00,19.72,19.75,19.72,19.75,339
2026-03-11 13:25:00,19.82,19.82,19.82,19.82,100
2026-03-11 13:30:00,19.75,19.75,19.75,19.75,100
2026-03-11 13:35:00,19.7601,19.7601,19.47,19.59,4266
2026-03-11 13:40:00,19.59,19.6,19.59,19.6,1158
2026-03-11 13:45:00,19.6,19.6152,19.6,19.6152,2300
2026-03-11 13:50:00,19.6605,19.665,19.61,19.61,1300
2026-03-11 13:55:00,19.56,19.56,19.56,19.56,491
2026-03-11 14:00:00,19.59,19.59,19.59,19.59,400
2026-03-11 14:05:00,19.56,19.57,19.555,19.57,3109
2026-03-11 14:10:00,19.42,19.42,19.42,19.42,300
2026-03-11 14:15:00,19.47,19.495,19.4517,19.495,784
2026-03-11 14:30:00,19.62,19.62,19.62,19.62,100
2026-03-11 14:35:00,19.66,19.66,19.66,19.66,139
2026-03-11 14:40:00,19.5904,19.5904,19.59,19.59,897
2026-03-11 14:45:00,19.63,19.63,19.605,19.605,600
2026-03-11 14:50:00,19.62,19.7,19.62,19.7,2900
2026-03-11 15:00:00,19.67,19.7,19.63,19.7,797
2026-03-11 15:10:00,19.6,19.6,19.58,19.58,500
2026-03-11 15:15:00,19.6078,19.6078,19.6078,19.6078,147
2026-03-11 15:20:00,19.6,19.6,19.6,19.6,100
2026-03-11 15:30:00,19.67,19.685,19.67,19.685,200
2026-03-11 15:35:00,19.73,19.73,19.73,19.73,300
2026-03-11 15:45:00,19.72,19.72,19.69,19.69,1066
2026-03-11 15:55:00,19.79,19.8,19.77,19.78,12952
2026-03-11 16:00:00,19.79,19.79,19.79,19.79,2225
2026-03-11 16:55:00,19.78,19.78,19.78,19.78,120
2026-03-11 17:30:00,19.66,19.66,19.66,19.66,400
2026-03-11 18:35:00,19.6,19.6,19.6,19.6,100
2026-03-11 19:40:00,19.14,19.14,19.01,19.14,5628
2026-03-11 19:50:00,19.1,19.1,19.1,19.1,141
2026-03-12 07:50:00,19.5,19.5,19.5,19.5,100
2026-03-12 09:20:00,19.21,19.28,19.2,19.28,1282
2026-03-12 09:30:00,19.25,19.62,19.2141,19.62,1195
2026-03-12 09:35:00,19.6266,19.81,19.6266,19.81,1366
2026-03-12 09:40:00,19.87,19.87,19.81,19.81,1810
2026-03-12 09:45:00,19.71,19.71,19.43,19.45,1919
2026-03-12 09:50:00,19.65,19.65,19.47,19.48,1506
2026-03-12 09:55:00,19.425,19.46,19.355,19.37,3325
2026-03-12 10:00:00,19.42,19.615,19.42,19.58,2055
2026-03-12 10:05:00,19.52,19.6099,19.52,19.6099,602
2026-03-12 10:10:00,19.575,19.63,19.575,19.625,906
2026-03-12 10:15:00,19.59,19.59,19.59,19.59,100
2026-03-12 10:20:00,19.43,19.515,19.43,19.515,1374
2026-03-12 10:25:00,19.535,19.535,19.465,19.465,200
2026-03-12 10:30:00,19.31,19.31,19.22,19.22,1153
2026-03-12 10:35:00,19.29,19.36,19.25,19.35,6491
2026-03-12 10:40:00,19.36,19.36,19.33,19.33,231
2026-03-12 10:45:00,19.41,19.55,19.34,19.36,2618
2026-03-12 10:50:00,19.33,19.35,19.28,19.35,900
2026-03-12 10:55:00,19.3405,19.3405,19.28,19.28,1000
2026-03-12 11:00:00,19.27,19.27,19.11,19.21,1845
2026-03-12 11:05:00,19.19,19.2,19.16,19.16,5600
2026-03-12 11:10:00,19.095,19.15,19.04,19.08,4559
2026-03-12 11:15:00,19.07,19.07,19.0,19.06,7302
2026-03-12 11:20:00,19.06,19.06,18.97,19.02,2733
2026-03-12 11:25:00,19.0,19.08,19.0,19.05,1658
2026-03-12 11:30:00,19.06,19.06,19.03,19.03,1915
2026-03-12 11:35:00,19.06,19.11,18.98,19.11,3073
2026-03-12 11:40:00,19.21,19.21,19.11,19.19,1131
2026-03-12 11:45:00,19.19,19.19,19.16,19.16,1677
2026-03-12 11:50:00,19.17,19.24,19.13,19.24,2771
2026-03-12 11:55:00,19.15,19.15,19.15,19.15,300
2026-03-12 12:00:00,19.185,19.2,19.14,19.17,2310
2026-03-12 12:05:00,19.12,19.12,18.88,18.94,11455
2026-03-12 12:10:00,18.95,18.95,18.93,18.94,5713
2026-03-12 12:15:00,19.04,19.13,19.04,19.09,2689
2026-03-12 12:20:00,19.16,19.17,19.15,19.15,440
2026-03-12 12:25:00,19.11,19.11,18.985,18.985,1100
2026-03-12 12:35:00,19.07,19.174,19.06,19.174,3637
2026-03-12 12:40:00,19.13,19.13,19.08,19.09,2183
2026-03-12 12:45:00,19.0263,19.0263,19.0263,19.0263,329
2026-03-12 12:50:00,19.07,19.07,19.0,19.0,548
2026-03-12 12:55:00,19.07,19.07,19.0171,19.06,1400
2026-03-12 13:00:00,19.1,19.14,19.1,19.14,200
2026-03-12 13:05:00,19.175,19.19,19.15,19.15,1868
2026-03-12 13:10:00,19.15,19.17,19.12,19.12,1105
2026-03-12 13:15:00,19.09,19.09,19.07,19.07,325
2026-03-12 13:20:00,19.06,19.11,19.06,19.11,3403
2026-03-12 13:25:00,19.09,19.125,19.085,19.11,3350
2026-03-12 13:30:00,19.1,19.13,19.08,19.12,2476
2026-03-12 13:35:00,19.15,19.21,19.15,19.18,5800
2026-03-12 13:40:00,19.21,19.22,19.12,19.12,6214
2026-03-12 13:45:00,19.06,19.13,19.04,19.12,3118
2026-03-12 13:50:00,19.05,19.07,19.01,19.01,5331
2026-03-12 13:55:00,18.99,19.01,18.93,19.0,2326
2026-03-12 14:00:00,19.06,19.06,19.06,19.06,500
2026-03-12 14:05:00,19.05,19.08,18.99,19.05,3411
2026-03-12 14:10:00,19.05,19.06,19.03,19.06,676
2026-03-12 14:15:00,19.08,19.09,19.07,19.07,520
2026-03-12 14:20:00,19.02,19.07,19.02,19.07,1704
2026-03-12 14:25:00,19.04,19.04,19.04,19.04,100
2026-03-12 14:30:00,19.055,19.055,19.055,19.055,100
2026-03-12 14:35:00,19.0,19.025,19.0,19.025,550
2026-03-12 14:40:00,19.0499,19.0499,19.0499,19.0499,999
2026-03-12 14:45:00,19.03,19.03,19.0,19.0,600
2026-03-12 14:50:00,19.01,19.02,19.01,19.02,200
2026-03-12 15:00:00,18.97,19.03,18.92,18.92,660
2026-03-12 15:05:00,18.94,18.94,18.94,18.94,1000
2026-03-12 15:10:00,18.95,18.9514,18.9,18.9514,1459
2026-03-12 15:15:00,18.96,19.0,18.95,18.99,700
2026-03-12 15:20:00,18.97,19.02,18.97,18.99,850
2026-03-12 15:25:00,18.96,18.9744,18.96,18.9744,448
2026-03-12 15:30:00,18.99,18.99,18.97,18.99,500
2026-03-12 15:35:00,18.97,18.98,18.92,18.92,2466
2026-03-12 15:40:00,18.91,18.91,18.84,18.84,1400
2026-03-12 15:45:00,18.83,18.83,18.79,18.81,1960
2026-03-12 15:50:00,18.81,18.83,18.74,18.75,4322
2026-03-12 15:55:00,18.82,18.82,18.66,18.685,14470
2026-03-12 16:00:00,18.71,18.71,18.71,18.71,2169
2026-03-12 16:05:00,18.76,18.76,18.76,18.76,600
2026-03-12 18:00:00,18.74,18.78,18.74,18.74,800
2026-03-13 04:00:00,18.5,18.5,18.5,18.5,200
2026-03-13 07:40:00,19.0,19.0,18.86,18.86,240
2026-03-13 09:30:00,18.85,18.9093,18.82,18.84,4833
2026-03-13 09:35:00,18.77,18.92,18.7287,18.92,3571
2026-03-13 09:40:00,18.93,19.2793,18.905,19.2684,15446
2026-03-13 09:45:00,19.24,19.325,19.23,19.3073,21844
2026-03-13 09:50:00,19.225,19.2296,19.225,19.2296,659
2026-03-13 09:55:00,19.22,19.22,19.113,19.113,768
2026-03-13 10:00:00,19.16,19.165,19.01,19.01,933
2026-03-13 10:05:00,19.125,19.125,19.111,19.111,200
2026-03-13 10:10:00,19.08,19.08,19.045,19.065,2220
2026-03-13 10:20:00,19.12,19.13,19.11,19.11,2027
2026-03-13 10:25:00,19.14,19.18,19.115,19.15,2643
2026-03-13 10:30:00,19.18,19.32,19.16,19.16,7780
2026-03-13 10:35:00,19.14,19.14,19.03,19.1,9071
2026-03-13 10:40:00,19.07,19.07,18.94,18.94,11438
2026-03-13 10:45:00,18.93,18.93,18.71,18.79,12292
2026-03-13 10:50:00,18.81,18.83,18.7,18.73,11602
2026-03-13 10:55:00,18.73,18.76,18.55,18.55,26415
2026-03-13 11:00:00,18.59,18.59,18.48,18.49,3800
2026-03-13 11:05:00,18.53,18.57,18.46,18.57,7941
2026-03-13 11:10:00,18.58,18.67,18.54,18.65,10920
2026-03-13 11:15:00,18.64,18.66,18.55,18.55,6400
2026-03-13 11:20:00,18.56,18.61,18.44,18.44,4693
2026-03-13 11:25:00,18.43,18.44,18.4002,18.41,3911
2026-03-13 11:30:00,18.39,18.46,18.39,18.46,5000
2026-03-13 11:35:00,18.46,18.48,18.35,18.42,4620
2026-03-13 11:40:00,18.4,18.41,18.2464,18.29,6206
2026-03-13 11:45:00,18.3,18.44,18.235,18.37,13146
2026-03-13 11:50:00,18.36,18.38,18.24,18.29,3310
2026-03-13 11:55:00,18.31,18.31,18.21,18.27,20304
2026-03-13 12:00:00,18.28,18.35,18.27,18.33,9900
2026-03-13 12:05:00,18.32,18.37,18.3,18.34,4412
2026-03-13 12:10:00,18.35,18.41,18.28,18.3437,4040
2026-03-13 12:15:00,18.39,18.39,18.32,18.36,2300
2026-03-13 12:20:00,18.37,18.43,18.36,18.36,4849
2026-03-13 12:25:00,18.37,18.42,18.3,18.4,4006
2026-03-13 12:30:00,18.38,18.42,18.35,18.35,5190
2026-03-13 12:35:00,18.37,18.48,18.37,18.37,3741
2026-03-13 12:40:00,18.36,18.4,18.31,18.33,8632
2026-03-13 12:45:00,18.32,18.32,18.21,18.29,5049
2026-03-13 12:50:00,18.3,18.41,18.3,18.4,6244
2026-03-13 12:55:00,18.39,18.39,18.23,18.24,7735
2026-03-13 13:00:00,18.27,18.28,18.24,18.26,2300
2026-03-13 13:05:00,18.27,18.33,18.25,18.33,3900
2026-03-13 13:10:00,18.34,18.38,18.29,18.38,6533
2026-03-13 13:15:00,18.39,18.43,18.37,18.43,4647
2026-03-13 13:20:00,18.42,18.46,18.37,18.46,4422
2026-03-13 13:25:00,18.45,18.48,18.43,18.48,7349
2026-03-13 13:30:00,18.46,18.49,18.42,18.425,2500
2026-03-13 13:35:00,18.43,18.45,18.4,18.45,2537
2026-03-13 13:40:00,18.44,18.4683,18.36,18.4,7566
2026-03-13 13:45:00,18.41,18.42,18.28,18.29,3725
2026-03-13 13:50:00,18.2,18.24,18.18,18.22,4699
2026-03-13 13:55:00,18.25,18.25,18.22,18.23,3345
2026-03-13 14:00:00,18.25,18.29,18.24,18.27,3600
2026-03-13 14:05:00,18.27,18.3,18.24,18.27,3080
2026-03-13 14:10:00,18.32,18.34,18.31,18.33,2564
2026-03-13 14:15:00,18.33,18.36,18.28,18.28,2900
2026-03-13 14:20:00,18.3,18.33,18.2939,18.2939,1700
2026-03-13 14:25:00,18.32,18.41,18.32,18.41,1200
2026-03-13 14:30:00,18.38,18.46,18.38,18.45,3110
2026-03-13 14:35:00,18.43,18.47,18.41,18.465,2970
2026-03-13 14:40:00,18.47,18.49,18.45,18.49,1200
2026-03-13 14:45:00,18.47,18.47,18.44,18.45,2700
2026-03-13 14:50:00,18.44,18.47,18.44,18.47,1300
2026-03-13 14:55:00,18.46,18.46,18.42,18.44,1100
2026-03-13 15:00:00,18.43,18.43,18.39,18.4,1300
2026-03-13 15:05:00,18.4,18.4,18.36,18.37,1300
2026-03-13 15:10:00,18.37,18.37,18.35,18.35,700
2026-03-13 15:15:00,18.37,18.39,18.37,18.39,1200
2026-03-13 15:20:00,18.29,18.34,18.28,18.34,4621
2026-03-13 15:25:00,18.34,18.34,18.27,18.27,3772
2026-03-13 15:30:00,18.29,18.33,18.29,18.3,2000
2026-03-13 15:35:00,18.31,18.33,18.29,18.3,2684
2026-03-13 15:40:00,18.3,18.32,18.28,18.32,3883
2026-03-13 15:45:00,18.34,18.36,18.325,18.35,2750
2026-03-13 15:50:00,18.39,18.44,18.39,18.43,2803
2026-03-13 15:55:00,18.43,18.49,18.43,18.47,7401
2026-03-13 16:00:00,18.49,18.49,18.46,18.46,9163
2026-03-13 19:55:00,18.32,18.32,18.27,18.27,980
2026-03-16 08:00:00,18.5604,18.95,18.5604,18.95,1197
2026-03-16 08:10:00,19.04,19.07,19.04,19.07,4587
2026-03-16 08:35:00,19.1,19.1,19.1,19.1,120
2026-03-16 08:55:00,19.08,19.08,19.04,19.04,553
2026-03-16 09:10:00,19.18,19.18,19.18,19.18,100
2026-03-16 09:30:00,18.94,19.08,18.87,19.08,9214
2026-03-16 09:35:00,19.1,19.16,19.0226,19.0311,37568
2026-03-16 09:40:00,19.0429,19.0429,18.85,18.86,9358
2026-03-16 09:45:00,18.855,18.935,18.855,18.935,1264
2026-03-16 09:50:00,19.05,19.07,19.01,19.02,3279
2026-03-16 09:55:00,18.995,19.025,18.975,19.025,600
2026-03-16 10:00:00,19.145,19.145,19.035,19.09,3302
2026-03-16 10:05:00,19.1,19.275,19.08,19.275,13327
2026-03-16 10:10:00,19.29,19.29,19.26,19.26,2500
2026-03-16 10:15:00,19.26,19.26,19.26,19.26,100
2026-03-16 10:20:00,19.28,19.28,19.24,19.24,200
2026-03-16 10:25:00,19.15,19.15,19.15,19.15,200
2026-03-16 10:30:00,19.11,19.11,19.04,19.08,2500
2026-03-16 10:35:00,19.05,19.07,18.96,18.96,3527
2026-03-16 10:40:00,18.97,19.0,18.95,18.96,3773
2026-03-16 10:45:00,18.97,18.97,18.88,18.9,3696
2026-03-16 10:50:00,18.85,18.96,18.83,18.96,1600
2026-03-16 10:55:00,18.98,19.02,18.98,19.0,2527
2026-03-16 11:00:00,19.02,19.04,19.0,19.0,3540
2026-03-16 11:05:00,18.94,19.0368,18.94,19.0368,4130
2026-03-16 11:10:00,19.06,19.11,18.99,19.09,1900
2026-03-16 11:15:00,19.06,19.07,19.04,19.07,700
2026-03-16 11:20:00,19.145,19.145,19.145,19.145,100
2026-03-16 11:25:00,19.12,19.122,19.08,19.08,300
2026-03-16 11:30:00,19.11,19.11,19.11,19.11,100
2026-03-16 11:35:00,19.1424,19.15,19.1424,19.1499,2339
2026-03-16 11:40:00,19.14,19.14,19.11,19.11,1000
2026-03-16 11:45:00,19.09,19.1,19.07,19.07,1000
2026-03-16 11:50:00,19.01,19.05,19.01,19.05,755
2026-03-16 11:55:00,19.04,19.07,18.98,18.99,1720
2026-03-16 12:00:00,19.0,19.01,18.991,19.01,900
2026-03-16 12:05:00,18.99,19.02,18.99,19.02,1200
2026-03-16 12:10:00,19.03,19.03,19.02,19.02,300
2026-03-16 12:15:00,18.98,19.04,18.98,19.01,2900
2026-03-16 12:20:00,19.01,19.01,18.9,18.9,700
2026-03-16 12:25:00,18.84,18.85,18.83,18.84,1505
2026-03-16 12:30:00,18.84,18.84,18.8,18.84,1900
2026-03-16 12:35:00,18.86,18.9,18.86,18.9,800
2026-03-16 12:40:00,18.95,19.0,18.95,19.0,200
2026-03-16 12:45:00,18.94,18.94,18.94,18.94,500
2026-03-16 12:50:00,18.96,19.0,18.96,18.98,1400
2026-03-16 12:55:00,18.98,18.98,18.94,18.94,5799
2026-03-16 13:00:00,18.945,19.03,18.945,18.98,2800
2026-03-16 13:05:00,18.97,19.01,18.97,19.01,700
2026-03-16 13:10:00,19.02,19.03,19.01,19.01,400
2026-03-16 13:15:00,19.03,19.03,19.01,19.03,2443
2026-03-16 13:20:00,19.075,19.08,19.06,19.06,600
2026-03-16 13:25:00,19.06,19.06,19.02,19.02,1400
2026-03-16 13:30:00,19.02,19.02,18.99,18.99,400
2026-03-16 13:35:00,19.02,19.02,19.01,19.01,200
2026-03-16 13:40:00,19.0,19.01,18.97,18.97,1681
2026-03-16 13:45:00,18.99,18.99,18.92,18.92,500
2026-03-16 13:50:00,18.89,18.93,18.89,18.93,200
2026-03-16 13:55:00,18.96,18.96,18.9566,18.9566,400
2026-03-16 14:00:00,18.98,19.01,18.98,19.01,300
2026-03-16 14:05:00,19.014,19.07,19.014,19.04,1575
2026-03-16 14:10:00,19.05,19.08,19.05,19.08,900
2026-03-16 14:20:00,19.08,19.15,19.08,19.15,850
2026-03-16 14:25:00,19.16,19.17,19.145,19.16,4540
2026-03-16 14:30:00,19.2,19.202,19.19,19.2,8022
2026-03-16 14:35:00,19.19,19.22,19.19,19.22,1200
2026-03-16 14:40:00,19.22,19.27,19.21,19.27,5406
2026-03-16 14:45:00,19.27,19.28,19.26,19.26,2791
2026-03-16 14:50:00,19.26,19.26,19.24,19.24,2400
2026-03-16 14:55:00,19.23,19.23,19.22,19.22,1000
2026-03-16 15:00:00,19.26,19.26,19.25,19.26,1100
2026-03-16 15:05:00,19.24,19.32,19.24,19.32,4580
2026-03-16 15:10:00,19.35,19.38,19.18,19.23,6645
2026-03-16 15:15:00,19.21,19.26,19.201,19.201,1600
2026-03-16 15:20:00,19.21,19.27,19.17,19.27,1400
2026-03-16 15:25:00,19.26,19.28,19.22,19.28,3077
2026-03-16 15:30:00,19.25,19.26,19.215,19.215,1700
2026-03-16 15:35:00,19.21,19.23,19.175,19.18,2940
2026-03-16 15:40:00,19.17,19.19,19.15,19.15,1935
2026-03-16 15:45:00,19.18,19.2,19.17,19.2,1000
2026-03-16 15:50:00,19.19,19.21,19.14,19.14,3519
2026-03-16 15:55:00,19.17,19.2,19.15,19.19,12407
2026-03-16 16:00:00,19.2,19.2,19.19,19.2,2569
2026-03-16 18:00:00,19.09,19.09,19.09,19.09,562
2026-03-16 18:40:00,19.09,19.09,19.09,19.09,150
2026-03-17 09:30:00,19.5,19.73,19.305,19.73,7359
2026-03-17 09:35:00,19.795,19.97,19.795,19.9475,9355
2026-03-17 09:40:00,19.96,19.99,19.88,19.88,6605
2026-03-17 09:45:00,19.79,20.01,19.78,20.01,10120
2026-03-17 09:50:00,20.02,20.08,19.95,19.985,5193
2026-03-17 09:55:00,19.9296,19.93,19.92,19.92,922
2026-03-17 10:00:00,19.93,19.96,19.87,19.91,3615
2026-03-17 10:05:00,19.9007,19.94,19.89,19.9,4484
2026-03-17 10:10:00,19.89,19.89,19.79,19.805,3429
2026-03-17 10:15:00,19.73,19.74,19.65,19.65,3055
2026-03-17 10:20:00,19.751,19.751,19.751,19.751,400
2026-03-17 10:25:00,19.74,19.81,19.74,19.81,1565
2026-03-17 10:30:00,19.77,19.79,19.76,19.79,2835
2026-03-17 10:35:00,19.82,19.82,19.7,19.73,1500
2026-03-17 10:40:00,19.73,19.77,19.73,19.77,1000
2026-03-17 10:45:00,19.82,19.84,19.81,19.81,1225
2026-03-17 10:50:00,19.8,19.8123,19.8,19.8123,1100
2026-03-17 10:55:00,19.83,19.83,19.81,19.81,1400
2026-03-17 11:00:00,19.84,19.84,19.79,19.79,1611
2026-03-17 11:05:00,19.75,19.75,19.65,19.65,500
2026-03-17 11:10:00,19.68,19.68,19.68,19.68,1100
2026-03-17 11:15:00,19.74,19.74,19.74,19.74,500
2026-03-17 11:20:00,19.75,19.75,19.69,19.73,977
2026-03-17 11:25:00,19.78,19.78,19.78,19.78,400
2026-03-17 11:30:00,19.71,19.71,19.71,19.71,100
2026-03-17 11:35:00,19.57,19.59,19.57,19.59,300
2026-03-17 11:40:00,19.64,19.6718,19.64,19.6718,10177
2026-03-17 11:45:00,19.68,19.7,19.66,19.66,700
2026-03-17 11:50:00,19.69,19.72,19.68,19.7,1400
2026-03-17 11:55:00,19.7,19.71,19.68,19.69,6860
2026-03-17 12:00:00,19.68,19.68,19.65,19.65,400
2026-03-17 12:05:00,19.65,19.65,19.56,19.59,1275
2026-03-17 12:10:00,19.61,19.655,19.605,19.62,2650
2026-03-17 12:15:00,19.59,19.62,19.59,19.6,600
2026-03-17 12:20:00,19.6146,19.6146,19.6146,19.6146,125
2026-03-17 12:25:00,19.6,19.61,19.6,19.61,300
2026-03-17 12:35:00,19.62,19.62,19.54,19.54,700
2026-03-17 12:40:00,19.55,19.6,19.55,19.6,700
2026-03-17 12:45:00,19.61,19.62,19.61,19.61,1500
2026-03-17 12:50:00,19.62,19.64,19.62,19.62,2100
2026-03-17 13:00:00,19.69,19.69,19.69,19.69,100
2026-03-17 13:05:00,19.71,19.71,19.71,19.71,200
2026-03-17 13:10:00,19.68,19.68,19.68,19.68,100
2026-03-17 13:20:00,19.65,19.68,19.65,19.68,200
2026-03-17 13:25:00,19.69,19.71,19.69,19.71,700
2026-03-17 13:30:00,19.7,19.7,19.7,19.7,700
2026-03-17 13:45:00,19.7,19.7,19.7,19.7,100
2026-03-17 13:50:00,19.74,19.74,19.74,19.74,200
2026-03-17 13:55:00,19.74,19.74,19.74,19.74,200
2026-03-17 14:00:00,19.66,19.68,19.64,19.68,800
2026-03-17 14:05:00,19.67,19.67,19.67,19.67,300
2026-03-17 14:10:00,19.68,19.68,19.64,19.64,300
2026-03-17 14:15:00,19.65,19.65,19.65,19.65,200
2026-03-17 14:20:00,19.67,19.67,19.64,19.64,300
2026-03-17 14:25:00,19.55,19.56,19.55,19.56,416
2026-03-17 14:30:00,19.53,19.53,19.53,19.53,551
2026-03-17 14:35:00,19.555,19.57,19.555,19.56,3234
2026-03-17 14:40:00,19.56,19.56,19.55,19.56,600
2026-03-17 14:55:00,19.58,19.58,19.58,19.58,300
2026-03-17 15:00:00,19.62,19.62,19.62,19.62,1100
2026-03-17 15:05:00,19.59,19.59,19.5863,19.5863,300
2026-03-17 15:10:00,19.6107,19.6107,19.6107,19.6107,100
2026-03-17 15:15:00,19.62,19.62,19.555,19.56,551
2026-03-17 15:20:00,19.56,19.56,19.52,19.55,900
2026-03-17 15:30:00,19.52,19.55,19.52,19.55,750
2026-03-17 15:35:00,19.52,19.52,19.5,19.51,950
2026-03-17 15:40:00,19.55,19.55,19.5126,19.5126,26915
2026-03-17 15:45:00,19.54,19.54,19.52,19.53,1200
2026-03-17 15:50:00,19.53,19.57,19.51,19.57,1600
2026-03-17 15:55:00,19.57,19.57,19.545,19.55,7592
2026-03-17 16:00:00,19.56,19.56,19.56,19.56,1752
2026-03-17 16:15:00,19.1326,19.1326,19.1326,19.1326,251
2026-03-17 16:50:00,19.17,19.17,19.17,19.17,100
2026-03-18 08:00:00,19.66,19.78,19.59,19.59,653
2026-03-18 09:15:00,19.19,19.19,19.19,19.19,1500
2026-03-18 09:30:00,19.27,19.67,19.17,19.67,4046
2026-03-18 09:35:00,19.677,19.69,19.65,19.65,1493
2026-03-18 09:40:00,19.65,19.67,19.6,19.6,13080
2026-03-18 09:45:00,19.665,19.75,19.64,19.695,15301
2026-03-18 09:50:00,19.67,19.685,19.62,19.625,1152
2026-03-18 09:55:00,19.61,19.6666,19.6,19.6666,3508
2026-03-18 10:00:00,19.715,19.715,19.56,19.625,3830
2026-03-18 10:05:00,19.585,19.675,19.585,19.64,1525
2026-03-18 10:10:00,19.57,19.58,19.45,19.45,13866
2026-03-18 10:15:00,19.455,19.47,19.455,19.47,860
2026-03-18 10:20:00,19.41,19.42,19.41,19.42,2790
2026-03-18 10:25:00,19.25,19.29,19.18,19.18,2620
2026-03-18 10:30:00,19.26,19.33,19.235,19.33,2690
2026-03-18 10:35:00,19.27,19.32,19.27,19.32,530
2026-03-18 10:40:00,19.28,19.28,19.25,19.26,1888
2026-03-18 10:45:00,19.29,19.31,19.22,19.27,3810
2026-03-18 10:50:00,19.3,19.3,19.245,19.28,3725
2026-03-18 10:55:00,19.33,19.39,19.33,19.385,1265
2026-03-18 11:00:00,19.41,19.45,19.37,19.39,1880
2026-03-18 11:05:00,19.4,19.49,19.38,19.49,1820
2026-03-18 11:10:00,19.4901,19.495,19.48,19.48,1092
2026-03-18 11:15:00,19.49,19.51,19.47,19.47,1716
2026-03-18 11:20:00,19.47,19.515,19.45,19.515,1685
2026-03-18 11:25:00,19.52,19.52,19.52,19.52,100
2026-03-18 11:30:00,19.54,19.57,19.51,19.57,2622
2026-03-18 11:35:00,19.52,19.58,19.52,19.58,300
2026-03-18 11:40:00,19.53,19.55,19.49,19.55,4192
2026-03-18 11:45:00,19.54,19.6,19.53,19.565,3239
2026-03-18 11:50:00,19.55,19.56,19.545,19.56,630
2026-03-18 11:55:00,19.6045,19.62,19.58,19.5936,1398
2026-03-18 12:00:00,19.54,19.55,19.52,19.55,1135
2026-03-18 12:05:00,19.55,19.57,19.54,19.55,2406
2026-03-18 12:10:00,19.54,19.6,19.54,19.6,1020
2026-03-18 12:15:00,19.58,19.58,19.55,19.55,700
2026-03-18 12:20:00,19.59,19.59,19.59,19.59,330
2026-03-18 12:25:00,19.56,19.56,19.54,19.54,810
2026-03-18 12:30:00,19.52,19.53,19.43,19.43,3887
2026-03-18 12:35:00,19.43,19.44,19.39,19.44,1655
2026-03-18 12:40:00,19.44,19.44,19.43,19.44,660
2026-03-18 12:45:00,19.44,19.46,19.44,19.45,730
2026-03-18 12:50:00,19.4381,19.495,19.4381,19.495,530
2026-03-18 12:55:00,19.49,19.49,19.39,19.39,1330
2026-03-18 13:00:00,19.38,19.385,19.33,19.36,2199
2026-03-18 13:05:00,19.37,19.375,19.33,19.33,2083
2026-03-18 13:10:00,19.33,19.35,19.33,19.35,1263
2026-03-18 13:15:00,19.37,19.41,19.34,19.41,2510
2026-03-18 13:20:00,19.41,19.44,19.41,19.44,330
2026-03-18 13:25:00,19.44,19.47,19.44,19.47,728
2026-03-18 13:30:00,19.46,19.49,19.44,19.49,1192
2026-03-18 13:35:00,19.54,19.58,19.54,19.58,860
2026-03-18 13:40:00,19.56,19.56,19.53,19.53,2508
2026-03-18 13:45:00,19.535,19.6,19.535,19.575,2053
2026-03-18 13:50:00,19.55,19.58,19.55,19.58,2440
2026-03-18 13:55:00,19.57,19.6,19.57,19.6,1828
2026-03-18 14:00:00,19.66,19.7025,19.66,19.7025,2028
2026-03-18 14:05:00,19.7,19.7,19.58,19.58,2063
2026-03-18 14:10:00,19.59,19.59,19.52,19.5507,3288
2026-03-18 14:15:00,19.52,19.52,19.45,19.515,2535
2026-03-18 14:20:00,19.51,19.53,19.51,19.52,300
2026-03-18 14:25:00,19.51,19.52,19.5,19.52,300
2026-03-18 14:30:00,19.56,19.56,19.51,19.51,1026
2026-03-18 14:35:00,19.55,19.66,19.55,19.56,1917
2026-03-18 14:40:00,19.55,19.6,19.53,19.53,1125
2026-03-18 14:45:00,19.51,19.53,19.48,19.48,900
2026-03-18 14:50:00,19.42,19.43,19.42,19.43,600
2026-03-18 14:55:00,19.35,19.37,19.35,19.37,300
2026-03-18 15:00:00,19.42,19.42,19.42,19.42,100
2026-03-18 15:20:00,19.35,19.35,19.35,19.35,100
2026-03-18 15:25:00,19.29,19.31,19.28,19.3001,3510
2026-03-18 15:30:00,19.31,19.3301,19.31,19.33,1660
2026-03-18 15:35:00,19.34,19.34,19.26,19.26,200
2026-03-18 15:40:00,19.2135,19.2135,19.19,19.21,1195
2026-03-18 15:45:00,19.17,19.2099,19.17,19.18,1523
2026-03-18 15:50:00,19.175,19.175,19.14,19.14,3309
2026-03-18 15:55:00,19.14,19.16,19.09,19.11,24750
2026-03-18 16:00:00,19.12,19.12,19.12,19.12,1713
2026-03-18 16:05:00,19.11,19.11,19.11,19.11,500
2026-03-19 08:00:00,18.94,18.94,18.55,18.55,1019
2026-03-19 08:15:00,18.81,18.81,18.81,18.81,127
2026-03-19 09:30:00,18.67,18.8,18.5901,18.725,13506
2026-03-19 09:35:00,18.81,18.82,18.77,18.8,2661
2026-03-19 09:40:00,18.975,19.1,18.975,19.02,2858
2026-03-19 09:45:00,18.97,18.97,18.85,18.885,4686
2026-03-19 09:50:00,18.97,19.08,18.95,19.08,14643
2026-03-19 09:55:00,19.05,19.05,18.94,18.94,1586
2026-03-19 10:00:00,19.02,19.02,18.93,18.94,4613
2026-03-19 10:05:00,18.94,18.96,18.76,18.76,8460
2026-03-19 10:10:00,18.67,18.86,18.64,18.64,7515
2026-03-19 10:15:00,18.6,18.64,18.55,18.605,6407
2026-03-19 10:20:00,18.5,18.5,18.44,18.47,5731
2026-03-19 10:25:00,18.465,18.49,18.455,18.48,1927
2026-03-19 10:30:00,18.485,18.68,18.485,18.68,5559
2026-03-19 10:35:00,18.7,18.7,18.595,18.62,4246
2026-03-19 10:40:00,18.64,18.72,18.56,18.56,6043
2026-03-19 10:45:00,18.6,18.66,18.58,18.66,3220
2026-03-19 10:50:00,18.64,18.71,18.63,18.67,5309
2026-03-19 10:55:00,18.64,18.72,18.6275,18.67,5389
2026-03-19 11:00:00,18.69,18.7825,18.67,18.7825,7697
2026-03-19 11:05:00,18.81,18.84,18.78,18.81,12233
2026-03-19 11:10:00,18.82,18.84,18.755,18.81,7554
2026-03-19 11:15:00,18.83,18.84,18.62,18.62,1906
2026-03-19 11:20:00,18.6,18.63,18.55,18.585,17779
2026-03-19 11:25:00,18.54,18.57,18.51,18.51,2460
2026-03-19 11:30:00,18.52,18.53,18.43,18.43,5171
2026-03-19 11:35:00,18.445,18.4525,18.3501,18.405,6726
2026-03-19 11:40:00,18.41,18.42,18.37,18.42,4518
2026-03-19 11:45:00,18.3999,18.44,18.38,18.42,5278
2026-03-19 11:50:00,18.41,18.45,18.39,18.39,5269
2026-03-19 11:55:00,18.4,18.53,18.4,18.53,4015
2026-03-19 12:00:00,18.58,18.65,18.561,18.62,4273
2026-03-19 12:05:00,18.6,18.65,18.56,18.58,6950
2026-03-19 12:10:00,18.55,18.55,18.48,18.53,2986
2026-03-19 12:15:00,18.46,18.46,18.4,18.41,2600
2026-03-19 12:20:00,18.43,18.46,18.4,18.4,3060
2026-03-19 12:25:00,18.46,18.49,18.46,18.49,3220
2026-03-19 12:30:00,18.49,18.49,18.41,18.42,4074
2026-03-19 12:35:00,18.42,18.46,18.37,18.46,3033
2026-03-19 12:40:00,18.51,18.51,18.47,18.5,2976
2026-03-19 12:45:00,18.5,18.525,18.49,18.49,3908
2026-03-19 12:50:00,18.5,18.51,18.4,18.41,3397
2026-03-19 12:55:00,18.4,18.46,18.4,18.46,620
2026-03-19 13:00:00,18.47,18.47,18.38,18.38,5523
2026-03-19 13:05:00,18.37,18.395,18.31,18.31,6962
2026-03-19 13:10:00,18.32,18.32,18.2999,18.31,1320
2026-03-19 13:15:00,18.31,18.41,18.28,18.41,4810
2026-03-19 13:20:00,18.39,18.39,18.35,18.37,2760
2026-03-19 13:25:00,18.37,18.4,18.37,18.4,3033
2026-03-19 13:30:00,18.39,18.42,18.33,18.33,4561
2026-03-19 13:35:00,18.33,18.34,18.29,18.29,3773
2026-03-19 13:40:00,18.29,18.35,18.29,18.34,5440
2026-03-19 13:45:00,18.33,18.38,18.31,18.32,7251
2026-03-19 13:50:00,18.37,18.48,18.36,18.45,4554
2026-03-19 13:55:00,18.42,18.42,18.38,18.38,2620
2026-03-19 14:00:00,18.36,18.36,18.315,18.315,2736
2026-03-19 14:05:00,18.31,18.36,18.31,18.36,909
2026-03-19 14:10:00,18.39,18.505,18.39,18.46,5420
2026-03-19 14:15:00,18.475,18.48,18.42,18.45,8774
2026-03-19 14:20:00,18.48,18.48,18.42,18.44,4692
2026-03-19 14:30:00,18.38,18.38,18.36,18.37,500
2026-03-19 14:35:00,18.41,18.41,18.35,18.35,500
2026-03-19 14:40:00,18.3935,18.3935,18.35,18.35,500
2026-03-19 14:45:00,18.385,18.385,18.385,18.385,200
2026-03-19 14:50:00,18.37,18.42,18.37,18.42,700
2026-03-19 14:55:00,18.5,18.52,18.5,18.52,800
2026-03-19 15:00:00,18.68,18.8101,18.68,18.8,13416
2026-03-19 15:05:00,18.85,19.0,18.85,18.91,4585
2026-03-19 15:10:00,18.91,18.99,18.84,18.95,4086
2026-03-19 15:15:00,19.0,19.01,18.92,18.96,4743
2026-03-19 15:20:00,18.89,18.89,18.81,18.84,3223
2026-03-19 15:25:00,18.77,18.8,18.77,18.8,1000
2026-03-19 15:30:00,18.78,18.84,18.78,18.84,1700
2026-03-19 15:35:00,18.76,18.82,18.72,18.815,7949
2026-03-19 15:40:00,18.835,18.895,18.835,18.89,981
2026-03-19 15:45:00,18.83,18.88,18.83,18.87,3415
2026-03-19 15:50:00,18.85,18.86,18.81,18.84,4352
2026-03-19 15:55:00,18.83,18.87,18.8,18.8,8583
2026-03-19 16:00:00,18.79,18.79,18.79,18.79,3376
2026-03-19 16:15:00,18.44,18.44,18.44,18.44,300
2026-03-19 18:00:00,18.96,18.96,18.96,18.96,1000
2026-03-20 09:30:00,18.52,18.52,18.11,18.21,12491
2026-03-20 09:35:00,18.22,18.29,18.21,18.23,24061
2026-03-20 09:40:00,18.18,18.26,18.18,18.26,3833
2026-03-20 09:45:00,18.28,18.3849,18.17,18.2,6425
2026-03-20 09:50:00,18.1,18.1,17.965,18.0499,24171
2026-03-20 09:55:00,18.07,18.07,17.93,17.93,7199
2026-03-20 10:00:00,17.89,18.06,17.89,18.06,4409
2026-03-20 10:05:00,18.13,18.15,18.04,18.04,1025
2026-03-20 10:10:00,18.08,18.08,17.98,18.025,998
2026-03-20 10:15:00,18.09,18.13,18.04,18.05,1751
2026-03-20 10:20:00,18.1,18.1,18.08,18.09,1807
2026-03-20 10:25:00,18.1,18.1,18.1,18.1,400
2026-03-20 10:30:00,18.18,18.27,18.18,18.23,12490
2026-03-20 10:35:00,18.24,18.31,18.15,18.15,9104
2026-03-20 10:40:00,18.2,18.26,18.19,18.2,5636
2026-03-20 10:45:00,18.2,18.26,18.19,18.23,5318
2026-03-20 10:50:00,18.23,18.23,18.03,18.03,2160
2026-03-20 10:55:00,18.09,18.1,18.07,18.1,1400
2026-03-20 11:00:00,18.18,18.18,18.06,18.06,1860
2026-03-20 11:05:00,18.0384,18.0384,17.95,17.95,2599
2026-03-20 11:10:00,17.9879,18.09,17.9879,18.09,1642
2026-03-20 11:15:00,18.09,18.09,18.03,18.03,730
2026-03-20 11:20:00,18.005,18.21,17.9999,18.17,1660
2026-03-20 11:25:00,18.05,18.05,18.04,18.04,1460
2026-03-20 11:30:00,18.0,18.055,18.0,18.055,707
2026-03-20 11:35:00,18.01,18.03,18.01,18.02,1378
2026-03-20 11:40:00,18.01,18.1,17.97,18.1,2360
2026-03-20 11:45:00,18.07,18.12,18.05,18.085,3619
2026-03-20 11:50:00,18.12,18.12,18.11,18.11,470
2026-03-20 11:55:00,18.13,18.15,18.13,18.14,1039
2026-03-20 12:00:00,18.17,18.23,18.17,18.23,570
2026-03-20 12:05:00,18.22,18.25,18.22,18.23,5474
2026-03-20 12:10:00,18.23,18.25,18.23,18.25,1013
2026-03-20 12:15:00,18.22,18.25,18.21,18.25,1840
2026-03-20 12:20:00,18.25,18.25,18.225,18.225,1375
2026-03-20 12:25:00,18.19,18.19,18.14,18.14,1937
2026-03-20 12:30:00,18.11,18.11,18.01,18.07,14849
2026-03-20 12:35:00,18.09,18.09,18.03,18.06,3112
2026-03-20 12:40:00,18.05,18.05,18.02,18.03,1560
2026-03-20 12:45:00,18.02,18.04,18.02,18.04,2520
2026-03-20 12:50:00,18.05,18.07,18.0,18.07,5165
2026-03-20 12:55:00,18.06,18.16,18.06,18.1,2900
2026-03-20 13:00:00,18.11,18.14,18.105,18.13,6597
2026-03-20 13:05:00,18.12,18.12,18.005,18.1,1200
2026-03-20 13:10:00,18.09,18.09,18.04,18.06,2672
2026-03-20 13:15:00,18.06,18.07,18.02,18.03,40763
2026-03-20 13:20:00,18.01,18.1,18.01,18.055,7067
2026-03-20 13:25:00,18.05,18.07,18.02,18.07,1308
2026-03-20 13:30:00,18.07,18.07,17.97,17.97,1990
2026-03-20 13:35:00,17.94,17.94,17.88,17.9,10912
2026-03-20 13:40:00,17.93,17.93,17.89,17.895,3351
2026-03-20 13:45:00,17.91,17.92,17.8831,17.89,2657
2026-03-20 13:50:00,17.89,17.96,17.89,17.96,2195
2026-03-20 13:55:00,17.97,18.04,17.97,18.04,2290
2026-03-20 14:00:00,18.045,18.0601,18.03,18.03,3405
2026-03-20 14:05:00,17.98,18.0,17.96,18.0,2449
2026-03-20 14:10:00,17.9782,17.9782,17.9782,17.9782,200
2026-03-20 14:15:00,17.93,17.95,17.93,17.95,5625
2026-03-20 14:20:00,17.95,17.96,17.81,17.81,14006
2026-03-20 14:25:00,17.85,17.93,17.85,17.88,2892
2026-03-20 14:30:00,17.82,17.86,17.82,17.84,800
2026-03-20 14:35:00,17.83,17.83,17.75,17.75,1600
2026-03-20 14:40:00,17.76,17.8,17.73,17.75,2200
2026-03-20 14:45:00,17.73,17.73,17.7299,17.73,345
2026-03-20 14:50:00,17.6904,17.735,17.6904,17.72,515
2026-03-20 14:55:00,17.68,17.72,17.6701,17.72,1681
2026-03-20 15:00:00,17.75,17.77,17.75,17.77,835
2026-03-20 15:05:00,17.74,17.76,17.735,17.735,3460
2026-03-20 15:10:00,17.72,17.75,17.72,17.75,2800
2026-03-20 15:15:00,17.775,17.775,17.73,17.73,2122
2026-03-20 15:20:00,17.7401,17.7401,17.7401,17.7401,300
2026-03-20 15:25:00,17.695,17.695,17.68,17.68,241
2026-03-20 15:30:00,17.696,17.696,17.64,17.64,4510
2026-03-20 15:35:00,17.64,17.64,17.46,17.47,12699
2026-03-20 15:40:00,17.55,17.62,17.55,17.62,2580
2026-03-20 15:45:00,17.58,17.6143,17.52,17.52,2316
2026-03-20 15:50:00,17.57,17.74,17.53,17.74,17477
2026-03-20 15:55:00,17.76,17.85,17.7398,17.85,14006
2026-03-20 16:00:00,17.87,17.87,17.87,17.87,2011
2026-03-20 16:10:00,17.87,17.87,17.87,17.87,100
2026-03-20 16:45:00,17.99,17.99,17.99,17.99,500
2026-03-20 17:00:00,17.95,17.95,17.92,17.92,1607
2026-03-20 17:05:00,17.89,17.89,17.89,17.89,171
2026-03-20 17:10:00,18.25,18.25,18.25,18.25,200
2026-03-23 07:05:00,18.0,18.0,18.0,18.0,2500
2026-03-23 07:10:00,18.82,18.82,18.82,18.82,189
2026-03-23 07:15:00,18.9,18.9,18.9,18.9,1300
2026-03-23 07:30:00,18.27,19.02,18.27,19.02,2483
2026-03-23 07:55:00,18.54,18.54,18.54,18.54,100
2026-03-23 08:00:00,18.65,18.65,18.65,18.65,150
2026-03-23 08:20:00,18.69,18.69,18.69,18.69,150
2026-03-23 08:30:00,18.57,18.61,18.57,18.61,212
2026-03-23 08:45:00,18.84,18.92,18.84,18.92,300
2026-03-23 09:25:00,18.6,18.6,18.6,18.6,158
2026-03-23 09:30:00,18.66,18.66,18.4118,18.56,1651
2026-03-23 09:35:00,18.5748,18.82,18.5612,18.82,20158
2026-03-23 09:40:00,18.815,18.8342,18.715,18.78,4047
2026-03-23 09:45:00,18.72,18.9,18.72,18.9,4532
2026-03-23 09:50:00,19.0,19.04,18.9601,19.04,4767
2026-03-23 09:55:00,18.9,19.05,18.9,19.05,1251
2026-03-23 10:00:00,19.015,19.095,19.015,19.025,13229
2026-03-23 10:05:00,19.015,19.13,18.995,18.995,6561
2026-03-23 10:10:00,19.13,19.21,19.13,19.21,1176
2026-03-23 10:15:00,19.235,19.275,19.21,19.2614,7583
2026-03-23 10:20:00,19.2601,19.34,19.26,19.34,1440
2026-03-23 10:25:00,19.23,19.23,19.16,19.205,2662
2026-03-23 10:30:00,19.21,19.2312,19.1401,19.2312,8300
2026-03-23 10:35:00,19.22,19.23,19.12,19.12,1887
2026-03-23 10:40:00,19.165,19.17,19.125,19.16,1231
2026-03-23 10:45:00,19.14,19.24,19.14,19.23,6674
2026-03-23 10:50:00,19.22,19.25,19.15,19.2,10250
2026-03-23 10:55:00,19.2,19.24,19.2,19.24,1900
2026-03-23 11:00:00,19.27,19.38,19.24,19.38,800
2026-03-23 11:05:00,19.39,19.39,19.38,19.38,400
2026-03-23 11:10:00,19.37,19.38,19.33,19.33,1400
2026-03-23 11:15:00,19.38,19.38,19.29,19.31,521
2026-03-23 11:20:00,19.26,19.37,19.26,19.36,7186
2026-03-23 11:25:00,19.33,19.33,19.23,19.2304,2600
2026-03-23 11:30:00,19.25,19.28,19.25,19.27,658
2026-03-23 11:35:00,19.25,19.25,19.065,19.09,1876
2026-03-23 11:40:00,19.1,19.1,18.97,19.0,7008
2026-03-23 11:45:00,19.0,19.0,18.87,18.97,8048
2026-03-23 11:50:00,18.97,18.97,18.81,18.81,4994
2026-03-23 11:55:00,18.79,18.79,18.69,18.7,10885
2026-03-23 12:00:00,18.73,18.82,18.72,18.8,4866
2026-03-23 12:05:00,18.78,18.91,18.78,18.91,1863
2026-03-23 12:10:00,18.937,18.96,18.93,18.95,2724
2026-03-23 12:15:00,18.91,18.91,18.87,18.87,500
2026-03-23 12:20:00,18.88,18.9199,18.83,18.86,4591
2026-03-23 12:25:00,18.835,18.835,18.69,18.69,3838
2026-03-23 12:30:00,18.69,18.78,18.68,18.78,1670
2026-03-23 12:35:00,18.81,18.825,18.74,18.76,3300
2026-03-23 12:40:00,18.79,18.83,18.76,18.83,2968
2026-03-23 12:45:00,18.8401,18.8401,18.81,18.83,1534
2026-03-23 12:50:00,18.87,18.87,18.77,18.77,1898
2026-03-23 12:55:00,18.74,18.765,18.74,18.765,300
2026-03-23 13:00:00,18.8,18.82,18.76,18.76,1316
2026-03-23 13:05:00,18.71,18.74,18.71,18.74,315
2026-03-23 13:10:00,18.78,18.81,18.78,18.79,1500
2026-03-23 13:15:00,18.7652,18.7652,18.69,18.745,3000
2026-03-23 13:20:00,18.67,18.67,18.67,18.67,100
2026-03-23 13:25:00,18.72,18.77,18.72,18.76,4637
2026-03-23 13:30:00,18.8,18.94,18.8,18.93,3309
2026-03-23 13:35:00,19.0,19.07,18.99,18.99,6137
2026-03-23 13:40:00,19.0,19.0,18.94,18.95,10100
2026-03-23 13:45:00,18.96,18.96,18.94,18.95,1300
2026-03-23 13:50:00,18.96,19.01,18.955,19.01,2209
2026-03-23 13:55:00,19.0,19.07,19.0,19.06,3070
2026-03-23 14:00:00,19.0516,19.09,19.045,19.09,2669
2026-03-23 14:05:00,19.07,19.1,19.0,19.06,5662
2026-03-23 14:10:00,19.08,19.08,19.04,19.05,3000
2026-03-23 14:15:00,19.05,19.05,19.03,19.04,700
2026-03-23 14:20:00,19.03,19.03,19.01,19.0199,881
2026-03-23 14:25:00,19.05,19.06,19.03,19.03,1400
2026-03-23 14:30:00,19.05,19.12,19.05,19.12,1477
2026-03-23 14:35:00,19.19,19.22,19.18,19.2,4238
2026-03-23 14:40:00,19.2,19.21,19.18,19.19,4803
2026-03-23 14:45:00,19.19,19.21,19.19,19.2,2784
2026-03-23 14:50:00,19.2,19.2,19.19,19.19,1166
2026-03-23 14:55:00,19.2,19.21,19.1998,19.21,800
2026-03-23 15:00:00,19.2,19.205,19.185,19.19,1620
2026-03-23 15:05:00,19.2,19.2,19.17,19.17,1325
2026-03-23 15:10:00,19.17,19.17,19.14,19.14,200
2026-03-23 15:15:00,19.12,19.13,19.08,19.09,2819
2026-03-23 15:20:00,19.06,19.06,19.06,19.06,300
2026-03-23 15:25:00,19.08,19.09,19.05,19.09,500
2026-03-23 15:30:00,19.09,19.09,19.06,19.07,1310
2026-03-23 15:35:00,19.05,19.08,19.02,19.08,500
2026-03-23 15:40:00,19.07,19.1,19.07,19.1,1200
2026-03-23 15:45:00,19.12,19.14,19.1,19.11,2040
2026-03-23 15:50:00,19.09,19.09,18.98,18.98,6936
2026-03-23 15:55:00,18.97,18.975,18.89,18.92,16860
2026-03-23 16:00:00,18.92,18.92,18.86,18.86,3098
2026-03-23 19:50:00,19.3248,19.3248,19.3248,19.3248,100
2026-03-23 19:55:00,18.85,18.85,18.85,18.85,195
2026-03-24 07:40:00,18.71,18.71,18.71,18.71,143
2026-03-24 07:50:00,18.7,18.7,18.7,18.7,400
2026-03-24 08:00:00,18.7194,18.7194,18.7194,18.7194,150
2026-03-24 09:30:00,18.41,18.44,18.32,18.41,4928
2026-03-24 09:35:00,18.41,18.41,17.9641,17.9641,8836
2026-03-24 09:40:00,17.94,17.97,17.85,17.91,29220
2026-03-24 09:45:00,17.93,18.0885,17.82,17.83,11779
2026-03-24 09:50:00,17.85,17.94,17.765,17.93,8258
2026-03-24 09:55:00,17.895,17.94,17.865,17.94,3086
2026-03-24 10:00:00,17.9453,17.98,17.74,17.79,9576
2026-03-24 10:05:00,17.85,17.89,17.7,17.875,5921
2026-03-24 10:10:00,17.945,17.945,17.572,17.74,8777
2026-03-24 10:15:00,17.73,17.74,17.695,17.74,4854
2026-03-24 10:20:00,17.84,17.91,17.8,17.85,6439
2026-03-24 10:25:00,17.825,17.975,17.825,17.945,1031
2026-03-24 10:30:00,17.88,17.95,17.85,17.95,9405
2026-03-24 10:35:00,17.94,17.94,17.9,17.92,2298
2026-03-24 10:40:00,17.92,18.04,17.92,18.04,1375
2026-03-24 10:45:00,18.03,18.14,17.95,17.95,4270
2026-03-24 10:50:00,17.89,18.23,17.87,18.08,9893
2026-03-24 10:55:00,18.09,18.23,17.9,17.99,11038
2026-03-24 11:00:00,18.12,18.1492,18.07,18.1,8687
2026-03-24 11:05:00,18.08,18.1,18.01,18.02,2813
2026-03-24 11:10:00,17.98,18.07,17.96,18.025,1200
2026-03-24 11:15:00,18.045,18.095,18.04,18.04,600
2026-03-24 11:20:00,17.99,18.14,17.99,18.14,1249
2026-03-24 11:25:00,18.13,18.163,18.08,18.08,700
2026-03-24 11:30:00,18.08,18.08,17.96,18.0,3823
2026-03-24 11:35:00,17.99,18.03,17.99,18.03,1650
2026-03-24 11:40:00,18.03,18.03,17.96,18.01,3500
2026-03-24 11:45:00,17.99,18.04,17.99,18.015,4172
2026-03-24 11:50:00,18.03,18.08,18.03,18.055,2505
2026-03-24 11:55:00,18.03,18.03,17.85,17.87,3060
2026-03-24 12:00:00,17.83,17.8999,17.83,17.87,4975
2026-03-24 12:05:00,17.815,17.855,17.8,17.855,700
2026-03-24 12:10:00,17.87,17.87,17.86,17.86,700
2026-03-24 12:20:00,18.02,18.02,18.02,18.02,430
2026-03-24 12:25:00,18.02,18.02,17.99,17.99,300
2026-03-24 12:35:00,17.93,17.93,17.75,17.75,12691
2026-03-24 12:40:00,17.75,17.85,17.75,17.85,5052
2026-03-24 12:45:00,17.88,17.9,17.88,17.9,1205
2026-03-24 12:50:00,17.8699,17.89,17.84,17.84,7700
2026-03-24 12:55:00,17.8,17.845,17.77,17.83,5860
2026-03-24 13:00:00,17.72,17.72,17.63,17.63,3000
2026-03-24 13:05:00,17.615,17.62,17.57,17.57,2702
2026-03-24 13:10:00,17.56,17.56,17.51,17.55,500
2026-03-24 13:15:00,17.54,17.54,17.53,17.53,3683
2026-03-24 13:20:00,17.53,17.54,17.53,17.54,200
2026-03-24 13:25:00,17.54,17.54,17.51,17.51,300
2026-03-24 13:30:00,17.6,17.6,17.6,17.6,321
2026-03-24 13:35:00,17.57,17.6,17.5565,17.5999,2359
2026-03-24 13:40:00,17.64,17.64,17.55,17.55,1384
2026-03-24 13:45:00,17.555,17.555,17.555,17.555,200
2026-03-24 13:50:00,17.57,17.68,17.57,17.57,6279
2026-03-24 13:55:00,17.63,17.72,17.62,17.62,4993
2026-03-24 14:00:00,17.69,17.725,17.68,17.68,1032
2026-03-24 14:05:00,17.67,17.67,17.66,17.67,1330
2026-03-24 14:10:00,17.65,17.66,17.65,17.66,612
2026-03-24 14:15:00,17.64,17.67,17.625,17.66,6217
2026-03-24 14:20:00,17.66,17.66,17.64,17.64,720
2026-03-24 14:25:00,17.68,17.68,17.65,17.66,2166
2026-03-24 14:30:00,17.6639,17.77,17.6639,17.77,217
2026-03-24 14:35:00,17.78,17.9,17.78,17.9,1601
2026-03-24 14:40:00,17.86,17.87,17.72,17.77,1000
2026-03-24 14:45:00,17.75,17.75,17.6961,17.6961,1067
2026-03-24 14:50:00,17.76,17.76,17.76,17.76,200
2026-03-24 14:55:00,17.72,17.72,17.7,17.71,2337
2026-03-24 15:00:00,17.74,17.79,17.74,17.78,866
2026-03-24 15:05:00,17.78,17.79,17.77,17.77,1102
2026-03-24 15:10:00,17.77,17.79,17.755,17.79,368
2026-03-24 15:15:00,17.81,17.835,17.81,17.835,568
2026-03-24 15:20:00,17.82,17.82,17.79,17.79,5011
2026-03-24 15:25:00,17.77,17.79,17.7286,17.7286,825
2026-03-24 15:30:00,17.72,17.72,17.675,17.675,1492
2026-03-24 15:35:00,17.64,17.67,17.64,17.67,1747
2026-03-24 15:40:00,17.68,17.685,17.67,17.67,1377
2026-03-24 15:45:00,17.66,17.66,17.595,17.62,1030
2026-03-24 15:50:00,17.6,17.6,17.52,17.52,11610
2026-03-24 15:55:00,17.55,17.55,17.505,17.54,12432
2026-03-24 16:00:00,17.53,17.53,17.53,17.53,4001
2026-03-24 16:15:00,17.63,17.63,17.63,17.63,400
2026-03-24 16:20:00,17.95,17.95,17.95,17.95,300
2026-03-24 16:25:00,18.14,18.16,18.14,18.16,19000
2026-03-24 16:35:00,17.99,18.16,17.99,18.16,1200
2026-03-24 16:50:00,17.94,17.95,17.94,17.95,500
2026-03-24 18:25:00,18.07,18.07,18.0,18.0,1800
2026-03-24 18:35:00,17.99,18.0157,17.98,18.0157,788
2026-03-24 19:25:00,18.09,18.09,18.09,18.09,2400
2026-03-25 06:15:00,18.2,18.2,18.2,18.2,1000
2026-03-25 07:00:00,18.26,18.26,18.26,18.26,137
2026-03-25 08:00:00,18.3,18.3,17.93,17.93,793
2026-03-25 08:50:00,18.09,18.09,18.09,18.09,498
2026-03-25 09:30:00,18.23,18.54,18.1,18.51,7161
2026-03-25 09:35:00,18.55,18.7,18.5,18.51,22064
2026-03-25 09:40:00,18.569,18.57,18.3702,18.3702,9710
2026-03-25 09:45:00,18.445,18.465,18.42,18.42,3168
2026-03-25 09:50:00,18.4,18.4,18.24,18.255,28359
2026-03-25 09:55:00,18.2685,18.29,18.25,18.255,8006
2026-03-25 10:00:00,18.2,18.255,18.12,18.225,6272
2026-03-25 10:05:00,18.19,18.235,18.14,18.16,11762
2026-03-25 10:10:00,18.1599,18.22,18.1,18.175,1530
2026-03-25 10:15:00,18.235,18.285,18.235,18.285,373
2026-03-25 10:20:00,18.33,18.39,18.33,18.35,4661
2026-03-25 10:25:00,18.27,18.35,18.27,18.34,2289
2026-03-25 10:30:00,18.27,18.38,18.27,18.37,5411
2026-03-25 10:35:00,18.41,18.41,18.24,18.29,10191
2026-03-25 10:40:00,18.285,18.35,18.285,18.285,3100
2026-03-25 10:45:00,18.27,18.31,18.26,18.26,4988
2026-03-25 10:50:00,18.25,18.31,18.215,18.245,6230
2026-03-25 10:55:00,18.28,18.32,18.27,18.28,11763
2026-03-25 11:00:00,18.3,18.34,18.3,18.32,23235
2026-03-25 11:05:00,18.31,18.31,18.12,18.12,14205
2026-03-25 11:10:00,18.08,18.1,17.8,17.82,16160
2026-03-25 11:15:00,17.81,17.85,17.61,17.635,21882
2026-03-25 11:20:00,17.66,17.89,17.66,17.89,6884
2026-03-25 11:25:00,17.9,17.99,17.9,17.99,3460
2026-03-25 11:30:00,17.98,18.0299,17.97,18.01,2417
2026-03-25 11:35:00,18.01,18.01,17.91,17.91,7196
2026-03-25 11:40:00,17.89,17.89,17.76,17.83,4700
2026-03-25 11:45:00,17.8,17.82,17.78,17.82,1700
2026-03-25 11:50:00,17.85,17.865,17.82,17.85,2622
2026-03-25 11:55:00,17.86,17.87,17.81,17.84,7118
2026-03-25 12:00:00,17.83,17.86,17.81,17.81,2270
2026-03-25 12:05:00,17.8,17.8,17.77,17.8,1504
2026-03-25 12:10:00,17.75,17.81,17.75,17.78,4865
2026-03-25 12:15:00,17.79,17.82,17.79,17.82,800
2026-03-25 12:20:00,17.876,17.935,17.85,17.935,7638
2026-03-25 12:25:00,18.01,18.03,17.97,17.97,4806
2026-03-25 12:30:00,18.03,18.07,18.03,18.06,3350
2026-03-25 12:35:00,18.06,18.09,18.06,18.08,3726
2026-03-25 12:40:00,18.07,18.07,18.02,18.05,1900
2026-03-25 12:45:00,18.03,18.04,18.0,18.02,3401
2026-03-25 12:50:00,18.03,18.08,17.98,18.08,3318
2026-03-25 12:55:00,18.08,18.08,18.02,18.03,2667
2026-03-25 13:00:00,18.05,18.085,18.0,18.04,10339
2026-03-25 13:05:00,17.97,18.0,17.97,17.98,900
2026-03-25 13:10:00,17.98,18.04,17.98,18.04,2382
2026-03-25 13:15:00,18.06,18.06,18.0,18.02,3496
2026-03-25 13:20:00,18.01,18.06,18.0,18.045,2025
2026-03-25 13:25:00,18.05,18.13,18.05,18.085,10864
2026-03-25 13:30:00,18.04,18.1,18.03,18.09,2347
2026-03-25 13:35:00,18.09,18.16,18.09,18.16,5872
2026-03-25 13:40:00,18.16,18.22,18.15,18.16,4280
2026-03-25 13:45:00,18.15,18.15,18.09,18.1,3340
2026-03-25 13:50:00,18.075,18.13,18.035,18.04,4434
2026-03-25 13:55:00,18.03,18.13,18.01,18.07,1685
2026-03-25 14:00:00,18.04,18.05,18.01,18.03,6399
2026-03-25 14:05:00,18.08,18.08,17.96,17.98,4264
2026-03-25 14:10:00,18.0,18.03,18.0,18.02,3705
2026-03-25 14:15:00,18.03,18.06,18.02,18.02,3166
2026-03-25 14:20:00,18.01,18.03,18.01,18.02,883
2026-03-25 14:25:00,18.01,18.01,17.96,17.96,2419
2026-03-25 14:30:00,17.97,17.99,17.935,17.99,6867
2026-03-25 14:35:00,17.99,18.0,17.97,17.97,5732
2026-03-25 14:40:00,17.99,18.015,17.99,18.0,1539
2026-03-25 14:45:00,18.01,18.03,18.01,18.02,1539
2026-03-25 14:50:00,18.0,18.01,17.99,18.01,2818
2026-03-25 14:55:00,17.99,17.99,17.85,17.92,13956
2026-03-25 15:00:00,17.91,17.91,17.85,17.86,11199
2026-03-25 15:05:00,17.92,17.92,17.9,17.9,2026
2026-03-25 15:10:00,17.91,17.96,17.9,17.96,4120
2026-03-25 15:15:00,18.0,18.0,17.98,17.98,300
2026-03-25 15:20:00,17.98,18.02,17.98,18.0,3000
2026-03-25 15:25:00,17.97,17.98,17.96,17.98,600
2026-03-25 15:30:00,17.95,17.95,17.93,17.93,400
2026-03-25 15:35:00,17.95,17.95,17.9,17.93,420
2026-03-25 15:40:00,17.93,17.97,17.93,17.95,5637
2026-03-25 15:45:00,17.94,17.94,17.9,17.92,1991
2026-03-25 15:50:00,17.93,17.98,17.93,17.95,500
2026-03-25 15:55:00,17.96,18.03,17.96,18.03,9808
2026-03-25 16:00:00,18.03,18.03,18.03,18.03,2103
2026-03-25 19:00:00,17.75,17.75,17.75,17.75,151
2026-03-26 07:10:00,17.61,17.61,17.61,17.61,500
2026-03-26 07:20:00,17.62,17.62,17.62,17.62,500
2026-03-26 07:25:00,17.51,17.51,17.51,17.51,138
2026-03-26 08:00:00,17.99,17.99,17.41,17.41,250
2026-03-26 08:10:00,17.42,17.42,17.42,17.42,172
2026-03-26 08:20:00,17.6,17.6,17.6,17.6,912
2026-03-26 08:40:00,17.59,17.59,17.59,17.59,5000
2026-03-26 09:05:00,17.48,17.48,17.48,17.48,400
2026-03-26 09:30:00,17.43,17.54,17.3301,17.54,20645
2026-03-26 09:35:00,17.5751,17.71,17.53,17.53,8845
2026-03-26 09:40:00,17.55,17.62,17.55,17.62,1207
2026-03-26 09:45:00,17.83,17.875,17.83,17.875,313
2026-03-26 09:50:00,17.925,18.055,17.925,18.045,9161
2026-03-26 09:55:00,18.07,18.1,17.98,18.1,13458
2026-03-26 10:00:00,18.105,18.105,18.01,18.02,14401
2026-03-26 10:05:00,17.945,18.13,17.945,17.97,5260
2026-03-26 10:10:00,17.99,18.01,17.925,17.95,5624
2026-03-26 10:15:00,17.975,18.02,17.9,17.96,4108
2026-03-26 10:20:00,17.92,17.955,17.92,17.955,200
2026-03-26 10:30:00,17.93,17.95,17.9,17.9,1099
2026-03-26 10:35:00,17.91,17.92,17.83,17.83,3000
2026-03-26 10:40:00,17.9,17.95,17.72,17.755,9254
2026-03-26 10:45:00,17.73,17.74,17.68,17.71,2637
2026-03-26 10:50:00,17.74,17.74,17.62,17.62,300
2026-03-26 10:55:00,17.57,17.73,17.57,17.73,2000
2026-03-26 11:00:00,17.7,17.72,17.62,17.63,7007
2026-03-26 11:05:00,17.63,17.66,17.6,17.63,7708
2026-03-26 11:10:00,17.64,17.65,17.62,17.62,400
2026-03-26 11:15:00,17.6,17.6,17.56,17.56,400
2026-03-26 11:20:00,17.53,17.53,17.53,17.53,400
2026-03-26 11:25:00,17.54,17.58,17.54,17.56,981
2026-03-26 11:30:00,17.5,17.5,17.48,17.485,2434
2026-03-26 11:35:00,17.53,17.55,17.53,17.54,3375
2026-03-26 11:40:00,17.57,17.57,17.57,17.57,100
2026-03-26 11:45:00,17.6,17.65,17.57,17.62,3398
2026-03-26 11:50:00,17.6,17.6,17.54,17.59,9443
2026-03-26 11:55:00,17.5,17.5,17.44,17.46,2416
2026-03-26 12:00:00,17.44,17.44,17.42,17.42,600
2026-03-26 12:05:00,17.4,17.4586,17.4,17.4586,410
2026-03-26 12:10:00,17.4,17.4,17.4,17.4,100
2026-03-26 12:15:00,17.38,17.39,17.25,17.28,10356
2026-03-26 12:20:00,17.32,17.32,17.25,17.26,3350
2026-03-26 12:25:00,17.29,17.29,17.16,17.16,4740
2026-03-26 12:30:00,17.17,17.17,17.12,17.13,4833
2026-03-26 12:35:00,17.14,17.195,17.14,17.17,1920
2026-03-26 12:40:00,17.14,17.16,17.135,17.1599,4423
2026-03-26 12:45:00,17.14,17.155,17.12,17.14,4831
2026-03-26 12:50:00,17.15,17.16,17.13,17.13,8093
2026-03-26 12:55:00,17.12,17.13,17.11,17.11,20606
2026-03-26 13:00:00,17.16,17.1807,17.1558,17.1558,4082
2026-03-26 13:05:00,17.175,17.1891,17.17,17.18,2170
2026-03-26 13:10:00,17.13,17.14,17.1,17.1,2500
2026-03-26 13:15:00,17.09,17.14,17.09,17.14,2718
2026-03-26 13:20:00,17.1005,17.12,17.09,17.1,700
2026-03-26 13:25:00,17.08,17.11,17.08,17.11,29310
2026-03-26 13:35:00,17.16,17.16,17.15,17.15,700
2026-03-26 13:40:00,17.12,17.12,17.09,17.09,534
2026-03-26 13:45:00,17.05,17.05,17.0,17.0,2593
2026-03-26 13:50:00,16.93,16.96,16.93,16.935,3013
2026-03-26 14:00:00,16.98,16.99,16.95,16.95,779
2026-03-26 14:05:00,16.94,16.98,16.905,16.98,7097
2026-03-26 14:10:00,16.94,16.97,16.94,16.95,1004
2026-03-26 14:15:00,16.94,16.95,16.93,16.95,1400
2026-03-26 14:20:00,16.95,17.04,16.95,17.04,1050
2026-03-26 14:25:00,17.0486,17.0486,16.85,16.85,9381
2026-03-26 14:30:00,16.87,16.89,16.87,16.88,400
2026-03-26 14:35:00,16.89,16.94,16.88,16.94,1120
2026-03-26 14:40:00,16.9292,16.9292,16.8783,16.8783,3160
2026-03-26 14:45:00,16.875,16.94,16.87,16.94,1400
2026-03-26 14:50:00,16.94,16.98,16.93,16.93,819
2026-03-26 14:55:00,16.9,16.94,16.89,16.9355,1095
2026-03-26 15:05:00,16.92,16.92,16.92,16.92,100
2026-03-26 15:15:00,16.93,16.95,16.93,16.935,500
2026-03-26 15:20:00,16.94,16.94,16.93,16.94,500
2026-03-26 15:25:00,16.875,16.89,16.875,16.89,200
2026-03-26 15:30:00,16.91,16.91,16.84,16.84,2120
2026-03-26 15:40:00,16.9211,16.93,16.9,16.91,3059
2026-03-26 15:45:00,16.88,16.91,16.84,16.91,4416
2026-03-26 15:50:00,16.91,16.91,16.81,16.815,14876
2026-03-26 15:55:00,16.82,16.88,16.82,16.87,12721
2026-03-26 16:00:00,16.85,16.85,16.85,16.85,3214
2026-03-26 16:10:00,17.15,17.15,17.15,17.15,700
2026-03-26 16:40:00,17.11,17.11,17.11,17.11,300
2026-03-26 19:35:00,17.2342,17.2342,17.2342,17.2342,100
2026-03-27 05:15:00,16.7,16.7,16.7,16.7,121
2026-03-27 06:40:00,17.23,17.23,17.23,17.23,100
2026-03-27 07:00:00,16.7,16.73,16.7,16.73,200
2026-03-27 08:00:00,16.73,16.83,16.5,16.5,3435
2026-03-27 08:10:00,16.4,16.4,16.4,16.4,1700
2026-03-27 08:30:00,16.43,16.43,16.43,16.43,3468
2026-03-27 08:45:00,16.39,16.39,16.38,16.38,767
2026-03-27 09:10:00,16.28,16.28,16.25,16.25,1182
2026-03-27 09:15:00,16.25,16.25,16.1129,16.1129,479
2026-03-27 09:30:00,16.47,16.47,16.09,16.1,15114
2026-03-27 09:35:00,16.07,16.07,15.875,15.95,13074
2026-03-27 09:40:00,15.96,15.9975,15.91,15.985,6281
2026-03-27 09:45:00,16.02,16.05,15.96,15.9958,14178
2026-03-27 09:50:00,15.95,15.95,15.76,15.795,10775
2026-03-27 09:55:00,15.75,15.75,15.6,15.6,3155
2026-03-27 10:00:00,15.625,15.6462,15.58,15.62,2130
2026-03-27 10:05:00,15.61,15.66,15.46,15.46,17093
2026-03-27 10:10:00,15.52,15.6453,15.51,15.6453,6046
2026-03-27 10:15:00,15.63,15.77,15.63,15.77,1400
2026-03-27 10:20:00,15.75,15.75,15.6439,15.65,19202
2026-03-27 10:25:00,15.68,15.7,15.65,15.65,4784
2026-03-27 10:30:00,15.62,15.68,15.5902,15.68,13776
2026-03-27 10:35:00,15.67,15.67,15.63,15.6499,6492
2026-03-27 10:40:00,15.64,15.685,15.63,15.65,3687
2026-03-27 10:45:00,15.68,15.71,15.63,15.71,10257
2026-03-27 10:50:00,15.75,15.8084,15.71,15.71,2900
2026-03-27 10:55:00,15.72,15.73,15.69,15.705,2178
2026-03-27 11:00:00,15.74,15.77,15.67,15.76,2525
2026-03-27 11:05:00,15.73,15.81,15.73,15.74,3633
2026-03-27 11:10:00,15.72,15.74,15.71,15.72,700
2026-03-27 11:15:00,15.67,15.69,15.57,15.59,4840
2026-03-27 11:20:00,15.59,15.79,15.53,15.69,11993
2026-03-27 11:25:00,15.69,15.74,15.69,15.7,2350
2026-03-27 11:30:00,15.72,15.88,15.72,15.85,1473
2026-03-27 11:35:00,15.86,15.86,15.78,15.78,1396
2026-03-27 11:40:00,15.75,15.75,15.64,15.68,1200
2026-03-27 11:45:00,15.675,15.75,15.675,15.75,700
2026-03-27 11:50:00,15.765,15.77,15.74,15.74,650
2026-03-27 11:55:00,15.74,15.74,15.73,15.73,323
2026-03-27 12:00:00,15.73,15.73,15.68,15.72,1422
2026-03-27 12:05:00,15.725,15.74,15.6396,15.6396,5020
2026-03-27 12:10:00,15.6,15.61,15.56,15.58,2609
2026-03-27 12:15:00,15.6,15.6,15.6,15.6,249
2026-03-27 12:20:00,15.59,15.59,15.59,15.59,210
2026-03-27 12:25:00,15.57,15.57,15.57,15.57,433
2026-03-27 12:30:00,15.59,15.63,15.59,15.63,900
2026-03-27 12:35:00,15.62,15.62,15.52,15.54,5500
2026-03-27 12:40:00,15.52,15.54,15.47,15.54,2854
2026-03-27 12:45:00,15.56,15.6391,15.56,15.6391,1250
2026-03-27 12:50:00,15.61,15.61,15.57,15.57,19888
2026-03-27 12:55:00,15.5598,15.56,15.5598,15.56,12565
2026-03-27 13:00:00,15.56,15.56,15.5,15.52,23688
2026-03-27 13:05:00,15.51,15.68,15.51,15.6,5561
2026-03-27 13:10:00,15.56,15.56,15.52,15.55,1250
2026-03-27 13:15:00,15.525,15.525,15.47,15.47,2064
2026-03-27 13:20:00,15.46,15.47,15.44,15.47,1040
2026-03-27 13:25:00,15.4494,15.4494,15.38,15.38,1647
2026-03-27 13:30:00,15.39,15.41,15.39,15.41,604
2026-03-27 13:35:00,15.4238,15.43,15.4,15.4,1446
2026-03-27 13:40:00,15.39,15.39,15.34,15.345,6700
2026-03-27 13:45:00,15.36,15.36,15.31,15.32,11697
2026-03-27 13:50:00,15.315,15.33,15.315,15.33,1100
2026-03-27 13:55:00,15.32,15.32,15.27,15.3096,5929
2026-03-27 14:00:00,15.29,15.2999,15.27,15.27,2486
2026-03-27 14:05:00,15.26,15.26,15.23,15.23,6125
2026-03-27 14:10:00,15.24,15.28,15.22,15.28,3953
2026-03-27 14:15:00,15.2978,15.37,15.28,15.37,2422
2026-03-27 14:20:00,15.3501,15.4,15.35,15.35,4218
2026-03-27 14:25:00,15.3599,15.38,15.35,15.375,6930
2026-03-27 14:30:00,15.38,15.42,15.38,15.42,8506
2026-03-27 14:35:00,15.39,15.39,15.39,15.39,100
2026-03-27 14:40:00,15.39,15.49,15.39,15.4,2812
2026-03-27 14:45:00,15.42,15.42,15.35,15.35,1008
2026-03-27 14:50:00,15.34,15.34,15.34,15.34,300
2026-03-27 14:55:00,15.33,15.34,15.33,15.34,3243
2026-03-27 15:00:00,15.35,15.37,15.315,15.315,2299
2026-03-27 15:05:00,15.3,15.3,15.28,15.28,3050
2026-03-27 15:10:00,15.3,15.345,15.3,15.345,700
2026-03-27 15:15:00,15.34,15.37,15.34,15.37,754
2026-03-27 15:20:00,15.34,15.36,15.31,15.35,7054
2026-03-27 15:25:00,15.38,15.38,15.38,15.38,100
2026-03-27 15:30:00,15.41,15.42,15.39,15.41,1946
2026-03-27 15:35:00,15.3847,15.39,15.38,15.38,1806
2026-03-27 15:40:00,15.37,15.39,15.35,15.36,1236
2026-03-27 15:45:00,15.37,15.37,15.285,15.31,10197
2026-03-27 15:50:00,15.275,15.33,15.2678,15.33,5467
2026-03-27 15:55:00,15.34,15.42,15.34,15.405,12544
2026-03-27 16:00:00,15.38,15.38,15.38,15.38,3401
2026-03-27 16:10:00,15.36,15.36,15.36,15.36,195
2026-03-27 16:20:00,15.26,15.26,15.26,15.26,200
2026-03-27 16:30:00,15.52,15.52,15.52,15.52,100
2026-03-27 18:40:00,15.21,15.21,15.2036,15.2036,757
2026-03-27 19:15:00,15.2031,15.2031,15.2031,15.2031,650
2026-03-30 08:25:00,15.61,15.61,15.61,15.61,300
2026-03-30 08:30:00,15.73,15.73,15.73,15.73,500
2026-03-30 09:00:00,15.82,15.82,15.82,15.82,1000
2026-03-30 09:30:00,15.7,15.86,15.58,15.8229,19398
2026-03-30 09:35:00,15.78,15.84,15.78,15.84,4344
2026-03-30 09:40:00,15.744,15.79,15.6201,15.655,15857
2026-03-30 09:45:00,15.655,15.695,15.52,15.52,3400
2026-03-30 09:50:00,15.5,15.6029,15.48,15.58,14104
2026-03-30 09:55:00,15.56,15.56,15.435,15.475,2207
2026-03-30 10:00:00,15.475,15.5333,15.43,15.485,31883
2026-03-30 10:05:00,15.45,15.48,15.3,15.48,6280
2026-03-30 10:10:00,15.495,15.495,15.395,15.43,25616
2026-03-30 10:15:00,15.44,15.44,15.36,15.36,530
2026-03-30 10:20:00,15.44,15.515,15.44,15.47,1800
2026-03-30 10:25:00,15.47,15.47,15.4341,15.4341,700
2026-03-30 10:30:00,15.44,15.44,15.43,15.43,1700
2026-03-30 10:35:00,15.42,15.42,15.345,15.37,3477
2026-03-30 10:40:00,15.28,15.31,15.27,15.31,7814
2026-03-30 10:45:00,15.31,15.43,15.31,15.42,11294
2026-03-30 10:50:00,15.32,15.36,15.2939,15.35,12256
2026-03-30 10:55:00,15.37,15.52,15.37,15.52,2662
2026-03-30 11:00:00,15.55,15.67,15.54,15.67,3900
2026-03-30 11:05:00,15.69,15.72,15.46,15.48,7937
2026-03-30 11:10:00,15.48,15.5,15.43,15.43,4914
2026-03-30 11:15:00,15.4,15.465,15.38,15.45,6609
2026-03-30 11:20:00,15.45,15.515,15.435,15.51,2787
2026-03-30 11:25:00,15.54,15.575,15.54,15.56,3552
2026-03-30 11:30:00,15.54,15.65,15.54,15.65,5365
2026-03-30 11:35:00,15.68,15.73,15.63,15.64,9229
2026-03-30 11:40:00,15.63,15.71,15.63,15.71,5955
2026-03-30 11:45:00,15.71,15.76,15.67,15.76,5626
2026-03-30 11:50:00,15.77,15.84,15.77,15.83,3864
2026-03-30 11:55:00,15.8,15.8,15.77,15.77,1996
2026-03-30 12:00:00,15.75,15.75,15.7,15.7,5748
2026-03-30 12:05:00,15.69,15.69,15.64,15.69,1261
2026-03-30 12:10:00,15.69,15.76,15.69,15.72,6035
2026-03-30 12:15:00,15.71,15.71,15.63,15.63,3959
2026-03-30 12:20:00,15.65,15.66,15.64,15.64,4191
2026-03-30 12:25:00,15.64,15.64,15.56,15.56,2078
2026-03-30 12:30:00,15.56,15.57,15.55,15.57,4498
2026-03-30 12:35:00,15.57,15.6,15.57,15.59,2640
2026-03-30 12:40:00,15.54,15.56,15.54,15.55,2059
2026-03-30 12:45:00,15.53,15.53,15.49,15.49,1200
2026-03-30 12:50:00,15.5,15.51,15.45,15.45,3372
2026-03-30 12:55:00,15.42,15.485,15.42,15.485,3300
2026-03-30 13:00:00,15.49,15.51,15.46,15.46,1320
2026-03-30 13:05:00,15.5,15.52,15.46,15.48,7701
2026-03-30 13:10:00,15.44,15.46,15.4,15.4,2500
2026-03-30 13:15:00,15.38,15.38,15.315,15.37,5780
2026-03-30 13:20:00,15.38,15.38,15.31,15.32,1028
2026-03-30 13:25:00,15.3,15.3,15.26,15.275,1620
2026-03-30 13:30:00,15.265,15.265,15.2101,15.23,4480
2026-03-30 13:35:00,15.22,15.26,15.2164,15.26,6333
2026-03-30 13:40:00,15.27,15.335,15.26,15.335,9255
2026-03-30 13:45:00,15.32,15.36,15.25,15.25,8800
2026-03-30 13:50:00,15.23,15.26,15.22,15.23,5654
2026-03-30 13:55:00,15.22,15.24,15.2,15.23,3623
2026-03-30 14:00:00,15.22,15.22,15.18,15.18,3551
2026-03-30 14:05:00,15.2,15.2,15.15,15.16,700
2026-03-30 14:10:00,15.14,15.18,15.13,15.135,3098
2026-03-30 14:15:00,15.13,15.18,15.1,15.18,5437
2026-03-30 14:20:00,15.18,15.195,15.15,15.15,4423
2026-03-30 14:25:00,15.1,15.11,15.07,15.09,2100
2026-03-30 14:30:00,15.11,15.155,15.11,15.155,4114
2026-03-30 14:35:00,15.18,15.22,15.18,15.19,3518
2026-03-30 14:40:00,15.15,15.15,15.14,15.14,1200
2026-03-30 14:45:00,15.13,15.13,15.09,15.09,700
2026-03-30 14:50:00,15.055,15.07,15.055,15.07,1150
2026-03-30 14:55:00,15.05,15.05,15.04,15.04,850
2026-03-30 15:00:00,15.05,15.09,15.02,15.07,5112
2026-03-30 15:05:00,15.0236,15.0236,15.0,15.0,4205
2026-03-30 15:10:00,14.96,14.96,14.9,14.93,1242
2026-03-30 15:15:00,14.93,14.96,14.93,14.955,4300
2026-03-30 15:20:00,14.955,14.965,14.95,14.96,1649
2026-03-30 15:25:00,14.97,14.97,14.955,14.9559,500
2026-03-30 15:30:00,14.97,14.99,14.9648,14.98,775
2026-03-30 15:35:00,15.04,15.06,15.02,15.02,1312
2026-03-30 15:40:00,15.05,15.0638,15.05,15.06,350
2026-03-30 15:45:00,15.08,15.12,15.08,15.11,942
2026-03-30 15:50:00,15.13,15.19,15.12,15.19,851
2026-03-30 15:55:00,15.2494,15.26,15.1935,15.1935,7689
2026-03-30 16:00:00,15.22,15.39,15.22,15.39,2777
2026-03-30 16:40:00,15.3454,15.3454,15.3454,15.3454,200
2026-03-31 04:00:00,15.48,15.5,15.48,15.5,1302
2026-03-31 06:55:00,15.5,15.5,15.5,15.5,100
2026-03-31 07:10:00,15.86,15.86,15.86,15.86,200
2026-03-31 07:25:00,15.7,15.7,15.7,15.7,400
2026-03-31 08:05:00,15.8,15.8,15.8,15.8,120
2026-03-31 08:10:00,15.8,15.8,15.8,15.8,173
2026-03-31 08:15:00,15.7,15.7,15.7,15.7,1403
2026-03-31 08:35:00,15.852,15.852,15.85,15.852,1000
2026-03-31 08:45:00,15.85,15.85,15.85,15.85,716
2026-03-31 08:50:00,15.85,15.85,15.75,15.75,205
2026-03-31 09:05:00,15.76,15.76,15.76,15.76,200
2026-03-31 09:10:00,15.73,15.73,15.73,15.73,836
2026-03-31 09:25:00,15.72,15.72,15.72,15.72,200
2026-03-31 09:30:00,15.75,15.825,15.675,15.825,2956
2026-03-31 09:35:00,15.81,15.88,15.73,15.73,5295
2026-03-31 09:40:00,15.8,15.86,15.69,15.69,12963
2026-03-31 09:45:00,15.71,16.0,15.71,15.9801,3984
2026-03-31 09:50:00,16.02,16.1,15.96,16.085,11580
2026-03-31 09:55:00,16.09,16.12,16.03,16.0988,8565
2026-03-31 10:00:00,16.13,16.14,16.045,16.085,45756
2026-03-31 10:05:00,16.085,16.085,15.97,16.0,49655
2026-03-31 10:10:00,16.02,16.125,16.015,16.125,7372
2026-03-31 10:15:00,16.12,16.15,16.055,16.11,8027
2026-03-31 10:20:00,16.04,16.12,15.98,16.1,14107
2026-03-31 10:25:00,16.08,16.0901,16.08,16.0901,2568
2026-03-31 10:30:00,16.11,16.13,16.08,16.115,2012
2026-03-31 10:35:00,16.04,16.045,15.945,15.95,4750
2026-03-31 10:40:00,15.975,15.975,15.975,15.975,100
2026-03-31 10:45:00,15.9001,15.9001,15.855,15.855,600
2026-03-31 10:50:00,15.83,15.84,15.7,15.71,29680
2026-03-31 10:55:00,15.68,15.76,15.66,15.755,20734
2026-03-31 11:00:00,15.76,15.88,15.76,15.88,2742
2026-03-31 11:05:00,15.86,15.975,15.86,15.89,800
2026-03-31 11:10:00,15.96,16.01,15.96,16.01,568
2026-03-31 11:15:00,16.06,16.08,16.04,16.04,2325
2026-03-31 11:20:00,15.99,16.1,15.98,16.07,2985
2026-03-31 11:25:00,16.06,16.06,15.965,15.965,3184
2026-03-31 11:30:00,15.94,15.95,15.9,15.92,1900
2026-03-31 11:35:00,15.97,16.03,15.97,15.97,1833
2026-03-31 11:40:00,15.96,15.98,15.96,15.97,500
2026-03-31 11:45:00,15.95,15.965,15.94,15.96,700
2026-03-31 11:50:00,15.96,16.03,15.96,15.96,500
2026-03-31 11:55:00,15.95,15.95,15.9,15.92,8109
2026-03-31 12:00:00,15.85,15.94,15.85,15.94,300
2026-03-31 12:05:00,16.03,16.03,16.03,16.03,200
2026-03-31 12:10:00,16.05,16.05,15.98,15.98,500
2026-03-31 12:15:00,16.06,16.07,16.03,16.03,907
2026-03-31 12:20:00,16.05,16.1,16.02,16.1,3800
2026-03-31 12:25:00,16.11,16.11,16.06,16.1,1060
2026-03-31 12:30:00,16.1,16.11,16.1,16.1,5201
2026-03-31 12:35:00,16.1,16.22,16.1,16.22,3999
2026-03-31 12:40:00,16.5,16.84,16.5,16.625,12901
2026-03-31 12:45:00,16.61,16.67,16.43,16.525,2430
2026-03-31 12:50:00,16.63,16.65,16.5032,16.5744,2968
2026-03-31 12:55:00,16.545,16.585,16.545,16.585,421
2026-03-31 13:05:00,16.7358,16.7358,16.64,16.64,1400
2026-03-31 13:10:00,16.63,16.77,16.63,16.765,3320
2026-03-31 13:15:00,16.77,16.86,16.77,16.86,3025
2026-03-31 13:20:00,16.83,16.875,16.825,16.86,2131
2026-03-31 13:25:00,16.8559,16.8559,16.71,16.71,7496
2026-03-31 13:30:00,16.74,16.83,16.7301,16.83,8718
2026-03-31 13:35:00,16.825,16.83,16.65,16.665,11995
2026-03-31 13:40:00,16.7,16.7,16.7,16.7,200
2026-03-31 13:45:00,16.64,16.7,16.64,16.69,1110
2026-03-31 13:50:00,16.68,16.68,16.6501,16.67,1100
2026-03-31 13:55:00,16.58,16.58,16.5712,16.5712,1100
2026-03-31 14:10:00,16.72,16.72,16.72,16.72,400
2026-03-31 14:15:00,16.7586,16.7586,16.72,16.74,3383
2026-03-31 14:20:00,16.75,16.75,16.75,16.75,500
2026-03-31 14:35:00,16.755,16.755,16.755,16.755,100
2026-03-31 14:45:00,16.765,16.765,16.765,16.765,200
2026-03-31 14:55:00,16.78,16.78,16.73,16.73,3215
2026-03-31 15:00:00,16.72,16.72,16.72,16.72,900
2026-03-31 15:05:00,16.69,16.69,16.6791,16.6791,336
2026-03-31 15:10:00,16.74,16.74,16.74,16.74,100
2026-03-31 15:15:00,16.72,16.72,16.72,16.72,450
2026-03-31 15:20:00,16.755,16.755,16.755,16.755,100
2026-03-31 15:25:00,16.72,16.72,16.71,16.71,400
2026-03-31 15:30:00,16.73,16.73,16.73,16.73,200
2026-03-31 15:35:00,16.77,16.77,16.77,16.77,780
2026-03-31 15:40:00,16.766,16.766,16.7164,16.7164,1345
2026-03-31 15:45:00,16.7466,16.85,16.7466,16.8399,5718
2026-03-31 15:50:00,16.87,16.9,16.75,16.785,4002
2026-03-31 15:55:00,16.81,16.835,16.77,16.82,44276
2026-03-31 16:00:00,16.82,16.82,16.77,16.82,6599
2026-03-31 16:05:00,16.82,16.82,16.82,16.82,500
2026-03-31 16:20:00,16.83,16.83,16.83,16.83,380
2026-03-31 16:45:00,16.83,16.83,16.83,16.83,106
2026-03-31 18:20:00,16.91,16.92,16.91,16.92,249
2026-03-31 18:35:00,16.82,16.82,16.82,16.82,300
2026-03-31 18:50:00,16.82,16.82,16.82,16.82,200
2026-03-31 19:35:00,16.99,17.0,16.99,17.0,249
2026-04-01 04:00:00,17.05,17.21,17.05,17.21,1376
2026-04-01 05:05:00,17.25,17.25,17.25,17.25,100
2026-04-01 06:25:00,17.24,17.24,17.24,17.24,2000
2026-04-01 07:00:00,17.25,17.25,17.25,17.25,223
2026-04-01 07:05:00,17.73,17.87,17.69,17.8,1341
2026-04-01 07:10:00,17.73,17.8,17.73,17.8,1305
2026-04-01 07:15:00,17.78,17.79,17.34,17.54,2163
2026-04-01 07:20:00,17.54,17.54,17.5063,17.5063,1514
2026-04-01 07:30:00,17.6033,17.6033,17.6033,17.6033,117
2026-04-01 07:40:00,17.46,17.46,17.46,17.46,200
2026-04-01 08:20:00,17.25,17.25,17.25,17.25,130
2026-04-01 08:25:00,17.5141,17.5141,17.35,17.35,7800
2026-04-01 08:30:00,17.32,17.32,17.25,17.25,648
2026-04-01 08:35:00,17.48,17.48,17.48,17.48,1137
2026-04-01 08:40:00,17.45,17.45,17.45,17.45,1764
2026-04-01 08:50:00,17.46,17.46,17.46,17.46,284
2026-04-01 09:10:00,17.19,17.2,17.19,17.2,597
2026-04-01 09:20:00,17.2,17.2,17.18,17.18,260
2026-04-01 09:30:00,17.3,17.47,17.3,17.435,16321
2026-04-01 09:35:00,17.32,17.43,17.32,17.42,5632
2026-04-01 09:40:00,17.35,17.35,16.9986,17.01,8991
2026-04-01 09:45:00,17.04,17.04,16.66,16.715,14984
2026-04-01 09:50:00,16.72,16.88,16.72,16.88,1400
2026-04-01 09:55:00,16.84,16.98,16.84,16.98,6727
2026-04-01 10:00:00,17.01,17.1,17.01,17.025,34708
2026-04-01 10:05:00,17.07,17.135,17.035,17.09,18651
2026-04-01 10:10:00,17.09,17.105,17.02,17.105,4055
2026-04-01 10:15:00,17.105,17.205,17.105,17.1868,4860
2026-04-01 10:20:00,17.19,17.2789,17.17,17.2789,4123
2026-04-01 10:25:00,17.235,17.3,17.22,17.28,6660
2026-04-01 10:30:00,17.32,17.32,17.26,17.27,3302
2026-04-01 10:35:00,17.22,17.37,17.15,17.3,9909
2026-04-01 10:40:00,17.29,17.36,17.24,17.32,7105
2026-04-01 10:45:00,17.35,17.37,17.27,17.37,4162
2026-04-01 10:50:00,17.38,17.5,17.355,17.45,9791
2026-04-01 10:55:00,17.455,17.54,17.44,17.5,8688
2026-04-01 11:00:00,17.49,17.555,17.45,17.46,25418
2026-04-01 11:05:00,17.46,17.55,17.46,17.535,21729
2026-04-01 11:10:00,17.53,17.53,17.49,17.49,3400
2026-04-01 11:15:00,17.47,17.495,17.43,17.495,3623
2026-04-01 11:20:00,17.55,17.55,17.48,17.48,400
2026-04-01 11:25:00,17.45,17.48,17.43,17.46,2907
2026-04-01 11:30:00,17.42,17.465,17.4,17.465,827
2026-04-01 11:35:00,17.51,17.52,17.49,17.5101,900
2026-04-01 11:40:00,17.51,17.555,17.49,17.555,1109
2026-04-01 11:45:00,17.57,17.58,17.52,17.53,810
2026-04-01 11:50:00,17.55,17.57,17.5309,17.56,23793
2026-04-01 11:55:00,17.57,17.63,17.57,17.6,20780
2026-04-01 12:00:00,17.61,17.64,17.58,17.6,8840
2026-04-01 12:05:00,17.61,17.62,17.61,17.61,1500
2026-04-01 12:10:00,17.65,17.65,17.59,17.59,900
2026-04-01 12:15:00,17.5991,17.66,17.575,17.66,5292
2026-04-01 12:20:00,17.63,17.65,17.615,17.65,1495
2026-04-01 12:25:00,17.64,17.64,17.61,17.61,4550
2026-04-01 12:30:00,17.63,17.635,17.57,17.58,8364
2026-04-01 12:35:00,17.62,17.66,17.61,17.66,5141
2026-04-01 12:40:00,17.65,17.71,17.643,17.71,750
2026-04-01 12:45:00,17.68,17.69,17.665,17.67,600
2026-04-01 12:50:00,17.68,17.68,17.68,17.68,100
2026-04-01 12:55:00,17.69,17.7,17.69,17.7,300
2026-04-01 13:00:00,17.66,17.74,17.66,17.74,500
2026-04-01 13:05:00,17.73,17.75,17.71,17.73,1837
2026-04-01 13:10:00,17.7374,17.755,17.71,17.71,720
2026-04-01 13:15:00,17.73,17.73,17.69,17.69,200
2026-04-01 13:20:00,17.71,17.71,17.64,17.66,910
2026-04-01 13:25:00,17.68,17.68,17.66,17.66,300
2026-04-01 13:30:00,17.66,17.68,17.6187,17.62,847
2026-04-01 13:35:00,17.6,17.62,17.6,17.62,1680
2026-04-01 13:40:00,17.64,17.64,17.58,17.58,1041
2026-04-01 13:45:00,17.61,17.61,17.59,17.61,3829
2026-04-01 13:50:00,17.61,17.61,17.61,17.61,100
2026-04-01 13:55:00,17.58,17.58,17.52,17.52,3173
2026-04-01 14:00:00,17.52,17.52,17.39,17.42,11450
2026-04-01 14:05:00,17.42,17.47,17.42,17.45,4170
2026-04-01 14:10:00,17.45,17.46,17.38,17.38,858
2026-04-01 14:15:00,17.34,17.34,17.23,17.25,4224
2026-04-01 14:20:00,17.26,17.26,17.17,17.17,1420
2026-04-01 14:25:00,17.18,17.2536,17.18,17.23,922
2026-04-01 14:30:00,17.23,17.23,17.19,17.19,2279
2026-04-01 14:35:00,17.1427,17.155,17.13,17.13,422
2026-04-01 14:40:00,17.2036,17.25,17.2036,17.24,722
2026-04-01 14:45:00,17.2,17.21,17.17,17.18,1360
2026-04-01 14:55:00,17.1699,17.1699,17.15,17.15,200
2026-04-01 15:00:00,17.1312,17.19,17.1312,17.17,2558
2026-04-01 15:05:00,17.185,17.23,17.185,17.21,990
2026-04-01 15:10:00,17.21,17.21,17.18,17.21,802
2026-04-01 15:15:00,17.225,17.225,17.21,17.21,400
2026-04-01 15:25:00,17.325,17.33,17.325,17.33,200
2026-04-01 15:30:00,17.343,17.343,17.343,17.343,960
2026-04-01 15:35:00,17.29,17.32,17.29,17.32,774
2026-04-01 15:45:00,17.32,17.32,17.29,17.31,2770
2026-04-01 15:50:00,17.32,17.32,17.2578,17.26,1210
2026-04-01 15:55:00,17.22,17.25,17.2,17.24,22767
2026-04-01 16:00:00,17.24,17.24,17.22,17.22,7358
2026-04-01 18:25:00,17.12,17.12,17.12,17.12,100
2026-04-01 19:05:00,17.27,17.27,17.27,17.27,192
2026-04-01 19:20:00,17.14,17.14,17.14,17.14,110
2026-04-01 04:00:00,17.05,17.21,17.05,17.21,1376
2026-04-01 05:05:00,17.25,17.25,17.25,17.25,100
2026-04-01 06:25:00,17.24,17.24,17.24,17.24,2000
2026-04-01 07:00:00,17.25,17.25,17.25,17.25,223
2026-04-01 07:05:00,17.73,17.87,17.69,17.8,1341
2026-04-01 07:10:00,17.73,17.8,17.73,17.8,1305
2026-04-01 07:15:00,17.78,17.79,17.34,17.54,2163
2026-04-01 07:20:00,17.54,17.54,17.5063,17.5063,1514
2026-04-01 07:30:00,17.6033,17.6033,17.6033,17.6033,117
2026-04-01 07:40:00,17.46,17.46,17.46,17.46,200
2026-04-01 08:20:00,17.25,17.25,17.25,17.25,130
2026-04-01 08:25:00,17.5141,17.5141,17.35,17.35,7800
2026-04-01 08:30:00,17.32,17.32,17.25,17.25,648
2026-04-01 08:35:00,17.48,17.48,17.48,17.48,1137
2026-04-01 08:40:00,17.45,17.45,17.45,17.45,1764
2026-04-01 08:50:00,17.46,17.46,17.46,17.46,284
2026-04-01 09:10:00,17.19,17.2,17.19,17.2,597
2026-04-01 09:20:00,17.2,17.2,17.18,17.18,260
2026-04-01 09:30:00,17.3,17.47,17.3,17.435,16321
2026-04-01 09:35:00,17.32,17.43,17.32,17.42,5632
2026-04-01 09:40:00,17.35,17.35,16.9986,17.01,8991
2026-04-01 09:45:00,17.04,17.04,16.66,16.715,14984
2026-04-01 09:50:00,16.72,16.88,16.72,16.88,1400
2026-04-01 09:55:00,16.84,16.98,16.84,16.98,6727
2026-04-01 10:00:00,17.01,17.1,17.01,17.025,34708
2026-04-01 10:05:00,17.07,17.135,17.035,17.09,18651
2026-04-01 10:10:00,17.09,17.105,17.02,17.105,4055
2026-04-01 10:15:00,17.105,17.205,17.105,17.1868,4860
2026-04-01 10:20:00,17.19,17.2789,17.17,17.2789,4123
2026-04-01 10:25:00,17.235,17.3,17.22,17.28,6660
2026-04-01 10:30:00,17.32,17.32,17.26,17.27,3302
2026-04-01 10:35:00,17.22,17.37,17.15,17.3,9909
2026-04-01 10:40:00,17.29,17.36,17.24,17.32,7105
2026-04-01 10:45:00,17.35,17.37,17.27,17.37,4162
2026-04-01 10:50:00,17.38,17.5,17.355,17.45,9791
2026-04-01 10:55:00,17.455,17.54,17.44,17.5,8688
2026-04-01 11:00:00,17.49,17.555,17.45,17.46,25418
2026-04-01 11:05:00,17.46,17.55,17.46,17.535,21729
2026-04-01 11:10:00,17.53,17.53,17.49,17.49,3400
2026-04-01 11:15:00,17.47,17.495,17.43,17.495,3623
2026-04-01 11:20:00,17.55,17.55,17.48,17.48,400
2026-04-01 11:25:00,17.45,17.48,17.43,17.46,2907
2026-04-01 11:30:00,17.42,17.465,17.4,17.465,827
2026-04-01 11:35:00,17.51,17.52,17.49,17.5101,900
2026-04-01 11:40:00,17.51,17.555,17.49,17.555,1109
2026-04-01 11:45:00,17.57,17.58,17.52,17.53,810
2026-04-01 11:50:00,17.55,17.57,17.5309,17.56,23793
2026-04-01 11:55:00,17.57,17.63,17.57,17.6,20780
2026-04-01 12:00:00,17.61,17.64,17.58,17.6,8840
2026-04-01 12:05:00,17.61,17.62,17.61,17.61,1500
2026-04-01 12:10:00,17.65,17.65,17.59,17.59,900
2026-04-01 12:15:00,17.5991,17.66,17.575,17.66,5292
2026-04-01 12:20:00,17.63,17.65,17.615,17.65,1495
2026-04-01 12:25:00,17.64,17.64,17.61,17.61,4550
2026-04-01 12:30:00,17.63,17.635,17.57,17.58,8364
2026-04-01 12:35:00,17.62,17.66,17.61,17.66,5141
2026-04-01 12:40:00,17.65,17.71,17.643,17.71,750
2026-04-01 12:45:00,17.68,17.69,17.665,17.67,600
2026-04-01 12:50:00,17.68,17.68,17.68,17.68,100
2026-04-01 12:55:00,17.69,17.7,17.69,17.7,300
2026-04-01 13:00:00,17.66,17.74,17.66,17.74,500
2026-04-01 13:05:00,17.73,17.75,17.71,17.73,1837
2026-04-01 13:10:00,17.7374,17.755,17.71,17.71,720
2026-04-01 13:15:00,17.73,17.73,17.69,17.69,200
2026-04-01 13:20:00,17.71,17.71,17.64,17.66,910
2026-04-01 13:25:00,17.68,17.68,17.66,17.66,300
2026-04-01 13:30:00,17.66,17.68,17.6187,17.62,847
2026-04-01 13:35:00,17.6,17.62,17.6,17.62,1680
2026-04-01 13:40:00,17.64,17.64,17.58,17.58,1041
2026-04-01 13:45:00,17.61,17.61,17.59,17.61,3829
2026-04-01 13:50:00,17.61,17.61,17.61,17.61,100
2026-04-01 13:55:00,17.58,17.58,17.52,17.52,3173
2026-04-01 14:00:00,17.52,17.52,17.39,17.42,11450
2026-04-01 14:05:00,17.42,17.47,17.42,17.45,4170
2026-04-01 14:10:00,17.45,17.46,17.38,17.38,858
2026-04-01 14:15:00,17.34,17.34,17.23,17.25,4224
2026-04-01 14:20:00,17.26,17.26,17.17,17.17,1420
2026-04-01 14:25:00,17.18,17.2536,17.18,17.23,922
2026-04-01 14:30:00,17.23,17.23,17.19,17.19,2279
2026-04-01 14:35:00,17.1427,17.155,17.13,17.13,422
2026-04-01 14:40:00,17.2036,17.25,17.2036,17.24,722
2026-04-01 14:45:00,17.2,17.21,17.17,17.18,1360
2026-04-01 14:55:00,17.1699,17.1699,17.15,17.15,200
2026-04-01 15:00:00,17.1312,17.19,17.1312,17.17,2558
2026-04-01 15:05:00,17.185,17.23,17.185,17.21,990
2026-04-01 15:10:00,17.21,17.21,17.18,17.21,802
2026-04-01 15:15:00,17.225,17.225,17.21,17.21,400
2026-04-01 15:25:00,17.325,17.33,17.325,17.33,200
2026-04-01 15:30:00,17.343,17.343,17.343,17.343,960
2026-04-01 15:35:00,17.29,17.32,17.29,17.32,774
2026-04-01 15:45:00,17.32,17.32,17.29,17.31,2770
2026-04-01 15:50:00,17.32,17.32,17.2578,17.26,1210
2026-04-01 15:55:00,17.22,17.25,17.2,17.24,22767
2026-04-01 16:00:00,17.24,17.24,17.22,17.22,7358
2026-04-01 18:25:00,17.12,17.12,17.12,17.12,100
2026-04-01 19:05:00,17.27,17.27,17.27,17.27,192
2026-04-01 19:20:00,17.14,17.14,17.14,17.14,110
2026-04-02 04:00:00,16.05,16.53,16.05,16.05,1328
2026-04-02 07:00:00,16.38,16.38,16.38,16.38,250
2026-04-02 07:20:00,16.21,16.21,16.21,16.21,1000
2026-04-02 07:25:00,16.17,16.17,16.15,16.15,1200
2026-04-02 07:30:00,16.15,16.2,16.15,16.2,2500
2026-04-02 07:35:00,16.19,16.2,16.11,16.11,6872
2026-04-02 07:40:00,16.11,16.11,16.1,16.1,1979
2026-04-02 07:45:00,16.1663,16.1663,16.1,16.1,299
2026-04-02 07:55:00,16.11,16.11,16.1,16.1,1250
2026-04-02 08:00:00,16.07,16.07,16.05,16.05,4840
2026-04-02 08:05:00,16.0559,16.0559,16.05,16.05,1600
2026-04-02 08:15:00,16.06,16.06,16.06,16.06,300
2026-04-02 08:25:00,16.21,16.21,16.21,16.21,500
2026-04-02 08:35:00,16.43,16.43,16.43,16.43,144
2026-04-02 08:40:00,16.17,16.18,16.17,16.18,700
2026-04-02 08:45:00,16.15,16.15,16.15,16.15,143
2026-04-02 09:00:00,16.15,16.16,16.14,16.16,6172
2026-04-02 09:05:00,16.19,16.19,16.19,16.19,4325
2026-04-02 09:25:00,16.14,16.14,16.14,16.14,258
2026-04-02 09:30:00,16.3,16.55,16.19,16.375,29401
2026-04-02 09:35:00,16.34,16.45,16.255,16.255,11998
2026-04-02 09:40:00,16.26,16.31,16.2,16.26,5883
2026-04-02 09:45:00,16.25,16.49,16.25,16.49,14127
2026-04-02 09:50:00,16.5,16.62,16.5,16.62,12113
2026-04-02 09:55:00,16.69,16.775,16.64,16.775,2900
2026-04-02 10:00:00,16.82,16.82,16.76,16.78,18308
2026-04-02 10:05:00,16.75,16.92,16.72,16.91,12963
2026-04-02 10:10:00,16.92,16.975,16.92,16.95,15175
2026-04-02 10:15:00,16.944,17.06,16.94,17.0,7705
2026-04-02 10:20:00,17.0,17.14,17.0,17.11,10460
2026-04-02 10:25:00,17.105,17.105,17.05,17.095,4970
2026-04-02 10:30:00,17.075,17.29,17.06,17.28,7745
2026-04-02 10:35:00,17.34,18.0,17.34,17.8,51943
2026-04-02 10:40:00,17.76,17.76,17.57,17.7198,16730
2026-04-02 10:45:00,17.705,17.73,17.57,17.58,11134
2026-04-02 10:50:00,17.56,17.62,17.48,17.6,14518
2026-04-02 10:55:00,17.6,17.77,17.6,17.7119,3289
2026-04-02 11:00:00,17.715,17.72,17.55,17.69,8999
2026-04-02 11:05:00,17.69,17.69,17.58,17.66,11520
2026-04-02 11:10:00,17.665,17.8,17.665,17.735,13555
2026-04-02 11:15:00,17.73,17.79,17.7,17.73,6065
2026-04-02 11:20:00,17.7,17.72,17.59,17.71,17056
2026-04-02 11:25:00,17.71,17.8,17.6409,17.75,4288
2026-04-02 11:30:00,17.7201,17.7201,17.665,17.71,7793
2026-04-02 11:35:00,17.73,17.82,17.73,17.76,4374
2026-04-02 11:40:00,17.72,17.73,17.65,17.73,13369
2026-04-02 11:45:00,17.69,17.735,17.63,17.63,1767
2026-04-02 11:50:00,17.61,17.68,17.54,17.67,6144
2026-04-02 11:55:00,17.66,17.7099,17.63,17.66,2620
2026-04-02 12:00:00,17.66,17.7,17.63,17.64,1564
2026-04-02 12:05:00,17.66,17.66,17.57,17.61,3488
2026-04-02 12:10:00,17.61,17.64,17.58,17.61,2678
2026-04-02 12:15:00,17.6,17.6,17.54,17.54,3800
2026-04-02 12:20:00,17.525,17.56,17.48,17.49,8229
2026-04-02 12:25:00,17.48,17.55,17.45,17.55,2560
2026-04-02 12:30:00,17.5,17.63,17.475,17.61,15821
2026-04-02 12:35:00,17.61,17.61,17.54,17.54,4369
2026-04-02 12:40:00,17.57,17.72,17.57,17.7,4395
2026-04-02 12:45:00,17.71,17.73,17.69,17.69,1000
2026-04-02 12:50:00,17.71,17.73,17.67,17.73,658
2026-04-02 12:55:00,17.68,17.68,17.66,17.66,1053
2026-04-02 13:00:00,17.62,17.66,17.62,17.66,300
2026-04-02 13:05:00,17.68,17.68,17.61,17.61,1400
2026-04-02 13:10:00,17.64,17.74,17.62,17.72,1900
2026-04-02 13:15:00,17.73,17.78,17.72,17.75,2704
2026-04-02 13:20:00,17.7501,17.78,17.7501,17.76,4943
2026-04-02 13:25:00,17.76,17.76,17.73,17.73,5792
2026-04-02 13:30:00,17.75,17.76,17.7099,17.7099,5960
2026-04-02 13:35:00,17.7,17.72,17.66,17.69,1800
2026-04-02 13:40:00,17.7,17.71,17.65,17.67,1600
2026-04-02 13:45:00,17.68,17.68,17.53,17.53,2520
2026-04-02 13:50:00,17.54,17.58,17.53,17.58,2841
2026-04-02 13:55:00,17.57,17.58,17.55,17.57,1576
2026-04-02 14:00:00,17.61,17.65,17.6,17.65,3300
2026-04-02 14:05:00,17.68,17.68,17.63,17.63,3257
2026-04-02 14:10:00,17.65,17.69,17.6399,17.6399,14679
2026-04-02 14:15:00,17.64,17.65,17.64,17.65,1340
2026-04-02 14:20:00,17.64,17.67,17.63,17.63,721
2026-04-02 14:25:00,17.62,17.62,17.59,17.6,2407
2026-04-02 14:30:00,17.6,17.64,17.6,17.63,909
2026-04-02 14:35:00,17.63,17.64,17.6,17.6,948
2026-04-02 14:40:00,17.65,17.69,17.65,17.65,500
2026-04-02 14:45:00,17.69,17.69,17.66,17.67,934
2026-04-02 14:50:00,17.68,17.73,17.67,17.73,734
2026-04-02 14:55:00,17.7,17.71,17.7,17.71,200
2026-04-02 15:00:00,17.71,17.71,17.7,17.71,2293
2026-04-02 15:05:00,17.71,17.745,17.71,17.73,3285
2026-04-02 15:10:00,17.73,17.77,17.73,17.74,2862
2026-04-02 15:15:00,17.74,17.74,17.705,17.73,1964
2026-04-02 15:20:00,17.73,17.73,17.68,17.68,6436
2026-04-02 15:25:00,17.67,17.67,17.65,17.67,2229
2026-04-02 15:30:00,17.67,17.69,17.665,17.67,1312
2026-04-02 15:35:00,17.69,17.7,17.685,17.6999,2435
2026-04-02 15:40:00,17.72,17.72,17.67,17.68,7360
2026-04-02 15:45:00,17.67,17.69,17.66,17.68,3351
2026-04-02 15:50:00,17.69,17.8,17.69,17.8,3493
2026-04-02 15:55:00,17.81,17.91,17.81,17.9,20940
2026-04-02 16:00:00,17.88,17.88,17.88,17.88,7520
2026-04-02 16:05:00,17.8972,17.8972,17.88,17.88,692
2026-04-02 16:30:00,17.99,17.99,17.99,17.99,302
2026-04-02 17:40:00,17.565,17.565,17.565,17.565,491
