2026-03-04 10:35:00,31.771,31.81,31.77,31.7701,3122
2026-03-04 13:10:00,31.8,31.8,31.8,31.8,300
2026-03-05 09:30:00,31.725,31.725,31.725,31.725,154
2026-03-05 11:25:00,31.61,31.61,31.61,31.61,200
2026-03-05 14:35:00,31.425,31.425,31.425,31.425,100
2026-03-06 12:30:00,31.3,31.3,31.3,31.3,2511
2026-03-09 10:20:00,30.85,30.85,30.85,30.85,123
2026-03-09 15:55:00,31.45,31.45,31.45,31.45,500
2026-03-10 13:15:00,31.6569,31.6569,31.6569,31.6569,825
2026-03-10 13:35:00,31.64,31.64,31.64,31.64,100
2026-03-10 14:45:00,31.49,31.49,31.49,31.49,100
2026-03-10 15:40:00,31.5,31.5,31.5,31.5,100
2026-03-11 11:05:00,31.41,31.41,31.41,31.41,100
2026-03-11 11:55:00,31.33,31.3538,31.33,31.3538,408
2026-03-11 13:00:00,31.38,31.38,31.38,31.38,204
2026-03-12 10:00:00,31.12,31.12,31.12,31.12,100
2026-03-12 10:40:00,31.08,31.08,31.08,31.08,165
2026-03-13 12:45:00,30.89,30.89,30.89,30.89,100
2026-03-16 10:40:00,31.09,31.09,31.09,31.09,100
2026-03-16 13:50:00,31.13,31.13,31.13,31.13,100
2026-03-16 15:55:00,31.12,31.12,31.12,31.12,100
2026-03-17 12:10:00,31.221,31.221,31.22,31.22,352
2026-03-18 09:30:00,31.1,31.1,31.1,31.1,349
2026-03-18 15:55:00,30.851,30.851,30.851,30.851,386
2026-03-19 09:30:00,30.53,30.53,30.53,30.53,100
2026-03-19 10:00:00,30.7,30.7,30.7,30.7,100
2026-03-19 13:00:00,30.58,30.58,30.58,30.58,100
2026-03-19 15:00:00,30.711,30.711,30.711,30.711,100
2026-03-23 09:30:00,30.77,30.77,30.77,30.77,100
2026-03-23 10:25:00,31.005,31.005,30.95,30.9501,2300
2026-03-24 10:55:00,30.68,30.68,30.68,30.68,300
2026-03-27 09:55:00,29.975,29.975,29.975,29.975,1000
2026-03-27 10:45:00,29.98,29.98,29.98,29.98,1304
2026-03-27 11:20:00,30.03,30.03,30.03,30.03,100
2026-03-27 13:10:00,29.93,29.93,29.93,29.93,100
2026-03-27 14:45:00,29.8,29.8,29.8,29.8,217
2026-03-30 10:35:00,29.79,29.79,29.79,29.79,148
2026-03-30 10:45:00,29.8,29.8,29.8,29.8,200
2026-03-30 13:20:00,29.68,29.68,29.68,29.68,1000
2026-03-30 13:25:00,29.68,29.68,29.68,29.68,200
2026-03-30 13:40:00,29.69,29.69,29.69,29.69,100
2026-03-30 15:10:00,29.53,29.5504,29.53,29.5504,200
2026-03-30 15:40:00,29.54,29.54,29.54,29.54,100
2026-03-31 10:15:00,30.07,30.07,30.07,30.07,100
2026-03-31 11:10:00,30.05,30.05,30.05,30.05,100
2026-03-31 11:15:00,30.09,30.09,30.09,30.09,100
2026-03-31 14:35:00,30.4,30.4,30.4,30.4,209
2026-03-31 15:55:00,30.47,30.47,30.47,30.47,100
2026-04-01 13:20:00,30.92,30.929,30.92,30.929,500
2026-04-01 14:40:00,30.72,30.72,30.72,30.72,100
2026-04-01 13:20:00,30.92,30.929,30.92,30.929,500
2026-04-01 14:40:00,30.72,30.72,30.72,30.72,100
2026-04-02 15:30:00,30.72,30.72,30.72,30.72,324
