2026-02-25,35.05,35.0899,35.04,35.04,1041
2026-02-26,35,35.095,35,35.095,308
2026-02-27,35.105,35.105,35.105,35.105,85.6
2026-03-02,35.17,35.17,35.105,35.105,2800
2026-03-03,33.83,34.24,33.44,34.0343,2535
2026-03-04,35.77,37.38,35.77,37.1499,2776
2026-03-05,35.71,36.0557,35.6,36.0557,2725
2026-03-06,34.68,34.68,34.0809,34.0809,1418
2026-03-09,34.83,35.018,34.62,35.018,1191
2026-03-10,35.39,35.975,35.0859,35.0859,1467
2026-03-11,35.736,35.736,35.736,35.736,218
2026-03-12,35.3,35.6497,35.3,35.6497,203
2026-03-13,37.7,37.84,36.1879,36.1879,1447
2026-03-16,39.53,40.095,39.32,40.084,1933
2026-03-17,40.13,40.49,39.8518,39.8518,1338
2026-03-18,37.505,37.975,37.25,37.48,1673
2026-03-19,36.38,36.8072,36.211,36.8072,2614
2026-03-20,36.58,36.72,36.58,36.6417,564
2026-03-23,36.68,37.0261,36.55,37.0261,596
2026-03-24,36.3531,36.3531,36.3531,36.3531,139
2026-03-25,37.07,37.265,37.07,37.2589,717
2026-03-26,35.67,35.67,35.138,35.138,2725
2026-03-27,33.87,34.135,33.87,34.135,276
