2026-04-07,43.23,46.19,43.23,46.19,14284
2026-04-08,47.6724,47.6724,46.04,46.5,36516
2026-04-09,46.99,48.24,46.78,48,24675
2026-04-10,48.29,51.13,48.29,51.0941,38255
2026-04-13,48.41,50.02,48.41,50,37642
2026-04-14,50.1,51.96,49.87,51.87,23072
2026-04-15,51.53,52.73,51.2,52.73,17347
2026-04-16,53.47,58,52.72,57.4,30287
2026-04-17,57.16,57.95,56.62,57.54,68869
2026-04-20,55.8581,59,55.58,55.97,36972
2026-04-21,56.49,59,56.48,59,44435
2026-04-22,60,63.055,58.9,62.5,48235
2026-04-23,62,67.99,61.59,67.99,63156
2026-04-24,68.84,75.01,68.84,74,70105
2026-04-27,73.49,74.75,68.35,69.6,60551
2026-04-28,69.04,69.04,63.4088,67.6,51565
2026-04-29,69.5,72.86,65.8,72.74,37131
2026-04-30,72.27,74.68,69.93,72.8052,28452
2026-05-01,74,76.74,72.85,76.7258,60318
2026-05-04,75.96,75.96,69.44,70.11,46210
2026-05-05,71.75,88,70.73,88,58302
2026-05-06,88,92,85.35,88.38,96813
2026-05-07,90,90.0525,85.51,85.71,46694
2026-05-08,87.86,101.53,87.86,99.99,102286