2026-04-22,98.38,98.38,93.44,97.2212,2483
2026-04-23,96.93,96.98,95.4518,95.4518,375
2026-04-24,98.59,98.63,97.9747,97.9747,387
2026-04-27,97.76,97.76,95.7,96.4454,704
2026-04-28,93.7899,93.7999,92.59,93.4911,782
2026-04-29,93.78,94.18,93.78,94.17,1402
2026-04-30,94.62,96.77,94.62,96.7542,5631
2026-05-01,96.25,96.2947,96.25,96.2947,531
2026-05-04,95.16,95.16,93.28,93.6847,1375
2026-05-05,96.41,97.9302,95.73,97.2952,1616
2026-05-06,101.79,103.6127,101.79,103.6127,2283
2026-05-07,103.93,103.93,101.5199,102.0818,2764
2026-05-08,104.55,106.56,103.8392,106.56,4365
2026-05-11,102.32,104.9119,102,104.9119,1407
2026-05-12,99.29,102.2498,99.29,102.2498,1573
2026-05-13,103.96,106.75,103.96,106.5062,1664
2026-05-14,107.06,107.93,107.06,107.3489,552
2026-05-15,101,102.2,101,102.1836,665
2026-05-18,99.42,99.9267,99.42,99.9267,537
2026-05-19,99.99,99.99,99.175,99.2981,415
2026-05-20,102.08,105.51,102.08,105.1121,1873
2026-05-21,106.45,108.0027,106.45,108.0027,876
2026-05-22,110.59,111.83,110.59,110.9137,1608