2026-04-22,25.44,25.44,25.33,25.38,1106
2026-04-23,25.39,25.39,25.385,25.385,616
2026-04-24,25.395,25.395,25.33,25.3814,3891
2026-04-27,25.37,25.37,25.37,25.37,372
2026-04-28,25.35,25.35,25.28,25.34,742
2026-04-29,25.19,25.27,25.19,25.25,691
2026-04-30,25.21,25.34,25.21,25.2887,845
2026-05-01,25.295,25.37,25.28,25.285,1565
2026-05-04,25.36,25.36,25.2,25.275,23719
2026-05-05,25.1601,25.27,25.1601,25.27,3208
2026-05-06,25.24,25.36,25.24,25.36,606
2026-05-07,25.27,25.37,25.23,25.28,1096
2026-05-08,25.4,25.4,25.25,25.37,1860
2026-05-12,25.285,25.31,25.275,25.295,1409
2026-05-13,25.284,25.37,25.284,25.3,462
2026-05-14,25.4,25.41,25.3174,25.3174,1098
2026-05-15,25.34,25.34,25.23,25.28,2065
2026-05-18,25.2,25.219,25.195,25.195,1316
2026-05-19,25.2199,25.22,25.195,25.195,1437
2026-05-20,25.22,25.22,25.17,25.185,791
2026-05-21,25.21,25.21,25.175,25.175,1649
2026-05-22,25.24,25.2773,25.24,25.2773,593