2026-03-23,46.95,48.235,46.95,47.48,41013
2026-03-24,47.11,47.98,47.1,47.75,52447
2026-03-25,48.33,48.33,47.93,48.08,19366
2026-03-26,47.67,47.85,47.04,47.06,16104
2026-03-27,46.62,46.9256,46.26,46.39,23190
2026-03-30,46.82,46.82,45.5,45.68,162724
2026-03-31,46.29,47.2,46.14,47.15,63941
2026-04-01,47.46,47.97,47.4572,47.68,40006
2026-04-02,46.84,48.08,46.84,47.85,72333
2026-04-06,47.81,47.96,47.68,47.85,81121
2026-04-07,47.7,48.15,47.42,48.14,47858
2026-04-08,49.63,49.96,49.4,49.95,49213
2026-04-09,49.81,50.39,49.81,50.3,104140
2026-04-10,50.42,50.48,50.2,50.2,68829
2026-04-13,50.09,50.85,50.09,50.84,70697
2026-04-14,51.02,51.2161,50.82,51.17,41580
2026-04-15,51.11,51.98,50.485,51.98,62686
2026-04-16,51.04,51.4,51.01,51.4,117432
2026-04-17,51.83,52.46,51.76,52.25,50716
2026-04-20,52.23,52.61,52.23,52.59,27517
2026-04-21,52.76,53.135,52.34,52.53,36823