2026-04-02,12.8,13.0588,12.26,12.8732,233860
2026-04-06,12.83,13.334,12.77,13.3297,167188
2026-04-07,13.05,14.24,12.75,13.92,153957
2026-04-08,14.03,14.39,13.7973,14.1327,229628
2026-04-09,14.08,14.58,13.9701,14.39,150406
2026-04-10,14.39,14.7,14.13,14.65,312789
2026-04-13,14.1633,15.18,14.1,15.07,203646
2026-04-14,15.18,15.9,15.1799,15.6453,369669
2026-04-15,15.59,15.75,15.16,15.7421,252910
2026-04-16,16.14,16.15,15.15,15.61,309780
2026-04-17,15.7,16.25,15.6,16.15,200965
2026-04-20,15.85,16.2,15.5,16.19,231267
2026-04-21,16.11,16.48,15.48,16,285757