2026-04-22,22.9899,22.9899,22.91,22.94,20582
2026-04-23,23.87,23.87,22.875,22.875,15273
2026-04-24,22.89,22.9799,22.88,22.935,46998
2026-04-27,22.98,22.98,22.9201,22.94,656615
2026-04-28,22.9,22.92,22.87,22.91,19468
2026-04-29,22.84,22.87,22.76,22.7904,21255
2026-04-30,22.97,23.06,22.93,23.05,16870
2026-05-01,23.0499,23.08,23.015,23.0192,35366
2026-05-04,22.99,23,22.84,22.89,15020
2026-05-05,23,23.02,22.93,23.01,35087
2026-05-06,23.26,23.26,23.19,23.2252,43297
2026-05-07,23.21,23.24,23.07,23.091,19045
2026-05-08,23.19,23.2,23.17,23.185,10469
2026-05-11,23.13,23.1899,23.11,23.11,15036
2026-05-12,23.11,23.1385,23.01,23.1049,37898
2026-05-13,23.1,23.17,23.1,23.145,17325
2026-05-14,23.15,23.19,23.13,23.1658,16062
2026-05-15,23.015,23.05,22.97,22.98,36895
2026-05-18,23.105,23.1123,23.03,23.1123,14405
2026-05-19,23.04,23.09,23.04,23.0491,5769
2026-05-20,23.17,23.21,23.12,23.1932,6397
2026-05-21,23.09,23.26,23.09,23.26,13205
2026-05-22,23.26,23.26,23.1922,23.2001,14337