2026-04-22,22.31,22.34,22.25,22.25,141906
2026-04-23,22.21,22.33,22.08,22.17,452367
2026-04-24,22.18,22.265,22.11,22.25,552483
2026-04-27,22.26,22.37,22.19,22.19,347435
2026-04-28,22.05,22.16,22.0401,22.13,1576545
2026-04-29,22.08,22.08,21.97,21.98,569905
2026-04-30,22.21,22.285,22.13,22.27,622817
2026-05-01,22.21,22.36,22.21,22.23,192257
2026-05-04,22.18,22.19,22.075,22.13,387859
2026-05-05,22.09,22.18,22.09,22.13,1350525
2026-05-06,22.36,22.47,22.34,22.34,341365
2026-05-07,22.44,22.5,22.29,22.31,263705
2026-05-08,22.41,22.44,22.36,22.39,1114310
2026-05-11,22.33,22.4,22.28,22.29,1330476
2026-05-12,22.18,22.19,22.11,22.14,171982
2026-05-13,22.11,22.2,22.09,22.11,246562
2026-05-14,22.14,22.15,22.03,22.05,574481
2026-05-15,21.85,21.865,21.8019,21.81,457077
2026-05-18,21.88,21.9399,21.84,21.9,495171
2026-05-19,21.71,21.78,21.695,21.74,614650
2026-05-20,21.78,21.97,21.77,21.95,380802
2026-05-21,21.84,21.96,21.78,21.94,859578
2026-05-22,21.97,21.97,21.9,21.93,268868