2026-02-25,27.53,27.72,27.53,27.62,43897
2026-02-26,27.555,27.58,27.34,27.58,36703
2026-02-27,27.44,27.455,27.37,27.44,44963
2026-03-02,27.32,27.5164,27.32,27.46,29556
2026-03-03,27.0875,27.34,27.04,27.27,28291
2026-03-04,27.29,27.47,27.25,27.39,27569
2026-03-05,27.37,27.405,27.1872,27.29,47220
2026-03-06,27.08,27.19,27.0586,27.07,28720
2026-03-09,26.93,27.28,26.855,27.21,44190
2026-03-10,27.22,27.35,27.19,27.19,22886
2026-03-11,27.24,27.24,27.105,27.17,18555
2026-03-12,27.03,27.07,26.92,26.92,24118
2026-03-13,27.08,27.08,26.8201,26.83,15341
2026-03-16,26.9801,27.11,26.9,26.98,19793
2026-03-17,27.138,27.138,26.92,27.03,14550
2026-03-18,26.98,27.02,26.79,26.79,34605
2026-03-19,26.69,26.845,26.68,26.75,25234
2026-03-20,26.7,26.7,26.511,26.54,22523
2026-03-23,26.8,26.89,26.7,26.7,20925
2026-03-24,26.65,26.75,26.62,26.62,27231
2026-03-25,26.77,26.81,26.72,26.7527,15326
2026-03-26,26.59,26.7047,26.44,26.44,31790
2026-03-27,26.33,26.38,26.22,26.22,20591
