2026-03-23,158.08,168.44,135.01,160.71,123937
2026-03-24,155.15,165,152.035,165,117516
2026-03-25,170.45,175.81,164.61,167,103463
2026-03-26,162.2,164.98,153.45,153.45,258669
2026-03-27,153.46,171.5399,153.46,166.5,175424
2026-03-30,169,173.12,164.85,167.69,207572
2026-03-31,173.99,182.98,171.49,182.98,248873
2026-04-01,188,190.315,185,188.5,169455
2026-04-02,176.69,183.8,175.14,181,78768
2026-04-06,179.44,186.155,179.44,183.34,65456
2026-04-07,183.34,191.47,174.159,191.47,102790
2026-04-08,193.99,195,182.58,185.47,222161
2026-04-09,187.08,194.54,183.705,189.07,226694
2026-04-10,189.52,194.2594,185.46,190.69,220247
2026-04-13,189.34,191.445,184.6501,188.16,407674
2026-04-14,191,196.565,190.9,196,239772
2026-04-15,198.28,198.28,189.845,192.57,114765
2026-04-16,196.6726,196.6726,190.48,191.17,112471
2026-04-17,195.32,197.95,192.815,196.49,116812
2026-04-20,191.19,195,190.2,191.67,96420
2026-04-21,188.37,193.735,181.645,182.52,128736