2026-03-06,23.6053,23.6053,23.6053,23.6053,3
2026-03-09,23.0000,23.6290,22.6400,23.6290,200
2026-03-10,23.5513,23.5513,23.5513,23.5513,10
2026-03-11,23.8500,23.9250,23.4676,23.4676,3800
2026-03-12,22.9497,22.9497,22.6426,22.6426,100
2026-03-13,22.4225,22.4225,22.4225,22.4225,0
2026-03-16,22.8285,22.8285,22.8285,22.8285,0
2026-03-17,23.12,23.12,23.0929,23.0929,102.007
2026-03-18,22.3312,22.3312,22.3312,22.3312,1
2026-03-19,22.1192,22.1192,22.1192,22.1192,1
2026-03-20,22,22,21.5837,21.5837,202.03
2026-03-23,22.2284,22.2284,22.2284,22.2284,2
2026-03-24,22.1085,22.1085,22.1085,22.1085,0
2026-03-25,22.41,22.59,22.3297,22.3297,3001
2026-03-26,22.29,22.29,21.8659,21.8659,300
2026-03-27,21.58,21.58,21.1105,21.1105,100
2026-03-30,21.0813,21.0813,21.0813,21.0813,0
2026-03-31,21.52,21.8156,21.5199,21.8156,200
2026-04-01,22.12,22.12,22.0026,22.0026,220
2026-04-01,22.12,22.12,22.0026,22.0026,220
