2026-03-04,35.97,36.04,35.97,36.0235,1811.8939
2026-03-05,35.83,35.9,35.6601,35.7088,6201.0559
2026-03-06,35.535,35.535,35.4398,35.4398,1353.545958
2026-03-09,35.3,35.6686,35.29,35.6686,3133.0303
2026-03-10,35.6137,35.6137,35.6137,35.6137,29.4419
2026-03-11,35.5305,35.5305,35.5305,35.5305,25.413724
2026-03-12,35.245,35.245,35.0955,35.0955,4775.4419
2026-03-13,35.33,35.33,34.9234,34.9234,917.9839
2026-03-16,35.22,35.35,35.22,35.2666,4539.4779
2026-03-17,35.4599,35.46,35.3845,35.3845,842.4419
2026-03-18,35.045,35.045,35.0197,35.0197,556.2779
2026-03-19,34.795,35.003,34.795,35.003,1119.755128
2026-03-20,34.6515,34.66,34.4531,34.4531,8526.1789
2026-03-23,34.94,34.94,34.8599,34.8599,1240
2026-03-24,34.52,34.8,34.51,34.7008,3876
2026-03-25,35.05,35.05,34.9266,34.9266,4207
2026-03-26,34.71,34.71,34.475,34.475,1072
2026-03-27,34.32,34.32,34.14,34.1439,2913
2026-03-30,34.28,34.3,34.09,34.16,18672
2026-03-31,34.53,34.807,34.53,34.807,1281
2026-04-01,35.09,35.13,35,35.006,4995
2026-04-02,34.8102,34.8488,34.81,34.8488,1480
