2026-03-04,12.7850,13.2345,12.7850,13.2345,1373
2026-03-05,13.0200,13.0200,12.7400,12.8266,696
2026-03-09,12.3700,12.4794,12.3700,12.4794,849
2026-03-10,12.4990,12.5000,12.4400,12.4817,843
2026-03-13,13.3500,13.4349,12.8700,12.8943,13514
2026-03-16,13.858,14.3,13.858,14.2905,474.1149
2026-03-17,14.25,14.25,14.2161,14.2161,1677.8299
2026-03-18,13.2901,13.3886,13.2901,13.3886,456.5329
2026-03-19,13.18,13.18,13.112,13.112,185.3989
2026-03-20,12.995,13.0999,12.995,13.0687,490.0949
2026-03-23,13.08,13.215,13.08,13.215,973
2026-03-24,12.9607,12.9607,12.9607,12.9607,155
2026-03-25,13.25,13.299,13.25,13.299,1276
2026-03-26,12.5514,12.5514,12.5514,12.5514,171
2026-03-27,12.2013,12.2013,12.2013,12.2013,293
2026-03-30,12.65,12.685,12.3859,12.3859,3548
2026-03-31,12.8237,12.8237,12.8237,12.8237,93
2026-04-01,12.97,13.1166,12.97,13.1166,10000
2026-04-01,12.97,13.1166,12.97,13.1166,9999
