2026-02-25,34.08,34.08,33.54,33.89,999
2026-02-26,33.88,34.16,33.88,34.16,1265
2026-02-27,34.1199,34.98,34.1199,34.54,2751
2026-03-02,35.78,35.78,34.665,35.0193,5776
2026-03-03,34.51,34.51,34.06,34.48,2333
2026-03-04,34.58,34.72,34.48,34.72,2863
2026-03-05,34.37,34.37,33.8,34.27,2451
2026-03-06,33.95,34.46,33.84,34.3476,2137
2026-03-09,33.98,34.51,33.9799,34.3575,8749
2026-03-10,34.39,34.39,34.0651,34.1,6368
2026-03-11,34.005,34.04,33.9,33.91,5567
2026-03-12,33.87,33.87,33.5998,33.5998,1408
2026-03-13,33.69,33.69,33.4456,33.4456,26095
2026-03-16,33.84,33.84,33.76,33.7732,1859
2026-03-17,33.7287,33.7287,33.7287,33.7287,47.7
2026-03-18,33.7575,33.83,33.42,33.5,7765
2026-03-19,32.95,33.31,32.95,33.2922,1754
2026-03-20,32.555,32.57,32.555,32.57,448
2026-03-23,33.16,33.16,32.718,32.718,934
2026-03-24,32.45,32.5318,32.36,32.5318,1631
2026-03-25,32.95,32.95,32.885,32.9209,743
2026-03-26,32.745,32.745,32.39,32.43,3191
2026-03-27,32.22,32.22,31.7294,31.7294,7785
