2026-04-22,7.77,7.79,7.74,7.7819,2600
2026-04-23,7.84,7.84,7.655,7.7,5347
2026-04-24,7.705,7.85,7.705,7.8378,1327
2026-04-27,7.79,7.83,7.7101,7.72,2037
2026-04-28,7.6798,7.6798,7.6027,7.6027,528
2026-04-29,7.4858,7.4858,7.47,7.47,1289
2026-04-30,7.47,7.51,7.47,7.51,1442
2026-05-01,7.4,7.4,7.3602,7.3869,1208
2026-05-04,7.38,7.41,7.3501,7.36,1412
2026-05-05,7.28,7.29,7.2701,7.29,2613
2026-05-06,7.35,7.4351,7.27,7.4351,780
2026-05-07,7.39,7.39,7.34,7.36,2781
2026-05-08,7.2301,7.4679,7.2301,7.4679,885
2026-05-11,7.47,7.5522,7.47,7.525,5108
2026-05-12,7.37,7.45,7.26,7.27,35176
2026-05-13,7.24,7.24,7.235,7.235,772
2026-05-14,7.2,7.25,7.2,7.235,3045
2026-05-15,7.0811,7.17,7.0811,7.17,3428
2026-05-18,7.11,7.11,6.9889,6.9889,2081
2026-05-19,6.97,7.03,6.97,6.985,5538
2026-05-20,6.96,7.06,6.955,6.985,6260
2026-05-21,6.94,7.0199,6.9224,7.005,4509
2026-05-22,6.92,6.94,6.89,6.89,975