2026-03-23,33.05,33.2142,32.88,32.9,1387
2026-03-24,32.67,32.67,32.67,32.67,481
2026-03-25,33.09,33.37,33.09,33.37,1258
2026-03-26,33.32,33.34,33.27,33.295,2746
2026-03-27,33.045,33.045,32.67,32.67,2736
2026-03-30,32.87,32.87,32.71,32.71,3317
2026-03-31,33.33,33.516,33.22,33.516,31730
2026-04-01,33.99,34.155,33.99,34.085,752
2026-04-02,33.8,33.995,33.6702,33.68,1173
2026-04-06,33.65,33.77,33.61,33.61,1737
2026-04-07,33.53,33.53,33.16,33.38,1137
2026-04-08,34.19,34.25,34.01,34.18,4213
2026-04-09,33.96,34.25,33.94,34.25,1341
2026-04-10,34.17,34.17,33.755,33.8,1802
2026-04-13,34.26,34.26,33.915,34.22,6357
2026-04-14,34.63,34.78,34.6,34.6,4308
2026-04-15,34.65,34.65,34.33,34.41,2620
2026-04-16,34.36,34.36,34.11,34.15,3892
2026-04-17,34.38,34.61,34.38,34.5401,868
2026-04-20,34.51,34.51,34.285,34.285,2659
2026-04-21,33.97,34.135,33.86,33.86,1384