2026-03-23,24.26,24.29,24.25,24.25,1782
2026-03-24,24.13,24.13,23.99,24.02,14865
2026-03-25,24.3,24.33,24.11,24.24,17325
2026-03-26,24.08,24.12,24.08,24.12,1000
2026-03-27,24.03,24.03,24.03,24.03,300
2026-03-30,24.26,26.47,24.155,24.18,1837
2026-03-31,24.17,24.26,24.17,24.19,3700
2026-04-01,24.37,24.38,24.36,24.38,2400
2026-04-02,24.339,24.37,24.29,24.35,3620
2026-04-06,24.38,24.38,24.38,24.38,2442
2026-04-07,24.36,24.36,24.34,24.34,1045
2026-04-08,24.58,24.58,24.5,24.5001,1704
2026-04-09,24.49,24.55,24.44,24.52,2838
2026-04-13,24.51,24.54,24.51,24.54,1094
2026-04-14,24.4701,24.48,24.47,24.47,1408
2026-04-15,24.44,24.48,24.44,24.4799,537
2026-04-16,24.49,24.53,24.49,24.53,1225
2026-04-17,24.6011,24.6011,24.6011,24.6011,689
2026-04-20,24.665,24.665,24.62,24.62,1292
2026-04-21,24.645,24.645,24.62,24.62,500