2026-04-07,54.97,56,54.92,56,291626
2026-04-08,56.98,57.56,56.73,57,513775
2026-04-09,56.72,58.18,56.72,58,144569
2026-04-10,58,58,57.22,57.89,128200
2026-04-13,56.89,57.87,56.64,57.83,89266
2026-04-14,57.65,57.91,57.08,57.65,112290
2026-04-15,57.64,58.11,57.16,57.7,442391
2026-04-16,57.47,57.9,57.19,57.29,199713
2026-04-17,57.73,59.04,57.73,58.4,237870
2026-04-20,58.14,59.0487,58.04,58.87,96199
2026-04-21,59,59.58,58.59,58.69,206045
2026-04-22,58.97,59.12,58.19,58.36,308877
2026-04-23,58.44,58.87,57.9,58.68,163647
2026-04-24,58.48,58.63,57.34,57.48,142700
2026-04-27,57.5,58.51,57.5,58.23,75899
2026-04-28,58.67,59,58.18,58.36,79003
2026-04-29,58.2,58.515,57.49,57.76,93676
2026-04-30,57.47,58.93,57.37,58.69,141716
2026-05-01,58.61,58.865,58.2,58.3,97835
2026-05-04,58.61,58.61,56.75,56.75,76833
2026-05-05,57.55,58.28,57.52,58.07,116485
2026-05-06,58.5,59.2,58.2903,58.2903,95272
2026-05-07,58.62,58.82,57.57,57.69,86058
2026-05-08,57.8,57.84,57.32,57.5,64297