2026-04-07,34.68,34.9188,34.63,34.83,9894
2026-04-08,35.7,35.7,35.43,35.66,225471
2026-04-09,35.41,35.98,35.35,35.7,81693
2026-04-10,35.63,35.75,35.5,35.5,12636
2026-04-13,35.37,35.7199,35.37,35.71,15544
2026-04-14,35.71,35.87,35.5601,35.81,20469
2026-04-15,35.75,35.8299,35.65,35.7647,14833
2026-04-16,35.69,35.8199,35.58,35.5801,23513
2026-04-17,35.82,35.95,35.79,35.79,11112
2026-04-20,35.68,35.93,35.68,35.8,71560
2026-04-21,35.61,35.68,35.27,35.305,39001
2026-04-22,35.44,35.47,35.22,35.22,9058
2026-04-23,35.22,35.51,35.1101,35.2585,22573
2026-04-24,35.265,35.395,35.19,35.38,17776
2026-04-27,35.36,35.3701,35.17,35.2064,17967
2026-04-28,35.12,35.2243,35.03,35.1,12726
2026-04-29,35.04,35.04,34.68,34.8,10417
2026-04-30,35.25,35.69,35.25,35.54,12917
2026-05-01,35.67,35.73,35.4801,35.565,50593
2026-05-04,35.25,35.265,35.02,35.11,416464
2026-05-05,35.33,35.4499,35.225,35.43,50796
2026-05-06,35.82,35.86,35.65,35.77,15106
2026-05-07,35.69,35.69,35.29,35.4599,15500
2026-05-08,35.41,35.41,35.2001,35.3587,153754