2026-03-04,42.26,42.3,42.13,42.22,114205.754377
2026-03-05,41.95,41.99,41.6201,41.88,496294.184337
2026-03-06,41.77,41.8899,41.54,41.83,261979.790896
2026-03-09,41.4,41.94,41.4,41.84,235353.782768
2026-03-10,41.99,42.12,41.7001,41.85,113935.242875
2026-03-11,41.49,41.72,41.49,41.52,103609.852414
2026-03-12,41.52,41.52,41.06,41.21,129425.765638
2026-03-13,41.19,41.5899,40.6501,40.8,135412.467843
2026-03-16,41.16,41.34,40.83,41.24,230203.389598
2026-03-17,41.43,41.52,41.3505,41.44,164561.147404
2026-03-18,41.09,41.37,41.025,41.04,185832.873706
2026-03-19,40.92,41.6,40.905,41.49,145941.751655
2026-03-20,41.33,41.33,40.85,40.95,118193.981814
2026-03-23,41.1,41.52,41.0454,41.26,170959
2026-03-24,41.15,41.26,40.88,41.07,131708
2026-03-25,41.37,41.5027,41.17,41.22,64148
2026-03-26,40.92,41.18,40.66,40.69,138598
2026-03-27,40.36,40.7296,40.36,40.54,408743
2026-03-30,40.56,40.67,40.4301,40.56,222859
2026-03-31,40.62,41.11,40.62,41.06,258821
2026-04-01,41.19,41.32,40.97,41.1638,1104987
2026-04-02,41.16,41.16,40.6001,40.995,211318
