2026-02-25,97.43,97.76,97.21,97.75,22512
2026-02-26,97.87,98,97.37,97.78,25042
2026-02-27,97.4,97.92,97.2004,97.89,25124
2026-03-02,97.22,97.93,97.1,97.64,90921
2026-03-03,96.37,97.18,95.47,96.85,57739
2026-03-04,97.04,97.41,96.5834,97.25,46226
2026-03-05,96.7,97.075,95.79,96.38,89215
2026-03-06,95.55,95.66,94.78,95.47,60161
2026-03-09,94.69,95.88,93.94,95.67,48533
2026-03-10,95.48,96.18,95.13,95.36,23193
2026-03-11,95.26,95.49,94.78,95.1392,33889
2026-03-12,94.49,94.6,93.96,94,61843
2026-03-13,94.4,94.79,93.74,93.78,74416
2026-03-16,94.46,94.83,94.36,94.52,36403
2026-03-17,94.7,95.02,94.43,94.48,27473
2026-03-18,94.08,94.21,93.12,93.13,24103
2026-03-19,92.65,93.06,92.49,92.83,19464
2026-03-20,92.77,92.9,91.64,91.96,34695
2026-03-23,93.08,93.4819,92.63,92.73,159526
2026-03-24,92.12,93.245,92.01,92.72,53652
2026-03-25,93.43,93.49,92.76,93.13,50299
2026-03-26,92.68,93.37,92.44,92.51,29877
2026-03-27,92.31,92.31,91.16,91.345,45494
