2026-02-25,49.39,49.4,49.3801,49.4,244871
2026-02-26,49.4,49.425,49.365,49.42,189942
2026-02-27,49.36,49.4199,49.34,49.39,318647
2026-03-02,48.99,49.03,48.985,49.02,266337
2026-03-03,48.6,48.7897,48.59,48.74,201721
2026-03-04,48.82,48.87,48.79,48.82,204096
2026-03-05,48.69,48.725,48.565,48.64,167407
2026-03-06,48.32,48.43,48.285,48.38,210749
2026-03-09,48.14,48.445,48.1201,48.42,232244
2026-03-10,48.47,48.592,48.445,48.46,203674
2026-03-11,48.39,48.45,48.305,48.35,260057
2026-03-12,48.15,48.165,47.96,47.97,191252
2026-03-13,48,48.035,47.785,47.8,723609
2026-03-16,47.93,47.995,47.9,47.955,349405
2026-03-17,48.15,48.18,48.135,48.16,185546
2026-03-18,48.09,48.1099,47.955,47.955,277907
2026-03-19,47.74,48,47.7,47.95,1558667
2026-03-20,47.74,47.75,47.415,47.45,233134
2026-03-23,47.58,47.79,47.5437,47.705,153263
2026-03-24,47.68,47.745,47.58,47.66,144475
2026-03-25,47.88,47.96,47.84,47.89,207331
2026-03-26,47.72,47.775,47.535,47.55,258670
2026-03-27,47.42,47.52,47.35,47.38,471175
