2026-04-07,54.06,54.355,54,54.26,14419
2026-04-08,54.92,55.17,54.92,55.08,4947
2026-04-09,54.98,55.29,54.98,55.15,22002
2026-04-10,55.08,55.08,54.52,54.56,12169
2026-04-13,54.43,55.29,54.43,55.245,30823
2026-04-14,55.4,55.71,55.4,55.53,18310
2026-04-15,55.75,55.905,55.6732,55.905,4055
2026-04-16,56.03,56.1699,55.92,56.11,2579
2026-04-17,56.17,56.505,56.17,56.39,6112
2026-04-20,55.93,56.21,55.83,55.9336,50298
2026-04-21,56.09,56.345,55.63,55.63,4033
2026-04-22,55.81,56,55.6211,55.725,10719
2026-04-23,55.41,55.81,55.15,55.47,17452
2026-04-24,55.4,55.61,55.38,55.545,8596
2026-04-27,55.9,55.9,55.44,55.44,15864
2026-04-28,55.63,55.71,55.6,55.65,5505
2026-04-29,55.56,55.645,55.53,55.53,15830
2026-04-30,55.11,55.63,55.11,55.53,20350
2026-05-01,55.62,55.69,55.35,55.43,7533
2026-05-04,55.21,55.58,55.0209,55.085,11127
2026-05-05,55.28,55.45,55.25,55.444,12217
2026-05-06,55.79,55.92,55.49,55.53,22038
2026-05-07,55.3,55.3,55.08,55.08,2604
2026-05-08,55.06,55.06,54.87,54.87,5363