2026-04-22,13.22,13.27,13.13,13.18,231081
2026-04-23,13.16,13.18,12.93,12.99,389014
2026-04-24,13,13.1,12.95,13.04,411614
2026-04-27,13.01,13.13,13.01,13.11,292482
2026-04-28,13.13,13.2299,13.125,13.22,207996
2026-04-29,13.19,13.21,13,13.05,258991
2026-04-30,13.05,13.42,13.05,13.355,513177
2026-05-01,13.46,13.565,13.375,13.52,288069
2026-05-04,13.49,13.55,13.375,13.38,288101
2026-05-05,13.4,13.455,13.29,13.44,271655
2026-05-06,13.5,13.52,13.35,13.4397,285776
2026-05-07,13.35,13.39,13.26,13.2946,378447
2026-05-08,13.26,13.26,13.11,13.1978,329206
2026-05-11,13.16,13.2,12.92,12.925,623914
2026-05-12,12.93,12.945,12.82,12.87,479054
2026-05-13,12.82,12.86,12.77,12.7834,360471
2026-05-14,12.8,12.885,12.75,12.75,345433
2026-05-15,12.71,12.75,12.57,12.63,518802
2026-05-18,12.5,12.58,12.43,12.44,512335
2026-05-19,12.4,12.43,12.31,12.32,359344
2026-05-20,12.335,12.505,12.285,12.475,211868
2026-05-21,12.43,12.53,12.365,12.48,278553
2026-05-22,12.51,12.53,12.38,12.4,447596