2026-02-25,66.13,66.345,65.86,66.2056,6134.092793
2026-02-26,65.91,66.7902,65.7001,66.7902,3761.343022
2026-02-27,65.39,65.6802,65.39,65.6802,708.459972
2026-03-02,65.55,65.9755,65.55,65.9755,2271.742738
2026-03-03,64.02,64.98,63.66965,64.9103,7249.313867
2026-03-04,64.83,64.985,64.77,64.9496,3065.012275
2026-03-05,65.285,65.285,64.46,64.6082,1076.597421
2026-03-06,63.41189,63.41189,63.2692,63.2692,1028.0855
2026-03-09,62.1177,63.9,62.1177,63.9,3032.725709
2026-03-10,63.91,64.09,63.2899,63.4,4521.6129
2026-03-11,62.905,63.1,62.905,63.1,2196.8721
2026-03-12,62.53,62.53,61.9725,61.9725,13938.7709
2026-03-13,62.16,62.19,61.53,61.7404,1479.26171
2026-03-16,62.76,62.83,62.47,62.546,4035.827169
2026-03-17,63.1,63.1,62.9325,62.9325,1447.290083
2026-03-18,62.52,62.82,62.45,62.4803,7033.424085
2026-03-19,62.17,62.715,62.17,62.641,1022.7729
2026-03-20,61.84,61.84,60.98,61.0286,3527.729433
2026-03-23,61.91,62.19,61.8899,61.8899,1603
2026-03-24,61.96,62.025,61.7515,61.7515,716
2026-03-25,62.21,62.2708,62.05,62.0564,1894
2026-03-26,61.81,61.81,61.1546,61.1546,2429
2026-03-27,60.43,60.43,59.8209,59.8209,1487
