2026-04-22,83.77,83.9,82.9,83.11,103530
2026-04-23,83,83.47,82.63,83.13,209900
2026-04-24,82.83,83.0906,81.95,82.15,275450
2026-04-27,82.45,82.92,82.06,82.14,285490
2026-04-28,82.68,82.7399,81.72,82.05,202630
2026-04-29,82.15,82.405,81.78,81.89,220865
2026-04-30,82.42,84.02,82.41,83.85,390355
2026-05-01,84,84,83.325,83.38,176649
2026-05-04,83.51,83.88,83.0101,83.66,336875
2026-05-05,84.08,84.9299,84.07,84.56,382557
2026-05-06,84.62,84.63,84.05,84.23,607077
2026-05-07,82.89,82.94,81.545,81.61,601036
2026-05-08,82.16,82.27,81.54,81.66,2641163
2026-05-11,81.71,82.07,81.6,81.91,1140598
2026-05-12,82.39,82.865,81.71,82.63,175251
2026-05-13,82.48,82.79,82.27,82.35,328835
2026-05-14,82.39,82.4737,81.89,81.97,332528
2026-05-15,81.86,81.98,81.04,81.16,294508
2026-05-18,81.18,81.7,80.74,81.61,415830
2026-05-19,81.55,81.55,80.67,81.02,328028
2026-05-20,80.96,81.2,80.575,81.05,205813
2026-05-21,80.55,80.765,79.68,80.46,321128
2026-05-22,80.45,80.76,79.9,80.27,149717