2026-03-04,25.0804,25.0804,25.0804,25.0804,103
2026-03-05,25.015,25.015,25.015,25.015,72.04
2026-03-06,24.96,24.98,24.9284,24.9537,3029
2026-03-09,24.9664,25.06,24.9664,25.05,1033.9394
2026-03-10,24.96,24.96,24.9448,24.9448,436
2026-03-11,24.84,24.84,24.8287,24.8287,1024
2026-03-12,24.69,24.695,24.69,24.695,1132.08
2026-03-13,24.67,24.67,24.6247,24.6247,767
2026-03-16,24.77,24.77,24.72,24.72,2330
2026-03-17,24.82,24.828,24.82,24.8267,3341
2026-03-18,24.79,24.79,24.6998,24.6998,1002
2026-03-19,24.78,24.78,24.7669,24.7669,879
2026-03-20,24.5509,24.57,24.53,24.5328,3259
2026-03-23,24.63,24.72,24.63,24.6553,5746
2026-03-24,24.64,24.64,24.5972,24.5972,1115
2026-03-25,24.71,24.71,24.676,24.676,1286
2026-03-26,24.54,24.54,24.52,24.52,5736
2026-03-27,24.49,24.49,24.4766,24.4766,202
2026-03-30,24.63,24.63,24.5884,24.5884,737
2026-03-31,24.71,24.75,24.71,24.7341,1201
2026-04-01,24.64,24.6415,24.64,24.6415,1047
2026-04-02,24.7,24.72,24.7,24.7115,2245
