2026-02-25,25.53,25.53,25.53,25.53,52.3
2026-02-26,25.66,25.66,25.56,25.57,998
2026-02-27,25.6,25.6,25.575,25.575,1841
2026-03-02,25.435,25.435,25.435,25.435,310
2026-03-03,25.3192,25.355,25.31,25.355,11176
2026-03-04,25.31,25.31,25.28,25.28,16166
2026-03-05,25.29,25.31,25.29,25.31,1410
2026-03-06,25.225,25.32,25.225,25.2773,8305
2026-03-09,25.38,25.38,25.26,25.285,34622
2026-03-10,25.255,25.28,25.255,25.266,7372
2026-03-11,25.27,25.27,25.19,25.19,10174
2026-03-12,25.145,25.145,25.02,25.0947,6398
2026-03-13,25.115,25.16,25.115,25.16,326
2026-03-16,25.145,25.145,25.145,25.145,93.3
2026-03-17,25.165,25.26,25.165,25.17,2769
2026-03-18,25.18,25.18,25.17,25.1715,750
2026-03-19,25.1,25.105,24.9,25.105,7192
2026-03-20,25.04,25.04,24.895,24.895,1940
2026-03-23,24.9,24.975,24.9,24.971,1509
2026-03-24,24.79,24.79,24.79,24.79,60
2026-03-25,24.8248,24.8248,24.815,24.815,239
2026-03-26,24.8,24.82,24.78,24.79,5034
2026-03-27,24.72,24.82,24.57,24.795,2662
