2026-04-22,23.97,24.0108,23.97,24.0108,466
2026-04-23,23.972,23.99,23.92,23.97,20415
2026-04-24,24.015,24.02,24.015,24.0198,536
2026-04-27,24.08,24.09,23.9801,24.045,2111
2026-04-28,24,24.045,23.99,24.045,2042
2026-04-29,23.97,24.02,23.97,24.0101,7200
2026-04-30,24.04,24.075,24.03,24.075,1912
2026-05-01,24.1,24.1,24.0996,24.0996,181
2026-05-04,24.06,24.13,24.06,24.075,1003
2026-05-05,24.11,24.16,24.06,24.1056,4994
2026-05-06,24.05,24.135,24.05,24.135,2769
2026-05-07,24.14,24.14,24.09,24.13,1694
2026-05-11,24.13,24.155,24.13,24.145,1763
2026-05-12,24.115,24.155,24.09,24.155,1284
2026-05-13,24.13,24.17,24.12,24.17,3678
2026-05-14,24.11,24.185,24.11,24.185,1020
2026-05-15,24.13,24.17,24.13,24.165,567
2026-05-18,24.14,24.185,24.14,24.18,1086
2026-05-19,24.14,24.185,24.13,24.18,962
2026-05-20,24.15,24.2,24.15,24.2,1637
2026-05-21,24.16,24.215,24.15,24.215,1973
2026-05-22,24.18,24.23,24.18,24.2,2666