2026-04-22,10.86,11.02,10.46,11.02,16054
2026-04-23,10.05,10.2127,9.85,10.2127,19576
2026-04-24,10.31,10.33,9.43,10.2008,12296
2026-04-27,10.141,10.3,10.09,10.2174,2453
2026-04-28,10.34,10.69,10.245,10.2477,5465
2026-04-29,9.97,10.2106,9.79,10.2106,11179
2026-04-30,9.7,9.82,9.45,9.5509,4580
2026-05-01,10.42,10.42,10.03,10.1163,5382
2026-05-04,10.13,10.6,10.13,10.469,7493
2026-05-05,10.395,10.64,10.39,10.6164,17295
2026-05-06,10.41,10.5163,10.11,10.5163,16422
2026-05-07,11.11,12.03,11.11,11.4648,36548
2026-05-08,10.95,12.31,10.79,12.2821,17768
2026-05-11,12.145,12.215,11.58,11.6643,8122
2026-05-12,11.12,11.14,10.63,10.8913,32947
2026-05-13,11.02,11.1,10.52,10.6347,3145
2026-05-14,11,11.67,10.75,11.4177,48655
2026-05-15,11.37,12.05,11.28,11.8947,9776
2026-05-18,12.27,13.15,12.27,13.1289,38258
2026-05-19,13.67,14.01,12.68,12.716,36119
2026-05-20,12.51,13.73,12.5001,13.7282,14560
2026-05-21,13.49,14.22,13.49,13.8157,10144
2026-05-22,14.0172,14.6726,13.6101,14.6726,13168