2026-02-25,34.66,34.8799,34.63,34.8,240093
2026-02-26,34.85,34.85,34.62,34.72,37321
2026-02-27,34.82,34.82,34.67,34.7194,10879
2026-03-02,34.7,34.72,34.53,34.66,12156
2026-03-03,34.67,34.75,34.48,34.7354,14709
2026-03-04,34.63,34.84,34.63,34.83,27311
2026-03-05,34.975,35.22,34.94,35.2,140051
2026-03-06,35.47,36.07,35.44,35.65,446359
2026-03-09,35.75,35.83,35.39,35.43,313393
2026-03-10,35.41,35.57,35.36,35.53,77134
2026-03-11,35.74,35.74,35.53,35.63,48163
2026-03-12,35.65,35.849,35.62,35.66,470592
2026-03-13,35.63,35.79,35.485,35.72,68627
2026-03-16,35.68,35.69,35.26,35.33,167834
2026-03-17,35.56,35.58,35.41,35.54,110013
2026-03-18,35.56,35.95,35.49,35.93,845506
2026-03-19,36,36.0399,35.81,36.01,402352
2026-03-20,35.86,35.96,35.79,35.81,88054
2026-03-23,35.73,35.77,35.62,35.73,208485
2026-03-24,35.8,36.015,35.76,35.91,145133
2026-03-25,35.78,36.065,35.78,36.02,60957
2026-03-26,35.99,36.26,35.9189,36.1961,170383
2026-03-27,36.35,36.47,36.17,36.35,677533
