2026-03-04,15.46,15.58,15.4199,15.56,7531595.233041
2026-03-05,15.7,15.92,15.655,15.8,17309913.865486
2026-03-06,16.275,16.48,16.24,16.38,17305070.5603
2026-03-09,16.93,17.07,15.86,16.19,22266187.174829
2026-03-10,16.43,16.465,15.845,16.44,16682214.958527
2026-03-11,16.51,16.78,16.29,16.76,9974245.147825
2026-03-12,17.145,17.25,16.98,17.21,13087704.858571
2026-03-13,17.02,17.19,16.96,17.13,12116948.708731
2026-03-16,17.08,17.13,16.84,16.9,7693171.097389
2026-03-17,17.11,17.18,17.03,17.17,6230358.006059
2026-03-18,17.29,17.47,17.23,17.46,14718831.084404
2026-03-19,17.36,17.4855,17.05,17.22,17979702.249237
2026-03-20,17.26,17.43,17.175,17.33,9341386.157326
2026-03-23,16.82,16.82,16.36,16.59,12849681
2026-03-24,16.84,16.99,16.77,16.88,7787099
2026-03-25,16.59,16.8756,16.5802,16.83,10838398
2026-03-26,17.03,17.15,16.98,17.02,7885280
2026-03-27,17.27,17.465,17.2201,17.4,7526882
2026-03-30,17.57,17.6,17.405,17.5,7760041
2026-03-31,17.5,17.55,17.22,17.32,21609621
2026-04-01,17.1,17.18,16.995,17.1,20003023
2026-04-02,17.6,17.605,17.32,17.52,15094243
