2026-04-22,7.82,8.1636,7.82,8.1636,778
2026-04-23,8.15,8.17,8.08,8.1388,5481
2026-04-24,7.81,8.1749,7.81,8.1547,1525
2026-04-27,8.14,8.17,8.14,8.145,1166
2026-04-28,8.08,8.09,8.08,8.09,855
2026-04-29,8.1,8.1,8.016,8.016,202
2026-05-01,8.04,8.15,8.04,8.1243,1135
2026-05-04,7.98,8.11,7.98,8.081,512
2026-05-05,8.01,8.1293,8.01,8.1293,4438
2026-05-06,8.15,8.195,7.9301,8.1877,11519
2026-05-07,8.26,8.26,8.2038,8.2038,107
2026-05-08,8.22,8.2658,8.01,8.2658,6021
2026-05-11,8.2101,8.22,8.2,8.2001,2801
2026-05-12,8.17,8.1956,8.17,8.1956,364
2026-05-13,8.1,8.1,8.0848,8.0848,380
2026-05-14,8.1,8.1059,8.1,8.1059,235
2026-05-15,8,8,7.9624,7.9624,2658
2026-05-18,7.93,7.93,7.9,7.9137,397
2026-05-19,7.9,7.9,7.82,7.8211,468
2026-05-20,7.82,7.8928,7.82,7.8928,1113
2026-05-21,7.8401,7.8701,7.8401,7.8585,1045
2026-05-22,7.71,7.9,7.71,7.8723,1839