2026-02-25,66.1609,66.1609,66.1609,66.1609,2
2026-02-26,66.0318,66.0318,66.0318,66.0318,6
2026-02-27,65.24,65.3796,65.24,65.3796,138
2026-03-02,65.7898,65.7898,65.7898,65.7898,2
2026-03-03,64.329,64.329,64.329,64.329,6
2026-03-04,64.4177,64.4177,64.4177,64.4177,4
2026-03-05,63.5644,63.5644,63.5644,63.5644,2
2026-03-06,61.9725,61.9725,61.9725,61.9725,3.14
2026-03-09,62.4181,62.4181,62.4181,62.4181,3.54
2026-03-10,62.3906,62.3906,62.3906,62.3906,6
2026-03-11,61.8211,61.8211,61.8211,61.8211,2
2026-03-12,60.633,60.633,60.633,60.633,2
2026-03-13,60.2838,60.2838,60.2838,60.2838,2
2026-03-16,60.9902,60.9902,60.9902,60.9902,3.02
2026-03-17,61.4908,61.4908,61.4908,61.4908,3
2026-03-18,60.6023,60.6023,60.6023,60.6023,5
2026-03-19,60.6059,60.6059,60.6059,60.6059,2
2026-03-20,59.4275,59.4275,59.4275,59.4275,2
2026-03-23,60.6882,60.6882,60.6882,60.6882,2
2026-03-24,61.3796,61.3796,61.3796,61.3796,2
2026-03-25,61.9711,61.9711,61.9711,61.9711,2
2026-03-26,60.7107,60.7107,60.7107,60.7107,2
2026-03-27,59.8939,59.8939,59.8939,59.8939,3
