2026-04-22,51.36,51.36,51.32,51.325,12197
2026-04-23,51.34,51.3498,51.26,51.26,23183
2026-04-24,51.3,51.35,51.27,51.335,11549
2026-04-27,51.32,51.3467,51.32,51.325,17476
2026-04-28,51.36,51.36,51.2707,51.295,10766
2026-04-29,51.34,51.34,51.205,51.215,8257
2026-04-30,51.08,51.1,51.06,51.0757,9387
2026-05-01,51.11,51.1908,51.11,51.1251,18547
2026-05-04,51.09,51.16,51.04,51.065,20533
2026-05-05,51.14,51.14,51.075,51.095,18420
2026-05-06,51.16,51.19,51.1498,51.19,24027
2026-05-07,51.24,51.2499,51.15,51.15,12710
2026-05-08,51.18,51.215,51.16,51.21,19366
2026-05-11,51.17,51.19,51.15,51.155,18525
2026-05-12,51.15,51.2,51.08,51.1,15619
2026-05-13,51.09,51.11,51.07,51.09,17726
2026-05-14,51.2,51.2,51.08,51.08,12258
2026-05-15,51.03,51.06,51.01,51.02,16291
2026-05-18,51.02,51.035,50.94,51.005,14232
2026-05-19,50.97,50.98,50.91,50.915,17933
2026-05-20,50.97,51.17,50.95,51.075,21269
2026-05-21,51.03,51.0999,51.02,51.09,19095
2026-05-22,51.0901,51.14,51.06,51.1,25076