2026-04-07,59.29,59.3,58.96,59.09,16021
2026-04-08,56.2,57.77,55.89,57.76,16525
2026-04-09,58.35,58.35,56.59,56.77,13879
2026-04-10,56.67,56.98,56.19,56.941,19264
2026-04-13,57.61,57.6999,56.77,56.88,9924
2026-04-14,56.29,56.29,55.52,55.78,13178
2026-04-15,55.71,56.31,55.5,56.11,10491
2026-04-16,56.83,57.07,56.8167,57.02,9098
2026-04-17,55.2,55.2,53.89,54.905,6708
2026-04-20,55.01,55.4613,55.01,55.09,54067
2026-04-21,55.798,56.04,55.5266,55.89,7701
2026-04-22,56.72,57.27,56.72,57.18,6834
2026-04-23,57.35,57.9801,57.35,57.92,1889
2026-04-24,59.9,59.9,54.52,58.1,2479
2026-04-27,58.23,58.895,58.23,58.47,24938
2026-04-28,59.02,59.2325,58.865,59.2325,9258
2026-04-29,59.96,60.78,59.94,60.78,23592
2026-04-30,60.07,61.34,60.07,61.26,11425
2026-05-01,60.91,60.95,60.4,60.83,10610
2026-05-04,60.87,61.89,60.65,61.89,21491
2026-05-05,61.86,62.24,61.731,61.97,16440
2026-05-06,59.95,60.01,59.171,59.171,6142
2026-05-07,58.25,58.25,57.15,58.04,2291
2026-05-08,57.93,58.71,57.665,58.71,3418