2026-04-22,53.4,53.575,53.275,53.57,5444004
2026-04-23,53.47,53.64,53.095,53.41,6458140
2026-04-24,53.76,53.99,53.625,53.96,8672174
2026-04-27,53.945,53.99,53.82,53.97,5467776
2026-04-28,53.67,53.78,53.525,53.7,5256732
2026-04-29,53.76,53.885,53.65,53.86,5252995
2026-04-30,54.06,54.22,53.72,54.15,5867472
2026-05-01,54.28,54.675,54.265,54.56,5203514
2026-05-04,54.6,54.75,54.2321,54.51,6856802
2026-05-05,54.85,55.08,54.805,54.99,5156553
2026-05-06,55.35,55.75,55.285,55.72,6053859
2026-05-07,55.8,56.02,55.54,55.71,6689457
2026-05-08,55.985,56.5,55.9701,56.5,5244400
2026-05-11,56.47,56.6699,56.4,56.59,5018096
2026-05-12,56.4,56.46,55.7803,56.32,7276543
2026-05-13,56.47,56.76,56.195,56.66,4475632
2026-05-14,56.69,57.005,56.655,56.93,4394848
2026-05-15,56.43,56.7,56.24,56.41,7214030
2026-05-18,56.57,56.58,55.975,56.34,10583212
2026-05-19,56.05,56.385,55.815,56.14,7819303
2026-05-20,55.7,56.06,55.59,56.04,6332235
2026-05-21,55.82,56.245,55.7793,56.14,6391621
2026-05-22,56.315,56.51,56.235,56.3,7498327