2026-02-25,131.0116,131.0116,129.57,130.21,4947
2026-02-26,131.21,131.89,130.31,131.89,2187
2026-02-27,130.1195,130.4526,129.78,130.4526,5878
2026-03-02,128.94,130.68,128.94,130.56,2362
2026-03-03,126.605,129.955,126.2,129.5467,3366
2026-03-04,129.44,131.05,129.44,130.58,7884
2026-03-05,130.11,130.21,128.34,128.9125,3646
2026-03-06,124.881,126.19,124.84,125.9,4317
2026-03-09,124.2,125.55,121.11,125.45,8485
2026-03-10,124.78,126.48,124.392,124.392,6658
2026-03-11,123.87,124.43,122.965,123.92,9828
2026-03-12,123.36,123.36,121.23,121.23,28763
2026-03-13,122.19,122.19,120.635,121.07,4549
2026-03-16,122,122.18,121.22,121.22,10368
2026-03-17,123.77,123.77,122.45,122.45,18412
2026-03-18,121.9457,122.43,120.89,120.89,1603
2026-03-19,119.54,121.3942,119.54,121.3942,4065
2026-03-20,120.72,120.72,119.27,119.549,7952
2026-03-23,121.37,123.45,121.37,122.5053,5317
2026-03-24,121.21,124.34,121.21,123.72,5521
2026-03-25,125.08,125.51,123.7344,125.2436,2910
2026-03-26,123.62,126.26,123.62,124.6967,4441
2026-03-27,124.28,124.28,122.5106,122.5106,3625
