2026-03-23,25.36,25.37,25.3,25.32,63623
2026-03-24,25.28,25.3,25.16,25.19,116668
2026-03-25,25.22,25.2299,25.2,25.21,20645
2026-03-26,25.22,25.22,25.14,25.153,57053
2026-03-27,25.13,25.15,25.1001,25.15,103432
2026-03-30,25.21,25.21,25.19,25.21,87006
2026-03-31,25.3,25.35,25.25,25.295,312922
2026-04-01,25.32,25.33,25.24,25.29,153844
2026-04-02,25.29,25.35,25.26,25.32,482385
2026-04-06,25.31,25.342,25.23,25.33,153623
2026-04-07,25.34,25.3502,25.31,25.35,45656
2026-04-08,25.53,25.53,25.405,25.42,78346
2026-04-09,25.42,25.49,25.42,25.472,66859
2026-04-10,25.51,25.51,25.43,25.46,101503
2026-04-13,25.46,25.48,25.42,25.48,101156
2026-04-14,25.5,25.5,25.45,25.475,89210
2026-04-15,25.49,25.49,25.39,25.47,63498
2026-04-16,25.48,25.49,25.47,25.48,56635
2026-04-17,25.55,25.56,25.52,25.54,41477
2026-04-20,25.54,25.57,25.51,25.56,92795
2026-04-21,25.55,25.56,25.52,25.55,178321