2026-04-02,10.16,10.355,10.06,10.31,14492477
2026-04-06,10.65,10.8351,10.6,10.705,22794111
2026-04-07,10.51,10.56,10.285,10.55,18292532
2026-04-08,11.4,11.4,10.92,11,9651604
2026-04-09,10.89,11.1318,10.77,11.1,16212407
2026-04-10,10.91,11.275,10.89,11.25,14166371
2026-04-13,10.91,11.325,10.895,11.299,12240867
2026-04-14,11.88,12.07,11.51,11.56,7282676
2026-04-15,11.65,11.92,11.57,11.87,6248173
2026-04-16,11.73,11.8,11.415,11.69,3380251
2026-04-17,11.75,12.32,11.75,12.14,1884321
2026-04-20,11.56,11.705,11.33,11.65,2234362
2026-04-21,11.56,11.64,11.42,11.47,1729587