2026-03-23,243.8,243.8,241.95,242.97,8462
2026-03-24,241.22,242.9,241.22,241.78,2031
2026-03-25,244.295,244.295,243.11,243.32,1391
2026-03-26,243.25,243.25,239.98,239.98,2882
2026-03-27,237.86,238.17,236.5,236.5,1176
2026-03-30,237.55,237.55,234.94,234.94,1668
2026-03-31,238.43,240.98,238.43,240.33,3907
2026-04-01,243.05,244.14,242.89,243.02,6930
2026-04-02,239.98,244.11,239.98,243.03,2462
2026-04-06,244.0101,244.3986,243.64,244.3986,4187
2026-04-07,242.56,259.21,242.56,250.63,2036
2026-04-08,250.86,250.86,249.81,250.28,1806
2026-04-09,249.9,252.24,249.9,251.92,700
2026-04-10,252,252,251.24,251.35,1215
2026-04-13,252.61,253.754,252.53,253.754,1543
2026-04-14,255.22,256.26,255.22,256.08,2340
2026-04-15,256.51,257.47,255.81,257.47,4694
2026-04-16,257.66,258.09,257.66,258.09,1971
2026-04-17,259.76,262.3,259.76,261.7,591
2026-04-20,261.18,261.48,261.18,261.48,1433
2026-04-21,261.58,261.58,260.06,260.06,2782