2026-02-25,22.8,22.82,22.44,22.795,19496
2026-02-26,22.64,22.775,22.56,22.77,11915
2026-02-27,22.73,22.86,22.72,22.85,10164
2026-03-02,22.95,23.03,22.8383,22.93,9695
2026-03-03,22.32,22.69,22.23,22.61,13765
2026-03-04,22.48,22.715,22.463,22.66,20425
2026-03-05,22.63,22.63,22.42,22.55,27509
2026-03-06,22.42,22.55,22.37,22.41,9044
2026-03-09,22.08,22.44,22.08,22.37,6847
2026-03-10,22.37,22.555,22.28,22.3,8997
2026-03-11,22.15,22.24,22.05,22.17,14861
2026-03-12,22.17,22.4,22.13,22.15,27248
2026-03-13,22.5,22.5,22.28,22.3317,7806
2026-03-16,22.51,22.51,22.38,22.4778,15026
2026-03-17,22.5,22.66,22.5,22.52,10821
2026-03-18,22.45,22.5567,22.39,22.41,38022
2026-03-19,22.24,22.58,22.24,22.57,17849
2026-03-20,22.34,22.34,21.625,21.7006,6807
2026-03-23,21.74,22.1053,21.74,21.9936,12843
2026-03-24,22.12,22.44,22.08,22.2,12017
2026-03-25,22.35,22.36,22.215,22.232,4552
2026-03-26,21.84,22.05,21.84,21.96,10019
2026-03-27,22.08,22.43,22.045,22.18,24227
