2026-02-25,25.21,25.34,25.18,25.305,163648
2026-02-26,25.28,25.32,25.03,25.2,174062
2026-02-27,25.06,25.13,24.949,25.13,310138
2026-03-02,24.71,25.19,24.71,25.11,333315
2026-03-03,24.43,24.66,24.21,24.59,782781
2026-03-04,24.75,24.85,24.58,24.775,265011
2026-03-05,24.71,24.78,24.445,24.68,243815
2026-03-06,24.33,24.435,24.2,24.34,280448
2026-03-09,24.07,24.49,23.93,24.4,381724
2026-03-10,24.39,24.54,24.15,24.23,442247
2026-03-11,24.23,24.36,24.125,24.2,171297
2026-03-12,24.1,24.1,23.87,23.91,217684
2026-03-13,24.01,24.11,23.715,23.79,209535
2026-03-16,23.9,24.07,23.88,24.04,144971
2026-03-17,24.05,24.1999,24.03,24.03,91821
2026-03-18,23.91,24.0244,23.72,23.72,127301
2026-03-19,23.61,23.77,23.5193,23.65,135630
2026-03-20,23.625,23.65,23.191,23.32,783861
2026-03-23,23.6,23.82,23.54,23.57,377600
2026-03-24,23.49,23.6266,23.4,23.53,174490
2026-03-25,23.69,23.7527,23.56,23.62,212367
2026-03-26,23.52,23.59,23.22,23.23,202063
2026-03-27,23.2,23.2,22.775,22.9,249121
