2026-03-23,67.745,67.745,67.33,67.33,1102
2026-03-24,66.43,67.09,66.43,67.09,200
2026-03-25,68.08,68.15,67.89,67.89,800
2026-03-26,67.25,67.38,66.78,66.81,1501
2026-03-27,66.67,66.67,66.44,66.44,205
2026-03-30,66.46,66.64,65.85,66.06,32144
2026-03-31,67.205,67.205,67.205,67.205,300
2026-04-01,69.31,69.715,69.08,69.08,642
2026-04-02,67.8,68.751,67.8,68.751,472
2026-04-06,68.9,69.17,68.9,69.085,545
2026-04-07,68.64,68.64,68.64,68.64,132
2026-04-08,72.06,72.06,71.43,71.48,3059
2026-04-09,70.49,71.3198,70.355,71.3198,1533
2026-04-10,71.58,71.58,71.44,71.53,1419
2026-04-13,70.45,70.73,70.38,70.73,300
2026-04-14,71.825,72.2,71.825,72.15,1485
2026-04-15,71.86,71.86,71.41,71.72,3859
2026-04-16,72.04,72.04,71.5299,71.71,1934
2026-04-17,72.61,72.8899,72.43,72.43,1677
2026-04-20,71.8,71.8,71.785,71.785,307
2026-04-21,71.63,71.63,70.77,70.93,4300