2026-03-04,25.9000,28.3000,24.7000,26.9000,692273
2026-03-05,26.3000,30.0000,26.0000,27.9000,619905
2026-03-06,26.1000,27.0000,24.8000,25.6000,448276
2026-03-09,25.7000,29.3000,25.4000,29.1000,617032
2026-03-10,29.1100,29.1100,25.7250,27.3493,45984
2026-03-11,27.9200,27.9200,24.8000,25.7100,18201
2026-03-12,25.7800,26.9500,24.2400,24.2600,19235
2026-03-13,25.1000,26.8400,23.3900,24.0245,29993
2026-03-16,24.8,25.58,24.21,25.02,18539.970956
2026-03-17,25.27,27.3238,25.27,25.9102,27304.89775
2026-03-18,25.11,26.66,24.64,24.64,9666.155
2026-03-19,23.7,24.9,22.2591,23.275,23839
2026-03-20,22.12,23.06,21.12,21.6002,16893.4
2026-03-23,22.62,22.671,21.93,22.05,7370
2026-03-24,20.87,21.56,20.3312,20.7707,11696
2026-03-25,21.94,21.94,19.54,20.1637,7538
2026-03-26,19.6,19.61,18.37,18.37,19592
2026-03-27,24.99,24.99,21,23.65,48600
2026-03-30,23.64,26.5,23.52,26.5,7131
2026-03-31,27,31.1287,27,29.8292,38584
2026-04-01,30.69,31.3,29.25,29.928,15525
2026-04-02,28.57,32.0,28.57,31.9222,16809
