2026-04-07,3.51,3.92,3.4,3.8,437513
2026-04-08,3.81,3.9099,3.6301,3.6725,487120
2026-04-09,3.61,3.77,3.53,3.67,262358
2026-04-10,3.71,3.8399,3.63,3.7493,224938
2026-04-13,3.59,3.89,3.5403,3.84,413661
2026-04-14,3.83,3.945,3.7,3.7578,579775
2026-04-15,3.75,4.02,3.7,3.9185,316397
2026-04-16,4.05,4.39,3.93,4.2681,456707
2026-04-17,4.17,4.6152,4.13,4.54,695431
2026-04-20,4.06,4.15,3.98,4.06,459331
2026-04-21,4.1,4.23,4,4.08,342449
2026-04-22,4.19,4.285,4.1003,4.11,495477
2026-04-23,4.04,4.2,3.96,4.15,287029
2026-04-24,4.1,4.205,4.07,4.1061,150496
2026-04-27,4.1418,4.2,3.82,3.92,554615
2026-04-28,3.83,3.92,3.725,3.78,519782
2026-04-29,3.86,3.95,3.6149,3.72,344546
2026-04-30,3.7,3.78,3.69,3.71,303211
2026-05-01,3.79,3.9,3.76,3.8002,199320
2026-05-04,3.98,4.01,3.83,3.86,257003
2026-05-05,3.91,4.02,3.89,3.97,376639
2026-05-06,4,4.21,3.96,4.05,457144
2026-05-07,4.01,4.03,3.77,3.82,457927
2026-05-08,3.82,4.0395,3.7748,4,413811