2026-04-22,23.12,23.23,23.12,23.23,1144
2026-04-23,22.64,22.64,22.48,22.5335,1815
2026-04-24,22.58,22.804,22.58,22.804,792
2026-04-27,22.76,22.8643,22.76,22.8643,462
2026-04-29,22.46,22.6663,22.46,22.6663,745
2026-05-01,22.995,23.23,22.995,23.1758,5314
2026-05-04,23.5,23.55,23.5,23.54,702
2026-05-06,23.85,23.87,23.85,23.87,1014
2026-05-07,24.2,24.2084,24.2,24.2084,440
2026-05-11,23.545,23.555,23.47,23.5114,1247
2026-05-12,23.38,23.38,23.3017,23.3017,458
2026-05-13,23.27,23.4566,23.27,23.4566,297
2026-05-14,23.77,23.77,23.7275,23.7275,419
2026-05-15,23.79,23.79,23.79,23.79,351
2026-05-18,23.83,23.9028,23.83,23.9028,380
2026-05-21,24.13,24.21,24.11,24.1796,807