2026-03-04,109.01,109.41,108.96,108.96,3261.855326
2026-03-05,108.06,108.06,107.27,107.54,1482.138982
2026-03-06,106.03,106.2373,105.54,106.2373,1646.005821
2026-03-09,105.65,106.94,104.09,106.82,7780.202956
2026-03-10,106.18,106.18,105.13,105.14,1053.062825
2026-03-11,104.89,104.98,104.35,104.9,16818.9251
2026-03-12,104.96,104.96,103.05,103.05,6415.892365
2026-03-13,103.43,103.87,102.72,103.49,1535.267048
2026-03-16,104.34,104.34,103.6299,103.6299,841.899515
2026-03-17,104.22,104.74,104.131,104.131,2016.9166
2026-03-18,103,103,102.7297,102.7297,20447.92009
2026-03-19,102.1,102.735,101.48,102.37,5099.1443
2026-03-20,101.27,101.71,100.75,100.75,1555.1372
2026-03-23,102.28,102.96,101.5,101.52,4788
2026-03-24,100.98,101.48,100.59,101.48,893
2026-03-25,102.39,102.39,101.55,101.71,32818
2026-03-26,101.06,101.96,100.82,100.885,42724
2026-03-27,100.55,100.55,98.15,98.36,25261
2026-03-30,99.29,99.29,99.29,99.29,229
2026-03-31,99.35,100.13,98.86,100.13,1202
2026-04-01,100.54,100.54,100.54,100.54,576
2026-04-02,100.81,101.13,100.81,101.13,703
