2026-04-07,38.05,38.05,38.03,38.03,330
2026-04-08,38.06,38.08,38.06,38.08,1866
2026-04-09,37.85,37.85,37.85,37.85,193
2026-04-10,38.24,38.24,38.24,38.24,548
2026-04-13,38.05,38.25,38.05,38.13,5265
2026-04-15,38.295,38.3784,38.295,38.3784,278
2026-04-16,38.16,38.16,38.16,38.16,100
2026-04-17,38.44,38.44,38.44,38.44,3933
2026-04-20,38.38,38.38,38.34,38.34,1395
2026-04-21,38.32,38.32,38.32,38.32,402
2026-04-22,38.29,38.29,38.29,38.29,268
2026-04-24,38.21,38.23,37.9,37.9001,13161
2026-04-27,38.29,38.29,38.12,38.185,2408
2026-04-28,38.1,38.1,38.1,38.1,100
2026-04-29,38.2899,38.2899,38.21,38.21,1469
2026-04-30,38.17,38.17,38.05,38.16,1756
2026-05-01,38.09,38.14,38.04,38.14,19762
2026-05-04,37.79,38.08,37.79,38.08,860
2026-05-05,37.9,37.9,37.9,37.9,1536
2026-05-06,38.13,38.26,38.13,38.26,220
2026-05-07,37.98,37.98,37,37.84,60267
2026-05-08,38.075,38.19,38.075,38.075,584