2026-02-25,181.76,183.49,181.545,181.58,31200
2026-02-26,181.99,182.245,177.12,177.89,22781
2026-02-27,180.16,184.02,179.83,184.02,18302
2026-03-02,187.23,193.0499,186.975,192.455,26906
2026-03-03,186.62,189.225,182.68,187.64,30097
2026-03-04,190.63,193.1699,188.7,192.62,71868
2026-03-05,189.68,190.43,185.5013,188.79,25007
2026-03-06,184.02,191.1216,182.1318,182.44,57550
2026-03-09,180.62,187.395,179.351,187.09,37396
2026-03-10,188.5,194.38,188.5,191.14,51717
2026-03-11,190.74,192.455,188.7754,191.43,19950
2026-03-12,188.77,189.37,184.96,185.8,46357
2026-03-13,187.07,188.98,183.9202,184.54,30813
2026-03-16,187.66,188.51,185.33,186.66,41606
2026-03-17,186.36,189.85,185.905,188.63,25613
2026-03-18,191.4812,192.83,188.12,188.12,38656
2026-03-19,185.65,194.8232,185.5,194.08,90383
2026-03-20,194.52,194.52,183.3,185.39,115524
2026-03-23,187.39,191.6599,186.685,191.05,56185
2026-03-24,190.9,196.5,190.75,194.2,103545
2026-03-25,196.42,199.76,196.42,197.37,92366
2026-03-26,195,196.1501,189.31,189.67,93058
2026-03-27,188.99,190.37,186.7,187.28,304348
