2026-04-22,34.82,34.825,34.74,34.825,1093
2026-04-23,34.77,34.85,34.67,34.7269,1655
2026-04-24,34.82,34.8771,34.82,34.8771,2240
2026-04-27,34.85,34.95,34.85,34.925,882
2026-04-28,34.79,34.9,34.79,34.865,979
2026-04-29,34.909,34.909,34.8411,34.8411,489
2026-04-30,35.08,35.08,35.04,35.04,634
2026-05-04,35.1201,35.14,35.02,35.04,1578
2026-05-05,35.2,35.2,35.1757,35.1757,1569
2026-05-06,35.335,35.41,35.3308,35.395,3415
2026-05-07,35.38,35.4,35.32,35.3463,11920
2026-05-08,35.35,35.445,35.35,35.445,480
2026-05-11,35.51,35.51,35.46,35.46,362
2026-05-12,35.44,35.445,35.44,35.445,1509
2026-05-13,35.49,35.55,35.471,35.5302,740
2026-05-14,35.51,35.66,35.51,35.64,471
2026-05-15,35.52,35.52,35.495,35.495,330
2026-05-18,35.56,35.56,35.385,35.54,1244
2026-05-19,35.48,35.5,35.44,35.44,833
2026-05-20,35.61,35.63,35.52,35.57,124582
2026-05-21,35.521,35.64,35.521,35.64,488
2026-05-22,35.77,35.77,35.68,35.68,2271